Reference_Name	Position	Coverage Depth	Consensus	Deletions	Ambiguous	Consensus_Count	Consensus_Average_Quality
A_HA_H1	1	982	A	0	0	982	20.1303462321792
A_HA_H1	2	986	T	0	0	986	19.4239350912779
A_HA_H1	3	988	G	0	0	986	17.9442190669371
A_HA_H1	4	998	A	0	0	994	17.7655935613682
A_HA_H1	5	1000	A	0	0	996	17.566265060241
A_HA_H1	6	998	G	2	0	993	17.5750251762336
A_HA_H1	7	999	G	1	0	999	18.6286286286286
A_HA_H1	8	997	C	3	0	995	18.1427135678392
A_HA_H1	9	1001	A	0	0	998	18.4018036072144
A_HA_H1	10	1001	A	0	0	996	18.5552208835341
A_HA_H1	11	1000	T	1	0	991	17.7114026236125
A_HA_H1	12	993	A	8	0	978	17.0869120654397
A_HA_H1	13	991	C	10	0	972	16.3446502057613
A_HA_H1	14	998	T	4	0	980	16.019387755102
A_HA_H1	15	999	A	3	0	967	15.17683557394
A_HA_H1	16	995	G	7	0	969	14.5335397316821
A_HA_H1	17	999	T	3	0	982	14.5112016293279
A_HA_H1	18	999	A	3	0	984	14.7560975609756
A_HA_H1	19	1001	G	1	0	990	14.7212121212121
A_HA_H1	20	1000	T	2	0	995	14.8472361809045
A_HA_H1	21	1001	T	1	0	992	15.0614919354839
A_HA_H1	22	1001	A	1	0	992	14.7570564516129
A_HA_H1	23	1000	T	2	0	998	15.1613226452906
A_HA_H1	24	999	G	3	0	998	15.7034068136273
A_HA_H1	25	995	C	7	0	994	15.8138832997988
A_HA_H1	26	994	T	8	0	981	17.4648318042813
A_HA_H1	27	996	G	6	0	985	17.2609137055838
A_HA_H1	28	989	T	13	0	978	16.7914110429448
A_HA_H1	29	1001	A	1	0	996	16.8112449799197
A_HA_H1	30	998	T	4	0	980	16.4173469387755
A_HA_H1	31	1000	A	2	0	993	16.7401812688822
A_HA_H1	32	996	C	6	0	989	17.2366026289181
A_HA_H1	33	993	A	9	0	989	17.3549039433771
A_HA_H1	34	979	T	23	0	972	18.0473251028807
A_HA_H1	35	998	T	4	0	992	18.0635080645161
A_HA_H1	36	992	T	10	0	984	18.625
A_HA_H1	37	974	A	28	0	968	18.7334710743802
A_HA_H1	38	977	C	25	0	965	18.9264248704663
A_HA_H1	39	969	A	33	0	960	17.996875
A_HA_H1	40	977	A	25	0	962	17.8440748440748
A_HA_H1	41	981	C	21	0	975	17.7969230769231
A_HA_H1	42	989	C	13	0	977	17.1862845445241
A_HA_H1	43	982	G	20	0	959	15.4410844629823
A_HA_H1	44	993	C	9	0	974	15.4630390143737
A_HA_H1	45	981	A	21	0	960	15.61875
A_HA_H1	46	1000	A	2	0	993	16.1329305135952
A_HA_H1	47	1001	A	1	0	995	19.7417085427136
A_HA_H1	48	1000	T	2	0	995	20.121608040201
A_HA_H1	49	998	G	4	0	988	19.0708502024291
A_HA_H1	50	999	C	3	0	981	19.5535168195719
A_HA_H1	51	999	A	3	0	990	19.2737373737374
A_HA_H1	52	993	G	9	0	969	18.2239422084623
A_HA_H1	53	1000	A	2	0	993	17.9264853977845
A_HA_H1	54	996	C	6	0	973	18.0277492291881
A_HA_H1	55	1002	A	0	0	996	18.2118473895582
A_HA_H1	56	1001	C	1	0	993	22.5065458207452
A_HA_H1	57	1000	A	2	0	996	20.1385542168675
A_HA_H1	58	997	T	5	0	988	19.4888663967611
A_HA_H1	59	1001	T	1	0	995	19.4231155778894
A_HA_H1	60	1002	A	0	0	1001	18.952047952048
A_HA_H1	61	1001	T	1	0	987	18.9756838905775
A_HA_H1	62	998	G	4	0	990	19.1353535353535
A_HA_H1	63	996	T	6	0	986	18.4330628803245
A_HA_H1	64	1000	A	2	0	996	18.1024096385542
A_HA_H1	65	999	T	3	0	980	17.3551020408163
A_HA_H1	66	1000	A	2	0	994	17.2062374245473
A_HA_H1	67	999	G	3	0	993	17.2648539778449
A_HA_H1	68	1001	G	1	0	996	17.4718875502008
A_HA_H1	69	1001	T	1	0	993	18.2980866062437
A_HA_H1	70	1001	T	1	0	986	18.8468559837728
A_HA_H1	71	1000	A	2	0	999	18.7707707707708
A_HA_H1	72	1000	T	2	0	996	19.0512048192771
A_HA_H1	73	999	C	3	0	969	18.5190918472652
A_HA_H1	74	999	A	3	0	995	18.0683417085427
A_HA_H1	75	997	T	5	0	992	18.0836693548387
A_HA_H1	76	998	G	4	0	990	18.5040404040404
A_HA_H1	77	995	C	7	0	962	18.0540540540541
A_HA_H1	78	990	G	12	0	934	15.3019271948608
A_HA_H1	79	981	A	21	0	959	14.4786235662148
A_HA_H1	80	992	A	10	0	982	14.8248472505092
A_HA_H1	81	979	C	23	0	927	14.6504854368932
A_HA_H1	82	997	A	5	0	962	17.9698544698545
A_HA_H1	83	1000	A	2	0	979	17.4964249233912
A_HA_H1	84	998	T	4	0	996	17.3895582329317
A_HA_H1	85	999	T	3	0	989	17.9555106167846
A_HA_H1	86	987	C	15	0	956	17.9142259414226
A_HA_H1	87	987	A	15	0	971	17.9124613800206
A_HA_H1	88	993	A	9	0	988	18.497975708502
A_HA_H1	89	996	C	6	0	972	18.8456790123457
A_HA_H1	90	999	A	3	0	995	18.7306532663317
A_HA_H1	91	997	G	5	0	984	18.4044715447154
A_HA_H1	92	998	A	4	0	994	18.2454728370221
A_HA_H1	93	1000	C	2	0	993	18.4733131923464
A_HA_H1	94	1000	A	2	0	999	18.4644644644645
A_HA_H1	95	995	C	7	0	993	19.4209466263847
A_HA_H1	96	997	T	5	0	993	19.7522658610272
A_HA_H1	97	997	G	5	0	992	19.5786290322581
A_HA_H1	98	1001	T	1	0	995	19.5005025125628
A_HA_H1	99	999	G	3	0	999	19.2352352352352
A_HA_H1	100	998	G	4	0	990	18.4393939393939
A_HA_H1	101	995	A	7	0	977	18.2118730808598
A_HA_H1	102	1000	C	2	0	991	18.2694248234107
A_HA_H1	103	1002	A	0	0	997	18.1334002006018
A_HA_H1	104	1001	C	1	0	996	20.6666666666667
A_HA_H1	105	1000	A	2	0	995	18.5537688442211
A_HA_H1	106	996	G	6	0	992	17.7368951612903
A_HA_H1	107	1000	T	2	0	991	16.3884964682139
A_HA_H1	108	1000	A	2	0	992	16.0947580645161
A_HA_H1	109	993	C	9	0	988	16.1234817813765
A_HA_H1	110	1000	T	2	0	994	15.7907444668008
A_HA_H1	111	986	A	16	0	978	16.2719836400818
A_HA_H1	112	986	G	16	0	972	16.1965020576132
A_HA_H1	113	977	A	25	0	964	16.4989626556017
A_HA_H1	114	996	A	6	0	993	17.6022155085599
A_HA_H1	115	999	A	3	0	996	18.2269076305221
A_HA_H1	116	1000	A	2	0	987	19.3282674772036
A_HA_H1	117	1001	G	1	0	990	18.5454545454545
A_HA_H1	118	997	A	5	0	993	18.0332326283988
A_HA_H1	119	1000	A	2	0	997	18.0591775325978
A_HA_H1	120	995	T	7	0	984	18.0345528455285
A_HA_H1	121	998	G	4	0	985	18.2690355329949
A_HA_H1	122	998	T	4	0	985	17.1451776649746
A_HA_H1	123	997	A	5	0	991	16.7981836528759
A_HA_H1	124	997	A	5	0	987	16.9007092198582
A_HA_H1	125	994	C	8	0	989	17.0141557128413
A_HA_H1	126	998	A	4	0	995	18.1668341708543
A_HA_H1	127	998	G	4	0	989	17.9908998988878
A_HA_H1	128	996	T	6	0	986	16.9675456389452
A_HA_H1	129	997	A	5	0	991	16.8597376387487
A_HA_H1	130	996	A	6	0	989	16.9191102123357
A_HA_H1	131	996	C	6	0	991	17.1493440968718
A_HA_H1	132	1002	A	0	0	999	18.2132132132132
A_HA_H1	133	1001	C	1	0	994	22.4567404426559
A_HA_H1	134	1000	A	2	0	994	22.2686116700201
A_HA_H1	135	995	C	7	0	990	19.1989898989899
A_HA_H1	136	997	T	5	0	991	18.2623612512614
A_HA_H1	137	995	C	7	0	981	18.4821610601427
A_HA_H1	138	999	T	3	0	995	18.8592964824121
A_HA_H1	139	1000	G	2	0	988	19.2570850202429
A_HA_H1	140	1000	T	2	0	990	18.789898989899
A_HA_H1	141	998	C	4	0	978	18.2893660531697
A_HA_H1	142	1000	A	2	0	992	17.6280241935484
A_HA_H1	143	1000	A	2	0	999	17.2562562562563
A_HA_H1	144	991	T	10	0	987	17.6058763931104
A_HA_H1	145	993	C	8	0	982	17.9032586558045
A_HA_H1	146	988	T	13	0	983	18.0233977619532
A_HA_H1	147	978	T	23	0	971	18.6776519052523
A_HA_H1	148	974	C	27	0	964	18.9865145228216
A_HA_H1	149	988	T	13	0	977	19.1811668372569
A_HA_H1	150	989	A	12	0	982	19.1670061099796
A_HA_H1	151	983	G	18	0	961	18.5972944849116
A_HA_H1	152	995	A	6	0	992	18.5604838709677
A_HA_H1	153	997	A	4	0	993	19.0030211480363
A_HA_H1	154	992	G	9	0	986	18.2576064908722
A_HA_H1	155	991	A	10	0	988	18.4048582995951
A_HA_H1	156	994	C	7	0	988	17.82995951417
A_HA_H1	157	991	A	10	0	986	17.4391480730223
A_HA_H1	158	1000	A	1	0	992	17.8125
A_HA_H1	159	1000	G	1	0	993	17.5971802618328
A_HA_H1	160	1000	C	1	0	996	17.9036144578313
A_HA_H1	161	1001	A	0	0	990	17.7383838383838
A_HA_H1	162	1001	T	0	0	996	16.1867469879518
A_HA_H1	163	999	A	2	0	996	16.1556224899598
A_HA_H1	164	1000	A	1	0	998	16.2775551102204
A_HA_H1	165	1001	C	0	0	994	16.4336016096579
A_HA_H1	166	980	G	20	0	966	15.9616977225673
A_HA_H1	167	990	G	10	0	974	15.8891170431211
A_HA_H1	168	981	A	19	0	974	16.0082135523614
A_HA_H1	169	996	A	4	0	988	16.8653846153846
A_HA_H1	170	999	A	1	0	990	19.7393939393939
A_HA_H1	171	997	A	3	0	978	20.2443762781186
A_HA_H1	172	995	C	4	0	981	19.4882772680938
A_HA_H1	173	993	T	6	0	984	18.7103658536585
A_HA_H1	174	988	A	11	0	974	17.6437371663244
A_HA_H1	175	986	T	13	0	981	17.072375127421
A_HA_H1	176	987	G	12	0	972	16.6913580246914
A_HA_H1	177	980	C	19	0	969	16.8689370485036
A_HA_H1	178	984	A	15	0	974	17.6540041067762
A_HA_H1	179	995	A	4	0	985	17.741116751269
A_HA_H1	180	995	A	4	0	986	18.2413793103448
A_HA_H1	181	993	C	6	0	973	18.2702980472765
A_HA_H1	182	994	T	5	0	978	17.8077709611452
A_HA_H1	183	930	A	69	0	914	17.0656455142232
A_HA_H1	184	961	A	38	0	957	16.2309299895507
A_HA_H1	185	985	G	14	0	971	15.8125643666323
A_HA_H1	186	986	A	13	0	980	16.469387755102
A_HA_H1	187	970	G	29	0	946	16.9059196617336
A_HA_H1	188	987	G	11	0	980	17.4734693877551
A_HA_H1	189	988	G	10	0	964	18.4751037344398
A_HA_H1	190	983	G	15	0	975	18.7907692307692
A_HA_H1	191	986	T	12	0	977	17.1791197543501
A_HA_H1	192	985	A	13	0	976	16.6649590163934
A_HA_H1	193	987	G	11	0	959	16.3774765380605
A_HA_H1	194	963	C	35	0	951	16.3249211356467
A_HA_H1	195	989	C	8	0	982	16.8054989816701
A_HA_H1	196	993	C	4	0	990	16.9313131313131
A_HA_H1	197	979	C	17	0	971	18.8815653964985
A_HA_H1	198	978	A	18	0	971	18.3820803295572
A_HA_H1	199	991	T	5	0	966	17.4316770186335
A_HA_H1	200	991	T	5	0	977	17.3418628454452
A_HA_H1	201	986	G	10	0	974	16.917864476386
A_HA_H1	202	990	C	6	0	984	17.3353658536585
A_HA_H1	203	991	A	5	0	985	18.0832487309645
A_HA_H1	204	989	T	7	0	975	17.6246153846154
A_HA_H1	205	991	T	5	0	984	17.8302845528455
A_HA_H1	206	988	T	8	0	980	18.1040816326531
A_HA_H1	207	976	G	20	0	962	18.2224532224532
A_HA_H1	208	991	G	5	0	986	18.6754563894523
A_HA_H1	209	993	G	3	0	983	18.7965412004069
A_HA_H1	210	994	T	2	0	986	18.4675456389452
A_HA_H1	211	991	C	5	0	957	18.8275862068966
A_HA_H1	212	993	A	3	0	977	18.6376663254862
A_HA_H1	213	993	A	3	0	986	18.237322515213
A_HA_H1	214	990	T	6	0	981	18.4046890927625
A_HA_H1	215	993	G	3	0	976	18.3370901639344
A_HA_H1	216	993	T	3	0	979	17.4320735444331
A_HA_H1	217	993	A	3	0	979	16.7395301327886
A_HA_H1	218	994	A	1	0	990	16.3828282828283
A_HA_H1	219	993	C	2	0	988	16.4423076923077
A_HA_H1	220	989	A	6	0	985	17.1583756345178
A_HA_H1	221	980	T	15	0	971	16.3161688980433
A_HA_H1	222	989	T	6	0	982	16.1741344195519
A_HA_H1	223	983	G	12	0	958	16.070981210856
A_HA_H1	224	992	C	3	0	986	16.1896551724138
A_HA_H1	225	992	T	3	0	985	17.8781725888325
A_HA_H1	226	989	G	6	0	969	17.3188854489164
A_HA_H1	227	993	G	2	0	984	17.1107723577236
A_HA_H1	228	990	C	5	0	982	17.2576374745418
A_HA_H1	229	993	T	2	0	989	17.5561172901921
A_HA_H1	230	988	G	7	0	975	18.1733333333333
A_HA_H1	231	992	G	3	0	982	18.0183299389002
A_HA_H1	232	992	A	3	0	984	17.6128048780488
A_HA_H1	233	992	T	3	0	988	17.1538461538462
A_HA_H1	234	976	C	19	0	970	17.3835051546392
A_HA_H1	235	989	C	6	0	984	17.8516260162602
A_HA_H1	236	989	T	6	0	985	18.3329949238579
A_HA_H1	237	952	G	43	0	945	19.7111111111111
A_HA_H1	238	992	G	3	0	986	19.3073022312373
A_HA_H1	239	990	G	5	0	967	18.6194415718718
A_HA_H1	240	985	A	10	0	976	19.2141393442623
A_HA_H1	241	994	A	1	0	983	18.5391658189217
A_HA_H1	242	991	A	3	0	969	17.9102167182663
A_HA_H1	243	990	T	3	0	985	17.610152284264
A_HA_H1	244	985	C	7	0	963	16.5472481827622
A_HA_H1	245	986	C	6	0	977	16.5783009211873
A_HA_H1	246	986	A	6	0	982	16.5733197556008
A_HA_H1	247	969	G	23	0	954	16.0272536687631
A_HA_H1	248	990	A	2	0	989	15.5490394337715
A_HA_H1	249	969	G	23	0	960	15.2114583333333
A_HA_H1	250	981	T	11	0	968	15.1012396694215
A_HA_H1	251	992	G	0	0	986	15.6977687626775
A_HA_H1	252	988	T	4	0	967	18.2668045501551
A_HA_H1	253	990	G	2	0	971	16.4850669412976
A_HA_H1	254	990	A	2	0	979	15.8804902962206
A_HA_H1	255	990	A	2	0	987	15.7659574468085
A_HA_H1	256	990	T	2	0	981	15.7319062181448
A_HA_H1	257	990	C	2	0	967	16.3329886246122
A_HA_H1	258	990	A	2	0	986	16.1937119675456
A_HA_H1	259	987	C	5	0	981	16.5912334352701
A_HA_H1	260	989	T	3	0	983	17.2126144455748
A_HA_H1	261	983	C	9	0	973	17.0719424460432
A_HA_H1	262	991	T	1	0	986	18.6805273833671
A_HA_H1	263	973	C	19	0	962	18.7047817047817
A_HA_H1	264	991	C	1	0	989	18.3569261880688
A_HA_H1	265	992	A	0	0	986	18.5628803245436
A_HA_H1	266	989	C	3	0	988	19.3431174089069
A_HA_H1	267	987	A	4	0	981	18.5677879714577
A_HA_H1	268	984	G	7	0	981	18.3843017329256
A_HA_H1	269	988	C	3	0	986	18.9381338742394
A_HA_H1	270	978	A	13	0	974	19.0616016427105
A_HA_H1	271	986	A	5	0	982	19.0285132382892
A_HA_H1	272	986	G	5	0	977	18.7441146366428
A_HA_H1	273	989	A	2	0	982	18.4480651731161
A_HA_H1	274	988	T	2	0	982	17.8930753564155
A_HA_H1	275	988	C	2	0	977	17.8198567041965
A_HA_H1	276	987	A	3	0	981	17.361875637105
A_HA_H1	277	987	T	3	0	985	17.2751269035533
A_HA_H1	278	985	G	5	0	961	17.2684703433923
A_HA_H1	279	984	G	6	0	982	16.6272912423625
A_HA_H1	280	982	T	8	0	964	16.451244813278
A_HA_H1	281	971	C	19	0	958	16.5250521920668
A_HA_H1	282	981	C	9	0	959	16.6579770594369
A_HA_H1	283	982	T	8	0	956	16.9497907949791
A_HA_H1	284	983	A	6	0	972	17.7705761316872
A_HA_H1	285	986	C	3	0	982	17.6771894093686
A_HA_H1	286	984	A	5	0	979	17.3524004085802
A_HA_H1	287	978	T	11	0	975	17.185641025641
A_HA_H1	288	982	T	7	0	977	17.3039918116684
A_HA_H1	289	985	G	4	0	975	17.1005128205128
A_HA_H1	290	986	T	3	0	985	17.6984771573604
A_HA_H1	291	982	G	7	0	979	18.6629213483146
A_HA_H1	292	984	G	5	0	977	18.4513817809621
A_HA_H1	293	970	A	19	0	953	19.1038824763903
A_HA_H1	294	985	A	4	0	980	20.2183673469388
A_HA_H1	295	986	A	3	0	983	19.76500508647
A_HA_H1	296	982	C	7	0	974	19.9948665297741
A_HA_H1	297	979	A	10	0	969	19.4705882352941
A_HA_H1	298	965	T	24	0	952	18.6838235294118
A_HA_H1	299	971	C	16	0	951	18.8222923238696
A_HA_H1	300	977	T	10	0	959	19.1647549530761
A_HA_H1	301	981	A	6	0	959	19.1105318039625
A_HA_H1	302	981	A	6	0	967	19.4136504653568
A_HA_H1	303	984	C	3	0	975	19.6051282051282
A_HA_H1	304	973	T	14	0	958	19.7536534446764
A_HA_H1	305	957	C	29	0	903	19.6367663344408
A_HA_H1	306	979	A	7	0	973	19.9188078108941
A_HA_H1	307	974	G	12	0	944	18.5995762711864
A_HA_H1	308	971	A	15	0	965	17.9958549222798
A_HA_H1	309	946	C	40	0	920	17.9923913043478
A_HA_H1	310	978	A	8	0	930	17.7677419354839
A_HA_H1	311	982	A	4	0	972	17.3703703703704
A_HA_H1	312	982	T	4	0	973	17.4234326824255
A_HA_H1	313	976	G	10	0	963	17.7050882658359
A_HA_H1	314	982	G	4	0	945	17.5449735449735
A_HA_H1	315	960	A	25	0	912	17.5
A_HA_H1	316	980	A	5	0	970	18.680412371134
A_HA_H1	317	981	C	4	0	952	17.8855042016807
A_HA_H1	318	948	T	37	0	926	18.3077753779698
A_HA_H1	319	981	T	2	0	966	18.2919254658385
A_HA_H1	320	980	G	3	0	972	17.8199588477366
A_HA_H1	321	975	T	8	0	970	17.1721649484536
A_HA_H1	322	980	T	3	0	971	17.2904222451081
A_HA_H1	323	967	A	15	0	954	16.6614255765199
A_HA_H1	324	957	C	25	0	952	16.9191176470588
A_HA_H1	325	979	C	3	0	975	17.454358974359
A_HA_H1	326	977	C	4	0	969	18.8493292053664
A_HA_H1	327	978	A	3	0	973	19.2497430626927
A_HA_H1	328	976	G	5	0	973	19.5159301130524
A_HA_H1	329	974	G	6	0	972	18.8528806584362
A_HA_H1	330	973	A	7	0	968	18.6807851239669
A_HA_H1	331	976	G	3	0	961	18.2632674297607
A_HA_H1	332	977	A	1	0	966	17.8302277432712
A_HA_H1	333	962	T	16	0	943	17.7730646871686
A_HA_H1	334	975	T	3	0	970	17.3340206185567
A_HA_H1	335	976	T	2	0	955	17.8890052356021
A_HA_H1	336	973	C	5	0	958	17.5469728601253
A_HA_H1	337	973	A	5	0	972	17.8199588477366
A_HA_H1	338	974	T	4	0	969	17.2683178534572
A_HA_H1	339	972	C	6	0	955	17.2649214659686
A_HA_H1	340	968	A	10	0	954	16.982180293501
A_HA_H1	341	977	A	1	0	966	16.8126293995859
A_HA_H1	342	977	T	1	0	967	17.0517063081696
A_HA_H1	343	974	T	4	0	965	17.299481865285
A_HA_H1	344	973	A	5	0	963	16.4496365524403
A_HA_H1	345	973	T	5	0	966	16.4813664596273
A_HA_H1	346	956	G	22	0	944	16.478813559322
A_HA_H1	347	956	A	22	0	953	16.4763903462749
A_HA_H1	348	959	G	19	0	958	17.4582463465553
A_HA_H1	349	972	G	6	0	970	17.6422680412371
A_HA_H1	350	969	A	9	0	964	17.7946058091286
A_HA_H1	351	974	G	4	0	970	18.0319587628866
A_HA_H1	352	974	C	4	0	964	18.0798755186722
A_HA_H1	353	976	T	2	0	965	17.4787564766839
A_HA_H1	354	898	A	80	0	892	17.195067264574
A_HA_H1	355	956	A	22	0	949	16.5879873551106
A_HA_H1	356	956	G	22	0	938	16.1023454157783
A_HA_H1	357	962	A	16	0	952	16.6733193277311
A_HA_H1	358	962	G	16	0	952	18.0640756302521
A_HA_H1	359	974	A	4	0	971	21.7476828012358
A_HA_H1	360	974	G	4	0	959	17.8456725755996
A_HA_H1	361	975	C	3	0	970	17.8659793814433
A_HA_H1	362	974	A	4	0	970	18.5309278350515
A_HA_H1	363	978	A	0	0	978	17.9734151329243
A_HA_H1	364	978	T	0	0	975	17.3712820512821
A_HA_H1	365	977	T	0	0	967	17.7849017580145
A_HA_H1	366	976	G	1	0	963	17.0425752855659
A_HA_H1	367	976	A	1	0	970	16.9989690721649
A_HA_H1	368	975	G	2	0	969	17.1764705882353
A_HA_H1	369	967	C	10	0	959	17.0510948905109
A_HA_H1	370	974	T	3	0	970	17.2556701030928
A_HA_H1	371	967	C	10	0	959	17.2586027111575
A_HA_H1	372	976	A	1	0	968	17.4473140495868
A_HA_H1	373	973	G	3	0	971	17.2070030895984
A_HA_H1	374	975	T	1	0	972	16.9722222222222
A_HA_H1	375	975	G	1	0	974	16.582135523614
A_HA_H1	376	974	T	1	0	964	15.7780082987552
A_HA_H1	377	974	C	1	0	959	15.533889468196
A_HA_H1	378	975	A	0	0	971	15.2070030895984
A_HA_H1	379	974	T	1	0	973	15.2158273381295
A_HA_H1	380	973	C	2	0	961	16.0853277835588
A_HA_H1	381	974	A	1	0	971	15.7662203913491
A_HA_H1	382	966	T	9	0	959	16.1355578727842
A_HA_H1	383	975	T	0	0	967	16.4436401240951
A_HA_H1	384	975	T	0	0	969	17.3168214654283
A_HA_H1	385	969	G	6	0	958	17.5083507306889
A_HA_H1	386	972	A	3	0	967	17.4705274043433
A_HA_H1	387	972	A	2	0	968	17.3202479338843
A_HA_H1	388	972	A	2	0	965	17.1150259067358
A_HA_H1	389	971	G	2	0	967	17.5563598759049
A_HA_H1	390	972	G	1	0	966	17.3447204968944
A_HA_H1	391	969	T	4	0	960	16.4447916666667
A_HA_H1	392	971	T	2	0	965	16.3626943005181
A_HA_H1	393	971	T	2	0	962	16.4553014553015
A_HA_H1	394	963	G	10	0	950	16.4073684210526
A_HA_H1	395	951	A	22	0	939	16.9201277955272
A_HA_H1	396	970	A	3	0	956	17.3127615062761
A_HA_H1	397	972	A	1	0	969	17.6233230134159
A_HA_H1	398	968	T	5	0	943	17.9544008483563
A_HA_H1	399	964	A	9	0	932	16.9484978540773
A_HA_H1	400	962	T	11	0	947	16.4846884899683
A_HA_H1	401	959	T	14	0	945	16.4497354497354
A_HA_H1	402	803	C	170	0	771	16.9260700389105
A_HA_H1	403	957	C	16	0	941	16.8289054197662
A_HA_H1	404	965	C	8	0	960	18.4322916666667
A_HA_H1	405	959	C	14	0	946	19.4989429175476
A_HA_H1	406	948	A	25	0	941	18.7321997874602
A_HA_H1	407	963	A	10	0	957	17.8725182863114
A_HA_H1	408	965	G	8	0	959	16.830031282586
A_HA_H1	409	953	A	20	0	949	16.6238145416228
A_HA_H1	410	961	C	12	0	951	16.198738170347
A_HA_H1	411	962	A	11	0	945	16.0751322751323
A_HA_H1	412	969	A	4	0	964	16.1701244813278
A_HA_H1	413	968	G	4	0	950	16.5852631578947
A_HA_H1	414	963	T	9	0	953	16.8761804826863
A_HA_H1	415	969	T	3	0	956	17.31589958159
A_HA_H1	416	971	C	1	0	957	17.4545454545455
A_HA_H1	417	972	A	0	0	966	17.592132505176
A_HA_H1	418	971	T	1	0	966	18.1086956521739
A_HA_H1	419	969	G	3	0	939	17.4387646432375
A_HA_H1	420	970	G	2	0	968	17.0826446280992
A_HA_H1	421	967	C	5	0	967	17.794208893485
A_HA_H1	422	966	C	5	0	963	18.4195223260644
A_HA_H1	423	964	T	7	0	958	18.5772442588726
A_HA_H1	424	965	A	6	0	952	17.7857142857143
A_HA_H1	425	967	A	4	0	959	17.1522419186653
A_HA_H1	426	966	T	5	0	953	16.7240293809024
A_HA_H1	427	965	C	6	0	932	16.9774678111588
A_HA_H1	428	966	A	5	0	952	16.4464285714286
A_HA_H1	429	967	T	4	0	957	16.1880877742947
A_HA_H1	430	963	G	8	0	945	16.0814814814815
A_HA_H1	431	964	A	7	0	957	16.0376175548589
A_HA_H1	432	962	C	8	0	956	17.1213389121339
A_HA_H1	433	966	T	4	0	960	17.3979166666667
A_HA_H1	434	949	C	21	0	921	17.1444082519001
A_HA_H1	435	959	G	11	0	947	15.0696937697994
A_HA_H1	436	958	G	11	0	952	14.9611344537815
A_HA_H1	437	961	A	8	0	958	14.7505219206681
A_HA_H1	438	962	C	7	0	957	15.1922675026123
A_HA_H1	439	965	A	4	0	955	16.7549738219895
A_HA_H1	440	968	A	1	0	963	16.4589823468328
A_HA_H1	441	968	T	1	0	959	16.6183524504692
A_HA_H1	442	963	G	5	0	952	16.9548319327731
A_HA_H1	443	965	G	3	0	961	17.0780437044745
A_HA_H1	444	962	T	6	0	950	17.7084210526316
A_HA_H1	445	964	G	4	0	953	17.9695697796432
A_HA_H1	446	960	T	8	0	948	16.5991561181435
A_HA_H1	447	958	A	9	0	953	16.5624344176285
A_HA_H1	448	957	A	10	0	953	16.6642182581322
A_HA_H1	449	954	C	13	0	933	16.6441586280815
A_HA_H1	450	960	G	7	0	921	16.5038002171553
A_HA_H1	451	957	G	10	0	953	16.6327387198321
A_HA_H1	452	946	C	21	0	937	16.812166488794
A_HA_H1	453	962	A	5	0	954	17.7421383647799
A_HA_H1	454	961	G	6	0	953	20.1332633788038
A_HA_H1	455	956	C	11	0	951	20.3880126182965
A_HA_H1	456	961	A	6	0	954	19.9129979035639
A_HA_H1	457	954	T	13	0	947	19.4403379091869
A_HA_H1	458	959	G	8	0	938	19.365671641791
A_HA_H1	459	964	T	3	0	958	18.4321503131524
A_HA_H1	460	961	C	6	0	952	18.2720588235294
A_HA_H1	461	958	C	9	0	953	18.4910807974816
A_HA_H1	462	959	T	8	0	950	18.8863157894737
A_HA_H1	463	958	C	9	0	904	18.6360619469027
A_HA_H1	464	962	A	5	0	889	18.1417322834646
A_HA_H1	465	960	C	7	0	951	17.0115667718191
A_HA_H1	466	958	G	9	0	903	16.3466223698782
A_HA_H1	467	957	C	10	0	953	15.99685204617
A_HA_H1	468	960	T	6	0	953	16.4302203567681
A_HA_H1	469	942	G	23	0	909	16.6039603960396
A_HA_H1	470	952	G	12	0	880	17.675
A_HA_H1	471	950	A	13	0	936	16.8194444444444
A_HA_H1	472	948	G	15	0	936	16.6463675213675
A_HA_H1	473	946	C	16	0	933	16.8831725616292
A_HA_H1	474	916	A	46	0	909	16.3124312431243
A_HA_H1	475	953	A	9	0	946	16.1501057082452
A_HA_H1	476	955	A	7	0	946	16.9524312896406
A_HA_H1	477	957	A	5	0	946	18.3953488372093
A_HA_H1	478	957	A	4	0	951	18.1692954784437
A_HA_H1	479	953	G	7	0	949	17.3234984193888
A_HA_H1	480	952	C	8	0	948	16.8660337552743
A_HA_H1	481	948	T	11	0	933	17.3547695605573
A_HA_H1	482	950	T	8	0	943	17.5620360551432
A_HA_H1	483	951	C	7	0	935	17.7133689839572
A_HA_H1	484	951	T	7	0	940	17.6659574468085
A_HA_H1	485	946	A	11	0	941	17.5504782146653
A_HA_H1	486	949	C	8	0	940	17.6234042553191
A_HA_H1	487	914	A	43	0	904	17.5896017699115
A_HA_H1	488	944	A	12	0	939	17.2438764643237
A_HA_H1	489	952	A	4	0	950	17.3894736842105
A_HA_H1	490	945	A	11	0	930	17.8849462365591
A_HA_H1	491	944	A	12	0	928	17.5592672413793
A_HA_H1	492	944	C	12	0	936	16.7232905982906
A_HA_H1	493	941	T	15	0	931	16.5649838882922
A_HA_H1	494	943	T	12	0	928	17.167025862069
A_HA_H1	495	940	G	15	0	924	17.0735930735931
A_HA_H1	496	943	A	12	0	937	17.119530416222
A_HA_H1	497	949	T	6	0	942	16.1815286624204
A_HA_H1	498	953	A	2	0	949	15.9831401475237
A_HA_H1	499	951	T	4	0	947	16.1974656810982
A_HA_H1	500	950	G	5	0	939	16.1735889243876
A_HA_H1	501	952	G	3	0	948	17.0907172995781
A_HA_H1	502	952	C	2	0	950	17.6768421052632
A_HA_H1	503	951	T	3	0	946	18.4196617336152
A_HA_H1	504	951	G	3	0	938	18.5842217484009
A_HA_H1	505	947	G	7	0	939	18.3556975505857
A_HA_H1	506	947	T	7	0	940	17.4478723404255
A_HA_H1	507	944	T	10	0	937	17.3724653148346
A_HA_H1	508	770	A	184	0	764	16.7840314136126
A_HA_H1	509	927	A	27	0	924	16.9372294372294
A_HA_H1	510	931	A	23	0	925	17.7902702702703
A_HA_H1	511	932	A	22	0	923	19.2708559046587
A_HA_H1	512	940	A	14	0	933	18.7063236870311
A_HA_H1	513	941	A	13	0	925	17.8637837837838
A_HA_H1	514	938	G	16	0	935	17.1657754010695
A_HA_H1	515	947	G	7	0	938	16.3049040511727
A_HA_H1	516	942	A	12	0	932	15.6523605150215
A_HA_H1	517	949	A	5	0	945	16.3640211640212
A_HA_H1	518	949	A	5	0	934	17.0235546038544
A_HA_H1	519	948	A	6	0	938	17.4850746268657
A_HA_H1	520	947	T	7	0	940	16.6904255319149
A_HA_H1	521	938	C	16	0	899	15.9488320355951
A_HA_H1	522	943	A	10	0	919	15.5984766050054
A_HA_H1	523	950	T	3	0	936	15.2873931623932
A_HA_H1	524	932	A	21	0	917	15.3860414394766
A_HA_H1	525	920	C	33	0	905	15.7049723756906
A_HA_H1	526	944	C	9	0	939	16.321618743344
A_HA_H1	527	944	C	9	0	931	17.843179377014
A_HA_H1	528	900	A	53	0	889	17.9055118110236
A_HA_H1	529	939	A	14	0	927	18.2384034519957
A_HA_H1	530	945	A	8	0	928	18.2543103448276
A_HA_H1	531	945	G	8	0	900	17.8577777777778
A_HA_H1	532	935	A	18	0	921	16.9880564603692
A_HA_H1	533	940	T	13	0	920	16.1445652173913
A_HA_H1	534	937	C	15	0	835	15.9053892215569
A_HA_H1	535	944	A	8	0	913	15.4490690032859
A_HA_H1	536	943	A	9	0	922	15.5086767895879
A_HA_H1	537	935	C	16	0	911	16.3940724478595
A_HA_H1	538	937	C	13	0	920	16.9902173913043
A_HA_H1	539	938	A	12	0	926	17.3736501079914
A_HA_H1	540	940	A	10	0	936	18.090811965812
A_HA_H1	541	940	A	10	0	928	18.5075431034483
A_HA_H1	542	936	C	14	0	913	18.2552026286966
A_HA_H1	543	944	C	6	0	924	18.2077922077922
A_HA_H1	544	942	T	8	0	928	18.051724137931
A_HA_H1	545	937	A	13	0	921	17.628664495114
A_HA_H1	546	940	C	10	0	931	17.6176154672395
A_HA_H1	547	946	A	5	0	938	16.9680170575693
A_HA_H1	548	939	T	12	0	927	16.1542610571737
A_HA_H1	549	943	T	8	0	927	15.6623516720604
A_HA_H1	550	942	A	9	0	932	15.200643776824
A_HA_H1	551	945	A	6	0	937	15.3276414087513
A_HA_H1	552	945	T	6	0	930	15.8903225806452
A_HA_H1	553	943	G	8	0	931	15.8378088077336
A_HA_H1	554	945	A	6	0	935	15.655614973262
A_HA_H1	555	945	T	6	0	934	15.2184154175589
A_HA_H1	556	822	A	129	0	809	15.0877626699629
A_HA_H1	557	942	A	9	0	935	15.4213903743316
A_HA_H1	558	929	A	22	0	908	16.2312775330396
A_HA_H1	559	879	G	71	0	867	17.9469434832757
A_HA_H1	560	938	G	12	0	926	18.2354211663067
A_HA_H1	561	927	G	22	0	871	17.2468427095293
A_HA_H1	562	895	A	54	0	861	17.7758420441347
A_HA_H1	563	938	A	11	0	925	17.7837837837838
A_HA_H1	564	941	A	8	0	882	17.5022675736961
A_HA_H1	565	937	G	12	0	834	17.6342925659472
A_HA_H1	566	926	A	23	0	897	16.7692307692308
A_HA_H1	567	904	A	45	0	889	16.4015748031496
A_HA_H1	568	862	G	87	0	788	16.3604060913706
A_HA_H1	569	922	T	26	0	885	14.7197740112994
A_HA_H1	570	915	C	33	0	894	14.6890380313199
A_HA_H1	571	924	C	24	0	899	15.3092324805339
A_HA_H1	572	928	T	20	0	912	16.2554824561403
A_HA_H1	573	936	C	12	0	843	16.4282325029656
A_HA_H1	574	938	G	9	0	927	14.5760517799353
A_HA_H1	575	941	T	6	0	929	14.7330462863294
A_HA_H1	576	941	G	6	0	938	15.2825159914712
A_HA_H1	577	939	C	8	0	934	16.1916488222698
A_HA_H1	578	937	T	10	0	925	19.1448648648649
A_HA_H1	579	938	G	9	0	925	18.9416216216216
A_HA_H1	580	942	T	5	0	935	18.5208556149733
A_HA_H1	581	881	G	66	0	862	17.9640371229698
A_HA_H1	582	938	G	9	0	927	17.3376483279396
A_HA_H1	583	942	G	3	0	929	17.3175457481163
A_HA_H1	584	942	G	2	0	923	18.1657638136511
A_HA_H1	585	942	C	2	0	923	17.4355362946912
A_HA_H1	586	942	A	2	0	924	17.3300865800866
A_HA_H1	587	930	T	14	0	918	16.5
A_HA_H1	588	936	T	8	0	905	16.2088397790055
A_HA_H1	589	935	C	9	0	916	15.9727074235808
A_HA_H1	590	939	A	5	0	933	15.908896034298
A_HA_H1	591	933	C	11	0	922	17.1431670281996
A_HA_H1	592	938	C	6	0	925	17.8043243243243
A_HA_H1	593	938	A	5	0	919	17.2198041349293
A_HA_H1	594	931	T	12	0	902	17.169623059867
A_HA_H1	595	924	C	18	0	915	17.1027322404372
A_HA_H1	596	927	C	15	0	911	17.2952799121844
A_HA_H1	597	930	A	12	0	924	17.7207792207792
A_HA_H1	598	924	C	17	0	912	19.5526315789474
A_HA_H1	599	936	C	5	0	932	19.1459227467811
A_HA_H1	600	933	C	7	0	916	19.3897379912664
A_HA_H1	601	931	A	9	0	927	19.38619201726
A_HA_H1	602	931	C	8	0	925	19.4713513513514
A_HA_H1	603	923	T	16	0	904	18.0696902654867
A_HA_H1	604	927	A	12	0	916	17.2609170305677
A_HA_H1	605	921	T	18	0	917	16.4176663031625
A_HA_H1	606	927	T	12	0	911	15.9341383095499
A_HA_H1	607	929	A	9	0	919	15.6169749727965
A_HA_H1	608	927	C	11	0	924	15.7132034632035
A_HA_H1	609	931	T	7	0	921	16.4353963083605
A_HA_H1	610	917	G	21	0	901	16.5049944506104
A_HA_H1	611	933	A	5	0	923	16.6717226435536
A_HA_H1	612	927	C	10	0	914	17.0962800875274
A_HA_H1	613	928	C	9	0	915	17.0743169398907
A_HA_H1	614	910	A	27	0	900	17.4822222222222
A_HA_H1	615	916	A	21	0	911	18.2480790340285
A_HA_H1	616	907	G	30	0	884	17.8144796380091
A_HA_H1	617	918	A	19	0	891	17.7564534231201
A_HA_H1	618	927	A	10	0	915	17.9781420765027
A_HA_H1	619	925	A	12	0	916	18.0185589519651
A_HA_H1	620	916	G	21	0	895	17.995530726257
A_HA_H1	621	905	T	31	0	891	17.2109988776655
A_HA_H1	622	917	C	19	0	906	17.0551876379691
A_HA_H1	623	919	T	17	0	914	17.0010940919037
A_HA_H1	624	913	C	22	0	899	17.6028921023359
A_HA_H1	625	899	T	36	0	895	17.9195530726257
A_HA_H1	626	929	A	6	0	924	16.2781385281385
A_HA_H1	627	932	T	3	0	927	15.5059331175836
A_HA_H1	628	926	C	9	0	908	15.5418502202643
A_HA_H1	629	927	A	8	0	914	15.4485776805252
A_HA_H1	630	927	G	8	0	916	15.1200873362445
A_HA_H1	631	924	A	11	0	920	15.7032608695652
A_HA_H1	632	933	A	1	0	926	15.6274298056156
A_HA_H1	633	933	T	1	0	930	15.6204301075269
A_HA_H1	634	931	G	3	0	922	16.2624728850325
A_HA_H1	635	920	C	13	0	913	16.8335158817087
A_HA_H1	636	927	A	5	0	921	17.1346362649294
A_HA_H1	637	921	G	11	0	914	17.0229759299781
A_HA_H1	638	925	A	6	0	920	16.7586956521739
A_HA_H1	639	926	T	4	0	919	16.7899891186072
A_HA_H1	640	926	G	4	0	923	16.9837486457205
A_HA_H1	641	922	C	8	0	907	17.8081587651599
A_HA_H1	642	924	A	6	0	918	18.2886710239651
A_HA_H1	643	924	T	5	0	914	17.4540481400438
A_HA_H1	644	925	A	4	0	917	17.1875681570338
A_HA_H1	645	925	T	4	0	903	17.0420819490587
A_HA_H1	646	926	G	3	0	924	17.2132034632035
A_HA_H1	647	886	T	43	0	881	17.9330306469921
A_HA_H1	648	917	T	12	0	904	18.4911504424779
A_HA_H1	649	926	T	3	0	918	18.822440087146
A_HA_H1	650	924	T	5	0	915	19.9748633879781
A_HA_H1	651	917	T	12	0	910	20.4582417582418
A_HA_H1	652	914	G	14	0	907	19.5622932745314
A_HA_H1	653	920	T	8	0	914	19.4113785557987
A_HA_H1	654	888	G	40	0	884	19.3382352941176
A_HA_H1	655	913	G	15	0	904	18.9778761061947
A_HA_H1	656	923	G	5	0	919	19.4232861806311
A_HA_H1	657	918	G	10	0	906	20.0187637969095
A_HA_H1	658	919	A	9	0	915	19.6196721311475
A_HA_H1	659	925	C	3	0	913	19.2146768893757
A_HA_H1	660	923	A	3	0	917	18.340239912759
A_HA_H1	661	922	T	4	0	919	17.7051142546246
A_HA_H1	662	901	C	24	0	882	17.3333333333333
A_HA_H1	663	900	A	25	0	879	17.3151308304892
A_HA_H1	664	916	A	9	0	890	16.9089887640449
A_HA_H1	665	910	G	15	0	854	17.3021077283372
A_HA_H1	666	897	A	27	0	887	17.9301014656144
A_HA_H1	667	907	T	17	0	871	16.6808266360505
A_HA_H1	668	909	A	15	0	890	16.7292134831461
A_HA_H1	669	902	C	22	0	883	16.9898074745187
A_HA_H1	670	915	A	9	0	895	16.7631284916201
A_HA_H1	671	913	G	9	0	910	17.2010989010989
A_HA_H1	672	912	C	10	0	904	17.4690265486726
A_HA_H1	673	895	A	27	0	887	17.9650507328072
A_HA_H1	674	904	A	18	0	897	17.5429208472687
A_HA_H1	675	902	G	20	0	885	17.4587570621469
A_HA_H1	676	904	A	18	0	890	17.2213483146067
A_HA_H1	677	915	A	7	0	896	17.1316964285714
A_HA_H1	678	913	G	9	0	883	16.4462061155153
A_HA_H1	679	915	T	7	0	898	15.9387527839644
A_HA_H1	680	912	T	10	0	905	15.7801104972376
A_HA_H1	681	907	C	15	0	870	15.3908045977012
A_HA_H1	682	909	A	13	0	897	15.4024526198439
A_HA_H1	683	915	A	7	0	907	15.5821389195149
A_HA_H1	684	912	G	10	0	902	15.7339246119734
A_HA_H1	685	907	C	15	0	897	16.1505016722408
A_HA_H1	686	918	C	4	0	884	16.0690045248869
A_HA_H1	687	911	G	10	0	907	14.8423373759647
A_HA_H1	688	915	G	6	0	910	15.2516483516484
A_HA_H1	689	912	A	9	0	899	15.1679644048943
A_HA_H1	690	915	A	6	0	905	16.5049723756906
A_HA_H1	691	918	A	3	0	914	18.2932166301969
A_HA_H1	692	915	T	6	0	903	16.8660022148394
A_HA_H1	693	912	A	9	0	904	16.2035398230088
A_HA_H1	694	912	G	9	0	901	15.9489456159822
A_HA_H1	695	916	C	5	0	904	16.1769911504425
A_HA_H1	696	917	A	4	0	912	16.9967105263158
A_HA_H1	697	917	A	4	0	909	16.7964796479648
A_HA_H1	698	919	C	2	0	915	17.0568306010929
A_HA_H1	699	912	A	9	0	908	17.0011013215859
A_HA_H1	700	917	A	4	0	914	16.7297592997812
A_HA_H1	701	910	G	11	0	896	16.2388392857143
A_HA_H1	702	914	A	7	0	910	16.2076923076923
A_HA_H1	703	907	C	14	0	902	16.5886917960089
A_HA_H1	704	919	C	2	0	913	16.8017524644031
A_HA_H1	705	919	C	2	0	911	17.8166849615807
A_HA_H1	706	908	A	13	0	905	18.5204419889503
A_HA_H1	707	917	A	4	0	908	18.5407488986784
A_HA_H1	708	919	A	2	0	912	18.9857456140351
A_HA_H1	709	917	G	4	0	915	18.751912568306
A_HA_H1	710	916	T	5	0	903	18.2691029900332
A_HA_H1	711	916	G	5	0	904	17.7134955752212
A_HA_H1	712	919	A	2	0	914	17.4190371991247
A_HA_H1	713	902	G	19	0	892	17.6087443946188
A_HA_H1	714	913	G	8	0	899	17.1813125695217
A_HA_H1	715	917	G	4	0	903	16.7751937984496
A_HA_H1	716	917	A	4	0	907	16.6846747519294
A_HA_H1	717	918	T	3	0	915	16.0065573770492
A_HA_H1	718	894	C	27	0	866	15.9607390300231
A_HA_H1	719	1148	A	20	0	1133	17.3468667255075
A_HA_H1	720	1162	A	7	0	1157	17.4312878133103
A_HA_H1	721	1165	G	6	0	1161	17.4048234280792
A_HA_H1	722	1158	C	13	0	1151	17.9713292788879
A_HA_H1	723	1153	A	20	0	1146	18.3979057591623
A_HA_H1	724	1104	G	70	0	1093	18.8517840805124
A_HA_H1	725	1168	G	8	0	1163	18.6921754084265
A_HA_H1	726	1165	G	11	0	1151	18.5343179843614
A_HA_H1	727	1164	A	12	0	1158	19.1010362694301
A_HA_H1	728	1161	G	15	0	1146	19.2661431064572
A_HA_H1	729	1159	A	17	0	1151	19.364900086881
A_HA_H1	730	1173	A	3	0	1161	19.2678725236865
A_HA_H1	731	1174	T	2	0	1159	18.7661777394305
A_HA_H1	732	1173	G	3	0	1130	18.1681415929204
A_HA_H1	733	1169	A	8	0	1158	17.7702936096718
A_HA_H1	734	1171	A	6	0	1157	17.7597234226448
A_HA_H1	735	1169	C	8	0	1143	18.1154855643045
A_HA_H1	736	1165	T	12	0	1137	19.0967458223395
A_HA_H1	737	1170	A	7	0	1165	18.4515021459227
A_HA_H1	738	1168	T	9	0	1156	18.0043252595156
A_HA_H1	739	1172	T	5	0	1159	17.8792062122519
A_HA_H1	740	1161	A	16	0	1145	17.6943231441048
A_HA_H1	741	1168	C	8	0	1162	17.5817555938038
A_HA_H1	742	1173	T	3	0	1169	18.5808383233533
A_HA_H1	743	1166	G	10	0	1158	18.5906735751295
A_HA_H1	744	1169	G	7	0	1154	18.7876949740035
A_HA_H1	745	1168	A	8	0	1161	19.2394487510767
A_HA_H1	746	1169	C	7	0	1140	19.3008771929825
A_HA_H1	747	1171	A	5	0	1153	17.8048568950564
A_HA_H1	748	1169	C	7	0	1144	18.0367132867133
A_HA_H1	749	1166	T	10	0	1142	17.5008756567426
A_HA_H1	750	1166	A	10	0	1083	16.1652816251154
A_HA_H1	751	1168	G	8	0	1161	15.6744186046512
A_HA_H1	752	1160	T	16	0	1126	15.3889875666075
A_HA_H1	753	1158	A	18	0	1107	15.7524841915086
A_HA_H1	754	1153	G	23	0	1093	15.9387008234218
A_HA_H1	755	1160	A	16	0	1148	15.780487804878
A_HA_H1	756	1168	A	8	0	1163	16.4651762682717
A_HA_H1	757	1159	C	17	0	1150	16.724347826087
A_HA_H1	758	1163	C	13	0	1140	18.1070175438596
A_HA_H1	759	1031	G	142	0	1004	17.253984063745
A_HA_H1	760	1152	G	21	0	1148	17.5209059233449
A_HA_H1	761	1147	G	26	0	1120	17.6553571428571
A_HA_H1	762	1154	A	19	0	1146	18.6815008726003
A_HA_H1	763	1144	G	29	0	1122	19.9251336898396
A_HA_H1	764	1149	A	24	0	1145	19.5519650655022
A_HA_H1	765	1148	C	26	0	1123	19.5289403383793
A_HA_H1	766	1120	A	54	0	1092	19.4679487179487
A_HA_H1	767	1162	A	12	0	1149	20.0583115752829
A_HA_H1	768	1164	A	10	0	1152	20.9921875
A_HA_H1	769	1163	A	11	0	1133	22.5798764342454
A_HA_H1	770	1161	T	13	0	1092	20.6456043956044
A_HA_H1	771	1161	A	13	0	1137	19.2911169744943
A_HA_H1	772	1165	A	9	0	1153	19.0164787510841
A_HA_H1	773	1165	C	9	0	1139	18.9271290605795
A_HA_H1	774	1166	A	8	0	1158	19.5060449050086
A_HA_H1	775	1163	T	11	0	1153	19.3712055507372
A_HA_H1	776	1169	T	5	0	1158	19.1977547495682
A_HA_H1	777	1141	C	33	0	1054	18.5825426944972
A_HA_H1	778	1165	G	9	0	1133	16.9426301853486
A_HA_H1	779	1167	A	7	0	1147	16.8238884045336
A_HA_H1	780	1167	A	7	0	1159	16.7989646246764
A_HA_H1	781	1165	G	9	0	1157	17.4926534140017
A_HA_H1	782	1163	C	11	0	1149	19.5874673629243
A_HA_H1	783	1168	A	6	0	1159	19.2536669542709
A_HA_H1	784	1170	A	4	0	1165	19.0394849785408
A_HA_H1	785	1170	C	4	0	1157	19.6784788245462
A_HA_H1	786	1166	T	8	0	1157	19.9006050129646
A_HA_H1	787	1159	G	14	0	1155	19.9818181818182
A_HA_H1	788	1167	G	6	0	1160	19.9155172413793
A_HA_H1	789	1153	T	20	0	1129	19.1098317094774
A_HA_H1	790	1154	A	19	0	1134	17.8589065255732
A_HA_H1	791	1159	A	14	0	1138	17.2003514938489
A_HA_H1	792	1155	T	18	0	1134	17.342151675485
A_HA_H1	793	1160	C	13	0	1121	17.4041034790366
A_HA_H1	794	1150	T	22	0	1112	17.8030575539568
A_HA_H1	795	1161	A	11	0	1124	17.6183274021352
A_HA_H1	796	1164	G	8	0	1137	17.6174142480211
A_HA_H1	797	1166	T	6	0	1148	17.743031358885
A_HA_H1	798	1160	G	12	0	1151	17.8523023457863
A_HA_H1	799	1158	G	14	0	1140	18.6982456140351
A_HA_H1	800	1157	C	15	0	1153	19.5810928013877
A_HA_H1	801	1168	A	4	0	1160	19.9189655172414
A_HA_H1	802	1158	C	14	0	1139	20.6461808604039
A_HA_H1	803	1162	C	10	0	1122	19.1283422459893
A_HA_H1	804	1143	G	29	0	1074	17.5642458100559
A_HA_H1	805	1161	A	11	0	1138	17.4947275922671
A_HA_H1	806	1161	G	11	0	1134	17.4400352733686
A_HA_H1	807	1159	A	13	0	1151	18.6333622936577
A_HA_H1	808	1163	T	9	0	1142	19.5472854640981
A_HA_H1	809	1168	A	4	0	1149	19.3342036553525
A_HA_H1	810	1169	T	3	0	1149	19.6832027850305
A_HA_H1	811	1169	G	3	0	1155	19.4051948051948
A_HA_H1	812	1166	C	6	0	1153	20.2766695576756
A_HA_H1	813	1170	A	2	0	1161	20.2833763996555
A_HA_H1	814	1163	T	9	0	1155	20.425974025974
A_HA_H1	815	1170	T	2	0	1159	20.2200172562554
A_HA_H1	816	1166	C	6	0	1146	19.7766143106457
A_HA_H1	817	1167	A	5	0	1147	20.1255448997384
A_HA_H1	818	1168	C	3	0	1162	21.0034423407917
A_HA_H1	819	1165	A	6	0	1161	20.2833763996555
A_HA_H1	820	1167	A	4	0	1166	20.1492281303602
A_HA_H1	821	1168	T	3	0	1163	20.6173688736028
A_HA_H1	822	1141	G	30	0	1134	19.9153439153439
A_HA_H1	823	1152	G	19	0	1140	19.5008771929825
A_HA_H1	824	1076	A	95	0	1059	19.4636449480642
A_HA_H1	825	1125	A	46	0	1118	20.4579606440072
A_HA_H1	826	1146	A	25	0	1136	20.6153169014085
A_HA_H1	827	1164	A	7	0	1153	22.1179531656548
A_HA_H1	828	1169	A	2	0	1154	21.9514731369151
A_HA_H1	829	1165	G	6	0	1128	21.4937943262411
A_HA_H1	830	1168	A	3	0	1159	20.8170836928387
A_HA_H1	831	1168	T	3	0	1159	20.6134598792062
A_HA_H1	832	1164	G	7	0	1143	20.4794400699913
A_HA_H1	833	1160	C	11	0	1143	20.5791776027996
A_HA_H1	834	1167	T	4	0	1159	20.962899050906
A_HA_H1	835	1148	G	23	0	1134	21.4559082892416
A_HA_H1	836	1162	G	9	0	1133	21.198587819947
A_HA_H1	837	1167	A	4	0	1164	21.1159793814433
A_HA_H1	838	1166	T	5	0	1160	20.6379310344828
A_HA_H1	839	1155	C	16	0	1124	20.3674377224199
A_HA_H1	840	1162	T	9	0	1157	20.5090751944685
A_HA_H1	841	1158	G	13	0	1154	20.5181975736568
A_HA_H1	842	1163	G	8	0	1156	20.3797577854671
A_HA_H1	843	1160	T	11	0	1099	20.3530482256597
A_HA_H1	844	1167	A	4	0	1150	19.9582608695652
A_HA_H1	845	1166	T	5	0	1150	19.2173913043478
A_HA_H1	846	1165	T	6	0	1108	19.3763537906137
A_HA_H1	847	1165	A	6	0	1151	19.2606429192007
A_HA_H1	848	1161	T	10	0	1150	19.1147826086957
A_HA_H1	849	1166	C	5	0	1141	19.1516213847502
A_HA_H1	850	1168	A	3	0	1157	18.723422644771
A_HA_H1	851	1161	T	10	0	1140	19.1078947368421
A_HA_H1	852	1167	T	4	0	1160	19.5344827586207
A_HA_H1	853	1165	T	6	0	1151	20.4813205907906
A_HA_H1	854	1160	C	11	0	1124	20.876334519573
A_HA_H1	855	1163	A	8	0	1144	20.8444055944056
A_HA_H1	856	1155	G	16	0	1134	21.3624338624339
A_HA_H1	857	1159	A	12	0	1156	20.9809688581315
A_HA_H1	858	1161	T	10	0	1155	20.4562770562771
A_HA_H1	859	1163	A	8	0	1150	20.2817391304348
A_HA_H1	860	1162	C	9	0	1152	20.4722222222222
A_HA_H1	861	1165	A	6	0	1152	20.6180555555556
A_HA_H1	862	1156	C	15	0	1145	22.0227074235808
A_HA_H1	863	1166	C	5	0	1146	21.5279232111693
A_HA_H1	864	1146	A	24	0	1132	20.9770318021201
A_HA_H1	865	1160	G	10	0	1148	20.76393728223
A_HA_H1	866	1164	T	6	0	1153	20.5507372072853
A_HA_H1	867	1159	C	11	0	1147	20.6730601569311
A_HA_H1	868	1168	C	2	0	1141	20.9298860648554
A_HA_H1	869	1166	A	4	0	1152	21.2074652777778
A_HA_H1	870	1167	T	3	0	1160	23.2586206896552
A_HA_H1	871	1166	G	4	0	1147	21.8788142981691
A_HA_H1	872	1167	A	3	0	1160	21.2715517241379
A_HA_H1	873	1164	T	6	0	1154	21.0935875216638
A_HA_H1	874	1168	T	2	0	1158	21.0483592400691
A_HA_H1	875	1166	G	4	0	1156	21.4844290657439
A_HA_H1	876	1167	C	3	0	1159	21.3183779119931
A_HA_H1	877	1166	A	4	0	1151	20.9192006950478
A_HA_H1	878	1167	A	3	0	1153	20.1526452732003
A_HA_H1	879	1166	T	4	0	1158	19.3186528497409
A_HA_H1	880	1149	A	21	0	1125	19.4711111111111
A_HA_H1	881	1155	C	15	0	1144	19.729020979021
A_HA_H1	882	1157	A	13	0	1136	18.8213028169014
A_HA_H1	883	1160	A	9	0	1157	19.0371650821089
A_HA_H1	884	1160	C	9	0	1152	19.2196180555556
A_HA_H1	885	1152	T	17	0	1145	19.4323144104803
A_HA_H1	886	1163	T	6	0	1148	20.4451219512195
A_HA_H1	887	1165	G	4	0	1148	20.1933797909408
A_HA_H1	888	1164	T	5	0	1152	20.1041666666667
A_HA_H1	889	1163	C	6	0	1146	19.6335078534031
A_HA_H1	890	1166	A	3	0	1154	19.1767764298094
A_HA_H1	891	1156	G	13	0	1143	19.4706911636045
A_HA_H1	892	1154	A	15	0	1144	19.8234265734266
A_HA_H1	893	1159	C	10	0	1142	20.5288966725044
A_HA_H1	894	1160	A	9	0	1147	19.9877942458588
A_HA_H1	895	1143	C	26	0	1135	21.0396475770925
A_HA_H1	896	1160	C	8	0	1156	21.4005190311419
A_HA_H1	897	1159	C	9	0	1140	20.85
A_HA_H1	898	1113	G	55	0	1080	20.0740740740741
A_HA_H1	899	1155	A	13	0	1146	20.0933682373473
A_HA_H1	900	1152	G	16	0	1138	20.3611599297012
A_HA_H1	901	1162	G	6	0	1155	21.604329004329
A_HA_H1	902	1154	G	13	0	1149	22.7223672758921
A_HA_H1	903	1147	T	20	0	1083	22.601108033241
A_HA_H1	904	1159	G	8	0	1156	22.5934256055363
A_HA_H1	905	1154	C	13	0	1127	22.055900621118
A_HA_H1	906	1151	T	16	0	1108	22.3348375451264
A_HA_H1	907	1151	A	16	0	1141	21.5135845749343
A_HA_H1	908	1144	T	22	0	1136	20.5677816901408
A_HA_H1	909	1132	A	33	0	1111	20.0711071107111
A_HA_H1	910	1140	A	25	0	1125	19.8977777777778
A_HA_H1	911	1159	A	6	0	1153	20.40763226366
A_HA_H1	912	1157	C	8	0	1154	21.3396880415945
A_HA_H1	913	1157	A	8	0	1132	20.4293286219081
A_HA_H1	914	1153	C	12	0	1148	20.4912891986063
A_HA_H1	915	1159	C	6	0	1145	20.3406113537118
A_HA_H1	916	1158	A	7	0	1143	19.5415573053368
A_HA_H1	917	1154	G	11	0	1147	20.332170880558
A_HA_H1	918	1155	C	10	0	1149	20.4055700609225
A_HA_H1	919	1158	C	7	0	1154	20.3214904679376
A_HA_H1	920	1158	T	6	0	1156	20.8235294117647
A_HA_H1	921	1123	C	41	0	1115	21.7040358744395
A_HA_H1	922	1161	C	3	0	1159	21.969801553063
A_HA_H1	923	1160	C	4	0	1148	21.8405923344948
A_HA_H1	924	1159	A	5	0	1149	20.0974760661445
A_HA_H1	925	1132	T	32	0	1119	21.437890974084
A_HA_H1	926	1162	T	2	0	1158	21.1770293609672
A_HA_H1	927	1155	T	9	0	1146	20.9808027923211
A_HA_H1	928	1146	C	18	0	1131	20.5313881520778
A_HA_H1	929	1156	A	8	0	1154	21.1369150779896
A_HA_H1	930	1152	G	12	0	1126	20.6936056838366
A_HA_H1	931	1154	A	10	0	1139	20.2502194907814
A_HA_H1	932	1159	A	5	0	1134	20.9611992945326
A_HA_H1	933	1158	T	6	0	1144	20.402972027972
A_HA_H1	934	1155	G	9	0	1136	20.556338028169
A_HA_H1	935	1142	T	22	0	1121	19.9402319357716
A_HA_H1	936	1149	A	15	0	1125	19.8062222222222
A_HA_H1	937	1153	C	10	0	1127	19.9911268855368
A_HA_H1	938	1163	A	0	0	1152	20.1284722222222
A_HA_H1	939	1161	T	2	0	1154	20.6507798960139
A_HA_H1	940	1155	C	7	0	1148	21.2735191637631
A_HA_H1	941	1160	C	2	0	1136	21.5827464788732
A_HA_H1	942	1144	G	18	0	1106	20.254972875226
A_HA_H1	943	1158	A	4	0	1155	20.0761904761905
A_HA_H1	944	1160	T	2	0	1152	19.7369791666667
A_HA_H1	945	1159	C	3	0	1115	20.0313901345291
A_HA_H1	946	1159	A	3	0	1156	20.9991349480969
A_HA_H1	947	1159	C	3	0	1151	20.7984361424848
A_HA_H1	948	1156	G	6	0	1084	19.4852398523985
A_HA_H1	949	1160	A	2	0	1154	18.7296360485269
A_HA_H1	950	1154	T	7	0	1143	18.5791776027996
A_HA_H1	951	1159	T	2	0	1143	18.6132983377078
A_HA_H1	952	1111	G	49	0	1090	19.7825688073394
A_HA_H1	953	1155	G	5	0	1150	19.9521739130435
A_HA_H1	954	1154	G	6	0	1129	20.5863596102746
A_HA_H1	955	1148	A	12	0	1144	21.8312937062937
A_HA_H1	956	1155	A	5	0	1149	22.6083550913838
A_HA_H1	957	1159	A	1	0	1152	22.9739583333333
A_HA_H1	958	1159	T	1	0	1148	22.8371080139373
A_HA_H1	959	1159	G	1	0	1147	21.6843940714908
A_HA_H1	960	1158	T	2	0	1153	21.3521248915872
A_HA_H1	961	1142	C	17	0	1124	20.5329181494662
A_HA_H1	962	1154	C	5	0	1136	19.9383802816901
A_HA_H1	963	1119	A	40	0	1099	19.6951774340309
A_HA_H1	964	1149	A	10	0	1139	20.2967515364355
A_HA_H1	965	1150	A	8	0	1140	20.6070175438596
A_HA_H1	966	1141	G	17	0	1121	20.8064228367529
A_HA_H1	967	1139	T	19	0	1117	19.6383169203223
A_HA_H1	968	1149	A	9	0	1133	19.2127096204766
A_HA_H1	969	1140	T	18	0	1132	18.928445229682
A_HA_H1	970	1140	G	18	0	1129	19.1054030115146
A_HA_H1	971	1146	T	12	0	1132	20.0291519434629
A_HA_H1	972	1125	G	33	0	1120	20.3455357142857
A_HA_H1	973	1128	A	30	0	1119	20.47363717605
A_HA_H1	974	1149	G	9	0	1127	20.4196983141083
A_HA_H1	975	1139	A	19	0	1118	20.7048300536673
A_HA_H1	976	1144	A	14	0	1125	21.2435555555556
A_HA_H1	977	1142	G	16	0	1129	21.5792736935341
A_HA_H1	978	1146	C	12	0	1134	22.5599647266314
A_HA_H1	979	1141	A	17	0	1127	21.6530612244898
A_HA_H1	980	1150	C	8	0	1128	21.3049645390071
A_HA_H1	981	1141	A	17	0	1135	20.9638766519824
A_HA_H1	982	1153	A	5	0	1143	20.673665791776
A_HA_H1	983	1154	A	4	0	1141	21.4031551270815
A_HA_H1	984	1143	A	15	0	1136	22.0343309859155
A_HA_H1	985	1140	T	18	0	1112	20.8012589928058
A_HA_H1	986	1156	T	2	0	1117	20.6920322291853
A_HA_H1	987	1149	G	9	0	1100	19.6372727272727
A_HA_H1	988	1150	A	8	0	1144	19.6582167832168
A_HA_H1	989	1146	G	12	0	1118	20.1457960644007
A_HA_H1	990	1152	A	6	0	1129	20.5137289636847
A_HA_H1	991	1152	C	6	0	1135	20.6334801762115
A_HA_H1	992	1152	T	6	0	1139	20.7708516242318
A_HA_H1	993	1154	G	4	0	1146	21.7591623036649
A_HA_H1	994	1155	G	3	0	1155	22.1948051948052
A_HA_H1	995	1157	C	1	0	1150	23.3591304347826
A_HA_H1	996	1152	C	6	0	1143	23.5363079615048
A_HA_H1	997	1152	A	6	0	1143	23.3648293963255
A_HA_H1	998	1152	C	6	0	1143	23.6491688538933
A_HA_H1	999	1152	A	6	0	1144	22.8854895104895
A_HA_H1	1000	1140	G	18	0	1139	22.8402107111501
A_HA_H1	1001	1151	G	7	0	1139	22.3643546971027
A_HA_H1	1002	1149	A	9	0	1145	21.5205240174672
A_HA_H1	1003	1146	C	12	0	1135	21.5409691629956
A_HA_H1	1004	1120	T	38	0	1112	21.1951438848921
A_HA_H1	1005	1149	G	9	0	1118	20.2093023255814
A_HA_H1	1006	1152	A	6	0	1139	19.8244073748903
A_HA_H1	1007	1151	G	7	0	1144	20.1634615384615
A_HA_H1	1008	1150	G	8	0	1137	20.415127528584
A_HA_H1	1009	1146	A	12	0	1139	20.0140474100088
A_HA_H1	1010	1157	A	1	0	1153	21.7944492627927
A_HA_H1	1011	1155	T	3	0	1143	21.1189851268591
A_HA_H1	1012	1151	G	7	0	1131	21.130857648099
A_HA_H1	1013	1155	T	3	0	1141	20.9833479404032
A_HA_H1	1014	1119	C	38	0	1092	20.5164835164835
A_HA_H1	1015	1154	C	3	0	1145	20.5764192139738
A_HA_H1	1016	1148	C	9	0	1129	20.8432240921169
A_HA_H1	1017	1142	G	15	0	1121	19.2827832292596
A_HA_H1	1018	1138	T	19	0	1134	19.9514991181658
A_HA_H1	1019	1138	C	19	0	1107	19.327009936766
A_HA_H1	1020	1138	T	19	0	1099	19.6587807097361
A_HA_H1	1021	1138	A	19	0	1123	20.3276936776492
A_HA_H1	1022	1142	T	15	0	1116	20.2965949820789
A_HA_H1	1023	1153	T	4	0	1139	20.3661106233538
A_HA_H1	1024	1153	C	4	0	1134	20.0255731922399
A_HA_H1	1025	1155	A	2	0	1144	19.9982517482517
A_HA_H1	1026	1154	A	3	0	1149	20.5378590078329
A_HA_H1	1027	1149	T	8	0	1142	20.3038528896673
A_HA_H1	1028	1146	C	11	0	1121	20.2694023193577
A_HA_H1	1029	1154	T	3	0	1136	20.6399647887324
A_HA_H1	1030	1149	A	8	0	1143	20.0971128608924
A_HA_H1	1031	1150	G	6	0	1138	20.3154657293497
A_HA_H1	1032	1154	A	2	0	1151	20.0616854908775
A_HA_H1	1033	1153	G	3	0	1148	20.9311846689895
A_HA_H1	1034	1154	G	2	0	1153	21.2315698178664
A_HA_H1	1035	1145	C	11	0	1141	21.581069237511
A_HA_H1	1036	1154	C	2	0	1141	22.487291849255
A_HA_H1	1037	1145	T	11	0	1138	22.6924428822496
A_HA_H1	1038	1146	A	10	0	1129	21.1567759078831
A_HA_H1	1039	1147	T	9	0	1130	20.4566371681416
A_HA_H1	1040	1151	T	5	0	1136	20.3521126760563
A_HA_H1	1041	1106	C	50	0	1074	19.6145251396648
A_HA_H1	1042	1143	G	13	0	1137	18.5030782761653
A_HA_H1	1043	1153	G	3	0	1149	18.4055700609225
A_HA_H1	1044	1156	G	0	0	1151	18.4509122502172
A_HA_H1	1045	1156	G	0	0	1150	21.515652173913
A_HA_H1	1046	1154	C	2	0	1145	21.7633187772926
A_HA_H1	1047	1154	C	2	0	1149	21.9094865100087
A_HA_H1	1048	1153	A	3	0	1150	21.7991304347826
A_HA_H1	1049	1154	T	2	0	1145	21.4585152838428
A_HA_H1	1050	1154	T	2	0	1142	21.3905429071804
A_HA_H1	1051	1151	G	5	0	1139	21.5004389815628
A_HA_H1	1052	1153	C	3	0	1153	21.8343451864701
A_HA_H1	1053	1146	T	10	0	1141	22.9929886064855
A_HA_H1	1054	1143	G	13	0	1114	22.0763016157989
A_HA_H1	1055	1156	G	0	0	1147	21.7776809067132
A_HA_H1	1056	1154	C	2	0	1150	21.7860869565217
A_HA_H1	1057	1127	T	29	0	1118	21.9785330948122
A_HA_H1	1058	1154	T	2	0	1140	22.9210526315789
A_HA_H1	1059	1153	C	3	0	1142	22.4894921190893
A_HA_H1	1060	1154	A	2	0	1149	21.9373368146214
A_HA_H1	1061	1156	T	0	0	1152	21.8671875
A_HA_H1	1062	1136	C	20	0	1075	21.3181395348837
A_HA_H1	1063	1124	G	32	0	1081	19.6234967622572
A_HA_H1	1064	1124	A	32	0	1118	19.9266547406082
A_HA_H1	1065	1105	A	51	0	1102	20.1896551724138
A_HA_H1	1066	1046	G	110	0	1037	21.2545805207329
A_HA_H1	1067	1131	G	25	0	1126	22.6110124333925
A_HA_H1	1068	1140	G	15	0	1135	23.3550660792952
A_HA_H1	1069	1150	G	5	0	1133	24.8887908208297
A_HA_H1	1070	1148	G	7	0	1124	24.317615658363
A_HA_H1	1071	1148	G	7	0	1124	23.3407473309609
A_HA_H1	1072	1147	T	7	0	1118	22.5545617173524
A_HA_H1	1073	1146	G	8	0	1127	22.8110026619343
A_HA_H1	1074	1148	G	6	0	1131	22.5977011494253
A_HA_H1	1075	1141	A	13	0	1119	21.7417336907954
A_HA_H1	1076	1147	C	7	0	1131	21.2148541114058
A_HA_H1	1077	1114	A	40	0	1106	19.8354430379747
A_HA_H1	1078	1134	G	20	0	1129	19.4340124003543
A_HA_H1	1079	1150	G	3	0	1149	19.4952132288947
A_HA_H1	1080	1153	G	0	0	1131	19.8903625110522
A_HA_H1	1081	1152	A	1	0	1150	21.6652173913043
A_HA_H1	1082	1151	T	2	0	1143	22.1137357830271
A_HA_H1	1083	1142	G	11	0	1135	21.6845814977974
A_HA_H1	1084	1143	G	10	0	1143	21.3552055993001
A_HA_H1	1085	1127	T	26	0	1102	21.1116152450091
A_HA_H1	1086	1137	A	16	0	1118	20.5134168157424
A_HA_H1	1087	1145	G	8	0	1109	20.0712353471596
A_HA_H1	1088	1147	A	6	0	1139	20.0491659350307
A_HA_H1	1089	1151	T	2	0	1141	20.2410166520596
A_HA_H1	1090	1147	G	6	0	1136	20.4595070422535
A_HA_H1	1091	1149	G	4	0	1138	20.8418277680141
A_HA_H1	1092	1149	A	4	0	1143	21.3709536307962
A_HA_H1	1093	1148	T	5	0	1139	22.3985952589991
A_HA_H1	1094	1139	G	14	0	1120	23.075
A_HA_H1	1095	1126	G	27	0	1114	23.1220825852783
A_HA_H1	1096	1121	T	32	0	1096	23.0739051094891
A_HA_H1	1097	1136	A	17	0	1119	23.4244861483467
A_HA_H1	1098	1133	C	20	0	1103	23.0634632819583
A_HA_H1	1099	1139	G	14	0	1129	22.2648361381754
A_HA_H1	1100	1148	G	5	0	1147	22.2606800348736
A_HA_H1	1101	1146	T	7	0	1129	22.9193976970771
A_HA_H1	1102	1149	T	4	0	1128	22.7783687943262
A_HA_H1	1103	1152	A	1	0	1147	23.2868352223191
A_HA_H1	1104	1151	T	2	0	1143	22.7917760279965
A_HA_H1	1105	1152	C	1	0	1145	22.8506550218341
A_HA_H1	1106	1153	A	0	0	1142	22.6173380035026
A_HA_H1	1107	1153	C	0	0	1150	23.2426086956522
A_HA_H1	1108	1153	C	1	0	1151	23.4700260642919
A_HA_H1	1109	1153	A	1	0	1151	23.0608166811468
A_HA_H1	1110	1152	T	2	0	1149	23.0522193211488
A_HA_H1	1111	1153	C	3	0	1147	22.1909328683522
A_HA_H1	1112	1135	A	21	0	1124	22.0453736654804
A_HA_H1	1113	1151	A	5	0	1148	21.7317073170732
A_HA_H1	1114	1152	A	4	0	1150	22.5904347826087
A_HA_H1	1115	1152	A	4	0	1142	22.9579684763573
A_HA_H1	1116	1151	T	5	0	1135	22.4722466960352
A_HA_H1	1117	1149	G	7	0	1130	21.0283185840708
A_HA_H1	1118	1287	A	9	0	1280	21.459375
A_HA_H1	1119	1275	G	22	0	1268	21.3777602523659
A_HA_H1	1120	1280	C	17	0	1274	21.6609105180534
A_HA_H1	1121	1278	A	21	0	1266	21.1745655608215
A_HA_H1	1122	1268	G	31	0	1261	21.1927042030135
A_HA_H1	1123	1294	G	6	0	1286	21.1181959564541
A_HA_H1	1124	1300	G	0	0	1294	21.0672333848532
A_HA_H1	1125	1299	G	1	0	1285	23.0793774319066
A_HA_H1	1126	1296	T	4	0	1282	22.4282371294852
A_HA_H1	1127	1289	C	11	0	1254	22.1929824561403
A_HA_H1	1128	1295	A	5	0	1275	22.3513725490196
A_HA_H1	1129	1294	G	6	0	1291	22.5972114639814
A_HA_H1	1130	1293	G	7	0	1290	23.1790697674419
A_HA_H1	1131	1291	A	10	0	1280	24.040625
A_HA_H1	1132	1290	T	11	0	1271	23.3548387096774
A_HA_H1	1133	1295	A	7	0	1288	22.7313664596273
A_HA_H1	1134	1283	T	19	0	1266	22.4723538704581
A_HA_H1	1135	1295	G	7	0	1267	22.7308602999211
A_HA_H1	1136	1289	C	13	0	1280	23.54453125
A_HA_H1	1137	1298	A	4	0	1290	23.5550387596899
A_HA_H1	1138	1296	G	6	0	1287	23.7365967365967
A_HA_H1	1139	1296	C	6	0	1291	24.0797831138652
A_HA_H1	1140	1299	C	3	0	1266	23.5624012638231
A_HA_H1	1141	1288	G	14	0	1188	21.1759259259259
A_HA_H1	1142	1298	A	4	0	1295	20.5258687258687
A_HA_H1	1143	1297	T	5	0	1288	20.5054347826087
A_HA_H1	1144	1288	C	14	0	1252	20.6701277955272
A_HA_H1	1145	1295	T	7	0	1274	22.8296703296703
A_HA_H1	1146	1289	G	13	0	1271	22.7317073170732
A_HA_H1	1147	1281	A	21	0	1279	23.1759186864738
A_HA_H1	1148	1290	A	12	0	1283	24.7014809041309
A_HA_H1	1149	1287	G	15	0	1263	24.2874109263658
A_HA_H1	1150	1292	A	10	0	1285	24.5050583657588
A_HA_H1	1151	1281	G	21	0	1269	23.7738376674547
A_HA_H1	1152	1271	C	31	0	1257	24.0811455847255
A_HA_H1	1153	1280	A	22	0	1275	24.0752941176471
A_HA_H1	1154	1296	C	6	0	1283	24.2424006235386
A_HA_H1	1155	1287	A	15	0	1283	25.6102883865939
A_HA_H1	1156	1287	C	15	0	1281	40.3832943013271
A_HA_H1	1157	1277	A	25	0	1269	26.0386130811663
A_HA_H1	1158	1292	A	10	0	1280	23.9171875
A_HA_H1	1159	1293	A	8	0	1283	25.7264224473889
A_HA_H1	1160	1292	A	9	0	1275	26.683137254902
A_HA_H1	1161	1294	T	7	0	1279	26.5269741985927
A_HA_H1	1162	1291	G	10	0	1277	25.680501174628
A_HA_H1	1163	1296	C	5	0	1286	26.2838258164852
A_HA_H1	1164	1298	C	3	0	1277	25.8371182458888
A_HA_H1	1165	1298	A	3	0	1296	26.0578703703704
A_HA_H1	1166	1288	T	13	0	1285	25.7867704280156
A_HA_H1	1167	1296	T	5	0	1282	25.7761310452418
A_HA_H1	1168	1296	G	5	0	1267	25.6945540647198
A_HA_H1	1169	1299	A	2	0	1292	25.546439628483
A_HA_H1	1170	1298	T	3	0	1268	25.5544164037855
A_HA_H1	1171	1283	A	18	0	1276	25.4435736677116
A_HA_H1	1172	1298	A	2	0	1286	24.7791601866252
A_HA_H1	1173	1295	G	5	0	1229	24.1423921887714
A_HA_H1	1174	1293	A	7	0	1283	24.7014809041309
A_HA_H1	1175	1289	T	11	0	1274	24.5651491365777
A_HA_H1	1176	1292	T	7	0	1276	24.1050156739812
A_HA_H1	1177	1293	A	6	0	1282	23.6466458658346
A_HA_H1	1178	1291	C	8	0	1287	24.2882672882673
A_HA_H1	1179	1293	C	6	0	1272	24.5393081761006
A_HA_H1	1180	1295	A	4	0	1285	24.2023346303502
A_HA_H1	1181	1295	A	4	0	1282	24.4414976599064
A_HA_H1	1182	1295	C	4	0	1287	24.8290598290598
A_HA_H1	1183	1289	A	10	0	1277	23.9780736100235
A_HA_H1	1184	1297	A	2	0	1290	23.6612403100775
A_HA_H1	1185	1293	A	6	0	1288	23.7065217391304
A_HA_H1	1186	1289	G	10	0	1266	23.5331753554502
A_HA_H1	1187	1291	T	8	0	1257	23.206046141607
A_HA_H1	1188	1284	A	15	0	1275	23.4305882352941
A_HA_H1	1189	1295	A	4	0	1283	23.1566640685892
A_HA_H1	1190	1293	A	6	0	1283	23.510522213562
A_HA_H1	1191	1292	T	7	0	1281	24.5160031225605
A_HA_H1	1192	1293	T	6	0	1284	25.0451713395639
A_HA_H1	1193	1289	C	10	0	1269	25.0661938534279
A_HA_H1	1194	1286	T	12	0	1274	26.2025117739403
A_HA_H1	1195	1287	G	11	0	1275	27.2745098039216
A_HA_H1	1196	1282	T	16	0	1272	26.1643081761006
A_HA_H1	1197	1290	T	7	0	1283	25.5167575993765
A_HA_H1	1198	1292	A	5	0	1284	23.8566978193146
A_HA_H1	1199	1292	T	5	0	1280	24.6625
A_HA_H1	1200	1296	T	1	0	1283	25.3063133281372
A_HA_H1	1201	1287	G	10	0	1268	25.0228706624606
A_HA_H1	1202	1270	A	27	0	1264	25.1503164556962
A_HA_H1	1203	1288	A	9	0	1280	25.2703125
A_HA_H1	1204	1286	A	10	0	1271	25.2399685287175
A_HA_H1	1205	1288	A	8	0	1267	26.1894238358327
A_HA_H1	1206	1288	G	8	0	1253	25.8363926576217
A_HA_H1	1207	1287	A	9	0	1279	25.5504300234558
A_HA_H1	1208	1289	T	7	0	1270	25.9181102362205
A_HA_H1	1209	1293	G	3	0	1264	24.8623417721519
A_HA_H1	1210	1288	A	8	0	1279	24.7795152462862
A_HA_H1	1211	1293	A	2	0	1279	25.1430805316654
A_HA_H1	1212	1292	T	3	0	1276	24.7735109717868
A_HA_H1	1213	1290	A	5	0	1285	24.6933852140078
A_HA_H1	1214	1291	C	4	0	1284	24.4236760124611
A_HA_H1	1215	1293	A	2	0	1288	24.1032608695652
A_HA_H1	1216	1288	C	6	0	1283	26.6360093530787
A_HA_H1	1217	1287	A	7	0	1283	25.3367108339829
A_HA_H1	1218	1285	G	8	0	1277	25.0579483163665
A_HA_H1	1219	1287	T	6	0	1275	25.4980392156863
A_HA_H1	1220	1290	T	3	0	1281	26.0975800156128
A_HA_H1	1221	1290	C	3	0	1284	26.2406542056075
A_HA_H1	1222	1289	A	4	0	1285	26.7377431906615
A_HA_H1	1223	1290	C	3	0	1288	27.4378881987578
A_HA_H1	1224	1290	A	3	0	1281	26.6104605776737
A_HA_H1	1225	1287	G	6	0	1282	25.9570982839314
A_HA_H1	1226	1288	C	5	0	1287	26.3154623154623
A_HA_H1	1227	1290	A	3	0	1289	25.911559348332
A_HA_H1	1228	1288	G	5	0	1284	26.0654205607477
A_HA_H1	1229	1290	T	3	0	1280	24.9
A_HA_H1	1230	1289	T	4	0	1285	24.408560311284
A_HA_H1	1231	1287	G	6	0	1282	23.9110764430577
A_HA_H1	1232	1283	G	9	0	1276	24.4435736677116
A_HA_H1	1233	1282	T	10	0	1279	24.8991399530884
A_HA_H1	1234	1261	A	31	0	1250	24.6544
A_HA_H1	1235	1282	A	10	0	1267	24.1436464088398
A_HA_H1	1236	1286	A	6	0	1264	24.2950949367089
A_HA_H1	1237	1274	G	18	0	1250	24.8296
A_HA_H1	1238	1277	A	15	0	1266	22.9439178515008
A_HA_H1	1239	1270	G	22	0	1226	22.3017944535073
A_HA_H1	1240	1246	T	46	0	1197	21.9573934837093
A_HA_H1	1241	1285	T	7	0	1261	21.2696272799366
A_HA_H1	1242	1272	C	19	0	1203	20.2044887780549
A_HA_H1	1243	1284	A	7	0	1263	19.86144101346
A_HA_H1	1244	1290	A	1	0	1272	20.6588050314465
A_HA_H1	1245	1289	C	1	0	1276	21.0901253918495
A_HA_H1	1246	1290	C	0	0	1258	23.0858505564388
A_HA_H1	1247	1290	A	0	0	1270	22.8669291338583
A_HA_H1	1248	1289	C	1	0	1287	22.7692307692308
A_HA_H1	1249	1288	C	2	0	1274	22.831240188383
A_HA_H1	1250	1281	T	9	0	1273	22.8805970149254
A_HA_H1	1251	1285	T	5	0	1277	25.4667188723571
A_HA_H1	1252	1279	G	11	0	1270	23.3566929133858
A_HA_H1	1253	1200	A	90	0	1192	23.3313758389262
A_HA_H1	1254	1253	A	37	0	1245	23.4698795180723
A_HA_H1	1255	1255	A	34	0	1249	24.2634107285829
A_HA_H1	1256	1282	A	7	0	1273	26.4925373134328
A_HA_H1	1257	1280	A	8	0	1268	26.9526813880126
A_HA_H1	1258	1265	A	23	0	1259	26.0436854646545
A_HA_H1	1259	1247	G	41	0	1238	25.6712439418417
A_HA_H1	1260	1266	A	22	0	1257	23.0175019888624
A_HA_H1	1261	1267	A	21	0	1254	23.0414673046252
A_HA_H1	1262	1263	T	25	0	1252	21.8226837060703
A_HA_H1	1263	1253	A	35	0	1224	22.4616013071895
A_HA_H1	1264	1259	G	28	0	1236	21.9967637540453
A_HA_H1	1265	1281	A	6	0	1278	21.8951486697966
A_HA_H1	1266	1283	G	3	0	1270	25.8338582677165
A_HA_H1	1267	1281	A	5	0	1275	24.8149019607843
A_HA_H1	1268	1280	A	5	0	1266	24.2535545023697
A_HA_H1	1269	1280	T	5	0	1271	23.8851298190401
A_HA_H1	1270	1274	C	11	0	1242	24.3140096618357
A_HA_H1	1271	1280	T	5	0	1256	24.2667197452229
A_HA_H1	1272	1280	A	5	0	1259	23.6830818109611
A_HA_H1	1273	1285	A	0	0	1281	23.6978922716628
A_HA_H1	1274	1284	A	1	0	1278	23.9499217527387
A_HA_H1	1275	1283	T	2	0	1275	23.7513725490196
A_HA_H1	1276	1274	A	11	0	1267	23.2138910812944
A_HA_H1	1277	1283	A	2	0	1277	23.0563821456539
A_HA_H1	1278	1282	A	2	0	1278	23.1909233176839
A_HA_H1	1279	1283	A	1	0	1278	25.1103286384977
A_HA_H1	1280	1283	A	1	0	1275	25.3294117647059
A_HA_H1	1281	1283	G	1	0	1280	25.1203125
A_HA_H1	1282	1283	G	1	0	1280	24.9625
A_HA_H1	1283	1273	T	11	0	1269	24.1048069345942
A_HA_H1	1284	1284	T	0	0	1275	24.8650980392157
A_HA_H1	1285	1284	G	0	0	1269	24.344365642238
A_HA_H1	1286	1282	A	2	0	1275	24.9019607843137
A_HA_H1	1287	1283	T	1	0	1272	25.7963836477987
A_HA_H1	1288	1284	G	0	0	1270	25.1716535433071
A_HA_H1	1289	1281	A	3	0	1270	25.444094488189
A_HA_H1	1290	1281	T	2	0	1262	25.5847860538827
A_HA_H1	1291	1279	G	4	0	1267	25.5974743488556
A_HA_H1	1292	1282	G	1	0	1268	25.3485804416404
A_HA_H1	1293	1272	T	11	0	1265	25.4387351778656
A_HA_H1	1294	1279	T	3	0	1277	26.3508222396241
A_HA_H1	1295	1274	T	8	0	1267	26.0449881610103
A_HA_H1	1296	1254	C	28	0	1240	26.308064516129
A_HA_H1	1297	1267	C	15	0	1262	27.0610142630745
A_HA_H1	1298	1272	T	10	0	1269	25.9889676910954
A_HA_H1	1299	1272	G	10	0	1256	25.6536624203822
A_HA_H1	1300	1279	G	2	0	1246	25.4598715890851
A_HA_H1	1301	1279	A	2	0	1270	24.9228346456693
A_HA_H1	1302	1274	C	7	0	1208	24.5529801324503
A_HA_H1	1303	1269	G	12	0	1243	22.7103781174578
A_HA_H1	1304	1269	T	12	0	1266	22.2867298578199
A_HA_H1	1305	1276	T	5	0	1265	22.2166007905138
A_HA_H1	1306	1275	T	6	0	1269	22.8999211977935
A_HA_H1	1307	1266	G	15	0	1241	24.2578565672844
A_HA_H1	1308	1271	G	10	0	1244	23.5699356913183
A_HA_H1	1309	1269	A	12	0	1262	22.6394611727417
A_HA_H1	1310	1272	C	9	0	1243	22.8624296057924
A_HA_H1	1311	1262	T	19	0	1242	22.6642512077295
A_HA_H1	1312	1278	T	3	0	1268	23.3817034700315
A_HA_H1	1313	1275	A	6	0	1252	22.8394568690096
A_HA_H1	1314	1277	C	4	0	1265	23.5596837944664
A_HA_H1	1315	1277	A	4	0	1266	23.1398104265403
A_HA_H1	1316	1279	A	2	0	1272	23.4724842767296
A_HA_H1	1317	1279	T	2	0	1274	23.9481946624804
A_HA_H1	1318	1277	G	4	0	1268	24.2681388012618
A_HA_H1	1319	1273	C	8	0	1263	25.3246239113222
A_HA_H1	1320	1268	C	12	0	1256	24.8893312101911
A_HA_H1	1321	1250	G	29	0	1214	23.6309719934102
A_HA_H1	1322	1277	A	2	0	1275	22.8541176470588
A_HA_H1	1323	1278	A	1	0	1270	22.8811023622047
A_HA_H1	1324	1278	C	1	0	1269	24.0039401103231
A_HA_H1	1325	1278	T	1	0	1272	26.6037735849057
A_HA_H1	1326	1278	G	1	0	1272	26.7924528301887
A_HA_H1	1327	1277	C	2	0	1273	26.8719560094266
A_HA_H1	1328	1275	T	4	0	1262	27.4215530903328
A_HA_H1	1329	1273	G	6	0	1261	26.5892149088025
A_HA_H1	1330	1274	G	5	0	1268	25.4952681388013
A_HA_H1	1331	1265	T	14	0	1255	24.7250996015936
A_HA_H1	1332	1274	T	5	0	1264	24.5988924050633
A_HA_H1	1333	1269	C	10	0	1243	24.1971037811746
A_HA_H1	1334	1276	T	3	0	1258	24.8171701112878
A_HA_H1	1335	1273	A	6	0	1262	24.4881141045959
A_HA_H1	1336	1270	C	9	0	1261	24.2910388580492
A_HA_H1	1337	1279	T	0	0	1273	25.1688923802042
A_HA_H1	1338	1271	G	8	0	1265	25.3462450592885
A_HA_H1	1339	1273	G	6	0	1253	25.1508379888268
A_HA_H1	1340	1253	A	26	0	1243	25.4199517296862
A_HA_H1	1341	1276	A	2	0	1269	26.1008668242711
A_HA_H1	1342	1276	A	2	0	1271	26.0818253343824
A_HA_H1	1343	1275	A	3	0	1261	26.3750991276764
A_HA_H1	1344	1275	C	3	0	1268	25.1222397476341
A_HA_H1	1345	1225	G	53	0	1173	23.1372549019608
A_HA_H1	1346	1270	A	8	0	1264	22.501582278481
A_HA_H1	1347	1277	A	1	0	1271	22.5774980330448
A_HA_H1	1348	1277	A	1	0	1270	24.1393700787402
A_HA_H1	1349	1274	G	4	0	1247	25.9454691259022
A_HA_H1	1350	1272	A	6	0	1263	25.2042755344418
A_HA_H1	1351	1276	A	2	0	1270	24.7834645669291
A_HA_H1	1352	1274	C	4	0	1252	24.3051118210863
A_HA_H1	1353	1250	T	28	0	1245	24.6425702811245
A_HA_H1	1354	1265	T	13	0	1261	25.2616970658208
A_HA_H1	1355	1271	T	7	0	1245	26.6
A_HA_H1	1356	1243	G	34	0	1221	25.5798525798526
A_HA_H1	1357	1272	G	5	0	1258	25.1255961844197
A_HA_H1	1358	1267	A	10	0	1260	24.9936507936508
A_HA_H1	1359	1268	C	9	0	1252	24.9984025559105
A_HA_H1	1360	1276	T	1	0	1261	25.0618556701031
A_HA_H1	1361	1276	A	1	0	1274	25.2598116169545
A_HA_H1	1362	1277	T	0	0	1271	25.3406766325728
A_HA_H1	1363	1273	C	4	0	1267	25.3488555643252
A_HA_H1	1364	1273	A	4	0	1268	25.4787066246057
A_HA_H1	1365	1272	C	5	0	1266	24.8056872037915
A_HA_H1	1366	1273	G	4	0	1214	23.2224052718287
A_HA_H1	1367	1273	A	4	0	1268	22.7634069400631
A_HA_H1	1368	1273	T	4	0	1260	22.8555555555556
A_HA_H1	1369	1274	T	3	0	1268	23.1545741324921
A_HA_H1	1370	1274	C	1	0	1236	26.126213592233
A_HA_H1	1371	1273	A	2	0	1252	26.1413738019169
A_HA_H1	1372	1275	A	0	0	1269	26.3475177304965
A_HA_H1	1373	1273	A	2	0	1267	26.6148382004736
A_HA_H1	1374	1270	T	5	0	1265	26.8648221343874
A_HA_H1	1375	1269	G	6	0	1263	26.1338083927158
A_HA_H1	1376	1271	T	4	0	1261	26.1387787470262
A_HA_H1	1377	1266	G	8	0	1261	25.0404440919905
A_HA_H1	1378	1269	A	5	0	1261	24.593973037272
A_HA_H1	1379	1269	A	4	0	1261	24.9777954004758
A_HA_H1	1380	1265	G	8	0	1251	24.5979216626699
A_HA_H1	1381	1270	A	3	0	1263	24.2525732383215
A_HA_H1	1382	1267	A	6	0	1263	24.1306413301663
A_HA_H1	1383	1266	C	6	0	1259	24.2795869737887
A_HA_H1	1384	1248	T	24	0	1240	25.5298387096774
A_HA_H1	1385	1267	T	5	0	1256	25.8535031847134
A_HA_H1	1386	1265	G	7	0	1243	25.3137570394208
A_HA_H1	1387	1265	T	7	0	1256	24.828025477707
A_HA_H1	1388	1270	A	2	0	1266	24.4494470774092
A_HA_H1	1389	1271	T	1	0	1263	24.5019794140934
A_HA_H1	1390	1264	G	8	0	1253	24.6775738228252
A_HA_H1	1391	1192	A	80	0	1178	24.8353140916808
A_HA_H1	1392	1256	A	15	0	1254	26.066985645933
A_HA_H1	1393	1256	A	15	0	1249	26.6469175340272
A_HA_H1	1394	1252	A	18	0	1246	28.1829855537721
A_HA_H1	1395	1244	A	26	0	1231	27.2835093419984
A_HA_H1	1396	1239	G	31	0	1210	25.9471074380165
A_HA_H1	1397	1251	T	19	0	1213	25.5548227535037
A_HA_H1	1398	1255	A	14	0	1237	24.7162489894907
A_HA_H1	1399	1258	A	10	0	1248	24.0849358974359
A_HA_H1	1400	1258	G	10	0	1244	23.9670418006431
A_HA_H1	1401	1261	A	7	0	1245	24.6690763052209
A_HA_H1	1402	1266	A	2	0	1258	24.7965023847377
A_HA_H1	1403	1267	A	1	0	1255	25.0119521912351
A_HA_H1	1404	1265	C	3	0	1251	25.2613908872902
A_HA_H1	1405	1267	C	1	0	1217	24.7814297452753
A_HA_H1	1406	1265	A	3	0	1252	23.982428115016
A_HA_H1	1407	1266	G	2	0	1251	23.4044764188649
A_HA_H1	1408	1266	T	2	0	1259	23.0969023034154
A_HA_H1	1409	1267	T	1	0	1257	23.3945902943516
A_HA_H1	1410	1235	A	32	0	1227	22.9804400977995
A_HA_H1	1411	1261	A	6	0	1257	24.2147971360382
A_HA_H1	1412	1264	A	3	0	1262	24.5784469096672
A_HA_H1	1413	1265	A	2	0	1259	26.3812549642573
A_HA_H1	1414	1266	A	1	0	1259	26.6330420969023
A_HA_H1	1415	1266	A	1	0	1260	26.1857142857143
A_HA_H1	1416	1266	C	1	0	1263	25.889152810768
A_HA_H1	1417	1266	A	1	0	1257	25.024661893397
A_HA_H1	1418	1266	A	1	0	1261	24.9532117367169
A_HA_H1	1419	1266	T	1	0	1262	24.8621236133122
A_HA_H1	1420	1266	G	1	0	1257	25.151153540175
A_HA_H1	1421	1258	C	8	0	1256	25.3296178343949
A_HA_H1	1422	1263	C	3	0	1257	25.7899761336515
A_HA_H1	1423	1249	A	17	0	1246	26.029695024077
A_HA_H1	1424	1261	A	5	0	1255	26.5832669322709
A_HA_H1	1425	1261	G	5	0	1257	26.3723150357995
A_HA_H1	1426	1261	G	3	0	1257	26.9761336515513
A_HA_H1	1427	1260	A	4	0	1252	26.2132587859425
A_HA_H1	1428	1264	A	0	0	1258	26.2599364069952
A_HA_H1	1429	1262	A	1	0	1253	25.7597765363128
A_HA_H1	1430	1258	T	5	0	1252	25.3698083067093
A_HA_H1	1431	1258	T	5	0	1242	25.2157809983897
A_HA_H1	1432	1253	G	10	0	1248	24.5296474358974
A_HA_H1	1433	1260	G	3	0	1245	24.2506024096386
A_HA_H1	1434	1259	A	4	0	1257	24.8949880668258
A_HA_H1	1435	1262	A	1	0	1256	25.5230891719745
A_HA_H1	1436	1261	A	2	0	1253	25.316839584996
A_HA_H1	1437	1259	C	4	0	1231	24.1868399675061
A_HA_H1	1438	1251	G	12	0	1210	21.4173553719008
A_HA_H1	1439	1254	G	9	0	1245	21.0289156626506
A_HA_H1	1440	1259	C	4	0	1248	21.0729166666667
A_HA_H1	1441	1260	T	3	0	1240	21.7854838709677
A_HA_H1	1442	1259	G	4	0	1240	24.6233870967742
A_HA_H1	1443	1255	C	7	0	1236	24.0768608414239
A_HA_H1	1444	1204	T	58	0	1200	23.5191666666667
A_HA_H1	1445	1253	T	9	0	1246	22.9197431781701
A_HA_H1	1446	1260	T	2	0	1244	23.354501607717
A_HA_H1	1447	1254	G	8	0	1222	22.2266775777414
A_HA_H1	1448	1259	A	3	0	1251	22.9240607513989
A_HA_H1	1449	1256	A	6	0	1247	22.7297514033681
A_HA_H1	1450	1250	T	12	0	1230	23.019512195122
A_HA_H1	1451	1257	T	5	0	1245	24.2690763052209
A_HA_H1	1452	1260	T	2	0	1253	24.61053471668
A_HA_H1	1453	1254	T	7	0	1244	25.9911575562701
A_HA_H1	1454	1249	A	11	0	1237	25.7396928051738
A_HA_H1	1455	1248	C	12	0	1246	24.7672552166934
A_HA_H1	1456	1253	C	7	0	1243	25.0780370072405
A_HA_H1	1457	1259	A	1	0	1248	24.6979166666667
A_HA_H1	1458	1253	C	7	0	1243	25.2968624296058
A_HA_H1	1459	1256	A	4	0	1244	24.9782958199357
A_HA_H1	1460	1259	A	1	0	1255	24.5760956175299
A_HA_H1	1461	1256	A	3	0	1247	25.2237369687249
A_HA_H1	1462	1255	T	4	0	1248	25.443108974359
A_HA_H1	1463	1251	G	8	0	1247	24.6615878107458
A_HA_H1	1464	1250	C	9	0	1233	22.6034063260341
A_HA_H1	1465	1253	G	6	0	1237	20.5222312045271
A_HA_H1	1466	1253	A	6	0	1248	20.3926282051282
A_HA_H1	1467	1255	C	4	0	1247	20.5934242181235
A_HA_H1	1468	1258	A	1	0	1250	21.2304
A_HA_H1	1469	1257	A	2	0	1249	24.257806244996
A_HA_H1	1470	1256	C	3	0	1255	24.0438247011952
A_HA_H1	1471	1258	A	1	0	1254	24.5861244019139
A_HA_H1	1472	1258	C	1	0	1250	31.652
A_HA_H1	1473	1257	A	2	0	1246	25.8194221508828
A_HA_H1	1474	1255	T	4	0	1252	25.1365814696486
A_HA_H1	1475	1252	G	6	0	1245	25.2915662650602
A_HA_H1	1476	1251	C	7	0	1247	25.6992782678428
A_HA_H1	1477	1253	A	5	0	1245	26.166265060241
A_HA_H1	1478	1258	T	0	0	1255	25.8741035856574
A_HA_H1	1479	1255	G	3	0	1243	26.0370072405471
A_HA_H1	1480	1257	G	1	0	1246	25.6211878009631
A_HA_H1	1481	1244	A	14	0	1235	26.0518218623482
A_HA_H1	1482	1257	A	1	0	1251	26.7106314948042
A_HA_H1	1483	1257	A	1	0	1250	26.3304
A_HA_H1	1484	1254	G	4	0	1234	26.1726094003241
A_HA_H1	1485	1255	T	3	0	1245	25.8923694779116
A_HA_H1	1486	1255	G	3	0	1245	25.7357429718876
A_HA_H1	1487	1254	T	4	0	1248	25.5496794871795
A_HA_H1	1488	1243	C	14	0	1226	24.9339314845024
A_HA_H1	1489	1244	A	12	0	1234	25.3427876823339
A_HA_H1	1490	1249	A	7	0	1235	24.7627530364372
A_HA_H1	1491	1250	G	5	0	1197	25.1002506265664
A_HA_H1	1492	1244	A	11	0	1192	25.4135906040268
A_HA_H1	1493	1249	A	6	0	1236	25.7758899676375
A_HA_H1	1494	1248	T	7	0	1240	24.925
A_HA_H1	1495	1203	G	52	0	1189	24.6433978132885
A_HA_H1	1496	1253	G	2	0	1247	24.2790697674419
A_HA_H1	1497	1252	G	2	0	1219	24.4528301886792
A_HA_H1	1498	1247	A	7	0	1244	25.0072347266881
A_HA_H1	1499	1246	C	8	0	1225	24.3697959183673
A_HA_H1	1500	1233	T	21	0	1220	23.6713114754098
A_HA_H1	1501	1246	T	8	0	1223	24.0032706459526
A_HA_H1	1502	1247	A	7	0	1241	23.6478646253022
A_HA_H1	1503	1247	T	7	0	1224	24.2434640522876
A_HA_H1	1504	1247	G	7	0	1214	24.1276771004942
A_HA_H1	1505	1248	A	5	0	1235	24.0072874493927
A_HA_H1	1506	1242	C	11	0	1224	24.1862745098039
A_HA_H1	1507	1246	T	7	0	1230	23.8747967479675
A_HA_H1	1508	1237	A	16	0	1224	23.7614379084967
A_HA_H1	1509	1210	C	42	0	1207	24.1839270919635
A_HA_H1	1510	1243	C	9	0	1240	23.4129032258065
A_HA_H1	1511	1249	C	3	0	1243	23.4987932421561
A_HA_H1	1512	1222	A	30	0	1211	23.4004954582989
A_HA_H1	1513	1248	A	4	0	1243	24.3218020917136
A_HA_H1	1514	1248	A	4	0	1245	24.0899598393574
A_HA_H1	1515	1246	A	6	0	1227	24.6242868785656
A_HA_H1	1516	1243	T	7	0	1226	23.6190864600326
A_HA_H1	1517	1232	A	18	0	1217	22.4239934264585
A_HA_H1	1518	1232	C	18	0	1222	22.29705400982
A_HA_H1	1519	1240	T	10	0	1226	22.2096247960848
A_HA_H1	1520	1229	C	21	0	1195	22.4217573221757
A_HA_H1	1521	1227	A	23	0	1215	22.8518518518519
A_HA_H1	1522	1223	G	27	0	1210	23.9355371900826
A_HA_H1	1523	1243	A	7	0	1236	24.3357605177994
A_HA_H1	1524	1244	G	6	0	1237	24.626515763945
A_HA_H1	1525	1245	G	5	0	1241	25.0225624496374
A_HA_H1	1526	1240	A	10	0	1224	25.6282679738562
A_HA_H1	1527	1243	A	7	0	1232	26.5949675324675
A_HA_H1	1528	1236	G	12	0	1221	25.8755118755119
A_HA_H1	1529	1239	C	9	0	1220	25.616393442623
A_HA_H1	1530	1238	A	10	0	1225	25.9134693877551
A_HA_H1	1531	1242	A	6	0	1230	25.1739837398374
A_HA_H1	1532	1246	A	2	0	1240	26.4596774193548
A_HA_H1	1533	1245	A	3	0	1219	26.9770303527482
A_HA_H1	1534	1245	T	3	0	1235	26.1943319838057
A_HA_H1	1535	1246	T	2	0	1231	25.8960194963444
A_HA_H1	1536	1238	A	10	0	1222	24.0973813420622
A_HA_H1	1537	1244	A	4	0	1231	23.5515840779854
A_HA_H1	1538	1244	A	4	0	1232	24.2021103896104
A_HA_H1	1539	1242	C	6	0	1227	23.7098614506927
A_HA_H1	1540	1210	A	38	0	1199	23.5362802335279
A_HA_H1	1541	1204	G	44	0	1191	22.7623845507976
A_HA_H1	1542	1238	A	10	0	1236	21.955501618123
A_HA_H1	1543	1238	G	10	0	1233	25.9845904298459
A_HA_H1	1544	1226	A	22	0	1222	25.227495908347
A_HA_H1	1545	1240	A	8	0	1235	22.5919028340081
A_HA_H1	1546	1243	A	5	0	1237	23.1608730800323
A_HA_H1	1547	1231	A	16	0	1208	23.7442052980132
A_HA_H1	1548	1223	G	24	0	1186	23.535413153457
A_HA_H1	1549	1230	A	17	0	1222	23.3707037643208
A_HA_H1	1550	1230	T	17	0	1221	22.1646191646192
A_HA_H1	1551	1241	A	6	0	1237	21.7995149555376
A_HA_H1	1552	1234	G	12	0	1213	21.8606760098928
A_HA_H1	1553	1242	A	4	0	1236	22.1909385113269
A_HA_H1	1554	1241	T	5	0	1229	23.8836452400325
A_HA_H1	1555	1240	G	6	0	1234	23.6499189627229
A_HA_H1	1556	1245	G	1	0	1235	24.3514170040486
A_HA_H1	1557	1242	A	4	0	1234	24.469205834684
A_HA_H1	1558	1238	G	8	0	1223	25.0940310711365
A_HA_H1	1559	1233	T	13	0	1227	24.1409942950285
A_HA_H1	1560	1231	A	15	0	1221	24.3906633906634
A_HA_H1	1561	1244	A	2	0	1240	23.9258064516129
A_HA_H1	1562	1244	A	1	0	1232	24.2686688311688
A_HA_H1	1563	1244	G	1	0	1238	25.3029079159935
A_HA_H1	1564	1239	C	6	0	1235	25.4105263157895
A_HA_H1	1565	1241	T	4	0	1236	26.3276699029126
A_HA_H1	1566	1229	G	16	0	1222	25.443535188216
A_HA_H1	1567	1240	G	5	0	1223	25.0245298446443
A_HA_H1	1568	1245	A	0	0	1242	24.7520128824477
A_HA_H1	1569	1243	C	2	0	1227	24.400162999185
A_HA_H1	1570	1196	T	49	0	1178	24.0407470288625
A_HA_H1	1571	1201	C	44	0	1128	23.886524822695
A_HA_H1	1572	1221	A	23	0	1203	23.6134663341646
A_HA_H1	1573	1230	A	14	0	1215	23.3473251028807
A_HA_H1	1574	1228	C	16	0	1200	23.4041666666667
A_HA_H1	1575	1230	A	14	0	1213	22.4740313272877
A_HA_H1	1576	1239	A	5	0	1234	21.757698541329
A_HA_H1	1577	1237	G	7	0	1225	21.2930612244898
A_HA_H1	1578	1239	G	5	0	1227	21.1711491442543
A_HA_H1	1579	1239	A	5	0	1226	21.0986949429038
A_HA_H1	1580	1233	T	10	0	1217	21.2539030402629
A_HA_H1	1581	1241	T	2	0	1235	21.3676113360324
A_HA_H1	1582	1242	T	1	0	1232	21.4123376623377
A_HA_H1	1583	1237	A	6	0	1226	21.0562805872757
A_HA_H1	1584	1231	C	12	0	1217	21.4527526705012
A_HA_H1	1585	1234	C	9	0	1221	21.5741195741196
A_HA_H1	1586	1239	A	4	0	1233	21.7858880778589
A_HA_H1	1587	1219	G	24	0	1202	22.2870216306156
A_HA_H1	1588	1236	A	7	0	1233	22.0973236009732
A_HA_H1	1589	1198	T	45	0	1180	22.0338983050847
A_HA_H1	1590	1237	T	6	0	1232	21.9829545454545
A_HA_H1	1591	1240	T	3	0	1232	23.0892857142857
A_HA_H1	1592	1238	T	5	0	1231	24.557270511779
A_HA_H1	1593	1227	G	16	0	1215	23.880658436214
A_HA_H1	1594	1237	G	6	0	1233	24.2652068126521
A_HA_H1	1595	1230	C	13	0	1201	24.6944213155704
A_HA_H1	1596	1222	A	21	0	1194	24.7236180904523
A_HA_H1	1597	1242	A	1	0	1226	24.2928221859706
A_HA_H1	1598	1235	T	8	0	1230	24.6577235772358
A_HA_H1	1599	1234	C	9	0	1183	24.3998309382925
A_HA_H1	1600	1238	T	5	0	1223	24.3499591169256
A_HA_H1	1601	1241	A	2	0	1221	24.5421785421785
A_HA_H1	1602	1231	T	12	0	1220	23.8983606557377
A_HA_H1	1603	1241	T	2	0	1221	24.012285012285
A_HA_H1	1604	1232	C	11	0	1198	23.6727879799666
A_HA_H1	1605	1239	A	4	0	1212	23.5280528052805
A_HA_H1	1606	1243	A	0	0	1232	23.5332792207792
A_HA_H1	1607	1237	C	6	0	1220	23.9360655737705
A_HA_H1	1608	1233	T	10	0	1225	23.810612244898
A_HA_H1	1609	1238	G	5	0	1231	24.4362307067425
A_HA_H1	1610	1232	T	11	0	1223	23.2935404742437
A_HA_H1	1611	1234	T	9	0	1225	23.294693877551
A_HA_H1	1612	1221	G	22	0	1212	22.9323432343234
A_HA_H1	1613	1220	C	23	0	1212	22.8869636963696
A_HA_H1	1614	1229	C	14	0	1222	24.2864157119476
A_HA_H1	1615	1238	A	5	0	1234	23.8087520259319
A_HA_H1	1616	1240	G	3	0	1230	24.3731707317073
A_HA_H1	1617	1240	T	3	0	1230	23.7065040650407
A_HA_H1	1618	1241	T	2	0	1235	23.936032388664
A_HA_H1	1619	1242	C	0	0	1220	23.2762295081967
A_HA_H1	1620	1240	A	2	0	1234	23.0599675850891
A_HA_H1	1621	1237	T	5	0	1232	23.1672077922078
A_HA_H1	1622	1240	T	2	0	1238	23.3319870759289
A_HA_H1	1623	1228	G	14	0	1221	22.984438984439
A_HA_H1	1624	1237	G	5	0	1234	23.8290113452188
A_HA_H1	1625	1235	T	7	0	1227	24.9942950285249
A_HA_H1	1626	1228	G	14	0	1211	25.3336085879438
A_HA_H1	1627	1230	C	11	0	1212	25.6996699669967
A_HA_H1	1628	1233	T	8	0	1220	26.3827868852459
A_HA_H1	1629	1227	G	13	0	1215	26.8567901234568
A_HA_H1	1630	1222	G	18	0	1213	25.9093157460841
A_HA_H1	1631	1214	T	26	0	1185	25.7864978902954
A_HA_H1	1632	1222	A	18	0	1206	24.8101160862355
A_HA_H1	1633	1230	G	10	0	1161	24.2265288544358
A_HA_H1	1634	1209	T	31	0	1160	23.9870689655172
A_HA_H1	1635	1209	C	30	0	1185	24.2514767932489
A_HA_H1	1636	1227	T	12	0	1211	24.4310487200661
A_HA_H1	1637	1156	C	82	0	1117	24.4413607878245
A_HA_H1	1638	1231	C	7	0	1223	25.0703188879804
A_HA_H1	1639	1204	C	34	0	1195	26.4953974895397
A_HA_H1	1640	1184	T	53	0	1165	26.1914163090129
A_HA_H1	1641	1070	G	167	0	1046	25.7533460803059
A_HA_H1	1642	1181	G	56	0	1178	25.9422750424448
A_HA_H1	1643	1198	G	38	0	1195	25.9857740585774
A_HA_H1	1644	1209	G	27	0	1204	27.7524916943522
A_HA_H1	1645	1222	G	14	0	1214	27.5831960461285
A_HA_H1	1646	1221	C	15	0	1190	26.9126050420168
A_HA_H1	1647	1231	A	5	0	1221	26.2997542997543
A_HA_H1	1648	1234	A	2	0	1225	26.5428571428571
A_HA_H1	1649	1233	T	2	0	1214	26.6820428336079
A_HA_H1	1650	1232	C	3	0	1192	25.5268456375839
A_HA_H1	1651	1232	A	3	0	1223	25.4276369582993
A_HA_H1	1652	1233	G	2	0	1224	25.0841503267974
A_HA_H1	1653	1233	T	2	0	1222	25.1489361702128
A_HA_H1	1654	1232	T	3	0	1228	25.5390879478827
A_HA_H1	1655	1227	T	8	0	1220	25.9401639344262
A_HA_H1	1656	1215	C	20	0	1201	25.9616985845129
A_HA_H1	1657	1231	T	3	0	1222	26.1472995090016
A_HA_H1	1658	1230	G	4	0	1216	26.5230263157895
A_HA_H1	1659	1234	G	0	0	1209	25.1480562448304
A_HA_H1	1660	1234	A	0	0	1231	25.0235580828595
A_HA_H1	1661	1228	T	6	0	1221	25.0720720720721
A_HA_H1	1662	1229	G	5	0	1224	24.4942810457516
A_HA_H1	1663	1231	T	3	0	1188	24.2861952861953
A_HA_H1	1664	1227	G	7	0	1225	24.5910204081633
A_HA_H1	1665	1211	C	22	0	1198	23.8998330550918
A_HA_H1	1666	1222	T	11	0	1212	23.5
A_HA_H1	1667	1218	C	14	0	1166	23.131217838765
A_HA_H1	1668	1207	T	25	0	1162	22.9380378657487
A_HA_H1	1669	1226	A	6	0	1203	22.310889443059
A_HA_H1	1670	1232	A	0	0	1225	21.8318367346939
A_HA_H1	1671	1227	T	5	0	1211	22.1833195706028
A_HA_H1	1672	1211	G	21	0	1183	21.8453085376162
A_HA_H1	1673	1228	G	4	0	1219	21.6398687448728
A_HA_H1	1674	1221	G	9	0	1209	21.6583953680728
A_HA_H1	1675	1157	T	73	0	1148	21.7247386759582
A_HA_H1	1676	1157	C	73	0	1127	21.4968944099379
A_HA_H1	1677	1225	T	5	0	1216	21.1710526315789
A_HA_H1	1678	1163	C	65	0	1130	21.4991150442478
A_HA_H1	1679	1219	T	9	0	1197	22.1779448621554
A_HA_H1	1680	1219	A	9	0	1212	21.0173267326733
A_HA_H1	1681	1225	C	3	0	1215	21.1325102880658
A_HA_H1	1682	1223	A	5	0	1215	20.7604938271605
A_HA_H1	1683	1219	G	9	0	1215	20.3374485596708
A_HA_H1	1684	1218	T	10	0	1206	20.5514096185738
A_HA_H1	1685	1219	G	8	0	1213	20.5589447650453
A_HA_H1	1686	1207	T	19	0	1197	20.7644110275689
A_HA_H1	1687	1207	A	18	0	1190	19.4058823529412
A_HA_H1	1688	1215	G	10	0	1202	18.8361064891847
A_HA_H1	1689	1216	A	9	0	1199	18.5504587155963
A_HA_H1	1690	1216	A	7	0	1206	19.304311774461
A_HA_H1	1691	1215	T	7	0	1194	18.7026800670017
A_HA_H1	1692	1215	A	7	0	1202	18.3485856905158
A_HA_H1	1693	1217	T	1	0	1211	17.9298100743187
A_HA_H1	1694	1217	G	0	0	1212	17.5247524752475
A_HA_H1	1695	1215	T	1	0	1210	17.4157024793388
A_HA_H1	1696	1214	A	0	0	1206	17.1583747927031
A_HA_H1	1697	1214	T	0	0	1197	16.7894736842105
A_HA_H1	1698	1213	T	0	0	1210	16.9107438016529
A_HA_H1	1699	1198	T	0	0	1193	17.105616093881
A_HA_H1	1700	1189	A	0	0	1189	17.067283431455
A_HA_H1	1701	1185	A	0	0	1185	18.0540084388186
