Reference_Name	Position	Coverage Depth	Consensus	Deletions	Ambiguous	Consensus_Count	Consensus_Average_Quality
A_MP	1	1121	A	0	0	1121	21.235504014273
A_MP	2	1127	T	0	0	1127	20.7604259094942
A_MP	3	1137	G	0	0	1119	18.8829311885612
A_MP	4	1164	A	0	0	1155	18.5878787878788
A_MP	5	1169	G	5	0	1168	18.6181506849315
A_MP	6	1160	T	20	0	1148	18.8562717770035
A_MP	7	1168	C	13	0	1158	19.7685664939551
A_MP	8	1169	T	22	0	1164	20.1993127147766
A_MP	9	1190	T	5	0	1177	20.9668649107901
A_MP	10	1169	C	27	0	1143	21.4225721784777
A_MP	11	1197	T	2	0	1169	21.9281437125749
A_MP	12	1194	A	8	0	1169	21.2583404619333
A_MP	13	1201	A	2	0	1196	20.9724080267559
A_MP	14	1196	C	7	0	1190	22.3873949579832
A_MP	15	1200	C	3	0	1176	22.125
A_MP	16	1199	G	5	0	1171	20.1494449188728
A_MP	17	1203	A	1	0	1194	19.748743718593
A_MP	18	1192	G	12	0	1182	19.8037225042301
A_MP	19	1202	G	2	0	1183	19.9788672865596
A_MP	20	1201	T	3	0	1182	20.3578680203046
A_MP	21	1199	C	5	0	1148	19.7560975609756
A_MP	22	1100	G	106	0	1028	18.2568093385214
A_MP	23	1181	A	25	0	1171	16.8505550811272
A_MP	24	1199	A	7	0	1188	17.1372053872054
A_MP	25	1201	A	5	0	1179	19.5326547921968
A_MP	26	1197	C	9	0	1143	20.4741907261592
A_MP	27	1185	G	21	0	1088	18.0799632352941
A_MP	28	1191	T	16	0	1169	17.0359281437126
A_MP	29	1194	A	13	0	1131	16.0954907161804
A_MP	30	1178	C	29	0	1116	16.005376344086
A_MP	31	1192	G	15	0	1127	15.9165927240461
A_MP	32	1179	T	28	0	1156	15.9584775086505
A_MP	33	1183	T	24	0	1162	17.0808950086059
A_MP	34	1181	C	26	0	1127	17.0523513753327
A_MP	35	1169	T	38	0	1134	19.0194003527337
A_MP	36	1178	T	29	0	1162	19.7160068846816
A_MP	37	1176	T	31	0	1149	20.4577893820714
A_MP	38	1169	C	38	0	1141	19.8886941279579
A_MP	39	1184	T	23	0	1157	19.6871218668971
A_MP	40	1202	A	5	0	1183	18.5502958579882
A_MP	41	1204	T	3	0	1194	18.2278056951424
A_MP	42	1199	C	8	0	1172	18.4803754266212
A_MP	43	1204	A	3	0	1163	17.7901977644024
A_MP	44	1202	T	5	0	1194	18.0410385259631
A_MP	45	1172	C	35	0	1150	18.5817391304348
A_MP	46	1204	C	4	0	1190	18.8756302521008
A_MP	47	1201	C	7	0	1170	20.6709401709402
A_MP	48	1200	G	8	0	1159	18.8705780845556
A_MP	49	1206	T	2	0	1197	18.6374269005848
A_MP	50	1166	C	42	0	1144	18.284965034965
A_MP	51	1202	A	6	0	1191	18.3442485306465
A_MP	52	1192	G	16	0	1190	19.8857142857143
A_MP	53	1192	G	16	0	1188	19.8198653198653
A_MP	54	1119	C	89	0	1109	19.9765554553652
A_MP	55	1183	C	25	0	1174	21.0630323679727
A_MP	56	1202	C	6	0	1199	22.1434528773978
A_MP	57	1206	C	2	0	1201	23.4129891756869
A_MP	58	1179	C	29	0	1171	25.3014517506405
A_MP	59	1175	T	33	0	1170	24.5025641025641
A_MP	60	1180	C	28	0	1136	21.431338028169
A_MP	61	1199	A	9	0	1150	20.6930434782609
A_MP	62	1209	A	0	0	1205	19.6887966804979
A_MP	63	1208	A	1	0	1195	20.202510460251
A_MP	64	1208	G	1	0	1198	20.2136894824708
A_MP	65	1206	C	3	0	1203	21.5752285951787
A_MP	66	1208	C	1	0	1197	20.6541353383459
A_MP	67	1173	G	36	0	1153	19.3200346921075
A_MP	68	1188	A	21	0	1178	18.911714770798
A_MP	69	1175	G	34	0	1140	18.8850877192982
A_MP	70	1206	A	3	0	1201	19.2797668609492
A_MP	71	1208	T	1	0	1202	19.396006655574
A_MP	72	1199	C	10	0	1102	19.0816696914701
A_MP	73	1196	G	13	0	1180	16.5016949152542
A_MP	74	1202	C	7	0	1195	16.4836820083682
A_MP	75	1197	A	12	0	1176	16.5085034013605
A_MP	76	1200	C	9	0	1193	18.2942162615256
A_MP	77	1193	A	16	0	1187	22.0775063184499
A_MP	78	1190	G	19	0	1178	21.0840407470289
A_MP	79	1203	A	6	0	1200	20.5333333333333
A_MP	80	1191	G	18	0	1176	22.2304421768707
A_MP	81	1202	A	7	0	1194	21.0745393634841
A_MP	82	1200	C	9	0	1186	20.3524451939292
A_MP	83	1203	T	6	0	1196	20.5610367892977
A_MP	84	1199	G	10	0	1187	20.9789385004212
A_MP	85	1205	G	4	0	1198	21.0267111853088
A_MP	86	1189	A	20	0	1182	21.5583756345178
A_MP	87	1203	A	6	0	1200	22.5525
A_MP	88	1200	A	9	0	1177	22.0135938827528
A_MP	89	1199	G	10	0	1175	21.1727659574468
A_MP	90	1205	T	4	0	1178	20.0373514431239
A_MP	91	1206	G	3	0	1195	19.8652719665272
A_MP	92	1198	T	11	0	1186	19.2672849915683
A_MP	93	1202	C	7	0	1179	18.9465648854962
A_MP	94	1186	T	23	0	1179	19.1136556403732
A_MP	95	1197	T	12	0	1190	19.3487394957983
A_MP	96	1194	T	15	0	1175	22.6655319148936
A_MP	97	1188	G	21	0	1167	21.0839760068552
A_MP	98	1196	C	13	0	1171	21.2493595217763
A_MP	99	1184	A	25	0	1165	20.212017167382
A_MP	100	1180	G	29	0	1175	19.8842553191489
A_MP	101	1077	G	132	0	1073	20.4836905871389
A_MP	102	1072	A	137	0	1053	19.8309591642925
A_MP	103	1202	A	7	0	1197	19.7050960735171
A_MP	104	1202	A	7	0	1186	20.5016863406408
A_MP	105	1201	G	8	0	1160	19.8646551724138
A_MP	106	1130	A	79	0	1116	20.7697132616487
A_MP	107	1198	A	11	0	1185	19.7274261603376
A_MP	108	1199	C	10	0	1180	17.4830508474576
A_MP	109	1199	A	10	0	1170	17.4247863247863
A_MP	110	1201	C	8	0	1188	25.2828282828283
A_MP	111	1188	A	21	0	1165	19.8223175965665
A_MP	112	1190	G	19	0	1155	18.2225108225108
A_MP	113	1196	A	13	0	1175	18.868085106383
A_MP	114	1189	T	20	0	1179	18.295165394402
A_MP	115	1198	C	11	0	1183	18.3753169907016
A_MP	116	1165	T	44	0	1149	19.0417754569191
A_MP	117	1206	T	3	0	1191	19.6053736356003
A_MP	118	1199	G	10	0	1183	19.0312764158918
A_MP	119	1204	A	5	0	1197	19.5455304928989
A_MP	120	1207	G	2	0	1203	21.1521197007481
A_MP	121	1208	G	1	0	1208	21.9718543046358
A_MP	122	1208	C	1	0	1200	22.1633333333333
A_MP	123	1209	T	0	0	1195	21.7054393305439
A_MP	124	1206	A	3	0	1189	20.9024390243902
A_MP	125	1205	T	4	0	1201	20.1074104912573
A_MP	126	1202	C	7	0	1182	19.4137055837563
A_MP	127	1207	A	2	0	1198	19.1176961602671
A_MP	128	1205	T	4	0	1196	19.3929765886288
A_MP	129	1188	G	21	0	1179	19.7294317217981
A_MP	130	1206	G	3	0	1189	19.8999158957107
A_MP	131	1204	A	5	0	1190	20.8915966386555
A_MP	132	1206	A	3	0	1192	21.9605704697987
A_MP	133	1205	T	4	0	1187	21.1592249368155
A_MP	134	1205	G	4	0	1180	20.8474576271186
A_MP	135	1205	G	4	0	1193	20.8415758591785
A_MP	136	1202	C	7	0	1189	20.8006728343146
A_MP	137	1174	T	35	0	1135	21.6105726872247
A_MP	138	1177	A	32	0	1125	20.944
A_MP	139	1197	A	12	0	1174	20.4139693356048
A_MP	140	1200	A	9	0	1186	20.6424957841484
A_MP	141	1204	G	5	0	1177	20.7901444350042
A_MP	142	1196	A	13	0	1167	20.0454155955441
A_MP	143	1207	C	2	0	1188	19.5311447811448
A_MP	144	1187	A	22	0	1178	18.9889643463497
A_MP	145	1200	A	9	0	1191	18.3585222502099
A_MP	146	1201	G	8	0	1178	18.5322580645161
A_MP	147	1196	A	13	0	1184	18.8690878378378
A_MP	148	1200	C	9	0	1184	18.7728040540541
A_MP	149	1206	C	3	0	1199	18.535446205171
A_MP	150	1204	A	5	0	1184	18.5641891891892
A_MP	151	1208	A	1	0	1201	18.7918401332223
A_MP	152	1202	T	7	0	1195	17.8820083682008
A_MP	153	1202	C	6	0	1157	17.6508210890233
A_MP	154	1189	T	19	0	1178	17.9227504244482
A_MP	155	1206	T	2	0	1194	18.7889447236181
A_MP	156	1205	G	3	0	1199	19.8782318598832
A_MP	157	1206	T	2	0	1194	19.5628140703518
A_MP	158	1203	C	5	0	1196	19.6605351170569
A_MP	159	1205	A	3	0	1199	19.4895746455379
A_MP	160	1203	C	5	0	1201	20.225645295587
A_MP	161	1201	C	7	0	1198	22.1126878130217
A_MP	162	1201	T	7	0	1193	22.2833193629505
A_MP	163	1196	C	12	0	1179	22.7506361323155
A_MP	164	1200	T	8	0	1192	23.0058724832215
A_MP	165	1204	G	4	0	1191	22.6011754827876
A_MP	166	1206	A	2	0	1188	21.6355218855219
A_MP	167	1203	C	5	0	1182	21.2994923857868
A_MP	168	1206	T	2	0	1201	19.7318900915903
A_MP	169	1191	A	17	0	1176	18.5408163265306
A_MP	170	1196	A	12	0	1189	18.5071488645921
A_MP	171	1189	G	19	0	1186	18.8566610455312
A_MP	172	1206	G	2	0	1204	19.9435215946844
A_MP	173	1205	G	2	0	1178	20.6528013582343
A_MP	174	1199	A	8	0	1186	21.70826306914
A_MP	175	1205	A	2	0	1182	20.8020304568528
A_MP	176	1198	T	8	0	1161	19.3781223083549
A_MP	177	1201	T	4	0	1186	20.3102866779089
A_MP	178	1203	T	2	0	1189	20.8553406223717
A_MP	179	1201	T	3	0	1163	22.536543422184
A_MP	180	1188	A	16	0	1149	17.7023498694517
A_MP	181	1199	G	5	0	1187	17.2965459140691
A_MP	182	1190	G	14	0	1179	17.0568278201866
A_MP	183	1187	A	17	0	1143	19.1504811898513
A_MP	184	1185	T	18	0	1164	18.9158075601375
A_MP	185	1199	T	4	0	1186	18.7613827993255
A_MP	186	1197	T	6	0	1171	19.8847139197267
A_MP	187	1193	G	10	0	1175	19.6051063829787
A_MP	188	1195	T	8	0	1178	20.6646859083192
A_MP	189	1187	G	16	0	1160	25.3551724137931
A_MP	190	1156	T	47	0	1141	26.4583698510079
A_MP	191	1196	T	7	0	1180	18.2762711864407
A_MP	192	1193	C	10	0	1157	17.1547104580812
A_MP	193	1196	A	7	0	1178	17.3259762308998
A_MP	194	1195	C	8	0	1146	18.8787085514834
A_MP	195	1198	G	5	0	1184	18.0962837837838
A_MP	196	1197	C	6	0	1190	17.953781512605
A_MP	197	1198	T	5	0	1182	18.7098138747885
A_MP	198	1182	C	20	0	1153	19.0355594102342
A_MP	199	1199	A	3	0	1182	20.5541455160744
A_MP	200	1190	C	12	0	1186	21.3086003372681
A_MP	201	1199	C	3	0	1173	19.9352088661552
A_MP	202	1195	G	7	0	1184	18.6461148648649
A_MP	203	1199	T	3	0	1193	19.0410729253982
A_MP	204	1189	G	13	0	1169	19.2805816937553
A_MP	205	1191	C	11	0	1174	20.5494037478705
A_MP	206	1198	C	4	0	1196	22.5560200668896
A_MP	207	1196	C	6	0	1188	23.483164983165
A_MP	208	1186	A	16	0	1172	22.2977815699659
A_MP	209	1196	G	6	0	1193	21.9958088851635
A_MP	210	1199	T	3	0	1192	20.631711409396
A_MP	211	1177	G	25	0	1142	18.8817863397548
A_MP	212	1173	A	29	0	1167	18.369323050557
A_MP	213	1183	G	19	0	1180	18.1194915254237
A_MP	214	1186	C	16	0	1165	18.1982832618026
A_MP	215	1170	G	31	0	1125	16.8248888888889
A_MP	216	1183	A	18	0	1171	16.269854824936
A_MP	217	1176	G	25	0	1164	16.4321305841924
A_MP	218	1182	G	19	0	1163	16.7394668959587
A_MP	219	1175	A	26	0	1151	18.6107732406603
A_MP	220	1188	C	13	0	1177	18.2412914188615
A_MP	221	1197	T	4	0	1176	18.7423469387755
A_MP	222	1179	G	22	0	1163	18.5717970765262
A_MP	223	1176	C	25	0	1162	18.7246127366609
A_MP	224	1194	A	7	0	1176	17.2848639455782
A_MP	225	1199	G	2	0	1189	16.7047939444912
A_MP	226	1199	C	0	0	1183	16.8343195266272
A_MP	227	1194	G	5	0	1186	16.0514333895447
A_MP	228	1193	T	6	0	1184	16.3268581081081
A_MP	229	1176	A	22	0	1160	15.7939655172414
A_MP	230	1179	G	19	0	1155	15.8536796536797
A_MP	231	1193	A	5	0	1185	16.5147679324895
A_MP	232	1194	C	4	0	1164	17.8694158075601
A_MP	233	1198	G	0	0	1179	17.1145038167939
A_MP	234	1191	C	7	0	1186	17.9198988195616
A_MP	235	1187	T	10	0	1182	18.2208121827411
A_MP	236	1194	T	3	0	1188	18.7744107744108
A_MP	237	1195	T	2	0	1188	22.8038720538721
A_MP	238	1192	A	5	0	1175	21.0868085106383
A_MP	239	1193	T	4	0	1184	20.1469594594595
A_MP	240	1186	C	11	0	1175	20.1744680851064
A_MP	241	1195	C	2	0	1186	20.4241146711636
A_MP	242	1180	A	17	0	1176	20.8290816326531
A_MP	243	1194	A	3	0	1188	22.986531986532
A_MP	244	1195	A	1	0	1187	23.1288963774221
A_MP	245	1195	A	1	0	1186	23.8288364249578
A_MP	246	1193	T	2	0	1182	22.2021996615905
A_MP	247	1193	G	2	0	1188	21.3013468013468
A_MP	248	1181	C	13	0	1177	21.3474936278675
A_MP	249	1187	C	7	0	1178	21.5492359932088
A_MP	250	1190	C	4	0	1183	22.6280642434489
A_MP	251	1188	T	6	0	1173	22.694799658994
A_MP	252	1180	A	14	0	1153	20.8699045967042
A_MP	253	1194	A	0	0	1187	20.4187026116259
A_MP	254	1194	A	0	0	1177	20.9048428207307
A_MP	255	1191	T	2	0	1182	20.9932318104907
A_MP	256	1188	G	5	0	1185	21.3274261603376
A_MP	257	1189	G	4	0	1181	20.5097375105843
A_MP	258	1183	A	10	0	1159	19.3037100949094
A_MP	259	1191	A	1	0	1173	20.7144075021313
A_MP	260	1178	A	4	0	1128	19.1648936170213
A_MP	261	1176	T	5	0	1167	18.8183376178235
A_MP	262	1091	G	90	0	1046	18.1921606118547
A_MP	263	1156	G	22	0	1064	17.890037593985
A_MP	264	1168	G	9	0	1109	17.580703336339
A_MP	265	1164	G	12	0	1029	19.044703595724
A_MP	266	1161	A	15	0	1114	18.0278276481149
A_MP	267	1146	C	30	0	922	18.0618221258134
A_MP	268	1132	C	43	0	962	17.9251559251559
A_MP	269	1117	C	58	0	1015	17.3044334975369
A_MP	270	1020	G	154	0	878	16.8097949886105
A_MP	271	1151	A	23	0	1140	15.659649122807
A_MP	272	1161	A	13	0	1152	16.4001736111111
A_MP	273	1162	C	12	0	1148	17.6175958188153
A_MP	274	1165	A	9	0	1123	21.0525378450579
A_MP	275	1170	A	4	0	1163	19.8271711092003
A_MP	276	1170	C	4	0	1161	20.2420327304048
A_MP	277	1172	A	2	0	1164	20.2731958762887
A_MP	278	1168	T	5	0	1164	21.4853951890034
A_MP	279	1164	G	9	0	1114	20.0942549371634
A_MP	280	1169	G	4	0	1126	19.7460035523979
A_MP	281	1167	A	5	0	1162	19.8881239242685
A_MP	282	1164	T	8	0	1147	19.0714908456844
A_MP	283	1110	A	62	0	1101	18.9464123524069
A_MP	284	1134	G	37	0	1080	18.312962962963
A_MP	285	1168	A	3	0	1157	17.7320656871219
A_MP	286	1168	G	3	0	1161	18.3927648578811
A_MP	287	1166	C	4	0	1162	19.1609294320138
A_MP	288	1167	A	3	0	1141	20.5758106923751
A_MP	289	1160	G	9	0	1142	20.0954465849387
A_MP	290	1165	T	4	0	1157	19.0276577355229
A_MP	291	1164	T	5	0	1154	18.8214904679376
A_MP	292	1154	A	15	0	1125	18.36
A_MP	293	1164	G	5	0	1137	18.197889182058
A_MP	294	1150	A	19	0	1129	19.1913197519929
A_MP	295	1165	C	4	0	1141	20.1340929009641
A_MP	296	1166	T	3	0	1154	19.655979202773
A_MP	297	1159	A	9	0	1104	19.4048913043478
A_MP	298	1166	T	2	0	1155	18.5480519480519
A_MP	299	1162	A	6	0	1141	18.2585451358458
A_MP	300	1161	C	7	0	1144	18.1835664335664
A_MP	301	1130	A	38	0	1114	19.4955116696589
A_MP	302	1148	A	18	0	1124	19.6992882562278
A_MP	303	1153	G	13	0	1131	19.9345711759505
A_MP	304	1148	A	18	0	1140	20.1245614035088
A_MP	305	1162	A	4	0	1152	20.7309027777778
A_MP	306	1160	A	5	0	1147	21.231037489102
A_MP	307	1157	C	6	0	1146	20.6439790575916
A_MP	308	1150	T	13	0	1141	20.7537248028046
A_MP	309	1137	C	26	0	1097	20.6317228805834
A_MP	310	1027	A	136	0	988	20.3502024291498
A_MP	311	1154	A	9	0	1141	20.5372480280456
A_MP	312	1157	A	6	0	1136	21.544014084507
A_MP	313	1157	A	6	0	1142	23.4133099824869
A_MP	314	1157	G	6	0	1144	22.5270979020979
A_MP	315	1152	A	11	0	1137	21.6939313984169
A_MP	316	1148	G	13	0	1129	24.7121346324181
A_MP	317	1150	A	11	0	1128	23.1019503546099
A_MP	318	1155	A	6	0	1142	20.954465849387
A_MP	319	1153	A	7	0	1141	22.1148115687993
A_MP	320	1153	T	6	0	1135	20.7515418502203
A_MP	321	1143	A	16	0	1135	19.8511013215859
A_MP	322	1134	A	25	0	1126	19.9751332149201
A_MP	323	1139	C	20	0	1110	19.1846846846847
A_MP	324	1153	G	4	0	1136	17.7209507042254
A_MP	325	1149	T	8	0	1137	17.584872471416
A_MP	326	1153	T	4	0	1144	17.7298951048951
A_MP	327	1122	C	35	0	1106	18.2667269439421
A_MP	328	1146	C	11	0	1132	20.8595406360424
A_MP	329	1152	A	4	0	1145	20.4620087336245
A_MP	330	1150	T	6	0	1131	20.6030061892131
A_MP	331	1118	G	38	0	1078	20.1604823747681
A_MP	332	1139	G	17	0	1120	19.4625
A_MP	333	1137	G	15	0	1123	19.8165627782725
A_MP	334	1132	G	19	0	1116	21.1953405017921
A_MP	335	1130	C	20	0	1123	20.6482635796972
A_MP	336	1133	C	17	0	1110	21.2288288288288
A_MP	337	1072	A	77	0	1022	20.4275929549902
A_MP	338	1099	A	50	0	1085	20.9023041474654
A_MP	339	1112	A	37	0	1092	20.706043956044
A_MP	340	1117	G	29	0	1091	20.0348304307974
A_MP	341	1134	A	11	0	1118	20.5724508050089
A_MP	342	1127	A	18	0	1104	20.5896739130435
A_MP	343	1113	G	32	0	1056	20.3106060606061
A_MP	344	1134	T	11	0	1125	19.152
A_MP	345	1128	G	17	0	1095	18.9881278538813
A_MP	346	1133	T	11	0	1110	18.618018018018
A_MP	347	1137	C	7	0	1103	18.7561196736174
A_MP	348	1138	A	6	0	1084	18.5876383763838
A_MP	349	1136	C	8	0	1129	18.4977856510186
A_MP	350	1140	T	4	0	1130	19.0318584070796
A_MP	351	1097	A	46	0	1051	18.7992388201713
A_MP	352	1134	A	8	0	1105	18.4841628959276
A_MP	353	1132	G	10	0	1131	18.0689655172414
A_MP	354	1137	C	3	0	1113	19.492362982929
A_MP	355	1137	T	3	0	1129	20.1904340124004
A_MP	356	1132	A	8	0	1105	19.6497737556561
A_MP	357	1133	T	6	0	1117	19.2712623097583
A_MP	358	1137	T	2	0	1123	19.2920747996438
A_MP	359	1130	C	8	0	1104	19.4655797101449
A_MP	360	1136	A	2	0	1096	19.7655109489051
A_MP	361	1137	A	1	0	1121	21.1552185548617
A_MP	362	1136	C	1	0	1130	21.8548672566372
A_MP	363	1133	T	4	0	1125	22.12
A_MP	364	1129	G	8	0	1117	23.3357206803939
A_MP	365	1133	G	3	0	1128	22.438829787234
A_MP	366	1133	T	2	0	1123	22.4479073909172
A_MP	367	1128	G	6	0	1101	21.7747502270663
A_MP	368	1124	C	8	0	1104	21.7853260869565
A_MP	369	1120	A	12	0	1100	21.1281818181818
A_MP	370	1120	C	11	0	1109	21.0234445446348
A_MP	371	1085	T	46	0	1058	20.8081285444234
A_MP	372	1122	T	9	0	1109	20.238954012624
A_MP	373	1118	G	13	0	1076	20.3382899628253
A_MP	374	1121	C	9	0	1114	20.149012567325
A_MP	375	1124	A	5	0	1099	21.2929936305732
A_MP	376	1129	A	0	0	1108	20.2590252707581
A_MP	377	1127	G	2	0	1113	21.0943396226415
A_MP	378	1120	T	9	0	1106	20.5144665461121
A_MP	379	1124	T	5	0	1109	20.7727682596934
A_MP	380	1118	G	10	0	1096	20.9981751824818
A_MP	381	1122	C	5	0	1116	21.0439068100358
A_MP	382	1123	A	4	0	1120	21.225
A_MP	383	1122	T	4	0	1117	20.6257833482543
A_MP	384	1120	G	6	0	1101	20.7829246139873
A_MP	385	1121	G	5	0	1112	20.533273381295
A_MP	386	1116	G	10	0	1100	20.9436363636364
A_MP	387	1112	C	13	0	1108	21.9449458483755
A_MP	388	1117	C	8	0	1112	22.0476618705036
A_MP	389	1112	T	13	0	1103	21.3989120580236
A_MP	390	1111	C	14	0	1067	20.2314901593252
A_MP	391	1087	A	38	0	1053	19.2583095916429
A_MP	392	1092	T	33	0	1076	18.0511152416357
A_MP	393	1109	A	15	0	1082	17.1931608133087
A_MP	394	1107	T	16	0	1096	17.9990875912409
A_MP	395	1099	A	23	0	1060	16.4688679245283
A_MP	396	1097	C	24	0	1081	16.1470860314524
A_MP	397	1112	A	9	0	1098	16.1566484517304
A_MP	398	1117	A	4	0	1114	17.0314183123878
A_MP	399	1117	C	4	0	1100	18.1209090909091
A_MP	400	1119	A	2	0	1100	19.1527272727273
A_MP	401	1116	G	4	0	1109	19.8548241659152
A_MP	402	1116	G	4	0	1112	19.7868705035971
A_MP	403	1118	A	1	0	1118	19.4347048300537
A_MP	404	1118	T	1	0	1115	20.190134529148
A_MP	405	1099	G	20	0	1093	19.8746569075938
A_MP	406	1118	G	0	0	1113	20.7996406109614
A_MP	407	1114	G	3	0	1096	20.8010948905109
A_MP	408	1110	A	7	0	1092	22.9551282051282
A_MP	409	1110	A	7	0	1092	22.6840659340659
A_MP	410	1110	C	7	0	1101	22.0826521344233
A_MP	411	1112	A	4	0	1098	21.6666666666667
A_MP	412	1109	G	7	0	1099	21.9381255686988
A_MP	413	1112	T	3	0	1101	22.0172570390554
A_MP	414	1108	G	7	0	1069	21.4817586529467
A_MP	415	1107	A	8	0	1068	21.4250936329588
A_MP	416	1106	C	9	0	1097	21.0154968094804
A_MP	417	1105	C	10	0	1097	21.2260711030082
A_MP	418	1102	A	13	0	1089	20.8980716253444
A_MP	419	1113	C	2	0	1107	21.8274616079494
A_MP	420	1100	A	15	0	1079	21.0213160333642
A_MP	421	1102	G	12	0	1089	20.564738292011
A_MP	422	1108	A	4	0	1102	20.3039927404719
A_MP	423	1111	A	1	0	1105	19.8841628959276
A_MP	424	1106	G	6	0	1098	20.2595628415301
A_MP	425	1103	C	7	0	1086	20.9465930018416
A_MP	426	1106	T	3	0	1086	21.5294659300184
A_MP	427	1098	G	11	0	1092	22.6639194139194
A_MP	428	1104	C	4	0	1097	23.0045578851413
A_MP	429	1071	T	35	0	1058	22.109640831758
A_MP	430	1102	T	4	0	1098	22.2222222222222
A_MP	431	1096	T	9	0	1093	23.3339432753888
A_MP	432	1082	C	22	0	1028	21.8550583657588
A_MP	433	1096	G	8	0	1075	19.9748837209302
A_MP	434	1097	G	6	0	1087	19.8500459981601
A_MP	435	1088	T	15	0	1065	19.9840375586854
A_MP	436	1067	C	34	0	1037	20.771456123433
A_MP	437	1064	T	37	0	1028	22.4348249027237
A_MP	438	1083	A	18	0	1047	21.5348615090735
A_MP	439	1089	G	12	0	1062	20.8531073446328
A_MP	440	1079	T	22	0	1061	20.009425070688
A_MP	441	1092	T	9	0	1072	20.1054104477612
A_MP	442	1092	T	9	0	1065	20.9342723004695
A_MP	443	1088	G	12	0	1035	21.3169082125604
A_MP	444	1094	T	6	0	1080	21.7138888888889
A_MP	445	1086	G	13	0	1076	22.0762081784387
A_MP	446	1085	C	13	0	1076	21.9563197026022
A_MP	447	1094	C	3	0	1067	23.3298969072165
A_MP	448	1095	A	2	0	1074	23.3435754189944
A_MP	449	1092	C	4	0	1082	23.3170055452865
A_MP	450	1077	T	19	0	1051	23.2664129400571
A_MP	451	1088	T	8	0	1075	23.7925581395349
A_MP	452	1087	G	8	0	1069	24.1936389148737
A_MP	453	1090	T	5	0	1078	25.5417439703154
A_MP	454	1088	G	5	0	1073	24.1519105312209
A_MP	455	1080	A	13	0	1068	23.8492509363296
A_MP	456	1088	A	4	0	1072	23.8852611940299
A_MP	457	1086	C	6	0	1061	25.13383600377
A_MP	458	1083	A	9	0	1071	25.3510737628385
A_MP	459	1079	G	13	0	1033	24.3804453049371
A_MP	460	1088	A	3	0	1075	23.2362790697674
A_MP	461	1083	T	7	0	1067	23.5117150890347
A_MP	462	1084	T	6	0	1072	22.8740671641791
A_MP	463	1074	G	16	0	1054	23.415559772296
A_MP	464	1079	C	11	0	1063	24.0470366886171
A_MP	465	1084	T	6	0	1069	24.7736202057998
A_MP	466	1083	G	7	0	1014	23.6873767258383
A_MP	467	1086	A	4	0	1077	22.9071494893222
A_MP	468	1081	T	7	0	1072	23.6763059701493
A_MP	469	1084	T	4	0	1071	23.0597572362278
A_MP	470	1076	C	11	0	1046	24.0200764818356
A_MP	471	1076	A	11	0	1031	23.9786614936954
A_MP	472	1077	C	10	0	1057	24.3595080416272
A_MP	473	1083	A	4	0	1056	23.1837121212121
A_MP	474	1074	G	11	0	1057	22.5789971617786
A_MP	475	1077	C	8	0	1068	23.7453183520599
A_MP	476	1077	A	8	0	1066	22.9230769230769
A_MP	477	1077	T	8	0	1060	23.1811320754717
A_MP	478	1068	C	16	0	1008	22.171626984127
A_MP	479	1064	G	20	0	1009	19.6620416253717
A_MP	480	1068	G	16	0	1036	19.4517374517375
A_MP	481	1057	T	27	0	1038	19.5125240847784
A_MP	482	1060	C	24	0	1018	20.4567779960707
A_MP	483	1070	T	13	0	1053	22.3447293447293
A_MP	484	1064	C	19	0	1031	21.9000969932105
A_MP	485	1065	A	18	0	1047	22.0630372492837
A_MP	486	1072	C	11	0	1040	23.5355769230769
A_MP	487	1069	A	14	0	1056	21.6268939393939
A_MP	488	1061	G	21	0	1034	20.9158607350097
A_MP	489	1073	A	9	0	1052	21.7813688212928
A_MP	490	1073	C	8	0	1054	21.6783681214421
A_MP	491	1054	A	27	0	1042	21.9001919385797
A_MP	492	1078	A	3	0	1054	22.6100569259962
A_MP	493	1077	A	4	0	1064	24.2509398496241
A_MP	494	1077	T	3	0	1054	25.0407969639469
A_MP	495	1073	G	7	0	1054	26.3444022770398
A_MP	496	1075	G	5	0	1063	25.997177798683
A_MP	497	1064	C	15	0	1044	26.9626436781609
A_MP	498	1064	T	12	0	1025	26.7824390243902
A_MP	499	1053	A	22	0	1002	25.5708582834331
A_MP	500	1064	C	11	0	1046	24.9493307839388
A_MP	501	1062	T	13	0	1017	23.944936086529
A_MP	502	1043	A	32	0	1013	24.1668311944719
A_MP	503	1063	C	12	0	1048	24.5429389312977
A_MP	504	1058	C	15	0	1038	25.0231213872832
A_MP	505	1056	A	16	0	1029	24.5092322643343
A_MP	506	1059	C	13	0	1050	27.0752380952381
A_MP	507	1047	A	24	0	1028	24.2762645914397
A_MP	508	1061	A	10	0	1046	24.2973231357553
A_MP	509	1059	A	12	0	1034	24.8665377176015
A_MP	510	1058	T	13	0	1016	25.0088582677165
A_MP	511	1057	C	13	0	1010	26.8247524752475
A_MP	512	1063	C	6	0	1022	27.1262230919765
A_MP	513	1059	A	10	0	994	27.0955734406439
A_MP	514	1051	C	17	0	990	27.6878787878788
A_MP	515	1058	T	10	0	973	26.2096608427544
A_MP	516	1054	A	14	0	1003	25.21036889332
A_MP	517	1056	A	12	0	1029	25.5218658892128
A_MP	518	1055	T	11	0	1044	26.2787356321839
A_MP	519	1023	C	43	0	928	25.510775862069
A_MP	520	1028	A	38	0	944	24.9491525423729
A_MP	521	991	G	74	0	963	24.7746625129803
A_MP	522	1050	G	14	0	1023	23.8856304985337
A_MP	523	1043	C	20	0	1022	23.7074363992172
A_MP	524	1051	A	12	0	968	24.5743801652893
A_MP	525	1049	T	13	0	958	24.9707724425887
A_MP	526	1018	G	43	0	885	24.8101694915254
A_MP	527	917	A	144	0	807	24.6133828996283
A_MP	528	1012	A	48	0	928	24.5948275862069
A_MP	529	1047	A	11	0	1032	26.9874031007752
A_MP	530	1048	A	10	0	1031	28.2570320077595
A_MP	531	1045	C	12	0	1028	28.5204280155642
A_MP	532	1042	A	14	0	1017	27.5545722713864
A_MP	533	1041	G	15	0	1006	27.9502982107356
A_MP	534	1043	A	13	0	1035	27.7661835748792
A_MP	535	1043	A	12	0	1029	28.1418853255588
A_MP	536	1043	T	12	0	1029	28.9222546161322
A_MP	537	1047	G	8	0	1030	29.7504854368932
A_MP	538	1044	G	8	0	1035	30.8695652173913
A_MP	539	1044	T	8	0	1034	31.0145067698259
A_MP	540	1032	G	20	0	1013	30.8815399802567
A_MP	541	1041	C	11	0	1013	30.0454096742349
A_MP	542	1045	T	7	0	1034	29.6257253384913
A_MP	543	1041	G	11	0	1035	28.7111111111111
A_MP	544	1045	G	7	0	1042	28.7159309021113
A_MP	545	1041	C	9	0	1034	30.5483558994197
A_MP	546	1037	T	12	0	1012	28.8428853754941
A_MP	547	1036	A	13	0	1021	27.6336924583741
A_MP	548	1037	G	12	0	1017	27.1248770894789
A_MP	549	1043	C	6	0	1040	27.3346153846154
A_MP	550	1040	A	9	0	1024	27.6015625
A_MP	551	1039	C	10	0	1029	28.9154518950437
A_MP	552	1040	T	8	0	1017	28.0855457227139
A_MP	553	1023	A	25	0	984	25.8739837398374
A_MP	554	1025	C	21	0	987	25.323201621074
A_MP	555	1039	G	6	0	1010	23.1455445544554
A_MP	556	1042	G	2	0	1037	23.3432979749277
A_MP	557	1040	C	4	0	1034	24.5338491295938
A_MP	558	1028	A	16	0	1013	27.5676209279368
A_MP	559	1041	A	3	0	1038	30.0751445086705
A_MP	560	1036	A	7	0	1023	29.4633431085044
A_MP	561	1036	G	6	0	1032	31.7102713178295
A_MP	562	1038	G	4	0	1033	31.9893514036786
A_MP	563	1037	C	4	0	1028	31.8073929961089
A_MP	564	1034	T	5	0	1020	30.1901960784314
A_MP	565	1032	A	5	0	1031	28.8516003879728
A_MP	566	1033	T	3	0	1029	28.8794946550049
A_MP	567	1016	G	20	0	1000	27.565
A_MP	568	1031	G	4	0	1021	27.7668952007835
A_MP	569	1028	A	7	0	1022	28.4334637964775
A_MP	570	1031	A	4	0	1010	29.7366336633663
A_MP	571	1028	C	7	0	1021	29.8609206660137
A_MP	572	1029	A	6	0	1024	30.8330078125
A_MP	573	1029	G	4	0	1011	30.8318496538081
A_MP	574	1030	G	3	0	1018	29.5500982318271
A_MP	575	1029	T	4	0	1020	30.4990196078431
A_MP	576	1025	G	8	0	1013	28.3326752221125
A_MP	577	1027	G	6	0	1019	27.5897939156035
A_MP	578	1026	C	5	0	1018	27.9194499017682
A_MP	579	1023	T	7	0	1011	27.6765578635015
A_MP	580	1013	G	17	0	986	25.2768762677485
A_MP	581	1025	G	5	0	1001	25.030969030969
A_MP	582	1028	A	2	0	1021	23.8756121449559
A_MP	583	1026	T	3	0	1006	25.4681908548708
A_MP	584	949	C	78	0	899	25.8921023359288
A_MP	585	995	G	32	0	942	23.208067940552
A_MP	586	1019	A	8	0	1015	22.5142857142857
A_MP	587	1018	G	9	0	1010	22.9643564356436
A_MP	588	1024	T	3	0	1010	26.4267326732673
A_MP	589	1022	G	4	0	1013	27.7996051332675
A_MP	590	1018	A	8	0	1009	29.195242814668
A_MP	591	1023	A	3	0	1005	30.3074626865672
A_MP	592	1016	C	10	0	1014	31.0502958579882
A_MP	593	1016	A	10	0	1010	30.1851485148515
A_MP	594	1015	G	11	0	1009	30.8652130822597
A_MP	595	1019	G	6	0	1014	29.5
A_MP	596	1014	C	11	0	991	30.066599394551
A_MP	597	1024	A	1	0	1014	28.1646942800789
A_MP	598	1024	G	1	0	1019	28.7242394504416
A_MP	599	1022	C	1	0	1011	28.8338278931751
A_MP	600	1014	G	7	0	990	26.9090909090909
A_MP	601	1018	G	2	0	1007	27.824230387289
A_MP	602	1017	A	3	0	1007	27.3485600794439
A_MP	603	1016	G	3	0	1007	28.8848063555114
A_MP	604	1016	G	3	0	1012	30.0395256916996
A_MP	605	1011	C	6	0	997	29.493480441324
A_MP	606	1012	C	5	0	999	29.8708708708709
A_MP	607	1015	A	2	0	998	29.6993987975952
A_MP	608	1016	T	1	0	1008	29.0297619047619
A_MP	609	1013	G	4	0	1005	27.3611940298507
A_MP	610	1016	G	0	0	1006	26.7823061630219
A_MP	611	1013	A	2	0	1005	26.8537313432836
A_MP	612	1010	G	5	0	996	28.4548192771084
A_MP	613	1008	G	7	0	989	27.6734074823054
A_MP	614	1003	T	12	0	986	26.920892494929
A_MP	615	1002	T	13	0	993	26.8690835850957
A_MP	616	997	G	18	0	974	26.588295687885
A_MP	617	994	C	20	0	972	25.8374485596708
A_MP	618	990	T	24	0	964	26.152489626556
A_MP	619	986	A	28	0	910	23.1934065934066
A_MP	620	1002	A	12	0	976	22.3114754098361
A_MP	621	1004	T	9	0	960	22.603125
A_MP	622	954	A	59	0	887	23.2976324689966
A_MP	623	990	A	23	0	972	21.9732510288066
A_MP	624	991	G	22	0	974	21.6642710472279
A_MP	625	993	A	20	0	962	22.2027027027027
A_MP	626	1006	C	7	0	975	22.7569230769231
A_MP	627	1005	T	8	0	982	22.4032586558045
A_MP	628	1004	A	9	0	990	22.0555555555556
A_MP	629	1005	G	8	0	997	22.4262788365095
A_MP	630	1008	G	5	0	1005	24.9134328358209
A_MP	631	1005	C	8	0	992	27.2560483870968
A_MP	632	1008	A	5	0	998	30.0320641282565
A_MP	633	1012	G	1	0	994	30.771629778672
A_MP	634	1010	A	3	0	1001	30.4055944055944
A_MP	635	1011	T	2	0	1004	30.6593625498008
A_MP	636	1011	G	2	0	1009	29.3587710604559
A_MP	637	1010	G	3	0	1003	30.3928215353938
A_MP	638	1005	T	8	0	977	30.96417604913
A_MP	639	1006	A	7	0	988	29.1771255060729
A_MP	640	1010	C	3	0	973	28.3021582733813
A_MP	641	1010	A	3	0	992	27.6542338709677
A_MP	642	1010	T	3	0	989	28.0455005055612
A_MP	643	1009	G	4	0	997	27.5225677031093
A_MP	644	1008	C	5	0	1000	28.266
A_MP	645	1008	A	5	0	995	26.8180904522613
A_MP	646	1011	A	2	0	1008	28.0863095238095
A_MP	647	1011	T	2	0	989	26.6086956521739
A_MP	648	1005	G	8	0	983	25.2706002034588
A_MP	649	1004	A	9	0	997	25.5787362086259
A_MP	650	1005	G	8	0	996	25.9317269076305
A_MP	651	998	A	15	0	988	27.3593117408907
A_MP	652	1007	A	6	0	984	27.890243902439
A_MP	653	1008	C	5	0	992	27.241935483871
A_MP	654	1005	T	8	0	975	27.3548717948718
A_MP	655	1004	A	9	0	990	27.3232323232323
A_MP	656	1008	T	5	0	990	25.7090909090909
A_MP	657	1008	T	5	0	1002	26.0848303393214
A_MP	658	1004	G	9	0	999	25.5985985985986
A_MP	659	1012	G	1	0	1003	26.5762711864407
A_MP	660	1000	A	13	0	979	29.1644535240041
A_MP	661	1009	A	4	0	1000	30.976
A_MP	662	1007	C	6	0	986	28.501014198783
A_MP	663	1008	T	5	0	999	28.7967967967968
A_MP	664	1006	C	7	0	965	28.1098445595855
A_MP	665	1011	A	2	0	1000	27.743
A_MP	666	1009	T	4	0	999	29.1861861861862
A_MP	667	1009	C	3	0	1000	28.757
A_MP	668	1007	C	5	0	991	29.4712411705348
A_MP	669	998	T	14	0	984	29.9512195121951
A_MP	670	1002	A	9	0	987	28.0952380952381
A_MP	671	1008	G	3	0	997	28.3269809428285
A_MP	672	1007	C	4	0	997	29.2708124373119
A_MP	673	1010	T	1	0	1001	30.8311688311688
A_MP	674	1002	C	9	0	995	30.843216080402
A_MP	675	1009	C	2	0	1002	33.6477045908184
A_MP	676	1007	A	4	0	1004	30.3874501992032
A_MP	677	1006	G	5	0	1003	33.2352941176471
A_MP	678	1009	T	2	0	977	32.0470829068577
A_MP	679	1008	G	3	0	994	31.3219315895372
A_MP	680	1006	C	5	0	1001	33.7252747252747
A_MP	681	1006	T	5	0	998	34.9539078156313
A_MP	682	1006	G	5	0	983	30.8392675483215
A_MP	683	1006	G	5	0	1000	30.245
A_MP	684	989	T	22	0	985	29.5807106598985
A_MP	685	978	C	33	0	953	29.6117523609654
A_MP	686	976	T	35	0	957	30.1588296760711
A_MP	687	902	A	109	0	880	29.1693181818182
A_MP	688	976	A	35	0	958	27.3006263048017
A_MP	689	989	G	22	0	969	27.09391124871
A_MP	690	1000	A	11	0	982	28.6313645621181
A_MP	691	1006	G	5	0	987	35.6008105369808
A_MP	692	1009	A	2	0	1001	32.2777222777223
A_MP	693	1010	T	1	0	1003	30.2881355932203
A_MP	694	1007	G	4	0	983	29.794506612411
A_MP	695	1008	A	2	0	1005	29.9950248756219
A_MP	696	1007	C	3	0	988	29.4048582995951
A_MP	697	1000	C	10	0	997	29.1554663991976
A_MP	698	996	T	14	0	987	32.6676798378926
A_MP	699	991	T	17	0	983	32.4944048830112
A_MP	700	999	C	9	0	981	27.8114169215087
A_MP	701	986	T	22	0	973	28.1593011305242
A_MP	702	1002	T	6	0	997	28.0060180541625
A_MP	703	978	G	30	0	963	24.8110072689512
A_MP	704	997	A	11	0	980	28.3836734693878
A_MP	705	1004	A	4	0	998	30.8917835671343
A_MP	706	1001	A	7	0	993	32.5941591137966
A_MP	707	997	A	11	0	992	32.0050403225806
A_MP	708	995	T	13	0	981	31.6320081549439
A_MP	709	1006	T	2	0	985	29.458883248731
A_MP	710	1003	T	5	0	984	29.0965447154472
A_MP	711	998	A	10	0	968	28.5
A_MP	712	997	C	11	0	983	28.3123092573754
A_MP	713	1000	A	8	0	988	28.6386639676113
A_MP	714	996	G	12	0	988	28.8491902834008
A_MP	715	997	G	11	0	985	29.8233502538071
A_MP	716	995	C	13	0	992	29.6038306451613
A_MP	717	1002	C	6	0	988	29.9493927125506
A_MP	718	1004	T	4	0	983	29.2583926754832
A_MP	719	998	A	10	0	993	27.6324269889225
A_MP	720	998	C	10	0	986	28.2971602434077
A_MP	721	1003	C	5	0	994	28.9808853118712
A_MP	722	1000	A	8	0	992	28.78125
A_MP	723	1005	G	3	0	996	29.5923694779116
A_MP	724	1006	A	2	0	1001	29.5504495504495
A_MP	725	1008	A	0	0	1004	28.8735059760956
A_MP	726	1007	G	1	0	996	29.4437751004016
A_MP	727	1007	C	0	0	996	29.8654618473896
A_MP	728	1005	G	2	0	974	24.6540041067762
A_MP	729	1004	A	3	0	997	24.5596790371113
A_MP	730	1007	A	0	0	1003	24.3349950149551
A_MP	731	1007	T	0	0	1000	25.414
A_MP	732	986	G	21	0	976	28.3954918032787
A_MP	733	1006	G	1	0	999	28.963963963964
A_MP	734	1006	G	1	0	958	27.9154488517745
A_MP	735	1005	A	2	0	974	30.3737166324435
A_MP	736	991	G	15	0	980	28.5663265306122
A_MP	737	1000	T	6	0	998	26.4198396793587
A_MP	738	1002	G	4	0	997	26.8716148445336
A_MP	739	999	C	7	0	987	28.2654508611955
A_MP	740	996	A	10	0	985	28.6091370558376
A_MP	741	995	G	11	0	983	29.0528992878942
A_MP	742	983	A	22	0	971	27.9588053553038
A_MP	743	998	T	7	0	986	28.4969574036511
A_MP	744	998	G	7	0	986	28.6085192697769
A_MP	745	998	C	7	0	985	29.2781725888325
A_MP	746	1001	A	4	0	988	29.5779352226721
A_MP	747	1002	G	3	0	989	30.0535894843276
A_MP	748	1002	C	3	0	990	29.5141414141414
A_MP	749	994	G	11	0	968	27.2117768595041
A_MP	750	997	G	8	0	973	27.2805755395683
A_MP	751	999	T	6	0	989	27.4883720930233
A_MP	752	1001	T	4	0	987	27.3080040526849
A_MP	753	991	C	14	0	956	27.8619246861925
A_MP	754	988	A	17	0	939	26.1427050053248
A_MP	755	999	A	5	0	990	25.7414141414141
A_MP	756	1003	A	1	0	985	26.5177664974619
A_MP	757	1001	T	2	0	996	28.0933734939759
A_MP	758	1000	G	3	0	952	28.8266806722689
A_MP	759	1001	A	2	0	977	26.7492323439099
A_MP	760	988	T	15	0	965	26.2746113989637
A_MP	761	986	C	17	0	955	26.4638743455497
A_MP	762	929	C	74	0	908	26.8392070484581
A_MP	763	933	T	70	0	921	27.3311617806732
A_MP	764	991	C	12	0	982	27.510183299389
A_MP	765	994	T	9	0	984	32.6290650406504
A_MP	766	993	C	10	0	956	28.3964435146443
A_MP	767	999	G	4	0	992	26.476814516129
A_MP	768	999	T	4	0	987	27.2563323201621
A_MP	769	997	C	5	0	969	27.7079463364293
A_MP	770	997	A	5	0	977	28.10747185261
A_MP	771	999	T	3	0	987	30.1884498480243
A_MP	772	998	T	4	0	986	30.1602434077079
A_MP	773	996	G	6	0	984	28.0802845528455
A_MP	774	998	C	4	0	991	27.9889001009082
A_MP	775	996	A	6	0	978	26.90081799591
A_MP	776	999	G	3	0	994	25.4889336016097
A_MP	777	975	C	26	0	969	26.0536635706914
A_MP	778	970	A	31	0	948	24.0917721518987
A_MP	779	992	A	9	0	990	24.6646464646465
A_MP	780	996	A	5	0	995	26.0060301507538
A_MP	781	999	C	2	0	980	26.1020408163265
A_MP	782	997	A	3	0	961	24.4360041623309
A_MP	783	996	T	4	0	993	24.34944612286
A_MP	784	995	C	5	0	973	23.9948612538541
A_MP	785	993	A	7	0	960	24.4010416666667
A_MP	786	993	T	7	0	983	25.4221770091556
A_MP	787	992	T	8	0	966	26.0103519668737
A_MP	788	977	G	22	0	943	26.4814422057264
A_MP	789	994	G	5	0	961	26.7575442247659
A_MP	790	993	G	6	0	952	26.5798319327731
A_MP	791	994	A	5	0	986	27.7129817444219
A_MP	792	993	T	6	0	980	27.4795918367347
A_MP	793	980	C	19	0	949	27.3656480505796
A_MP	794	948	T	51	0	905	29.9259668508287
A_MP	795	992	T	6	0	975	27.6697435897436
A_MP	796	990	G	8	0	984	26.9959349593496
A_MP	797	996	C	1	0	988	28.8896761133603
A_MP	798	996	A	1	0	975	29.2020512820513
A_MP	799	986	C	11	0	982	28.5366598778004
A_MP	800	988	C	9	0	970	29.2237113402062
A_MP	801	975	T	22	0	966	29.2536231884058
A_MP	802	975	G	21	0	956	31.4508368200837
A_MP	803	990	A	6	0	986	30.3803245436105
A_MP	804	990	T	5	0	979	30.197139938713
A_MP	805	989	A	6	0	984	28.5823170731707
A_MP	806	985	T	10	0	970	28.2340206185567
A_MP	807	987	T	8	0	971	28.4541709577755
A_MP	808	984	G	11	0	970	28.3917525773196
A_MP	809	984	T	10	0	964	30.2489626556017
A_MP	810	983	G	11	0	958	30.0647181628392
A_MP	811	992	G	2	0	969	28.8338493292054
A_MP	812	990	A	4	0	981	28.8715596330275
A_MP	813	987	T	7	0	970	28.2061855670103
A_MP	814	983	T	10	0	980	27.7887755102041
A_MP	815	966	A	27	0	942	27.76008492569
A_MP	816	977	C	16	0	953	26.7618048268625
A_MP	817	945	T	47	0	932	27.1148068669528
A_MP	818	980	G	12	0	871	25.3777267508611
A_MP	819	987	A	5	0	976	25.6004098360656
A_MP	820	982	T	10	0	970	26.1731958762887
A_MP	821	983	C	9	0	934	25.5085653104925
A_MP	822	976	G	16	0	922	24.91431670282
A_MP	823	975	T	17	0	965	23.8932642487047
A_MP	824	973	C	19	0	955	24.138219895288
A_MP	825	876	T	116	0	857	26.7024504084014
A_MP	826	924	T	68	0	914	26.3993435448578
A_MP	827	951	T	41	0	940	27.3127659574468
A_MP	828	986	T	6	0	973	25.4707091469681
A_MP	829	987	T	5	0	982	30.8156822810591
A_MP	830	989	T	3	0	986	32.158215010142
A_MP	831	982	T	10	0	978	33.5204498977505
A_MP	832	971	C	20	0	966	30.1718426501035
A_MP	833	973	A	18	0	960	28.3260416666667
A_MP	834	991	A	0	0	982	28.3564154786151
A_MP	835	991	A	0	0	985	28.907614213198
A_MP	836	990	T	1	0	973	30.622816032888
A_MP	837	990	G	1	0	984	31.6412601626016
A_MP	838	991	C	0	0	981	31.131498470948
A_MP	839	988	A	3	0	959	29.1574556830031
A_MP	840	980	T	11	0	968	28.1838842975207
A_MP	841	991	T	0	0	975	27.5087179487179
A_MP	842	990	T	1	0	971	28.5932028836251
A_MP	843	985	A	5	0	955	28.8324607329843
A_MP	844	979	T	11	0	965	27.5647668393782
A_MP	845	979	C	10	0	933	26.4662379421222
A_MP	846	987	G	2	0	978	24.9856850715746
A_MP	847	988	T	1	0	977	26.1494370522006
A_MP	848	986	C	3	0	961	26.6201873048907
A_MP	849	985	G	4	0	938	27.0799573560768
A_MP	850	987	C	2	0	984	27.7286585365854
A_MP	851	964	T	25	0	961	27.5806451612903
A_MP	852	981	T	8	0	980	29.4265306122449
A_MP	853	984	T	5	0	961	30.6888657648283
A_MP	854	955	A	34	0	923	28.3477789815818
A_MP	855	987	A	2	0	953	28.109129066107
A_MP	856	988	A	1	0	961	27.0093652445369
A_MP	857	987	T	2	0	963	27.3509865005192
A_MP	858	984	A	5	0	941	27.5462274176408
A_MP	859	979	C	10	0	964	26.5394190871369
A_MP	860	984	G	5	0	970	23.3845360824742
A_MP	861	984	G	5	0	971	23.2739443872297
A_MP	862	965	T	24	0	929	23.6092572658773
A_MP	863	987	T	2	0	973	23.8078108941418
A_MP	864	984	T	5	0	970	26.5701030927835
A_MP	865	966	G	23	0	918	23.5860566448802
A_MP	866	880	A	109	0	863	24.4774044032445
A_MP	867	982	A	7	0	972	24.0257201646091
A_MP	868	982	A	7	0	971	25.0514933058702
A_MP	869	979	A	10	0	960	27.5885416666667
A_MP	870	961	G	27	0	934	27.5952890792291
A_MP	871	976	A	12	0	972	24.8611111111111
A_MP	872	967	G	20	0	963	24.6292834890966
A_MP	873	976	G	11	0	966	24.6718426501035
A_MP	874	975	G	12	0	956	27.3702928870293
A_MP	875	972	C	15	0	956	26.571129707113
A_MP	876	976	C	11	0	967	27.8883143743537
A_MP	877	967	T	20	0	957	26.5632183908046
A_MP	878	982	T	5	0	965	27.5917098445596
A_MP	879	978	C	9	0	898	24.8708240534521
A_MP	880	982	T	5	0	964	23.7417012448133
A_MP	881	969	A	18	0	930	24.652688172043
A_MP	882	975	C	12	0	953	24.3441762854145
A_MP	883	943	G	43	0	925	24.8227027027027
A_MP	884	979	G	7	0	957	24.9958202716823
A_MP	885	973	A	13	0	959	26.429614181439
A_MP	886	980	A	6	0	970	27.7371134020619
A_MP	887	965	G	21	0	958	29.786012526096
A_MP	888	969	G	17	0	926	29.2419006479482
A_MP	889	975	A	10	0	956	28.0564853556485
A_MP	890	810	G	175	0	776	29.7074742268041
A_MP	891	970	T	15	0	962	23.977130977131
A_MP	892	966	G	19	0	932	23.950643776824
A_MP	893	952	C	33	0	938	23.2078891257996
A_MP	894	982	C	3	0	967	25.0620475698035
A_MP	895	951	T	33	0	929	24.9870828848224
A_MP	896	931	G	53	0	893	23.6674132138858
A_MP	897	971	A	13	0	938	23.6759061833689
A_MP	898	977	G	7	0	968	23.9731404958678
A_MP	899	978	T	6	0	964	24.6721991701245
A_MP	900	966	C	18	0	934	24.8019271948608
A_MP	901	979	C	5	0	929	26.8977395048439
A_MP	902	977	A	7	0	970	26.4515463917526
A_MP	903	975	T	9	0	963	28.460020768432
A_MP	904	970	G	14	0	955	25.9151832460733
A_MP	905	970	A	14	0	962	25.5343035343035
A_MP	906	881	G	102	0	868	27.1232718894009
A_MP	907	969	G	13	0	966	28.9585921325052
A_MP	908	968	G	13	0	956	27.8556485355649
A_MP	909	957	A	24	0	942	26.4394904458599
A_MP	910	970	A	11	0	964	30.3952282157676
A_MP	911	976	G	5	0	966	29.6459627329193
A_MP	912	958	A	23	0	951	30.8664563617245
A_MP	913	957	A	24	0	942	30.2430997876858
A_MP	914	957	T	24	0	942	27.8991507430998
A_MP	915	969	A	12	0	948	27.6540084388186
A_MP	916	965	T	16	0	946	28.9809725158562
A_MP	917	961	C	20	0	924	26.6049783549784
A_MP	918	976	A	5	0	925	26.6064864864865
A_MP	919	979	A	2	0	973	28.0801644398767
A_MP	920	979	C	2	0	960	29.2677083333333
A_MP	921	976	A	5	0	969	31.0928792569659
A_MP	922	977	G	4	0	972	33.0874485596708
A_MP	923	979	G	2	0	971	32.1658084449022
A_MP	924	974	A	7	0	971	32.2955715756952
A_MP	925	964	G	17	0	946	33.262156448203
A_MP	926	968	C	13	0	962	32.2733887733888
A_MP	927	976	A	5	0	958	31.901878914405
A_MP	928	972	G	9	0	967	31.9576008273009
A_MP	929	972	C	8	0	960	32.85625
A_MP	930	974	A	6	0	967	31.9493278179938
A_MP	931	974	G	6	0	945	31.3915343915344
A_MP	932	963	A	17	0	952	31.2447478991597
A_MP	933	974	A	6	0	952	30.2668067226891
A_MP	934	972	T	8	0	953	29.6463798530955
A_MP	935	973	G	7	0	970	30.2876288659794
A_MP	936	972	C	8	0	966	30.6501035196687
A_MP	937	968	T	12	0	944	31.2976694915254
A_MP	938	965	G	14	0	960	30.9270833333333
A_MP	939	966	T	13	0	951	30.8286014721346
A_MP	940	957	G	22	0	929	30.0452099031216
A_MP	941	976	G	2	0	963	29.8691588785047
A_MP	942	978	A	0	0	976	30.1813524590164
A_MP	943	976	T	2	0	969	32.3519091847265
A_MP	944	975	G	3	0	969	32.015479876161
A_MP	945	955	T	23	0	926	30.3358531317495
A_MP	946	976	T	2	0	959	28.5474452554745
A_MP	947	964	G	14	0	950	27.9557894736842
A_MP	948	969	A	9	0	966	27.9451345755694
A_MP	949	964	C	13	0	952	29.2867647058824
A_MP	950	970	G	7	0	945	27.8507936507937
A_MP	951	971	A	6	0	967	27.406411582213
A_MP	952	972	T	5	0	952	27.3371848739496
A_MP	953	975	G	2	0	957	27.4932079414838
A_MP	954	973	G	4	0	961	29.9989594172737
A_MP	955	973	T	4	0	961	28.6409989594173
A_MP	956	972	C	5	0	937	26.6680896478122
A_MP	957	975	A	2	0	969	25.8390092879257
A_MP	958	950	T	26	0	936	25.4989316239316
A_MP	959	974	T	2	0	966	24.7256728778468
A_MP	960	976	T	0	0	969	28.9071207430341
A_MP	961	971	T	4	0	965	30.1948186528497
A_MP	962	970	G	5	0	961	26.8584807492196
A_MP	963	964	T	11	0	959	26.126173096976
A_MP	964	954	C	20	0	927	23.6105717367853
A_MP	965	971	A	3	0	943	22.3414634146341
A_MP	966	972	A	2	0	957	22.4263322884013
A_MP	967	972	C	2	0	965	22.8352331606218
A_MP	968	973	A	0	0	963	23.1526479750779
A_MP	969	972	T	1	0	970	23.5865979381443
A_MP	970	933	A	36	0	909	20.8756875687569
A_MP	971	928	G	36	0	907	20.0110253583241
A_MP	972	958	A	2	0	956	19.6370292887029
A_MP	973	956	G	3	0	943	20.2566277836691
A_MP	974	953	C	2	0	944	21.3400423728814
A_MP	975	954	T	0	0	947	23.4424498416051
A_MP	976	919	A	15	0	903	21.4307862679956
A_MP	977	921	G	4	0	911	19.6147091108672
A_MP	978	891	A	1	0	885	19.9197740112994
A_MP	979	881	G	0	0	878	20.6845102505695
A_MP	980	876	T	0	0	853	20.4853458382181
A_MP	981	851	A	0	0	851	20.1809635722679
A_MP	982	848	A	0	0	848	20.3313679245283
