Reference_Name	Position	Coverage Depth	Consensus	Deletions	Ambiguous	Consensus_Count	Consensus_Average_Quality
A_NA_N1	1	5928	A	0	0	5928	23.9571524966262
A_NA_N1	2	5986	T	0	0	5986	23.2507517540929
A_NA_N1	3	6019	G	0	0	5837	18.9794414939181
A_NA_N1	4	6143	A	0	0	6124	18.2983344219464
A_NA_N1	5	6164	A	0	0	6143	18.2497151229041
A_NA_N1	6	6166	T	1	0	6128	18.3229438642298
A_NA_N1	7	6109	C	58	0	6012	20.0999667332003
A_NA_N1	8	6174	C	4	0	6045	20.6368899917287
A_NA_N1	9	6262	A	10	0	6235	20.6056134723336
A_NA_N1	10	6284	A	0	0	6271	21.7000478392601
A_NA_N1	11	6282	A	2	0	6252	22.5801343570058
A_NA_N1	12	6272	C	13	0	6251	22.5115981442969
A_NA_N1	13	6282	C	6	0	6250	21.9656
A_NA_N1	14	6014	A	280	0	5979	21.8979762502091
A_NA_N1	15	6211	A	85	0	6186	22.6045910119625
A_NA_N1	16	6288	A	11	0	6260	23.4230031948882
A_NA_N1	17	6288	A	11	0	6268	24.8283343969368
A_NA_N1	18	6284	G	15	0	6260	23.7225239616613
A_NA_N1	19	6287	A	14	0	6260	22.3667731629393
A_NA_N1	20	6287	T	14	0	6249	21.8182109137462
A_NA_N1	21	6292	A	9	0	6260	21.6332268370607
A_NA_N1	22	6295	A	8	0	6269	22.3622587334503
A_NA_N1	23	6292	T	11	0	6265	22.2877893056664
A_NA_N1	24	6284	A	19	0	6256	22.6283567774936
A_NA_N1	25	6287	A	16	0	6258	22.4089165867689
A_NA_N1	26	6282	C	21	0	6273	22.6806950422445
A_NA_N1	27	6296	C	7	0	6277	23.2279751473634
A_NA_N1	28	6295	A	8	0	6278	23.1479770627588
A_NA_N1	29	6289	T	14	0	6263	22.8984512214594
A_NA_N1	30	6289	T	14	0	6272	22.7755102040816
A_NA_N1	31	6286	G	17	0	6253	22.3019350711658
A_NA_N1	32	6287	G	16	0	6262	22.0159693388694
A_NA_N1	33	6279	T	24	0	6245	22.6823058446757
A_NA_N1	34	6281	T	22	0	6244	22.4630044843049
A_NA_N1	35	6261	C	42	0	6110	21.7299509001637
A_NA_N1	36	6228	T	75	0	6199	21.9383771576061
A_NA_N1	37	6263	A	40	0	6235	21.8258219727346
A_NA_N1	38	6291	T	12	0	6261	21.5494329979237
A_NA_N1	39	6275	C	28	0	6178	22.398996438977
A_NA_N1	40	6270	T	33	0	6231	22.8298828438453
A_NA_N1	41	6254	G	49	0	6168	22.7302204928664
A_NA_N1	42	6278	T	25	0	6248	22.1062740076825
A_NA_N1	43	6293	A	10	0	6275	21.4933864541833
A_NA_N1	44	6297	T	6	0	6217	21.2132861508766
A_NA_N1	45	6286	G	17	0	6189	21.6555178542576
A_NA_N1	46	6283	A	21	0	6246	22.3842459173871
A_NA_N1	47	6286	C	18	0	6236	22.8973701090443
A_NA_N1	48	6302	A	3	0	6267	22.738630923887
A_NA_N1	49	6302	A	3	0	6281	22.2364273204904
A_NA_N1	50	6292	T	13	0	6246	21.8525456292027
A_NA_N1	51	6300	T	5	0	6243	23.1777991350312
A_NA_N1	52	6265	G	40	0	6221	22.2769651181482
A_NA_N1	53	6296	G	9	0	6169	22.3700761873886
A_NA_N1	54	6292	A	13	0	6272	22.9049744897959
A_NA_N1	55	6288	A	17	0	6252	24.0084772872681
A_NA_N1	56	6277	C	28	0	6134	21.1116726442778
A_NA_N1	57	6232	G	73	0	6047	17.8607574003638
A_NA_N1	58	6243	G	62	0	6199	17.7212453621552
A_NA_N1	59	6210	C	95	0	6120	17.6627450980392
A_NA_N1	60	6212	T	93	0	6088	18.7061432325887
A_NA_N1	61	6230	A	75	0	6140	23.0285016286645
A_NA_N1	62	6274	A	31	0	6213	22.1118622243683
A_NA_N1	63	6279	C	26	0	6198	21.8273636656986
A_NA_N1	64	6181	T	124	0	6077	21.8077999012671
A_NA_N1	65	6227	T	78	0	6110	22.2692307692308
A_NA_N1	66	6221	A	84	0	6177	22.5807026064433
A_NA_N1	67	6236	A	69	0	6219	23.6201961730182
A_NA_N1	68	6231	T	74	0	6168	23.1423476005188
A_NA_N1	69	6194	A	112	0	6151	22.3225491789953
A_NA_N1	70	6209	T	97	0	6131	21.6253465992497
A_NA_N1	71	6238	T	68	0	6185	21.5251414713015
A_NA_N1	72	6213	A	93	0	6183	21.6286592269125
A_NA_N1	73	6213	C	93	0	6192	22.5008074935401
A_NA_N1	74	6175	A	131	0	6136	23.3313233376793
A_NA_N1	75	6245	A	61	0	6209	22.7685617651796
A_NA_N1	76	6242	A	64	0	6206	23.3300032226877
A_NA_N1	77	6232	T	74	0	6199	23.6357477012421
A_NA_N1	78	6238	T	68	0	6221	24.7881369554734
A_NA_N1	79	6214	G	92	0	6190	23.9285945072698
A_NA_N1	80	6234	G	72	0	6202	23.7794259916156
A_NA_N1	81	6158	A	148	0	6098	24.1441456215152
A_NA_N1	82	6238	A	68	0	6194	25.1503067484663
A_NA_N1	83	6238	A	68	0	6227	25.2752529307853
A_NA_N1	84	6239	C	67	0	6196	24.9128469980633
A_NA_N1	85	6239	A	67	0	6219	23.0390738060781
A_NA_N1	86	6239	T	67	0	6221	21.9538659379521
A_NA_N1	87	6238	A	68	0	6187	21.1415871989656
A_NA_N1	88	6227	A	79	0	6210	20.8808373590982
A_NA_N1	89	6222	T	84	0	6191	21.2250040381199
A_NA_N1	90	6227	C	79	0	6173	22.063664344727
A_NA_N1	91	6236	T	70	0	6169	22.7221591830118
A_NA_N1	92	6229	C	77	0	6140	22.5053745928339
A_NA_N1	93	6218	A	88	0	6161	22.4823892225288
A_NA_N1	94	6230	A	76	0	6202	22.4538858432764
A_NA_N1	95	6225	T	81	0	6162	21.5993184031159
A_NA_N1	96	6225	A	81	0	6202	21.2068687520155
A_NA_N1	97	6278	T	28	0	6238	22.410708560436
A_NA_N1	98	6251	G	55	0	6202	21.1081909061593
A_NA_N1	99	6290	G	16	0	6251	21.7139657654775
A_NA_N1	100	6289	G	17	0	6239	21.9320403910883
A_NA_N1	101	6282	T	24	0	6235	21.9252606255012
A_NA_N1	102	6282	T	24	0	6213	21.8005794302269
A_NA_N1	103	6271	A	35	0	6247	21.2666880102449
A_NA_N1	104	6248	G	58	0	6209	21.2375583829924
A_NA_N1	105	6260	C	46	0	6228	21.2076107899807
A_NA_N1	106	6264	C	42	0	6224	21.9413560411311
A_NA_N1	107	6275	A	31	0	6236	22.190346375882
A_NA_N1	108	6248	C	58	0	6213	22.6571704490584
A_NA_N1	109	6280	T	26	0	6246	22.4562920268972
A_NA_N1	110	6273	C	33	0	5942	20.8611578593066
A_NA_N1	111	6285	A	21	0	6135	20.2560717196414
A_NA_N1	112	6295	A	11	0	6228	20.7485549132948
A_NA_N1	113	6282	T	24	0	6239	20.4532777688732
A_NA_N1	114	6300	T	6	0	6230	21.9998394863563
A_NA_N1	115	6279	C	27	0	6108	22.0168631303209
A_NA_N1	116	6236	A	70	0	6150	22.2258536585366
A_NA_N1	117	6263	A	43	0	6249	22.8422147543607
A_NA_N1	118	6256	A	50	0	6224	22.6948907455013
A_NA_N1	119	6251	T	55	0	6201	22.8985647476214
A_NA_N1	120	6266	T	40	0	6224	23.9207904884319
A_NA_N1	121	6252	G	54	0	6233	23.1493662762715
A_NA_N1	122	6262	G	44	0	6240	23.2799679487179
A_NA_N1	123	6223	A	83	0	6207	24.5208635411632
A_NA_N1	124	6261	A	45	0	6207	25.7170936039955
A_NA_N1	125	6265	A	41	0	6228	25.1417790622993
A_NA_N1	126	6262	T	44	0	6238	24.3618146841937
A_NA_N1	127	6249	C	57	0	6036	22.4976805831677
A_NA_N1	128	6257	A	49	0	6206	22.0053174347406
A_NA_N1	129	6262	A	44	0	6250	22.03104
A_NA_N1	130	6264	A	42	0	6235	23.8590216519647
A_NA_N1	131	6255	G	51	0	6188	24.4783451842275
A_NA_N1	132	6247	C	59	0	6205	23.8713940370669
A_NA_N1	133	6257	C	49	0	6212	23.5001609787508
A_NA_N1	134	6214	A	92	0	6166	23.8370094064223
A_NA_N1	135	6197	G	109	0	6147	23.2528062469497
A_NA_N1	136	6228	A	78	0	6198	22.1836076153598
A_NA_N1	137	6229	T	77	0	6191	21.2642545630754
A_NA_N1	138	6258	T	48	0	6234	21.3290022457491
A_NA_N1	139	6250	G	56	0	6191	21.6580520109837
A_NA_N1	140	6241	A	65	0	6223	21.9569339546842
A_NA_N1	141	6262	A	44	0	6239	23.1391248597532
A_NA_N1	142	6257	A	49	0	6209	23.8162344983089
A_NA_N1	143	6257	C	49	0	6211	24.064240862985
A_NA_N1	144	6254	A	52	0	6218	22.6841428111933
A_NA_N1	145	6254	T	52	0	6233	22.7245307235681
A_NA_N1	146	6246	G	60	0	6209	22.6303752617169
A_NA_N1	147	6235	C	71	0	6190	22.6513731825525
A_NA_N1	148	6225	A	81	0	6190	22.1445880452342
A_NA_N1	149	6251	A	55	0	6198	22.4672474991933
A_NA_N1	150	6244	T	62	0	6143	21.1777633078301
A_NA_N1	151	6090	A	216	0	5991	20.9532632281756
A_NA_N1	152	6225	A	81	0	6199	20.9648330375867
A_NA_N1	153	6258	A	48	0	6222	21.3169398907104
A_NA_N1	154	6251	A	55	0	6184	24.0590232858991
A_NA_N1	155	6237	G	69	0	6155	22.2838342810723
A_NA_N1	156	6240	C	66	0	6084	20.293063773833
A_NA_N1	157	6241	G	65	0	6151	18.1734677288246
A_NA_N1	158	6243	T	63	0	6172	18.1085547634478
A_NA_N1	159	6243	C	63	0	6092	18.5144451739987
A_NA_N1	160	6253	A	53	0	6236	18.7068633739577
A_NA_N1	161	6230	T	76	0	6189	21.6391985781225
A_NA_N1	162	6227	T	78	0	6167	21.7193124695962
A_NA_N1	163	6216	A	89	0	6159	21.5448936515668
A_NA_N1	164	6252	C	53	0	6179	21.4117171063279
A_NA_N1	165	6268	T	37	0	6222	21.4183542269367
A_NA_N1	166	6285	T	18	0	6226	21.763572116929
A_NA_N1	167	6234	A	20	0	6179	21.4605923288558
A_NA_N1	168	6239	T	14	0	6199	22.1811582513309
A_NA_N1	169	6234	G	19	0	6172	21.9552819183409
A_NA_N1	170	6186	A	66	0	6154	22.0838479038024
A_NA_N1	171	6236	A	16	0	6215	22.7300080450523
A_NA_N1	172	6234	A	18	0	6185	23.2789005658852
A_NA_N1	173	6231	A	21	0	6198	24.3956114875766
A_NA_N1	174	6232	C	20	0	6200	23.3722580645161
A_NA_N1	175	6247	A	5	0	6215	22.4006436041834
A_NA_N1	176	6245	A	7	0	6226	22.0170253774494
A_NA_N1	177	6244	C	8	0	6220	22.4040192926045
A_NA_N1	178	6246	A	6	0	6210	22.4621578099839
A_NA_N1	179	6238	C	14	0	6213	22.7125382262997
A_NA_N1	180	6219	T	32	0	6187	22.4252464845644
A_NA_N1	181	6234	T	17	0	6207	22.5368132753343
A_NA_N1	182	6191	G	60	0	6168	22.1772049286641
A_NA_N1	183	6229	G	22	0	6224	22.1425128534704
A_NA_N1	184	6233	G	18	0	6222	22.4241401478624
A_NA_N1	185	6227	T	24	0	6199	22.2753669946766
A_NA_N1	186	6223	A	28	0	6207	22.5065248912518
A_NA_N1	187	6239	A	12	0	6217	22.6123532250281
A_NA_N1	188	6241	A	10	0	6197	23.3311279651444
A_NA_N1	189	6241	T	10	0	6211	24.1898245049106
A_NA_N1	190	6214	C	37	0	6060	22.7605610561056
A_NA_N1	191	6222	A	29	0	6111	22.4472263132057
A_NA_N1	192	6230	G	21	0	6147	22.0997234423296
A_NA_N1	193	6216	A	35	0	6187	21.9969290447713
A_NA_N1	194	6227	C	24	0	6170	22.1294975688817
A_NA_N1	195	6235	A	16	0	6209	21.7165405057175
A_NA_N1	196	6198	T	53	0	6176	21.8879533678756
A_NA_N1	197	6237	T	14	0	6217	22.3038442978929
A_NA_N1	198	6232	T	19	0	6211	23.4142650136854
A_NA_N1	199	6235	G	16	0	6195	22.7512510088781
A_NA_N1	200	6227	T	24	0	6176	22.6395725388601
A_NA_N1	201	6240	T	11	0	6218	21.5566098423931
A_NA_N1	202	6219	A	32	0	6179	20.6758375141609
A_NA_N1	203	6235	A	16	0	6170	20.8325769854133
A_NA_N1	204	6234	C	17	0	6211	21.0165834809209
A_NA_N1	205	6238	A	13	0	6201	20.8584099338816
A_NA_N1	206	6237	T	14	0	6215	20.0659694288013
A_NA_N1	207	6228	C	23	0	6140	19.7382736156352
A_NA_N1	208	6225	A	26	0	6201	19.720528946944
A_NA_N1	209	6209	G	42	0	6164	19.9862102530824
A_NA_N1	210	6201	C	50	0	6152	21.774544863459
A_NA_N1	211	6215	A	36	0	6186	22.4705787261558
A_NA_N1	212	6222	A	29	0	6187	22.3723937287862
A_NA_N1	213	6237	C	14	0	6205	23.9332796132151
A_NA_N1	214	6222	A	28	0	6183	24.2283681060974
A_NA_N1	215	6187	C	25	0	6150	25.0230894308943
A_NA_N1	216	6197	T	15	0	6161	25.2574257425743
A_NA_N1	217	6181	A	31	0	6128	25.4585509138381
A_NA_N1	218	6200	A	12	0	6164	25.0665152498378
A_NA_N1	219	6193	C	19	0	6176	25.3518458549223
A_NA_N1	220	6190	T	21	0	6163	26.4312834658446
A_NA_N1	221	6168	C	43	0	6140	26.2517915309446
A_NA_N1	222	6183	T	28	0	6161	26.9751663690959
A_NA_N1	223	6174	G	37	0	6113	26.6451823981678
A_NA_N1	224	6193	C	17	0	6169	26.7772734640947
A_NA_N1	225	6202	T	8	0	6134	26.1423214867949
A_NA_N1	226	6184	G	26	0	6131	25.4955145979449
A_NA_N1	227	6163	C	47	0	6129	25.1682166748246
A_NA_N1	228	6180	T	29	0	6122	23.9720679516498
A_NA_N1	229	6172	A	37	0	6101	22.5992460252418
A_NA_N1	230	6174	G	35	0	6035	21.7849212924606
A_NA_N1	231	6188	A	21	0	6154	21.8417289567761
A_NA_N1	232	6188	C	21	0	6173	22.9410335331281
A_NA_N1	233	6186	A	23	0	6141	22.5679856700863
A_NA_N1	234	6185	G	24	0	6152	22.9609882964889
A_NA_N1	235	6191	T	18	0	6113	22.4467528218551
A_NA_N1	236	6174	C	35	0	6048	22.0342261904762
A_NA_N1	237	6170	A	39	0	6123	21.5618161032174
A_NA_N1	238	6198	G	11	0	6171	21.9205963377086
A_NA_N1	239	6200	T	9	0	6168	22.8785667963684
A_NA_N1	240	6187	G	22	0	6143	22.9083509685821
A_NA_N1	241	6201	G	8	0	6158	23.828028580708
A_NA_N1	242	6195	C	14	0	6169	23.72718430864
A_NA_N1	243	6141	T	68	0	6112	24.0443390052356
A_NA_N1	244	6194	T	14	0	6139	23.866590649943
A_NA_N1	245	6098	C	110	0	6008	23.6353195739015
A_NA_N1	246	6191	C	17	0	6069	22.2862086010875
A_NA_N1	247	6181	G	26	0	6108	19.8107400130976
A_NA_N1	248	6189	T	18	0	6142	20.0952458482579
A_NA_N1	249	6165	G	41	0	6131	20.2048605447725
A_NA_N1	250	6089	A	110	0	6046	21.2877935825339
A_NA_N1	251	6170	A	28	0	6137	23.1706045299006
A_NA_N1	252	6147	A	50	0	6060	22.9074257425743
A_NA_N1	253	6148	T	49	0	6075	22.9354732510288
A_NA_N1	254	6168	T	29	0	5994	22.6805138471805
A_NA_N1	255	6137	A	59	0	5810	20.7571428571429
A_NA_N1	256	6075	G	120	0	5778	20.6815507095881
A_NA_N1	257	5985	C	210	0	5776	19.9433864265928
A_NA_N1	258	6039	G	155	0	5775	18.1757575757576
A_NA_N1	259	6172	G	22	0	6151	18.3443342545927
A_NA_N1	260	6145	G	49	0	6119	19.0988723647655
A_NA_N1	261	6137	C	57	0	5923	20.1375991895999
A_NA_N1	262	6133	A	61	0	6084	23.6988823142669
A_NA_N1	263	6071	A	123	0	6007	22.7050108207092
A_NA_N1	264	6069	T	123	0	5982	21.448010698763
A_NA_N1	265	6065	T	127	0	5971	22.0676603583989
A_NA_N1	266	6062	C	130	0	5985	21.3431913116124
A_NA_N1	267	4966	C	1226	0	4884	22.2700655200655
A_NA_N1	268	4939	T	1253	0	4843	22.5946727235185
A_NA_N1	269	5978	C	214	0	5917	22.3253337840122
A_NA_N1	270	5979	T	213	0	5940	26.909595959596
A_NA_N1	271	6042	C	150	0	6010	35.6928452579035
A_NA_N1	272	6058	T	133	0	6039	50.966550753436
A_NA_N1	273	6082	C	108	0	6055	42.352931461602
A_NA_N1	274	6118	T	70	0	6039	29.2699122371254
A_NA_N1	275	6144	G	43	0	6125	24.3529795918367
A_NA_N1	276	6092	C	95	0	6052	24.5958360872439
A_NA_N1	277	6176	C	10	0	6166	23.7225105416802
A_NA_N1	278	6171	C	15	0	6152	23.832899869961
A_NA_N1	279	6144	T	42	0	6113	23.8547358089318
A_NA_N1	280	6168	G	18	0	6150	24.4252032520325
A_NA_N1	281	6156	T	30	0	6081	22.5872389409637
A_NA_N1	282	6176	T	10	0	6145	21.8633034987795
A_NA_N1	283	6181	A	5	0	6120	20.2908496732026
A_NA_N1	284	6166	G	20	0	6119	19.9267854224546
A_NA_N1	285	6176	T	10	0	6157	20.6017541010232
A_NA_N1	286	6154	G	32	0	6107	21.3622073030948
A_NA_N1	287	6182	G	4	0	6145	21.7321399511798
A_NA_N1	288	6180	A	6	0	6156	22.3206627680312
A_NA_N1	289	6176	T	10	0	6158	22.5462812601494
A_NA_N1	290	6143	G	43	0	6073	22.784785114441
A_NA_N1	291	6171	G	15	0	6159	22.796395518753
A_NA_N1	292	6176	G	10	0	6160	22.9512987012987
A_NA_N1	293	6172	C	14	0	6137	23.1222095486394
A_NA_N1	294	6134	T	52	0	6084	23.3024326101249
A_NA_N1	295	6136	A	49	0	6095	22.7919606234619
A_NA_N1	296	6172	T	13	0	6135	21.4715566422168
A_NA_N1	297	6171	A	13	0	6098	21.590849458839
A_NA_N1	298	6158	T	26	0	6109	32.2427565886397
A_NA_N1	299	6139	A	45	0	6034	20.2139542591979
A_NA_N1	300	6149	C	35	0	6128	20.1468668407311
A_NA_N1	301	6162	A	22	0	6104	20.1770969855832
A_NA_N1	302	6147	G	37	0	6106	21.1546020307894
A_NA_N1	303	6121	T	62	0	6051	20.2743348206908
A_NA_N1	304	6132	A	50	0	6084	20.4944115713346
A_NA_N1	305	6159	A	22	0	6137	20.3203519635001
A_NA_N1	306	6154	A	27	0	6114	20.6455675498855
A_NA_N1	307	6146	G	35	0	6102	22.3792199278925
A_NA_N1	308	6080	A	101	0	6047	21.7023317347445
A_NA_N1	309	6150	C	31	0	6125	21.1572244897959
A_NA_N1	310	6163	A	18	0	6073	20.5945990449531
A_NA_N1	311	6175	A	6	0	6148	20.569290826285
A_NA_N1	312	6174	C	6	0	6156	21.5344379467186
A_NA_N1	313	6170	A	10	0	6116	21.8991170699804
A_NA_N1	314	6149	G	31	0	6136	22.2069752281617
A_NA_N1	315	6152	T	28	0	6123	22.7462028417442
A_NA_N1	316	6157	G	23	0	6141	22.7915648917114
A_NA_N1	317	6129	T	51	0	6058	21.434796962694
A_NA_N1	318	6055	A	125	0	6009	20.6916292228324
A_NA_N1	319	6098	A	82	0	6018	20.6837819873712
A_NA_N1	320	6043	G	137	0	5849	20.8664729013507
A_NA_N1	321	6128	A	52	0	6080	22.5759868421053
A_NA_N1	322	6121	A	59	0	5978	22.6831716293075
A_NA_N1	323	6111	T	69	0	6078	22.5870352089503
A_NA_N1	324	6071	C	109	0	5713	21.8828986521967
A_NA_N1	325	6108	G	72	0	5866	19.1314353903853
A_NA_N1	326	6122	G	58	0	6034	18.7684786211468
A_NA_N1	327	6130	T	50	0	6055	18.7167630057803
A_NA_N1	328	6163	T	17	0	6047	19.3487679841244
A_NA_N1	329	6100	C	80	0	5968	21.8429959785523
A_NA_N1	330	6121	C	59	0	6078	22.1982560052649
A_NA_N1	331	6025	A	155	0	5970	22.2929648241206
A_NA_N1	332	6010	A	170	0	5978	22.0195717631315
A_NA_N1	333	5807	G	373	0	5764	21.8322345593338
A_NA_N1	334	6104	G	76	0	6091	22.4352323099655
A_NA_N1	335	6159	G	18	0	6147	23.569383439076
A_NA_N1	336	6170	G	7	0	6140	25.057654723127
A_NA_N1	337	6170	G	7	0	6104	24.7211664482307
A_NA_N1	338	6170	A	7	0	6153	23.5205590768731
A_NA_N1	339	6166	T	11	0	6111	22.1597119947635
A_NA_N1	340	6164	G	13	0	6124	22.0994448073155
A_NA_N1	341	6149	T	28	0	6109	22.7068259944344
A_NA_N1	342	6139	G	38	0	6091	23.8798226892136
A_NA_N1	343	6113	T	64	0	6066	28.8387734915925
A_NA_N1	344	6144	T	33	0	6082	20.9876685300888
A_NA_N1	345	6144	T	32	0	6089	20.8530136311381
A_NA_N1	346	6129	G	47	0	6006	20.2985347985348
A_NA_N1	347	6141	T	35	0	6092	20.3151674326986
A_NA_N1	348	6138	C	38	0	5993	20.1732020690806
A_NA_N1	349	6151	A	24	0	6092	19.1357518056467
A_NA_N1	350	6158	T	17	0	6126	18.9074436826641
A_NA_N1	351	6044	A	130	0	5979	18.921726041144
A_NA_N1	352	6059	A	115	0	5993	18.7455364592024
A_NA_N1	353	5928	G	244	0	5763	19.5228179767482
A_NA_N1	354	6071	G	101	0	6004	20.937708194537
A_NA_N1	355	6115	G	57	0	5914	21.239093676023
A_NA_N1	356	6126	A	45	0	6027	22.4013605442177
A_NA_N1	357	6143	A	28	0	6001	22.0209965005832
A_NA_N1	358	6146	C	25	0	5965	21.3663034367142
A_NA_N1	359	6152	C	19	0	6022	21.7915974759216
A_NA_N1	360	6147	A	24	0	6018	21.381023595879
A_NA_N1	361	6138	T	32	0	6092	21.6255745239659
A_NA_N1	362	6154	T	16	0	6004	21.6752165223185
A_NA_N1	363	6144	C	26	0	5950	20.7253781512605
A_NA_N1	364	6129	A	41	0	6044	20.4583057577763
A_NA_N1	365	6145	T	25	0	6093	19.9878549154768
A_NA_N1	366	6152	A	18	0	6081	20.1938825851011
A_NA_N1	367	6159	T	11	0	6112	20.1361256544503
A_NA_N1	368	6155	C	15	0	6064	20.4929089709763
A_NA_N1	369	6162	A	8	0	6061	20.477148985316
A_NA_N1	370	6155	T	15	0	6107	20.8647453741608
A_NA_N1	371	6121	G	49	0	6069	21.8215521502719
A_NA_N1	372	6094	C	76	0	6022	21.9666223845898
A_NA_N1	373	6134	T	36	0	6087	23.4990964350255
A_NA_N1	374	6139	C	31	0	6082	23.3087800065768
A_NA_N1	375	6140	T	30	0	6115	27.3535568274734
A_NA_N1	376	6050	C	118	0	5997	24.1187260296815
A_NA_N1	377	6160	C	8	0	6149	23.3587575215482
A_NA_N1	378	6153	C	15	0	6136	24.8285528031291
A_NA_N1	379	6121	T	47	0	6099	24.4412198721102
A_NA_N1	380	6159	T	9	0	6129	25.2564855604503
A_NA_N1	381	6148	G	20	0	6115	23.3718724448078
A_NA_N1	382	6162	G	5	0	6082	23.597500822098
A_NA_N1	383	6150	A	17	0	6130	24.3154975530179
A_NA_N1	384	6158	A	9	0	6124	24.6593729588504
A_NA_N1	385	6155	T	12	0	6128	23.3937663185379
A_NA_N1	386	6147	G	20	0	6096	23.0967847769029
A_NA_N1	387	6127	C	40	0	6093	23.0013129821106
A_NA_N1	388	6147	A	20	0	6117	22.5689063266307
A_NA_N1	389	6113	G	54	0	6017	22.7934186471664
A_NA_N1	390	6159	A	8	0	6114	22.4594373568858
A_NA_N1	391	6159	A	8	0	6109	22.0451792437387
A_NA_N1	392	6154	C	13	0	6102	21.7084562438545
A_NA_N1	393	6020	C	147	0	5973	22.1464925498075
A_NA_N1	394	5991	T	176	0	5965	22.5753562447611
A_NA_N1	395	5980	T	187	0	5938	24.2788817783766
A_NA_N1	396	6096	C	71	0	6059	22.1328602079551
A_NA_N1	397	6045	T	122	0	5999	22.4485747624604
A_NA_N1	398	6050	T	117	0	6011	22.6584594909333
A_NA_N1	399	6052	C	115	0	5965	22.2095557418273
A_NA_N1	400	6029	T	138	0	5915	23.4874049027895
A_NA_N1	401	6107	T	60	0	6050	23.7930578512397
A_NA_N1	402	6035	G	132	0	5934	22.5026963262555
A_NA_N1	403	6139	A	28	0	6108	22.2303536345776
A_NA_N1	404	6131	C	35	0	6095	23.0360951599672
A_NA_N1	405	6038	T	128	0	6000	22.4398333333333
A_NA_N1	406	6083	C	83	0	5957	22.1905321470539
A_NA_N1	407	6125	A	41	0	6105	21.7344799344799
A_NA_N1	408	6144	A	22	0	6122	21.2794838288141
A_NA_N1	409	6110	G	56	0	6081	21.5721098503536
A_NA_N1	410	6156	G	10	0	6147	21.6556043598503
A_NA_N1	411	6156	G	10	0	6141	21.9928350431526
A_NA_N1	412	6153	G	13	0	6120	23.1645424836601
A_NA_N1	413	6152	C	14	0	6118	21.8287021902583
A_NA_N1	414	6137	T	29	0	6090	21.7088669950739
A_NA_N1	415	6158	T	8	0	6108	21.5877537655534
A_NA_N1	416	6152	T	14	0	6119	23.6885111946396
A_NA_N1	417	6144	G	22	0	6122	22.3667102254165
A_NA_N1	418	6110	C	56	0	6077	23.0794800065822
A_NA_N1	419	6134	T	32	0	6055	22.6125516102395
A_NA_N1	420	6096	A	68	0	6034	21.1748425588333
A_NA_N1	421	6151	A	13	0	6128	21.1067232375979
A_NA_N1	422	6156	A	8	0	6114	21.4226365718024
A_NA_N1	423	6159	T	5	0	6114	22.747791952895
A_NA_N1	424	6141	G	23	0	6049	21.9380062820301
A_NA_N1	425	6143	A	21	0	6084	21.5332018408941
A_NA_N1	426	6139	C	25	0	6109	21.7631363561958
A_NA_N1	427	6086	A	78	0	6043	21.4102267085884
A_NA_N1	428	6156	A	8	0	6129	21.1532060695056
A_NA_N1	429	6158	A	6	0	6101	21.9423045402393
A_NA_N1	430	6157	C	7	0	6126	21.6918054195233
A_NA_N1	431	6154	A	9	0	6104	21.3258519003932
A_NA_N1	432	6141	T	22	0	6103	20.3649025069638
A_NA_N1	433	6154	T	9	0	6118	20.2139588100687
A_NA_N1	434	6138	C	25	0	6095	19.9153404429861
A_NA_N1	435	6154	C	9	0	6124	21.1895819725669
A_NA_N1	436	6157	A	6	0	6133	21.7423773031143
A_NA_N1	437	6156	A	6	0	6141	22.4294088910601
A_NA_N1	438	6152	T	10	0	6139	21.4003909431503
A_NA_N1	439	6084	G	78	0	6059	21.6481267535897
A_NA_N1	440	6147	G	15	0	6110	21.2036006546645
A_NA_N1	441	6144	A	18	0	6117	21.1963380742194
A_NA_N1	442	6147	A	15	0	6110	22.553682487725
A_NA_N1	443	6149	C	13	0	6118	21.7298136645963
A_NA_N1	444	6140	A	22	0	6060	20.5374587458746
A_NA_N1	445	6147	A	15	0	6109	19.9014568669177
A_NA_N1	446	6134	T	28	0	6082	19.4852022361065
A_NA_N1	447	6152	T	10	0	6101	20.1868546139977
A_NA_N1	448	6014	A	147	0	5937	20.1680983661782
A_NA_N1	449	6128	A	33	0	6084	20.5202169625247
A_NA_N1	450	6121	A	40	0	6068	21.3506921555702
A_NA_N1	451	6109	G	52	0	5992	21.9599465954606
A_NA_N1	452	6005	A	156	0	5960	21.280033557047
A_NA_N1	453	6126	C	35	0	6094	20.5871348867739
A_NA_N1	454	5999	A	162	0	5971	20.2525540110534
A_NA_N1	455	6062	G	99	0	5972	19.9517749497656
A_NA_N1	456	6130	A	31	0	6094	20.2341647522153
A_NA_N1	457	6150	A	11	0	6119	20.2134335675764
A_NA_N1	458	6145	G	16	0	6122	20.4554067298269
A_NA_N1	459	6101	C	59	0	6072	21.1758893280632
A_NA_N1	460	6140	C	20	0	6089	21.4696994580391
A_NA_N1	461	6137	C	23	0	6081	22.7850682453544
A_NA_N1	462	6081	A	79	0	6026	23.4049120477929
A_NA_N1	463	6101	T	57	0	6029	20.3763476530104
A_NA_N1	464	6115	A	41	0	6078	19.7390589009543
A_NA_N1	465	6143	T	13	0	6129	19.6731930168054
A_NA_N1	466	6077	C	79	0	5739	19.2317476912354
A_NA_N1	467	6123	G	33	0	5913	17.9414848638593
A_NA_N1	468	6144	A	12	0	6110	17.8747954173486
A_NA_N1	469	6132	A	24	0	6104	18.1122214941022
A_NA_N1	470	6085	C	71	0	6006	18.9612054612055
A_NA_N1	471	6122	C	34	0	6085	23.4627773212818
A_NA_N1	472	6139	C	17	0	6048	23.7316468253968
A_NA_N1	473	6127	T	27	0	6028	24.1617451891175
A_NA_N1	474	6140	A	14	0	6109	22.3331150761172
A_NA_N1	475	6148	A	6	0	6123	21.3245141270619
A_NA_N1	476	6148	T	6	0	6056	20.8489101717305
A_NA_N1	477	6145	G	9	0	6059	20.7940254167354
A_NA_N1	478	6140	A	14	0	6105	20.4373464373464
A_NA_N1	479	6143	G	10	0	6110	20.6846153846154
A_NA_N1	480	6137	C	15	0	6110	21.2111292962357
A_NA_N1	481	6140	T	10	0	6116	22.2204054937868
A_NA_N1	482	6130	G	20	0	6098	22.4862249918006
A_NA_N1	483	6128	T	22	0	6110	22.1806873977087
A_NA_N1	484	6118	C	31	0	6099	21.8491555992786
A_NA_N1	485	6132	C	17	0	6094	21.8019363308172
A_NA_N1	486	6110	T	39	0	6045	22.0454921422663
A_NA_N1	487	5982	A	166	0	5944	21.9486877523553
A_NA_N1	488	6131	T	17	0	5943	21.0785798418307
A_NA_N1	489	6140	T	7	0	6094	21.0582540203479
A_NA_N1	490	6125	G	22	0	6088	20.8413272010513
A_NA_N1	491	6135	G	12	0	6105	21.0560196560197
A_NA_N1	492	6137	T	10	0	6001	22.6013997667055
A_NA_N1	493	6115	G	32	0	5928	22.3782051282051
A_NA_N1	494	5930	A	217	0	5872	21.7903610354223
A_NA_N1	495	6122	A	24	0	6067	21.7675951870776
A_NA_N1	496	6097	G	49	0	5975	21.2001673640167
A_NA_N1	497	6095	T	51	0	6014	20.7730295976056
A_NA_N1	498	6110	T	36	0	5980	20.9511705685619
A_NA_N1	499	5990	C	156	0	5770	20.9001733102253
A_NA_N1	500	6118	C	28	0	6092	22.8522652659225
A_NA_N1	501	6095	C	51	0	6031	24.1018073288012
A_NA_N1	502	6090	T	55	0	6047	23.8070117413594
A_NA_N1	503	6115	C	30	0	6065	21.9688375927453
A_NA_N1	504	6122	T	22	0	6098	26.2653328960315
A_NA_N1	505	6109	C	35	0	6064	24.1058707124011
A_NA_N1	506	6128	C	15	0	6108	22.6542239685658
A_NA_N1	507	6100	A	42	0	6081	21.535931590199
A_NA_N1	508	6095	T	47	0	6042	20.7499172459451
A_NA_N1	509	6075	A	66	0	6055	20.080759702725
A_NA_N1	510	6100	C	41	0	6066	19.8344873062974
A_NA_N1	511	6120	A	21	0	6074	19.7265393480408
A_NA_N1	512	6123	A	18	0	6087	20.791030064071
A_NA_N1	513	6122	C	19	0	6106	21.8481821159515
A_NA_N1	514	6113	T	27	0	6085	22.2192276088743
A_NA_N1	515	6076	C	63	0	5869	22.7967285738627
A_NA_N1	516	6094	A	44	0	6040	22.6493377483444
A_NA_N1	517	6121	A	16	0	6083	22.5217820154529
A_NA_N1	518	6114	G	23	0	6085	22.1911257189811
A_NA_N1	519	6097	A	39	0	6052	21.8217118307997
A_NA_N1	520	6083	T	53	0	6044	21.39493712773
A_NA_N1	521	6121	T	15	0	6094	21.2848703642927
A_NA_N1	522	6123	T	13	0	6076	22.1505924950625
A_NA_N1	523	6098	G	38	0	6013	21.8751039414602
A_NA_N1	524	6073	A	61	0	6011	22.2096157045417
A_NA_N1	525	6114	G	19	0	6073	21.6770953400296
A_NA_N1	526	6119	T	14	0	6085	21.1988496302383
A_NA_N1	527	6058	C	75	0	5938	21.2773661165376
A_NA_N1	528	6116	A	17	0	6057	21.1436354631005
A_NA_N1	529	6092	G	41	0	6016	21.616522606383
A_NA_N1	530	6122	T	11	0	6088	22.3158672798949
A_NA_N1	531	6114	C	17	0	5715	21.936832895888
A_NA_N1	532	6116	G	15	0	5896	19.7620420624152
A_NA_N1	533	6098	C	33	0	6086	19.4763391390076
A_NA_N1	534	6085	T	46	0	6064	19.6123021108179
A_NA_N1	535	6120	T	11	0	6097	20.7972773495162
A_NA_N1	536	6111	G	20	0	6066	22.7548631717771
A_NA_N1	537	6124	G	7	0	6094	23.3081719724319
A_NA_N1	538	6127	T	4	0	6099	22.6879816363338
A_NA_N1	539	6103	C	28	0	6020	22.262292358804
A_NA_N1	540	6108	A	23	0	6080	22.0646381578947
A_NA_N1	541	6111	G	19	0	6086	22.1317778508051
A_NA_N1	542	6117	C	13	0	6097	23.3011317041168
A_NA_N1	543	6117	A	13	0	6097	23.3150729867148
A_NA_N1	544	6119	A	11	0	6102	23.1340544083907
A_NA_N1	545	6111	G	19	0	6075	23.2602469135802
A_NA_N1	546	6105	T	23	0	6080	23.2432565789474
A_NA_N1	547	6105	G	23	0	6066	23.237223870755
A_NA_N1	548	6108	C	20	0	6077	23.9427349020898
A_NA_N1	549	6090	T	38	0	5988	23.9283567134269
A_NA_N1	550	6116	T	12	0	6076	24.2470375246873
A_NA_N1	551	6111	G	17	0	6041	23.5379903989406
A_NA_N1	552	6109	T	19	0	6083	22.6288015781687
A_NA_N1	553	6111	C	16	0	6038	22.8499503146737
A_NA_N1	554	6118	A	9	0	6078	22.0164527805199
A_NA_N1	555	6117	T	9	0	6092	22.3461917268549
A_NA_N1	556	6118	G	8	0	6029	22.8621661967159
A_NA_N1	557	6119	A	6	0	6096	22.2951115485564
A_NA_N1	558	6109	T	15	0	6036	22.5448972829689
A_NA_N1	559	6064	G	59	0	6023	22.4494437987714
A_NA_N1	560	6003	G	120	0	5977	22.4373431487368
A_NA_N1	561	6011	C	112	0	5987	23.3684650075163
A_NA_N1	562	6096	A	27	0	6052	24.121777924653
A_NA_N1	563	6088	C	34	0	6056	24.082892998679
A_NA_N1	564	6106	C	16	0	6030	23.8199004975124
A_NA_N1	565	6087	A	35	0	6019	23.0176108988204
A_NA_N1	566	6111	A	10	0	6083	22.4719710669078
A_NA_N1	567	6106	T	15	0	6056	21.2126816380449
A_NA_N1	568	6107	T	14	0	6065	21.8760098928277
A_NA_N1	569	6103	G	18	0	6077	21.36284350831
A_NA_N1	570	6106	G	15	0	5979	21.9725706639906
A_NA_N1	571	6089	C	31	0	6034	23.2693072588664
A_NA_N1	572	6094	T	25	0	6036	22.9617296222664
A_NA_N1	573	6092	A	26	0	6057	22.5550602608552
A_NA_N1	574	6092	A	26	0	6058	21.9384285242654
A_NA_N1	575	6089	C	29	0	6047	21.9140069455929
A_NA_N1	576	6085	A	33	0	6011	21.3017800698719
A_NA_N1	577	6092	A	26	0	6045	20.390570719603
A_NA_N1	578	6080	T	38	0	6025	19.7668049792531
A_NA_N1	579	6101	T	16	0	6053	20.6301007764745
A_NA_N1	580	6023	G	94	0	5947	20.1072809820077
A_NA_N1	581	6095	G	22	0	5989	20.541158791117
A_NA_N1	582	6098	A	19	0	6063	21.2111166089395
A_NA_N1	583	6086	A	29	0	6049	22.0282691353943
A_NA_N1	584	6052	T	62	0	5912	20.8822733423545
A_NA_N1	585	6087	T	27	0	6051	21.6817055032226
A_NA_N1	586	6077	T	37	0	6030	21.9096185737977
A_NA_N1	587	6037	C	76	0	5884	20.9750169952413
A_NA_N1	588	6082	T	30	0	6041	22.4807151133918
A_NA_N1	589	6055	G	55	0	5949	21.4220877458396
A_NA_N1	590	6056	G	54	0	5967	20.8121334003687
A_NA_N1	591	5940	C	170	0	5852	21.4653110047847
A_NA_N1	592	6082	C	28	0	6039	22.4454379864216
A_NA_N1	593	6064	C	46	0	5998	24.2087362454151
A_NA_N1	594	6064	A	46	0	6028	24.1625746516257
A_NA_N1	595	6056	G	53	0	5988	24.0068470273881
A_NA_N1	596	6068	A	41	0	6026	22.8717225356787
A_NA_N1	597	6066	C	43	0	6025	22.864398340249
A_NA_N1	598	6080	A	28	0	6001	22.3896017330445
A_NA_N1	599	6080	A	27	0	6050	22.1793388429752
A_NA_N1	600	6068	T	39	0	6039	22.347739692002
A_NA_N1	601	5923	G	184	0	5871	22.3610969170499
A_NA_N1	602	6052	G	53	0	6032	22.4230769230769
A_NA_N1	603	6083	G	22	0	6076	23.2249835418038
A_NA_N1	604	6076	G	28	0	6057	24.4903417533432
A_NA_N1	605	6031	C	73	0	5980	23.5834448160535
A_NA_N1	606	6081	A	22	0	6036	23.7412193505633
A_NA_N1	607	6062	G	41	0	6007	23.5453637423006
A_NA_N1	608	6083	T	19	0	6043	22.7694853549561
A_NA_N1	609	6083	G	18	0	6067	22.4049777484754
A_NA_N1	610	6095	G	6	0	6086	22.2265856063096
A_NA_N1	611	6090	C	10	0	6068	22.4253460777851
A_NA_N1	612	6086	T	14	0	6047	23.3472796427981
A_NA_N1	613	6073	G	26	0	5994	22.6756756756757
A_NA_N1	614	6075	T	24	0	6049	22.8064142833526
A_NA_N1	615	6074	G	25	0	6002	25.8372209263579
A_NA_N1	616	6079	T	19	0	5943	23.1505973414101
A_NA_N1	617	6075	T	22	0	5994	20.8546880213547
A_NA_N1	618	6016	A	81	0	5967	20.5902463549522
A_NA_N1	619	6065	A	32	0	6005	20.9257285595337
A_NA_N1	620	6082	A	15	0	5997	23.2836418209105
A_NA_N1	621	6081	A	16	0	6008	24.8200732356858
A_NA_N1	622	6073	T	23	0	5922	23.6266464032421
A_NA_N1	623	6051	A	44	0	5950	23.7253781512605
A_NA_N1	624	6040	C	55	0	6005	23.5247293921732
A_NA_N1	625	6057	A	38	0	5999	23.1993665610935
A_NA_N1	626	6057	A	38	0	6036	23.4115308151093
A_NA_N1	627	6067	T	28	0	6020	23.2046511627907
A_NA_N1	628	6080	G	15	0	6024	23.2297476759628
A_NA_N1	629	6082	G	13	0	6067	22.6967199604417
A_NA_N1	630	6079	C	16	0	6053	23.0221377829176
A_NA_N1	631	6068	A	27	0	6042	23.3634558093347
A_NA_N1	632	6067	T	28	0	6044	21.5029781601588
A_NA_N1	633	6016	A	79	0	5986	21.1146007350484
A_NA_N1	634	6059	A	36	0	5999	20.5987664610768
A_NA_N1	635	6055	T	40	0	5899	20.080861162909
A_NA_N1	636	6032	A	63	0	5949	20.8278702302908
A_NA_N1	637	6049	A	46	0	6003	20.6265200732967
A_NA_N1	638	6042	C	53	0	5961	21.0613990941117
A_NA_N1	639	6071	A	24	0	6039	22.3152839874151
A_NA_N1	640	6047	G	48	0	5992	22.1438584779706
A_NA_N1	641	6067	A	28	0	6030	22.4910447761194
A_NA_N1	642	6077	C	18	0	6057	22.5732210665346
A_NA_N1	643	6080	A	15	0	6016	22.4867021276596
A_NA_N1	644	6082	C	13	0	6046	23.3264968574264
A_NA_N1	645	6081	T	13	0	6044	22.4184315023163
A_NA_N1	646	6078	A	16	0	6013	22.2348245468152
A_NA_N1	647	6081	T	13	0	6051	21.7183936539415
A_NA_N1	648	5995	C	98	0	5876	21.2966303607897
A_NA_N1	649	6009	A	84	0	5884	21.1167573079538
A_NA_N1	650	6070	A	23	0	6038	20.60980457105
A_NA_N1	651	6029	G	63	0	5952	21.0315860215054
A_NA_N1	652	6065	A	27	0	6047	20.8617496279147
A_NA_N1	653	6066	G	25	0	6007	21.102380556018
A_NA_N1	654	6003	T	88	0	5965	20.4088851634535
A_NA_N1	655	6051	T	40	0	6017	20.6352002659132
A_NA_N1	656	5994	G	97	0	5951	19.7264325323475
A_NA_N1	657	6045	G	44	0	5986	19.8673571667224
A_NA_N1	658	6049	A	40	0	6033	21.0782363666501
A_NA_N1	659	6054	G	35	0	6018	21.0103024260552
A_NA_N1	660	6029	G	59	0	5968	20.6905160857909
A_NA_N1	661	5988	A	100	0	5929	20.6358576488447
A_NA_N1	662	6050	A	38	0	5996	21.2211474316211
A_NA_N1	663	6053	C	35	0	5955	20.6068849706129
A_NA_N1	664	5901	A	187	0	5821	20.6328809482907
A_NA_N1	665	6027	A	61	0	5945	19.6
A_NA_N1	666	6015	G	72	0	5903	19.0033881077418
A_NA_N1	667	6022	A	63	0	5983	19.2227979274611
A_NA_N1	668	5993	T	91	0	5913	18.0830373752748
A_NA_N1	669	6011	A	73	0	5919	17.5946950498395
A_NA_N1	670	6025	T	59	0	5958	17.5394427660289
A_NA_N1	671	6054	T	29	0	6014	17.5414033920851
A_NA_N1	672	6020	G	63	0	5951	18.1268694337086
A_NA_N1	673	6042	A	41	0	5978	18.7497490799599
A_NA_N1	674	6049	G	33	0	5965	20.5344509639564
A_NA_N1	675	6043	A	39	0	6023	20.6340694006309
A_NA_N1	676	6067	A	15	0	6024	20.582171314741
A_NA_N1	677	6060	C	22	0	6025	20.6111203319502
A_NA_N1	678	6070	A	12	0	6032	20.7362400530504
A_NA_N1	679	6071	C	11	0	6033	28.8503232222775
A_NA_N1	680	6045	A	36	0	6012	21.9938456420492
A_NA_N1	681	6067	A	14	0	6039	19.9080973671138
A_NA_N1	682	6036	G	45	0	5977	19.8470804751548
A_NA_N1	683	6071	A	10	0	6044	20.057743216413
A_NA_N1	684	6053	G	28	0	6009	20.1464469961724
A_NA_N1	685	6063	T	18	0	5984	20.0929144385027
A_NA_N1	686	6044	C	37	0	5986	20.3708653524891
A_NA_N1	687	6063	T	18	0	6023	21.0808567159223
A_NA_N1	688	6047	G	34	0	5982	21.640086927449
A_NA_N1	689	6058	A	23	0	6034	23.01607557176
A_NA_N1	690	6069	A	12	0	6047	22.9068959814784
A_NA_N1	691	6063	T	18	0	6032	22.7037466843501
A_NA_N1	692	6065	G	16	0	6044	22.4763401720715
A_NA_N1	693	6064	T	17	0	6041	23.1316007283562
A_NA_N1	694	6062	G	18	0	6033	23.2078567876678
A_NA_N1	695	6053	C	26	0	6029	23.6490296898325
A_NA_N1	696	6060	A	19	0	6033	22.5798110392839
A_NA_N1	697	6054	T	23	0	6028	22.4270072992701
A_NA_N1	698	6059	G	17	0	6042	22.1572327044025
A_NA_N1	699	6064	T	12	0	6048	22.6099537037037
A_NA_N1	700	6062	G	14	0	6050	26.6793388429752
A_NA_N1	701	6059	T	17	0	6035	26.1014084507042
A_NA_N1	702	6042	A	33	0	5972	20.8355659745479
A_NA_N1	703	6058	A	17	0	6036	20.120112657389
A_NA_N1	704	6066	A	9	0	6041	20.3557358053302
A_NA_N1	705	6066	T	8	0	6039	21.7716509355854
A_NA_N1	706	6060	G	14	0	6026	22.112512446067
A_NA_N1	707	6054	G	20	0	6039	22.4975989402219
A_NA_N1	708	6019	T	55	0	5957	21.6446197750546
A_NA_N1	709	6038	T	34	0	5919	21.2956580503463
A_NA_N1	710	6034	C	38	0	5936	20.7425876010782
A_NA_N1	711	6044	T	27	0	5975	20.6694560669456
A_NA_N1	712	6062	T	8	0	6035	21.7209610604805
A_NA_N1	713	6060	G	10	0	6037	22.1384793771741
A_NA_N1	714	6052	C	18	0	6031	23.0369756259327
A_NA_N1	715	6026	T	44	0	5991	23.5297946920381
A_NA_N1	716	6051	T	17	0	6021	23.2164092343465
A_NA_N1	717	6024	T	44	0	5996	24.3197131420947
A_NA_N1	718	5961	A	107	0	5918	22.934437309902
A_NA_N1	719	5995	C	73	0	5977	22.9931403714238
A_NA_N1	720	6043	C	24	0	6022	23.3995350381933
A_NA_N1	721	6053	A	15	0	6013	22.7989356394479
A_NA_N1	722	6050	T	17	0	6002	22.6396201266245
A_NA_N1	723	6047	A	20	0	6006	22.3721278721279
A_NA_N1	724	6062	A	5	0	6000	22.5365
A_NA_N1	725	6062	T	5	0	6024	23.2714143426295
A_NA_N1	726	6044	G	23	0	5973	23.8230369998326
A_NA_N1	727	6051	A	16	0	6017	23.488615589164
A_NA_N1	728	6049	C	18	0	6021	24.1232353429663
A_NA_N1	729	6053	C	13	0	5972	21.8980241125251
A_NA_N1	730	6021	G	45	0	5781	20.2658709565819
A_NA_N1	731	6062	A	3	0	6035	19.8732394366197
A_NA_N1	732	6061	T	4	0	6036	19.7221669980119
A_NA_N1	733	6028	G	35	0	5961	20.7985237376279
A_NA_N1	734	6047	G	15	0	5971	22.4987439289901
A_NA_N1	735	6042	A	20	0	6005	22.145545378851
A_NA_N1	736	6026	C	36	0	5976	22.3042168674699
A_NA_N1	737	6047	C	15	0	5987	22.20744947386
A_NA_N1	738	5991	A	70	0	5955	22.7227539882452
A_NA_N1	739	6040	A	21	0	6010	22.8056572379368
A_NA_N1	740	6040	G	21	0	6024	22.2682602921647
A_NA_N1	741	6051	T	9	0	6014	22.7969737279681
A_NA_N1	742	6046	G	13	0	5992	23.1637182910547
A_NA_N1	743	6051	A	8	0	6030	22.5001658374793
A_NA_N1	744	6052	T	7	0	6006	22.2557442557443
A_NA_N1	745	6032	G	27	0	5983	21.6364699983286
A_NA_N1	746	6045	G	13	0	6003	21.1739130434783
A_NA_N1	747	6045	A	13	0	6004	21.2153564290473
A_NA_N1	748	6047	C	11	0	6021	21.3280186015612
A_NA_N1	749	6035	A	23	0	6012	21.1994344644045
A_NA_N1	750	6004	G	54	0	5968	21.7796581769437
A_NA_N1	751	6025	G	32	0	6007	21.5948060595971
A_NA_N1	752	6031	C	24	0	6018	22.4577932868062
A_NA_N1	753	6042	C	11	0	6033	22.9941985745069
A_NA_N1	754	6040	T	13	0	6000	23.504
A_NA_N1	755	6040	C	11	0	5962	23.3111372022811
A_NA_N1	756	6038	A	13	0	6014	22.3734619221816
A_NA_N1	757	6042	T	9	0	6011	21.395108966894
A_NA_N1	758	6005	A	46	0	5968	21.003518766756
A_NA_N1	759	6039	C	12	0	6004	21.1602265156562
A_NA_N1	760	6001	A	49	0	5984	21.2556818181818
A_NA_N1	761	6042	A	8	0	6008	22.517809587217
A_NA_N1	762	6045	A	5	0	6020	23.564950166113
A_NA_N1	763	6043	A	7	0	6007	24.0399533877143
A_NA_N1	764	6034	T	16	0	5999	23.4507417902984
A_NA_N1	765	6032	C	18	0	5994	21.8743743743744
A_NA_N1	766	5875	T	175	0	5832	22.5051440329218
A_NA_N1	767	5985	T	65	0	5944	21.5484522207268
A_NA_N1	768	5965	C	84	0	5918	20.691280838121
A_NA_N1	769	6014	A	35	0	5974	20.5962504184801
A_NA_N1	770	6012	G	36	0	5966	21.6652698625545
A_NA_N1	771	5951	A	97	0	5810	21.2913941480207
A_NA_N1	772	5971	A	77	0	5891	21.2150738414531
A_NA_N1	773	5973	T	75	0	5869	19.2661441472142
A_NA_N1	774	5878	A	170	0	5809	18.3355138578069
A_NA_N1	775	5944	G	104	0	5911	17.8624598206733
A_NA_N1	776	6000	A	48	0	5971	17.8058951599397
A_NA_N1	777	6003	G	45	0	5963	26.317793057186
A_NA_N1	778	5984	A	64	0	5961	28.4485824526086
A_NA_N1	779	6011	A	37	0	5986	22.1129301703976
A_NA_N1	780	5847	G	201	0	5800	22.2036206896552
A_NA_N1	781	6035	G	13	0	6024	22.6910690571049
A_NA_N1	782	6009	G	37	0	5945	21.5172413793103
A_NA_N1	783	5831	A	215	0	5729	22.3971024611625
A_NA_N1	784	6017	A	29	0	5959	23.3832857862057
A_NA_N1	785	6036	A	10	0	5987	23.8162685819275
A_NA_N1	786	6033	G	13	0	5988	23.5410821643287
A_NA_N1	787	6014	A	31	0	5963	22.0301861479121
A_NA_N1	788	6018	T	27	0	5989	19.9403907163132
A_NA_N1	789	6014	A	31	0	5957	18.707067315763
A_NA_N1	790	6026	A	19	0	5987	18.7015199599131
A_NA_N1	791	6025	T	18	0	6001	18.6590568238627
A_NA_N1	792	6016	C	25	0	5916	20.6959093982421
A_NA_N1	793	5984	A	57	0	5885	21.1447748513169
A_NA_N1	794	6032	A	9	0	5979	21.4019066733567
A_NA_N1	795	6034	A	7	0	5993	23.2834974136493
A_NA_N1	796	6031	T	10	0	6001	22.9166805532411
A_NA_N1	797	5974	C	67	0	5809	22.2995352039938
A_NA_N1	798	6034	A	7	0	6003	21.2713643178411
A_NA_N1	799	5989	G	51	0	5921	20.9194392839047
A_NA_N1	800	6016	T	24	0	5965	20.4425817267393
A_NA_N1	801	5940	C	96	0	5641	19.7527034213792
A_NA_N1	802	5887	G	149	0	5753	18.1413175734399
A_NA_N1	803	5920	A	116	0	5806	17.9932828108853
A_NA_N1	804	6017	A	19	0	5967	18.3896430367019
A_NA_N1	805	6025	A	10	0	5890	21.2808149405773
A_NA_N1	806	6023	T	12	0	5954	23.1551897883776
A_NA_N1	807	5995	G	40	0	5895	21.6505513146735
A_NA_N1	808	6016	A	19	0	5943	21.5448426720512
A_NA_N1	809	6024	A	11	0	5997	21.421043855261
A_NA_N1	810	6008	G	27	0	5960	21.7186241610738
A_NA_N1	811	5998	G	37	0	5951	22.7375231053604
A_NA_N1	812	5877	C	158	0	5812	22.7104267033723
A_NA_N1	813	5972	C	63	0	5915	23.9533389687236
A_NA_N1	814	6020	C	14	0	5994	25.3034701368035
A_NA_N1	815	6013	C	20	0	5947	28.1600807129645
A_NA_N1	816	5981	T	52	0	5896	27.7433853459973
A_NA_N1	817	5992	A	41	0	5878	26.4067710105478
A_NA_N1	818	6010	A	23	0	5973	26.50326469111
A_NA_N1	819	6015	T	17	0	5970	26.8492462311558
A_NA_N1	820	6000	T	32	0	5928	28.1103238866397
A_NA_N1	821	5998	A	33	0	5950	26.7500840336134
A_NA_N1	822	5974	T	57	0	5941	25.8784716377714
A_NA_N1	823	5973	C	57	0	5935	25.5046335299073
A_NA_N1	824	6017	A	13	0	5931	24.8231326926319
A_NA_N1	825	6017	C	13	0	5986	24.9463748747077
A_NA_N1	826	6015	T	14	0	5959	24.0790401074006
A_NA_N1	827	6015	A	14	0	5979	22.6420806154875
A_NA_N1	828	6018	T	11	0	6000	22.6278333333333
A_NA_N1	829	5977	G	52	0	5929	21.5731151964918
A_NA_N1	830	5948	A	81	0	5912	21.1310893098782
A_NA_N1	831	5951	A	76	0	5919	21.55972292617
A_NA_N1	832	5967	G	59	0	5913	21.0740740740741
A_NA_N1	833	5943	A	82	0	5878	21.1765906771011
A_NA_N1	834	5992	A	29	0	5894	21.1399728537496
A_NA_N1	835	5988	T	33	0	5953	20.6497564253318
A_NA_N1	836	5986	G	35	0	5927	21.3035262358698
A_NA_N1	837	5935	C	85	0	5859	21.6612049837856
A_NA_N1	838	5987	T	32	0	5928	22.5531376518219
A_NA_N1	839	5952	C	66	0	5867	22.672575421851
A_NA_N1	840	5988	C	30	0	5914	22.9000676361177
A_NA_N1	841	5941	T	77	0	5877	23.075378594521
A_NA_N1	842	5998	G	20	0	5968	22.9085120643432
A_NA_N1	843	5985	T	33	0	5940	21.3107744107744
A_NA_N1	844	5990	T	26	0	5848	20.2544459644323
A_NA_N1	845	5971	A	42	0	5946	18.7125798856374
A_NA_N1	846	5923	C	89	0	5899	19.3532802169859
A_NA_N1	847	5988	C	22	0	5968	20.140918230563
A_NA_N1	848	5986	C	23	0	5951	21.5588976642581
A_NA_N1	849	5970	T	39	0	5914	23.0855596888739
A_NA_N1	850	5966	G	43	0	5866	21.627173542448
A_NA_N1	851	5987	A	22	0	5949	21.1448983022357
A_NA_N1	852	5990	T	19	0	5871	20.098279679782
A_NA_N1	853	5971	T	38	0	5932	20.5035401213756
A_NA_N1	854	5926	C	83	0	5807	20.7478904770105
A_NA_N1	855	5972	T	37	0	5920	21.114527027027
A_NA_N1	856	5993	A	15	0	5917	21.3395301673145
A_NA_N1	857	5997	G	11	0	5978	20.8655068584811
A_NA_N1	858	5995	T	13	0	5934	21.0244354566903
A_NA_N1	859	5990	G	18	0	5974	21.4370605959156
A_NA_N1	860	5967	A	41	0	5944	23.2365410497981
A_NA_N1	861	5998	A	10	0	5959	23.4596408793422
A_NA_N1	862	5997	A	8	0	5948	24.4791526563551
A_NA_N1	863	5998	T	7	0	5973	24.1379541269044
A_NA_N1	864	5983	C	21	0	5929	23.3562152133581
A_NA_N1	865	5988	A	15	0	5938	23.5661839003031
A_NA_N1	866	5992	C	11	0	5968	23.5767426273458
A_NA_N1	867	5964	A	37	0	5940	22.5651515151515
A_NA_N1	868	5877	T	124	0	5850	21.7811965811966
A_NA_N1	869	5901	G	100	0	5877	21.6765356474392
A_NA_N1	870	5971	T	29	0	5930	21.8462057335582
A_NA_N1	871	5976	G	24	0	5952	26.2874663978495
A_NA_N1	872	5984	T	16	0	5931	50.0524363513741
A_NA_N1	873	5987	G	12	0	5970	40.6613065326633
A_NA_N1	874	5984	T	15	0	5943	49.7783947501262
A_NA_N1	875	5993	G	37	0	5980	26.6351170568562
A_NA_N1	876	5984	C	46	0	5966	24.2463962453905
A_NA_N1	877	5995	A	36	0	5958	22.848271231957
A_NA_N1	878	6003	G	28	0	5969	23.0149103702463
A_NA_N1	879	6015	G	17	0	6003	22.6133599866733
A_NA_N1	880	6014	G	18	0	5975	22.8957322175732
A_NA_N1	881	6009	A	23	0	5983	24.4873809125857
A_NA_N1	882	5995	T	37	0	5964	22.6986921529175
A_NA_N1	883	5996	A	36	0	5968	21.8641085790885
A_NA_N1	884	6009	A	21	0	5955	21.3951301427372
A_NA_N1	885	6005	T	25	0	5971	21.0432088427399
A_NA_N1	886	6015	T	15	0	5968	22.3386394101877
A_NA_N1	887	5937	G	93	0	5871	21.508942258559
A_NA_N1	888	6011	G	17	0	5963	21.6156297165856
A_NA_N1	889	6009	C	18	0	5935	22.2466722830666
A_NA_N1	890	6020	A	7	0	5943	21.2244657580347
A_NA_N1	891	6020	T	6	0	5994	20.6748415081748
A_NA_N1	892	6011	G	15	0	5965	20.5369656328583
A_NA_N1	893	6006	G	20	0	5960	20.4352348993289
A_NA_N1	894	5986	C	40	0	5958	21.5043638804968
A_NA_N1	895	6005	T	21	0	5952	23.4936155913978
A_NA_N1	896	5822	C	203	0	5605	21.1038358608385
A_NA_N1	897	5778	G	244	0	5564	18.7415528396837
A_NA_N1	898	5995	A	27	0	5951	18.5338598554865
A_NA_N1	899	6010	A	12	0	5911	18.6509896802571
A_NA_N1	900	5996	T	25	0	5963	20.2475264128794
A_NA_N1	901	5927	C	92	0	5515	21.1452402538531
A_NA_N1	902	6006	G	12	0	5954	18.4956331877729
A_NA_N1	903	6009	G	9	0	5986	18.7213498162379
A_NA_N1	904	5999	C	19	0	5971	19.1050075364261
A_NA_N1	905	6004	C	14	0	5978	20.2495817999331
A_NA_N1	906	5999	T	19	0	5934	24.1602628918099
A_NA_N1	907	5998	T	18	0	5970	25.8815745393635
A_NA_N1	908	5843	G	171	0	5749	22.5940163506697
A_NA_N1	909	5964	G	49	0	5914	22.6794048021644
A_NA_N1	910	5982	G	31	0	5948	23.081708137189
A_NA_N1	911	5971	T	41	0	5904	23.3558604336043
A_NA_N1	912	5990	G	21	0	5852	22.529049897471
A_NA_N1	913	5976	T	34	0	5946	21.7149344096872
A_NA_N1	914	5965	C	43	0	5784	20.6815352697095
A_NA_N1	915	5794	T	214	0	5683	20.3330987154672
A_NA_N1	916	5980	T	28	0	5922	19.8416075650118
A_NA_N1	917	5996	T	12	0	5930	20.8305227655987
A_NA_N1	918	5973	C	35	0	5835	19.5571550985433
A_NA_N1	919	5982	A	26	0	5866	19.5712580975111
A_NA_N1	920	5996	A	12	0	5960	19.4211409395973
A_NA_N1	921	5970	C	38	0	5920	19.7592905405405
A_NA_N1	922	5987	C	20	0	5899	20.618409899983
A_NA_N1	923	5983	A	24	0	5949	21.3938477054967
A_NA_N1	924	5960	G	45	0	5855	21.7383432963279
A_NA_N1	925	5990	A	15	0	5950	20.6147899159664
A_NA_N1	926	5996	A	9	0	5936	20.2452830188679
A_NA_N1	927	5983	T	22	0	5941	19.6746339000168
A_NA_N1	928	5973	C	32	0	5893	19.7334125233328
A_NA_N1	929	5974	T	31	0	5958	20.7359852299429
A_NA_N1	930	5926	G	79	0	5906	21.3139180494412
A_NA_N1	931	5978	G	25	0	5935	22.6908171861837
A_NA_N1	932	5925	A	78	0	5879	23.8605204966831
A_NA_N1	933	5978	A	25	0	5854	24.2104543901606
A_NA_N1	934	5985	T	18	0	5916	22.4318796484111
A_NA_N1	935	5977	A	26	0	5953	21.7182932974971
A_NA_N1	936	5985	T	15	0	5963	21.9015596176421
A_NA_N1	937	5948	C	51	0	5874	21.043241402792
A_NA_N1	938	5964	A	35	0	5889	21.1840719986415
A_NA_N1	939	5969	G	30	0	5907	21.4531911291688
A_NA_N1	940	5992	A	6	0	5959	22.2513844604799
A_NA_N1	941	5990	T	8	0	5978	22.6196052191368
A_NA_N1	942	5892	G	106	0	5873	23.25830069811
A_NA_N1	943	5985	G	12	0	5963	23.965956733188
A_NA_N1	944	5976	G	20	0	5873	24.3010386514558
A_NA_N1	945	5966	A	29	0	5923	25.4806685801114
A_NA_N1	946	5974	T	21	0	5933	23.0117984156413
A_NA_N1	947	5966	A	29	0	5911	22.4403654204026
A_NA_N1	948	5972	C	23	0	5920	22.525
A_NA_N1	949	5923	A	71	0	5871	22.2064384261625
A_NA_N1	950	5932	T	62	0	5891	22.9993209981327
A_NA_N1	951	5963	A	29	0	5814	22.2127622979016
A_NA_N1	952	5971	T	21	0	5931	22.0585061541055
A_NA_N1	953	5966	G	21	0	5934	21.7789012470509
A_NA_N1	954	5955	C	27	0	5934	22.8838894506235
A_NA_N1	955	5967	A	15	0	5901	23.6146415861718
A_NA_N1	956	5959	G	21	0	5926	24.1463044211947
A_NA_N1	957	5969	T	10	0	5943	23.8657243816254
A_NA_N1	958	5914	G	65	0	5856	23.2281420765027
A_NA_N1	959	5964	G	15	0	5892	23.7898845892736
A_NA_N1	960	5964	G	14	0	5927	24.3295090264889
A_NA_N1	961	5919	G	59	0	5885	25.2905692438403
A_NA_N1	962	5731	T	247	0	5624	23.3399715504979
A_NA_N1	963	5942	T	36	0	5872	22.2118528610354
A_NA_N1	964	5938	T	40	0	5886	22.2896704043493
A_NA_N1	965	5910	T	68	0	5869	23.4525472823309
A_NA_N1	966	5583	C	394	0	5376	21.1127232142857
A_NA_N1	967	5845	G	132	0	5725	17.1589519650655
A_NA_N1	968	5915	G	62	0	5741	17.0404110782094
A_NA_N1	969	5916	A	61	0	5818	17.7803368855277
A_NA_N1	970	5793	G	184	0	5633	21.0775785549441
A_NA_N1	971	5838	A	139	0	5738	21.9309864064134
A_NA_N1	972	5777	C	200	0	5588	22.0783822476736
A_NA_N1	973	5929	A	47	0	5701	21.2234695667427
A_NA_N1	974	5966	A	10	0	5884	21.2178789938817
A_NA_N1	975	5965	T	11	0	5924	21.163571910871
A_NA_N1	976	5915	C	60	0	5798	21.5476026215937
A_NA_N1	977	5936	C	39	0	5752	22.567454798331
A_NA_N1	978	5937	A	38	0	5897	23.4334407325759
A_NA_N1	979	5950	C	25	0	5712	23.9796918767507
A_NA_N1	980	5949	G	25	0	5790	21.9687392055268
A_NA_N1	981	5929	C	45	0	5885	21.5930331350892
A_NA_N1	982	5954	C	20	0	5942	21.7463816896668
A_NA_N1	983	5935	C	37	0	5890	22.8269949066214
A_NA_N1	984	5913	T	58	0	5849	26.8765600957429
A_NA_N1	985	5949	A	20	0	5920	25.6038851351351
A_NA_N1	986	5953	A	16	0	5920	24.9836148648649
A_NA_N1	987	5956	T	13	0	5867	25.3942389636952
A_NA_N1	988	5955	G	14	0	5885	25.0183517417162
A_NA_N1	989	5959	A	10	0	5939	24.3002188920694
A_NA_N1	990	5956	T	12	0	5932	23.5670937289278
A_NA_N1	991	5867	A	101	0	5796	22.9080400276052
A_NA_N1	992	5915	A	51	0	5874	22.0228123935989
A_NA_N1	993	5900	G	64	0	5870	22.1580919931857
A_NA_N1	994	5888	A	76	0	5845	23.254747647562
A_NA_N1	995	5935	C	28	0	5909	23.5621932645118
A_NA_N1	996	5904	A	59	0	5851	23.3365236711673
A_NA_N1	997	5912	G	51	0	5901	23.670055922725
A_NA_N1	998	5944	G	19	0	5926	24.2163347958151
A_NA_N1	999	5937	C	25	0	5901	24.6992035248263
A_NA_N1	1000	5945	A	17	0	5903	25.0518380484499
A_NA_N1	1001	5924	G	36	0	5892	24.8151731160896
A_NA_N1	1002	5911	T	47	0	5845	22.9112061591103
A_NA_N1	1003	5937	T	20	0	5895	22.7899915182358
A_NA_N1	1004	5936	G	21	0	5903	22.7924784008131
A_NA_N1	1005	5945	T	12	0	5898	22.9682943370634
A_NA_N1	1006	5919	G	35	0	5729	22.9551405131786
A_NA_N1	1007	5927	G	23	0	5891	21.7353590222373
A_NA_N1	1008	5917	T	33	0	5882	21.6839510370622
A_NA_N1	1009	5891	C	59	0	5797	22.4029670519234
A_NA_N1	1010	5917	C	31	0	5848	23.4351915184679
A_NA_N1	1011	5913	A	35	0	5867	23.3292994716209
A_NA_N1	1012	5901	G	47	0	5834	24.2288309907439
A_NA_N1	1013	5893	T	53	0	5835	21.8061696658098
A_NA_N1	1014	5933	A	12	0	5854	21.2034506320465
A_NA_N1	1015	5905	T	39	0	5876	21.1608236895848
A_NA_N1	1016	5908	C	35	0	5675	20.5737444933921
A_NA_N1	1017	5907	G	36	0	5872	20.462704359673
A_NA_N1	1018	5892	T	51	0	5857	20.7816288202151
A_NA_N1	1019	5893	C	48	0	5833	21.2722441282359
A_NA_N1	1020	5913	T	28	0	5863	22.8910114275968
A_NA_N1	1021	5926	A	15	0	5900	24.8098305084746
A_NA_N1	1022	5930	A	11	0	5904	24.5797764227642
A_NA_N1	1023	5931	T	10	0	5903	25.6974419786549
A_NA_N1	1024	5910	G	31	0	5892	25.8480991174474
A_NA_N1	1025	5933	G	8	0	5901	25.1057447890188
A_NA_N1	1026	5932	A	9	0	5903	24.9107233610029
A_NA_N1	1027	5925	G	16	0	5874	24.8958120531154
A_NA_N1	1028	5927	C	12	0	5895	24.7133163698049
A_NA_N1	1029	5879	A	59	0	5806	23.8895969686531
A_NA_N1	1030	5931	A	7	0	5914	23.4913763949949
A_NA_N1	1031	5924	A	14	0	5886	23.7434590553857
A_NA_N1	1032	5922	T	16	0	5903	23.8309334236829
A_NA_N1	1033	5860	G	76	0	5818	23.429013406669
A_NA_N1	1034	5919	G	16	0	5857	23.2178589721701
A_NA_N1	1035	5878	G	57	0	5840	23.2431506849315
A_NA_N1	1036	5861	G	72	0	5844	24.3964750171116
A_NA_N1	1037	5838	T	92	0	5809	23.3831984851093
A_NA_N1	1038	5767	A	161	0	5712	23.2580532212885
A_NA_N1	1039	5923	A	5	0	5891	23.2028518078425
A_NA_N1	1040	5920	A	8	0	5871	23.6206779083631
A_NA_N1	1041	5826	G	102	0	5794	24.6964100793925
A_NA_N1	1042	5921	G	7	0	5906	24.8201828648832
A_NA_N1	1043	5914	G	13	0	5817	23.6319408629878
A_NA_N1	1044	5909	A	18	0	5878	23.8162640353862
A_NA_N1	1045	5681	T	246	0	5552	23.2862031700288
A_NA_N1	1046	5834	T	93	0	5790	22.8516407599309
A_NA_N1	1047	5917	T	9	0	5877	23.5165900969883
A_NA_N1	1048	5910	T	13	0	5779	24.9330333967815
A_NA_N1	1049	5896	C	25	0	5774	24.1865258053343
A_NA_N1	1050	5913	A	8	0	5878	23.1270840421912
A_NA_N1	1051	5898	T	22	0	5850	23.2446153846154
A_NA_N1	1052	5912	T	8	0	5884	23.6702923181509
A_NA_N1	1053	5893	C	27	0	5781	24.2252205500778
A_NA_N1	1054	5895	A	24	0	5815	25.4699914015477
A_NA_N1	1055	5917	A	2	0	5877	26.5591288072146
A_NA_N1	1056	5915	A	4	0	5854	26.4062179706184
A_NA_N1	1057	5914	T	5	0	5880	25.8248299319728
A_NA_N1	1058	5892	A	27	0	5872	24.3976498637602
A_NA_N1	1059	5870	C	49	0	5815	23.2178847807395
A_NA_N1	1060	5905	G	13	0	5878	21.4123851650221
A_NA_N1	1061	5905	G	13	0	5892	21.4820095044128
A_NA_N1	1062	5903	C	15	0	5876	21.7554458815521
A_NA_N1	1063	5888	A	30	0	5851	22.4129208682277
A_NA_N1	1064	5907	A	9	0	5892	23.9609640190088
A_NA_N1	1065	5905	T	11	0	5876	23.7642954390742
A_NA_N1	1066	5898	G	17	0	5831	23.683244726462
A_NA_N1	1067	5887	G	28	0	5873	23.8995402690278
A_NA_N1	1068	5892	T	23	0	5840	24.9583904109589
A_NA_N1	1069	5868	G	47	0	5817	24.5906824823792
A_NA_N1	1070	5893	T	21	0	5821	24.5485311802096
A_NA_N1	1071	5904	T	9	0	5854	24.3862316364879
A_NA_N1	1072	5898	T	14	0	5871	24.6164196900017
A_NA_N1	1073	5879	G	32	0	5764	23.5798056904927
A_NA_N1	1074	5908	G	3	0	5821	23.6206837313176
A_NA_N1	1075	5906	A	5	0	5884	22.4945615227736
A_NA_N1	1076	5908	T	3	0	5892	21.9100475220638
A_NA_N1	1077	5853	A	58	0	5804	21.7706753962784
A_NA_N1	1078	5828	G	82	0	5779	21.8286900847898
A_NA_N1	1079	5898	G	12	0	5879	21.9358734478653
A_NA_N1	1080	5887	G	22	0	5812	23.1629387474191
A_NA_N1	1081	5885	A	24	0	5851	23.976927021022
A_NA_N1	1082	5811	G	98	0	5741	23.9480926667828
A_NA_N1	1083	5835	G	74	0	5733	21.808128379557
A_NA_N1	1084	5807	A	101	0	5718	20.1838055264078
A_NA_N1	1085	5875	C	32	0	5767	19.5189873417722
A_NA_N1	1086	5884	T	23	0	5796	19.4893029675638
A_NA_N1	1087	5610	A	294	0	5516	18.8885061638869
A_NA_N1	1088	5838	A	66	0	5782	18.6871324801107
A_NA_N1	1089	5836	G	68	0	5764	19.1939625260236
A_NA_N1	1090	5774	A	127	0	5721	19.9187205034085
A_NA_N1	1091	5888	G	13	0	5841	20.8014038692005
A_NA_N1	1092	5888	C	13	0	5842	21.0282437521397
A_NA_N1	1093	5889	A	12	0	5812	21.5230557467309
A_NA_N1	1094	5880	T	20	0	5856	21.4603825136612
A_NA_N1	1095	5892	T	8	0	5835	20.9749785775493
A_NA_N1	1096	5883	A	16	0	5836	20.028101439342
A_NA_N1	1097	5886	G	13	0	5831	19.8590293260161
A_NA_N1	1098	5880	T	18	0	5837	20.2585232139798
A_NA_N1	1099	5874	T	24	0	5842	21.0320095857583
A_NA_N1	1100	5790	C	105	0	5691	20.617114742576
A_NA_N1	1101	5813	A	82	0	5752	21.1971488178025
A_NA_N1	1102	5851	A	43	0	5829	21.8908903757077
A_NA_N1	1103	5858	G	35	0	5828	22.2536032944406
A_NA_N1	1104	5809	A	84	0	5778	23.8686396677051
A_NA_N1	1105	5878	A	13	0	5850	24.1683760683761
A_NA_N1	1106	5884	A	7	0	5852	24.9588174982912
A_NA_N1	1107	5882	A	9	0	5850	25.4376068376068
A_NA_N1	1108	5883	G	8	0	5869	25.5041744760607
A_NA_N1	1109	5884	G	6	0	5878	24.9811160258591
A_NA_N1	1110	5874	T	12	0	5829	24.009092468691
A_NA_N1	1111	5882	T	3	0	5858	24.405257767156
A_NA_N1	1112	5883	T	2	0	5857	25.3085197199932
A_NA_N1	1113	5876	T	9	0	5853	28.0849137194601
A_NA_N1	1114	5841	G	43	0	5801	26.1715221513532
A_NA_N1	1115	5864	A	18	0	5837	26.2081548740791
A_NA_N1	1116	5872	G	10	0	5802	25.6223715960014
A_NA_N1	1117	5879	A	3	0	5846	25.5778309955525
A_NA_N1	1118	5871	T	10	0	5839	25.4548724096592
A_NA_N1	1119	5862	G	17	0	5759	24.0468831394339
A_NA_N1	1120	5872	A	6	0	5847	23.6962544894818
A_NA_N1	1121	5818	T	59	0	5785	23.5984442523768
A_NA_N1	1122	5862	T	15	0	5841	23.6098270844034
A_NA_N1	1123	5851	T	23	0	5806	25.0089562521529
A_NA_N1	1124	5716	G	156	0	5617	23.3865052519138
A_NA_N1	1125	5850	G	22	0	5704	23.7989130434783
A_NA_N1	1126	5858	G	14	0	5757	23.1245440333507
A_NA_N1	1127	5856	A	16	0	5823	23.6273398591791
A_NA_N1	1128	5857	T	15	0	5823	23.9345698093766
A_NA_N1	1129	5777	C	95	0	5594	23.6319270647122
A_NA_N1	1130	5778	C	93	0	5672	22.7517630465444
A_NA_N1	1131	5646	G	225	0	5478	22.0001825483753
A_NA_N1	1132	5830	A	41	0	5805	21.6728682170543
A_NA_N1	1133	5857	A	14	0	5806	21.8997588701343
A_NA_N1	1134	5856	T	15	0	5799	22.75254354199
A_NA_N1	1135	5838	G	33	0	5733	24.2954822954823
A_NA_N1	1136	5858	G	13	0	5798	24.3801310796826
A_NA_N1	1137	5860	A	10	0	5825	24.5115879828326
A_NA_N1	1138	5849	T	20	0	5808	24.4168388429752
A_NA_N1	1139	5802	G	67	0	5653	23.9515301609765
A_NA_N1	1140	5842	G	25	0	5757	23.20305714782
A_NA_N1	1141	5846	A	20	0	5810	23.1025817555938
A_NA_N1	1142	5826	C	40	0	5752	23.7433936022253
A_NA_N1	1143	5846	T	20	0	5779	24.7241737324797
A_NA_N1	1144	5678	G	187	0	5640	25.4404255319149
A_NA_N1	1145	5852	G	13	0	5836	25.2959218642906
A_NA_N1	1146	5852	G	13	0	5730	25.2542757417103
A_NA_N1	1147	5847	A	18	0	5786	26.5217767023851
A_NA_N1	1148	5838	C	26	0	5789	25.4416997754362
A_NA_N1	1149	5807	T	81	0	5747	25.1854880807378
A_NA_N1	1150	5818	G	70	0	5636	25.1990773598297
A_NA_N1	1151	5865	A	22	0	5825	24.3654935622318
A_NA_N1	1152	5862	C	24	0	5799	24.1264011036386
A_NA_N1	1153	5856	A	30	0	5820	23.4347079037801
A_NA_N1	1154	5866	A	20	0	5824	22.9325206043956
A_NA_N1	1155	5854	T	29	0	5701	22.9236975969128
A_NA_N1	1156	5840	A	43	0	5784	22.6965767634855
A_NA_N1	1157	5866	A	17	0	5811	22.5728790225435
A_NA_N1	1158	5848	A	35	0	5755	23.197393570808
A_NA_N1	1159	5778	T	102	0	5697	24.0645954010883
A_NA_N1	1160	5819	T	60	0	5777	24.1306906698979
A_NA_N1	1161	5774	C	100	0	5701	22.7958252938081
A_NA_N1	1162	5811	T	63	0	5778	23.7782969885774
A_NA_N1	1163	5757	C	115	0	5605	23.585727029438
A_NA_N1	1164	5550	A	321	0	5472	21.0959429824561
A_NA_N1	1165	5796	A	75	0	5773	21.3027888446215
A_NA_N1	1166	5805	A	66	0	5778	21.8395638629283
A_NA_N1	1167	5812	A	58	0	5775	27.742683982684
A_NA_N1	1168	5834	A	34	0	5799	27.6985687187446
A_NA_N1	1169	5823	A	41	0	5791	25.7067863926783
A_NA_N1	1170	5814	G	50	0	5787	24.7257646448937
A_NA_N1	1171	5818	C	45	0	5771	24.7445849939352
A_NA_N1	1172	5766	A	96	0	5708	24.3782410651717
A_NA_N1	1173	5822	A	40	0	5756	24.0491660875608
A_NA_N1	1174	5822	G	39	0	5758	23.6437999305314
A_NA_N1	1175	5796	A	64	0	5757	23.8968212610735
A_NA_N1	1176	5798	T	62	0	5740	22.8327526132404
A_NA_N1	1177	5761	A	98	0	5667	22.291159343568
A_NA_N1	1178	5798	T	61	0	5702	22.0869870220975
A_NA_N1	1179	5830	T	29	0	5801	21.6152387519393
A_NA_N1	1180	5832	G	26	0	5774	22.0510910980256
A_NA_N1	1181	5804	T	54	0	5749	21.9615585319186
A_NA_N1	1182	5832	A	25	0	5780	22.0607266435986
A_NA_N1	1183	5831	G	26	0	5816	21.9528885832187
A_NA_N1	1184	5766	G	91	0	5738	22.3415824329035
A_NA_N1	1185	5763	A	94	0	5704	24.2482468443198
A_NA_N1	1186	5830	A	26	0	5767	25.5694468527831
A_NA_N1	1187	5831	T	25	0	5789	24.1836241147003
A_NA_N1	1188	5827	A	27	0	5735	23.858064516129
A_NA_N1	1189	5848	A	6	0	5819	24.0350575700292
A_NA_N1	1190	5845	A	8	0	5814	24.2079463364293
A_NA_N1	1191	5840	T	12	0	5812	25.4131108052306
A_NA_N1	1192	5822	G	27	0	5662	22.6125044154009
A_NA_N1	1193	5823	A	26	0	5782	22.0873400207541
A_NA_N1	1194	5812	G	37	0	5786	21.9733840304183
A_NA_N1	1195	5832	T	17	0	5801	22.0832615066368
A_NA_N1	1196	5834	G	15	0	5785	24.2869490060501
A_NA_N1	1197	5839	G	10	0	5813	24.7527954584552
A_NA_N1	1198	5837	T	11	0	5809	24.8683077982441
A_NA_N1	1199	5816	C	32	0	5734	24.5847575863272
A_NA_N1	1200	5821	A	27	0	5792	24.5100138121547
A_NA_N1	1201	5805	G	43	0	5765	25.061751951431
A_NA_N1	1202	5832	G	14	0	5823	26.0589043448394
A_NA_N1	1203	5830	G	15	0	5755	25.7315377932233
A_NA_N1	1204	5787	T	58	0	5715	25.5727034120735
A_NA_N1	1205	5828	A	17	0	5750	24.0292173913043
A_NA_N1	1206	5827	T	17	0	5810	22.8449225473322
A_NA_N1	1207	5810	A	30	0	5747	22.425613363494
A_NA_N1	1208	5788	G	50	0	5764	22.8114156835531
A_NA_N1	1209	5783	C	53	0	5726	22.9675165909885
A_NA_N1	1210	5748	G	83	0	5670	23.0477954144621
A_NA_N1	1211	5802	G	27	0	5762	23.2526900381812
A_NA_N1	1212	5808	G	21	0	5708	23.3565171688858
A_NA_N1	1213	5803	A	26	0	5718	24.8060510668066
A_NA_N1	1214	5782	G	44	0	5716	26.2709937018894
A_NA_N1	1215	5702	T	123	0	5607	25.6739789548778
A_NA_N1	1216	5754	T	72	0	5717	25.0519503235963
A_NA_N1	1217	5777	T	48	0	5715	25.0349956255468
A_NA_N1	1218	5759	T	65	0	5712	26.7433473389356
A_NA_N1	1219	5741	G	83	0	5667	25.2269278277748
A_NA_N1	1220	5700	T	124	0	5630	23.5346358792185
A_NA_N1	1221	5772	T	52	0	5666	22.0331803741617
A_NA_N1	1222	5731	C	91	0	5528	18.7688133140376
A_NA_N1	1223	5785	A	37	0	5686	20.4111853675695
A_NA_N1	1224	5777	G	45	0	5710	21.3509632224168
A_NA_N1	1225	5790	C	31	0	5688	21.8709563994374
A_NA_N1	1226	5797	A	23	0	5726	21.5534404470835
A_NA_N1	1227	5799	T	21	0	5768	21.2801664355062
A_NA_N1	1228	5793	C	25	0	5699	20.9620986137919
A_NA_N1	1229	5805	C	13	0	5762	21.0399166955918
A_NA_N1	1230	5785	A	32	0	5748	21.2181628392484
A_NA_N1	1231	5784	G	32	0	5740	24.7820557491289
A_NA_N1	1232	5757	A	56	0	5729	24.275789841159
A_NA_N1	1233	5764	A	49	0	5725	23.970480349345
A_NA_N1	1234	5755	C	58	0	5700	23.7617543859649
A_NA_N1	1235	5782	T	31	0	5744	22.5672005571031
A_NA_N1	1236	5778	A	49	0	5699	21.963326899456
A_NA_N1	1237	5811	A	15	0	5779	21.5476726077176
A_NA_N1	1238	5807	C	18	0	5784	21.9873789764869
A_NA_N1	1239	5781	A	42	0	5734	22.155737704918
A_NA_N1	1240	5780	G	42	0	5761	22.5627495226523
A_NA_N1	1241	5815	G	5	0	5803	22.3518869550233
A_NA_N1	1242	5814	G	4	0	5797	23.1873382784199
A_NA_N1	1243	5811	C	7	0	5774	24.082611707655
A_NA_N1	1244	5813	T	5	0	5768	24.4873439667129
A_NA_N1	1245	5776	G	40	0	5705	24.3617879053462
A_NA_N1	1246	5766	A	48	0	5719	24.0907501311418
A_NA_N1	1247	5766	A	44	0	5732	23.6352058618283
A_NA_N1	1248	5751	T	57	0	5705	23.1777388255916
A_NA_N1	1249	5760	T	48	0	5719	24.4357405140759
A_NA_N1	1250	5765	G	42	0	5696	23.1873244382022
A_NA_N1	1251	5767	T	39	0	5742	22.9108324625566
A_NA_N1	1252	5775	A	31	0	5599	21.9490980532238
A_NA_N1	1253	5781	T	24	0	5747	20.3687141117105
A_NA_N1	1254	5642	A	162	0	5598	20.4521257591997
A_NA_N1	1255	5748	A	56	0	5710	20.0528896672504
A_NA_N1	1256	5775	G	27	0	5730	20.0910994764398
A_NA_N1	1257	5757	A	45	0	5721	21.55042824681
A_NA_N1	1258	5779	C	21	0	5763	22.8313378448725
A_NA_N1	1259	5780	C	20	0	5757	23.121070001737
A_NA_N1	1260	5772	T	28	0	5744	23.8629874651811
A_NA_N1	1261	5782	T	18	0	5762	26.2910447761194
A_NA_N1	1262	5759	G	41	0	5723	24.1705399266119
A_NA_N1	1263	5768	C	31	0	5728	24.9907472067039
A_NA_N1	1264	5772	T	26	0	5749	26.0130457470865
A_NA_N1	1265	5777	T	20	0	5749	25.7747434336406
A_NA_N1	1266	5774	C	23	0	5722	26.2333100314575
A_NA_N1	1267	5786	T	10	0	5757	28.2398818829251
A_NA_N1	1268	5766	G	30	0	5720	25.740034965035
A_NA_N1	1269	5787	G	9	0	5770	25.5578856152513
A_NA_N1	1270	5787	G	9	0	5761	24.7694844645027
A_NA_N1	1271	5781	T	15	0	5757	24.5541080423832
A_NA_N1	1272	5788	T	8	0	5705	24.8424189307625
A_NA_N1	1273	5777	G	18	0	5600	23.3044642857143
A_NA_N1	1274	5766	A	29	0	5727	22.7565915837262
A_NA_N1	1275	5772	A	22	0	5725	23.0195633187773
A_NA_N1	1276	5763	C	30	0	5678	23.1784078901022
A_NA_N1	1277	5739	T	54	0	5605	23.6322925958965
A_NA_N1	1278	5696	A	96	0	5384	21.9557949479941
A_NA_N1	1279	5697	A	95	0	5577	21.532185762955
A_NA_N1	1280	5712	T	80	0	5557	21.5126867014576
A_NA_N1	1281	5454	A	336	0	5323	21.6321623144843
A_NA_N1	1282	5618	A	172	0	5540	21.0808664259928
A_NA_N1	1283	5611	G	178	0	5505	20.1516802906449
A_NA_N1	1284	5623	A	165	0	5552	21.7743155619597
A_NA_N1	1285	5725	G	63	0	5697	22.0786378795857
A_NA_N1	1286	5738	G	50	0	5687	22.6358361174609
A_NA_N1	1287	5729	A	59	0	5704	22.5404978962132
A_NA_N1	1288	5727	C	60	0	5588	23.7915175375805
A_NA_N1	1289	5713	G	74	0	5182	21.2346584330374
A_NA_N1	1290	5750	A	37	0	5696	19.9984199438202
A_NA_N1	1291	5678	C	109	0	5586	20.1756176154672
A_NA_N1	1292	5759	C	27	0	5692	20.1781447645819
A_NA_N1	1293	5732	C	54	0	5649	23.5266418835192
A_NA_N1	1294	5393	G	393	0	5088	21.6511399371069
A_NA_N1	1295	5601	A	185	0	5542	21.1512089498376
A_NA_N1	1296	5670	A	116	0	5635	21.3664596273292
A_NA_N1	1297	5660	G	124	0	5517	21.8613376835237
A_NA_N1	1298	5716	A	66	0	5697	24.7328418465859
A_NA_N1	1299	5677	G	92	0	5425	30.2221198156682
A_NA_N1	1300	5594	A	174	0	5541	29.0443963183541
A_NA_N1	1301	5719	A	49	0	5659	24.3276197207987
A_NA_N1	1302	5704	C	64	0	5492	23.6136198106336
A_NA_N1	1303	5730	A	38	0	5671	23.6108270146359
A_NA_N1	1304	5708	C	59	0	5552	32.1637247838617
A_NA_N1	1305	5726	A	41	0	5666	24.0714789975291
A_NA_N1	1306	5667	A	100	0	5554	22.5205257472092
A_NA_N1	1307	5632	T	135	0	5565	22.7383647798742
A_NA_N1	1308	5713	C	54	0	5653	22.7013974880594
A_NA_N1	1309	5720	T	47	0	5667	24.2844538556555
A_NA_N1	1310	5696	G	71	0	5654	24.4770074283693
A_NA_N1	1311	5748	G	18	0	5701	24.5556919838625
A_NA_N1	1312	5750	A	16	0	5709	24.2983009283587
A_NA_N1	1313	5753	C	12	0	5655	23.6907161803714
A_NA_N1	1314	5753	T	12	0	5716	22.1189643107068
A_NA_N1	1315	5739	A	25	0	5700	21.8452631578947
A_NA_N1	1316	5733	G	30	0	5716	21.7704688593422
A_NA_N1	1317	5737	C	26	0	5702	21.8763591722203
A_NA_N1	1318	5635	G	124	0	5606	21.8473064573671
A_NA_N1	1319	5722	G	37	0	5701	21.8445886686546
A_NA_N1	1320	5721	G	36	0	5666	21.5577126720791
A_NA_N1	1321	5729	A	28	0	5701	22.5078056481319
A_NA_N1	1322	5711	G	46	0	5662	23.2613917343695
A_NA_N1	1323	5705	C	51	0	5654	23.5733993632826
A_NA_N1	1324	5742	A	11	0	5681	22.6919556416124
A_NA_N1	1325	5732	G	20	0	5696	22.5042134831461
A_NA_N1	1326	5738	C	13	0	5715	22.9111111111111
A_NA_N1	1327	5719	A	31	0	5637	21.9022529714387
A_NA_N1	1328	5714	T	35	0	5668	20.0495765702188
A_NA_N1	1329	5709	A	39	0	5642	19.728996809642
A_NA_N1	1330	5737	T	11	0	5707	19.5456456982653
A_NA_N1	1331	5733	C	13	0	5695	19.3877085162423
A_NA_N1	1332	5738	C	8	0	5720	21.1505244755245
A_NA_N1	1333	5663	T	80	0	5613	22.7571708533761
A_NA_N1	1334	5732	T	10	0	5715	25.7665791776028
A_NA_N1	1335	5732	T	7	0	5723	26.4253014153416
A_NA_N1	1336	5718	T	19	0	5687	26.8035871285388
A_NA_N1	1337	5701	G	36	0	5694	26.1280295047418
A_NA_N1	1338	5721	T	15	0	5700	26.5750877192982
A_NA_N1	1339	5713	G	22	0	5697	25.8518518518519
A_NA_N1	1340	5724	G	10	0	5699	25.0596595894017
A_NA_N1	1341	5721	T	12	0	5708	25.5630693763139
A_NA_N1	1342	5720	G	13	0	5706	26.0601121626358
A_NA_N1	1343	5712	T	21	0	5672	25.012341325811
A_NA_N1	1344	5697	A	34	0	5654	24.0111425539441
A_NA_N1	1345	5684	G	44	0	5578	23.4284689852994
A_NA_N1	1346	5708	A	18	0	5615	23.0555654496883
A_NA_N1	1347	5714	C	12	0	5697	24.1018079691065
A_NA_N1	1348	5712	A	14	0	5656	23.4232673267327
A_NA_N1	1349	5709	G	15	0	5685	23.8803869832894
A_NA_N1	1350	5714	T	9	0	5668	24.803105151729
A_NA_N1	1351	5700	G	21	0	5628	24.7880241648898
A_NA_N1	1352	5689	A	32	0	5597	25.3973557262819
A_NA_N1	1353	5688	C	33	0	5658	25.3644397313538
A_NA_N1	1354	5640	A	81	0	5590	24.5815742397138
A_NA_N1	1355	5645	T	76	0	5542	24.0595452905088
A_NA_N1	1356	5694	T	26	0	5645	23.3300265721878
A_NA_N1	1357	5705	A	15	0	5664	22.1897951977401
A_NA_N1	1358	5695	T	24	0	5658	22.3305054789678
A_NA_N1	1359	5680	G	39	0	5603	22.2550419418169
A_NA_N1	1360	5710	G	9	0	5696	22.2041783707865
A_NA_N1	1361	5712	G	7	0	5652	23.8340410474168
A_NA_N1	1362	5710	T	9	0	5688	23.8881856540084
A_NA_N1	1363	5708	T	11	0	5638	23.84586732884
A_NA_N1	1364	5686	G	32	0	5573	22.5776063161672
A_NA_N1	1365	5695	G	20	0	5647	21.8712590756154
A_NA_N1	1366	5592	T	121	0	5554	22.0136838314728
A_NA_N1	1367	5662	C	51	0	5597	21.4475611934965
A_NA_N1	1368	5403	T	310	0	5341	21.916120576671
A_NA_N1	1369	5664	T	48	0	5599	20.8255045543847
A_NA_N1	1370	5648	G	64	0	5555	18.977497749775
A_NA_N1	1371	5678	G	33	0	5640	20.0351063829787
A_NA_N1	1372	5669	C	42	0	5642	22.0024813895782
A_NA_N1	1373	5678	C	30	0	5538	22.5149873600578
A_NA_N1	1374	5672	A	36	0	5632	23.2720170454545
A_NA_N1	1375	5656	G	52	0	5546	22.4006491164803
A_NA_N1	1376	5670	A	37	0	5614	21.5744567153545
A_NA_N1	1377	5625	C	81	0	5509	21.5329460882193
A_NA_N1	1378	5642	G	63	0	5405	20.1537465309898
A_NA_N1	1379	5684	G	21	0	5675	20.4845814977974
A_NA_N1	1380	5689	T	13	0	5646	20.9640453418349
A_NA_N1	1381	5639	G	63	0	5577	22.1072261072261
A_NA_N1	1382	5669	C	33	0	5611	24.2571734093744
A_NA_N1	1383	5676	T	25	0	5545	23.9862939585212
A_NA_N1	1384	5624	G	77	0	5461	22.6420069584325
A_NA_N1	1385	5663	A	35	0	5562	21.4160373966199
A_NA_N1	1386	5674	G	24	0	5486	21.3337586584032
A_NA_N1	1387	5684	T	13	0	5646	20.8436060928091
A_NA_N1	1388	5683	T	13	0	5634	21.7380191693291
A_NA_N1	1389	5662	G	33	0	5635	21.9982253771074
A_NA_N1	1390	5663	C	30	0	5631	23.5109216835376
A_NA_N1	1391	5676	C	14	0	5617	24.5880363183194
A_NA_N1	1392	5684	A	6	0	5665	23.1883495145631
A_NA_N1	1393	5679	T	11	0	5636	22.8992193044713
A_NA_N1	1394	5687	T	3	0	5632	22.5965909090909
A_NA_N1	1395	5671	C	12	0	5592	22.302217453505
A_NA_N1	1396	5678	A	5	0	5651	22.2633162272164
A_NA_N1	1397	5676	C	7	0	5672	23.0453102961918
A_NA_N1	1398	5671	C	7	0	5643	22.5140882509304
A_NA_N1	1399	5674	A	4	0	5654	21.7739653342766
A_NA_N1	1400	5671	T	4	0	5646	21.3349273822175
A_NA_N1	1401	5672	T	1	0	5639	21.0622450789147
A_NA_N1	1402	5653	G	7	0	5609	20.8015689071136
A_NA_N1	1403	5656	A	3	0	5621	21.0028464685999
A_NA_N1	1404	5651	C	2	0	5636	21.7995031937544
A_NA_N1	1405	5651	A	2	0	5611	20.0374264836927
A_NA_N1	1406	5643	A	0	0	5628	19.1508528784648
A_NA_N1	1407	5636	T	0	0	5628	19.1105188343994
A_NA_N1	1408	5623	T	0	0	5611	20.0891106754589
A_NA_N1	1409	5569	A	0	0	5569	19.3074160531514
A_NA_N1	1410	5544	A	0	0	5544	19.4494949494949
