Reference_Name	Position	Coverage Depth	Consensus	Deletions	Ambiguous	Consensus_Count	Consensus_Average_Quality
A_NP	1	1454	A	0	0	1454	25.8067400275103
A_NP	2	1456	T	0	0	1456	26.2987637362637
A_NP	3	1460	G	0	0	1418	24.3201692524683
A_NP	4	1464	G	0	0	1464	23.9398907103825
A_NP	5	1466	C	0	0	1464	23.5573770491803
A_NP	6	1469	G	2	0	1434	22.2140864714086
A_NP	7	1474	T	1	0	1464	22.5867486338798
A_NP	8	1476	C	2	0	1449	21.5734989648033
A_NP	9	1499	T	1	0	1486	21.5006729475101
A_NP	10	1490	C	13	0	1473	23.0210454854039
A_NP	11	1495	A	11	0	1473	22.83638832315
A_NP	12	1507	A	1	0	1502	24.0725699067909
A_NP	13	1504	G	4	0	1497	24.9752839011356
A_NP	14	1504	G	4	0	1501	25.9173884077282
A_NP	15	1506	C	3	0	1497	28.6693386773547
A_NP	16	1508	A	2	0	1500	27.1686666666667
A_NP	17	1506	C	4	0	1503	26.7544910179641
A_NP	18	1507	C	3	0	1482	25.919028340081
A_NP	19	1500	A	11	0	1483	23.7626432906271
A_NP	20	1505	A	6	0	1499	25.1167444963309
A_NP	21	1509	A	2	0	1501	25.4077281812125
A_NP	22	1506	C	5	0	1482	24.8515519568151
A_NP	23	1503	G	8	0	1435	21.9463414634146
A_NP	24	1506	A	5	0	1490	21.6208053691275
A_NP	25	1506	T	5	0	1492	21.7533512064343
A_NP	26	1502	C	9	0	1471	21.968048946295
A_NP	27	1496	A	15	0	1469	23.1722260040844
A_NP	28	1499	T	12	0	1487	22.2985877605918
A_NP	29	1503	A	8	0	1479	21.6876267748479
A_NP	30	1506	T	5	0	1489	22.0188045668234
A_NP	31	1505	G	6	0	1473	21.0665308893415
A_NP	32	1503	A	8	0	1493	21.9008707300737
A_NP	33	1506	A	5	0	1501	22.4210526315789
A_NP	34	1507	C	4	0	1497	23.5197060788243
A_NP	35	1507	A	5	0	1493	23.8352310783657
A_NP	36	1511	A	1	0	1500	23.7546666666667
A_NP	37	1511	A	1	0	1502	24.1318242343542
A_NP	38	1509	T	3	0	1506	24.425630810093
A_NP	39	1505	G	7	0	1497	25.7441549766199
A_NP	40	1507	G	5	0	1498	26.6722296395194
A_NP	41	1509	A	3	0	1502	25.5233022636485
A_NP	42	1508	T	4	0	1485	23.9218855218855
A_NP	43	1501	A	11	0	1500	23.1186666666667
A_NP	44	1503	C	9	0	1480	23.2810810810811
A_NP	45	1503	T	9	0	1483	23.0289952798382
A_NP	46	1502	G	10	0	1478	23.8897158322057
A_NP	47	1506	G	6	0	1496	24.25
A_NP	48	1506	T	6	0	1499	25.7785190126751
A_NP	49	1445	G	67	0	1435	24.0808362369338
A_NP	50	1488	G	24	0	1485	25.23367003367
A_NP	51	1503	G	9	0	1486	24.7954239569314
A_NP	52	1503	G	9	0	1466	25.8103683492497
A_NP	53	1503	A	9	0	1480	24.9195945945946
A_NP	54	1509	G	3	0	1483	22.2730950775455
A_NP	55	1506	C	6	0	1471	21.6084296397009
A_NP	56	1502	G	10	0	1425	19.4442105263158
A_NP	57	1462	C	50	0	1450	19.428275862069
A_NP	58	1468	C	44	0	1450	19.0110344827586
A_NP	59	1459	A	53	0	1437	18.2707028531663
A_NP	60	1479	G	33	0	1433	21.0111653872994
A_NP	61	1481	G	31	0	1462	21.515731874145
A_NP	62	1479	A	33	0	1465	20.498976109215
A_NP	63	1507	T	5	0	1496	20.6069518716578
A_NP	64	1482	G	30	0	1468	20.1934604904632
A_NP	65	1476	C	36	0	1452	20.0826446280992
A_NP	66	1496	C	16	0	1474	19.5101763907734
A_NP	67	1492	A	20	0	1418	18.5627644569817
A_NP	68	1502	C	10	0	1492	18.7064343163539
A_NP	69	1473	A	39	0	1445	18.838062283737
A_NP	70	1508	G	4	0	1494	18.4323962516734
A_NP	71	1510	A	2	0	1466	20.8096862210095
A_NP	72	1510	A	2	0	1490	20.6463087248322
A_NP	73	1509	A	3	0	1502	23.2756324900133
A_NP	74	1510	T	2	0	1504	22.4441489361702
A_NP	75	1497	C	15	0	1446	22.0179806362379
A_NP	76	1504	A	8	0	1483	21.4699932569117
A_NP	77	1495	G	17	0	1477	21.0920785375762
A_NP	78	1506	A	6	0	1490	21.7469798657718
A_NP	79	1494	G	18	0	1484	24.1145552560647
A_NP	80	1507	C	5	0	1482	24.5209176788124
A_NP	81	1509	A	3	0	1498	23.7176234979973
A_NP	82	1508	T	4	0	1494	23.5468540829987
A_NP	83	1502	C	10	0	1440	21.89375
A_NP	84	1505	T	7	0	1484	21.6725067385445
A_NP	85	1485	G	27	0	1454	21.6588720770289
A_NP	86	1503	T	9	0	1482	21.691632928475
A_NP	87	1510	T	2	0	1496	21.0300802139037
A_NP	88	1490	G	22	0	1477	19.9228165199729
A_NP	89	1503	G	9	0	1497	21.1516366065464
A_NP	90	1477	A	35	0	1471	23.0795377294358
A_NP	91	1502	A	10	0	1482	25.780701754386
A_NP	92	1508	G	4	0	1481	25.9020931802836
A_NP	93	1490	A	22	0	1480	25.9986486486486
A_NP	94	1510	A	2	0	1503	24.8057218895542
A_NP	95	1507	T	5	0	1492	24.5851206434316
A_NP	96	1506	G	6	0	1444	23.5824099722992
A_NP	97	1509	A	3	0	1498	23.1368491321762
A_NP	98	1507	T	5	0	1497	23.3453573814295
A_NP	99	1509	T	3	0	1490	23.3107382550336
A_NP	100	1508	G	4	0	1490	22.4335570469799
A_NP	101	1508	G	4	0	1495	23.2387959866221
A_NP	102	1509	T	3	0	1501	24.4943371085943
A_NP	103	1502	G	10	0	1496	24.7292780748663
A_NP	104	1508	G	4	0	1484	24.2553908355795
A_NP	105	1495	A	17	0	1482	23.3987854251012
A_NP	106	1501	A	11	0	1498	24.7630173564753
A_NP	107	1500	T	12	0	1493	22.1366376423309
A_NP	108	1432	C	80	0	1323	20.2630385487528
A_NP	109	1346	G	166	0	1321	17.8538985616957
A_NP	110	1503	G	9	0	1499	18.0627084723149
A_NP	111	1502	G	10	0	1434	18.2280334728033
A_NP	112	1506	A	6	0	1497	22.5958583834335
A_NP	113	1478	G	34	0	1398	21.4799713876967
A_NP	114	1499	A	13	0	1485	19.9010101010101
A_NP	115	1451	T	61	0	1431	19.7372466806429
A_NP	116	1496	T	16	0	1457	19.8339052848318
A_NP	117	1494	C	18	0	1384	20.721098265896
A_NP	118	1506	T	6	0	1484	19.9986522911051
A_NP	119	1432	A	80	0	1404	18.9935897435897
A_NP	120	1464	C	48	0	1445	18.4982698961938
A_NP	121	1508	A	4	0	1448	18.5145027624309
A_NP	122	1509	T	3	0	1500	18.4046666666667
A_NP	123	1494	C	18	0	1462	19.9822161422709
A_NP	124	1506	C	6	0	1493	20.6356329537843
A_NP	125	1495	A	17	0	1483	22.4484153742414
A_NP	126	1508	A	4	0	1505	25.5129568106312
A_NP	127	1506	A	6	0	1501	26.9047301798801
A_NP	128	1504	T	8	0	1498	29.3337783711616
A_NP	129	1506	G	6	0	1494	27.8239625167336
A_NP	130	1509	T	3	0	1501	28.3117921385743
A_NP	131	1505	G	7	0	1495	26.961872909699
A_NP	132	1504	C	8	0	1496	27.2620320855615
A_NP	133	1506	A	6	0	1497	25.7882431529726
A_NP	134	1494	C	18	0	1483	26.4187457855698
A_NP	135	1503	T	9	0	1496	25.5040106951872
A_NP	136	1505	G	7	0	1479	24.473968897904
A_NP	137	1507	A	5	0	1500	24.334
A_NP	138	1507	A	5	0	1494	24.1720214190094
A_NP	139	1505	C	7	0	1492	24.2024128686327
A_NP	140	1505	T	7	0	1491	23.3420523138833
A_NP	141	1476	A	36	0	1434	22.6115760111576
A_NP	142	1509	A	3	0	1496	22.3549465240642
A_NP	143	1510	A	2	0	1503	23.7864271457086
A_NP	144	1504	A	8	0	1489	27.7179314976494
A_NP	145	1501	C	11	0	1479	24.2062204192022
A_NP	146	1508	T	4	0	1494	23.0977242302544
A_NP	147	1500	C	11	0	1473	22.6184657162254
A_NP	148	1509	A	2	0	1499	22.7478318879253
A_NP	149	1506	G	5	0	1500	24.716
A_NP	150	1508	T	3	0	1500	25.3573333333333
A_NP	151	1508	G	3	0	1498	24.93391188251
A_NP	152	1507	A	4	0	1499	25.5183455637091
A_NP	153	1503	T	8	0	1500	25.236
A_NP	154	1509	T	2	0	1490	24.6120805369128
A_NP	155	1506	A	5	0	1500	23.252
A_NP	156	1506	T	5	0	1495	23.3765886287625
A_NP	157	1506	G	5	0	1468	22.6321525885559
A_NP	158	1510	A	1	0	1506	22.1892430278884
A_NP	159	1508	T	3	0	1491	23.6914822266935
A_NP	160	1502	G	9	0	1477	23.6547054840894
A_NP	161	1509	G	1	0	1491	24.4714956405097
A_NP	162	1509	A	1	0	1505	24.8611295681063
A_NP	163	1508	C	2	0	1489	24.9637340496978
A_NP	164	1501	G	9	0	1441	21.2109646079112
A_NP	165	1502	A	8	0	1460	21.3061643835616
A_NP	166	1502	C	8	0	1452	21.478650137741
A_NP	167	1505	T	5	0	1461	21.845311430527
A_NP	168	1505	A	5	0	1458	24.1851851851852
A_NP	169	1507	A	3	0	1492	23.6682305630027
A_NP	170	1501	T	9	0	1490	24.0255033557047
A_NP	171	1506	T	4	0	1485	25.2175084175084
A_NP	172	1497	C	13	0	1476	25.650406504065
A_NP	173	1502	A	8	0	1488	24.7204301075269
A_NP	174	1501	G	9	0	1473	25.082145281738
A_NP	175	1506	A	4	0	1490	25.7093959731544
A_NP	176	1503	A	7	0	1497	26.2431529726119
A_NP	177	1504	C	6	0	1497	25.9452237808951
A_NP	178	1501	A	8	0	1496	25.5982620320856
A_NP	179	1500	G	9	0	1491	25.3514419852448
A_NP	180	1498	T	11	0	1481	24.4848075624578
A_NP	181	1507	A	2	0	1490	24.0046979865772
A_NP	182	1505	T	4	0	1498	22.7476635514019
A_NP	183	1508	A	1	0	1494	22.2536813922356
A_NP	184	1507	A	2	0	1500	22.5526666666667
A_NP	185	1506	C	3	0	1506	23.2357237715803
A_NP	186	1508	A	1	0	1495	23.4655518394649
A_NP	187	1508	A	1	0	1502	23.2862849533955
A_NP	188	1508	T	1	0	1504	23.0678191489362
A_NP	189	1470	A	39	0	1463	22.339029391661
A_NP	190	1486	G	23	0	1478	21.839648173207
A_NP	191	1506	A	3	0	1503	21.913506320692
A_NP	192	1505	G	4	0	1498	31.3611481975968
A_NP	193	1504	A	5	0	1500	48.776
A_NP	194	1501	G	7	0	1490	31.3744966442953
A_NP	195	1506	G	2	0	1493	25.9879437374414
A_NP	196	1504	A	4	0	1497	25.9899799599198
A_NP	197	1504	T	4	0	1496	26.8669786096257
A_NP	198	1505	G	3	0	1499	26.5897264843229
A_NP	199	1506	G	2	0	1503	27.1676646706587
A_NP	200	1505	T	2	0	1489	27.5809267965077
A_NP	201	1498	G	9	0	1490	27.6510067114094
A_NP	202	1499	C	7	0	1488	27.3125
A_NP	203	1492	T	14	0	1482	26.8205128205128
A_NP	204	1502	T	4	0	1494	27.7804551539491
A_NP	205	1502	T	4	0	1493	30.0951105157401
A_NP	206	1488	C	18	0	1474	28.2822252374491
A_NP	207	1498	T	8	0	1493	29.2900200937709
A_NP	208	1496	G	10	0	1486	28.9454912516824
A_NP	209	1497	C	9	0	1484	27.8645552560647
A_NP	210	1455	T	51	0	1443	26.8052668052668
A_NP	211	1482	T	23	0	1477	25.8111035883548
A_NP	212	1503	T	1	0	1500	26.4926666666667
A_NP	213	1503	T	1	0	1495	25.6655518394649
A_NP	214	1498	G	6	0	1484	24.3126684636119
A_NP	215	1499	A	5	0	1493	23.9732083054253
A_NP	216	1500	T	4	0	1493	23.9792364367046
A_NP	217	1395	G	109	0	1380	19.6884057971014
A_NP	218	1393	A	111	0	1383	19.352856109906
A_NP	219	1472	G	32	0	1456	18.2967032967033
A_NP	220	1459	A	45	0	1450	29.0296551724138
A_NP	221	1471	G	32	0	1462	38.8974008207934
A_NP	222	1463	A	40	0	1455	34.0460481099656
A_NP	223	1491	A	12	0	1481	23.0708980418636
A_NP	224	1490	G	12	0	1484	23.0633423180593
A_NP	225	1488	A	14	0	1470	24.0795918367347
A_NP	226	1494	A	7	0	1489	26.063801208865
A_NP	227	1495	A	6	0	1488	27.8965053763441
A_NP	228	1495	T	6	0	1480	26.3087837837838
A_NP	229	1494	A	7	0	1475	24.1722033898305
A_NP	230	1498	A	3	0	1486	23.8418573351279
A_NP	231	1499	A	1	0	1485	23.8720538720539
A_NP	232	1498	T	2	0	1484	24.9103773584906
A_NP	233	1463	A	37	0	1442	23.1393897364771
A_NP	234	1489	C	11	0	1483	22.434254888739
A_NP	235	1490	C	10	0	1481	22.2417285617826
A_NP	236	1487	T	13	0	1468	22.9775204359673
A_NP	237	1461	A	39	0	1441	22.2206800832755
A_NP	238	1462	G	37	0	1448	21.5842541436464
A_NP	239	1474	A	25	0	1470	21.7312925170068
A_NP	240	1490	A	9	0	1485	22.8377104377104
A_NP	241	1490	G	9	0	1477	21.6201760324983
A_NP	242	1488	A	11	0	1482	22.8859649122807
A_NP	243	1473	G	26	0	1445	22.4173010380623
A_NP	244	1491	C	8	0	1473	21.6598778004073
A_NP	245	1495	A	4	0	1481	20.761647535449
A_NP	246	1494	T	5	0	1480	20.2162162162162
A_NP	247	1483	C	16	0	1469	21.0660313138189
A_NP	248	1488	C	10	0	1473	21.4568906992532
A_NP	249	1486	A	12	0	1467	22.5944103612815
A_NP	250	1495	A	3	0	1483	25.3614295347269
A_NP	251	1491	G	5	0	1482	25.0492577597841
A_NP	252	1492	T	4	0	1480	24.8986486486486
A_NP	253	1486	G	10	0	1477	25.0839539607312
A_NP	254	1480	C	16	0	1473	25.4921928038018
A_NP	255	1488	T	8	0	1475	26.4501694915254
A_NP	256	1432	G	64	0	1406	23.9061166429587
A_NP	257	1492	G	4	0	1476	23.699864498645
A_NP	258	1478	G	18	0	1458	22.3271604938272
A_NP	259	1465	A	31	0	1446	25.2455048409405
A_NP	260	1493	A	3	0	1466	25.1671214188267
A_NP	261	1489	G	6	0	1448	23.4813535911602
A_NP	262	1491	G	4	0	1445	24.1709342560554
A_NP	263	1482	A	13	0	1444	22.5969529085873
A_NP	264	1468	C	27	0	1426	22.2650771388499
A_NP	265	1486	C	9	0	1472	22.0930706521739
A_NP	266	1479	C	16	0	1439	22.4808895066018
A_NP	267	1475	T	20	0	1434	23.0871687587169
A_NP	268	1413	A	81	0	1377	20.0755265068991
A_NP	269	1461	A	33	0	1413	18.6751592356688
A_NP	270	1453	G	41	0	1399	18.8613295210865
A_NP	271	1430	A	63	0	1392	20.8081896551724
A_NP	272	1455	A	38	0	1431	21.6450034940601
A_NP	273	1490	A	2	0	1479	21.4631507775524
A_NP	274	1488	A	4	0	1473	22.0644942294637
A_NP	275	1488	C	4	0	1468	22.0122615803815
A_NP	276	1466	A	26	0	1435	21.8871080139373
A_NP	277	1476	G	16	0	1472	21.9782608695652
A_NP	278	1480	G	12	0	1456	21.510989010989
A_NP	279	1486	A	6	0	1466	21.4017735334243
A_NP	280	1469	G	23	0	1438	22.7218358831711
A_NP	281	1456	G	36	0	1431	21.8385744234801
A_NP	282	1453	A	39	0	1431	21.0496156533892
A_NP	283	1468	C	24	0	1422	21.3980309423347
A_NP	284	1483	C	7	0	1471	21.3535010197145
A_NP	285	1487	C	3	0	1467	22.6141785957737
A_NP	286	1485	A	5	0	1464	22.5403005464481
A_NP	287	1476	T	14	0	1462	23.3187414500684
A_NP	288	1468	C	21	0	1430	22.7034965034965
A_NP	289	1472	T	17	0	1464	22.6919398907104
A_NP	290	1475	A	14	0	1454	22.5185694635488
A_NP	291	1484	T	5	0	1466	21.6759890859482
A_NP	292	1471	A	18	0	1437	21.4203201113431
A_NP	293	1474	G	15	0	1449	20.5534851621808
A_NP	294	1478	A	11	0	1460	21.372602739726
A_NP	295	1478	A	11	0	1472	23.6148097826087
A_NP	296	1474	G	15	0	1456	24.4787087912088
A_NP	297	1474	A	15	0	1462	26.6614227086183
A_NP	298	1475	A	14	0	1457	26.5257378174331
A_NP	299	1467	T	22	0	1455	23.6577319587629
A_NP	300	1467	A	21	0	1445	22.6145328719723
A_NP	301	1462	G	25	0	1436	22.3286908077994
A_NP	302	1475	A	12	0	1470	22.1802721088435
A_NP	303	1478	C	9	0	1450	23.8668965517241
A_NP	304	1472	G	15	0	1460	21.6438356164384
A_NP	305	1479	G	8	0	1465	21.8443686006826
A_NP	306	1412	A	75	0	1372	22.0619533527697
A_NP	307	1484	A	3	0	1475	23.5471186440678
A_NP	308	1486	A	1	0	1480	28.9493243243243
A_NP	309	1486	A	1	0	1474	29.0413839891452
A_NP	310	1485	T	2	0	1475	28.2908474576271
A_NP	311	1470	G	17	0	1452	24.4221763085399
A_NP	312	1472	G	15	0	1451	23.89455547898
A_NP	313	1469	A	18	0	1457	23.7906657515443
A_NP	314	1478	C	9	0	1464	23.7691256830601
A_NP	315	1435	A	52	0	1412	22.5538243626062
A_NP	316	1445	A	42	0	1438	21.6592489568846
A_NP	317	1459	G	28	0	1436	20.8161559888579
A_NP	318	1467	A	20	0	1454	21.7372764786795
A_NP	319	1466	G	20	0	1454	31.2290233837689
A_NP	320	1473	A	13	0	1462	25.9035567715458
A_NP	321	1484	A	2	0	1472	23.3539402173913
A_NP	322	1483	C	3	0	1467	22.9216087252897
A_NP	323	1484	T	2	0	1469	24.002722940776
A_NP	324	1478	C	8	0	1453	23.9387474191328
A_NP	325	1482	A	4	0	1466	22.862210095498
A_NP	326	1483	T	3	0	1474	24.3799185888738
A_NP	327	1483	C	3	0	1469	24.4002722940776
A_NP	328	1483	C	3	0	1473	24.4786150712831
A_NP	329	1469	T	17	0	1456	25.7479395604396
A_NP	330	1481	T	5	0	1477	26.6384563303995
A_NP	331	1480	T	6	0	1478	26.8173207036536
A_NP	332	1480	A	6	0	1477	24.0264048747461
A_NP	333	1480	T	6	0	1467	25.2774369461486
A_NP	334	1475	G	11	0	1452	23.2534435261708
A_NP	335	1475	A	11	0	1470	22.9122448979592
A_NP	336	1478	C	8	0	1474	23.4687924016282
A_NP	337	1452	A	34	0	1440	22.65
A_NP	338	1439	A	47	0	1434	22.6283124128312
A_NP	339	1440	A	46	0	1434	23.8493723849372
A_NP	340	1444	G	42	0	1436	23.2618384401114
A_NP	341	1462	A	24	0	1454	26.0502063273728
A_NP	342	1469	A	17	0	1459	24.106237148732
A_NP	343	1469	G	17	0	1465	23.2259385665529
A_NP	344	1450	A	36	0	1425	23.0259649122807
A_NP	345	1458	A	28	0	1438	24.3324061196106
A_NP	346	1468	A	18	0	1459	24.648389307745
A_NP	347	1467	T	18	0	1457	22.6122168840082
A_NP	348	1465	A	20	0	1409	21.444996451384
A_NP	349	1462	A	23	0	1418	20.5324400564175
A_NP	350	1458	G	26	0	1441	20.7487855655795
A_NP	351	1471	G	12	0	1437	21.5414057063326
A_NP	352	1472	A	11	0	1449	22.0131124913734
A_NP	353	1460	G	23	0	1412	22.5694050991501
A_NP	354	1461	A	22	0	1451	27.0351481736733
A_NP	355	1464	G	19	0	1401	21.8793718772306
A_NP	356	1418	T	65	0	1370	20.3043795620438
A_NP	357	1471	T	12	0	1430	20.0237762237762
A_NP	358	1457	T	26	0	1399	20.6275911365261
A_NP	359	1442	G	41	0	1372	18.8848396501458
A_NP	360	1451	G	32	0	1432	20.0258379888268
A_NP	361	1456	C	27	0	1360	20.2955882352941
A_NP	362	1447	G	36	0	1387	19.8759913482336
A_NP	363	1457	C	26	0	1425	20.3249122807018
A_NP	364	1444	C	39	0	1394	19.4655667144907
A_NP	365	1387	A	96	0	1351	18.519615099926
A_NP	366	1438	A	45	0	1427	19.2943237561317
A_NP	367	1442	G	41	0	1427	18.510161177295
A_NP	368	1450	C	33	0	1418	19.0867418899859
A_NP	369	1448	A	35	0	1397	19.3915533285612
A_NP	370	1464	A	19	0	1458	19.3367626886145
A_NP	371	1470	A	13	0	1445	21.5757785467128
A_NP	372	1465	C	17	0	1431	22.4227812718379
A_NP	373	1474	A	8	0	1420	22.2070422535211
A_NP	374	1480	A	2	0	1468	21.2302452316076
A_NP	375	1480	T	2	0	1473	21.1758316361168
A_NP	376	1479	G	3	0	1467	21.6489434219496
A_NP	377	1478	G	4	0	1473	24.8852681602172
A_NP	378	1479	C	3	0	1427	24.0693763139453
A_NP	379	1470	G	12	0	1458	22.2599451303155
A_NP	380	1433	A	49	0	1417	22.3168666196189
A_NP	381	1476	A	6	0	1461	21.7631759069131
A_NP	382	1461	G	21	0	1435	22.412543554007
A_NP	383	1467	A	15	0	1453	23.2264280798348
A_NP	384	1474	T	7	0	1465	23.2798634812287
A_NP	385	1472	G	9	0	1454	22.9862448418157
A_NP	386	1455	C	26	0	1401	23.6473947180585
A_NP	387	1470	A	11	0	1429	22.8047585724283
A_NP	388	1462	A	19	0	1437	22.9874739039666
A_NP	389	1461	C	20	0	1428	21.9152661064426
A_NP	390	1468	G	13	0	1429	20.147655703289
A_NP	391	1470	G	10	0	1456	20.3578296703297
A_NP	392	1473	C	7	0	1428	20.7177871148459
A_NP	393	1475	A	5	0	1441	22.8792505204719
A_NP	394	1464	G	15	0	1431	24.2809224318658
A_NP	395	1467	G	12	0	1456	23.1634615384615
A_NP	396	1451	T	28	0	1435	23.1484320557491
A_NP	397	1465	C	13	0	1434	22.1011157601116
A_NP	398	1452	T	26	0	1441	22.4094378903539
A_NP	399	1469	T	9	0	1443	22.002079002079
A_NP	400	1425	A	53	0	1415	20.3484098939929
A_NP	401	1430	C	48	0	1419	21.5024665257223
A_NP	402	1477	C	1	0	1470	21.7421768707483
A_NP	403	1475	C	3	0	1461	22.6632443531828
A_NP	404	1474	A	4	0	1464	23.1666666666667
A_NP	405	1456	T	22	0	1433	24.2407536636427
A_NP	406	1446	C	32	0	1433	22.2805303558967
A_NP	407	1469	T	9	0	1455	22.1786941580756
A_NP	408	1471	C	7	0	1436	22.0905292479109
A_NP	409	1474	A	4	0	1463	22.5406698564593
A_NP	410	1474	T	4	0	1449	25.3802622498275
A_NP	411	1469	G	9	0	1412	22.3980169971671
A_NP	412	1474	A	4	0	1468	21.7697547683924
A_NP	413	1442	T	36	0	1428	22.0392156862745
A_NP	414	1477	T	1	0	1461	21.9267624914442
A_NP	415	1476	T	2	0	1426	25.6297335203366
A_NP	416	1467	G	11	0	1452	24.4593663911846
A_NP	417	1474	G	3	0	1463	25.511961722488
A_NP	418	1474	C	3	0	1460	25.7890410958904
A_NP	419	1475	A	2	0	1463	25.215994531784
A_NP	420	1475	T	2	0	1464	24.5956284153005
A_NP	421	1477	T	0	0	1451	24.4369400413508
A_NP	422	1472	C	5	0	1461	24.4469541409993
A_NP	423	1476	C	1	0	1467	26.068166325835
A_NP	424	1476	A	1	0	1465	25.5392491467577
A_NP	425	1475	A	2	0	1469	24.9816201497617
A_NP	426	1471	T	6	0	1465	24.3481228668942
A_NP	427	1465	C	12	0	1442	23.5256588072122
A_NP	428	1461	T	16	0	1428	24.5140056022409
A_NP	429	1467	G	10	0	1427	24.5459004905396
A_NP	430	1466	A	11	0	1459	25.2714187799863
A_NP	431	1475	A	2	0	1464	24.7698087431694
A_NP	432	1476	T	1	0	1443	24.7962577962578
A_NP	433	1475	G	2	0	1428	24.0070028011204
A_NP	434	1477	A	0	0	1471	23.0897348742352
A_NP	435	1475	T	2	0	1464	22.7739071038251
A_NP	436	1473	G	4	0	1465	22.5494880546075
A_NP	437	1470	C	7	0	1459	22.7916381082934
A_NP	438	1474	C	3	0	1454	22.8328748280605
A_NP	439	1471	A	6	0	1432	22.8303072625698
A_NP	440	1471	C	6	0	1468	22.9400544959128
A_NP	441	1462	A	15	0	1436	22.6441504178273
A_NP	442	1462	T	15	0	1460	21.1280821917808
A_NP	443	1474	A	3	0	1440	20.7680555555556
A_NP	444	1474	T	3	0	1460	20.2123287671233
A_NP	445	1438	C	35	0	1420	19.6957746478873
A_NP	446	1439	A	33	0	1409	20.6089425124202
A_NP	447	1426	G	46	0	1399	20.795568263045
A_NP	448	1459	A	13	0	1451	21.1212956581668
A_NP	449	1462	G	10	0	1435	21.8613240418118
A_NP	450	1456	G	16	0	1424	21.622893258427
A_NP	451	1451	A	21	0	1440	21.8493055555556
A_NP	452	1449	C	22	0	1421	22.6291344123856
A_NP	453	1382	A	89	0	1352	21.6264792899408
A_NP	454	1430	A	41	0	1405	20.2818505338078
A_NP	455	1433	G	38	0	1403	19.4782608695652
A_NP	456	1445	A	26	0	1403	19.9408410548824
A_NP	457	1455	G	15	0	1445	21.238062283737
A_NP	458	1463	C	7	0	1454	21.1767537826685
A_NP	459	1461	A	9	0	1392	20.7061781609195
A_NP	460	1453	C	15	0	1443	20.4816354816355
A_NP	461	1442	T	26	0	1422	20.2510548523207
A_NP	462	1451	T	17	0	1437	20.19624217119
A_NP	463	1446	G	22	0	1421	21.8501055594652
A_NP	464	1453	T	15	0	1426	21.1760168302945
A_NP	465	1438	C	29	0	1413	21.3750884642604
A_NP	466	1449	C	18	0	1428	20.343837535014
A_NP	467	1453	G	14	0	1388	19.10734870317
A_NP	468	1462	C	5	0	1437	19.759220598469
A_NP	469	1456	A	11	0	1427	19.4877365101612
A_NP	470	1463	C	4	0	1446	20.2233748271093
A_NP	471	1467	T	0	0	1455	22.7518900343643
A_NP	472	1460	G	6	0	1448	21.0317679558011
A_NP	473	1463	G	2	0	1431	20.2075471698113
A_NP	474	1462	A	3	0	1452	19.6597796143251
A_NP	475	1458	A	7	0	1445	21.0401384083045
A_NP	476	1455	T	10	0	1424	19.7900280898876
A_NP	477	1421	G	44	0	1311	19.5438596491228
A_NP	478	1461	G	4	0	1360	18.6955882352941
A_NP	479	1462	A	3	0	1443	17.9196119196119
A_NP	480	1451	T	14	0	1433	18.2128401953943
A_NP	481	1360	C	105	0	1237	18.6095392077607
A_NP	482	1455	C	9	0	1374	17.7299854439592
A_NP	483	1453	C	11	0	1429	17.9111266620014
A_NP	484	1443	A	21	0	1416	17.7584745762712
A_NP	485	1449	G	15	0	1431	19.9657582110412
A_NP	486	1448	A	16	0	1435	21.381881533101
A_NP	487	1461	A	3	0	1455	21.7773195876289
A_NP	488	1448	T	16	0	1415	22.0212014134276
A_NP	489	1452	G	12	0	1432	22.302374301676
A_NP	490	1451	T	12	0	1438	22.3894297635605
A_NP	491	1439	G	24	0	1418	22.8406205923836
A_NP	492	1433	C	28	0	1414	22.8507779349363
A_NP	493	1437	T	24	0	1425	23.5628070175439
A_NP	494	1443	C	18	0	1410	23.9503546099291
A_NP	495	1439	T	22	0	1432	26.7625698324022
A_NP	496	1432	C	29	0	1397	41.2390837508948
A_NP	497	1438	T	21	0	1370	27.5233576642336
A_NP	498	1445	A	14	0	1417	22.7946365561044
A_NP	499	1452	A	7	0	1445	22.0332179930796
A_NP	500	1449	T	9	0	1402	22.5171184022825
A_NP	501	1449	G	9	0	1431	22.6953179594689
A_NP	502	1445	C	13	0	1441	23.6863289382373
A_NP	503	1448	A	10	0	1438	23.3643949930459
A_NP	504	1453	A	5	0	1432	23.1117318435754
A_NP	505	1449	G	7	0	1445	23.2927335640138
A_NP	506	1452	G	4	0	1437	22.9060542797495
A_NP	507	1447	T	7	0	1428	22.031512605042
A_NP	508	1448	T	6	0	1437	21.9930410577592
A_NP	509	1442	C	12	0	1393	21.1313711414214
A_NP	510	1444	A	10	0	1417	20.6633733239238
A_NP	511	1448	A	6	0	1437	21.3249826026444
A_NP	512	1449	C	5	0	1437	21.8622129436326
A_NP	513	1450	A	3	0	1427	21.70847932726
A_NP	514	1446	C	7	0	1438	23.0333796940195
A_NP	515	1432	T	21	0	1425	22.7536842105263
A_NP	516	1445	T	7	0	1416	21.441384180791
A_NP	517	1290	C	162	0	1268	20.5796529968454
A_NP	518	1450	C	2	0	1443	20.8898128898129
A_NP	519	1445	C	6	0	1435	21.1205574912892
A_NP	520	1443	A	8	0	1437	18.7787056367432
A_NP	521	1439	G	12	0	1437	25.2762700069589
A_NP	522	1444	G	7	0	1426	24.0189340813464
A_NP	523	1445	A	6	0	1440	22.9777777777778
A_NP	524	1439	G	12	0	1423	23.5052705551651
A_NP	525	1442	G	9	0	1434	23.1297071129707
A_NP	526	1433	T	17	0	1426	22.9600280504909
A_NP	527	1429	C	20	0	1403	22.8339272986458
A_NP	528	1442	T	6	0	1429	24.0853743876837
A_NP	529	1424	G	24	0	1384	23.7182080924856
A_NP	530	1440	G	8	0	1435	23.7790940766551
A_NP	531	1441	T	7	0	1424	24.0772471910112
A_NP	532	1431	G	17	0	1419	24.0042283298097
A_NP	533	1415	C	33	0	1400	24.5014285714286
A_NP	534	1436	C	11	0	1372	22.1720116618076
A_NP	535	1432	G	15	0	1422	21.0400843881857
A_NP	536	1432	C	15	0	1392	20.9511494252874
A_NP	537	1437	A	10	0	1425	20.9873684210526
A_NP	538	1437	G	10	0	1432	22.9567039106145
A_NP	539	1440	G	7	0	1435	24.0271777003484
A_NP	540	1441	T	5	0	1420	24.1492957746479
A_NP	541	1441	G	5	0	1438	24.4881780250348
A_NP	542	1439	C	7	0	1431	25.0412299091544
A_NP	543	1438	T	8	0	1427	25.7210932025228
A_NP	544	1436	G	10	0	1432	24.9224860335196
A_NP	545	1429	C	17	0	1416	25.3255649717514
A_NP	546	1433	A	12	0	1421	23.4813511611541
A_NP	547	1435	G	10	0	1417	22.8927311220889
A_NP	548	1411	T	34	0	1392	20.676724137931
A_NP	549	1404	A	41	0	1377	20.1619462599855
A_NP	550	1438	A	7	0	1424	20.2865168539326
A_NP	551	1438	A	7	0	1431	21.0034940600978
A_NP	552	1432	A	13	0	1423	24.5586788475053
A_NP	553	1430	G	15	0	1424	24.6776685393258
A_NP	554	1431	G	13	0	1420	23.4570422535211
A_NP	555	1440	A	4	0	1436	22.8328690807799
A_NP	556	1434	G	10	0	1411	22.6144578313253
A_NP	557	1423	T	21	0	1402	21.9293865905849
A_NP	558	1440	T	4	0	1427	22.1415557112824
A_NP	559	1436	G	8	0	1426	21.6886395511921
A_NP	560	1441	G	3	0	1427	22.2319551506657
A_NP	561	1433	A	11	0	1427	23.5697266993693
A_NP	562	1434	A	10	0	1426	24.0869565217391
A_NP	563	1434	C	10	0	1426	23.835904628331
A_NP	564	1436	A	8	0	1417	22.954128440367
A_NP	565	1437	A	7	0	1425	22.4266666666667
A_NP	566	1437	T	7	0	1422	22.2088607594937
A_NP	567	1436	A	8	0	1351	21.5151739452258
A_NP	568	1440	G	4	0	1406	21.5526315789474
A_NP	569	1441	C	3	0	1402	21.4450784593438
A_NP	570	1441	T	3	0	1418	21.9026798307475
A_NP	571	1442	A	2	0	1402	21.89514978602
A_NP	572	1442	T	2	0	1434	22.5090655509066
A_NP	573	1440	G	4	0	1439	22.2946490618485
A_NP	574	1442	G	2	0	1438	21.778859527121
A_NP	575	1442	A	2	0	1434	22.918410041841
A_NP	576	1443	G	1	0	1430	23.4986013986014
A_NP	577	1433	T	11	0	1418	22.7101551480959
A_NP	578	1440	T	4	0	1427	22.8780658724597
A_NP	579	1439	A	5	0	1422	22.2974683544304
A_NP	580	1441	A	3	0	1435	22.6564459930314
A_NP	581	1442	T	2	0	1437	23.473208072373
A_NP	582	1437	C	6	0	1421	23.1639690358902
A_NP	583	1434	A	9	0	1414	23.4483734087694
A_NP	584	1435	G	8	0	1422	22.9613220815752
A_NP	585	1436	A	6	0	1427	23.3321653819201
A_NP	586	1440	A	2	0	1432	23.1298882681564
A_NP	587	1438	T	3	0	1426	23.2524544179523
A_NP	588	1437	G	4	0	1428	22.9117647058824
A_NP	589	1436	A	5	0	1431	22.9699510831586
A_NP	590	1433	T	8	0	1431	22.6743535988819
A_NP	591	1411	A	30	0	1387	22.4008651766402
A_NP	592	1439	A	2	0	1435	22.4912891986063
A_NP	593	1440	A	1	0	1433	23.0181437543615
A_NP	594	1439	A	2	0	1428	25.9600840336134
A_NP	595	1438	C	3	0	1426	24.3744740532959
A_NP	596	1439	G	2	0	1420	21.662676056338
A_NP	597	1439	T	2	0	1423	21.7470133520731
A_NP	598	1430	G	11	0	1427	21.9208128941836
A_NP	599	1439	G	1	0	1421	22.3173821252639
A_NP	600	1437	A	3	0	1415	24.0310954063604
A_NP	601	1440	A	0	0	1428	25.1477591036415
A_NP	602	1438	T	2	0	1429	23.9020293911826
A_NP	603	1438	C	2	0	1415	23.4650176678445
A_NP	604	1437	A	2	0	1397	22.6785969935576
A_NP	605	1439	A	0	0	1436	21.8126740947075
A_NP	606	1439	T	0	0	1431	22.591893780573
A_NP	607	1434	G	5	0	1401	22.0542469664525
A_NP	608	1434	A	5	0	1416	22.6228813559322
A_NP	609	1433	C	6	0	1424	22.563904494382
A_NP	610	1433	C	6	0	1415	21.1759717314488
A_NP	611	1421	G	18	0	1386	19.9437229437229
A_NP	612	1427	A	12	0	1418	19.8215796897038
A_NP	613	1433	A	6	0	1421	19.6382828993666
A_NP	614	1430	A	9	0	1429	22.1217634709587
A_NP	615	1425	T	14	0	1398	24.31330472103
A_NP	616	1436	T	3	0	1424	23.9325842696629
A_NP	617	1431	T	8	0	1423	24.5179198875615
A_NP	618	1423	C	15	0	1402	23.9222539229672
A_NP	619	1433	T	5	0	1427	25.4218640504555
A_NP	620	1426	G	12	0	1425	24.9536842105263
A_NP	621	1431	G	7	0	1414	24.525459688826
A_NP	622	1433	A	5	0	1425	24.7157894736842
A_NP	623	1420	G	17	0	1391	24.9360172537743
A_NP	624	1434	G	3	0	1415	24.504593639576
A_NP	625	1433	G	4	0	1428	25.0602240896359
A_NP	626	1431	G	6	0	1423	25.8158819395643
A_NP	627	1429	T	8	0	1414	25.0806223479491
A_NP	628	1419	G	18	0	1405	23.5608540925267
A_NP	629	1410	A	27	0	1403	23.064148253742
A_NP	630	1428	A	9	0	1411	22.3175053153792
A_NP	631	1431	A	6	0	1429	23.221133659902
A_NP	632	1430	A	7	0	1408	24.5142045454545
A_NP	633	1429	T	8	0	1415	24.0014134275618
A_NP	634	1425	G	12	0	1409	22.2200141944642
A_NP	635	1431	G	6	0	1400	21.7507142857143
A_NP	636	1429	A	8	0	1413	22.1556970983723
A_NP	637	1428	C	9	0	1398	22.1280400572246
A_NP	638	1421	G	16	0	1364	19.9274193548387
A_NP	639	1427	A	10	0	1413	19.4331210191083
A_NP	640	1433	A	4	0	1426	19.3955119214586
A_NP	641	1427	G	10	0	1412	20.7110481586402
A_NP	642	1432	G	5	0	1401	24.1256245538901
A_NP	643	1431	A	6	0	1413	23.067940552017
A_NP	644	1430	C	7	0	1412	22.1813031161473
A_NP	645	1408	A	29	0	1399	21.5268048606147
A_NP	646	1430	A	7	0	1422	20.5935302390999
A_NP	647	1428	G	9	0	1419	20.1818181818182
A_NP	648	1426	A	11	0	1416	21.2358757062147
A_NP	649	1433	A	3	0	1424	22.7942415730337
A_NP	650	1432	T	4	0	1413	21.7416843595188
A_NP	651	1434	T	2	0	1428	22.577731092437
A_NP	652	1430	G	5	0	1416	22.0642655367232
A_NP	653	1425	C	10	0	1403	21.7084818246614
A_NP	654	1404	T	31	0	1394	22.3550932568149
A_NP	655	1435	T	0	0	1420	21.893661971831
A_NP	656	1432	A	2	0	1429	21.9832050384885
A_NP	657	1431	T	3	0	1413	23.4182590233546
A_NP	658	1426	G	8	0	1401	22.8344039971449
A_NP	659	1413	A	21	0	1403	23.3342836778332
A_NP	660	1428	A	6	0	1417	24.2011291460833
A_NP	661	1425	A	8	0	1417	24.8383909668313
A_NP	662	1426	G	7	0	1409	25.3215046132009
A_NP	663	1423	A	10	0	1412	24.6423512747875
A_NP	664	1428	A	5	0	1423	24.1820098383696
A_NP	665	1419	T	13	0	1411	23.5379163713678
A_NP	666	1425	G	7	0	1415	23.4713780918728
A_NP	667	1424	T	8	0	1402	23.7082738944365
A_NP	668	1427	G	5	0	1416	23.3177966101695
A_NP	669	1415	C	16	0	1390	23.3942446043165
A_NP	670	1399	A	32	0	1374	23.0414847161572
A_NP	671	1425	A	6	0	1400	22.7964285714286
A_NP	672	1421	T	10	0	1394	22.161406025825
A_NP	673	1414	A	17	0	1391	21.8224299065421
A_NP	674	1422	T	9	0	1405	21.7366548042705
A_NP	675	1418	C	13	0	1390	21.5402877697842
A_NP	676	1418	C	13	0	1406	22.3456614509246
A_NP	677	1415	T	16	0	1405	23.308896797153
A_NP	678	1409	C	22	0	1376	22.6300872093023
A_NP	679	1414	A	17	0	1387	21.7570295602019
A_NP	680	1430	A	1	0	1427	22.3195515066573
A_NP	681	1427	A	4	0	1417	22.8256880733945
A_NP	682	1426	G	5	0	1424	24.310393258427
A_NP	683	1430	G	1	0	1429	24.480055983205
A_NP	684	1421	A	10	0	1407	23.0824449182658
A_NP	685	1426	A	5	0	1422	24.0471167369902
A_NP	686	1431	A	0	0	1424	23.5393258426966
A_NP	687	1428	A	3	0	1406	23.5149359886202
A_NP	688	1419	T	12	0	1402	22.2589158345221
A_NP	689	1425	T	5	0	1410	21.6297872340426
A_NP	690	1423	T	7	0	1418	22.0007052186178
A_NP	691	1410	C	20	0	1378	21.2801161103048
A_NP	692	1420	A	10	0	1378	20.6284470246734
A_NP	693	1423	A	6	0	1389	20.8308135349172
A_NP	694	1423	A	6	0	1416	21.3792372881356
A_NP	695	1422	C	6	0	1419	22.2255109231853
A_NP	696	1424	A	4	0	1403	21.2530292230934
A_NP	697	1417	G	10	0	1415	20.9717314487633
A_NP	698	1416	C	11	0	1411	20.8752657689582
A_NP	699	1418	T	9	0	1413	20.9242745930644
A_NP	700	1404	G	22	0	1380	21.1065217391304
A_NP	701	1300	C	126	0	1290	21.1170542635659
A_NP	702	1418	C	7	0	1407	20.8422174840085
A_NP	703	1401	C	23	0	1390	20.5561151079137
A_NP	704	1391	A	33	0	1387	19.8990627253064
A_NP	705	1399	G	25	0	1378	21.1574746008708
A_NP	706	1420	A	4	0	1413	21.0198159943383
A_NP	707	1416	G	8	0	1406	20.9160739687055
A_NP	708	1423	G	0	0	1415	21.6551236749117
A_NP	709	1417	G	6	0	1411	23.8887313961729
A_NP	710	1415	C	8	0	1404	23.1552706552707
A_NP	711	1413	A	9	0	1393	21.3646805455851
A_NP	712	1415	A	6	0	1403	20.9579472558803
A_NP	713	1410	T	9	0	1402	20.1198288159772
A_NP	714	1407	G	12	0	1382	19.5738060781476
A_NP	715	1408	A	11	0	1395	19.4953405017921
A_NP	716	1404	T	13	0	1396	19.4921203438395
A_NP	717	1381	G	35	0	1273	17.9913589945012
A_NP	718	1403	G	13	0	1172	17.9854948805461
A_NP	719	1403	A	13	0	1400	16.6621428571429
A_NP	720	1401	T	15	0	1386	16.8571428571429
A_NP	721	1260	C	155	0	1163	18.4041272570937
A_NP	722	1310	A	105	0	1251	17.1710631494804
A_NP	723	1327	A	87	0	1305	16.4620689655172
A_NP	724	1320	G	94	0	1278	16.3325508607199
A_NP	725	1374	T	39	0	1343	15.8287416232316
A_NP	726	1355	A	58	0	1306	15.6424196018377
A_NP	727	1385	A	28	0	1371	15.2851932895697
A_NP	728	1383	G	30	0	1369	15.827611395179
A_NP	729	1374	A	39	0	1355	18.7808118081181
A_NP	730	1398	G	15	0	1368	26.9766081871345
A_NP	731	1341	A	72	0	1329	23.8337095560572
A_NP	732	1408	A	5	0	1398	20.2689556509299
A_NP	733	1407	A	6	0	1401	21.2234118486795
A_NP	734	1404	G	9	0	1373	20.9126001456664
A_NP	735	1406	T	7	0	1393	19.0028715003589
A_NP	736	1384	C	29	0	1243	18.5502815768303
A_NP	737	1394	G	19	0	1328	15.9902108433735
A_NP	738	1411	A	2	0	1354	15.9579025110783
A_NP	739	1412	A	1	0	1399	16.2201572551823
A_NP	740	1410	A	3	0	1397	20.7437365783822
A_NP	741	1371	C	41	0	1339	21.8215085884989
A_NP	742	1411	C	1	0	1391	21.1840402588066
A_NP	743	1411	C	0	0	1402	21.3523537803138
A_NP	744	1406	A	5	0	1393	21.1500358937545
A_NP	745	1399	G	11	0	1396	21.2199140401146
A_NP	746	1405	G	5	0	1400	21.5285714285714
A_NP	747	1388	A	22	0	1378	20.8584905660377
A_NP	748	1405	A	4	0	1393	21.8312993539124
A_NP	749	1406	A	3	0	1395	23.1254480286738
A_NP	750	1399	C	10	0	1370	21.836496350365
A_NP	751	1394	G	15	0	1348	18.7804154302671
A_NP	752	1406	C	3	0	1397	18.5375805297065
A_NP	753	1405	T	4	0	1401	18.4867951463241
A_NP	754	1391	G	18	0	1374	19.0902474526929
A_NP	755	1383	A	26	0	1372	21
A_NP	756	1406	A	3	0	1387	20.2350396539293
A_NP	757	1404	A	5	0	1391	19.8785046728972
A_NP	758	1399	T	10	0	1372	18.6421282798834
A_NP	759	1406	T	3	0	1376	18.6315406976744
A_NP	760	1404	G	5	0	1375	17.6887272727273
A_NP	761	1405	A	4	0	1390	17.9776978417266
A_NP	762	1409	A	0	0	1392	19.739224137931
A_NP	763	1401	G	7	0	1376	19.4927325581395
A_NP	764	1390	A	18	0	1375	19.7672727272727
A_NP	765	1402	C	6	0	1388	19.2226224783862
A_NP	766	1397	C	11	0	1384	19.3020231213873
A_NP	767	1397	T	11	0	1384	20.128612716763
A_NP	768	1395	C	13	0	1369	19.7604090577064
A_NP	769	1402	A	6	0	1383	18.9587852494577
A_NP	770	1380	T	28	0	1340	19.0917910447761
A_NP	771	1404	T	4	0	1370	19.1467153284672
A_NP	772	1408	T	0	0	1403	19.8439059158945
A_NP	773	1392	T	16	0	1381	22.8855901520637
A_NP	774	1385	C	23	0	1377	22.7668845315904
A_NP	775	1401	C	7	0	1394	23.0394548063128
A_NP	776	1401	T	7	0	1397	21.6685755189692
A_NP	777	1377	G	31	0	1360	21.2389705882353
A_NP	778	1402	G	6	0	1391	20.1603163191948
A_NP	779	1403	C	5	0	1390	20.8410071942446
A_NP	780	1404	A	4	0	1399	20.7491065046462
A_NP	781	1397	C	11	0	1379	20.070340826686
A_NP	782	1395	G	13	0	1328	17.109186746988
A_NP	783	1398	G	10	0	1382	16.5369030390738
A_NP	784	1396	T	12	0	1371	16.5762217359592
A_NP	785	1384	C	24	0	1331	17.1202103681443
A_NP	786	1398	A	10	0	1374	18.4868995633188
A_NP	787	1389	G	19	0	1375	18.3149090909091
A_NP	788	1401	C	7	0	1393	19.2519741564968
A_NP	789	1403	A	5	0	1384	19.6734104046243
A_NP	790	1387	C	21	0	1377	19.4865649963689
A_NP	791	1405	T	3	0	1394	19.4856527977044
A_NP	792	1406	C	1	0	1337	18.053851907255
A_NP	793	1403	A	4	0	1376	17.6206395348837
A_NP	794	1396	T	11	0	1386	17.3297258297258
A_NP	795	1399	T	8	0	1375	17.5970909090909
A_NP	796	1392	C	14	0	1374	18.1040756914119
A_NP	797	1400	T	5	0	1392	19.1925287356322
A_NP	798	1377	G	27	0	1366	19.9538799414348
A_NP	799	1382	A	21	0	1369	19.1307523739956
A_NP	800	1384	G	19	0	1380	19.4550724637681
A_NP	801	1401	G	2	0	1391	20.137311286844
A_NP	802	1402	G	1	0	1382	20.9392185238784
A_NP	803	1400	G	2	0	1347	22.8567186340015
A_NP	804	1400	A	2	0	1383	21.6738973246565
A_NP	805	1400	T	2	0	1394	20.3436154949785
A_NP	806	1385	C	17	0	1292	19.7678018575851
A_NP	807	1395	A	5	0	1381	18.9312092686459
A_NP	808	1395	G	5	0	1386	19.0036075036075
A_NP	809	1393	T	6	0	1381	18.9507603186097
A_NP	810	1339	T	59	0	1323	19.7664399092971
A_NP	811	1303	G	93	0	1274	20.3657770800628
A_NP	812	1369	C	27	0	1364	19.9926686217009
A_NP	813	1387	A	9	0	1362	21.640234948605
A_NP	814	1385	C	11	0	1379	22.6932559825961
A_NP	815	1384	A	12	0	1370	23.5408759124088
A_NP	816	1382	T	14	0	1364	20.9699413489736
A_NP	817	1387	A	9	0	1355	20.4605166051661
A_NP	818	1395	A	0	0	1382	19.6707670043415
A_NP	819	1391	A	4	0	1381	18.8262128892107
A_NP	820	1383	T	12	0	1369	20.3528122717312
A_NP	821	1379	C	15	0	1372	19.6137026239067
A_NP	822	1384	C	9	0	1369	20.254200146092
A_NP	823	1385	T	8	0	1376	20.6155523255814
A_NP	824	1372	G	21	0	1344	22.5357142857143
A_NP	825	1377	C	16	0	1374	22.197962154294
A_NP	826	1391	C	2	0	1389	21.6414686825054
A_NP	827	1391	T	2	0	1385	20.9025270758123
A_NP	828	1389	G	4	0	1372	22.2820699708455
A_NP	829	1388	C	5	0	1387	22.6777217015141
A_NP	830	1391	C	2	0	1391	22.5715312724659
A_NP	831	1390	T	3	0	1387	22.6596971881759
A_NP	832	1387	G	5	0	1383	22.7216196673897
A_NP	833	1387	C	5	0	1386	22.2965367965368
A_NP	834	1383	T	9	0	1370	20.6124087591241
A_NP	835	1367	T	25	0	1363	20.6463683052091
A_NP	836	1368	G	24	0	1359	20.3980868285504
A_NP	837	1387	T	5	0	1380	20.7615942028986
A_NP	838	1387	G	5	0	1385	25.6859205776173
A_NP	839	1389	T	3	0	1379	43.8129079042785
A_NP	840	1383	G	6	0	1372	39.0699708454811
A_NP	841	1379	T	10	0	1370	21.1978102189781
A_NP	842	1382	A	7	0	1375	17.9069090909091
A_NP	843	1384	T	5	0	1376	17.4760174418605
A_NP	844	1383	G	5	0	1380	17.2644927536232
A_NP	845	1384	G	4	0	1380	18.3413043478261
A_NP	846	1386	G	2	0	1373	20.0415149308085
A_NP	847	1382	C	6	0	1365	21.0051282051282
A_NP	848	1382	T	6	0	1355	19.7977859778598
A_NP	849	1385	T	3	0	1374	20.0276564774381
A_NP	850	1385	G	3	0	1376	20.1780523255814
A_NP	851	1382	C	6	0	1373	20.4923525127458
A_NP	852	1381	A	6	0	1365	20.8454212454212
A_NP	853	1380	G	7	0	1357	20.0700073691968
A_NP	854	1377	T	10	0	1365	17.5641025641026
A_NP	855	1379	A	8	0	1364	17.0322580645161
A_NP	856	1380	G	7	0	1360	16.8764705882353
A_NP	857	1382	C	5	0	1380	17.0028985507246
A_NP	858	1383	A	4	0	1367	19.3496708119971
A_NP	859	1386	A	1	0	1363	18.7072633895818
A_NP	860	1385	G	2	0	1378	18.6190130624093
A_NP	861	1386	T	1	0	1378	18.311320754717
A_NP	862	1385	G	2	0	1381	18.5387400434468
A_NP	863	1384	G	3	0	1383	19.3803326102675
A_NP	864	1382	C	5	0	1369	19.500365230095
A_NP	865	1384	C	3	0	1365	19.9120879120879
A_NP	866	1382	A	5	0	1371	18.2589350838804
A_NP	867	1382	T	5	0	1367	17.66349670812
A_NP	868	1380	G	7	0	1367	16.9758595464521
A_NP	869	1380	A	6	0	1362	16.6453744493392
A_NP	870	1382	C	4	0	1367	17.1448427212875
A_NP	871	1352	T	33	0	1344	17.4486607142857
A_NP	872	1378	T	7	0	1370	17.2496350364964
A_NP	873	1381	T	4	0	1361	19.1998530492285
A_NP	874	1346	G	39	0	1316	17.6398176291793
A_NP	875	1353	A	32	0	1340	17.6164179104478
A_NP	876	1376	G	9	0	1358	17.4867452135493
A_NP	877	1376	A	8	0	1371	21.3377097009482
A_NP	878	1338	G	46	0	1314	20.2024353120244
A_NP	879	1382	G	2	0	1371	18.8030634573304
A_NP	880	1379	G	5	0	1367	19.7871250914411
A_NP	881	1370	A	13	0	1362	20.2334801762115
A_NP	882	1358	A	25	0	1339	20.218073188947
A_NP	883	1353	G	29	0	1340	19.5529850746269
A_NP	884	1368	G	14	0	1363	20.6786500366838
A_NP	885	1345	G	36	0	1317	20.3986332574032
A_NP	886	1337	T	44	0	1290	17.6697674418605
A_NP	887	1362	A	18	0	1340	16.9962686567164
A_NP	888	1360	C	20	0	1308	16.4136085626911
A_NP	889	1360	T	20	0	1337	16.1301421091997
A_NP	890	1367	C	13	0	1324	17.6117824773414
A_NP	891	1373	A	6	0	1349	18.0429948109711
A_NP	892	1347	C	32	0	1329	19.3446200150489
A_NP	893	1375	T	4	0	1373	20.4442825928623
A_NP	894	1366	G	12	0	1305	18.4214559386973
A_NP	895	1371	G	5	0	1352	17.8091715976331
A_NP	896	1370	T	6	0	1350	17.3096296296296
A_NP	897	1352	C	22	0	1226	16.6239804241436
A_NP	898	1323	G	50	0	1247	15.663993584603
A_NP	899	1357	G	16	0	1326	15.1930618401207
A_NP	900	1327	A	46	0	1292	15.4001547987616
A_NP	901	1370	A	1	0	1342	17.0543964232489
A_NP	902	1365	T	3	0	1320	16.7310606060606
A_NP	903	1341	A	26	0	1321	16.3769871309614
A_NP	904	1352	G	15	0	1325	15.9924528301887
A_NP	905	1330	A	37	0	1308	16.3012232415902
A_NP	906	1322	C	45	0	1297	17.6461063993832
A_NP	907	1366	C	1	0	1359	17.7167034584253
A_NP	908	1366	C	1	0	1347	18.7401633259094
A_NP	909	1362	A	3	0	1348	19.1194362017804
A_NP	910	1356	T	9	0	1336	19.2073353293413
A_NP	911	1364	T	1	0	1353	19.0768662232077
A_NP	912	1355	C	9	0	1310	18.6282442748092
A_NP	913	1355	A	9	0	1325	19.1871698113208
A_NP	914	1358	A	6	0	1339	19.9775952203137
A_NP	915	1352	A	10	0	1338	19.9813153961136
A_NP	916	1345	T	17	0	1318	19.9172989377845
A_NP	917	1351	T	11	0	1318	19.701062215478
A_NP	918	1347	A	15	0	1325	18.457358490566
A_NP	919	1349	C	12	0	1314	17.7283105022831
A_NP	920	1354	T	7	0	1338	17.8168908819133
A_NP	921	1345	C	16	0	1325	18.0105660377358
A_NP	922	1354	C	7	0	1346	18.7132243684993
A_NP	923	1345	A	16	0	1336	19.3667664670659
A_NP	924	1354	A	7	0	1344	21.1964285714286
A_NP	925	1357	A	3	0	1353	20.9733924611973
A_NP	926	1358	A	2	0	1348	21.290059347181
A_NP	927	1359	C	0	0	1344	20.1763392857143
A_NP	928	1358	A	1	0	1346	19.3922734026746
A_NP	929	1357	G	2	0	1353	18.4767184035477
A_NP	930	1357	T	1	0	1339	17.3920836445108
A_NP	931	1349	C	9	0	1331	17.2396694214876
A_NP	932	1336	A	22	0	1323	17.0695389266818
A_NP	933	1351	A	6	0	1340	17.2738805970149
A_NP	934	1353	G	4	0	1340	18.2746268656716
A_NP	935	1352	T	5	0	1339	18.6930545182972
A_NP	936	1352	G	5	0	1343	19.6842889054356
A_NP	937	1355	G	2	0	1343	19.6999255398362
A_NP	938	1357	T	0	0	1344	19.0855654761905
A_NP	939	1350	C	7	0	1326	18.8544494720965
A_NP	940	1354	A	2	0	1343	18.6150409530901
A_NP	941	1352	G	4	0	1341	18.7322893363162
A_NP	942	1352	C	4	0	1349	20.0511489992587
A_NP	943	1355	C	1	0	1341	20.2706935123043
A_NP	944	1353	T	3	0	1346	20.6708766716196
A_NP	945	1352	G	4	0	1334	20.1979010494753
A_NP	946	1353	A	3	0	1349	19.5189028910304
A_NP	947	1355	T	1	0	1346	19.5156017830609
A_NP	948	1343	G	13	0	1318	18.6555386949924
A_NP	949	1343	A	13	0	1340	18.5917910447761
A_NP	950	1334	G	22	0	1319	18.6777862016679
A_NP	951	1352	A	3	0	1343	19.1332836932241
A_NP	952	1338	C	17	0	1324	19.5015105740181
A_NP	953	1350	C	4	0	1335	19.6591760299625
A_NP	954	1157	A	197	0	1118	20.1815742397138
A_NP	955	1350	A	4	0	1341	20.9709172259508
A_NP	956	1349	A	4	0	1334	20.6364317841079
A_NP	957	1346	T	7	0	1339	19.7542942494399
A_NP	958	1341	G	12	0	1317	19.2649962034928
A_NP	959	1308	A	44	0	1291	19.2494190549961
A_NP	960	1336	A	16	0	1325	18.8098113207547
A_NP	961	1350	A	2	0	1339	19.7856609410007
A_NP	962	1343	A	9	0	1335	20.6089887640449
A_NP	963	1343	T	9	0	1336	18.7732035928144
A_NP	964	1346	C	6	0	1323	18.3250188964475
A_NP	965	1351	C	1	0	1332	18.3828828828829
A_NP	966	1347	A	5	0	1338	18.5388639760837
A_NP	967	1349	G	2	0	1344	20.1547619047619
A_NP	968	1345	C	5	0	1340	20.1701492537313
A_NP	969	1341	T	8	0	1328	19.835843373494
A_NP	970	1344	C	5	0	1332	19.7297297297297
A_NP	971	1343	A	6	0	1336	19.2080838323353
A_NP	972	1345	C	4	0	1333	19.5888972243061
A_NP	973	1325	A	24	0	1320	18.830303030303
A_NP	974	1345	A	4	0	1339	17.8603435399552
A_NP	975	1345	G	4	0	1339	17.7012696041822
A_NP	976	1340	A	7	0	1336	17.7956586826347
A_NP	977	1336	G	11	0	1327	18.2667671439337
A_NP	978	1337	T	10	0	1319	17.6997725549659
A_NP	979	1332	C	13	0	1310	17.3557251908397
A_NP	980	1342	A	3	0	1336	16.9670658682635
A_NP	981	1343	A	2	0	1333	17.2138034508627
A_NP	982	1342	C	3	0	1336	19.0486526946108
A_NP	983	1345	T	0	0	1335	19.485393258427
A_NP	984	1337	G	8	0	1332	20.3626126126126
A_NP	985	1342	G	3	0	1338	20.1554559043348
A_NP	986	1332	T	13	0	1318	18.5189681335357
A_NP	987	1342	A	2	0	1321	17.5987887963664
A_NP	988	1341	T	2	0	1328	17.4329819277108
A_NP	989	1342	G	1	0	1327	17.6390354182366
A_NP	990	1342	G	1	0	1326	18.4049773755656
A_NP	991	1341	A	2	0	1335	18.6801498127341
A_NP	992	1338	T	5	0	1324	18.9856495468278
A_NP	993	1333	G	8	0	1323	18.9780801209373
A_NP	994	1336	G	5	0	1327	18.8372268274303
A_NP	995	1329	C	9	0	1309	19.7012987012987
A_NP	996	1334	A	4	0	1330	19.7052631578947
A_NP	997	1335	T	2	0	1319	18.9628506444276
A_NP	998	1333	G	4	0	1316	18.7150455927052
A_NP	999	1325	C	12	0	1305	18.711877394636
A_NP	1000	1334	C	3	0	1312	19.2675304878049
A_NP	1001	1335	A	2	0	1325	20.9132075471698
A_NP	1002	1326	C	11	0	1315	20.9133079847909
A_NP	1003	1328	T	8	0	1319	20.0788476118271
A_NP	1004	1317	C	18	0	1297	19.4186584425598
A_NP	1005	1322	C	10	0	1295	17.969111969112
A_NP	1006	1322	G	10	0	1293	16.7447795823666
A_NP	1007	1329	C	3	0	1322	16.9046898638427
A_NP	1008	1328	T	3	0	1319	17.1084154662623
A_NP	1009	1320	G	11	0	1310	18.2832061068702
A_NP	1010	1314	C	16	0	1303	20.6078280890253
A_NP	1011	1321	A	9	0	1314	19.6263318112633
A_NP	1012	1308	T	20	0	1285	18.7603112840467
A_NP	1013	1324	T	3	0	1314	18.5738203957382
A_NP	1014	1323	T	3	0	1315	18.86463878327
A_NP	1015	1322	G	4	0	1305	18.7701149425287
A_NP	1016	1322	A	4	0	1311	19.7109077040427
A_NP	1017	1325	A	1	0	1313	19.5681645087586
A_NP	1018	1315	G	11	0	1285	19.1035019455253
A_NP	1019	1320	A	6	0	1312	18.8650914634146
A_NP	1020	1312	T	14	0	1294	18.6831530139104
A_NP	1021	1322	T	4	0	1301	18.7578785549577
A_NP	1022	1322	T	4	0	1304	19.4700920245399
A_NP	1023	1304	G	22	0	1280	18.70390625
A_NP	1024	1237	A	87	0	1222	18.2340425531915
A_NP	1025	1308	G	16	0	1290	17.7565891472868
A_NP	1026	1304	A	19	0	1277	18.6413469068128
A_NP	1027	1314	G	9	0	1265	17.2134387351779
A_NP	1028	1282	T	41	0	1253	16.193934557063
A_NP	1029	1290	A	33	0	1168	16.5607876712329
A_NP	1030	1303	T	20	0	1271	14.9000786782061
A_NP	1031	1233	C	90	0	1136	15.2121478873239
A_NP	1032	1235	A	88	0	1134	15.5802469135802
A_NP	1033	1297	A	26	0	1275	14.6086274509804
A_NP	1034	1309	G	14	0	1289	14.8471683475562
A_NP	1035	1284	T	39	0	1208	15.4312913907285
A_NP	1036	1312	T	11	0	1284	17.2461059190031
A_NP	1037	1317	T	6	0	1266	17.4036334913112
A_NP	1038	1306	C	16	0	1240	16.6951612903226
A_NP	1039	1312	A	10	0	1263	16.8946951702296
A_NP	1040	1315	T	7	0	1307	16.4820198928845
A_NP	1041	1295	A	26	0	1269	16.8116627265563
A_NP	1042	1285	A	36	0	1280	16.85546875
A_NP	1043	1034	G	287	0	1023	17.2346041055718
A_NP	1044	1304	G	16	0	1293	19.6496519721578
A_NP	1045	1314	G	6	0	1308	21.0749235474006
A_NP	1046	1285	G	34	0	1235	22.0834008097166
A_NP	1047	1185	A	134	0	1144	21.7141608391608
A_NP	1048	1308	A	10	0	1281	21.3130366900859
A_NP	1049	1311	A	7	0	1237	20.5974130962005
A_NP	1050	1308	G	9	0	1276	20.8793103448276
A_NP	1051	1261	A	56	0	1211	20.0338563170933
A_NP	1052	1310	A	6	0	1273	19.3794186959937
A_NP	1053	1305	A	11	0	1276	19.6880877742947
A_NP	1054	1298	G	18	0	1244	19.0908360128617
A_NP	1055	1299	T	15	0	1255	18.3681274900398
A_NP	1056	1293	G	20	0	1200	17.5808333333333
A_NP	1057	1301	A	12	0	1292	17.0123839009288
A_NP	1058	1301	T	12	0	1292	17.0789473684211
A_NP	1059	1242	C	69	0	1168	17.3912671232877
A_NP	1060	1300	C	11	0	1257	17.2124105011933
A_NP	1061	1296	C	15	0	1285	17.6373540856031
A_NP	1062	1244	A	67	0	1217	18.2834839769926
A_NP	1063	1297	A	12	0	1282	18.4407176287051
A_NP	1064	1297	G	12	0	1276	18.096394984326
A_NP	1065	1300	A	9	0	1290	18.6527131782946
A_NP	1066	1301	G	7	0	1295	19.9752895752896
A_NP	1067	1300	G	5	0	1297	19.7702390131072
A_NP	1068	1290	A	15	0	1279	19.982799061767
A_NP	1069	1301	A	4	0	1292	21.2863777089783
A_NP	1070	1300	A	4	0	1272	20.9740566037736
A_NP	1071	1294	G	9	0	1284	21.1666666666667
A_NP	1072	1298	C	4	0	1295	20.3722007722008
A_NP	1073	1287	T	14	0	1277	20.4189506656226
A_NP	1074	1291	T	10	0	1274	20.7025117739403
A_NP	1075	1293	T	7	0	1278	21.5297339593114
A_NP	1076	1277	C	21	0	1265	21.0197628458498
A_NP	1077	1285	C	13	0	1267	21.2959747434886
A_NP	1078	1289	A	9	0	1283	20.2603273577553
A_NP	1079	1287	C	10	0	1273	21.3786331500393
A_NP	1080	1200	A	96	0	1183	20.3981403212172
A_NP	1081	1271	A	24	0	1264	18.4232594936709
A_NP	1082	1277	G	18	0	1266	17.3870458135861
A_NP	1083	1284	A	10	0	1271	17.7167584579072
A_NP	1084	1271	G	23	0	1267	19.9518547750592
A_NP	1085	1283	G	11	0	1278	19.9593114241002
A_NP	1086	1288	G	4	0	1271	20.7970102281668
A_NP	1087	1286	G	5	0	1269	21.2584712371946
A_NP	1088	1281	T	10	0	1264	19.2278481012658
A_NP	1089	1286	T	4	0	1272	19.0699685534591
A_NP	1090	1278	C	11	0	1242	18.4130434782609
A_NP	1091	1276	A	14	0	1258	18.3449920508744
A_NP	1092	1275	G	15	0	1257	18.3317422434368
A_NP	1093	1279	A	11	0	1268	17.8406940063091
A_NP	1094	1280	T	10	0	1262	17.3866877971474
A_NP	1095	1287	T	3	0	1275	17.5349019607843
A_NP	1096	1281	G	8	0	1232	17.6233766233766
A_NP	1097	1286	C	2	0	1274	17.798273155416
A_NP	1098	1274	T	14	0	1267	19.1910023677979
A_NP	1099	1278	T	10	0	1275	19.1686274509804
A_NP	1100	1273	C	16	0	1263	19.5993665874901
A_NP	1101	1248	A	40	0	1233	19.5279805352798
A_NP	1102	1298	A	1	0	1294	19.6669242658424
A_NP	1103	1298	A	1	0	1294	19.8748068006182
A_NP	1104	1297	T	2	0	1293	19.1593194122196
A_NP	1105	1297	G	2	0	1285	19.3906614785992
A_NP	1106	1295	A	5	0	1284	18.7570093457944
A_NP	1107	1291	G	9	0	1270	18.8125984251968
A_NP	1108	1286	A	14	0	1274	19.1703296703297
A_NP	1109	1297	A	2	0	1289	19.1877424359969
A_NP	1110	1287	T	8	0	1265	18.8521739130435
A_NP	1111	1288	G	7	0	1274	18.9756671899529
A_NP	1112	1290	T	4	0	1279	19.4120406567631
A_NP	1113	1281	G	13	0	1278	20.0281690140845
A_NP	1114	1292	G	2	0	1285	20.6575875486381
A_NP	1115	1288	A	6	0	1270	20.6055118110236
A_NP	1116	1293	A	0	0	1277	21.7251370399374
A_NP	1117	1292	A	0	0	1266	20.9715639810427
A_NP	1118	1284	C	8	0	1267	20.1815311760063
A_NP	1119	1290	C	2	0	1269	20.1528762805359
A_NP	1120	1290	A	2	0	1272	19.2822327044025
A_NP	1121	1289	T	2	0	1279	18.9812353401095
A_NP	1122	1274	G	17	0	1251	18.9696243005596
A_NP	1123	1285	G	5	0	1263	18.5803642121932
A_NP	1124	1285	A	5	0	1261	18.8969072164948
A_NP	1125	1277	C	13	0	1263	19.7236737925574
A_NP	1126	1284	T	6	0	1271	20.1148701809599
A_NP	1127	1272	C	18	0	1256	20.1433121019108
A_NP	1128	1287	C	3	0	1271	20.4429583005507
A_NP	1129	1283	A	7	0	1265	20.3620553359684
A_NP	1130	1283	A	6	0	1271	19.5688434303698
A_NP	1131	1272	C	15	0	1265	19.7209486166008
A_NP	1132	1275	A	12	0	1269	19.3002364066194
A_NP	1133	1265	C	21	0	1263	19.6666666666667
A_NP	1134	1275	C	11	0	1267	20.9139700078927
A_NP	1135	1284	C	2	0	1282	21.8003120124805
A_NP	1136	1284	T	1	0	1281	23.0913348946136
A_NP	1137	1281	G	4	0	1273	22.3063629222309
A_NP	1138	1283	G	2	0	1280	21.659375
A_NP	1139	1281	A	4	0	1273	21.1280439905734
A_NP	1140	1282	A	2	0	1275	21.3450980392157
A_NP	1141	1281	C	3	0	1256	20.6648089171975
A_NP	1142	1282	T	2	0	1260	19.5095238095238
A_NP	1143	1264	A	19	0	1238	18.5113085621971
A_NP	1144	1268	A	14	0	1260	18.3015873015873
A_NP	1145	1272	G	10	0	1258	18.4928457869634
A_NP	1146	1278	A	4	0	1270	19.3582677165354
A_NP	1147	1281	A	1	0	1268	20.403785488959
A_NP	1148	1278	G	4	0	1274	20.7708006279435
A_NP	1149	1271	C	11	0	1259	21.3224781572677
A_NP	1150	1279	A	3	0	1266	21.4391785150079
A_NP	1151	1276	G	4	0	1260	21.7396825396825
A_NP	1152	1275	A	5	0	1263	21.4196357878068
A_NP	1153	1268	T	11	0	1255	18.3641434262948
A_NP	1154	1267	A	12	0	1264	17.9224683544304
A_NP	1155	1259	C	19	0	1256	18.1058917197452
A_NP	1156	1274	T	4	0	1269	18.1836091410559
A_NP	1157	1260	G	18	0	1243	20.4489139179405
A_NP	1158	1277	G	1	0	1275	20.7592156862745
A_NP	1159	1276	G	2	0	1276	20.8048589341693
A_NP	1160	1272	C	5	0	1268	21.5039432176656
A_NP	1161	1274	C	3	0	1251	22.1774580335731
A_NP	1162	1273	A	4	0	1262	21.392234548336
A_NP	1163	1274	T	3	0	1265	18.200790513834
A_NP	1164	1234	A	42	0	1217	17.4502875924404
A_NP	1165	1253	A	22	0	1234	16.8273905996759
A_NP	1166	1256	G	18	0	1234	16.5583468395462
A_NP	1167	1259	A	15	0	1234	18.3598055105348
A_NP	1168	1267	A	7	0	1252	18.9113418530351
A_NP	1169	1260	C	14	0	1246	19.0104333868379
A_NP	1170	1271	C	3	0	1254	19.9282296650718
A_NP	1171	1272	A	2	0	1265	20.698814229249
A_NP	1172	1270	G	4	0	1268	22.3241324921136
A_NP	1173	1272	G	1	0	1265	21.4482213438735
A_NP	1174	1271	A	2	0	1264	20.8291139240506
A_NP	1175	1267	G	6	0	1258	20.8783783783784
A_NP	1176	1270	T	3	0	1264	20.2246835443038
A_NP	1177	1242	G	31	0	1232	20.2232142857143
A_NP	1178	1250	G	23	0	1233	19.6374695863747
A_NP	1179	1242	A	31	0	1236	19.7095469255663
A_NP	1180	1259	G	14	0	1253	20.1931364724661
A_NP	1181	1249	G	24	0	1243	20.1850362027353
A_NP	1182	1224	A	49	0	1200	19.9341666666667
A_NP	1183	1254	A	19	0	1222	21.4877250409165
A_NP	1184	1270	A	3	0	1242	21.3502415458937
A_NP	1185	1269	T	4	0	1247	19.71050521251
A_NP	1186	1255	A	18	0	1211	19.6977704376548
A_NP	1187	1258	C	15	0	1237	19.3031527890057
A_NP	1188	1271	C	2	0	1220	19.1483606557377
A_NP	1189	1267	A	6	0	1235	19.5522267206478
A_NP	1190	1266	A	7	0	1256	19.7253184713376
A_NP	1191	1265	T	8	0	1258	19.1263910969793
A_NP	1192	1262	C	10	0	1207	18.8657829328915
A_NP	1193	1263	A	9	0	1247	18.7642341619888
A_NP	1194	1266	A	6	0	1257	18.6173428798727
A_NP	1195	1267	C	4	0	1261	19.3116574147502
A_NP	1196	1259	A	12	0	1255	20.1609561752988
A_NP	1197	1258	G	13	0	1251	20.4308553157474
A_NP	1198	1263	A	8	0	1253	20.5826017557861
A_NP	1199	1270	A	0	0	1256	19.906050955414
A_NP	1200	1266	G	4	0	1260	20.584126984127
A_NP	1201	1267	G	3	0	1261	21.0182394924663
A_NP	1202	1265	C	5	0	1257	21.332537788385
A_NP	1203	1263	A	7	0	1249	21.3018414731785
A_NP	1204	1260	T	10	0	1249	20.1337069655725
A_NP	1205	1254	C	15	0	1242	19.8856682769726
A_NP	1206	1260	T	9	0	1250	19.4096
A_NP	1207	1255	G	14	0	1244	19.6953376205788
A_NP	1208	1261	C	8	0	1251	21.8177458033573
A_NP	1209	1264	A	5	0	1257	20.5441527446301
A_NP	1210	1258	G	11	0	1252	20.3777955271566
A_NP	1211	1265	G	3	0	1262	20.4841521394612
A_NP	1212	1263	C	5	0	1260	20.3253968253968
A_NP	1213	1263	C	5	0	1256	21.7619426751592
A_NP	1214	1251	A	17	0	1242	21.2914653784219
A_NP	1215	1256	G	12	0	1236	20.9781553398058
A_NP	1216	1257	A	11	0	1250	19.9976
A_NP	1217	1260	T	8	0	1244	19.2749196141479
A_NP	1218	1258	C	9	0	1198	18.4340567612688
A_NP	1219	1260	A	7	0	1243	18.2357200321802
A_NP	1220	1243	G	24	0	1233	18.2222222222222
A_NP	1221	1251	T	16	0	1240	18.3693548387097
A_NP	1222	1267	G	0	0	1261	19.2474226804124
A_NP	1223	1261	T	5	0	1248	21.9294871794872
A_NP	1224	1251	G	15	0	1241	20.8154713940371
A_NP	1225	1237	C	26	0	1221	19.8820638820639
A_NP	1226	1256	A	7	0	1248	19.0793269230769
A_NP	1227	1258	G	5	0	1245	19.3076305220884
A_NP	1228	1252	C	10	0	1245	19.804016064257
A_NP	1229	1258	C	4	0	1248	20.1834935897436
A_NP	1230	1251	T	11	0	1212	20.5090759075908
A_NP	1231	1242	A	20	0	1232	19.9756493506494
A_NP	1232	1249	C	13	0	1238	20.0516962843296
A_NP	1233	1250	A	12	0	1226	19.7553017944535
A_NP	1234	1251	T	11	0	1242	19.4210950080515
A_NP	1235	1253	T	9	0	1244	19.5209003215434
A_NP	1236	1250	C	11	0	1232	19.4496753246753
A_NP	1237	1257	T	4	0	1240	20.2282258064516
A_NP	1238	1255	C	6	0	1226	21.1296900489396
A_NP	1239	1242	A	19	0	1223	20.4881439084219
A_NP	1240	1257	G	4	0	1254	19.6794258373206
A_NP	1241	1257	T	4	0	1253	19.3248204309657
A_NP	1242	1255	G	6	0	1244	19.7781350482315
A_NP	1243	1254	C	7	0	1246	20.9077046548957
A_NP	1244	1255	A	6	0	1244	20.2081993569132
A_NP	1245	1253	G	8	0	1239	20.6085552865214
A_NP	1246	1251	C	10	0	1232	19.7897727272727
A_NP	1247	1243	G	18	0	1209	18.2779156327543
A_NP	1248	1246	A	15	0	1225	18.12
A_NP	1249	1257	A	4	0	1241	17.9307010475423
A_NP	1250	1255	A	6	0	1238	19.4256865912763
A_NP	1251	1255	T	6	0	1237	19.9296685529507
A_NP	1252	1253	C	8	0	1219	19.0295324036095
A_NP	1253	1256	T	4	0	1246	19.5345104333868
A_NP	1254	1248	C	12	0	1211	19.4434351775392
A_NP	1255	1254	C	6	0	1246	20.3194221508828
A_NP	1256	1243	C	17	0	1233	21.2433090024331
A_NP	1257	1137	T	123	0	1104	21.2753623188406
A_NP	1258	1246	T	14	0	1239	21.7683615819209
A_NP	1259	1253	T	7	0	1244	22.1390675241158
A_NP	1260	1252	T	7	0	1235	22.6623481781377
A_NP	1261	1250	G	9	0	1232	21.4074675324675
A_NP	1262	1249	A	10	0	1241	21.1522965350524
A_NP	1263	1251	A	8	0	1244	20.9477491961415
A_NP	1264	1254	A	5	0	1233	20.7769667477697
A_NP	1265	1242	G	17	0	1227	20.7693561532192
A_NP	1266	1256	A	3	0	1245	19.8425702811245
A_NP	1267	1245	G	14	0	1231	19.7847278635256
A_NP	1268	1247	C	12	0	1227	20.0171149144254
A_NP	1269	1252	A	7	0	1238	19.6720516962843
A_NP	1270	1253	A	5	0	1243	19.2855993563958
A_NP	1271	1254	C	4	0	1244	19.5627009646302
A_NP	1272	1252	C	6	0	1243	19.9694288012872
A_NP	1273	1250	A	8	0	1232	20.2905844155844
A_NP	1274	1249	T	7	0	1239	19.3284907183212
A_NP	1275	1251	T	5	0	1235	18.4534412955466
A_NP	1276	1253	A	2	0	1242	17.8647342995169
A_NP	1277	1253	T	2	0	1244	18.1511254019293
A_NP	1278	1246	G	9	0	1239	18.3397901533495
A_NP	1279	1249	G	6	0	1246	18.930176565008
A_NP	1280	1252	C	3	0	1244	20.8078778135048
A_NP	1281	1252	A	3	0	1242	21.2697262479871
A_NP	1282	1251	G	4	0	1243	21.2590506838294
A_NP	1283	1252	C	2	0	1242	21.438808373591
A_NP	1284	1251	A	3	0	1238	20.6680129240711
A_NP	1285	1244	T	10	0	1233	19.2141119221411
A_NP	1286	1252	T	1	0	1245	19.1285140562249
A_NP	1287	1246	C	7	0	1223	18.6786590351594
A_NP	1288	1248	A	5	0	1241	18.4439967767929
A_NP	1289	1245	G	8	0	1233	20.2189781021898
A_NP	1290	1248	C	5	0	1219	19.7317473338802
A_NP	1291	1240	G	13	0	1231	18.2826969943136
A_NP	1292	1246	G	7	0	1234	18.387358184765
A_NP	1293	1239	A	14	0	1226	18.5179445350734
A_NP	1294	1245	A	8	0	1237	19.5602263540825
A_NP	1295	1247	A	5	0	1228	20.9340390879479
A_NP	1296	1245	C	7	0	1229	20.4825061025224
A_NP	1297	1248	A	4	0	1232	19.3887987012987
A_NP	1298	1251	A	1	0	1235	18.7635627530364
A_NP	1299	1249	T	3	0	1235	18.5473684210526
A_NP	1300	1251	G	1	0	1233	18.3787510137875
A_NP	1301	1246	A	6	0	1236	18.838996763754
A_NP	1302	1249	A	3	0	1229	19.1969080553295
A_NP	1303	1247	G	5	0	1235	19.9708502024292
A_NP	1304	1246	G	6	0	1226	20.1182707993475
A_NP	1305	1247	A	4	0	1241	20.3674456083803
A_NP	1306	1243	C	8	0	1210	19.8157024793388
A_NP	1307	1248	G	3	0	1237	17.9021827000808
A_NP	1308	1246	G	4	0	1227	17.8565607171964
A_NP	1309	1241	A	9	0	1232	17.9456168831169
A_NP	1310	1244	C	6	0	1226	18.8809135399674
A_NP	1311	1248	A	2	0	1237	20.0323362974939
A_NP	1312	1248	T	2	0	1245	19.2281124497992
A_NP	1313	1240	C	10	0	1219	19.3486464315012
A_NP	1314	1246	C	4	0	1223	19.1896974652494
A_NP	1315	1241	G	9	0	1201	18.7327227310575
A_NP	1316	1250	A	0	0	1229	19.2245728234337
A_NP	1317	1249	C	1	0	1242	19.1642512077295
A_NP	1318	1247	A	3	0	1242	19.1070853462158
A_NP	1319	1244	T	6	0	1234	19.2633711507293
A_NP	1320	1243	G	7	0	1232	19.2946428571429
A_NP	1321	1243	C	7	0	1211	18.9867877786953
A_NP	1322	1239	G	9	0	1194	18.2345058626466
A_NP	1323	1235	A	13	0	1223	18.233033524121
A_NP	1324	1242	A	6	0	1230	18.3853658536585
A_NP	1325	1245	C	3	0	1211	19.2890173410405
A_NP	1326	1244	A	4	0	1238	21.7253634894992
A_NP	1327	1242	G	6	0	1221	21.4840294840295
A_NP	1328	1245	A	3	0	1237	21.8811641067098
A_NP	1329	1246	A	2	0	1234	21.8662884927066
A_NP	1330	1245	G	3	0	1217	21.873459326212
A_NP	1331	1245	T	3	0	1227	20.9837000814996
A_NP	1332	1245	T	3	0	1234	20.7852512155592
A_NP	1333	1244	A	4	0	1239	20.3438256658596
A_NP	1334	1246	T	2	0	1236	19.7111650485437
A_NP	1335	1227	A	20	0	1210	19.3553719008264
A_NP	1336	1225	A	22	0	1219	19.2452830188679
A_NP	1337	1229	G	18	0	1215	19.3481481481481
A_NP	1338	1213	A	34	0	1185	21.579746835443
A_NP	1339	1244	A	2	0	1237	22.1366208569119
A_NP	1340	1246	T	0	0	1234	20.7722852512156
A_NP	1341	1245	G	1	0	1224	20.593954248366
A_NP	1342	1245	A	1	0	1237	20.1010509296686
A_NP	1343	1245	T	1	0	1244	19.9606109324759
A_NP	1344	1245	G	1	0	1243	20.1464199517297
A_NP	1345	1244	G	2	0	1243	20.3740949316171
A_NP	1346	1233	A	13	0	1220	21.3737704918033
A_NP	1347	1243	A	3	0	1236	22.4514563106796
A_NP	1348	1242	A	3	0	1230	22.3926829268293
A_NP	1349	1241	G	4	0	1237	22.2449474535166
A_NP	1350	1244	T	1	0	1234	21.8241491085899
A_NP	1351	1245	G	0	0	1240	21.6137096774194
A_NP	1352	1239	C	5	0	1227	21.7049714751426
A_NP	1353	1241	A	3	0	1232	21.6071428571429
A_NP	1354	1241	A	3	0	1235	21.5222672064777
A_NP	1355	1241	A	2	0	1235	21.6097165991903
A_NP	1356	1239	G	3	0	1231	21.2761982128351
A_NP	1357	1235	C	7	0	1233	21.5969180859692
A_NP	1358	1241	C	1	0	1233	22.10300081103
A_NP	1359	1234	A	8	0	1221	21.1040131040131
A_NP	1360	1233	G	8	0	1227	19.6870415647922
A_NP	1361	1239	A	2	0	1227	18.7775061124694
A_NP	1362	1240	G	1	0	1227	18.7840260798696
A_NP	1363	1239	G	2	0	1234	18.7058346839546
A_NP	1364	1236	A	5	0	1209	18.7518610421836
A_NP	1365	1227	T	14	0	1201	17.7094088259784
A_NP	1366	1233	T	8	0	1213	17.3314097279472
A_NP	1367	1232	T	10	0	1222	18.1162029459902
A_NP	1368	1231	G	11	0	1213	18.0915086562242
A_NP	1369	1228	T	14	0	1219	18.2821985233798
A_NP	1370	1223	C	19	0	1204	17.859634551495
A_NP	1371	1231	C	10	0	1215	17.5415637860082
A_NP	1372	1216	T	25	0	1203	18.3308395677473
A_NP	1373	1234	T	7	0	1230	19.3674796747967
A_NP	1374	1211	C	29	0	1202	17.2071547420965
A_NP	1375	1233	C	7	0	1229	18.5622457282343
A_NP	1376	1219	A	21	0	1200	16.445
A_NP	1377	1187	G	53	0	1185	18.7611814345992
A_NP	1378	1214	G	26	0	1213	18.9373454245672
A_NP	1379	1213	G	27	0	1210	18.8338842975207
A_NP	1380	1209	G	31	0	1195	20.6995815899582
A_NP	1381	1206	C	34	0	1161	19.489233419466
A_NP	1382	1058	G	182	0	1018	17.4223968565815
A_NP	1383	1201	G	39	0	1193	16.907795473596
A_NP	1384	1228	G	12	0	1224	17.3929738562091
A_NP	1385	1223	G	17	0	1152	22.0998263888889
A_NP	1386	1217	A	23	0	1205	20.346887966805
A_NP	1387	1229	G	11	0	1202	18.5607321131448
A_NP	1388	1215	T	25	0	1190	17.5126050420168
A_NP	1389	1222	C	18	0	1165	17.0068669527897
A_NP	1390	1201	T	38	0	1187	17.0606571187869
A_NP	1391	1226	T	13	0	1217	16.8775677896467
A_NP	1392	1157	C	82	0	1118	16.3577817531306
A_NP	1393	1168	G	71	0	1122	15.3529411764706
A_NP	1394	1229	A	10	0	1203	15.9343308395677
A_NP	1395	1225	G	14	0	1215	15.9358024691358
A_NP	1396	1222	C	17	0	1170	16.8786324786325
A_NP	1397	1218	T	21	0	1207	19.2725766362883
A_NP	1398	1219	C	20	0	1202	19.0840266222962
A_NP	1399	1220	T	19	0	1215	21.5325102880658
A_NP	1400	1205	C	34	0	1169	18.7416595380667
A_NP	1401	1199	G	40	0	1170	17.4863247863248
A_NP	1402	1216	G	23	0	1183	17.8994082840237
A_NP	1403	1231	A	8	0	1222	18.0490998363339
A_NP	1404	1231	C	8	0	1173	19.1841432225064
A_NP	1405	1073	G	166	0	988	17.2753036437247
A_NP	1406	1144	A	95	0	1128	16.363475177305
A_NP	1407	1195	A	44	0	1176	16.4506802721088
A_NP	1408	1215	A	24	0	1205	17.9941908713693
A_NP	1409	1210	A	29	0	1179	22.763358778626
A_NP	1410	1208	G	31	0	1205	22.3336099585062
A_NP	1411	1234	G	5	0	1228	22.2728013029316
A_NP	1412	1226	C	13	0	1130	22.0079646017699
A_NP	1413	1230	A	9	0	1206	21.3300165837479
A_NP	1414	1231	A	8	0	1209	20.4342431761787
A_NP	1415	1229	C	10	0	1206	19.7089552238806
A_NP	1416	1225	G	14	0	1165	17.975965665236
A_NP	1417	1224	A	15	0	1198	18.1110183639399
A_NP	1418	1228	A	11	0	1215	17.7720164609053
A_NP	1419	1217	C	22	0	1207	18.3297431648716
A_NP	1420	1236	C	3	0	1222	19.9509001636661
A_NP	1421	1236	C	3	0	1172	20.0955631399317
A_NP	1422	1214	G	25	0	1143	18.9597550306212
A_NP	1423	1234	A	5	0	1230	17.9658536585366
A_NP	1424	1236	T	3	0	1231	17.8878960194963
A_NP	1425	1233	C	6	0	1087	18.114995400184
A_NP	1426	1231	G	7	0	1225	17.1444897959184
A_NP	1427	1230	T	8	0	1216	17.3741776315789
A_NP	1428	1229	G	9	0	1223	17.7219950940311
A_NP	1429	1229	C	8	0	1221	19.5454545454545
A_NP	1430	1233	C	4	0	1220	21.1270491803279
A_NP	1431	1232	T	4	0	1218	20.3620689655172
A_NP	1432	1235	T	1	0	1230	21.9219512195122
A_NP	1433	1231	C	4	0	1219	20.5143560295324
A_NP	1434	1232	C	3	0	1221	20.8288288288288
A_NP	1435	1209	T	26	0	1194	20.5117252931323
A_NP	1436	1233	T	2	0	1214	21.7693574958814
A_NP	1437	1234	T	1	0	1222	21.6472995090016
A_NP	1438	1232	G	3	0	1221	19.8681408681409
A_NP	1439	1231	A	3	0	1226	20.6704730831974
A_NP	1440	1232	C	2	0	1213	20.9348722176422
A_NP	1441	1231	A	3	0	1225	20.1485714285714
A_NP	1442	1231	T	3	0	1224	19.9501633986928
A_NP	1443	1222	G	12	0	1204	19.5797342192691
A_NP	1444	1198	A	36	0	1186	19.5725126475548
A_NP	1445	1200	G	33	0	1184	19.8902027027027
A_NP	1446	1182	T	51	0	1165	19.1356223175966
A_NP	1447	1212	A	21	0	1196	18.938127090301
A_NP	1448	1227	A	6	0	1216	19.1513157894737
A_NP	1449	1225	T	8	0	1196	19.0660535117057
A_NP	1450	1220	G	13	0	1207	20.5128417564209
A_NP	1451	1193	A	40	0	1179	20.8303647158609
A_NP	1452	1196	A	36	0	1178	21.4507640067912
A_NP	1453	1192	G	40	0	1181	22.3285351397121
A_NP	1454	1226	G	5	0	1200	23.515
A_NP	1455	1225	G	5	0	1195	23.710460251046
A_NP	1456	1213	T	16	0	1177	23.5836873406967
A_NP	1457	1217	C	12	0	1202	23.220465890183
A_NP	1458	1207	T	22	0	1179	22.8744698897371
A_NP	1459	1220	T	9	0	1176	22.9294217687075
A_NP	1460	1220	A	9	0	1212	22.4158415841584
A_NP	1461	1221	T	8	0	1210	21.5809917355372
A_NP	1462	1218	T	11	0	1197	21.5229741019215
A_NP	1463	1218	T	11	0	1193	21.6169321039396
A_NP	1464	1214	C	14	0	1211	21.6928158546656
A_NP	1465	1209	T	19	0	1198	22.2562604340568
A_NP	1466	1211	T	15	0	1203	21.4812967581047
A_NP	1467	1199	C	27	0	1168	20.7602739726027
A_NP	1468	1213	G	13	0	1205	18.843153526971
A_NP	1469	1222	G	4	0	1208	19.1051324503311
A_NP	1470	1221	A	5	0	1210	19.2280991735537
A_NP	1471	1217	G	9	0	1207	20.6081193040597
A_NP	1472	1205	A	20	0	1197	21.296574770259
A_NP	1473	1214	C	11	0	1207	20.9047224523612
A_NP	1474	1218	A	7	0	1148	19.0452961672474
A_NP	1475	1223	A	2	0	1220	18.5672131147541
A_NP	1476	1224	T	1	0	1223	18.8724448078496
A_NP	1477	1221	G	3	0	1202	18.9725457570715
A_NP	1478	1215	C	9	0	1205	20.9983402489627
A_NP	1479	1203	A	20	0	1183	20.5105663567202
A_NP	1480	1204	G	17	0	1199	20.1267723102585
A_NP	1481	1210	A	10	0	1207	20.049710024855
A_NP	1482	1215	G	4	0	1201	20.1673605328893
A_NP	1483	1212	G	6	0	1206	19.9577114427861
A_NP	1484	1210	A	7	0	1193	20.452640402347
A_NP	1485	1197	G	20	0	1172	20.4300341296928
A_NP	1486	1192	T	22	0	1185	18.926582278481
A_NP	1487	1212	A	2	0	1194	18.6457286432161
A_NP	1488	1212	T	2	0	1194	18.1038525963149
A_NP	1489	1210	G	3	0	1192	18.2793624161074
A_NP	1490	1208	A	3	0	1201	19.0774354704413
A_NP	1491	1211	C	0	0	1207	19.6280033140017
A_NP	1492	1210	A	0	0	1184	18.9586148648649
A_NP	1493	1210	A	0	0	1210	18.1140495867769
A_NP	1494	1207	T	0	0	1203	17.8046550290939
A_NP	1495	1198	T	0	0	1194	18.6976549413735
A_NP	1496	1161	G	0	0	1161	18.4366925064599
A_NP	1497	1153	A	0	0	1153	19.4102341717259
