Reference_Name	Position	Coverage Depth	Consensus	Deletions	Ambiguous	Consensus_Count	Consensus_Average_Quality
A_NS	1	7085	A	0	0	7085	31.3692307692308
A_NS	2	7110	T	0	0	7110	36.4012658227848
A_NS	3	7168	G	0	0	7147	37.7137260388974
A_NS	4	7196	G	0	0	7150	36.6204195804196
A_NS	5	7214	A	3	0	7185	35.7022964509395
A_NS	6	7232	A	0	0	7206	40.8839855675826
A_NS	7	7233	T	1	0	7172	36.8752091466815
A_NS	8	7195	C	45	0	7110	38.093811533052
A_NS	9	7269	C	6	0	7236	38.985903814262
A_NS	10	7272	A	17	0	7191	35.6423306911417
A_NS	11	7299	A	9	0	7286	37.3731814438649
A_NS	12	7303	C	8	0	7268	38.7663731425427
A_NS	13	7303	A	9	0	7245	35.8073153899241
A_NS	14	7303	C	11	0	7211	39.0668423242269
A_NS	15	7297	T	18	0	7196	36.3553362979433
A_NS	16	7303	A	15	0	7266	35.3113129644922
A_NS	17	7309	T	9	0	7273	38.3424996562629
A_NS	18	7299	G	20	0	7266	37.2365813377374
A_NS	19	7283	T	36	0	7228	38.4441062534588
A_NS	20	7238	C	81	0	7165	34.0487090020935
A_NS	21	7260	A	61	0	7149	32.5204923765562
A_NS	22	7309	A	15	0	7211	31.9635279434198
A_NS	23	7283	G	41	0	7213	33.5631498682934
A_NS	24	7310	C	14	0	7250	32.276275862069
A_NS	25	7134	T	190	0	7087	31.1295329476506
A_NS	26	7219	T	105	0	7178	33.8796322095291
A_NS	27	7204	T	120	0	7164	34.9939977666108
A_NS	28	7022	C	302	0	6911	28.7848357690638
A_NS	29	7267	A	57	0	7062	27.8748229963183
A_NS	30	7293	G	31	0	7281	28.782035434693
A_NS	31	7303	G	21	0	7273	29.009624639076
A_NS	32	7304	T	20	0	7270	33.2832187070151
A_NS	33	7291	A	33	0	7148	33.5831001678791
A_NS	34	7280	G	44	0	7189	30.5171790235081
A_NS	35	7290	A	34	0	7209	29.5020113746706
A_NS	36	7300	C	24	0	7237	31.9549537101009
A_NS	37	7307	T	17	0	7271	29.9763443817907
A_NS	38	7284	G	40	0	7184	30.4281737193764
A_NS	39	7222	T	102	0	7176	32.5574136008919
A_NS	40	7288	T	36	0	7261	30.2859110315384
A_NS	41	7286	T	38	0	7259	35.7035404325665
A_NS	42	7268	T	56	0	7226	37.4497647384445
A_NS	43	7256	C	68	0	7089	28.83946960079
A_NS	44	6734	T	590	0	6548	27.9763286499695
A_NS	45	7299	T	26	0	7267	27.2415026833631
A_NS	46	7308	T	17	0	7237	26.9147436783197
A_NS	47	7284	G	41	0	7242	22.474592653963
A_NS	48	7309	G	16	0	7290	30.5968449931413
A_NS	49	7305	C	20	0	7273	32.9802007424722
A_NS	50	7293	A	32	0	7251	32.8145083436767
A_NS	51	7273	T	52	0	7223	36.292814619964
A_NS	52	7270	A	55	0	7216	33.8795731707317
A_NS	53	7295	T	30	0	7240	40.5203038674033
A_NS	54	7308	T	17	0	7249	37.5181404331632
A_NS	55	7252	C	73	0	7178	31.6251044859292
A_NS	56	7253	G	72	0	7207	30.6793395310115
A_NS	57	7299	C	26	0	7237	30.8652756667127
A_NS	58	7284	A	41	0	7248	30.4048013245033
A_NS	59	7316	A	9	0	7265	32.299518238128
A_NS	60	7314	G	11	0	7254	37.9784946236559
A_NS	61	7319	C	6	0	7268	37.9012107870116
A_NS	62	7304	G	21	0	7147	32.6366307541626
A_NS	63	7315	A	10	0	7286	32.5093329673346
A_NS	64	7296	T	29	0	7250	32.0121379310345
A_NS	65	7307	T	18	0	7215	31.9571725571726
A_NS	66	7310	T	15	0	7259	38.9381457501033
A_NS	67	7271	G	54	0	7207	34.2973497988067
A_NS	68	7264	C	61	0	7209	38.0009710084616
A_NS	69	7281	A	44	0	7229	35.7144833310278
A_NS	70	7272	G	53	0	7180	36.3532033426184
A_NS	71	7266	A	59	0	7212	36.3498336106489
A_NS	72	7258	C	67	0	7185	37.4130828114127
A_NS	73	7306	A	19	0	7223	31.7833310258895
A_NS	74	7319	A	6	0	7280	33.0656593406593
A_NS	75	7316	T	9	0	7257	33.9337191677002
A_NS	76	7304	G	21	0	7245	32.7944789510007
A_NS	77	7319	G	6	0	7215	34.9298683298683
A_NS	78	7320	A	5	0	7299	33.3864913001781
A_NS	79	7311	T	14	0	7274	35.0767115754743
A_NS	80	7316	T	9	0	7172	33.4921918572225
A_NS	81	7167	G	158	0	7062	33.630274709714
A_NS	82	7317	G	8	0	7284	35.4699341021417
A_NS	83	7323	G	2	0	7294	34.8809980806142
A_NS	84	7318	T	7	0	7126	37.183833847881
A_NS	85	7295	G	30	0	7092	31.3141567963903
A_NS	86	7319	A	6	0	7276	30.5967564595932
A_NS	87	7322	T	3	0	7238	30.508151423045
A_NS	88	7298	G	27	0	7231	29.6252247268704
A_NS	89	6437	C	888	0	6313	30.0567083795343
A_NS	90	7275	C	50	0	7211	28.704895298849
A_NS	91	7314	C	11	0	7295	29.93118574366
A_NS	92	7309	C	16	0	7122	32.071749508565
A_NS	93	7289	A	36	0	7147	28.0351196306142
A_NS	94	7293	T	32	0	7227	29.1638300816383
A_NS	95	7275	T	50	0	7196	29.2636186770428
A_NS	96	7252	C	73	0	7222	32.9252284685683
A_NS	97	7307	C	18	0	7274	37.3398405279076
A_NS	98	7275	T	51	0	7225	37.2606228373702
A_NS	99	7250	C	75	0	7088	32.6708521444695
A_NS	100	6839	G	486	0	6475	29.788416988417
A_NS	101	7307	A	18	0	7275	30.9296219931271
A_NS	102	7315	T	10	0	7232	32.3736172566372
A_NS	103	7299	C	26	0	7129	33.3560106606817
A_NS	104	7313	G	11	0	7276	35.0399945024739
A_NS	105	7315	G	9	0	7311	34.4675147038709
A_NS	106	7312	C	12	0	7302	34.9082443166256
A_NS	107	7315	T	9	0	7289	38.6615447935245
A_NS	108	7267	A	38	0	7214	36.3993623509842
A_NS	109	7267	C	37	0	7174	35.2978812378032
A_NS	110	7274	G	30	0	7205	31.9536433032616
A_NS	111	7270	C	34	0	7250	32.0471724137931
A_NS	112	7279	C	25	0	7242	32.571803369235
A_NS	113	7191	G	113	0	7097	30.4318726222347
A_NS	114	7261	A	43	0	7228	31.955035971223
A_NS	115	7268	G	36	0	7180	32.1405292479109
A_NS	116	7274	A	30	0	7240	32.8879834254144
A_NS	117	7289	T	15	0	7254	35.1195202646816
A_NS	118	7272	C	32	0	7070	31.2444130127298
A_NS	119	7099	A	205	0	7009	29.8036809815951
A_NS	120	7259	A	45	0	7187	29.1410880756922
A_NS	121	7261	A	43	0	7213	31.2976570081797
A_NS	122	7254	A	50	0	7195	45.5603891591383
A_NS	123	7241	G	63	0	7194	40.1170419794273
A_NS	124	7221	T	83	0	7152	37.2733501118568
A_NS	125	7229	C	75	0	7152	35.1532438478747
A_NS	126	7219	C	85	0	7167	35.7964280731129
A_NS	127	7123	T	181	0	7050	40.9148936170213
A_NS	128	7230	T	74	0	7102	36.4479019994368
A_NS	129	6707	A	597	0	6640	30.1359939759036
A_NS	130	7272	A	32	0	7226	31.8340714088015
A_NS	131	7296	A	8	0	7273	38.0115495668912
A_NS	132	7285	A	19	0	7201	40.3711984446605
A_NS	133	7277	G	27	0	7263	43.8283078617651
A_NS	134	7292	G	11	0	7264	41.6419328193833
A_NS	135	7278	A	25	0	7231	38.2794910800719
A_NS	136	7290	A	13	0	7273	41.2587652963014
A_NS	137	7280	G	23	0	7248	40.2971854304636
A_NS	138	7270	A	33	0	7218	37.7062898309781
A_NS	139	7287	G	16	0	7272	39.3855885588559
A_NS	140	7298	G	5	0	7290	39.5259259259259
A_NS	141	7274	C	29	0	7256	39.5978500551268
A_NS	142	7288	A	15	0	7235	38.7737387698687
A_NS	143	7295	A	8	0	7246	39.7220535467844
A_NS	144	7286	C	17	0	7243	40.1288140273367
A_NS	145	7288	A	15	0	7230	38.1547717842324
A_NS	146	7269	C	33	0	7244	39.4950303699613
A_NS	147	7293	C	9	0	7273	38.8670424859068
A_NS	148	7294	C	8	0	7265	34.6836889194769
A_NS	149	7097	T	204	0	7066	37.5018397962072
A_NS	150	7293	T	8	0	7111	32.7741527211363
A_NS	151	7287	G	14	0	6940	26.3659942363112
A_NS	152	7292	G	9	0	7212	26.8695230171936
A_NS	153	7286	C	14	0	7273	28.6961363948852
A_NS	154	7294	C	6	0	7269	31.7278855413399
A_NS	155	7296	T	4	0	7253	38.0227492072246
A_NS	156	7249	C	50	0	7141	37.0702982775522
A_NS	157	7253	G	46	0	7171	33.1522800167341
A_NS	158	7288	A	11	0	7236	32.7642343836374
A_NS	159	7295	C	4	0	7285	33.0116678105697
A_NS	160	7293	A	6	0	7212	31.3605102606767
A_NS	161	7295	T	4	0	7274	33.9139400604894
A_NS	162	7271	C	28	0	7190	31.7083449235049
A_NS	163	7194	A	105	0	7033	29.0526091283947
A_NS	164	7280	A	19	0	7235	30.992398064962
A_NS	165	7289	A	9	0	7257	34.7430067521014
A_NS	166	7285	A	13	0	7226	39.5419319125381
A_NS	167	7278	C	20	0	7241	37.0777516917553
A_NS	168	7282	A	16	0	7128	31.9941077441077
A_NS	169	7284	G	14	0	7258	32.1675392670157
A_NS	170	7266	C	32	0	7246	34.3239028429478
A_NS	171	7260	C	38	0	7168	34.0323660714286
A_NS	172	7257	A	41	0	7083	32.5444020895101
A_NS	173	7241	C	57	0	7198	31.4040011114198
A_NS	174	7254	T	44	0	7169	31.1086622959967
A_NS	175	7273	C	25	0	7206	30.041215653622
A_NS	176	7196	T	102	0	7135	35.9467414155571
A_NS	177	7263	T	35	0	7183	35.3598774885145
A_NS	178	7252	G	46	0	7133	31.0316837235385
A_NS	179	7266	T	32	0	7212	32.971436494731
A_NS	180	7275	T	22	0	7150	31.9274125874126
A_NS	181	7225	G	72	0	7167	29.6617831728757
A_NS	182	7284	G	13	0	7269	34.307745219425
A_NS	183	7278	G	19	0	7247	34.1860080033117
A_NS	184	7267	A	29	0	7230	40.9854771784232
A_NS	185	7280	A	16	0	7247	43.8428315164896
A_NS	186	7283	A	12	0	7248	43.2897350993377
A_NS	187	7285	C	10	0	7251	39.1352916839057
A_NS	188	7282	A	13	0	7233	34.9883865615927
A_NS	189	7284	A	10	0	7259	37.8968177434908
A_NS	190	7282	A	12	0	7245	35.7616287094548
A_NS	191	7278	T	16	0	7134	36.2750210260723
A_NS	192	7276	T	17	0	7250	36.0107586206897
A_NS	193	7276	G	17	0	7255	33.7000689179876
A_NS	194	7277	T	15	0	7243	36.5653734640342
A_NS	195	7248	G	44	0	7224	39.7613510520487
A_NS	196	7276	G	16	0	7179	38.0721548962251
A_NS	197	7273	A	19	0	7232	38.5347068584071
A_NS	198	7284	A	8	0	7247	41.6932523802953
A_NS	199	7284	T	7	0	7253	39.0153040121329
A_NS	200	7268	G	22	0	7108	36.3911086100169
A_NS	201	7283	G	7	0	7243	36.9155046251553
A_NS	202	7280	A	10	0	7248	34.7951158940397
A_NS	203	7082	T	208	0	7009	36.7012412612356
A_NS	204	7254	T	36	0	7208	35.8616814650388
A_NS	205	7282	T	8	0	7230	41.079806362379
A_NS	206	7259	T	31	0	7219	37.1967031444798
A_NS	207	7214	G	76	0	7153	32.3943799804278
A_NS	208	6567	A	723	0	6517	32.7716740831671
A_NS	209	7242	A	47	0	7219	34.1511289652306
A_NS	210	7213	A	76	0	7154	33.8454011741683
A_NS	211	7193	G	96	0	7142	35.0112013441613
A_NS	212	7239	A	50	0	7162	34.2126500977381
A_NS	213	7195	G	93	0	7176	34.6120401337793
A_NS	214	7218	G	69	0	7077	31.0142715840045
A_NS	215	7250	A	37	0	7191	30.1785565289946
A_NS	216	7268	A	19	0	7214	34.0554477405046
A_NS	217	7270	T	17	0	7211	31.0976286229372
A_NS	218	7193	C	94	0	7023	33.4455360956856
A_NS	219	7234	C	53	0	7122	34.103201347936
A_NS	220	7222	A	65	0	7106	31.1573318322544
A_NS	221	7230	G	57	0	7207	32.3188566671292
A_NS	222	7248	C	39	0	7162	31.4065903378944
A_NS	223	7116	G	171	0	7010	29.3012838801712
A_NS	224	7137	A	150	0	7072	29.3905542986425
A_NS	225	7257	G	30	0	7129	29.4094543414224
A_NS	226	7263	A	24	0	7208	31.0316315205327
A_NS	227	7262	C	25	0	7211	32.9106919983359
A_NS	228	7274	A	13	0	7123	31.3857925031588
A_NS	229	7245	C	41	0	7194	31.9685849318877
A_NS	230	7144	T	141	0	7088	30.9662810383747
A_NS	231	7246	T	39	0	7100	30.6967605633803
A_NS	232	7117	A	166	0	7018	28.7752921060131
A_NS	233	7216	G	66	0	6998	29.2033438125179
A_NS	234	7248	A	34	0	7224	29.8298726467331
A_NS	235	7278	A	4	0	7236	32.1677722498618
A_NS	236	7277	T	5	0	7229	33.5000691658597
A_NS	237	7275	G	7	0	7230	37.3319502074689
A_NS	238	7274	G	8	0	7258	38.8821989528796
A_NS	239	7264	C	17	0	7233	39.7457486520116
A_NS	240	7268	A	13	0	7195	36.6749131341209
A_NS	241	7269	A	12	0	7249	37.1602979721341
A_NS	242	7219	T	61	0	7176	37.1474358974359
A_NS	243	7272	T	8	0	7225	36.2168858131488
A_NS	244	7261	G	18	0	7228	36.3408965135584
A_NS	245	7266	C	9	0	7230	37.9323651452282
A_NS	246	7262	A	13	0	7209	37.7547510056873
A_NS	247	7237	T	38	0	7182	38.3802561960457
A_NS	248	7236	C	37	0	7155	35.6610761705101
A_NS	249	7247	T	26	0	7191	35.6563760255875
A_NS	250	7254	A	18	0	7195	35.9512161223072
A_NS	251	7256	T	15	0	7215	35.5950103950104
A_NS	252	7256	A	15	0	7214	35.4980593290823
A_NS	253	7252	C	19	0	7231	35.9054072742359
A_NS	254	7262	C	8	0	7216	36.3246951219512
A_NS	255	7259	T	10	0	7188	37.6321647189761
A_NS	256	7227	A	42	0	7183	35.7232354169567
A_NS	257	7234	C	35	0	7169	34.0663969870275
A_NS	258	7227	T	40	0	7187	33.5885626826214
A_NS	259	7262	T	5	0	7238	33.0158883669522
A_NS	260	7234	C	30	0	7160	30.5490223463687
A_NS	261	7218	G	45	0	7146	34.2706409179961
A_NS	262	7230	C	33	0	7176	35.9030100334448
A_NS	263	7206	G	57	0	7145	34.242967109867
A_NS	264	7163	T	100	0	7115	35.4056219255095
A_NS	265	7233	T	30	0	7194	34.8698915763136
A_NS	266	7232	A	30	0	7169	34.6632724229321
A_NS	267	7243	C	19	0	7206	36.9011934499029
A_NS	268	7238	A	23	0	7176	37.8510312151616
A_NS	269	7224	T	37	0	7190	40.9599443671766
A_NS	270	7250	T	11	0	7210	41.6436893203883
A_NS	271	7196	T	65	0	7151	42.1205425814571
A_NS	272	7165	C	95	0	7125	42.2165614035088
A_NS	273	7221	T	39	0	7113	40.5584141712358
A_NS	274	7197	G	63	0	7083	37.2051390653678
A_NS	275	7232	A	28	0	7186	36.8648761480657
A_NS	276	7252	C	8	0	7227	39.2872561228726
A_NS	277	7250	A	10	0	7210	35.8852981969487
A_NS	278	7250	T	10	0	7196	36.8453307392996
A_NS	279	7250	G	10	0	7139	33.7632721669702
A_NS	280	7251	A	9	0	7213	34.0080410370165
A_NS	281	7236	C	22	0	7224	35.3401162790698
A_NS	282	7252	C	4	0	7238	34.4941972920696
A_NS	283	7244	C	12	0	7219	36.1637345892783
A_NS	284	7243	T	13	0	7214	37.8936789575825
A_NS	285	7116	C	140	0	7003	27.6010281308011
A_NS	286	7161	G	95	0	7084	24.8145115753811
A_NS	287	7189	A	66	0	7147	24.7925003497971
A_NS	288	7240	G	15	0	7235	25.5495507947478
A_NS	289	7246	G	8	0	7230	30.4160442600277
A_NS	290	7215	A	39	0	7134	32.9835996635828
A_NS	291	7238	A	16	0	7161	38.435972629521
A_NS	292	7239	A	15	0	7205	36.906453851492
A_NS	293	7233	T	21	0	7198	34.9416504584607
A_NS	294	7234	G	19	0	7187	32.2395992764714
A_NS	295	7210	T	43	0	7159	31.7010755692136
A_NS	296	6871	C	379	0	6750	26.2834074074074
A_NS	297	6890	A	360	0	6416	23.9424875311721
A_NS	298	6974	C	276	0	6857	22.8232463176316
A_NS	299	6546	G	704	0	6020	20.0955149501661
A_NS	300	6683	A	567	0	6395	19.0306489444879
A_NS	301	7003	G	247	0	6481	18.735071748187
A_NS	302	7104	A	146	0	6936	18.2554786620531
A_NS	303	7137	C	113	0	6848	18.6536214953271
A_NS	304	7177	T	73	0	7124	19.2101347557552
A_NS	305	7187	G	63	0	6891	20.1198664925265
A_NS	306	7223	G	27	0	7159	20.1584020114541
A_NS	307	6980	T	270	0	6894	25.0829706991587
A_NS	308	7222	T	28	0	6996	25.4000857632933
A_NS	309	7200	C	50	0	6886	24.2685158292187
A_NS	310	7226	A	24	0	7157	23.6648036886964
A_NS	311	7229	T	21	0	7167	24.390958560067
A_NS	312	7236	G	14	0	7221	27.1412546738679
A_NS	313	7221	C	29	0	7141	30.1547402324604
A_NS	314	7214	T	35	0	7153	31.6008667691878
A_NS	315	7242	T	7	0	7196	31.3479710950528
A_NS	316	7241	A	7	0	7219	30.5804127995567
A_NS	317	7242	T	6	0	7163	35.2055004886221
A_NS	318	7237	G	9	0	7213	35.042146125052
A_NS	319	7216	C	29	0	7195	36.4373870743572
A_NS	320	7230	C	15	0	7182	36.140768588137
A_NS	321	7219	T	26	0	7188	37.3272120200334
A_NS	322	7218	A	26	0	7186	34.3285555246312
A_NS	323	7221	G	23	0	7192	35.6820077864294
A_NS	324	7227	G	16	0	7215	38.0523908523909
A_NS	325	7157	C	86	0	7111	39.7704964140065
A_NS	326	6951	A	292	0	6920	36.2787572254335
A_NS	327	7103	A	140	0	7072	37.1002545248869
A_NS	328	7110	A	132	0	7026	40.0012809564475
A_NS	329	7108	A	133	0	7033	42.0173467936869
A_NS	330	7082	G	158	0	6939	41.8408992650238
A_NS	331	7120	A	120	0	7059	35.0402323275251
A_NS	332	7126	T	112	0	6881	33.7921813689871
A_NS	333	7143	A	95	0	6878	31.1408839779006
A_NS	334	7196	A	42	0	7126	31.4319393769296
A_NS	335	7200	T	37	0	7024	31.6359624145786
A_NS	336	7091	A	145	0	6904	32.0912514484357
A_NS	337	7199	G	37	0	7123	31.5501895268847
A_NS	338	7201	G	35	0	7172	31.2387060791969
A_NS	339	7120	C	115	0	6980	33.5054441260745
A_NS	340	7203	C	31	0	7157	35.5812491267291
A_NS	341	7207	C	27	0	7149	34.7610854664988
A_NS	342	7188	T	46	0	7126	32.8849284310974
A_NS	343	7178	C	56	0	6956	30.2567567567568
A_NS	344	7092	T	142	0	7029	29.3761559254517
A_NS	345	7202	T	32	0	7173	29.0855987731772
A_NS	346	7168	T	65	0	7128	32.128367003367
A_NS	347	7070	G	162	0	6989	30.2182000286164
A_NS	348	7112	C	120	0	6884	34.0698721673446
A_NS	349	7201	G	31	0	7148	32.7197817571349
A_NS	350	7201	T	31	0	7093	33.7049203440011
A_NS	351	7206	G	26	0	7165	33.9620376831821
A_NS	352	7208	C	24	0	7059	36.3523161920952
A_NS	353	7216	G	14	0	6996	31.2714408233276
A_NS	354	7219	A	11	0	7189	30.6457087216581
A_NS	355	7206	T	24	0	7161	30.4017595307918
A_NS	356	7213	T	16	0	7152	30.5773210290828
A_NS	357	7191	G	38	0	7041	31.6419542678597
A_NS	358	7213	G	16	0	7137	31.9331651954603
A_NS	359	7214	A	12	0	7182	33.0673906989696
A_NS	360	7195	C	30	0	7161	34.5684960201089
A_NS	361	7215	C	10	0	7060	35.9464589235128
A_NS	362	7148	A	77	0	7111	34.8395443678807
A_NS	363	7203	G	22	0	7189	37.6059257198498
A_NS	364	7216	G	9	0	7211	36.1894328109832
A_NS	365	7215	C	10	0	7146	35.021270640918
A_NS	366	7218	G	7	0	7174	32.9868971285197
A_NS	367	7217	G	8	0	7156	32.9093068753494
A_NS	368	7211	T	13	0	7163	32.6340918609521
A_NS	369	7213	C	11	0	7073	31.2932277675668
A_NS	370	7214	A	10	0	7159	33.1187316664339
A_NS	371	7211	T	13	0	7181	32.7741261662721
A_NS	372	7180	G	41	0	6789	28.0543526292532
A_NS	373	7187	G	34	0	7063	27.8814951153901
A_NS	374	7185	A	34	0	7151	28.3133827436722
A_NS	375	7198	T	20	0	7139	28.7198487183079
A_NS	376	7103	A	113	0	6984	31.4397193585338
A_NS	377	7155	A	61	0	7076	31.1527699265122
A_NS	378	7176	G	39	0	7043	30.6629277296607
A_NS	379	7076	A	138	0	6968	31.6006027554535
A_NS	380	7169	A	44	0	7100	31.0095774647887
A_NS	381	7202	C	11	0	7175	29.3513588850174
A_NS	382	7186	A	27	0	7078	29.4070358858435
A_NS	383	7170	T	42	0	7110	30.6385372714487
A_NS	384	7172	A	38	0	6832	28.301668618267
A_NS	385	7144	G	64	0	6867	27.5453618756371
A_NS	386	7171	T	37	0	7114	26.7025583356761
A_NS	387	7117	A	91	0	7022	27.0106807177442
A_NS	388	7058	C	148	0	7014	27.0316509837468
A_NS	389	7177	T	29	0	7138	28.7135051835248
A_NS	390	7107	G	99	0	7071	28.611087540659
A_NS	391	7178	G	24	0	7113	28.8169548713623
A_NS	392	7151	A	50	0	7110	30.4535864978903
A_NS	393	7168	A	33	0	7139	33.6377643927721
A_NS	394	7144	G	57	0	7077	31.0110216193302
A_NS	395	7168	C	32	0	7064	31.1238674971687
A_NS	396	7153	A	46	0	7073	29.2160328007917
A_NS	397	7194	A	4	0	7167	29.1689688851681
A_NS	398	7195	A	2	0	7139	31.8897604706542
A_NS	399	7195	C	2	0	7097	31.6452021981119
A_NS	400	7185	T	12	0	7113	32.508364965556
A_NS	401	7188	T	7	0	7135	32.4071478626489
A_NS	402	7139	C	56	0	7004	29.3563677898344
A_NS	403	7165	A	28	0	7102	29.3370881441847
A_NS	404	7163	G	30	0	7143	28.7839843203136
A_NS	405	7170	T	22	0	7106	28.8490008443569
A_NS	406	7181	G	11	0	7159	30.4975555245146
A_NS	407	7168	T	23	0	7105	31.3171006333568
A_NS	408	7152	A	37	0	7113	29.5983410656544
A_NS	409	7170	A	19	0	7141	28.7171264528777
A_NS	410	7160	T	28	0	7114	28.994236716334
A_NS	411	7167	C	19	0	7055	28.7688164422395
A_NS	412	7165	T	21	0	7101	29.7838332629207
A_NS	413	7175	T	10	0	7140	30.2428571428571
A_NS	414	7143	C	40	0	7052	27.4937606352808
A_NS	415	7164	A	19	0	7107	28.2777543267201
A_NS	416	7166	A	17	0	7137	28.6670870113493
A_NS	417	7154	C	29	0	7112	29.4904386951631
A_NS	418	7165	C	18	0	7097	28.1527405946174
A_NS	419	7152	G	31	0	6887	24.6635690431247
A_NS	420	7158	A	24	0	7125	23.9997192982456
A_NS	421	7149	T	33	0	7119	23.8773704171934
A_NS	422	7163	T	19	0	7140	24.5446778711485
A_NS	423	7097	A	84	0	6992	25.991561784897
A_NS	424	7106	G	75	0	7001	26.3285244965005
A_NS	425	7147	A	34	0	7119	26.1927236971485
A_NS	426	7132	G	49	0	7086	37.145215918713
A_NS	427	7081	A	100	0	7021	31.7971798889047
A_NS	428	7130	C	50	0	7081	27.9925151814715
A_NS	429	7167	C	13	0	7114	27.0969918470621
A_NS	430	6812	T	368	0	6705	28.9765846383296
A_NS	431	7163	T	17	0	7124	29.899073554183
A_NS	432	7160	G	20	0	7105	24.9771991555243
A_NS	433	7154	A	26	0	7104	27.0152027027027
A_NS	434	7096	T	84	0	7015	30.983749109052
A_NS	435	7019	A	161	0	6972	31.1352553069421
A_NS	436	7061	C	118	0	6979	30.9931222238143
A_NS	437	7147	T	32	0	6932	30.467397576457
A_NS	438	7107	A	72	0	7043	30.4283685929292
A_NS	439	7145	C	32	0	7035	30.5056147832267
A_NS	440	7148	T	28	0	6945	31.4562994960403
A_NS	441	7109	A	65	0	7044	29.0709823963657
A_NS	442	7146	A	27	0	7124	28.7963222908478
A_NS	443	7141	G	32	0	7120	30.6560393258427
A_NS	444	7165	G	7	0	7127	33.7743791216501
A_NS	445	7164	G	7	0	7139	35.376663398235
A_NS	446	7165	C	6	0	7126	34.2050238563009
A_NS	447	7143	T	28	0	7095	34.5013389711064
A_NS	448	7159	T	11	0	7126	35.9807746281224
A_NS	449	7153	T	15	0	7109	37.4713743142495
A_NS	450	7143	C	24	0	7086	33.3971210838273
A_NS	451	7146	A	21	0	6984	31.0336483390607
A_NS	452	7142	C	25	0	7121	30.5663530403033
A_NS	453	7110	T	57	0	7075	29.3297526501767
A_NS	454	7029	G	138	0	6964	25.6522113727743
A_NS	455	7050	A	117	0	7029	25.3905249679898
A_NS	456	7078	G	89	0	7052	26.1219512195122
A_NS	457	7136	G	31	0	7115	27.8437104708363
A_NS	458	7120	A	44	0	7101	26.1633572736234
A_NS	459	6749	G	414	0	6718	27.4769276570408
A_NS	460	6985	G	176	0	6957	28.8791145608739
A_NS	461	6958	G	201	0	6861	26.4114560559685
A_NS	462	6918	A	241	0	6782	26.0625184311413
A_NS	463	7082	A	76	0	6994	27.7865313125536
A_NS	464	7081	C	77	0	6983	26.0001432049262
A_NS	465	7062	A	95	0	6890	25.1811320754717
A_NS	466	7070	A	86	0	6999	25.7025289327047
A_NS	467	7054	T	101	0	6980	25.1842406876791
A_NS	468	7103	A	47	0	6832	23.5242974238876
A_NS	469	7108	G	41	0	6937	23.4233818653597
A_NS	470	7108	T	41	0	7024	23.3369874715262
A_NS	471	7112	T	37	0	7037	24.1280375159869
A_NS	472	7049	G	100	0	7005	26.0518201284797
A_NS	473	7079	G	69	0	7021	29.0487110098277
A_NS	474	7080	A	68	0	7043	29.9207723981258
A_NS	475	7106	G	42	0	7047	31.383709379878
A_NS	476	7060	A	86	0	7019	31.1646958256162
A_NS	477	7101	A	45	0	7045	31.7216465578424
A_NS	478	7115	A	28	0	7018	31.2509261897977
A_NS	479	7094	T	49	0	7002	31.8918880319909
A_NS	480	7118	T	25	0	6985	27.9005010737294
A_NS	481	7116	T	27	0	6941	27.8735052586083
A_NS	482	7088	C	53	0	7041	26.4591677318563
A_NS	483	7120	A	21	0	7057	25.8104010202636
A_NS	484	7106	C	35	0	7094	27.8302791091063
A_NS	485	7114	C	23	0	7062	28.0380911922968
A_NS	486	7097	A	39	0	7061	27.4228862767313
A_NS	487	7093	T	43	0	7051	27.8985959438378
A_NS	488	7097	T	39	0	7057	27.6946294459402
A_NS	489	7107	A	28	0	7019	26.7234648810372
A_NS	490	7065	T	70	0	7015	26.8748396293656
A_NS	491	7089	C	46	0	7030	27.3395448079659
A_NS	492	7027	T	108	0	6989	27.9749606524539
A_NS	493	7066	T	69	0	7010	28.7420827389444
A_NS	494	7047	C	87	0	7001	26.1792601056992
A_NS	495	7065	T	69	0	7020	29.0569800569801
A_NS	496	7037	C	96	0	6995	35.0010007147963
A_NS	497	7035	T	98	0	7005	30.3660242683797
A_NS	498	7107	T	26	0	7073	27.4778736038456
A_NS	499	7066	C	66	0	7018	25.075377600456
A_NS	500	7101	C	28	0	7055	28.6059532246634
A_NS	501	7114	A	15	0	7100	27.0576056338028
A_NS	502	7102	G	27	0	7083	30.2247635182832
A_NS	503	7099	G	28	0	7073	30.8470238936802
A_NS	504	7065	A	62	0	7036	30.7764354747015
A_NS	505	7067	C	60	0	6989	31.5641722707111
A_NS	506	7069	A	58	0	7033	29.8588084743353
A_NS	507	7024	T	102	0	6916	28.9558993637941
A_NS	508	7054	A	71	0	6991	28.0692318695466
A_NS	509	7070	C	52	0	6960	27.9933908045977
A_NS	510	7021	T	100	0	6895	28.0043509789703
A_NS	511	7084	T	37	0	6964	29.4415565766801
A_NS	512	7084	A	36	0	7016	27.9035062713797
A_NS	513	7088	T	32	0	6932	29.4875937680323
A_NS	514	7083	G	35	0	7013	28.6852987309283
A_NS	515	7094	A	23	0	7020	28.5368945868946
A_NS	516	7082	G	34	0	7067	30.7665204471487
A_NS	517	7102	G	10	0	7082	31.2007907370799
A_NS	518	7100	A	12	0	7075	30.0470671378092
A_NS	519	7086	T	26	0	6984	32.7825028636884
A_NS	520	7095	G	16	0	7011	30.0199686207388
A_NS	521	7074	T	37	0	7046	29.8705648594947
A_NS	522	7055	C	55	0	6965	28.0041636755205
A_NS	523	6906	A	204	0	6792	26.8417255594817
A_NS	524	7083	A	26	0	7039	26.6003693706492
A_NS	525	7086	A	22	0	7037	27.271564587182
A_NS	526	7072	A	35	0	6953	32.9942470875881
A_NS	527	7066	A	40	0	6880	29.2699127906977
A_NS	528	7063	T	43	0	7015	28.2487526728439
A_NS	529	7025	G	79	0	6780	26.337610619469
A_NS	530	7026	C	77	0	6908	25.6482339316734
A_NS	531	7064	A	38	0	6924	24.3223570190641
A_NS	532	7037	G	64	0	6897	24.1774684645498
A_NS	533	6987	T	114	0	6886	23.2033110659309
A_NS	534	7040	T	61	0	6812	23.4251321197886
A_NS	535	6848	G	252	0	6740	23.4215133531157
A_NS	536	7058	G	42	0	7017	24.071968077526
A_NS	537	7068	G	32	0	7023	26.4649010394418
A_NS	538	6969	G	131	0	6900	29.4707246376812
A_NS	539	6936	T	164	0	6863	29.3160425469911
A_NS	540	6999	C	100	0	6728	28.8822829964328
A_NS	541	7010	C	88	0	6856	28.8656651108518
A_NS	542	7015	T	82	0	6951	29.6088332614012
A_NS	543	7051	C	45	0	6900	29.3860869565217
A_NS	544	7079	A	16	0	6983	27.6080481168552
A_NS	545	7076	T	18	0	7009	28.3264374375803
A_NS	546	7026	C	66	0	6703	26.247501118902
A_NS	547	6947	G	145	0	6889	25.129917259399
A_NS	548	7040	G	52	0	6957	25.4953284461693
A_NS	549	7058	A	34	0	7010	25.7825962910128
A_NS	550	6944	G	146	0	6852	29.6560128429656
A_NS	551	7018	G	72	0	6841	28.3189592164888
A_NS	552	7023	A	66	0	6944	26.3447580645161
A_NS	553	7073	C	16	0	6970	26.0185078909613
A_NS	554	6813	T	276	0	6712	26.7881406436234
A_NS	555	7014	T	73	0	6876	25.4099767306574
A_NS	556	6916	G	169	0	6689	23.1172073553595
A_NS	557	7017	A	66	0	6772	22.960425280567
A_NS	558	7046	G	37	0	7016	23.1761687571266
A_NS	559	7065	T	17	0	7009	24.4437152232844
A_NS	560	7041	G	41	0	7024	25.7054384965831
A_NS	561	7060	G	22	0	6945	27.2204463642909
A_NS	562	7051	A	31	0	6975	28.5602867383513
A_NS	563	7054	A	26	0	7021	31.0056971941319
A_NS	564	7051	T	28	0	7017	29.8204360837965
A_NS	565	7038	G	39	0	6954	30.8041415012942
A_NS	566	6987	G	87	0	6941	32.1530038899294
A_NS	567	6984	T	90	0	6911	30.5967298509622
A_NS	568	7019	A	52	0	6866	29.4267404602389
A_NS	569	7042	A	27	0	7003	29.6524346708553
A_NS	570	7035	C	33	0	6860	29.8740524781341
A_NS	571	7039	A	29	0	6971	30.6643236264524
A_NS	572	7042	C	26	0	6927	34.2797747942832
A_NS	573	7029	G	36	0	6786	28.9848216917182
A_NS	574	7036	G	27	0	6968	28.3857634902411
A_NS	575	6957	T	106	0	6870	28.5393013100437
A_NS	576	7021	T	39	0	6921	29.3177286519289
A_NS	577	6999	C	60	0	6783	29.2764263600177
A_NS	578	6951	G	107	0	6635	26.526299924642
A_NS	579	7020	A	38	0	6995	26.3599714081487
A_NS	580	7032	G	25	0	6963	26.0952175786299
A_NS	581	6952	T	103	0	6877	27.1769667005962
A_NS	582	6927	C	128	0	6801	27.572856932804
A_NS	583	7032	T	23	0	6990	27.40886981402
A_NS	584	6994	C	61	0	6952	29.9318181818182
A_NS	585	6955	T	100	0	6894	32.7532637075718
A_NS	586	6933	G	119	0	6817	27.2292797418219
A_NS	587	6873	A	178	0	6793	27.7872810245841
A_NS	588	6961	A	90	0	6918	30.0160450997398
A_NS	589	6982	A	68	0	6898	32.4672368802551
A_NS	590	6952	A	97	0	6849	31.4680975324865
A_NS	591	6939	T	109	0	6860	31.1428571428571
A_NS	592	7015	A	32	0	6674	27.1116272100689
A_NS	593	7010	T	36	0	6979	33.5795959306491
A_NS	594	6970	A	76	0	6764	26.1033412182141
A_NS	595	6995	C	51	0	6945	24.8748740100792
A_NS	596	6955	A	91	0	6806	24.4808992065824
A_NS	597	6935	G	110	0	6687	24.6956781815463
A_NS	598	7002	A	43	0	6959	27.1569190975715
A_NS	599	6969	G	75	0	6885	32.8983297022513
A_NS	600	7024	A	19	0	6958	30.973124461052
A_NS	601	7004	T	39	0	6956	30.3008913168488
A_NS	602	7030	T	12	0	6992	30.4024599542334
A_NS	603	7010	C	31	0	6731	30.7065814886347
A_NS	604	7019	G	21	0	6699	26.7593670697119
A_NS	605	7017	C	23	0	6997	26.4843504359011
A_NS	606	6859	T	181	0	6830	26.7418740849195
A_NS	607	7028	T	11	0	6988	26.866914710933
A_NS	608	6948	G	91	0	6920	30.3742774566474
A_NS	609	7022	G	17	0	6987	31.1119221411192
A_NS	610	7016	A	21	0	7002	33.4045986860897
A_NS	611	7019	G	17	0	6958	35.5974417936189
A_NS	612	6990	A	46	0	6953	34.8334531856752
A_NS	613	7024	A	12	0	6982	34.1276138642223
A_NS	614	7023	G	12	0	7002	33.5601256783776
A_NS	615	7025	C	10	0	7009	34.3358539021258
A_NS	616	7023	A	11	0	6919	31.3730307847955
A_NS	617	7025	G	9	0	7011	31.9807445442875
A_NS	618	7028	T	6	0	6997	31.0141489209661
A_NS	619	7024	G	10	0	6993	30.6527956527957
A_NS	620	7026	A	8	0	6964	31.0196726019529
A_NS	621	7024	T	9	0	6967	30.3485000717669
A_NS	622	6970	G	61	0	6839	26.639713408393
A_NS	623	6971	A	60	0	6891	25.9725729212016
A_NS	624	6980	G	50	0	6881	25.2117424792908
A_NS	625	6941	A	89	0	6876	25.7697789412449
A_NS	626	7015	A	12	0	6953	25.0015820509133
A_NS	627	7011	T	15	0	6901	24.7336617881466
A_NS	628	6710	G	316	0	6536	25.3981028151775
A_NS	629	7003	G	23	0	6968	25.9423076923077
A_NS	630	6999	G	27	0	6886	25.55881498693
A_NS	631	6984	A	41	0	6936	28.0497404844291
A_NS	632	6925	G	100	0	6754	28.0522653242523
A_NS	633	6983	A	42	0	6913	26.5930854911037
A_NS	634	6955	C	70	0	6809	25.4576296078719
A_NS	635	6979	C	46	0	6853	24.7765941923245
A_NS	636	6838	T	186	0	6690	26.5412556053812
A_NS	637	6986	T	35	0	6878	27.779296307066
A_NS	638	6988	C	32	0	6922	24.0239815082346
A_NS	639	6997	A	23	0	6862	25.0496939667735
A_NS	640	7001	C	19	0	6949	28.0174125773493
A_NS	641	6998	T	21	0	6886	27.8009003775777
A_NS	642	6837	A	182	0	6768	27.4039598108747
A_NS	643	6995	C	24	0	6971	28.0857839621288
A_NS	644	7011	C	8	0	6974	28.2087754516777
A_NS	645	7010	T	8	0	6967	29.5747093440505
A_NS	646	6989	C	27	0	6943	30.737865476019
A_NS	647	6991	C	25	0	6970	30.7995695839311
A_NS	648	6891	A	124	0	6858	29.3382910469525
A_NS	649	6824	G	190	0	6770	31.4805022156573
A_NS	650	6972	A	41	0	6941	30.5373865437257
A_NS	651	6972	G	41	0	6932	30.0451529140219
A_NS	652	6976	C	37	0	6872	31.2069266589057
A_NS	653	6937	A	76	0	6893	31.6132308138691
A_NS	654	6967	G	46	0	6942	31.8295880149813
A_NS	655	6964	A	49	0	6900	31.18
A_NS	656	6983	A	26	0	6935	31.5809661139149
A_NS	657	6991	A	18	0	6936	32.7716262975779
A_NS	658	6991	T	18	0	6946	32.0535560034552
A_NS	659	6966	G	42	0	6825	29.6748717948718
A_NS	660	6896	A	111	0	6791	29.8007657193344
A_NS	661	6976	G	31	0	6942	28.8362143474503
A_NS	662	6966	A	39	0	6807	30.112531217864
A_NS	663	6944	A	61	0	6802	29.8765069097324
A_NS	664	6919	A	84	0	6848	31.6194509345794
A_NS	665	6906	T	97	0	6867	30.5874472113004
A_NS	666	6920	G	81	0	6856	29.6588389731622
A_NS	667	6936	G	64	0	6881	30.4067722714722
A_NS	668	6943	C	55	0	6778	29.6379462968427
A_NS	669	6579	G	414	0	6448	27.6865694789082
A_NS	670	6891	G	102	0	6849	27.8802744926267
A_NS	671	6878	G	113	0	6680	26.9100299401198
A_NS	672	6904	A	86	0	6762	28.7750665483585
A_NS	673	6961	A	28	0	6887	30.360824742268
A_NS	674	6947	C	42	0	6831	28.0163958424828
A_NS	675	6955	A	33	0	6700	27.2977611940298
A_NS	676	6967	A	19	0	6877	27.1640250109059
A_NS	677	6946	T	38	0	6872	27.1009895227008
A_NS	678	6958	T	24	0	6850	27.5767883211679
A_NS	679	6788	G	192	0	6643	28.5079030558483
A_NS	680	6957	G	22	0	6899	29.3625163067111
A_NS	681	6947	G	32	0	6729	30.2700252637836
A_NS	682	6926	A	52	0	6874	32.9431189991271
A_NS	683	6946	C	32	0	6861	32.3270660253607
A_NS	684	6899	A	78	0	6860	30.7613702623907
A_NS	685	6848	G	129	0	6754	29.5137696180041
A_NS	686	6897	A	78	0	6849	28.8589575120456
A_NS	687	6929	A	44	0	6829	30.3280128862205
A_NS	688	6906	A	64	0	6841	30.8394971495395
A_NS	689	6866	T	104	0	6769	31.1502437583099
A_NS	690	6935	T	35	0	6849	30.3083661848445
A_NS	691	6951	T	17	0	6810	31.6033773861968
A_NS	692	6903	G	65	0	6837	28.9894690653796
A_NS	693	6932	A	36	0	6909	29.4323346359821
A_NS	694	6939	G	28	0	6917	30.9343646089345
A_NS	695	6960	G	6	0	6931	30.954263454047
A_NS	696	6907	A	59	0	6858	31.2620297462817
A_NS	697	6953	A	13	0	6906	35.6084564147118
A_NS	698	6949	A	14	0	6915	36.7394070860448
A_NS	699	6946	T	16	0	6903	34.5373026220484
A_NS	700	6921	A	40	0	6837	32.2455755448296
A_NS	701	6952	A	8	0	6904	31.6768539976825
A_NS	702	6937	G	21	0	6859	30.9240414054527
A_NS	703	6930	A	28	0	6874	31.415915042188
A_NS	704	6936	T	21	0	6887	32.3072455350661
A_NS	705	6932	G	25	0	6881	29.999709344572
A_NS	706	6929	G	26	0	6892	30.2771329077191
A_NS	707	6884	T	71	0	6839	30.79616903056
A_NS	708	6929	T	26	0	6880	30.4845930232558
A_NS	709	6937	A	18	0	6848	29.7667932242991
A_NS	710	6948	A	6	0	6879	29.7159470853322
A_NS	711	6935	T	17	0	6871	28.7608790569058
A_NS	712	6943	T	10	0	6868	30.4956319161328
A_NS	713	6916	G	37	0	6862	29.3245409501603
A_NS	714	6794	A	159	0	6750	30.6275555555556
A_NS	715	6914	A	37	0	6829	29.891052862791
A_NS	716	6911	G	37	0	6827	30.0609345246814
A_NS	717	6921	A	27	0	6855	30.9960612691466
A_NS	718	6910	G	38	0	6777	40.846392208942
A_NS	719	6921	A	26	0	6880	33.6616279069767
A_NS	720	6920	T	26	0	6888	30.4457026713124
A_NS	721	6858	A	88	0	6768	29.6207151300236
A_NS	722	6817	C	125	0	6704	29.7996718377088
A_NS	723	6902	G	39	0	6707	27.050395109587
A_NS	724	6909	A	32	0	6852	27.3026853473438
A_NS	725	6925	C	16	0	6892	27.4640162507255
A_NS	726	6936	A	4	0	6915	29.2895155459147
A_NS	727	6919	C	20	0	6884	45.6719930273097
A_NS	728	6911	A	24	0	6887	38.7525773195876
A_NS	729	6899	G	32	0	6836	30.5337916910474
A_NS	730	6874	A	55	0	6845	29.7384952520088
A_NS	731	6911	T	17	0	6883	29.8544239430481
A_NS	732	6920	T	6	0	6877	30.0450777955504
A_NS	733	6911	G	14	0	6872	29.2894353899884
A_NS	734	6847	A	78	0	6803	30.6999853006027
A_NS	735	6918	A	6	0	6894	31.8885987815492
A_NS	736	6913	A	11	0	6875	33.7301818181818
A_NS	737	6905	G	19	0	6876	33.9315008726003
A_NS	738	6906	C	18	0	6871	32.269247562218
A_NS	739	6904	G	16	0	6624	27.2795893719807
A_NS	740	6878	A	42	0	6852	26.1621424401635
A_NS	741	6889	C	30	0	6855	26.5527352297593
A_NS	742	6711	A	203	0	6641	26.9822315916278
A_NS	743	6705	G	205	0	6620	29.6235649546828
A_NS	744	6598	A	309	0	6523	28.4123869385252
A_NS	745	6838	A	67	0	6756	28.9891947898165
A_NS	746	6886	A	17	0	6814	30.0014675667743
A_NS	747	6885	A	18	0	6818	32.1328835435612
A_NS	748	6876	T	27	0	6804	30.5950911228689
A_NS	749	6877	A	24	0	6638	28.1256402530883
A_NS	750	6862	G	37	0	6715	26.5794489947878
A_NS	751	6834	T	65	0	6704	26.791915274463
A_NS	752	6853	T	46	0	6777	27.5710491367862
A_NS	753	6847	T	51	0	6805	31.5453343130051
A_NS	754	6729	C	169	0	6534	31.20584634221
A_NS	755	6796	G	100	0	6660	27.4418918918919
A_NS	756	6871	A	25	0	6847	27.3059734190156
A_NS	757	6868	G	27	0	6847	27.5523586972397
A_NS	758	6875	C	19	0	6856	29.6757584597433
A_NS	759	6847	A	44	0	6806	32.1763150161622
A_NS	760	6880	A	9	0	6843	32.193920794973
A_NS	761	6877	A	10	0	6832	32.7940573770492
A_NS	762	6873	T	12	0	6837	33.5054848617815
A_NS	763	6869	A	15	0	6819	32.7380847631618
A_NS	764	6870	A	14	0	6836	32.4204212990053
A_NS	765	6863	C	19	0	6829	32.7900131790892
A_NS	766	6846	A	34	0	6778	32.449837710239
A_NS	767	6829	T	48	0	6769	32.7714581178904
A_NS	768	6860	T	17	0	6827	32.1234802988135
A_NS	769	6861	T	13	0	6821	33.4148951766603
A_NS	770	6851	A	20	0	6790	32.4170839469809
A_NS	771	6851	T	19	0	6815	33.5982391782832
A_NS	772	6845	G	25	0	6810	32.4638766519824
A_NS	773	6804	C	65	0	6680	31.9429640718563
A_NS	774	6837	A	31	0	6800	31.6170588235294
A_NS	775	6861	A	7	0	6823	30.9056133665543
A_NS	776	6860	G	7	0	6829	31.2889149216576
A_NS	777	6826	C	39	0	6796	32.0482636845203
A_NS	778	6827	C	35	0	6780	30.7647492625369
A_NS	779	6791	T	71	0	6760	32.1329881656805
A_NS	780	6811	T	48	0	6743	33.5616194572149
A_NS	781	6785	A	72	0	6746	29.2804624962941
A_NS	782	6819	C	38	0	6765	31.9376201034738
A_NS	783	6826	A	30	0	6756	31.1113084665483
A_NS	784	6834	A	22	0	6790	31.2413843888071
A_NS	785	6833	C	23	0	6800	32.4957352941176
A_NS	786	6842	T	13	0	6759	32.1608226068945
A_NS	787	6829	A	25	0	6783	33.0804953560372
A_NS	788	6831	C	20	0	6735	32.6773570898293
A_NS	789	6830	T	20	0	6767	32.3203783064874
A_NS	790	6813	G	34	0	6745	32.6360266864344
A_NS	791	6819	C	27	0	6775	32.1132103321033
A_NS	792	6804	T	42	0	6766	33.4816730712385
A_NS	793	6836	T	9	0	6781	32.5941601533697
A_NS	794	6819	G	25	0	6761	31.5154562934477
A_NS	795	6815	A	29	0	6781	33.1247603598289
A_NS	796	6822	A	22	0	6769	34.1136061456641
A_NS	797	6808	G	35	0	6776	33.0571133412042
A_NS	798	6795	T	48	0	6732	31.9750445632799
A_NS	799	6729	A	114	0	6689	28.8893706084617
A_NS	800	6647	G	195	0	6590	27.2990895295903
A_NS	801	6744	A	96	0	6706	26.3467044437817
A_NS	802	6719	G	121	0	6684	26.9002094554159
A_NS	803	6742	C	98	0	6697	27.7206211736598
A_NS	804	6748	A	92	0	6712	26.6612038140644
A_NS	805	6750	A	90	0	6705	25.4222222222222
A_NS	806	6750	G	89	0	6713	24.9929986593177
A_NS	807	6808	A	31	0	6765	26.4784922394678
A_NS	808	6791	G	44	0	6728	36.9008620689655
A_NS	809	6804	A	28	0	6771	27.8719539211342
A_NS	810	6801	T	31	0	6774	25.5214053734869
A_NS	811	6697	A	134	0	6632	24.6394752714113
A_NS	812	6736	A	93	0	6704	23.7435859188544
A_NS	813	6694	G	131	0	6598	23.0648681418612
A_NS	814	6761	A	61	0	6697	24.4554278034941
A_NS	815	6762	G	60	0	6725	25.471375464684
A_NS	816	6792	C	30	0	6394	25.3999061620269
A_NS	817	6701	T	120	0	6659	26.042048355609
A_NS	818	6774	T	44	0	6716	27.3980047647409
A_NS	819	6780	T	37	0	6718	29.1210181601667
A_NS	820	6750	C	59	0	6653	26.8666766872088
A_NS	821	6780	T	27	0	6739	26.7987832022555
A_NS	822	6727	C	74	0	6335	23.4310970797159
A_NS	823	6781	G	16	0	6743	21.6633545899451
A_NS	824	6772	T	24	0	6731	22.1002822760362
A_NS	825	6791	T	5	0	6745	22.3897702001483
A_NS	826	6778	T	10	0	6743	29.1309506154531
A_NS	827	6750	C	27	0	6683	27.8135567858746
A_NS	828	6771	A	3	0	6749	26.7673729441399
A_NS	829	6760	G	7	0	6746	26.0444707975096
A_NS	830	6757	C	8	0	6723	26.1651048639
A_NS	831	6758	T	7	0	6739	26.6812583469357
A_NS	832	6758	T	2	0	6731	27.1715941167731
A_NS	833	6746	A	2	0	6702	25.8193076693524
A_NS	834	6738	T	0	0	6699	26.5888938647559
A_NS	835	6725	T	0	0	6715	25.8933730454207
A_NS	836	6653	T	0	0	6633	24.3548922056385
A_NS	837	6601	A	0	0	6601	24.3943341917891
A_NS	838	6565	A	0	0	6565	26.639603960396
