Reference_Name	Position	Coverage Depth	Consensus	Deletions	Ambiguous	Consensus_Count	Consensus_Average_Quality
A_PA	1	200	A	0	0	200	40.185
A_PA	2	200	T	0	0	200	39.585
A_PA	3	204	G	0	0	203	34.2364532019704
A_PA	4	208	G	0	0	208	34.2932692307692
A_PA	5	209	A	0	0	207	32.4782608695652
A_PA	6	209	A	0	0	209	36.622009569378
A_PA	7	208	G	1	0	205	32.8975609756098
A_PA	8	208	A	2	0	207	30.6376811594203
A_PA	9	210	C	0	0	204	26.4754901960784
A_PA	10	208	T	2	0	207	25.6183574879227
A_PA	11	210	T	1	0	207	28.1400966183575
A_PA	12	211	T	0	0	210	34.1619047619048
A_PA	13	208	G	3	0	207	27.1884057971014
A_PA	14	209	T	2	0	209	35.0191387559809
A_PA	15	209	G	2	0	209	32.9952153110048
A_PA	16	205	C	6	0	203	29.5418719211823
A_PA	17	209	G	2	0	207	29.1545893719807
A_PA	18	209	A	2	0	208	28.9903846153846
A_PA	19	209	C	2	0	209	28.5693779904306
A_PA	20	210	A	1	0	208	33.0192307692308
A_PA	21	211	A	0	0	210	33.5047619047619
A_PA	22	211	T	0	0	210	33.752380952381
A_PA	23	211	G	0	0	210	33.5761904761905
A_PA	24	211	C	0	0	210	34.9428571428571
A_PA	25	209	T	2	0	206	36.0970873786408
A_PA	26	210	T	1	0	209	33.1435406698565
A_PA	27	209	C	2	0	208	29.6923076923077
A_PA	28	210	A	1	0	209	26.244019138756
A_PA	29	210	A	1	0	209	26.4688995215311
A_PA	30	210	T	1	0	209	28.5167464114833
A_PA	31	209	C	2	0	209	32.7942583732057
A_PA	32	210	C	1	0	207	40.9033816425121
A_PA	33	210	A	1	0	209	37.3540669856459
A_PA	34	211	A	0	0	209	38.7942583732057
A_PA	35	211	T	0	0	211	39.2417061611374
A_PA	36	211	G	0	0	208	35.0240384615385
A_PA	37	211	A	0	0	210	37.4761904761905
A_PA	38	211	T	0	0	210	39.3238095238095
A_PA	39	211	C	0	0	202	33.1980198019802
A_PA	40	211	G	0	0	206	32.9514563106796
A_PA	41	211	T	0	0	211	30.4312796208531
A_PA	42	207	C	4	0	203	30.5911330049261
A_PA	43	210	G	1	0	201	29.3830845771144
A_PA	44	209	A	2	0	207	28.719806763285
A_PA	45	205	G	6	0	204	28.5441176470588
A_PA	46	210	C	1	0	205	29.1365853658537
A_PA	47	206	T	5	0	202	30.6930693069307
A_PA	48	206	T	5	0	205	31.0243902439024
A_PA	49	204	G	7	0	197	28.7766497461929
A_PA	50	210	C	1	0	205	32.4829268292683
A_PA	51	198	G	13	0	187	30.1497326203209
A_PA	52	205	G	6	0	204	28.6127450980392
A_PA	53	202	A	9	0	202	28.4356435643564
A_PA	54	209	A	2	0	209	29.2966507177034
A_PA	55	209	A	2	0	207	34.8164251207729
A_PA	56	211	A	0	0	206	43.9805825242718
A_PA	57	211	A	0	0	210	40.7666666666667
A_PA	58	210	G	1	0	210	35.0047619047619
A_PA	59	211	C	0	0	211	34.2938388625592
A_PA	60	211	A	0	0	208	29.7451923076923
A_PA	61	211	A	0	0	211	29.0094786729858
A_PA	62	211	T	0	0	210	29.5619047619048
A_PA	63	210	G	1	0	208	28.7548076923077
A_PA	64	210	A	1	0	207	33.6763285024155
A_PA	65	211	A	0	0	211	33.2654028436019
A_PA	66	210	A	1	0	209	36.2057416267943
A_PA	67	210	G	1	0	208	37.3269230769231
A_PA	68	201	A	10	0	197	38.9086294416244
A_PA	69	207	A	4	0	205	33.1951219512195
A_PA	70	207	T	4	0	197	28.9644670050761
A_PA	71	205	A	6	0	203	28.3300492610837
A_PA	72	205	T	6	0	205	34.8390243902439
A_PA	73	196	G	15	0	196	24.9030612244898
A_PA	74	211	G	0	0	210	27.2142857142857
A_PA	75	211	G	0	0	209	28.1244019138756
A_PA	76	211	G	0	0	208	36.125
A_PA	77	211	A	0	0	209	34.6315789473684
A_PA	78	211	A	0	0	211	36.7251184834123
A_PA	79	211	G	0	0	203	31.6256157635468
A_PA	80	201	A	10	0	195	29.225641025641
A_PA	81	192	C	19	0	190	27.1736842105263
A_PA	82	210	C	1	0	206	24.131067961165
A_PA	83	211	C	0	0	210	24.7333333333333
A_PA	84	211	C	0	0	206	26.3495145631068
A_PA	85	210	A	1	0	206	24.868932038835
A_PA	86	211	A	0	0	210	29.3333333333333
A_PA	87	211	A	0	0	211	30.8293838862559
A_PA	88	210	G	1	0	207	35.2463768115942
A_PA	89	209	T	2	0	208	43.0913461538462
A_PA	90	210	T	1	0	208	38.9086538461538
A_PA	91	210	G	1	0	207	36.280193236715
A_PA	92	210	A	1	0	209	36.2631578947368
A_PA	93	211	A	0	0	209	38.2631578947368
A_PA	94	211	A	0	0	208	48.8557692307692
A_PA	95	211	C	0	0	208	48.8076923076923
A_PA	96	211	T	0	0	209	38.0574162679426
A_PA	97	210	A	1	0	208	34.6009615384615
A_PA	98	211	A	0	0	208	36.0288461538462
A_PA	99	211	T	0	0	208	38.1394230769231
A_PA	100	211	A	0	0	211	36.0142180094787
A_PA	101	210	A	1	0	210	36.7666666666667
A_PA	102	210	G	1	0	208	34.5480769230769
A_PA	103	208	T	3	0	208	35.2211538461538
A_PA	104	209	T	2	0	208	38.3317307692308
A_PA	105	208	T	3	0	205	41.6926829268293
A_PA	106	209	G	2	0	208	36.2980769230769
A_PA	107	210	C	1	0	206	40.1893203883495
A_PA	108	211	T	0	0	208	36.9375
A_PA	109	211	G	0	0	208	34.6682692307692
A_PA	110	210	C	1	0	208	38.2259615384615
A_PA	111	210	A	1	0	210	35.1809523809524
A_PA	112	210	A	1	0	209	35.311004784689
A_PA	113	211	T	0	0	210	35.052380952381
A_PA	114	211	T	0	0	209	39.933014354067
A_PA	115	208	T	3	0	203	43.6699507389163
A_PA	116	206	G	5	0	203	37.615763546798
A_PA	117	210	C	1	0	205	40.4243902439024
A_PA	118	210	A	1	0	208	38.8221153846154
A_PA	119	208	C	3	0	206	41.8009708737864
A_PA	120	210	A	1	0	209	47.2057416267943
A_PA	121	209	C	2	0	209	68.0143540669856
A_PA	122	208	A	3	0	207	38.487922705314
A_PA	123	207	T	4	0	204	36.3039215686275
A_PA	124	211	T	0	0	208	35.2355769230769
A_PA	125	211	T	0	0	208	38.3028846153846
A_PA	126	210	G	1	0	209	35.8277511961723
A_PA	127	210	G	1	0	210	36.0238095238095
A_PA	128	209	A	2	0	208	34.8269230769231
A_PA	129	210	A	1	0	210	39.8571428571429
A_PA	130	211	G	0	0	211	38.5260663507109
A_PA	131	211	T	0	0	211	42.6255924170616
A_PA	132	211	T	0	0	211	36.8530805687204
A_PA	133	211	T	0	0	209	40.9425837320574
A_PA	134	211	G	0	0	209	34.7799043062201
A_PA	135	206	T	5	0	204	33.4803921568627
A_PA	136	209	T	2	0	208	33.0913461538462
A_PA	137	211	T	0	0	209	33.2775119617225
A_PA	138	211	C	0	0	207	29.0869565217391
A_PA	139	210	A	1	0	206	31.504854368932
A_PA	140	210	T	1	0	210	36.1428571428571
A_PA	141	210	G	1	0	208	32.8125
A_PA	142	211	T	0	0	209	34.488038277512
A_PA	143	211	A	0	0	207	29.6376811594203
A_PA	144	209	T	2	0	206	28.9514563106796
A_PA	145	211	T	0	0	208	29.3701923076923
A_PA	146	209	C	2	0	203	26.2118226600985
A_PA	147	211	G	0	0	207	27.8743961352657
A_PA	148	206	G	5	0	203	27.448275862069
A_PA	149	206	A	5	0	206	27.7135922330097
A_PA	150	198	T	13	0	197	33.8223350253807
A_PA	151	210	T	1	0	205	32.4146341463415
A_PA	152	211	T	0	0	210	40.8047619047619
A_PA	153	210	T	1	0	209	36.3923444976077
A_PA	154	209	C	2	0	208	31.7932692307692
A_PA	155	211	A	0	0	210	32.2190476190476
A_PA	156	210	T	1	0	207	33.2270531400966
A_PA	157	211	T	0	0	211	34.1990521327014
A_PA	158	211	T	0	0	209	33.0143540669856
A_PA	159	211	C	0	0	210	32.9285714285714
A_PA	160	211	A	0	0	210	30.3571428571429
A_PA	161	211	T	0	0	211	35.218009478673
A_PA	162	211	T	0	0	209	36.1722488038277
A_PA	163	211	G	0	0	208	33.3942307692308
A_PA	164	211	A	0	0	211	40.8578199052133
A_PA	165	211	T	0	0	209	42.555023923445
A_PA	166	210	G	1	0	208	33.6394230769231
A_PA	167	210	A	1	0	208	35.6730769230769
A_PA	168	210	A	1	0	210	35.5
A_PA	169	208	C	3	0	207	33.7584541062802
A_PA	170	206	G	5	0	205	32.209756097561
A_PA	171	210	G	1	0	209	31.6602870813397
A_PA	172	211	G	0	0	209	31.0191387559809
A_PA	173	210	G	1	0	208	38.8413461538462
A_PA	174	209	T	2	0	208	38.7932692307692
A_PA	175	209	G	2	0	207	34.0966183574879
A_PA	176	210	A	1	0	210	33.5428571428571
A_PA	177	211	A	0	0	211	33.3127962085308
A_PA	178	211	T	0	0	209	34.4928229665072
A_PA	179	211	C	0	0	206	32.4077669902913
A_PA	180	209	A	2	0	200	30.365
A_PA	181	209	A	2	0	208	29.3269230769231
A_PA	182	208	T	3	0	206	30.9466019417476
A_PA	183	211	A	0	0	202	30.1237623762376
A_PA	184	211	A	0	0	204	28.4803921568627
A_PA	185	211	T	0	0	208	30.0817307692308
A_PA	186	210	T	1	0	205	28.4487804878049
A_PA	187	209	A	2	0	203	28.0985221674877
A_PA	188	211	T	0	0	207	27.3574879227053
A_PA	189	202	A	9	0	201	24.4378109452736
A_PA	190	189	G	22	0	180	22.95
A_PA	191	208	A	3	0	199	21.8994974874372
A_PA	192	211	A	0	0	208	22.5576923076923
A_PA	193	211	T	0	0	209	22.1387559808612
A_PA	194	210	C	1	0	197	24.5888324873096
A_PA	195	211	T	0	0	209	27.7081339712919
A_PA	196	211	G	0	0	209	25.1483253588517
A_PA	197	211	G	0	0	209	25.5311004784689
A_PA	198	211	T	0	0	210	34.6952380952381
A_PA	199	210	G	1	0	201	30.4029850746269
A_PA	200	210	A	1	0	209	30.6411483253589
A_PA	201	210	C	1	0	209	27.5263157894737
A_PA	202	210	C	1	0	209	28.1913875598086
A_PA	203	210	C	1	0	208	30.5
A_PA	204	210	A	1	0	209	31.2105263157895
A_PA	205	211	A	0	0	210	34.9047619047619
A_PA	206	211	A	0	0	209	36.9473684210526
A_PA	207	197	T	0	0	195	39.7025641025641
A_PA	208	197	G	0	0	195	37.8615384615385
A_PA	209	197	C	0	0	195	35.2153846153846
A_PA	210	197	A	0	0	196	33.1683673469388
A_PA	211	197	C	0	0	196	33.6071428571429
A_PA	212	197	T	0	0	195	33.6410256410256
A_PA	213	197	A	0	0	197	33.4822335025381
A_PA	214	197	T	0	0	197	37.3045685279188
A_PA	215	197	T	0	0	189	33.9365079365079
A_PA	216	197	G	0	0	196	31.9744897959184
A_PA	217	196	A	1	0	196	36.6020408163265
A_PA	218	195	A	2	0	191	38.4450261780105
A_PA	219	195	G	2	0	194	41.3814432989691
A_PA	220	195	C	2	0	191	41.4921465968586
A_PA	221	196	A	1	0	195	36.5025641025641
A_PA	222	195	C	2	0	194	42.2164948453608
A_PA	223	196	C	1	0	192	33.1510416666667
A_PA	224	196	G	1	0	189	29.8835978835979
A_PA	225	196	A	1	0	196	29.0663265306122
A_PA	226	194	T	3	0	193	28.6373056994819
A_PA	227	196	T	1	0	194	28.9226804123711
A_PA	228	196	T	1	0	193	41.1243523316062
A_PA	229	195	G	2	0	195	32.5230769230769
A_PA	230	195	A	2	0	195	32.7179487179487
A_PA	231	196	G	1	0	195	34.1282051282051
A_PA	232	194	A	3	0	194	34.2835051546392
A_PA	233	196	T	1	0	191	36.5811518324607
A_PA	234	197	A	0	0	194	31.0515463917526
A_PA	235	197	A	0	0	196	32.0969387755102
A_PA	236	196	T	1	0	196	32.3316326530612
A_PA	237	197	T	0	0	195	34.625641025641
A_PA	238	194	G	3	0	193	30.720207253886
A_PA	239	189	A	8	0	186	32.1075268817204
A_PA	240	192	A	5	0	192	30.546875
A_PA	241	191	G	6	0	191	31.0575916230367
A_PA	242	193	G	4	0	193	28.1295336787565
A_PA	243	192	A	5	0	192	27.3541666666667
A_PA	244	195	A	2	0	194	26.6649484536082
A_PA	245	190	G	7	0	173	27.364161849711
A_PA	246	194	A	3	0	194	25.0103092783505
A_PA	247	196	G	1	0	188	29.5957446808511
A_PA	248	193	A	4	0	181	24.9613259668508
A_PA	249	193	C	4	0	187	24.4171122994652
A_PA	250	184	C	13	0	172	23.7906976744186
A_PA	251	181	G	16	0	169	23.5976331360947
A_PA	252	197	A	0	0	195	23.0564102564103
A_PA	253	197	A	0	0	193	22.4766839378238
A_PA	254	197	T	0	0	197	24.7868020304569
A_PA	255	197	C	0	0	196	30.2091836734694
A_PA	256	197	A	0	0	197	31.7766497461929
A_PA	257	197	T	0	0	197	34.3604060913706
A_PA	258	197	G	0	0	196	29.1938775510204
A_PA	259	197	G	0	0	197	30.4263959390863
A_PA	260	196	C	1	0	196	30.2908163265306
A_PA	261	196	C	1	0	196	29.6020408163265
A_PA	262	196	T	1	0	196	33.9081632653061
A_PA	263	196	G	1	0	196	33.3775510204082
A_PA	264	196	G	1	0	196	36.0765306122449
A_PA	265	197	A	0	0	195	35.3948717948718
A_PA	266	197	C	0	0	197	36.9187817258883
A_PA	267	196	A	1	0	195	33.2820512820513
A_PA	268	196	G	1	0	195	32.0102564102564
A_PA	269	196	T	1	0	196	33.2448979591837
A_PA	270	197	G	0	0	196	30.6173469387755
A_PA	271	197	G	0	0	197	34.1827411167513
A_PA	272	197	T	0	0	196	34.3010204081633
A_PA	273	197	G	0	0	194	33.979381443299
A_PA	274	197	A	0	0	197	35.6548223350254
A_PA	275	197	A	0	0	196	36.9132653061224
A_PA	276	197	C	0	0	196	37.5867346938776
A_PA	277	197	A	0	0	197	39.5685279187817
A_PA	278	197	G	0	0	196	38.4183673469388
A_PA	279	196	T	1	0	195	36.548717948718
A_PA	280	196	A	1	0	195	34.548717948718
A_PA	281	196	T	1	0	195	35.4307692307692
A_PA	282	196	A	1	0	196	38.1479591836735
A_PA	283	195	T	2	0	195	39.0205128205128
A_PA	284	197	G	0	0	195	32.8
A_PA	285	197	T	0	0	197	33.1370558375635
A_PA	286	197	A	0	0	197	31.2944162436548
A_PA	287	197	A	0	0	196	31.6734693877551
A_PA	288	197	C	0	0	197	32.3451776649746
A_PA	289	197	A	0	0	196	32.9591836734694
A_PA	290	197	C	0	0	196	49.8265306122449
A_PA	291	197	A	0	0	197	33.005076142132
A_PA	292	197	A	0	0	197	30.8121827411168
A_PA	293	196	C	1	0	196	33.2091836734694
A_PA	294	194	A	3	0	193	29.9170984455959
A_PA	295	195	G	2	0	195	34.6102564102564
A_PA	296	197	G	0	0	196	33.015306122449
A_PA	297	197	G	0	0	197	31.4111675126904
A_PA	298	197	A	0	0	197	37.8883248730964
A_PA	299	197	T	0	0	197	32.1776649746193
A_PA	300	179	A	18	0	175	25.5485714285714
A_PA	301	194	G	3	0	192	23.1614583333333
A_PA	302	195	A	2	0	192	23.0104166666667
A_PA	303	197	G	0	0	196	32.030612244898
A_PA	304	194	A	3	0	193	42.9844559585492
A_PA	305	195	A	2	0	195	31.2153846153846
A_PA	306	194	G	3	0	191	29.1727748691099
A_PA	307	195	C	2	0	195	30.0307692307692
A_PA	308	193	C	4	0	187	29.8983957219251
A_PA	309	193	T	3	0	190	31.1052631578947
A_PA	310	193	A	3	0	188	29.7712765957447
A_PA	311	194	A	2	0	192	29.9166666666667
A_PA	312	196	A	0	0	194	32.8247422680412
A_PA	313	195	T	1	0	189	39.3068783068783
A_PA	314	194	T	2	0	189	40.8571428571429
A_PA	315	194	T	2	0	192	39.9375
A_PA	316	194	C	2	0	194	36.4432989690722
A_PA	317	195	T	1	0	192	40.09375
A_PA	318	194	T	2	0	193	35.3471502590674
A_PA	319	189	C	7	0	189	33.1798941798942
A_PA	320	192	C	4	0	192	38.3229166666667
A_PA	321	195	T	0	0	191	36.0523560209424
A_PA	322	194	G	1	0	191	33.455497382199
A_PA	323	195	A	0	0	194	35.3762886597938
A_PA	324	193	T	2	0	192	36.4635416666667
A_PA	325	195	T	0	0	195	36.451282051282
A_PA	326	195	T	0	0	193	39.3626943005181
A_PA	327	195	G	0	0	193	34.6062176165803
A_PA	328	195	T	0	0	193	35.0466321243523
A_PA	329	195	A	0	0	194	30.319587628866
A_PA	330	195	T	0	0	193	31.7823834196891
A_PA	331	195	G	0	0	194	30.5927835051546
A_PA	332	195	A	0	0	193	30.9689119170984
A_PA	333	193	T	2	0	190	32.1315789473684
A_PA	334	195	T	0	0	193	30.5440414507772
A_PA	335	193	A	2	0	191	28.130890052356
A_PA	336	194	C	1	0	192	28.6822916666667
A_PA	337	188	A	7	0	186	26.4408602150538
A_PA	338	191	A	4	0	191	26.9267015706806
A_PA	339	192	A	3	0	192	26.2447916666667
A_PA	340	193	G	2	0	188	30.1117021276596
A_PA	341	195	A	0	0	194	31.2577319587629
A_PA	342	195	G	0	0	190	43.5947368421053
A_PA	343	193	A	2	0	193	35.720207253886
A_PA	344	195	A	0	0	192	30.46875
A_PA	345	194	C	0	0	193	29.559585492228
A_PA	346	193	C	0	0	189	29.1851851851852
A_PA	347	192	G	1	0	191	26.303664921466
A_PA	348	193	G	0	0	193	27.1709844559585
A_PA	349	193	T	0	0	192	27.28125
A_PA	350	193	T	0	0	193	28.6165803108808
A_PA	351	192	C	0	0	185	29.4972972972973
A_PA	352	192	A	0	0	192	29.4635416666667
A_PA	353	192	T	0	0	192	28.484375
A_PA	354	192	T	0	0	190	28.9947368421053
A_PA	355	192	G	0	0	192	28.5677083333333
A_PA	356	192	A	0	0	192	29.296875
A_PA	357	151	A	0	0	151	30.7019867549669
A_PA	358	151	A	0	0	151	32.6622516556291
A_PA	359	151	T	0	0	151	35.5629139072848
A_PA	360	126	T	0	0	125	32.792
A_PA	361	124	G	2	0	124	28.8548387096774
A_PA	362	124	G	0	0	122	29.4180327868852
A_PA	363	124	A	0	0	124	30.2177419354839
A_PA	364	124	G	0	0	120	29.7833333333333
A_PA	365	123	T	1	0	119	28.4285714285714
A_PA	366	124	A	0	0	124	27.8145161290323
A_PA	367	123	A	1	0	119	28.5042016806723
A_PA	368	123	C	1	0	122	29.5
A_PA	369	124	A	0	0	124	28.6532258064516
A_PA	370	123	C	1	0	120	30.0833333333333
A_PA	371	121	G	3	0	118	21.7033898305085
A_PA	372	124	G	0	0	119	21.3949579831933
A_PA	373	124	A	0	0	124	22.6451612903226
A_PA	374	121	G	3	0	115	25.4434782608696
A_PA	375	123	G	1	0	123	29.1463414634146
A_PA	376	119	G	0	0	119	28.0336134453782
A_PA	377	119	A	0	0	118	25.9915254237288
A_PA	378	113	A	0	0	113	34.0442477876106
A_PA	379	113	G	0	0	112	29.3482142857143
A_PA	380	113	T	0	0	112	27.5446428571429
A_PA	381	113	C	0	0	113	28.8053097345133
A_PA	382	112	C	0	0	112	28.6517857142857
A_PA	383	111	A	1	0	110	27.6272727272727
A_PA	384	110	C	2	0	110	29.4909090909091
A_PA	385	108	A	4	0	107	30.3364485981308
A_PA	386	108	T	4	0	105	32.5619047619048
A_PA	387	111	A	1	0	111	31.2522522522523
A_PA	388	111	T	1	0	108	41.8981481481481
A_PA	389	110	A	2	0	108	56.4351851851852
A_PA	390	112	T	0	0	110	46.3454545454545
A_PA	391	111	T	1	0	109	28.697247706422
A_PA	392	111	A	1	0	111	26.5765765765766
A_PA	393	112	C	0	0	112	27.4910714285714
A_PA	394	112	C	0	0	110	27.1818181818182
A_PA	395	111	T	1	0	108	27.0555555555556
A_PA	396	110	A	2	0	109	24.9908256880734
A_PA	397	107	G	5	0	105	24.0857142857143
A_PA	398	110	A	2	0	110	25.4454545454545
A_PA	399	109	G	3	0	106	37.8490566037736
A_PA	400	112	A	0	0	110	39.8545454545455
A_PA	401	112	A	0	0	112	29.3035714285714
A_PA	402	112	A	0	0	112	30.4375
A_PA	403	93	G	0	0	90	30.1888888888889
A_PA	404	93	C	0	0	92	30.1521739130435
A_PA	405	93	C	0	0	92	27.4347826086957
A_PA	406	90	A	1	0	88	27.7727272727273
A_PA	407	91	A	0	0	91	30.4615384615385
A_PA	408	91	C	0	0	91	29.010989010989
A_PA	409	91	A	0	0	91	27.4285714285714
A_PA	410	91	A	0	0	91	27.4945054945055
A_PA	411	91	A	0	0	91	29.6153846153846
A_PA	412	91	A	0	0	91	33.8131868131868
A_PA	413	91	T	0	0	91	30.5934065934066
A_PA	414	88	A	3	0	88	29.2840909090909
A_PA	415	90	A	1	0	90	30.3222222222222
A_PA	416	90	A	1	0	90	30.6111111111111
A_PA	417	90	A	1	0	90	32.0333333333333
A_PA	418	90	T	1	0	89	32.561797752809
A_PA	419	90	C	1	0	90	26
A_PA	420	91	T	0	0	91	26.1978021978022
A_PA	421	90	G	1	0	88	22.8181818181818
A_PA	422	91	A	0	0	91	22.0659340659341
A_PA	423	90	G	1	0	89	25.438202247191
A_PA	424	90	A	1	0	89	26.5168539325843
A_PA	425	90	A	1	0	89	25.8202247191011
A_PA	426	90	G	1	0	88	26.3181818181818
A_PA	427	87	A	4	0	85	27.2588235294118
A_PA	428	88	C	3	0	87	26.7701149425287
A_PA	429	90	A	1	0	90	25.4111111111111
A_PA	430	91	C	0	0	90	33.6555555555556
A_PA	431	91	A	0	0	90	41.7666666666667
A_PA	432	83	C	0	0	83	55.3132530120482
A_PA	433	82	A	1	0	80	29.925
A_PA	434	82	T	1	0	81	25.7777777777778
A_PA	435	83	T	0	0	83	26.1927710843373
A_PA	436	83	C	0	0	82	24.0853658536585
A_PA	437	83	A	0	0	82	25.280487804878
A_PA	438	83	C	0	0	83	26.6265060240964
A_PA	439	83	A	0	0	83	25.3493975903614
A_PA	440	83	T	0	0	82	25.7560975609756
A_PA	441	83	C	0	0	81	22.9259259259259
A_PA	442	61	T	22	0	59	26.1864406779661
A_PA	443	72	T	11	0	72	23.1388888888889
A_PA	444	83	T	0	0	79	22.4556962025316
A_PA	445	82	T	1	0	80	22.375
A_PA	446	82	C	1	0	80	22.5375
A_PA	447	82	A	1	0	80	23.975
A_PA	448	80	T	3	0	79	24.4683544303797
A_PA	449	82	T	1	0	80	26.4
A_PA	450	82	C	1	0	80	27.35
A_PA	451	83	A	0	0	81	26.0493827160494
A_PA	452	82	C	1	0	82	26.109756097561
A_PA	453	83	T	0	0	83	27.2409638554217
A_PA	454	80	G	3	0	79	24.5189873417722
A_PA	455	80	G	3	0	80	24.5125
A_PA	456	80	A	3	0	80	25.45
A_PA	457	80	G	3	0	78	26.5
A_PA	458	77	A	6	0	77	31.5974025974026
A_PA	459	82	G	1	0	82	26.0243902439024
A_PA	460	82	G	1	0	81	22.8024691358025
A_PA	461	80	A	1	0	78	23.9102564102564
A_PA	462	80	G	0	0	75	22.7733333333333
A_PA	463	49	N	25	0	47	25.4042553191489
A_PA	464	49	N	25	0	46	25.7826086956522
A_PA	465	72	G	2	0	69	25.6521739130435
A_PA	466	72	G	2	0	72	25.7638888888889
A_PA	467	72	C	2	0	72	26.1944444444444
A_PA	468	73	C	1	0	70	26.5142857142857
A_PA	469	73	N	1	0	48	25.7708333333333
A_PA	470	73	C	1	0	73	23.3013698630137
A_PA	471	72	C	2	0	72	22.8472222222222
A_PA	472	70	A	2	0	70	20.8857142857143
A_PA	473	71	A	1	0	71	22.2816901408451
A_PA	474	71	A	1	0	71	22.830985915493
A_PA	475	47	N	1	0	47	28.3404255319149
A_PA	476	46	N	2	0	45	25.8444444444444
A_PA	477	46	N	2	0	46	21.4130434782609
A_PA	478	46	N	1	0	46	21.8913043478261
A_PA	479	46	N	1	0	46	23.8478260869565
A_PA	480	47	N	0	0	47	25.3617021276596
A_PA	481	47	N	0	0	46	27.5652173913043
A_PA	482	46	N	1	0	46	25.5434782608696
A_PA	483	46	N	1	0	46	29.1304347826087
A_PA	484	47	N	0	0	47	25.3191489361702
A_PA	485	45	N	2	0	44	27.9545454545455
A_PA	486	47	N	0	0	47	27.6595744680851
A_PA	487	47	N	0	0	47	25.2127659574468
A_PA	488	47	N	0	0	47	32.936170212766
A_PA	489	47	N	0	0	45	31.5333333333333
A_PA	490	47	N	0	0	46	23.6086956521739
A_PA	491	47	N	0	0	47	24.1702127659574
A_PA	492	46	N	1	0	44	27.3636363636364
A_PA	493	47	N	0	0	47	23.9574468085106
A_PA	494	46	N	1	0	46	25.1304347826087
A_PA	495	47	N	0	0	46	25.0217391304348
A_PA	496	47	N	0	0	47	27.1489361702128
A_PA	497	47	N	0	0	47	31.1702127659574
A_PA	498	47	N	0	0	46	31.2608695652174
A_PA	499	47	N	0	0	47	31.0425531914894
A_PA	500	47	N	0	0	47	28.0425531914894
A_PA	501	47	N	0	0	46	29.9782608695652
A_PA	502	47	N	0	0	47	26.1702127659574
A_PA	503	45	N	1	0	45	22.5333333333333
A_PA	504	45	N	0	0	44	22.8636363636364
A_PA	505	45	N	0	0	45	26.2444444444444
A_PA	506	45	N	0	0	45	26.3555555555556
A_PA	507	43	N	2	0	43	25.7906976744186
A_PA	508	43	N	2	0	43	25.6511627906977
A_PA	509	44	N	1	0	44	23.3863636363636
A_PA	510	45	N	0	0	44	24.5
A_PA	511	45	N	0	0	45	27.8
A_PA	512	45	N	0	0	43	25.3953488372093
A_PA	513	45	N	0	0	44	25.3636363636364
A_PA	514	45	N	0	0	45	27.0888888888889
A_PA	515	45	N	0	0	45	25.1111111111111
A_PA	516	45	N	0	0	45	31.2444444444444
A_PA	517	45	N	0	0	45	32.6666666666667
A_PA	518	45	N	0	0	45	28.4
A_PA	519	45	N	0	0	45	26.9333333333333
A_PA	520	45	N	0	0	45	27.0222222222222
A_PA	521	44	N	1	0	44	24.75
A_PA	522	45	N	0	0	45	26.1333333333333
A_PA	523	45	N	0	0	45	28.5555555555556
A_PA	524	45	N	0	0	45	27.2666666666667
A_PA	525	45	N	0	0	45	30.3333333333333
A_PA	526	45	N	0	0	44	34.7727272727273
A_PA	527	45	N	0	0	45	28.3555555555556
A_PA	528	45	N	0	0	45	28.8666666666667
A_PA	529	45	N	0	0	45	27.8
A_PA	530	45	N	0	0	45	29.9555555555556
A_PA	531	45	N	0	0	44	31.2727272727273
A_PA	532	45	N	0	0	45	27.7777777777778
A_PA	533	41	N	4	0	41	29.780487804878
A_PA	534	41	N	4	0	41	25.9268292682927
A_PA	535	41	N	4	0	40	23.7
A_PA	536	41	N	4	0	40	21.525
A_PA	537	39	N	6	0	39	21.8461538461538
A_PA	538	39	N	6	0	34	22.3823529411765
A_PA	539	37	N	8	0	37	23.2702702702703
A_PA	540	38	N	7	0	34	24.7941176470588
A_PA	541	44	N	1	0	44	21.4772727272727
A_PA	542	45	N	0	0	45	22.6444444444444
A_PA	543	45	N	0	0	45	23.4444444444444
A_PA	544	45	N	0	0	45	24.5111111111111
A_PA	545	45	N	0	0	45	25.2888888888889
A_PA	546	40	N	0	0	40	23.475
A_PA	547	39	N	0	0	39	23.2820512820513
A_PA	548	35	N	0	0	35	25.5142857142857
A_PA	549	35	N	0	0	34	26.4411764705882
A_PA	550	35	N	0	0	34	25.2941176470588
A_PA	551	35	N	0	0	34	25.5294117647059
A_PA	552	34	N	1	0	34	24.9117647058824
A_PA	553	35	N	0	0	35	22.1142857142857
A_PA	554	34	N	1	0	34	21.5882352941176
A_PA	555	35	N	0	0	35	21.5428571428571
A_PA	556	35	N	0	0	35	23.0571428571429
A_PA	557	33	N	0	0	33	23.7575757575758
A_PA	558	33	N	0	0	32	23.46875
A_PA	559	32	N	1	0	31	22
A_PA	560	32	N	1	0	32	22.15625
A_PA	561	33	N	0	0	33	21.9393939393939
A_PA	562	33	N	0	0	33	21.7575757575758
A_PA	563	30	N	3	0	29	20.7931034482759
A_PA	564	33	N	0	0	33	19.3636363636364
A_PA	565	33	N	0	0	32	20.375
A_PA	566	33	N	0	0	33	23.3939393939394
A_PA	567	33	N	0	0	33	23.0909090909091
A_PA	568	33	N	0	0	32	26.53125
A_PA	569	32	N	1	0	31	23.5483870967742
A_PA	570	33	N	0	0	32	22.3125
A_PA	571	30	N	3	0	29	26.7931034482759
A_PA	572	32	N	1	0	32	22.4375
A_PA	573	33	N	0	0	31	23.5483870967742
A_PA	574	33	N	0	0	31	18.4193548387097
A_PA	575	33	N	0	0	33	18.0909090909091
A_PA	576	33	N	0	0	33	20.7575757575758
A_PA	577	33	N	0	0	31	17.4838709677419
A_PA	578	32	N	1	0	31	18.1935483870968
A_PA	579	33	N	0	0	33	17.4848484848485
A_PA	580	33	N	0	0	33	17.6666666666667
A_PA	581	33	N	0	0	33	19.1212121212121
A_PA	582	33	N	0	0	33	21.7878787878788
A_PA	583	29	N	4	0	29	19.1724137931034
A_PA	584	32	N	1	0	32	20.90625
A_PA	585	33	N	0	0	32	19.34375
A_PA	586	33	N	0	0	33	19.5757575757576
A_PA	587	33	N	0	0	33	23.5757575757576
A_PA	588	33	N	0	0	32	23.71875
A_PA	589	33	N	0	0	33	22.4545454545455
A_PA	590	26	N	0	0	26	26.5
A_PA	591	26	N	0	0	25	25.68
A_PA	592	23	N	3	0	23	25.6086956521739
A_PA	593	24	N	2	0	23	28.6521739130435
A_PA	594	25	N	1	0	25	26.6
A_PA	595	26	N	0	0	26	26.3076923076923
A_PA	596	24	N	2	0	24	26.9583333333333
A_PA	597	26	N	0	0	26	31.6923076923077
A_PA	598	26	N	0	0	26	34.6153846153846
A_PA	599	26	N	0	0	26	35.6538461538462
A_PA	600	26	N	0	0	26	25.8076923076923
A_PA	601	26	N	0	0	25	25.04
A_PA	602	26	N	0	0	24	26.4166666666667
A_PA	603	26	N	0	0	26	25.3461538461538
A_PA	604	21	N	0	0	20	28.2
A_PA	605	21	N	0	0	21	28.4761904761905
A_PA	606	21	N	0	0	21	32.8095238095238
A_PA	607	21	N	0	0	20	33.05
A_PA	608	21	N	0	0	21	34.4285714285714
A_PA	609	21	N	0	0	21	39.9523809523809
A_PA	610	21	N	0	0	21	32.5238095238095
A_PA	611	21	N	0	0	21	34.5714285714286
A_PA	612	21	N	0	0	21	30.4285714285714
A_PA	613	21	N	0	0	21	32.8571428571429
A_PA	614	21	N	0	0	21	32.0476190476191
A_PA	615	21	N	0	0	21	31.1428571428571
A_PA	616	20	N	1	0	20	30.6
A_PA	617	21	N	0	0	21	30.1428571428571
A_PA	618	21	N	0	0	21	31.1904761904762
A_PA	619	21	N	0	0	21	36.5714285714286
A_PA	620	21	N	0	0	20	35.5
A_PA	621	21	N	0	0	21	30.047619047619
A_PA	622	21	N	0	0	21	23.3809523809524
A_PA	623	21	N	0	0	21	22.3809523809524
A_PA	624	19	N	2	0	19	21.4210526315789
A_PA	625	20	N	1	0	20	19.75
A_PA	626	21	N	0	0	20	23.95
A_PA	627	21	N	0	0	21	22.047619047619
A_PA	628	21	N	0	0	21	24.952380952381
A_PA	629	20	N	1	0	20	23.2
A_PA	630	21	N	0	0	21	22.6190476190476
A_PA	631	16	N	5	0	16	26.375
A_PA	632	17	N	4	0	16	23.125
A_PA	633	16	N	5	0	16	25.125
A_PA	634	16	N	5	0	15	23.9333333333333
A_PA	635	16	N	5	0	15	24.4
A_PA	636	16	N	5	0	16	24.8125
A_PA	637	17	N	4	0	16	24.875
A_PA	638	16	N	5	0	16	24.75
A_PA	639	17	N	4	0	17	28.3529411764706
A_PA	640	17	N	4	0	16	25.3125
A_PA	641	18	N	3	0	18	25.6666666666667
A_PA	642	18	N	3	0	18	25.9444444444444
A_PA	643	17	N	4	0	17	23.9411764705882
A_PA	644	16	N	5	0	16	23.75
A_PA	645	16	N	5	0	16	21.9375
A_PA	646	16	N	5	0	14	17.7857142857143
A_PA	647	16	N	5	0	16	18.3125
A_PA	648	16	N	5	0	16	19.625
A_PA	649	18	N	3	0	15	22.7333333333333
A_PA	650	18	N	3	0	17	22
A_PA	651	18	N	3	0	16	24.9375
A_PA	652	18	N	3	0	17	28.6470588235294
A_PA	653	18	N	3	0	16	28.25
A_PA	654	17	N	4	0	16	29.5625
A_PA	655	15	N	6	0	15	25.8666666666667
A_PA	656	15	N	6	0	15	26
A_PA	657	14	N	7	0	14	21.7857142857143
A_PA	658	16	N	5	0	15	22.4
A_PA	659	17	N	4	0	16	20.375
A_PA	660	17	N	4	0	17	17.1764705882353
A_PA	661	17	N	4	0	16	19.3125
A_PA	662	18	N	3	0	16	20.375
A_PA	663	18	N	3	0	16	18.5625
A_PA	664	18	N	3	0	18	21.5555555555556
A_PA	665	18	N	3	0	18	23.5
A_PA	666	18	N	3	0	16	22.4375
A_PA	667	18	N	3	0	16	23.625
A_PA	668	18	N	3	0	17	24.6470588235294
A_PA	669	18	N	3	0	18	23.5
A_PA	670	17	N	4	0	17	25.4705882352941
A_PA	671	18	N	3	0	17	26.5294117647059
A_PA	672	18	N	3	0	18	24
A_PA	673	18	N	3	0	18	31.1666666666667
A_PA	674	16	N	5	0	16	26.25
A_PA	675	16	N	5	0	16	26.125
A_PA	676	16	N	5	0	16	25.125
A_PA	677	18	N	3	0	18	24.3888888888889
A_PA	678	18	N	3	0	18	23.5
A_PA	679	18	N	3	0	18	20.7777777777778
A_PA	680	17	N	4	0	17	19.4117647058824
A_PA	681	17	N	4	0	16	25.75
A_PA	682	17	N	4	0	17	25
A_PA	683	17	N	4	0	16	25.6875
A_PA	684	16	N	5	0	16	27
A_PA	685	17	N	4	0	16	26.5625
A_PA	686	17	N	4	0	17	22.2352941176471
A_PA	687	17	N	4	0	16	22.25
A_PA	688	17	N	4	0	17	21.4705882352941
A_PA	689	17	N	4	0	17	21
A_PA	690	17	N	4	0	16	21.3125
A_PA	691	17	N	4	0	16	21.0625
A_PA	692	17	N	4	0	17	18.9411764705882
A_PA	693	17	N	4	0	17	20.2941176470588
A_PA	694	16	N	5	0	15	20.8666666666667
A_PA	695	17	N	4	0	17	19.9411764705882
A_PA	696	17	N	4	0	17	19.7647058823529
A_PA	697	17	N	4	0	17	20.1764705882353
A_PA	698	17	N	4	0	17	18.7647058823529
A_PA	699	17	N	4	0	17	17.8235294117647
A_PA	700	16	N	5	0	16	17.25
A_PA	701	16	N	5	0	16	17.5
A_PA	702	16	N	5	0	16	19
A_PA	703	16	N	5	0	15	20
A_PA	704	17	N	4	0	15	19.9333333333333
A_PA	705	17	N	4	0	16	19.625
A_PA	706	17	N	4	0	17	22.8823529411765
A_PA	707	17	N	4	0	17	19.7647058823529
A_PA	708	16	N	5	0	16	18.625
A_PA	709	13	N	8	0	12	17.4166666666667
A_PA	710	16	N	5	0	16	16.0625
A_PA	711	16	N	5	0	16	16.375
A_PA	712	17	N	4	0	16	17.5625
A_PA	713	18	N	3	0	17	18.1764705882353
A_PA	714	18	N	3	0	16	16.5625
A_PA	715	17	N	4	0	17	16.5294117647059
A_PA	716	17	N	4	0	17	17.0588235294118
A_PA	717	17	N	4	0	17	17.2941176470588
A_PA	718	16	N	5	0	14	18.1428571428571
A_PA	719	16	N	5	0	16	17.25
A_PA	720	16	N	5	0	16	20.3125
A_PA	721	16	N	5	0	15	17.4666666666667
A_PA	722	15	N	6	0	15	21.4
A_PA	723	16	N	5	0	16	18.875
A_PA	724	16	N	5	0	15	16.2666666666667
A_PA	725	17	N	4	0	16	15.1875
A_PA	726	17	N	4	0	17	14.3529411764706
A_PA	727	16	N	5	0	16	13.6875
A_PA	728	16	N	5	0	16	14.9375
A_PA	729	16	N	5	0	16	16.5
A_PA	730	16	N	5	0	16	18.1875
A_PA	731	16	N	5	0	16	19.375
A_PA	732	16	N	5	0	16	18.8125
A_PA	733	16	N	5	0	15	19.6666666666667
A_PA	734	16	N	5	0	16	18.9375
A_PA	735	16	N	5	0	16	18.625
A_PA	736	16	N	5	0	15	19.6
A_PA	737	14	N	7	0	14	20.7857142857143
A_PA	738	15	N	6	0	15	19.8
A_PA	739	16	N	5	0	15	18.4666666666667
A_PA	740	16	N	5	0	16	17.125
A_PA	741	16	N	5	0	16	18.0625
A_PA	742	16	N	5	0	16	20.875
A_PA	743	16	N	5	0	15	21.1333333333333
A_PA	744	16	N	5	0	16	20.625
A_PA	745	17	N	4	0	17	19.8235294117647
A_PA	746	18	N	3	0	18	20.2777777777778
A_PA	747	18	N	3	0	18	20.5555555555556
A_PA	748	18	N	3	0	18	22.0555555555556
A_PA	749	16	N	5	0	16	18.9375
A_PA	750	15	N	6	0	15	18.6666666666667
A_PA	751	16	N	5	0	16	19.0625
A_PA	752	16	N	5	0	16	24.625
A_PA	753	16	N	5	0	16	25.1875
A_PA	754	16	N	5	0	16	23.375
A_PA	755	17	N	4	0	17	21.4117647058824
A_PA	756	18	N	3	0	18	20.9444444444444
A_PA	757	18	N	3	0	18	19.1666666666667
A_PA	758	18	N	3	0	18	19.1666666666667
A_PA	759	17	N	4	0	17	19.5882352941176
A_PA	760	17	N	4	0	17	22.7647058823529
A_PA	761	17	N	4	0	17	23.8235294117647
A_PA	762	16	N	5	0	16	23
A_PA	763	16	N	5	0	15	17.8
A_PA	764	16	N	5	0	16	20.625
A_PA	765	16	N	5	0	16	17.1875
A_PA	766	16	N	5	0	16	18
A_PA	767	16	N	5	0	16	20.4375
A_PA	768	16	N	5	0	16	30.0625
A_PA	769	17	N	4	0	17	21.6470588235294
A_PA	770	17	N	4	0	17	22.5882352941176
A_PA	771	17	N	4	0	15	24.2
A_PA	772	17	N	4	0	16	19.125
A_PA	773	17	N	4	0	17	24.6470588235294
A_PA	774	16	N	5	0	16	19.0625
A_PA	775	16	N	5	0	16	23.0625
A_PA	776	16	N	5	0	16	22.1875
A_PA	777	17	N	4	0	15	20.2
A_PA	778	17	N	4	0	17	22.4705882352941
A_PA	779	17	N	4	0	17	22.7647058823529
A_PA	780	17	N	4	0	17	20.2352941176471
A_PA	781	17	N	4	0	17	25.8823529411765
A_PA	782	16	N	5	0	16	24
A_PA	783	16	N	5	0	16	21.25
A_PA	784	16	N	5	0	16	20.5
A_PA	785	16	N	5	0	16	21.375
A_PA	786	16	N	5	0	16	24.125
A_PA	787	16	N	5	0	16	21
A_PA	788	16	N	5	0	15	26.2
A_PA	789	16	N	5	0	16	16.6875
A_PA	790	16	N	5	0	16	17
A_PA	791	16	N	5	0	16	17.6875
A_PA	792	15	N	6	0	14	18.7142857142857
A_PA	793	16	N	5	0	16	19.1875
A_PA	794	16	N	5	0	16	19.875
A_PA	795	16	N	5	0	16	17.75
A_PA	796	16	N	5	0	16	18.9375
A_PA	797	16	N	5	0	16	17.375
A_PA	798	15	N	6	0	15	17.6666666666667
A_PA	799	16	N	5	0	16	17.375
A_PA	800	17	N	4	0	17	16.6470588235294
A_PA	801	17	N	4	0	16	17.25
A_PA	802	17	N	4	0	17	21.4705882352941
A_PA	803	17	N	4	0	17	20.9411764705882
A_PA	804	17	N	4	0	17	20.1176470588235
A_PA	805	17	N	4	0	17	18.7647058823529
A_PA	806	16	N	5	0	16	20.25
A_PA	807	16	N	5	0	16	18.3125
A_PA	808	16	N	5	0	16	17.9375
A_PA	809	16	N	5	0	16	17.5
A_PA	810	16	N	5	0	16	15
A_PA	811	16	N	5	0	16	16.0625
A_PA	812	17	N	4	0	17	16.8823529411765
A_PA	813	17	N	4	0	17	19.1176470588235
A_PA	814	17	N	4	0	17	20.9411764705882
A_PA	815	17	N	4	0	17	19.4705882352941
A_PA	816	17	N	4	0	17	19.1764705882353
A_PA	817	16	N	5	0	16	17.75
A_PA	818	16	N	5	0	16	17.3125
A_PA	819	16	N	5	0	16	17.6875
A_PA	820	16	N	5	0	16	18.125
A_PA	821	16	N	5	0	16	18.25
A_PA	822	16	N	5	0	16	18.125
A_PA	823	17	N	4	0	17	16.7647058823529
A_PA	824	15	N	6	0	15	17.8
A_PA	825	16	N	5	0	16	16.5625
A_PA	826	16	N	5	0	16	17.8125
A_PA	827	16	N	5	0	16	16.625
A_PA	828	17	N	4	0	17	17.8235294117647
A_PA	829	17	N	4	0	17	17.8235294117647
A_PA	830	17	N	4	0	17	15.5882352941176
A_PA	831	16	N	5	0	16	15.1875
A_PA	832	16	N	5	0	16	14.9375
A_PA	833	17	N	4	0	17	14.7058823529412
A_PA	834	17	N	4	0	17	15.1176470588235
A_PA	835	17	N	4	0	17	16.7647058823529
A_PA	836	16	N	5	0	16	16.75
A_PA	837	16	N	5	0	16	16.625
A_PA	838	16	N	5	0	16	16.1875
A_PA	839	15	N	6	0	12	14.8333333333333
A_PA	840	17	N	4	0	15	13.8
A_PA	841	17	N	4	0	17	13.7058823529412
A_PA	842	17	N	4	0	17	14.4117647058824
A_PA	843	17	N	4	0	17	14.9411764705882
A_PA	844	17	N	4	0	16	16.625
A_PA	845	16	N	5	0	16	16.875
A_PA	846	16	N	5	0	16	17.25
A_PA	847	17	N	4	0	17	19.6470588235294
A_PA	848	17	N	4	0	16	19.8125
A_PA	849	17	N	4	0	17	20.6470588235294
A_PA	850	16	N	5	0	16	20.5625
A_PA	851	16	N	5	0	16	20.375
A_PA	852	17	N	4	0	17	19.4705882352941
A_PA	853	18	N	3	0	18	17.1111111111111
A_PA	854	17	N	4	0	17	16.9411764705882
A_PA	855	17	N	4	0	17	17
A_PA	856	17	N	4	0	17	17.0588235294118
A_PA	857	17	N	4	0	17	18.8823529411765
A_PA	858	17	N	4	0	17	19.2941176470588
A_PA	859	17	N	4	0	16	18.375
A_PA	860	17	N	4	0	17	17.8235294117647
A_PA	861	17	N	4	0	17	18.7647058823529
A_PA	862	17	N	4	0	17	18.8823529411765
A_PA	863	16	N	5	0	16	19.625
A_PA	864	16	N	5	0	16	19.625
A_PA	865	16	N	5	0	16	19.625
A_PA	866	16	N	5	0	16	18.5
A_PA	867	16	N	5	0	15	17.6
A_PA	868	16	N	5	0	16	16.8125
A_PA	869	16	N	5	0	16	16.875
A_PA	870	16	N	5	0	16	16.125
A_PA	871	16	N	5	0	16	16.75
A_PA	872	16	N	5	0	16	18.4375
A_PA	873	16	N	5	0	16	19.25
A_PA	874	16	N	5	0	16	18.9375
A_PA	875	15	N	6	0	15	19.2
A_PA	876	16	N	5	0	16	18.625
A_PA	877	16	N	5	0	16	17.3125
A_PA	878	16	N	5	0	16	20.6875
A_PA	879	16	N	5	0	16	18.5625
A_PA	880	15	N	6	0	15	18.2666666666667
A_PA	881	17	N	4	0	17	17.3529411764706
A_PA	882	17	N	4	0	17	16.7647058823529
A_PA	883	17	N	4	0	17	17.7058823529412
A_PA	884	16	N	5	0	16	19.5625
A_PA	885	16	N	5	0	15	18.4
A_PA	886	17	N	4	0	16	16.125
A_PA	887	17	N	4	0	16	15.5625
A_PA	888	18	N	3	0	17	15.9411764705882
A_PA	889	18	N	3	0	18	17.5
A_PA	890	18	N	3	0	17	17.6470588235294
A_PA	891	18	N	3	0	18	18.1111111111111
A_PA	892	17	N	4	0	14	14.7857142857143
A_PA	893	17	N	4	0	17	13.7647058823529
A_PA	894	10	N	11	0	9	8.66666666666667
A_PA	895	17	N	4	0	16	14.3125
A_PA	896	17	N	4	0	17	18.5882352941176
A_PA	897	17	N	4	0	17	20.6470588235294
A_PA	898	17	N	4	0	17	20.2352941176471
A_PA	899	17	N	4	0	17	19.4705882352941
A_PA	900	17	N	4	0	17	17.4705882352941
A_PA	901	17	N	4	0	16	16.5625
A_PA	902	17	N	4	0	16	16.9375
A_PA	903	17	N	4	0	17	16.8235294117647
A_PA	904	17	N	4	0	17	16.8235294117647
A_PA	905	17	N	4	0	17	14.5882352941176
A_PA	906	17	N	4	0	17	14.8823529411765
A_PA	907	17	N	4	0	17	14.9411764705882
A_PA	908	16	N	5	0	16	14.375
A_PA	909	16	N	5	0	16	15.75
A_PA	910	16	N	5	0	16	19.1875
A_PA	911	16	N	5	0	16	17.875
A_PA	912	16	N	5	0	16	17.4375
A_PA	913	17	N	4	0	16	16.5
A_PA	914	17	N	4	0	16	20.875
A_PA	915	18	N	3	0	18	20.5555555555556
A_PA	916	18	N	3	0	18	17.4444444444444
A_PA	917	18	N	3	0	17	17.9411764705882
A_PA	918	18	N	3	0	17	17.1764705882353
A_PA	919	17	N	4	0	16	17.625
A_PA	920	17	N	4	0	16	18.8125
A_PA	921	17	N	4	0	16	17.5
A_PA	922	17	N	4	0	16	17.75
A_PA	923	17	N	4	0	17	16.8823529411765
A_PA	924	17	N	4	0	16	15.375
A_PA	925	17	N	4	0	16	15.25
A_PA	926	17	N	4	0	17	15.4117647058824
A_PA	927	17	N	4	0	17	17.2941176470588
A_PA	928	17	N	4	0	16	17.9375
A_PA	929	16	N	5	0	14	17.4285714285714
A_PA	930	16	N	5	0	16	17.625
A_PA	931	16	N	5	0	16	16.9375
A_PA	932	17	N	4	0	16	16.6875
A_PA	933	17	N	4	0	17	17.1764705882353
A_PA	934	18	N	3	0	17	17.7058823529412
A_PA	935	18	N	3	0	18	18.4444444444444
A_PA	936	18	N	3	0	17	18.7058823529412
A_PA	937	17	N	3	0	17	19.7058823529412
A_PA	938	17	N	3	0	17	22.5882352941176
A_PA	939	16	N	4	0	16	19.5625
A_PA	940	16	N	4	0	16	20.0625
A_PA	941	16	N	4	0	15	20.2666666666667
A_PA	942	15	N	5	0	15	19.4
A_PA	943	15	N	5	0	15	19.1333333333333
A_PA	944	15	N	5	0	15	19.4
A_PA	945	16	N	4	0	16	21.4375
A_PA	946	16	N	4	0	15	20
A_PA	947	16	N	4	0	16	21.125
A_PA	948	15	N	5	0	15	21.8666666666667
A_PA	949	15	N	5	0	15	21.8
A_PA	950	14	N	6	0	14	21.7142857142857
A_PA	951	15	N	5	0	15	19.4
A_PA	952	15	N	5	0	15	18.4666666666667
A_PA	953	15	N	5	0	15	19.1333333333333
A_PA	954	15	N	5	0	15	20
A_PA	955	15	N	5	0	15	20.8666666666667
A_PA	956	15	N	5	0	14	19.6428571428571
A_PA	957	14	N	6	0	14	19.5
A_PA	958	15	N	5	0	15	18.5333333333333
A_PA	959	15	N	5	0	15	18.6666666666667
A_PA	960	15	N	5	0	15	18.7333333333333
A_PA	961	14	N	6	0	14	17.4285714285714
A_PA	962	15	N	5	0	15	16.8666666666667
A_PA	963	15	N	5	0	15	17
A_PA	964	15	N	5	0	15	18.6
A_PA	965	16	N	4	0	16	17.9375
A_PA	966	16	N	4	0	15	16.3333333333333
A_PA	967	16	N	4	0	15	14.2
A_PA	968	16	N	4	0	13	13.9230769230769
A_PA	969	16	N	4	0	14	15.0714285714286
A_PA	970	16	N	4	0	16	14.75
A_PA	971	17	N	3	0	17	15.1764705882353
A_PA	972	17	N	3	0	17	18.1764705882353
A_PA	973	17	N	3	0	17	19.6470588235294
A_PA	974	16	N	4	0	16	21.5
A_PA	975	16	N	4	0	16	20.1875
A_PA	976	16	N	4	0	16	20.6875
A_PA	977	15	N	5	0	15	24.2
A_PA	978	16	N	4	0	16	19.0625
A_PA	979	16	N	4	0	16	19.875
A_PA	980	16	N	4	0	15	19.9333333333333
A_PA	981	16	N	4	0	16	20.625
A_PA	982	16	N	4	0	16	20.75
A_PA	983	16	N	4	0	15	20.6
A_PA	984	16	N	4	0	16	20.375
A_PA	985	16	N	4	0	16	20.625
A_PA	986	16	N	4	0	16	20.5625
A_PA	987	15	N	5	0	14	18.9285714285714
A_PA	988	15	N	5	0	15	18
A_PA	989	15	N	5	0	15	17.6
A_PA	990	15	N	5	0	15	16.6
A_PA	991	15	N	5	0	15	15.5333333333333
A_PA	992	15	N	5	0	15	18.2
A_PA	993	15	N	5	0	15	17.6
A_PA	994	14	N	6	0	14	19
A_PA	995	15	N	5	0	15	19.1333333333333
A_PA	996	15	N	5	0	15	19.3333333333333
A_PA	997	14	N	6	0	14	18.4285714285714
A_PA	998	15	N	5	0	15	19.2
A_PA	999	15	N	5	0	14	16.9285714285714
A_PA	1000	15	N	5	0	15	18.4666666666667
A_PA	1001	16	N	5	0	16	19.6875
A_PA	1002	16	N	5	0	16	19.0625
A_PA	1003	16	N	5	0	16	20.1875
A_PA	1004	17	N	4	0	17	20.3529411764706
A_PA	1005	17	N	4	0	15	19.2666666666667
A_PA	1006	17	N	4	0	16	18.625
A_PA	1007	17	N	4	0	17	20.2941176470588
A_PA	1008	17	N	4	0	17	21
A_PA	1009	16	N	5	0	15	19
A_PA	1010	15	N	6	0	15	20.9333333333333
A_PA	1011	15	N	6	0	14	19.7142857142857
A_PA	1012	17	N	4	0	17	21.1764705882353
A_PA	1013	17	N	4	0	16	21.125
A_PA	1014	17	N	4	0	17	20.8235294117647
A_PA	1015	88	A	6	0	88	19.9090909090909
A_PA	1016	90	A	4	0	88	20.9545454545455
A_PA	1017	90	G	4	0	90	19.6888888888889
A_PA	1018	90	C	4	0	89	19.6516853932584
A_PA	1019	91	A	4	0	91	19.8351648351648
A_PA	1020	91	G	4	0	89	19.7303370786517
A_PA	1021	91	G	4	0	91	19.4835164835165
A_PA	1022	91	T	4	0	88	19.2272727272727
A_PA	1023	91	G	4	0	88	19.2613636363636
A_PA	1024	90	C	5	0	88	18.8977272727273
A_PA	1025	90	T	5	0	88	18.7386363636364
A_PA	1026	89	A	6	0	88	18.4318181818182
A_PA	1027	89	G	6	0	87	17.8965517241379
A_PA	1028	89	C	6	0	88	18.4318181818182
A_PA	1029	90	A	5	0	89	19.7078651685393
A_PA	1030	90	G	5	0	90	18.9666666666667
A_PA	1031	90	A	5	0	89	18.9662921348315
A_PA	1032	90	G	5	0	89	18.1573033707865
A_PA	1033	91	C	4	0	89	18.2359550561798
A_PA	1034	91	T	4	0	90	19.1444444444444
A_PA	1035	91	A	4	0	89	18.876404494382
A_PA	1036	91	C	4	0	90	19.3
A_PA	1037	90	A	5	0	90	18.4777777777778
A_PA	1038	91	G	4	0	90	18.2
A_PA	1039	91	G	4	0	90	17.9777777777778
A_PA	1040	90	A	5	0	89	18.0112359550562
A_PA	1041	89	C	6	0	89	18.5955056179775
A_PA	1042	90	A	5	0	90	17.8555555555556
A_PA	1043	89	T	6	0	88	17.4545454545455
A_PA	1044	91	T	4	0	91	17.3186813186813
A_PA	1045	89	G	6	0	86	16.7209302325581
A_PA	1046	90	A	5	0	88	17.1022727272727
A_PA	1047	91	A	4	0	89	17.9887640449438
A_PA	1048	91	A	4	0	91	18.4175824175824
A_PA	1049	89	A	6	0	88	18.6136363636364
A_PA	1050	89	T	6	0	86	18.6627906976744
A_PA	1051	87	G	8	0	86	16.9302325581395
A_PA	1052	87	A	8	0	86	17.0232558139535
A_PA	1053	88	A	7	0	87	16.5402298850575
A_PA	1054	89	G	6	0	87	17.0114942528736
A_PA	1055	87	A	8	0	86	18.3372093023256
A_PA	1056	88	G	7	0	86	22.7790697674419
A_PA	1057	90	A	5	0	88	20.1477272727273
A_PA	1058	91	A	4	0	88	19.0113636363636
A_PA	1059	91	A	4	0	89	19.7415730337079
A_PA	1060	91	A	4	0	88	20.5454545454545
A_PA	1061	90	T	5	0	88	18.5568181818182
A_PA	1062	88	C	7	0	85	17.7176470588235
A_PA	1063	90	C	5	0	88	17.4318181818182
A_PA	1064	89	C	6	0	86	19.2558139534884
A_PA	1065	90	A	5	0	88	20.0795454545455
A_PA	1066	90	A	5	0	90	20.3111111111111
A_PA	1067	90	G	5	0	89	18.9213483146067
A_PA	1068	90	G	5	0	89	18.9438202247191
A_PA	1069	91	A	4	0	91	18.8901098901099
A_PA	1070	91	C	4	0	91	19.6263736263736
A_PA	1071	91	A	4	0	90	18.9111111111111
A_PA	1072	91	A	4	0	90	18.9666666666667
A_PA	1073	91	A	4	0	91	19.7802197802198
A_PA	1074	90	G	5	0	88	19.3295454545455
A_PA	1075	91	A	4	0	91	18.9340659340659
A_PA	1076	91	A	4	0	91	18.6703296703297
A_PA	1077	91	C	4	0	90	18.1111111111111
A_PA	1078	91	A	4	0	91	16.9230769230769
A_PA	1079	91	T	4	0	91	16.1978021978022
A_PA	1080	91	G	4	0	90	16.0333333333333
A_PA	1081	89	A	6	0	89	16.1685393258427
A_PA	1082	91	A	4	0	91	17.021978021978
A_PA	1083	91	G	4	0	91	18.0769230769231
A_PA	1084	90	A	5	0	90	18.5444444444444
A_PA	1085	90	A	5	0	90	18.8555555555556
A_PA	1086	90	G	5	0	89	18.0674157303371
A_PA	1087	90	A	5	0	88	19.1136363636364
A_PA	1088	90	C	5	0	89	18.3707865168539
A_PA	1089	89	A	6	0	88	17.9545454545455
A_PA	1090	90	A	5	0	90	18.9111111111111
A_PA	1091	90	G	5	0	90	19.1111111111111
A_PA	1092	90	C	5	0	89	19.3033707865169
A_PA	1093	90	C	5	0	90	20.7555555555556
A_PA	1094	90	A	5	0	90	20.1777777777778
A_PA	1095	90	A	5	0	90	19.9777777777778
A_PA	1096	90	T	5	0	89	17.3033707865169
A_PA	1097	91	T	4	0	89	18.438202247191
A_PA	1098	91	G	4	0	91	17.4945054945055
A_PA	1099	90	A	5	0	90	18.2888888888889
A_PA	1100	91	A	4	0	90	19.6222222222222
A_PA	1101	90	G	5	0	88	19.3068181818182
A_PA	1102	91	T	4	0	90	19.5444444444444
A_PA	1103	90	G	5	0	89	18.6629213483146
A_PA	1104	90	G	5	0	90	18.4333333333333
A_PA	1105	90	G	5	0	88	19.0227272727273
A_PA	1106	89	C	6	0	88	18.9545454545455
A_PA	1107	90	A	5	0	89	18.3932584269663
A_PA	1108	88	C	7	0	87	18.8390804597701
A_PA	1109	88	T	7	0	88	18.7045454545455
A_PA	1110	88	C	7	0	82	17.2560975609756
A_PA	1111	90	G	5	0	81	14.2222222222222
A_PA	1112	90	G	5	0	89	14.0674157303371
A_PA	1113	91	T	4	0	91	14.7912087912088
A_PA	1114	91	G	4	0	90	15.6888888888889
A_PA	1115	90	A	5	0	86	17.3837209302326
A_PA	1116	92	A	3	0	92	16.7065217391304
A_PA	1117	92	A	3	0	90	17.9888888888889
A_PA	1118	92	A	3	0	89	18.685393258427
A_PA	1119	92	T	3	0	91	17.010989010989
A_PA	1120	90	A	5	0	86	16.453488372093
A_PA	1121	88	T	7	0	87	15.6666666666667
A_PA	1122	88	G	7	0	87	15.5632183908046
A_PA	1123	88	G	7	0	88	16.0113636363636
A_PA	1124	88	C	7	0	88	17.8863636363636
A_PA	1125	90	A	5	0	87	19.2413793103448
A_PA	1126	89	C	6	0	89	18.6179775280899
A_PA	1127	91	C	4	0	90	18.4333333333333
A_PA	1128	91	T	4	0	87	18.0344827586207
A_PA	1129	87	G	8	0	85	18.4235294117647
A_PA	1130	86	A	9	0	86	17.906976744186
A_PA	1131	88	A	7	0	86	17.6511627906977
A_PA	1132	89	A	6	0	88	17.9204545454545
A_PA	1133	90	A	5	0	90	18.8666666666667
A_PA	1134	90	A	5	0	89	18.314606741573
A_PA	1135	90	G	5	0	89	17.247191011236
A_PA	1136	91	T	4	0	89	17.0898876404494
A_PA	1137	88	G	7	0	87	17.0574712643678
A_PA	1138	91	G	4	0	90	16.6
A_PA	1139	91	A	4	0	89	17.5168539325843
A_PA	1140	91	C	4	0	88	17.8863636363636
A_PA	1141	89	T	6	0	89	17.9887640449438
A_PA	1142	90	T	5	0	87	18.2413793103448
A_PA	1143	90	T	5	0	89	19.5168539325843
A_PA	1144	90	G	5	0	88	17.375
A_PA	1145	90	A	5	0	90	17.9
A_PA	1146	90	T	5	0	88	17.7045454545455
A_PA	1147	89	G	6	0	86	17.1162790697674
A_PA	1148	90	A	5	0	88	17.2840909090909
A_PA	1149	90	C	5	0	88	17.6704545454545
A_PA	1150	90	T	5	0	89	18.6516853932584
A_PA	1151	89	G	6	0	89	18.0112359550562
A_PA	1152	88	T	7	0	86	16.4302325581395
A_PA	1153	88	A	7	0	87	15.9080459770115
A_PA	1154	89	A	6	0	88	15.3181818181818
A_PA	1155	89	A	6	0	89	16.2808988764045
A_PA	1156	90	G	5	0	90	18.3333333333333
A_PA	1157	91	A	4	0	90	17.8111111111111
A_PA	1158	91	T	4	0	89	17.6516853932584
A_PA	1159	91	G	4	0	89	17.0561797752809
A_PA	1160	89	T	6	0	89	16.6292134831461
A_PA	1161	89	T	6	0	88	16.8636363636364
A_PA	1162	87	G	8	0	86	16.3720930232558
A_PA	1163	89	G	6	0	89	17.2921348314607
A_PA	1164	89	A	6	0	88	19
A_PA	1165	88	G	7	0	87	18.7931034482759
A_PA	1166	90	A	5	0	90	18.4888888888889
A_PA	1167	90	C	5	0	89	18.2921348314607
A_PA	1168	92	C	3	0	89	18.1348314606742
A_PA	1169	91	T	4	0	89	19.0898876404494
A_PA	1170	91	T	4	0	89	18.876404494382
A_PA	1171	91	A	4	0	90	17.4444444444444
A_PA	1172	91	A	4	0	91	16.8901098901099
A_PA	1173	91	A	4	0	90	17.6111111111111
A_PA	1174	90	C	5	0	90	18.3222222222222
A_PA	1175	91	A	4	0	91	17.8351648351648
A_PA	1176	91	G	4	0	87	17.7126436781609
A_PA	1177	91	T	4	0	90	15.1111111111111
A_PA	1178	91	A	4	0	90	14.3333333333333
A_PA	1179	91	T	4	0	90	14.1
A_PA	1180	91	G	4	0	90	14.4111111111111
A_PA	1181	90	A	5	0	90	15.6111111111111
A_PA	1182	90	C	5	0	89	16.8651685393258
A_PA	1183	90	A	5	0	89	18.6292134831461
A_PA	1184	91	G	4	0	91	18.2637362637363
A_PA	1185	91	T	4	0	90	18.1
A_PA	1186	91	G	4	0	91	17.9010989010989
A_PA	1187	91	A	4	0	91	17.3516483516484
A_PA	1188	91	T	4	0	90	17.2888888888889
A_PA	1189	90	G	5	0	87	16.4712643678161
A_PA	1190	90	A	5	0	90	16.0222222222222
A_PA	1191	91	G	4	0	89	16.2696629213483
A_PA	1192	91	C	4	0	89	17.1348314606742
A_PA	1193	91	C	4	0	91	19.4615384615385
A_PA	1194	90	A	5	0	88	19.4886363636364
A_PA	1195	90	G	5	0	88	19.5227272727273
A_PA	1196	91	A	4	0	89	18.6629213483146
A_PA	1197	89	G	6	0	87	19.5287356321839
A_PA	1198	91	C	4	0	89	17.8651685393258
A_PA	1199	91	C	4	0	90	18.2222222222222
A_PA	1200	90	C	5	0	88	19.7954545454545
A_PA	1201	90	A	5	0	89	19.8202247191011
A_PA	1202	91	G	4	0	90	19.6888888888889
A_PA	1203	91	A	4	0	89	17.8314606741573
A_PA	1204	92	T	3	0	91	16.989010989011
A_PA	1205	91	C	4	0	91	16.989010989011
A_PA	1206	90	T	5	0	88	17.3068181818182
A_PA	1207	91	C	4	0	91	19.2747252747253
A_PA	1208	82	T	13	0	82	24
A_PA	1209	87	A	8	0	84	17.5238095238095
A_PA	1210	88	G	7	0	81	17.0864197530864
A_PA	1211	89	C	6	0	87	17.3448275862069
A_PA	1212	88	A	7	0	87	18.2873563218391
A_PA	1213	90	A	5	0	89	17.4494382022472
A_PA	1214	89	G	6	0	88	17.7840909090909
A_PA	1215	90	C	5	0	90	17.6888888888889
A_PA	1216	90	T	5	0	90	18.7111111111111
A_PA	1217	89	G	6	0	89	20.247191011236
A_PA	1218	90	G	5	0	88	19.8636363636364
A_PA	1219	90	G	5	0	86	18.6162790697674
A_PA	1220	90	T	5	0	88	17.8977272727273
A_PA	1221	89	C	6	0	83	17.0481927710843
A_PA	1222	89	C	6	0	86	17.3372093023256
A_PA	1223	91	A	4	0	90	16.7777777777778
A_PA	1224	90	G	5	0	87	16.4022988505747
A_PA	1225	89	A	6	0	89	16.3370786516854
A_PA	1226	90	A	5	0	87	16.7931034482759
A_PA	1227	90	T	5	0	90	16.7222222222222
A_PA	1228	91	G	4	0	90	16.8666666666667
A_PA	1229	90	A	5	0	89	16.4494382022472
A_PA	1230	90	A	5	0	89	15.5393258426966
A_PA	1231	89	T	6	0	87	15.4827586206897
A_PA	1232	90	T	5	0	87	17.0344827586207
A_PA	1233	90	C	5	0	90	16.6888888888889
A_PA	1234	88	A	7	0	88	16.2045454545455
A_PA	1235	88	A	7	0	88	18.0795454545455
A_PA	1236	88	T	7	0	85	16.0470588235294
A_PA	1237	91	A	4	0	90	15.9333333333333
A_PA	1238	91	A	4	0	90	15.4333333333333
A_PA	1239	91	G	4	0	91	15.9010989010989
A_PA	1240	91	G	4	0	90	18.1333333333333
A_PA	1241	91	C	4	0	91	18.3516483516484
A_PA	1242	91	A	4	0	89	19.1348314606742
A_PA	1243	91	T	4	0	90	19.2333333333333
A_PA	1244	90	G	5	0	90	19.6777777777778
A_PA	1245	90	T	5	0	89	19.7078651685393
A_PA	1246	90	G	5	0	89	20.2921348314607
A_PA	1247	90	A	5	0	89	20.0561797752809
A_PA	1248	91	A	4	0	90	19.2222222222222
A_PA	1249	90	C	5	0	89	19.6741573033708
A_PA	1250	89	T	6	0	88	19.6590909090909
A_PA	1251	89	G	6	0	86	19.3372093023256
A_PA	1252	89	A	6	0	89	19.6179775280899
A_PA	1253	89	C	6	0	89	19.4831460674157
A_PA	1254	89	T	6	0	89	19.4269662921348
A_PA	1255	89	G	6	0	88	19.3181818181818
A_PA	1256	89	A	6	0	89	18.876404494382
A_PA	1257	89	T	6	0	88	17.7159090909091
A_PA	1258	90	T	5	0	87	17.7241379310345
A_PA	1259	91	C	4	0	90	18.3888888888889
A_PA	1260	90	A	5	0	89	18.6404494382022
A_PA	1261	91	A	4	0	90	19.5222222222222
A_PA	1262	90	G	5	0	88	19.3295454545455
A_PA	1263	90	C	5	0	88	19.9772727272727
A_PA	1264	90	T	5	0	90	20.2
A_PA	1265	90	G	5	0	90	20.9666666666667
A_PA	1266	90	G	5	0	89	21.0786516853933
A_PA	1267	90	A	5	0	90	20.0111111111111
A_PA	1268	90	T	5	0	90	17.5777777777778
A_PA	1269	88	A	7	0	88	16.8181818181818
A_PA	1270	85	G	10	0	84	15.5595238095238
A_PA	1271	90	A	5	0	90	14.6555555555556
A_PA	1272	90	A	5	0	89	15.1910112359551
A_PA	1273	90	C	5	0	89	15.7640449438202
A_PA	1274	89	T	6	0	89	17.3707865168539
A_PA	1275	91	T	4	0	90	16.9777777777778
A_PA	1276	89	G	6	0	86	16.7209302325581
A_PA	1277	90	A	5	0	90	16.3777777777778
A_PA	1278	92	T	3	0	91	17.2197802197802
A_PA	1279	92	G	3	0	92	16.8913043478261
A_PA	1280	89	A	6	0	87	17.2298850574713
A_PA	1281	90	A	5	0	89	17.8314606741573
A_PA	1282	91	A	4	0	90	19.1111111111111
A_PA	1283	91	T	4	0	89	17.5056179775281
A_PA	1284	88	A	7	0	85	16.3176470588235
A_PA	1285	89	G	6	0	88	15.9318181818182
A_PA	1286	91	G	4	0	91	15.7362637362637
A_PA	1287	91	A	4	0	89	17.3595505617978
A_PA	1288	90	G	5	0	90	17.5666666666667
A_PA	1289	87	A	8	0	83	18.0481927710843
A_PA	1290	87	A	8	0	85	16.6470588235294
A_PA	1291	86	G	9	0	79	16.3417721518987
A_PA	1292	87	A	8	0	86	16.1511627906977
A_PA	1293	86	T	9	0	83	15.5301204819277
A_PA	1294	89	G	6	0	87	15.5057471264368
A_PA	1295	87	T	8	0	86	15.3139534883721
A_PA	1296	87	T	8	0	86	14.9418604651163
A_PA	1297	80	G	15	0	80	14.9125
A_PA	1298	70	C	25	0	66	15.9848484848485
A_PA	1299	87	C	8	0	85	15.4235294117647
A_PA	1300	89	C	6	0	88	15.3295454545455
A_PA	1301	89	C	6	0	86	16.906976744186
A_PA	1302	88	G	7	0	79	14.6708860759494
A_PA	1303	90	A	5	0	90	14.4111111111111
A_PA	1304	90	T	5	0	90	14.0111111111111
A_PA	1305	90	T	5	0	89	15.2022471910112
A_PA	1306	90	G	5	0	89	16.5955056179775
A_PA	1307	90	A	5	0	90	16.7666666666667
A_PA	1308	92	A	3	0	92	17.804347826087
A_PA	1309	92	C	3	0	92	17.804347826087
A_PA	1310	92	A	3	0	92	17.2934782608696
A_PA	1311	91	T	4	0	90	16.5222222222222
A_PA	1312	91	G	4	0	89	16.6179775280899
A_PA	1313	90	T	5	0	90	15.7666666666667
A_PA	1314	89	A	6	0	87	15.4367816091954
A_PA	1315	89	G	6	0	88	16.1022727272727
A_PA	1316	89	C	6	0	88	16.8181818181818
A_PA	1317	90	A	5	0	88	17.9431818181818
A_PA	1318	90	A	5	0	90	18.5
A_PA	1319	90	G	5	0	89	18.8314606741573
A_PA	1320	90	C	5	0	89	18.7415730337079
A_PA	1321	89	A	6	0	89	18.0449438202247
A_PA	1322	89	T	6	0	88	17.3977272727273
A_PA	1323	86	G	9	0	85	16.3882352941176
A_PA	1324	86	A	9	0	86	16.3953488372093
A_PA	1325	87	G	8	0	87	16.9770114942529
A_PA	1326	89	G	6	0	88	17.2840909090909
A_PA	1327	89	A	6	0	89	17.2134831460674
A_PA	1328	89	G	6	0	89	18.2022471910112
A_PA	1329	90	G	5	0	89	18.1573033707865
A_PA	1330	89	A	6	0	87	18.0574712643678
A_PA	1331	90	A	5	0	90	18.7555555555556
A_PA	1332	90	C	5	0	85	18.2235294117647
A_PA	1333	90	T	5	0	87	17.8045977011494
A_PA	1334	91	A	4	0	90	17.1555555555556
A_PA	1335	91	T	4	0	90	16.5333333333333
A_PA	1336	91	T	4	0	90	16.8222222222222
A_PA	1337	90	T	5	0	89	18.1123595505618
A_PA	1338	90	C	5	0	90	18.2444444444444
A_PA	1339	91	A	4	0	90	18.8888888888889
A_PA	1340	91	C	4	0	91	19.3076923076923
A_PA	1341	90	A	5	0	90	19.3111111111111
A_PA	1342	90	G	5	0	90	18.9777777777778
A_PA	1343	90	C	5	0	90	19.8555555555556
A_PA	1344	90	A	5	0	90	19.6111111111111
A_PA	1345	91	G	4	0	90	19.7666666666667
A_PA	1346	91	A	4	0	91	19.1318681318681
A_PA	1347	91	A	4	0	88	18.3863636363636
A_PA	1348	91	G	4	0	91	17.8681318681319
A_PA	1349	91	T	4	0	90	18.4888888888889
A_PA	1350	89	G	6	0	86	19.1046511627907
A_PA	1351	91	T	4	0	89	17.314606741573
A_PA	1352	90	C	5	0	89	17.1797752808989
A_PA	1353	91	C	4	0	91	16.8351648351648
A_PA	1354	90	C	5	0	90	20.7
A_PA	1355	91	A	4	0	90	19.7444444444444
A_PA	1356	91	C	4	0	90	20.1555555555556
A_PA	1357	91	T	4	0	90	20.6444444444444
A_PA	1358	91	G	4	0	89	20.4494382022472
A_PA	1359	91	C	4	0	89	20.314606741573
A_PA	1360	91	A	4	0	91	19.989010989011
A_PA	1361	89	G	6	0	89	20.4157303370787
A_PA	1362	90	G	5	0	89	19.4044943820225
A_PA	1363	88	G	7	0	88	20.3863636363636
A_PA	1364	89	C	6	0	88	19.4545454545455
A_PA	1365	89	T	6	0	89	18.9662921348315
A_PA	1366	88	A	7	0	86	19.6744186046512
A_PA	1367	89	C	6	0	88	19.2045454545455
A_PA	1368	90	T	5	0	86	19.1046511627907
A_PA	1369	91	G	4	0	91	19
A_PA	1370	92	A	3	0	92	18.5
A_PA	1371	91	A	4	0	90	18.1666666666667
A_PA	1372	91	T	4	0	91	16.6593406593407
A_PA	1373	89	A	6	0	88	16.6136363636364
A_PA	1374	90	C	5	0	89	16.8314606741573
A_PA	1375	90	A	5	0	90	16.4888888888889
A_PA	1376	89	T	5	0	89	17.1797752808989
A_PA	1377	89	A	5	0	89	17.1123595505618
A_PA	1378	89	A	5	0	89	17.5505617977528
A_PA	1379	89	T	5	0	89	17.438202247191
A_PA	1380	89	G	5	0	89	18.5393258426966
A_PA	1381	89	A	5	0	89	18.1460674157303
A_PA	1382	89	A	5	0	89	18.2808988764045
A_PA	1383	90	G	4	0	88	18.2045454545455
A_PA	1384	91	G	3	0	91	18.1208791208791
A_PA	1385	91	G	3	0	91	16.8351648351648
A_PA	1386	91	A	3	0	90	17.8222222222222
A_PA	1387	90	G	4	0	90	16.2111111111111
A_PA	1388	91	T	3	0	90	16.4222222222222
A_PA	1389	91	G	3	0	90	16.6222222222222
A_PA	1390	91	T	3	0	91	16.6483516483516
A_PA	1391	89	A	5	0	89	17.4606741573034
A_PA	1392	89	C	5	0	88	17.75
A_PA	1393	89	A	5	0	89	17.3820224719101
A_PA	1394	89	T	5	0	89	17.7640449438202
A_PA	1395	89	A	5	0	87	16.7816091954023
A_PA	1396	89	A	5	0	89	16.6741573033708
A_PA	1397	89	A	5	0	89	17.2584269662921
A_PA	1398	89	T	5	0	88	18.3181818181818
A_PA	1399	89	A	5	0	89	17.2359550561798
A_PA	1400	89	C	5	0	89	17.6179775280899
A_PA	1401	89	T	5	0	88	17.6136363636364
A_PA	1402	89	G	5	0	89	19.1011235955056
A_PA	1403	89	C	5	0	89	19.9438202247191
A_PA	1404	89	C	5	0	89	20.0674157303371
A_PA	1405	89	T	5	0	88	19
A_PA	1406	89	T	5	0	89	21.2921348314607
A_PA	1407	89	G	5	0	89	18.7977528089888
A_PA	1408	89	C	5	0	89	18.5955056179775
A_PA	1409	89	T	5	0	89	18.3932584269663
A_PA	1410	89	T	5	0	87	17.0574712643678
A_PA	1411	89	A	5	0	88	16.6704545454545
A_PA	1412	89	A	5	0	89	16.1011235955056
A_PA	1413	88	T	6	0	88	16.5113636363636
A_PA	1414	88	G	6	0	88	16.7159090909091
A_PA	1415	88	C	6	0	88	17.75
A_PA	1416	88	A	6	0	87	17.632183908046
A_PA	1417	88	T	6	0	88	17.5681818181818
A_PA	1418	88	C	6	0	87	17.183908045977
A_PA	1419	88	C	6	0	87	17.0919540229885
A_PA	1420	90	T	4	0	89	18.5056179775281
A_PA	1421	90	G	4	0	90	19.8444444444444
A_PA	1422	89	T	5	0	89	19.5168539325843
A_PA	1423	90	G	4	0	90	18.2444444444444
A_PA	1424	90	C	4	0	90	17.8777777777778
A_PA	1425	91	A	3	0	89	17.6404494382022
A_PA	1426	91	G	3	0	90	17.7
A_PA	1427	91	C	3	0	91	17.5274725274725
A_PA	1428	91	C	3	0	90	17.7777777777778
A_PA	1429	91	A	3	0	91	17.978021978022
A_PA	1430	91	T	3	0	89	18.2134831460674
A_PA	1431	91	G	3	0	91	18.1318681318681
A_PA	1432	90	G	4	0	90	17.3777777777778
A_PA	1433	89	A	5	0	88	17.7045454545455
A_PA	1434	89	T	5	0	86	18.2674418604651
A_PA	1435	90	G	4	0	88	18.0454545454545
A_PA	1436	90	A	4	0	89	18.438202247191
A_PA	1437	89	C	5	0	88	18.2159090909091
A_PA	1438	84	T	10	0	84	18.4880952380952
A_PA	1439	88	T	6	0	88	18.8863636363636
A_PA	1440	89	T	5	0	87	19.5862068965517
A_PA	1441	89	C	5	0	88	18.4318181818182
A_PA	1442	89	A	5	0	89	18.247191011236
A_PA	1443	89	G	5	0	88	18
A_PA	1444	89	C	5	0	89	18.1910112359551
A_PA	1445	88	T	6	0	88	18.9204545454545
A_PA	1446	89	G	5	0	87	17.7011494252874
A_PA	1447	89	A	5	0	89	17.1797752808989
A_PA	1448	90	T	4	0	90	16.2444444444444
A_PA	1449	90	T	4	0	90	17.0444444444444
A_PA	1450	89	C	5	0	89	16.8202247191011
A_PA	1451	90	C	4	0	90	18.5888888888889
A_PA	1452	90	A	4	0	88	19.0340909090909
A_PA	1453	90	A	4	0	90	19.2666666666667
A_PA	1454	90	T	4	0	90	18.1333333333333
A_PA	1455	89	G	5	0	89	17.685393258427
A_PA	1456	89	A	5	0	89	17.0112359550562
A_PA	1457	89	T	5	0	89	15.5730337078652
A_PA	1458	89	A	5	0	89	15.7977528089888
A_PA	1459	89	A	5	0	89	15.1685393258427
A_PA	1460	89	G	5	0	89	15.6966292134831
A_PA	1461	89	C	5	0	89	17.5393258426966
A_PA	1462	89	A	5	0	89	18.1460674157303
A_PA	1463	89	A	5	0	89	18.1797752808989
A_PA	1464	90	A	4	0	89	19.0561797752809
A_PA	1465	90	T	4	0	90	18.8777777777778
A_PA	1466	91	G	3	0	91	17.5164835164835
A_PA	1467	91	T	3	0	90	15.6222222222222
A_PA	1468	90	A	4	0	90	14.9
A_PA	1469	91	G	3	0	90	14.4
A_PA	1470	88	A	6	0	87	14.4712643678161
A_PA	1471	90	A	4	0	89	15.5842696629213
A_PA	1472	90	C	4	0	90	15.5333333333333
A_PA	1473	90	C	4	0	89	16.8651685393258
A_PA	1474	84	A	10	0	84	17.5
A_PA	1475	86	A	8	0	85	18.5058823529412
A_PA	1476	86	A	8	0	85	18.3882352941176
A_PA	1477	87	G	7	0	84	17.8928571428571
A_PA	1478	87	A	7	0	86	16.6976744186047
A_PA	1479	89	A	5	0	88	16.1818181818182
A_PA	1480	89	G	5	0	89	15.6629213483146
A_PA	1481	90	G	4	0	90	15.7444444444444
A_PA	1482	89	A	5	0	87	15.9885057471264
A_PA	1483	88	A	6	0	88	16.4318181818182
A_PA	1484	86	G	8	0	84	15.3214285714286
A_PA	1485	83	A	11	0	82	15.109756097561
A_PA	1486	87	C	7	0	83	13.5301204819277
A_PA	1487	85	G	9	0	83	11.8915662650602
A_PA	1488	87	G	7	0	86	12.1395348837209
A_PA	1489	84	A	10	0	83	12.1686746987952
A_PA	1490	88	A	6	0	88	14.4318181818182
A_PA	1491	88	A	6	0	86	19.1046511627907
A_PA	1492	89	A	5	0	86	19.9418604651163
A_PA	1493	87	C	6	0	86	19.6395348837209
A_PA	1494	89	A	4	0	88	18.4318181818182
A_PA	1495	89	A	4	0	89	18.5730337078652
A_PA	1496	89	A	4	0	89	19.8314606741573
A_PA	1497	89	C	4	0	88	18.4318181818182
A_PA	1498	90	C	3	0	88	18.4545454545455
A_PA	1499	107	T	7	0	107	24.3644859813084
A_PA	1500	110	G	4	0	108	22.75
A_PA	1501	110	T	4	0	110	20.5818181818182
A_PA	1502	109	A	5	0	109	18.394495412844
A_PA	1503	109	T	5	0	109	19.5871559633028
A_PA	1504	109	G	5	0	108	18.8703703703704
A_PA	1505	90	G	24	0	89	17.1685393258427
A_PA	1506	90	G	24	0	87	17.6551724137931
A_PA	1507	89	T	25	0	89	18.7078651685393
A_PA	1508	88	T	26	0	87	18.3103448275862
A_PA	1509	88	C	27	0	85	19.4235294117647
A_PA	1510	110	A	5	0	110	22.2
A_PA	1511	113	T	2	0	111	22.2612612612613
A_PA	1512	113	T	2	0	109	23.1100917431193
A_PA	1513	113	G	2	0	90	17.9444444444444
A_PA	1514	114	T	1	0	90	17.9111111111111
A_PA	1515	107	A	8	0	106	18.8396226415094
A_PA	1516	113	A	2	0	113	19.0265486725664
A_PA	1517	108	A	7	0	101	20.3267326732673
A_PA	1518	108	G	7	0	107	23.3271028037383
A_PA	1519	111	G	4	0	88	20.3522727272727
A_PA	1520	111	G	4	0	108	27.2407407407407
A_PA	1521	112	A	3	0	111	24.4774774774775
A_PA	1522	112	A	3	0	112	24.0267857142857
A_PA	1523	112	G	3	0	109	22.697247706422
A_PA	1524	113	G	2	0	111	22.6126126126126
A_PA	1525	112	T	3	0	110	20.8909090909091
A_PA	1526	90	C	25	0	87	16.7471264367816
A_PA	1527	113	T	2	0	113	20.7610619469027
A_PA	1528	112	C	3	0	107	20.8878504672897
A_PA	1529	111	A	4	0	110	20.6090909090909
A_PA	1530	110	T	5	0	107	21.018691588785
A_PA	1531	113	T	2	0	110	20
A_PA	1532	91	T	24	0	91	18.3296703296703
A_PA	1533	89	G	26	0	87	18.4827586206897
A_PA	1534	90	A	25	0	90	19.5
A_PA	1535	112	G	3	0	111	21.4324324324324
A_PA	1536	113	A	2	0	111	20.7747747747748
A_PA	1537	113	A	2	0	113	20.3628318584071
A_PA	1538	113	A	2	0	112	22.4107142857143
A_PA	1539	113	T	2	0	113	25.1592920353982
A_PA	1540	91	G	24	0	89	18.3370786516854
A_PA	1541	91	A	24	0	89	17.0786516853933
A_PA	1542	91	T	24	0	88	15.4659090909091
A_PA	1543	91	A	24	0	89	15.314606741573
A_PA	1544	88	C	26	0	88	15.7045454545455
A_PA	1545	90	C	24	0	88	14.8181818181818
A_PA	1546	90	G	24	0	80	14.4125
A_PA	1547	90	A	24	0	90	13.7777777777778
A_PA	1548	112	T	2	0	110	20.6545454545455
A_PA	1549	112	G	2	0	112	19.1428571428571
A_PA	1550	112	T	2	0	90	16.1111111111111
A_PA	1551	112	A	2	0	109	20.1467889908257
A_PA	1552	112	G	2	0	110	20.1090909090909
A_PA	1553	112	T	2	0	111	20.6936936936937
A_PA	1554	90	G	24	0	88	17.1022727272727
A_PA	1555	112	A	2	0	112	20.6875
A_PA	1556	112	A	2	0	112	22.5803571428571
A_PA	1557	112	C	2	0	112	21.9732142857143
A_PA	1558	88	T	26	0	87	18.4827586206897
A_PA	1559	89	T	25	0	88	18.3977272727273
A_PA	1560	90	T	24	0	88	20.7045454545455
A_PA	1561	90	G	24	0	87	19.0229885057471
A_PA	1562	90	T	24	0	89	17.7303370786517
A_PA	1563	112	A	2	0	108	18.962962962963
A_PA	1564	112	A	2	0	89	15.5168539325843
A_PA	1565	120	G	2	0	117	18.7521367521368
A_PA	1566	121	T	2	0	117	19.9059829059829
A_PA	1567	121	A	2	0	116	18.6465517241379
A_PA	1568	120	T	3	0	119	18.7899159663866
A_PA	1569	121	G	2	0	120	17.9416666666667
A_PA	1570	122	G	1	0	119	19.1848739495798
A_PA	1571	121	A	3	0	121	20.4380165289256
A_PA	1572	120	G	5	0	117	22.008547008547
A_PA	1573	120	T	5	0	118	20.2542372881356
A_PA	1574	121	T	4	0	119	21.6470588235294
A_PA	1575	120	C	5	0	115	20.0260869565217
A_PA	1576	121	T	4	0	119	20.8991596638655
A_PA	1577	121	C	4	0	120	23.1083333333333
A_PA	1578	123	A	2	0	121	21.7107438016529
A_PA	1579	123	C	3	0	121	22.6363636363636
A_PA	1580	124	T	2	0	120	22.8333333333333
A_PA	1581	123	C	3	0	118	22.8305084745763
A_PA	1582	124	A	2	0	124	23.008064516129
A_PA	1583	124	C	2	0	122	24.6147540983607
A_PA	1584	122	T	4	0	121	24.4876033057851
A_PA	1585	123	G	3	0	121	23.7933884297521
A_PA	1586	124	A	2	0	124	22.9032258064516
A_PA	1587	124	T	2	0	124	22.8306451612903
A_PA	1588	124	C	2	0	122	22.2377049180328
A_PA	1589	124	C	2	0	119	23.0672268907563
A_PA	1590	122	A	4	0	118	23.0593220338983
A_PA	1591	124	A	2	0	124	23.9112903225806
A_PA	1592	123	G	3	0	123	21.7560975609756
A_PA	1593	123	A	3	0	122	21.8934426229508
A_PA	1594	124	C	2	0	123	22.4878048780488
A_PA	1595	122	T	4	0	121	23.495867768595
A_PA	1596	123	G	3	0	122	23.2868852459016
A_PA	1597	124	G	2	0	123	23.2682926829268
A_PA	1598	125	A	1	0	125	23.24
A_PA	1599	125	A	1	0	124	25.6854838709677
A_PA	1600	125	C	1	0	125	24.872
A_PA	1601	121	C	5	0	120	25.55
A_PA	1602	121	A	5	0	118	24.6525423728814
A_PA	1603	125	C	1	0	124	27.25
A_PA	1604	123	A	3	0	123	28.4308943089431
A_PA	1605	123	C	3	0	122	43.5819672131148
A_PA	1606	124	A	2	0	123	23.9105691056911
A_PA	1607	125	A	1	0	123	22.2764227642276
A_PA	1608	125	A	1	0	124	24.3467741935484
A_PA	1609	125	T	1	0	125	24.536
A_PA	1610	121	G	5	0	120	23.8416666666667
A_PA	1611	126	G	2	0	126	25.6031746031746
A_PA	1612	127	G	1	0	125	23.176
A_PA	1613	127	A	1	0	127	25.6456692913386
A_PA	1614	127	A	1	0	125	25.488
A_PA	1615	127	A	1	0	123	24.9186991869919
A_PA	1616	127	A	1	0	125	28.992
A_PA	1617	126	A	2	0	124	26.258064516129
A_PA	1618	124	T	4	0	124	26.3790322580645
A_PA	1619	125	A	3	0	119	21.3865546218487
A_PA	1620	124	C	4	0	122	22.2704918032787
A_PA	1621	126	T	2	0	126	21.6587301587302
A_PA	1622	126	G	2	0	120	22.95
A_PA	1623	125	T	3	0	123	22.6666666666667
A_PA	1624	124	G	4	0	121	25.7603305785124
A_PA	1625	121	T	7	0	119	28.1596638655462
A_PA	1626	123	T	5	0	120	22.0166666666667
A_PA	1627	125	C	3	0	119	21.3025210084034
A_PA	1628	125	T	3	0	121	21.1157024793388
A_PA	1629	126	T	2	0	125	23.576
A_PA	1630	131	G	3	0	130	21.8769230769231
A_PA	1631	131	A	3	0	129	21.4961240310078
A_PA	1632	133	A	1	0	131	22.2137404580153
A_PA	1633	131	A	3	0	131	23.7709923664122
A_PA	1634	131	T	3	0	126	21.3650793650794
A_PA	1635	130	A	4	0	129	20.5581395348837
A_PA	1636	133	G	1	0	133	19.4210526315789
A_PA	1637	132	G	2	0	131	19.9770992366412
A_PA	1638	132	A	2	0	130	21.5538461538462
A_PA	1639	131	G	3	0	130	22.4923076923077
A_PA	1640	130	A	4	0	128	21.5234375
A_PA	1641	130	C	4	0	125	21.408
A_PA	1642	129	A	5	0	128	20.40625
A_PA	1643	130	T	4	0	130	20.6153846153846
A_PA	1644	130	G	4	0	129	20.5116279069767
A_PA	1645	131	C	3	0	130	21.8846153846154
A_PA	1646	131	T	3	0	127	21.3228346456693
A_PA	1647	127	A	7	0	121	20.4876033057851
A_PA	1648	133	T	1	0	122	17.4672131147541
A_PA	1649	133	T	1	0	130	17.9153846153846
A_PA	1650	131	G	2	0	128	16.9609375
A_PA	1651	131	A	2	0	131	18.1374045801527
A_PA	1652	127	G	6	0	127	21.6614173228346
A_PA	1653	129	G	4	0	126	19.6349206349206
A_PA	1654	129	A	4	0	128	20.171875
A_PA	1655	129	C	4	0	128	19.96875
A_PA	1656	130	T	3	0	129	20.5968992248062
A_PA	1657	129	G	4	0	129	21.7364341085271
A_PA	1658	130	C	3	0	125	19.616
A_PA	1659	130	G	3	0	125	17.136
A_PA	1660	130	A	3	0	130	16.6923076923077
A_PA	1661	130	T	3	0	128	16.1875
A_PA	1662	128	A	5	0	126	17.2380952380952
A_PA	1663	130	G	3	0	130	18.8538461538462
A_PA	1664	131	G	2	0	130	18.6230769230769
A_PA	1665	131	T	2	0	130	21.8
A_PA	1666	128	C	5	0	121	21.1652892561983
A_PA	1667	127	A	6	0	123	20.0813008130081
A_PA	1668	131	A	2	0	129	19.7751937984496
A_PA	1669	129	G	4	0	125	19.72
A_PA	1670	130	T	3	0	122	18.5327868852459
A_PA	1671	129	G	4	0	124	20.4677419354839
A_PA	1672	131	T	2	0	131	19.5572519083969
A_PA	1673	124	C	8	0	111	18.4774774774775
A_PA	1674	126	G	6	0	118	15.3474576271186
A_PA	1675	128	A	4	0	127	15.6614173228346
A_PA	1676	128	G	4	0	128	15.8828125
A_PA	1677	126	G	6	0	126	17.8253968253968
A_PA	1678	126	C	6	0	123	20.0650406504065
A_PA	1679	128	C	4	0	128	21.3359375
A_PA	1680	128	C	4	0	125	22.712
A_PA	1681	128	A	4	0	128	22.2734375
A_PA	1682	129	T	3	0	128	21.2890625
A_PA	1683	130	G	2	0	128	20.8359375
A_PA	1684	127	T	5	0	126	20.5238095238095
A_PA	1685	129	T	3	0	127	19.7952755905512
A_PA	1686	130	C	2	0	129	20.3565891472868
A_PA	1687	130	C	2	0	129	21.2325581395349
A_PA	1688	129	T	3	0	127	22.6299212598425
A_PA	1689	130	A	2	0	129	21.3565891472868
A_PA	1690	131	T	1	0	129	20.3798449612403
A_PA	1691	131	A	1	0	130	20.5538461538462
A_PA	1692	131	T	1	0	130	20.5
A_PA	1693	131	G	1	0	131	19.969465648855
A_PA	1694	130	T	2	0	128	20.3671875
A_PA	1695	129	G	3	0	128	21.609375
A_PA	1696	128	A	4	0	127	21.8976377952756
A_PA	1697	127	G	5	0	126	21.2460317460317
A_PA	1698	130	A	2	0	128	22.5625
A_PA	1699	130	A	2	0	128	22.0546875
A_PA	1700	130	C	2	0	130	21.1461538461538
A_PA	1701	130	C	2	0	127	22.488188976378
A_PA	1702	129	A	3	0	128	20.765625
A_PA	1703	130	A	2	0	130	21.6846153846154
A_PA	1704	130	T	2	0	128	21.046875
A_PA	1705	142	G	2	0	142	22.6267605633803
A_PA	1706	143	G	2	0	143	22.5384615384615
A_PA	1707	143	A	2	0	143	22.4475524475524
A_PA	1708	143	A	2	0	143	22.6363636363636
A_PA	1709	143	C	2	0	143	22.3286713286713
A_PA	1710	143	C	2	0	142	23.3732394366197
A_PA	1711	143	T	2	0	143	23.7552447552448
A_PA	1712	141	C	4	0	140	23.6571428571429
A_PA	1713	143	C	2	0	143	24.1258741258741
A_PA	1714	143	A	2	0	143	23.2867132867133
A_PA	1715	143	A	2	0	143	23.6713286713287
A_PA	1716	144	A	1	0	142	24.1901408450704
A_PA	1717	144	A	1	0	143	24.4055944055944
A_PA	1718	143	T	2	0	142	22.3521126760563
A_PA	1719	144	T	1	0	140	22.6
A_PA	1720	141	A	4	0	139	19.705035971223
A_PA	1721	143	A	2	0	143	19.0769230769231
A_PA	1722	143	G	2	0	142	19
A_PA	1723	143	A	2	0	141	19.1702127659574
A_PA	1724	142	T	3	0	140	19.9571428571429
A_PA	1725	143	G	2	0	140	20.3785714285714
A_PA	1726	143	A	2	0	141	20.4893617021277
A_PA	1727	144	A	1	0	144	21.4166666666667
A_PA	1728	144	A	1	0	143	23.958041958042
A_PA	1729	144	T	1	0	144	23.4583333333333
A_PA	1730	141	G	4	0	141	21.7801418439716
A_PA	1731	143	G	2	0	143	21.972027972028
A_PA	1732	144	G	1	0	144	21.5208333333333
A_PA	1733	144	G	1	0	143	24.2657342657343
A_PA	1734	144	C	1	0	143	21.9440559440559
A_PA	1735	144	A	1	0	144	21.3680555555556
A_PA	1736	144	T	1	0	143	21.8601398601399
A_PA	1737	143	G	2	0	143	22.1678321678322
A_PA	1738	143	G	2	0	142	21.4154929577465
A_PA	1739	143	A	2	0	142	21.7535211267606
A_PA	1740	144	A	1	0	143	23.5594405594406
A_PA	1741	144	A	1	0	141	23.9929078014184
A_PA	1742	144	T	1	0	142	22.8239436619718
A_PA	1743	144	G	1	0	139	20.6115107913669
A_PA	1744	144	A	1	0	142	19.8943661971831
A_PA	1745	144	G	1	0	144	19.1736111111111
A_PA	1746	143	G	2	0	142	19.9084507042254
A_PA	1747	141	C	4	0	141	18.9787234042553
A_PA	1748	143	G	2	0	125	18.72
A_PA	1749	143	C	2	0	139	17.410071942446
A_PA	1750	144	T	1	0	142	17
A_PA	1751	142	G	3	0	134	18.7985074626866
A_PA	1752	143	C	2	0	143	22.1468531468531
A_PA	1753	144	C	1	0	144	21.7986111111111
A_PA	1754	139	T	6	0	138	21.2971014492754
A_PA	1755	143	T	2	0	139	22.4028776978417
A_PA	1756	144	C	1	0	135	19.1925925925926
A_PA	1757	143	T	2	0	134	21.0597014925373
A_PA	1758	145	T	0	0	143	20.9020979020979
A_PA	1759	145	C	0	0	143	19.9510489510489
A_PA	1760	145	A	0	0	143	20.006993006993
A_PA	1761	144	A	1	0	142	19.4084507042254
A_PA	1762	142	T	3	0	142	18.8169014084507
A_PA	1763	139	C	6	0	139	18.6618705035971
A_PA	1764	142	T	3	0	141	19.5531914893617
A_PA	1765	141	C	4	0	141	21.7021276595745
A_PA	1766	142	T	3	0	142	25.6830985915493
A_PA	1767	142	T	3	0	141	21.4539007092199
A_PA	1768	143	C	2	0	143	21.965034965035
A_PA	1769	146	A	0	0	145	21.2620689655172
A_PA	1770	146	A	0	0	144	22.0416666666667
A_PA	1771	145	C	1	0	144	22.2986111111111
A_PA	1772	145	A	1	0	144	20.9791666666667
A_PA	1773	145	G	1	0	143	21.1118881118881
A_PA	1774	222	A	1	0	220	23.8454545454545
A_PA	1775	223	T	0	0	223	25.0627802690583
A_PA	1776	223	T	0	0	219	25.8538812785388
A_PA	1777	220	G	3	0	215	24.953488372093
A_PA	1778	219	A	4	0	218	25.4220183486239
A_PA	1779	222	G	1	0	145	22.0965517241379
A_PA	1780	222	A	1	0	220	27.1136363636364
A_PA	1781	219	G	4	0	140	21.9857142857143
A_PA	1782	224	C	1	0	224	26.0535714285714
A_PA	1783	224	A	1	0	223	26.7040358744395
A_PA	1784	225	T	1	0	225	27.8977777777778
A_PA	1785	226	G	0	0	223	25.7578475336323
A_PA	1786	225	A	1	0	224	26.0357142857143
A_PA	1787	223	T	3	0	222	26.518018018018
A_PA	1788	224	T	2	0	222	26.5585585585586
A_PA	1789	227	G	2	0	225	25.1733333333333
A_PA	1790	228	A	3	0	226	25.287610619469
A_PA	1791	229	A	2	0	225	27.4533333333333
A_PA	1792	229	G	2	0	228	26.2894736842105
A_PA	1793	230	C	1	0	229	27.3799126637555
A_PA	1794	230	C	1	0	224	24.5982142857143
A_PA	1795	220	G	11	0	209	22.0478468899522
A_PA	1796	229	A	3	0	226	21.5530973451327
A_PA	1797	232	G	0	0	228	20.6885964912281
A_PA	1798	230	T	2	0	229	21.2139737991266
A_PA	1799	231	C	1	0	228	24.0219298245614
A_PA	1800	230	T	2	0	227	26.0220264317181
A_PA	1801	230	T	2	0	230	24.4347826086957
A_PA	1802	230	C	2	0	225	24.9822222222222
A_PA	1803	227	T	5	0	225	25.2133333333333
A_PA	1804	227	G	5	0	224	25.3482142857143
A_PA	1805	228	T	4	0	228	24.1710526315789
A_PA	1806	225	C	7	0	221	23.7647058823529
A_PA	1807	224	A	9	0	217	21.3133640552995
A_PA	1808	232	A	1	0	231	23.4025974025974
A_PA	1809	225	A	8	0	225	24.36
A_PA	1810	224	G	9	0	224	26.6696428571429
A_PA	1811	231	A	2	0	230	27.295652173913
A_PA	1812	230	G	3	0	227	31.1013215859031
A_PA	1813	232	A	1	0	229	31.7510917030568
A_PA	1814	231	A	2	0	228	27.4561403508772
A_PA	1815	230	A	3	0	228	28.5043859649123
A_PA	1816	230	G	3	0	229	27.3187772925764
A_PA	1817	230	A	3	0	229	26.9301310043668
A_PA	1818	231	C	2	0	229	24.2620087336245
A_PA	1819	232	A	1	0	231	24.1861471861472
A_PA	1820	236	T	0	0	235	24.063829787234
A_PA	1821	235	G	1	0	233	23.1845493562232
A_PA	1822	235	A	1	0	234	22.6923076923077
A_PA	1823	235	C	1	0	232	23.5689655172414
A_PA	1824	235	C	1	0	235	24.3531914893617
A_PA	1825	234	A	2	0	233	24.343347639485
A_PA	1826	234	A	2	0	233	26.1802575107296
A_PA	1827	230	G	6	0	228	26.2543859649123
A_PA	1828	232	G	4	0	232	26.5258620689655
A_PA	1829	233	A	3	0	232	26.3534482758621
A_PA	1830	234	A	2	0	230	26.5
A_PA	1831	234	T	2	0	232	25.0344827586207
A_PA	1832	235	T	1	0	234	26.0128205128205
A_PA	1833	234	C	2	0	228	24.8728070175439
A_PA	1834	235	T	1	0	231	25.6147186147186
A_PA	1835	235	T	1	0	234	26.1068376068376
A_PA	1836	235	T	1	0	234	29.3119658119658
A_PA	1837	234	G	1	0	233	26.5064377682403
A_PA	1838	230	A	5	0	229	26.8602620087336
A_PA	1839	234	A	1	0	232	27.4525862068966
A_PA	1840	234	A	1	0	231	27.4329004329004
A_PA	1841	234	A	1	0	234	28.0726495726496
A_PA	1842	233	C	2	0	232	27.2672413793103
A_PA	1843	232	A	3	0	232	25.3103448275862
A_PA	1844	234	A	1	0	234	25.6153846153846
A_PA	1845	234	A	1	0	234	25.8290598290598
A_PA	1846	234	T	1	0	234	25.525641025641
A_PA	1847	229	C	6	0	222	23.990990990991
A_PA	1848	231	G	4	0	230	20.1086956521739
A_PA	1849	231	G	4	0	231	20.7532467532468
A_PA	1850	233	A	3	0	230	20
A_PA	1851	234	A	2	0	232	21.2586206896552
A_PA	1852	235	A	1	0	231	25.7792207792208
A_PA	1853	236	C	0	0	234	24.4529914529915
A_PA	1854	235	A	1	0	233	23.6137339055794
A_PA	1855	236	T	0	0	236	23.3813559322034
A_PA	1856	236	G	0	0	235	23.5829787234043
A_PA	1857	236	G	0	0	233	23.1459227467811
A_PA	1858	234	C	2	0	233	23.7210300429185
A_PA	1859	234	C	2	0	230	25.9173913043478
A_PA	1860	233	A	3	0	229	26.1004366812227
A_PA	1861	235	A	1	0	233	25.4420600858369
A_PA	1862	235	T	1	0	235	23.8851063829787
A_PA	1863	217	C	19	0	197	22.4720812182741
A_PA	1864	230	G	6	0	228	18.8947368421053
A_PA	1865	233	G	3	0	230	18.9652173913043
A_PA	1866	233	A	3	0	231	19.0606060606061
A_PA	1867	233	G	3	0	221	20.9049773755656
A_PA	1868	233	A	3	0	231	25.2121212121212
A_PA	1869	233	G	3	0	228	21.2280701754386
A_PA	1870	230	T	6	0	224	20.3303571428571
A_PA	1871	229	C	7	0	227	20.7973568281938
A_PA	1872	231	A	5	0	227	20.6123348017621
A_PA	1873	203	C	33	0	199	23.4120603015075
A_PA	1874	232	C	4	0	228	22.6359649122807
A_PA	1875	230	C	6	0	226	22.3407079646018
A_PA	1876	230	A	6	0	228	20.4736842105263
A_PA	1877	222	G	14	0	219	23.4292237442922
A_PA	1878	234	G	2	0	233	23.1802575107296
A_PA	1879	234	G	2	0	234	23.6111111111111
A_PA	1880	234	G	2	0	231	26.995670995671
A_PA	1881	233	A	3	0	232	26.6465517241379
A_PA	1882	234	G	2	0	232	23.6637931034483
A_PA	1883	231	T	5	0	229	21.3187772925764
A_PA	1884	225	A	11	0	224	20.3482142857143
A_PA	1885	226	G	10	0	222	19.7522522522523
A_PA	1886	230	A	6	0	229	19.4323144104803
A_PA	1887	234	A	2	0	232	22.3060344827586
A_PA	1888	234	G	2	0	233	21.3218884120172
A_PA	1889	234	A	2	0	232	24.1724137931034
A_PA	1890	235	A	1	0	235	25.2127659574468
A_PA	1891	235	G	1	0	232	25.0560344827586
A_PA	1892	236	G	0	0	236	25.5677966101695
A_PA	1893	235	C	1	0	234	25.534188034188
A_PA	1894	236	T	0	0	234	26.1068376068376
A_PA	1895	234	C	2	0	231	26.2467532467532
A_PA	1896	235	T	1	0	230	25.7782608695652
A_PA	1897	232	A	4	0	229	23.9475982532751
A_PA	1898	233	T	3	0	230	23.7086956521739
A_PA	1899	235	T	1	0	233	23.3733905579399
A_PA	1900	233	G	3	0	232	23.5991379310345
A_PA	1901	234	G	2	0	232	24.2844827586207
A_PA	1902	228	A	8	0	226	27.0442477876106
A_PA	1903	234	A	2	0	233	29.4935622317597
A_PA	1904	234	A	2	0	233	29.1587982832618
A_PA	1905	234	A	2	0	229	28.7598253275109
A_PA	1906	234	G	2	0	233	25.9356223175966
A_PA	1907	233	T	3	0	232	24.4310344827586
A_PA	1908	233	A	3	0	230	23.7869565217391
A_PA	1909	230	T	6	0	228	24.0921052631579
A_PA	1910	228	G	7	0	223	23.2466367713004
A_PA	1911	232	C	3	0	227	23.2026431718062
A_PA	1912	233	A	2	0	230	23.4608695652174
A_PA	1913	230	G	5	0	226	24.3849557522124
A_PA	1914	234	A	1	0	233	26.4463519313305
A_PA	1915	234	A	1	0	232	26.3362068965517
A_PA	1916	233	C	2	0	232	26.2801724137931
A_PA	1917	233	C	2	0	231	25.4415584415584
A_PA	1918	233	T	2	0	231	25.7402597402597
A_PA	1919	233	T	2	0	231	26.4025974025974
A_PA	1920	232	A	3	0	230	24.304347826087
A_PA	1921	235	C	0	0	233	24.244635193133
A_PA	1922	235	T	0	0	232	24.051724137931
A_PA	1923	234	G	1	0	234	25.8675213675214
A_PA	1924	235	G	1	0	235	27.5744680851064
A_PA	1925	231	C	5	0	231	29.8095238095238
A_PA	1926	229	A	7	0	227	28.6740088105727
A_PA	1927	234	A	2	0	234	28.3247863247863
A_PA	1928	235	A	1	0	235	27.6510638297872
A_PA	1929	235	A	1	0	233	26.8454935622318
A_PA	1930	236	T	0	0	231	26.6580086580087
A_PA	1931	235	C	1	0	231	26.7272727272727
A_PA	1932	235	T	1	0	233	29.3047210300429
A_PA	1933	233	G	3	0	230	26.2304347826087
A_PA	1934	235	T	1	0	232	26.7758620689655
A_PA	1935	235	G	1	0	229	28.2882096069869
A_PA	1936	235	T	1	0	233	28.3605150214592
A_PA	1937	235	T	1	0	232	24.8405172413793
A_PA	1938	235	C	1	0	232	24.1422413793103
A_PA	1939	235	A	1	0	233	23.8154506437768
A_PA	1940	236	A	0	0	234	27.0042735042735
A_PA	1941	236	C	0	0	234	27.6025641025641
A_PA	1942	235	A	1	0	234	26.6538461538462
A_PA	1943	235	G	1	0	233	25.4849785407725
A_PA	1944	233	T	3	0	230	25.3
A_PA	1945	232	C	4	0	229	25.5152838427948
A_PA	1946	234	T	2	0	232	24.7758620689655
A_PA	1947	234	A	2	0	230	25.1347826086957
A_PA	1948	236	T	0	0	235	23.9617021276596
A_PA	1949	236	A	0	0	235	24.8127659574468
A_PA	1950	236	T	0	0	232	26.6422413793103
A_PA	1951	235	G	1	0	235	24.0170212765957
A_PA	1952	233	C	3	0	233	24.9484978540773
A_PA	1953	227	T	9	0	223	26.6008968609865
A_PA	1954	233	T	3	0	230	27.195652173913
A_PA	1955	234	C	2	0	231	27.2164502164502
A_PA	1956	232	T	4	0	228	28.2631578947368
A_PA	1957	233	C	2	0	231	28.7835497835498
A_PA	1958	233	C	2	0	231	29.030303030303
A_PA	1959	248	A	2	0	247	26.9676113360324
A_PA	1960	249	C	1	0	247	29.5991902834008
A_PA	1961	249	A	1	0	231	27.2813852813853
A_PA	1962	251	A	1	0	251	26.8486055776892
A_PA	1963	252	C	0	0	251	26.0796812749004
A_PA	1964	250	T	2	0	249	26.1606425702811
A_PA	1965	252	T	0	0	244	26.0614754098361
A_PA	1966	252	G	1	0	248	25.4274193548387
A_PA	1967	256	A	0	0	254	25.2244094488189
A_PA	1968	249	G	7	0	247	25.1578947368421
A_PA	1969	256	G	1	0	256	26.703125
A_PA	1970	256	G	1	0	255	28.0627450980392
A_PA	1971	255	G	2	0	252	28.1111111111111
A_PA	1972	253	T	4	0	250	25.216
A_PA	1973	256	T	1	0	253	26.2687747035573
A_PA	1974	256	T	1	0	251	26.2788844621514
A_PA	1975	255	T	2	0	253	27.6442687747036
A_PA	1976	252	C	5	0	252	26.5396825396825
A_PA	1977	257	A	0	0	255	26.0313725490196
A_PA	1978	256	G	1	0	254	25.5393700787402
A_PA	1979	256	C	1	0	255	25.8862745098039
A_PA	1980	254	T	3	0	252	27.265873015873
A_PA	1981	256	G	1	0	245	24.8897959183673
A_PA	1982	256	A	1	0	250	24.14
A_PA	1983	255	A	2	0	251	23.8605577689243
A_PA	1984	255	T	2	0	254	23.3897637795276
A_PA	1985	249	C	8	0	245	25.0612244897959
A_PA	1986	246	A	11	0	244	23.2131147540984
A_PA	1987	250	A	7	0	249	23.0361445783133
A_PA	1988	251	G	6	0	248	23.5927419354839
A_PA	1989	248	A	9	0	247	24.7975708502024
A_PA	1990	253	A	4	0	250	24.96
A_PA	1991	253	A	4	0	251	26.2629482071713
A_PA	1992	254	A	3	0	251	26.1155378486056
A_PA	1993	254	T	3	0	249	24.5542168674699
A_PA	1994	255	T	2	0	253	25.2845849802372
A_PA	1995	254	G	3	0	251	23.4661354581673
A_PA	1996	253	C	4	0	249	24.2168674698795
A_PA	1997	256	T	1	0	254	26.3622047244094
A_PA	1998	256	T	1	0	254	25.3858267716535
A_PA	1999	256	C	1	0	255	25.8392156862745
A_PA	2000	255	T	2	0	252	28.0952380952381
A_PA	2001	256	C	1	0	253	27.0158102766798
A_PA	2002	256	A	1	0	255	24.9764705882353
A_PA	2003	257	T	0	0	256	25.7109375
A_PA	2004	256	T	1	0	256	24.97265625
A_PA	2005	255	G	2	0	253	24.6086956521739
A_PA	2006	255	T	2	0	252	24.5
A_PA	2007	255	T	2	0	253	23.9841897233202
A_PA	2008	255	C	2	0	255	23.3450980392157
A_PA	2009	253	A	4	0	252	24.1111111111111
A_PA	2010	254	G	3	0	253	25.9525691699605
A_PA	2011	256	G	1	0	256	25.36328125
A_PA	2012	256	C	1	0	255	26.0274509803922
A_PA	2013	256	A	1	0	254	25.244094488189
A_PA	2014	257	C	0	0	257	24.704280155642
A_PA	2015	256	T	1	0	254	24.5314960629921
A_PA	2016	255	T	2	0	253	23.0909090909091
A_PA	2017	253	A	4	0	251	21.2589641434263
A_PA	2018	256	G	1	0	253	21.7391304347826
A_PA	2019	256	G	1	0	256	22.125
A_PA	2020	255	G	2	0	252	24.2063492063492
A_PA	2021	255	A	2	0	255	25.5019607843137
A_PA	2022	256	C	1	0	254	25.992125984252
A_PA	2023	257	A	0	0	257	24.15953307393
A_PA	2024	257	A	0	0	256	23.48046875
A_PA	2025	257	C	0	0	255	23.6313725490196
A_PA	2026	257	C	0	0	256	24.80859375
A_PA	2027	257	T	0	0	255	26.443137254902
A_PA	2028	254	G	3	0	252	26.9166666666667
A_PA	2029	256	G	1	0	252	26.5674603174603
A_PA	2030	256	A	1	0	254	27.1929133858268
A_PA	2031	255	A	2	0	253	26.5059288537549
A_PA	2032	254	C	3	0	253	27.1897233201581
A_PA	2033	254	C	3	0	221	28.1493212669683
A_PA	2034	256	T	1	0	256	27.828125
A_PA	2035	255	G	2	0	250	28.756
A_PA	2036	255	G	2	0	250	29.764
A_PA	2037	256	A	1	0	253	29.6758893280632
A_PA	2038	256	A	1	0	255	29.4549019607843
A_PA	2039	256	C	1	0	252	27.1031746031746
A_PA	2040	256	C	1	0	256	26.3984375
A_PA	2041	250	T	7	0	250	27.256
A_PA	2042	253	T	4	0	252	28.0238095238095
A_PA	2043	253	T	4	0	251	28.6772908366534
A_PA	2044	253	G	4	0	252	25.0238095238095
A_PA	2045	253	A	4	0	252	26.3412698412698
A_PA	2046	256	T	1	0	255	25.6313725490196
A_PA	2047	256	C	1	0	254	24.1653543307087
A_PA	2048	256	T	1	0	253	25.5652173913043
A_PA	2049	256	T	1	0	255	25.7607843137255
A_PA	2050	217	G	40	0	212	23.2641509433962
A_PA	2051	248	G	9	0	248	24.5524193548387
A_PA	2052	252	G	5	0	248	24.2016129032258
A_PA	2053	256	G	1	0	256	27.59765625
A_PA	2054	255	G	2	0	251	28.5458167330677
A_PA	2055	254	G	3	0	254	25.5669291338583
A_PA	2056	252	C	5	0	250	24.412
A_PA	2057	251	T	6	0	244	25.3524590163934
A_PA	2058	255	A	2	0	247	24.9716599190283
A_PA	2059	257	T	0	0	253	24.3320158102767
A_PA	2060	256	A	1	0	253	23.8577075098814
A_PA	2061	254	T	3	0	244	25.7622950819672
A_PA	2062	255	G	2	0	247	21.2186234817814
A_PA	2063	254	A	3	0	248	20.8104838709677
A_PA	2064	255	A	2	0	254	20.8818897637795
A_PA	2065	254	G	3	0	253	21.8656126482213
A_PA	2066	254	C	3	0	252	23.3611111111111
A_PA	2067	255	A	2	0	253	22.9841897233202
A_PA	2068	257	A	0	0	257	22.9143968871595
A_PA	2069	257	T	0	0	255	22.9686274509804
A_PA	2070	236	C	21	0	222	20.3288288288288
A_PA	2071	253	G	4	0	245	18.8571428571429
A_PA	2072	254	A	3	0	251	18.2430278884462
A_PA	2073	251	G	6	0	247	19.9554655870445
A_PA	2074	253	G	4	0	247	21.3643724696356
A_PA	2075	254	A	3	0	252	23.1031746031746
A_PA	2076	253	G	4	0	245	24.3673469387755
A_PA	2077	255	T	2	0	252	23.015873015873
A_PA	2078	253	G	4	0	246	23.3211382113821
A_PA	2079	253	C	3	0	239	23.7907949790795
A_PA	2080	250	T	6	0	242	23.0330578512397
A_PA	2081	256	T	0	0	251	23.0916334661355
A_PA	2082	255	G	0	0	249	22.855421686747
A_PA	2083	255	A	0	0	252	23.1825396825397
A_PA	2084	255	T	0	0	253	23.9644268774704
A_PA	2085	254	T	1	0	251	23.9123505976096
A_PA	2086	253	A	2	0	252	24.0357142857143
A_PA	2087	254	A	1	0	251	25.406374501992
A_PA	2088	252	T	3	0	251	26.8685258964143
A_PA	2089	251	G	3	0	245	27.1551020408163
A_PA	2090	253	A	1	0	250	26.304
A_PA	2091	253	T	1	0	251	25.808764940239
A_PA	2092	251	C	3	0	246	24.8455284552846
A_PA	2093	251	C	3	0	249	25.5261044176707
A_PA	2094	251	C	3	0	251	26.8167330677291
A_PA	2095	251	T	3	0	250	26.976
A_PA	2096	251	G	3	0	248	27.8225806451613
A_PA	2097	253	G	1	0	252	28.6309523809524
A_PA	2098	252	G	2	0	250	27.712
A_PA	2099	250	T	4	0	246	29.2926829268293
A_PA	2100	252	T	2	0	249	27.8273092369478
A_PA	2101	251	T	3	0	250	27.16
A_PA	2102	251	T	3	0	247	29.502024291498
A_PA	2103	251	G	3	0	250	28.564
A_PA	2104	250	C	4	0	249	26.5983935742972
A_PA	2105	248	T	6	0	245	26.3265306122449
A_PA	2106	250	T	4	0	245	25.4448979591837
A_PA	2107	251	A	3	0	245	24.4122448979592
A_PA	2108	253	A	1	0	250	25.636
A_PA	2109	253	T	1	0	251	27.2788844621514
A_PA	2110	252	G	2	0	252	27.3174603174603
A_PA	2111	252	C	2	0	252	27.6428571428571
A_PA	2112	252	A	2	0	252	27.2261904761905
A_PA	2113	251	T	3	0	250	26.508
A_PA	2114	254	C	0	0	251	25.6175298804781
A_PA	2115	252	T	2	0	249	27.3935742971888
A_PA	2116	253	T	1	0	248	27.8024193548387
A_PA	2117	250	G	4	0	247	24.5384615384615
A_PA	2118	251	G	3	0	245	25.1632653061224
A_PA	2119	252	T	2	0	251	24.3386454183267
A_PA	2120	253	T	1	0	250	23.78
A_PA	2121	250	C	4	0	229	23.8427947598253
A_PA	2122	252	A	2	0	244	24.577868852459
A_PA	2123	252	A	2	0	247	24.2874493927125
A_PA	2124	247	C	7	0	240	24.4083333333333
A_PA	2125	254	T	0	0	248	25.0887096774194
A_PA	2126	252	C	2	0	244	25.0450819672131
A_PA	2127	254	C	0	0	253	24.0790513833992
A_PA	2128	251	T	3	0	248	25.0483870967742
A_PA	2129	253	T	1	0	251	24.402390438247
A_PA	2130	250	C	4	0	250	23.66
A_PA	2131	253	C	1	0	251	24.3227091633466
A_PA	2132	253	T	1	0	250	23.796
A_PA	2133	250	C	3	0	249	23.9437751004016
A_PA	2134	251	A	2	0	248	24.0120967741935
A_PA	2135	252	C	0	0	251	24.8525896414343
A_PA	2136	252	A	0	0	250	27.848
A_PA	2137	252	C	0	0	251	49.4741035856574
A_PA	2138	251	A	1	0	250	24.108
A_PA	2139	250	T	2	0	250	23.288
A_PA	2140	250	G	1	0	248	23.1491935483871
A_PA	2141	251	C	0	0	251	23.4183266932271
A_PA	2142	251	A	0	0	250	24.656
A_PA	2143	251	C	0	0	249	24.7068273092369
A_PA	2144	251	T	0	0	249	24.5020080321285
A_PA	2145	251	G	0	0	248	23.8064516129032
A_PA	2146	250	A	1	0	249	23.4176706827309
A_PA	2147	251	A	0	0	249	22.5943775100402
A_PA	2148	250	G	0	0	249	22.4136546184739
A_PA	2149	250	T	0	0	249	22.6064257028112
A_PA	2150	245	A	0	0	245	22.5224489795918
A_PA	2151	243	G	0	0	243	24.0534979423868
