Reference_Name	Position	Coverage Depth	Consensus	Deletions	Ambiguous	Consensus_Count	Consensus_Average_Quality
A_PB2	1	104	A	0	0	104	18.0480769230769
A_PB2	2	108	T	0	0	108	18.1574074074074
A_PB2	3	110	G	0	0	110	17.7181818181818
A_PB2	4	113	G	0	0	112	18.0535714285714
A_PB2	5	113	A	0	0	113	20.2035398230088
A_PB2	6	111	G	2	0	110	20.9636363636364
A_PB2	7	110	A	3	0	110	25.8181818181818
A_PB2	8	112	G	1	0	102	34.921568627451
A_PB2	9	112	A	1	0	111	21.1531531531532
A_PB2	10	112	A	1	0	108	18.6018518518519
A_PB2	11	112	T	1	0	110	17.1818181818182
A_PB2	12	112	A	1	0	111	16.7927927927928
A_PB2	13	113	A	0	0	113	18.1592920353982
A_PB2	14	113	A	0	0	112	20.6607142857143
A_PB2	15	112	A	1	0	111	23.7567567567568
A_PB2	16	111	G	3	0	108	21.712962962963
A_PB2	17	112	A	3	0	112	20.0178571428571
A_PB2	18	111	G	4	0	109	19.0366972477064
A_PB2	19	111	C	4	0	109	19.2752293577982
A_PB2	20	111	T	4	0	111	19.9279279279279
A_PB2	21	109	G	6	0	104	18.1634615384615
A_PB2	22	107	A	8	0	103	17.1844660194175
A_PB2	23	110	G	5	0	109	15.7339449541284
A_PB2	24	112	A	3	0	110	23.4090909090909
A_PB2	25	112	G	3	0	108	32.1944444444444
A_PB2	26	111	A	4	0	108	20.8981481481481
A_PB2	27	114	T	1	0	113	19.4424778761062
A_PB2	28	112	C	3	0	106	18.2169811320755
A_PB2	29	113	T	2	0	111	18.5315315315315
A_PB2	30	113	A	2	0	109	16.5321100917431
A_PB2	31	115	A	0	0	115	16.6
A_PB2	32	114	T	1	0	112	19.8303571428571
A_PB2	33	114	G	1	0	111	20.1621621621622
A_PB2	34	113	T	2	0	111	18.7117117117117
A_PB2	35	112	C	3	0	106	17.0660377358491
A_PB2	36	113	G	2	0	106	15.2735849056604
A_PB2	37	113	C	2	0	111	15.1081081081081
A_PB2	38	115	A	0	0	110	16.5454545454545
A_PB2	39	110	G	5	0	106	17.5188679245283
A_PB2	40	111	T	4	0	109	18.1834862385321
A_PB2	41	112	C	3	0	109	16.9816513761468
A_PB2	42	113	T	2	0	110	16.4636363636364
A_PB2	43	111	C	4	0	106	16.5094339622642
A_PB2	44	113	G	2	0	109	15.394495412844
A_PB2	45	114	C	1	0	114	16.2456140350877
A_PB2	46	114	A	1	0	111	16.1801801801802
A_PB2	47	115	C	0	0	114	16.8859649122807
A_PB2	48	115	T	0	0	114	18.8157894736842
A_PB2	49	113	C	2	0	107	18.4579439252336
A_PB2	50	115	G	0	0	108	15.1944444444444
A_PB2	51	115	C	0	0	112	16.1785714285714
A_PB2	52	113	G	2	0	112	14.4375
A_PB2	53	115	A	0	0	112	15.5803571428571
A_PB2	54	115	G	0	0	114	16.0175438596491
A_PB2	55	113	A	2	0	111	17.4954954954955
A_PB2	56	115	T	0	0	113	17.7787610619469
A_PB2	57	113	A	2	0	109	16.8807339449541
A_PB2	58	114	C	1	0	111	16.1621621621622
A_PB2	59	113	T	2	0	111	16.1711711711712
A_PB2	60	115	C	0	0	113	16.4690265486726
A_PB2	61	115	A	0	0	112	16.6160714285714
A_PB2	62	115	C	0	0	113	18.0176991150442
A_PB2	63	114	T	1	0	111	17.1531531531532
A_PB2	64	110	A	5	0	110	16.9909090909091
A_PB2	65	113	A	2	0	113	17.929203539823
A_PB2	66	113	G	2	0	111	17.009009009009
A_PB2	67	113	A	2	0	112	19.3571428571429
A_PB2	68	113	C	2	0	113	19.283185840708
A_PB2	69	115	C	0	0	114	19.9035087719298
A_PB2	70	115	A	0	0	115	21.8434782608696
A_PB2	71	115	C	0	0	115	24.5565217391304
A_PB2	72	115	T	0	0	113	24.4070796460177
A_PB2	73	115	G	0	0	115	23.6521739130435
A_PB2	74	115	T	0	0	112	25.2946428571429
A_PB2	75	115	G	0	0	115	22.9217391304348
A_PB2	76	115	G	0	0	114	21.1140350877193
A_PB2	77	114	A	1	0	113	20.7699115044248
A_PB2	78	115	C	0	0	115	20.5391304347826
A_PB2	79	114	C	1	0	113	21.4867256637168
A_PB2	80	112	A	3	0	112	22.7767857142857
A_PB2	81	112	T	3	0	111	18.7477477477477
A_PB2	82	111	A	4	0	110	17.4
A_PB2	83	111	T	4	0	107	18.4392523364486
A_PB2	84	111	G	4	0	109	17.1651376146789
A_PB2	85	111	G	4	0	111	20
A_PB2	86	109	C	6	0	109	24.2844036697248
A_PB2	87	109	C	6	0	108	25.5833333333333
A_PB2	88	109	A	6	0	108	25.1666666666667
A_PB2	89	109	T	6	0	109	23.4403669724771
A_PB2	90	109	C	6	0	107	21.3738317757009
A_PB2	91	109	A	6	0	107	20.981308411215
A_PB2	92	109	T	6	0	109	19.5412844036697
A_PB2	93	108	C	7	0	106	19.9622641509434
A_PB2	94	106	A	9	0	104	19.0576923076923
A_PB2	95	108	A	7	0	108	19.0740740740741
A_PB2	96	109	G	6	0	108	19.7962962962963
A_PB2	97	109	A	6	0	109	19.0825688073394
A_PB2	98	108	A	7	0	106	20.6603773584906
A_PB2	99	108	G	7	0	107	20.4392523364486
A_PB2	100	108	T	7	0	105	18.8857142857143
A_PB2	101	108	A	7	0	105	18.8380952380952
A_PB2	102	108	C	7	0	108	18.6481481481481
A_PB2	103	108	A	7	0	107	18.0841121495327
A_PB2	104	109	C	6	0	109	24.7889908256881
A_PB2	105	113	A	2	0	112	22.9910714285714
A_PB2	106	113	T	2	0	111	19.3513513513514
A_PB2	107	111	C	4	0	109	19.4678899082569
A_PB2	108	113	G	2	0	112	16.125
A_PB2	109	115	G	0	0	115	16.1130434782609
A_PB2	110	115	G	0	0	114	16.5789473684211
A_PB2	111	115	A	0	0	114	17.9035087719298
A_PB2	112	115	A	0	0	114	23.2719298245614
A_PB2	113	114	G	1	0	114	21.1842105263158
A_PB2	114	113	A	2	0	113	20.7522123893805
A_PB2	115	115	C	0	0	114	19.5350877192982
A_PB2	116	110	A	5	0	110	19.1909090909091
A_PB2	117	112	A	3	0	111	18.045045045045
A_PB2	118	112	G	3	0	112	16.8392857142857
A_PB2	119	109	A	6	0	107	18.5700934579439
A_PB2	120	111	G	4	0	108	24.1944444444444
A_PB2	121	110	A	5	0	109	22.0275229357798
A_PB2	122	112	A	3	0	111	21.1081081081081
A_PB2	123	112	G	3	0	110	20.3454545454545
A_PB2	124	112	A	3	0	110	21.3181818181818
A_PB2	125	111	A	3	0	110	21.1545454545455
A_PB2	126	108	C	6	0	105	20.2285714285714
A_PB2	127	113	C	1	0	113	19.9380530973451
A_PB2	128	114	C	0	0	114	23.0964912280702
A_PB2	129	113	C	1	0	110	24.3636363636364
A_PB2	130	113	G	1	0	108	20.287037037037
A_PB2	131	114	C	0	0	114	19.859649122807
A_PB2	132	114	G	0	0	105	19.552380952381
A_PB2	133	113	C	1	0	113	21.141592920354
A_PB2	134	114	T	0	0	114	20.2982456140351
A_PB2	135	111	C	3	0	109	21.6605504587156
A_PB2	136	112	A	2	0	111	22.8378378378378
A_PB2	137	114	G	0	0	114	23.0964912280702
A_PB2	138	114	G	0	0	113	21.7610619469027
A_PB2	139	114	A	0	0	113	21.3362831858407
A_PB2	140	114	T	0	0	112	21.0803571428571
A_PB2	141	114	G	0	0	113	20.4690265486726
A_PB2	142	113	A	1	0	112	20.7142857142857
A_PB2	143	114	A	0	0	114	20.2280701754386
A_PB2	144	114	G	0	0	113	21.0530973451327
A_PB2	145	114	T	0	0	114	21.4912280701754
A_PB2	146	114	G	0	0	114	20.780701754386
A_PB2	147	114	G	0	0	114	21.8421052631579
A_PB2	148	114	A	0	0	112	22.4285714285714
A_PB2	149	114	T	0	0	114	22.8421052631579
A_PB2	150	114	G	0	0	113	21.7433628318584
A_PB2	151	114	A	0	0	113	20.283185840708
A_PB2	152	114	T	0	0	114	20.859649122807
A_PB2	153	114	G	0	0	114	21.0263157894737
A_PB2	154	114	G	0	0	113	21.7345132743363
A_PB2	155	114	C	0	0	114	25.3859649122807
A_PB2	156	114	A	0	0	113	24.5309734513274
A_PB2	157	114	A	0	0	114	22.7105263157895
A_PB2	158	114	T	0	0	114	21.5
A_PB2	159	114	G	0	0	114	20.9736842105263
A_PB2	160	114	A	0	0	113	21.6017699115044
A_PB2	161	114	A	0	0	114	21.8508771929825
A_PB2	162	114	A	0	0	114	23.1842105263158
A_PB2	163	114	T	0	0	113	21.1769911504425
A_PB2	164	114	A	0	0	114	19.640350877193
A_PB2	165	113	C	1	0	112	19.4732142857143
A_PB2	166	114	C	0	0	114	19.6228070175439
A_PB2	167	114	C	0	0	114	23.5964912280702
A_PB2	168	113	A	1	0	109	24.8073394495413
A_PB2	169	114	A	0	0	113	23.7522123893805
A_PB2	170	114	T	0	0	113	19.2566371681416
A_PB2	171	114	T	0	0	113	19.1858407079646
A_PB2	172	113	A	1	0	111	19.5855855855856
A_PB2	173	113	C	1	0	111	19.0630630630631
A_PB2	174	114	G	0	0	112	17.9196428571429
A_PB2	175	114	G	0	0	114	17.2719298245614
A_PB2	176	113	C	1	0	113	17.8318584070796
A_PB2	177	114	A	0	0	112	18.8125
A_PB2	178	113	G	1	0	113	22.7699115044248
A_PB2	179	114	A	0	0	114	22.5964912280702
A_PB2	180	114	C	0	0	114	22.5789473684211
A_PB2	181	107	A	7	0	106	21.7264150943396
A_PB2	182	105	A	8	0	105	20.047619047619
A_PB2	183	105	G	8	0	102	19.3823529411765
A_PB2	184	108	A	5	0	106	21.2358490566038
A_PB2	185	111	G	2	0	111	23.2612612612613
A_PB2	186	110	A	3	0	109	20.1009174311927
A_PB2	187	112	A	1	0	111	20.5585585585586
A_PB2	188	112	T	1	0	111	17.6036036036036
A_PB2	189	111	A	2	0	111	17.4594594594595
A_PB2	190	112	A	1	0	112	17.5357142857143
A_PB2	191	111	T	2	0	111	18.4504504504505
A_PB2	192	111	G	2	0	110	20.4636363636364
A_PB2	193	112	G	1	0	111	20.4684684684685
A_PB2	194	111	A	2	0	108	21.4259259259259
A_PB2	195	112	C	1	0	111	22.5765765765766
A_PB2	196	113	A	0	0	112	21.8303571428571
A_PB2	197	113	T	0	0	112	17.8571428571429
A_PB2	198	113	A	0	0	110	17.1454545454545
A_PB2	199	113	A	0	0	112	17.3125
A_PB2	200	113	T	0	0	112	17.4910714285714
A_PB2	201	107	C	6	0	105	19.0095238095238
A_PB2	202	113	C	0	0	113	19.6548672566372
A_PB2	203	111	C	2	0	110	20.0818181818182
A_PB2	204	98	A	15	0	97	19.7216494845361
A_PB2	205	101	G	12	0	98	22.9285714285714
A_PB2	206	111	A	2	0	111	20.1261261261261
A_PB2	207	112	G	1	0	111	34.8288288288288
A_PB2	208	113	A	0	0	113	35.5132743362832
A_PB2	209	113	G	0	0	112	30.4375
A_PB2	210	113	G	0	0	111	19.5495495495495
A_PB2	211	112	A	1	0	110	20.3272727272727
A_PB2	212	113	A	0	0	113	22.4778761061947
A_PB2	213	113	T	0	0	113	20.4867256637168
A_PB2	214	113	G	0	0	111	18.5675675675676
A_PB2	215	112	A	1	0	111	19.2072072072072
A_PB2	216	113	A	0	0	112	18.2589285714286
A_PB2	217	112	C	1	0	111	19.7837837837838
A_PB2	218	113	A	0	0	112	20.6339285714286
A_PB2	219	113	A	0	0	113	20.3982300884956
A_PB2	220	106	G	1	0	106	20.7264150943396
A_PB2	221	106	G	1	0	106	20.0283018867925
A_PB2	222	106	A	0	0	106	21.2452830188679
A_PB2	223	106	C	0	0	106	22.122641509434
A_PB2	224	105	A	1	0	105	19.6857142857143
A_PB2	225	104	G	2	0	103	19.2815533980583
A_PB2	226	104	A	2	0	102	19.7549019607843
A_PB2	227	106	C	0	0	104	20.2211538461538
A_PB2	228	106	C	0	0	105	20.4666666666667
A_PB2	229	106	C	0	0	105	22.4761904761905
A_PB2	230	106	T	0	0	103	25.0291262135922
A_PB2	231	106	C	0	0	104	22.1153846153846
A_PB2	232	106	T	0	0	106	22.5660377358491
A_PB2	233	106	G	0	0	106	22
A_PB2	234	106	G	0	0	106	21.5566037735849
A_PB2	235	106	A	0	0	105	21.4857142857143
A_PB2	236	105	G	1	0	103	21.2427184466019
A_PB2	237	106	C	0	0	105	22.1333333333333
A_PB2	238	101	A	5	0	100	22.42
A_PB2	239	106	A	0	0	106	21.0283018867925
A_PB2	240	106	A	0	0	105	22.7809523809524
A_PB2	241	106	A	0	0	104	25.1346153846154
A_PB2	242	105	T	1	0	105	22.4380952380952
A_PB2	243	106	G	0	0	106	20.188679245283
A_PB2	244	106	A	0	0	105	19.8380952380952
A_PB2	245	106	A	0	0	105	19.9428571428571
A_PB2	246	106	T	0	0	106	21.2735849056604
A_PB2	247	106	G	0	0	106	21.2169811320755
A_PB2	248	106	A	0	0	106	20.3679245283019
A_PB2	249	106	T	0	0	106	19.6698113207547
A_PB2	250	106	G	0	0	105	19.7047619047619
A_PB2	251	106	C	0	0	106	20.2924528301887
A_PB2	252	106	T	0	0	104	21.9326923076923
A_PB2	253	106	G	0	0	103	23.0582524271845
A_PB2	254	106	G	0	0	105	21.1714285714286
A_PB2	255	105	A	0	0	105	21.0666666666667
A_PB2	256	105	T	0	0	105	19.8666666666667
A_PB2	257	101	C	4	0	95	19.9263157894737
A_PB2	258	105	A	0	0	105	18.7714285714286
A_PB2	259	104	G	1	0	104	18.5192307692308
A_PB2	260	104	A	0	0	104	20.0288461538462
A_PB2	261	104	C	0	0	104	21.125
A_PB2	262	104	C	0	0	101	18.9306930693069
A_PB2	263	101	G	2	0	94	16.5212765957447
A_PB2	264	103	A	0	0	103	15.7378640776699
A_PB2	265	103	G	0	0	103	15.7572815533981
A_PB2	266	103	T	0	0	103	17.3592233009709
A_PB2	267	103	G	0	0	103	22.7184466019417
A_PB2	268	103	A	0	0	103	23.0388349514563
A_PB2	269	103	T	0	0	102	22.1470588235294
A_PB2	270	103	G	0	0	103	22.5533980582524
A_PB2	271	103	G	0	0	103	22.2233009708738
A_PB2	272	102	T	1	0	101	20.2277227722772
A_PB2	273	102	A	1	0	101	19.4752475247525
A_PB2	274	102	T	1	0	102	18.6862745098039
A_PB2	275	103	C	0	0	100	18.91
A_PB2	276	103	A	0	0	102	20.1862745098039
A_PB2	277	103	C	0	0	103	20.0485436893204
A_PB2	278	103	C	0	0	102	24.421568627451
A_PB2	279	103	T	0	0	102	24.7745098039216
A_PB2	280	102	C	1	0	101	24.0891089108911
A_PB2	281	102	T	1	0	102	24.7352941176471
A_PB2	282	102	G	1	0	102	25.1960784313725
A_PB2	283	103	G	0	0	103	26.9417475728155
A_PB2	284	101	C	0	0	101	25.6039603960396
A_PB2	285	101	A	0	0	100	24.9
A_PB2	286	101	G	0	0	100	24.03
A_PB2	287	101	T	0	0	100	22.01
A_PB2	288	100	A	1	0	100	19.39
A_PB2	289	101	A	0	0	101	19.0594059405941
A_PB2	290	101	C	0	0	101	18.970297029703
A_PB2	291	101	G	0	0	99	19.1111111111111
A_PB2	292	101	T	0	0	100	20.86
A_PB2	293	101	G	0	0	100	19.4
A_PB2	294	101	G	0	0	99	20.4444444444444
A_PB2	295	101	T	0	0	101	21.960396039604
A_PB2	296	101	G	0	0	101	22.6237623762376
A_PB2	297	101	G	0	0	100	23.36
A_PB2	298	100	A	1	0	98	24.234693877551
A_PB2	299	99	A	0	0	99	24.8585858585859
A_PB2	300	99	T	0	0	98	19.6836734693878
A_PB2	301	97	A	1	0	96	18.09375
A_PB2	302	98	G	0	0	97	17.6907216494845
A_PB2	303	98	G	0	0	97	16.9690721649485
A_PB2	304	98	A	0	0	95	19.4947368421053
A_PB2	305	98	A	0	0	97	22.1752577319588
A_PB2	306	98	T	0	0	98	20.9285714285714
A_PB2	307	97	G	1	0	87	20.3448275862069
A_PB2	308	97	G	1	0	97	19.9278350515464
A_PB2	309	98	T	0	0	96	17.28125
A_PB2	310	97	C	1	0	94	17.7446808510638
A_PB2	311	98	C	0	0	92	20.0434782608696
A_PB2	312	98	A	0	0	96	20.25
A_PB2	313	98	A	0	0	97	22.6082474226804
A_PB2	314	98	C	0	0	97	21.6185567010309
A_PB2	315	97	A	0	0	96	20.5833333333333
A_PB2	316	96	A	0	0	95	19.6421052631579
A_PB2	317	96	C	0	0	96	20.3229166666667
A_PB2	318	94	A	2	0	93	19.1182795698925
A_PB2	319	95	A	1	0	91	18.1868131868132
A_PB2	320	94	G	2	0	92	17.8152173913043
A_PB2	321	94	T	2	0	94	17.531914893617
A_PB2	322	96	A	0	0	93	18.0860215053763
A_PB2	323	96	C	0	0	94	18.3085106382979
A_PB2	324	95	A	1	0	94	17.9042553191489
A_PB2	325	94	G	2	0	94	19.0106382978723
A_PB2	326	94	T	2	0	92	18.304347826087
A_PB2	327	96	T	0	0	92	18.7065217391304
A_PB2	328	96	C	0	0	96	18.6041666666667
A_PB2	329	95	A	1	0	95	19.2315789473684
A_PB2	330	96	T	0	0	95	19.4736842105263
A_PB2	331	95	T	1	0	95	18.9157894736842
A_PB2	332	95	A	1	0	94	18.2553191489362
A_PB2	333	95	C	1	0	94	18.936170212766
A_PB2	334	96	C	0	0	96	19.53125
A_PB2	335	96	C	0	0	96	21.09375
A_PB2	336	96	T	0	0	95	22.9789473684211
A_PB2	337	92	A	3	0	91	20.2637362637363
A_PB2	338	94	A	1	0	94	19.436170212766
A_PB2	339	93	G	2	0	92	19.5652173913043
A_PB2	340	95	G	0	0	94	21.7021276595745
A_PB2	341	94	T	1	0	92	19.7391304347826
A_PB2	342	94	A	1	0	94	19.3829787234043
A_PB2	343	95	T	0	0	93	18.0215053763441
A_PB2	344	95	A	0	0	93	19.5483870967742
A_PB2	345	95	T	0	0	91	31.6813186813187
A_PB2	346	93	A	2	0	92	17.1195652173913
A_PB2	347	95	A	0	0	94	16.8404255319149
A_PB2	348	95	A	0	0	95	18.4947368421053
A_PB2	349	94	A	0	0	93	21.7311827956989
A_PB2	350	94	C	0	0	92	20.2065217391304
A_PB2	351	93	T	1	0	93	19.2795698924731
A_PB2	352	94	T	0	0	92	19.5
A_PB2	353	94	A	0	0	91	18.5274725274725
A_PB2	354	83	T	9	0	82	18.4390243902439
A_PB2	355	91	T	1	0	89	18.6629213483146
A_PB2	356	90	T	2	0	89	17.8988764044944
A_PB2	357	89	C	3	0	83	17.2048192771084
A_PB2	358	90	G	2	0	87	15.0919540229885
A_PB2	359	91	A	1	0	90	14.1666666666667
A_PB2	360	92	A	0	0	91	14.5494505494505
A_PB2	361	92	A	0	0	92	18.0869565217391
A_PB2	362	92	A	0	0	90	21.9444444444444
A_PB2	363	91	G	1	0	90	21.4555555555556
A_PB2	364	92	G	0	0	92	20.1413043478261
A_PB2	365	92	T	0	0	91	18.7032967032967
A_PB2	366	92	C	0	0	86	17.9302325581395
A_PB2	367	86	G	6	0	83	14.7951807228916
A_PB2	368	89	A	3	0	89	14.1460674157303
A_PB2	369	92	A	0	0	92	14.3369565217391
A_PB2	370	92	A	0	0	91	18.043956043956
A_PB2	371	92	G	0	0	92	21.6847826086957
A_PB2	372	92	G	0	0	92	21.5434782608696
A_PB2	373	89	T	3	0	87	19.2068965517241
A_PB2	374	92	T	0	0	92	18.3152173913043
A_PB2	375	89	A	3	0	88	17.2045454545455
A_PB2	376	92	A	0	0	91	17.8131868131868
A_PB2	377	92	A	0	0	90	18.5111111111111
A_PB2	378	92	C	0	0	91	18.3186813186813
A_PB2	379	92	C	0	0	90	19.5555555555556
A_PB2	380	92	A	0	0	91	18.7582417582418
A_PB2	381	92	T	0	0	91	19.1538461538462
A_PB2	382	91	G	1	0	89	18.314606741573
A_PB2	383	90	G	2	0	88	17.5227272727273
A_PB2	384	89	T	3	0	88	16.8863636363636
A_PB2	385	90	A	2	0	90	16
A_PB2	386	88	C	4	0	86	17.0116279069767
A_PB2	387	86	C	6	0	84	17.4047619047619
A_PB2	388	86	T	6	0	85	18.5411764705882
A_PB2	389	91	T	1	0	91	21.3186813186813
A_PB2	390	90	C	2	0	83	17.8192771084337
A_PB2	391	91	G	1	0	88	14.1363636363636
A_PB2	392	92	G	0	0	92	14.6195652173913
A_PB2	393	92	C	0	0	88	14.9772727272727
A_PB2	394	92	C	0	0	92	16.1195652173913
A_PB2	395	91	C	1	0	91	21.2197802197802
A_PB2	396	88	T	4	0	87	22.1724137931034
A_PB2	397	91	G	1	0	89	21.0898876404494
A_PB2	398	91	T	1	0	89	19.2022471910112
A_PB2	399	89	C	3	0	88	19.5795454545455
A_PB2	400	91	C	1	0	88	18.6590909090909
A_PB2	401	91	A	1	0	90	17.9444444444444
A_PB2	402	92	C	0	0	88	19.3522727272727
A_PB2	403	88	T	4	0	86	18.953488372093
A_PB2	404	91	T	1	0	91	17.5274725274725
A_PB2	405	90	C	2	0	85	16.5764705882353
A_PB2	406	88	A	4	0	87	18.1034482758621
A_PB2	407	89	G	3	0	87	20.9655172413793
A_PB2	408	91	A	1	0	90	19.7222222222222
A_PB2	409	92	A	0	0	92	19.4891304347826
A_PB2	410	92	A	0	0	92	20
A_PB2	411	92	T	0	0	92	19.6739130434783
A_PB2	412	91	C	1	0	88	18.2840909090909
A_PB2	413	91	A	1	0	88	16.875
A_PB2	414	91	A	1	0	91	16.7582417582418
A_PB2	415	91	G	1	0	90	18.1555555555556
A_PB2	416	90	T	2	0	90	17.8555555555556
A_PB2	417	90	T	2	0	88	18.5568181818182
A_PB2	418	87	A	4	0	85	17.9882352941176
A_PB2	419	90	A	1	0	90	17.9222222222222
A_PB2	420	89	A	2	0	89	19.876404494382
A_PB2	421	89	A	2	0	86	22.7790697674419
A_PB2	422	90	T	1	0	89	19.0898876404494
A_PB2	423	87	A	4	0	87	17.4252873563218
A_PB2	424	88	A	3	0	86	16.5116279069767
A_PB2	425	86	G	5	0	86	17.6511627906977
A_PB2	426	91	G	0	0	88	18.3863636363636
A_PB2	427	91	A	0	0	91	18.4725274725275
A_PB2	428	90	G	1	0	90	19.6111111111111
A_PB2	429	91	G	0	0	89	19.8202247191011
A_PB2	430	91	A	0	0	91	19.8241758241758
A_PB2	431	91	G	0	0	88	19.8977272727273
A_PB2	432	90	A	1	0	88	21.9659090909091
A_PB2	433	89	G	2	0	87	20.183908045977
A_PB2	434	89	T	2	0	87	17.4597701149425
A_PB2	435	89	T	2	0	86	17.2441860465116
A_PB2	436	89	G	2	0	88	15.8295454545455
A_PB2	437	89	A	2	0	89	16.0112359550562
A_PB2	438	89	T	2	0	83	15.9156626506024
A_PB2	439	89	A	2	0	88	15.9090909090909
A_PB2	440	85	C	6	0	81	15.7901234567901
A_PB2	441	87	G	4	0	81	13.6913580246914
A_PB2	442	90	A	1	0	90	13.6666666666667
A_PB2	443	90	A	0	0	89	14.123595505618
A_PB2	444	90	C	0	0	86	16.093023255814
A_PB2	445	90	C	0	0	89	20.9325842696629
A_PB2	446	90	C	0	0	89	21.561797752809
A_PB2	447	88	T	2	0	88	23
A_PB2	448	89	G	1	0	89	21.7303370786517
A_PB2	449	90	G	0	0	90	21.2777777777778
A_PB2	450	90	C	0	0	89	21.6067415730337
A_PB2	451	90	C	0	0	90	23.1444444444444
A_PB2	452	90	A	0	0	90	21.6222222222222
A_PB2	453	90	T	0	0	89	20.9550561797753
A_PB2	454	87	G	0	0	87	20.4367816091954
A_PB2	455	87	C	0	0	86	20.4767441860465
A_PB2	456	87	A	0	0	86	20.3372093023256
A_PB2	457	86	G	1	0	85	20.2823529411765
A_PB2	458	85	A	2	0	85	19.4117647058824
A_PB2	459	85	T	2	0	83	17.7710843373494
A_PB2	460	85	C	2	0	85	17.9176470588235
A_PB2	461	87	T	0	0	86	17.8837209302326
A_PB2	462	85	C	2	0	82	18.2926829268293
A_PB2	463	86	A	1	0	84	19.2380952380952
A_PB2	464	86	G	1	0	86	18.4883720930233
A_PB2	465	86	T	1	0	82	17.3292682926829
A_PB2	466	87	G	0	0	86	17.9186046511628
A_PB2	467	86	C	1	0	86	18.593023255814
A_PB2	468	87	C	0	0	86	17.9651162790698
A_PB2	469	84	A	3	0	84	19.5595238095238
A_PB2	470	87	A	0	0	87	20.0804597701149
A_PB2	471	87	G	0	0	86	20.4883720930233
A_PB2	472	87	G	0	0	87	20.4827586206897
A_PB2	473	87	A	0	0	87	20.8850574712644
A_PB2	474	85	G	2	0	84	21.1428571428571
A_PB2	475	87	G	0	0	87	20.7241379310345
A_PB2	476	86	C	1	0	85	20.8705882352941
A_PB2	477	86	A	1	0	86	20.3604651162791
A_PB2	478	85	C	2	0	85	21.3411764705882
A_PB2	479	86	A	1	0	85	21.2
A_PB2	480	85	G	1	0	83	20.2289156626506
A_PB2	481	85	G	1	0	84	19.3095238095238
A_PB2	482	85	A	1	0	85	18.9647058823529
A_PB2	483	85	T	1	0	84	19.3333333333333
A_PB2	484	86	G	0	0	85	18.3529411764706
A_PB2	485	85	T	1	0	85	18.7764705882353
A_PB2	486	86	G	0	0	84	18.8571428571429
A_PB2	487	86	A	0	0	86	19.3139534883721
A_PB2	488	86	T	0	0	86	19.5232558139535
A_PB2	489	86	T	0	0	84	18.6785714285714
A_PB2	490	86	A	0	0	86	16.2674418604651
A_PB2	491	86	T	0	0	86	17.3720930232558
A_PB2	492	84	G	0	0	84	17.0714285714286
A_PB2	493	83	G	1	0	82	17.3414634146341
A_PB2	494	83	A	1	0	83	20.5060240963855
A_PB2	495	83	A	1	0	81	21.5308641975309
A_PB2	496	83	G	1	0	83	20.1566265060241
A_PB2	497	81	T	2	0	81	19.1728395061728
A_PB2	498	81	T	2	0	81	19.2716049382716
A_PB2	499	82	G	1	0	81	19.2962962962963
A_PB2	500	82	T	1	0	82	19.0731707317073
A_PB2	501	83	T	0	0	81	20.8271604938272
A_PB2	502	83	T	0	0	83	20.8795180722892
A_PB2	503	83	T	0	0	81	24.2962962962963
A_PB2	504	81	C	2	0	79	22.873417721519
A_PB2	505	83	C	0	0	83	23.6867469879518
A_PB2	506	82	C	1	0	81	24.8765432098765
A_PB2	507	81	A	2	0	80	23.6625
A_PB2	508	83	A	0	0	83	24.2409638554217
A_PB2	509	83	A	0	0	82	23.4756097560976
A_PB2	510	83	T	0	0	82	23.280487804878
A_PB2	511	83	G	0	0	83	21.4457831325301
A_PB2	512	82	A	1	0	82	19.219512195122
A_PB2	513	82	A	1	0	81	18.6172839506173
A_PB2	514	81	G	2	0	81	18.9382716049383
A_PB2	515	81	T	2	0	81	18.5185185185185
A_PB2	516	75	G	8	0	75	18.5333333333333
A_PB2	517	76	G	7	0	76	19.4210526315789
A_PB2	518	78	G	5	0	77	20.1298701298701
A_PB2	519	79	G	4	0	77	21.7922077922078
A_PB2	520	79	G	4	0	78	21.2692307692308
A_PB2	521	80	C	3	0	79	18.493670886076
A_PB2	522	81	A	2	0	80	17.6375
A_PB2	523	83	A	0	0	83	16.9518072289157
A_PB2	524	83	G	0	0	79	17.2911392405063
A_PB2	525	81	A	2	0	78	18.0384615384615
A_PB2	526	82	A	1	0	81	17.1728395061728
A_PB2	527	81	T	2	0	81	13.4444444444444
A_PB2	528	81	A	2	0	80	13.4
A_PB2	529	81	C	2	0	77	14.8051948051948
A_PB2	530	83	T	0	0	82	14.3536585365854
A_PB2	531	83	G	0	0	80	16.025
A_PB2	532	83	A	0	0	82	16.9878048780488
A_PB2	533	82	C	1	0	82	19.0731707317073
A_PB2	534	82	A	1	0	82	18.6219512195122
A_PB2	535	82	T	1	0	82	17.6585365853659
A_PB2	536	81	C	2	0	81	18.9876543209877
A_PB2	537	83	A	0	0	83	18.6265060240964
A_PB2	538	83	G	0	0	82	18
A_PB2	539	83	A	0	0	82	19.280487804878
A_PB2	540	83	G	0	0	82	18.5609756097561
A_PB2	541	82	T	0	0	82	17.5731707317073
A_PB2	542	80	C	0	0	79	17.3037974683544
A_PB2	543	80	A	0	0	80	17.9625
A_PB2	544	80	C	0	0	80	18.275
A_PB2	545	80	A	0	0	77	20.7012987012987
A_PB2	546	80	G	0	0	78	19.1923076923077
A_PB2	547	80	C	0	0	79	19.7215189873418
A_PB2	548	80	T	0	0	80	19.95
A_PB2	549	80	G	0	0	79	20.9367088607595
A_PB2	550	76	G	0	0	74	22.1486486486486
A_PB2	551	76	C	0	0	76	22.8421052631579
A_PB2	552	76	A	0	0	76	22.8026315789474
A_PB2	553	76	A	0	0	76	22.4210526315789
A_PB2	554	76	T	0	0	76	18.7368421052632
A_PB2	555	75	A	1	0	73	17.6712328767123
A_PB2	556	75	A	1	0	75	17.0533333333333
A_PB2	557	75	C	1	0	75	17.2533333333333
A_PB2	558	70	A	6	0	69	18.3768115942029
A_PB2	559	74	A	1	0	74	18.7972972972973
A_PB2	560	74	A	1	0	74	20.6756756756757
A_PB2	561	74	A	1	0	74	22.0945945945946
A_PB2	562	74	G	1	0	73	21.4794520547945
A_PB2	563	73	A	1	0	72	20.9583333333333
A_PB2	564	72	G	2	0	72	22.7638888888889
A_PB2	565	67	A	7	0	67	22.5373134328358
A_PB2	566	67	A	7	0	67	20.4029850746269
A_PB2	567	67	G	7	0	66	19.6818181818182
A_PB2	568	63	A	11	0	63	20.4603174603175
A_PB2	569	72	A	2	0	72	19.7361111111111
A_PB2	570	72	A	2	0	72	19.3472222222222
A_PB2	571	72	G	2	0	71	17.3661971830986
A_PB2	572	72	A	2	0	72	19.3333333333333
A_PB2	573	66	A	8	0	66	22.0757575757576
A_PB2	574	65	G	9	0	64	19.34375
A_PB2	575	72	A	2	0	71	18.1830985915493
A_PB2	576	73	G	1	0	72	15.9166666666667
A_PB2	577	72	C	2	0	72	15.3055555555556
A_PB2	578	74	T	0	0	73	16.7123287671233
A_PB2	579	72	C	2	0	65	16
A_PB2	580	73	C	1	0	73	14.8630136986301
A_PB2	581	71	G	2	0	65	13.1538461538462
A_PB2	582	72	G	1	0	68	15.4705882352941
A_PB2	583	73	A	0	0	70	14.8
A_PB2	584	73	A	0	0	71	16.0704225352113
A_PB2	585	73	T	0	0	68	17.3823529411765
A_PB2	586	72	T	1	0	72	17.9722222222222
A_PB2	587	70	G	3	0	66	17.5606060606061
A_PB2	588	69	T	4	0	65	16.9076923076923
A_PB2	589	69	A	4	0	67	17.2835820895522
A_PB2	590	72	A	1	0	67	16.4626865671642
A_PB2	591	71	A	2	0	69	16.4927536231884
A_PB2	592	71	A	2	0	70	19.3428571428571
A_PB2	593	71	T	2	0	69	18.0869565217391
A_PB2	594	72	T	1	0	71	18.4225352112676
A_PB2	595	71	G	2	0	67	17.6716417910448
A_PB2	596	70	C	3	0	70	17.7285714285714
A_PB2	597	73	T	0	0	70	18.9857142857143
A_PB2	598	70	C	3	0	67	18.4776119402985
A_PB2	599	70	C	2	0	69	18.6521739130435
A_PB2	600	70	A	1	0	68	16.8970588235294
A_PB2	601	69	T	2	0	68	16.9411764705882
A_PB2	602	71	T	0	0	70	18.1857142857143
A_PB2	603	71	G	0	0	69	17.9710144927536
A_PB2	604	71	A	0	0	71	18.2676056338028
A_PB2	605	71	T	0	0	71	20.169014084507
A_PB2	606	71	G	0	0	70	20.4571428571429
A_PB2	607	70	G	0	0	69	19.9420289855072
A_PB2	608	70	T	0	0	70	20.6714285714286
A_PB2	609	70	G	0	0	68	20.4117647058824
A_PB2	610	69	G	1	0	69	20.0434782608696
A_PB2	611	69	C	1	0	68	19.1911764705882
A_PB2	612	70	G	0	0	69	17.1159420289855
A_PB2	613	70	T	0	0	70	17.0285714285714
A_PB2	614	70	A	0	0	70	16.9571428571429
A_PB2	615	69	C	1	0	69	18.7826086956522
A_PB2	616	70	A	0	0	69	18.463768115942
A_PB2	617	69	T	1	0	69	19.0869565217391
A_PB2	618	69	G	1	0	68	19.0882352941176
A_PB2	619	67	T	3	0	66	19.2878787878788
A_PB2	620	68	T	2	0	67	17.4925373134328
A_PB2	621	62	A	8	0	60	14.15
A_PB2	622	64	G	6	0	61	13.9344262295082
A_PB2	623	66	A	4	0	65	13.9384615384615
A_PB2	624	68	A	2	0	65	14.9692307692308
A_PB2	625	67	A	3	0	67	15.3134328358209
A_PB2	626	68	G	2	0	66	16.6515151515152
A_PB2	627	67	A	3	0	67	18.3134328358209
A_PB2	628	65	G	5	0	62	18.5322580645161
A_PB2	629	68	A	2	0	64	19.015625
A_PB2	630	63	A	2	0	61	16.2786885245902
A_PB2	631	61	T	4	0	53	15.188679245283
A_PB2	632	62	T	3	0	57	15.1228070175439
A_PB2	633	60	G	5	0	51	14.1176470588235
A_PB2	634	57	G	8	0	51	15
A_PB2	635	58	T	7	0	58	14.5862068965517
A_PB2	636	59	C	6	0	54	14.2592592592593
A_PB2	637	62	C	3	0	56	13.5178571428571
A_PB2	638	62	G	3	0	58	14.0689655172414
A_PB2	639	61	T	4	0	60	12.0333333333333
A_PB2	640	55	A	10	0	53	14.2830188679245
A_PB2	641	60	A	5	0	56	14.4821428571429
A_PB2	642	61	A	4	0	60	15.8833333333333
A_PB2	643	62	A	3	0	60	19.1666666666667
A_PB2	644	62	C	3	0	58	19.3965517241379
A_PB2	645	62	A	3	0	62	18.4677419354839
A_PB2	646	60	A	5	0	60	18.2166666666667
A_PB2	647	60	G	5	0	58	18.6551724137931
A_PB2	648	60	G	5	0	57	18.5789473684211
A_PB2	649	60	T	5	0	57	16.3684210526316
A_PB2	650	62	T	3	0	62	16.0967741935484
A_PB2	651	62	T	3	0	62	16.3225806451613
A_PB2	652	62	C	3	0	60	17.0666666666667
A_PB2	653	63	T	2	0	63	18.5555555555556
A_PB2	654	62	C	3	0	61	17.655737704918
A_PB2	655	63	C	2	0	63	18.6031746031746
A_PB2	656	63	C	2	0	62	21.4354838709677
A_PB2	657	63	A	2	0	58	20.5172413793103
A_PB2	658	63	G	2	0	63	22.1111111111111
A_PB2	659	63	T	2	0	63	16.6190476190476
A_PB2	660	62	A	3	0	61	16
A_PB2	661	59	G	3	0	59	16.5084745762712
A_PB2	662	59	C	3	0	59	16.3898305084746
A_PB2	663	59	C	3	0	57	18.2105263157895
A_PB2	664	58	G	4	0	55	16.1090909090909
A_PB2	665	59	G	3	0	59	15.9830508474576
A_PB2	666	59	T	3	0	58	15.7413793103448
A_PB2	667	59	G	3	0	59	17.0338983050847
A_PB2	668	59	G	3	0	59	20
A_PB2	669	59	G	3	0	57	19.4210526315789
A_PB2	670	59	A	3	0	58	20.6379310344828
A_PB2	671	60	C	2	0	60	19.3833333333333
A_PB2	672	60	A	2	0	59	18.135593220339
A_PB2	673	60	A	2	0	60	17.7333333333333
A_PB2	674	59	G	3	0	59	17.4745762711864
A_PB2	675	58	C	3	0	58	19.2241379310345
A_PB2	676	57	A	3	0	56	20.1785714285714
A_PB2	677	57	G	3	0	56	20.3214285714286
A_PB2	678	56	T	3	0	55	20.3454545454545
A_PB2	679	56	G	3	0	55	20.0909090909091
A_PB2	680	54	T	5	0	53	20
A_PB2	681	55	T	4	0	54	19.537037037037
A_PB2	682	56	T	3	0	55	19.6
A_PB2	683	56	A	3	0	56	18.8392857142857
A_PB2	684	56	T	3	0	55	18.7454545454545
A_PB2	685	56	A	3	0	56	19.0357142857143
A_PB2	686	56	T	3	0	56	18.8571428571429
A_PB2	687	56	T	3	0	55	17.4727272727273
A_PB2	688	56	G	3	0	55	18.5454545454545
A_PB2	689	56	A	3	0	56	18.5357142857143
A_PB2	690	56	G	3	0	55	20.7454545454545
A_PB2	691	56	G	3	0	55	20.6
A_PB2	692	56	T	3	0	56	20.1964285714286
A_PB2	693	56	G	3	0	55	20.8
A_PB2	694	55	T	4	0	54	18.5185185185185
A_PB2	695	56	T	3	0	56	18.2142857142857
A_PB2	696	56	G	3	0	54	18.1481481481481
A_PB2	697	57	C	2	0	57	18.5964912280702
A_PB2	698	57	A	2	0	57	21.3157894736842
A_PB2	699	55	C	3	0	54	20.8518518518519
A_PB2	700	55	T	3	0	55	19.5454545454545
A_PB2	701	56	T	2	0	56	18.4464285714286
A_PB2	702	55	G	3	0	53	18.188679245283
A_PB2	703	55	A	3	0	55	18.0545454545455
A_PB2	704	54	C	4	0	54	20.7222222222222
A_PB2	705	55	C	3	0	53	20.8679245283019
A_PB2	706	55	C	3	0	54	21.6111111111111
A_PB2	707	54	A	4	0	52	21.7692307692308
A_PB2	708	54	A	4	0	52	20.0192307692308
A_PB2	709	54	G	4	0	53	19.2264150943396
A_PB2	710	54	G	3	0	54	19.4444444444444
A_PB2	711	54	G	3	0	52	19.9423076923077
A_PB2	712	54	A	3	0	54	19.8518518518519
A_PB2	713	54	C	3	0	53	18.7924528301887
A_PB2	714	54	G	3	0	52	14.9423076923077
A_PB2	715	54	T	3	0	52	15.0384615384615
A_PB2	716	54	G	3	0	53	15.2075471698113
A_PB2	717	54	C	3	0	52	15.7307692307692
A_PB2	718	54	T	3	0	54	20.4259259259259
A_PB2	719	52	G	5	0	52	19.1538461538462
A_PB2	720	54	G	3	0	53	19.9622641509434
A_PB2	721	54	G	3	0	52	20.5192307692308
A_PB2	722	55	A	2	0	54	23.5555555555556
A_PB2	723	54	G	3	0	52	20.7115384615385
A_PB2	724	55	C	2	0	55	20.6
A_PB2	725	54	A	3	0	54	19.5925925925926
A_PB2	726	52	G	5	0	51	18.3921568627451
A_PB2	727	51	N	6	0	49	19.7142857142857
A_PB2	728	54	T	3	0	53	17.9811320754717
A_PB2	729	54	G	3	0	52	19.6153846153846
A_PB2	730	53	T	3	0	52	17.1730769230769
A_PB2	731	53	N	3	0	49	18.3877551020408
A_PB2	732	53	C	3	0	50	17.86
A_PB2	733	54	A	2	0	52	16.4423076923077
A_PB2	734	54	C	2	0	53	18.1509433962264
A_PB2	735	53	T	3	0	53	18.4339622641509
A_PB2	736	53	C	3	0	53	18.5283018867925
A_PB2	737	53	C	3	0	53	19.6981132075472
A_PB2	738	51	A	5	0	51	19.7254901960784
A_PB2	739	50	G	6	0	50	23
A_PB2	740	49	N	7	0	49	22.1428571428571
A_PB2	741	51	A	5	0	50	19.82
A_PB2	742	53	G	3	0	53	20.7169811320755
A_PB2	743	53	G	3	0	53	21
A_PB2	744	54	A	2	0	54	20.8888888888889
A_PB2	745	54	G	2	0	54	22.9444444444444
A_PB2	746	54	A	2	0	51	21.2745098039216
A_PB2	747	54	A	2	0	54	20.5555555555556
A_PB2	748	53	G	3	0	52	20.4230769230769
A_PB2	749	54	T	2	0	54	19.8703703703704
A_PB2	750	52	G	4	0	51	19.0980392156863
A_PB2	751	52	A	4	0	51	18.1960784313725
A_PB2	752	53	G	2	0	53	17.7358490566038
A_PB2	753	53	A	2	0	53	18.1132075471698
A_PB2	754	53	A	2	0	53	18.7169811320755
A_PB2	755	53	A	2	0	51	20.4901960784314
A_PB2	756	53	T	2	0	53	19.1132075471698
A_PB2	757	52	G	3	0	52	18.9807692307692
A_PB2	758	50	A	5	0	50	19.7
A_PB2	759	50	T	5	0	50	19.88
A_PB2	760	51	G	4	0	51	19.6862745098039
A_PB2	761	51	A	4	0	50	19.66
A_PB2	762	50	N	5	0	49	20.7959183673469
A_PB2	763	51	G	4	0	51	20.6470588235294
A_PB2	764	51	T	4	0	50	18.66
A_PB2	765	52	T	3	0	50	18.64
A_PB2	766	51	N	4	0	49	17.6734693877551
A_PB2	767	52	A	3	0	52	16.9230769230769
A_PB2	768	52	C	3	0	51	19.7647058823529
A_PB2	769	52	C	3	0	51	20.7843137254902
A_PB2	770	51	A	4	0	51	19.7647058823529
A_PB2	771	51	A	4	0	51	20.8039215686275
A_PB2	772	52	A	3	0	51	20.8235294117647
A_PB2	773	51	G	4	0	51	20.8823529411765
A_PB2	774	50	C	4	0	50	19.84
A_PB2	775	50	T	4	0	50	20.36
A_PB2	776	50	N	4	0	48	21.2083333333333
A_PB2	777	50	N	4	0	48	20.625
A_PB2	778	50	N	4	0	48	18.9583333333333
A_PB2	779	48	N	6	0	46	18.3478260869565
A_PB2	780	49	N	5	0	48	17.625
A_PB2	781	51	A	3	0	50	16.9
A_PB2	782	51	T	3	0	50	16.94
A_PB2	783	51	C	3	0	50	16.34
A_PB2	784	51	G	3	0	50	14.74
A_PB2	785	51	C	3	0	51	14.3725490196078
A_PB2	786	51	T	3	0	50	15.28
A_PB2	787	50	G	4	0	50	17.84
A_PB2	788	50	C	4	0	50	23.3
A_PB2	789	51	T	3	0	50	20.94
A_PB2	790	50	N	3	0	49	20.1836734693878
A_PB2	791	51	N	2	0	48	19.6458333333333
A_PB2	792	51	A	2	0	50	20.68
A_PB2	793	51	A	2	0	51	19.7450980392157
A_PB2	794	51	A	2	0	50	20.58
A_PB2	795	50	C	3	0	50	20.9
A_PB2	796	51	A	2	0	50	19.86
A_PB2	797	51	T	2	0	51	17.5294117647059
A_PB2	798	50	N	3	0	46	16.4565217391304
A_PB2	799	50	G	3	0	50	15.28
A_PB2	800	49	N	4	0	49	14.8979591836735
A_PB2	801	49	N	4	0	48	15.6875
A_PB2	802	49	N	4	0	48	14.4375
A_PB2	803	49	N	4	0	49	16.0204081632653
A_PB2	804	49	N	4	0	48	18.3333333333333
A_PB2	805	48	N	5	0	48	20.25
A_PB2	806	46	N	6	0	46	17.3478260869565
A_PB2	807	48	N	4	0	48	17.3958333333333
A_PB2	808	48	N	4	0	48	18.7291666666667
A_PB2	809	48	N	4	0	48	19.9166666666667
A_PB2	810	49	N	3	0	48	21.2291666666667
A_PB2	811	50	N	2	0	49	20.8163265306122
A_PB2	812	50	N	2	0	49	21.7959183673469
A_PB2	813	50	N	2	0	48	22.9583333333333
A_PB2	814	49	N	3	0	48	20.1875
A_PB2	815	48	N	4	0	48	20.1041666666667
A_PB2	816	48	N	4	0	47	19.6170212765957
A_PB2	817	49	N	3	0	49	17.6530612244898
A_PB2	818	49	N	3	0	47	19.0851063829787
A_PB2	819	49	N	3	0	47	17.5957446808511
A_PB2	820	49	N	3	0	48	17.0625
A_PB2	821	49	N	3	0	48	19.7083333333333
A_PB2	822	49	N	3	0	49	18.9183673469388
A_PB2	823	50	N	2	0	49	17.7142857142857
A_PB2	824	49	N	3	0	47	18.2553191489362
A_PB2	825	49	N	3	0	48	17.8333333333333
A_PB2	826	50	C	2	0	50	17.18
A_PB2	827	49	N	3	0	49	18.2244897959184
A_PB2	828	49	N	3	0	48	19.5208333333333
A_PB2	829	49	N	3	0	48	18.8125
A_PB2	830	49	N	3	0	49	17.734693877551
A_PB2	831	49	N	3	0	49	16.0612244897959
A_PB2	832	48	N	4	0	48	17.8333333333333
A_PB2	833	48	N	4	0	48	18.7083333333333
A_PB2	834	49	N	3	0	49	18.4285714285714
A_PB2	835	49	N	3	0	48	17.6875
A_PB2	836	49	N	3	0	49	17.4081632653061
A_PB2	837	48	N	4	0	48	16.9791666666667
A_PB2	838	48	N	4	0	44	20.0227272727273
A_PB2	839	44	N	8	0	44	50.3636363636364
A_PB2	840	43	N	9	0	42	50.2142857142857
A_PB2	841	43	N	9	0	41	29.780487804878
A_PB2	842	46	N	6	0	46	22.0652173913043
A_PB2	843	47	N	5	0	47	18.3404255319149
A_PB2	844	48	N	4	0	48	20.7708333333333
A_PB2	845	49	N	3	0	49	22.8163265306122
A_PB2	846	49	N	3	0	48	22.8333333333333
A_PB2	847	48	N	4	0	48	20.25
A_PB2	848	49	N	3	0	47	19.4893617021277
A_PB2	849	49	N	3	0	49	19.4081632653061
A_PB2	850	49	N	3	0	49	20.2857142857143
A_PB2	851	49	N	3	0	49	20.1224489795918
A_PB2	852	49	N	3	0	49	21.265306122449
A_PB2	853	49	N	3	0	49	21.3061224489796
A_PB2	854	48	N	4	0	48	20.6875
A_PB2	855	49	N	3	0	49	20.8571428571429
A_PB2	856	48	N	4	0	48	19.7916666666667
A_PB2	857	48	N	4	0	46	19.0869565217391
A_PB2	858	47	N	5	0	46	19.4130434782609
A_PB2	859	47	N	5	0	47	18.7234042553191
A_PB2	860	49	N	3	0	49	19.2040816326531
A_PB2	861	48	N	4	0	48	23.7083333333333
A_PB2	862	49	N	3	0	48	46.5625
A_PB2	863	49	N	3	0	49	22.5510204081633
A_PB2	864	48	N	4	0	47	18.6170212765957
A_PB2	865	49	N	3	0	48	17.625
A_PB2	866	49	N	3	0	47	16.468085106383
A_PB2	867	49	N	3	0	49	17.1836734693878
A_PB2	868	48	N	4	0	48	17.8125
A_PB2	869	48	N	4	0	47	18
A_PB2	870	49	N	3	0	49	20.9795918367347
A_PB2	871	49	N	3	0	48	20.6875
A_PB2	872	48	N	4	0	47	19.7872340425532
A_PB2	873	48	N	4	0	47	20.5744680851064
A_PB2	874	49	N	3	0	48	20.375
A_PB2	875	49	N	3	0	48	27.3541666666667
A_PB2	876	49	N	3	0	49	22.4897959183673
A_PB2	877	47	N	5	0	47	20.1914893617021
A_PB2	878	48	N	4	0	48	20.0208333333333
A_PB2	879	49	N	3	0	49	19.6122448979592
A_PB2	880	50	A	2	0	50	18.74
A_PB2	881	49	N	2	0	49	20.530612244898
A_PB2	882	48	N	3	0	47	19.1702127659574
A_PB2	883	49	N	2	0	48	18.2291666666667
A_PB2	884	49	N	2	0	49	19.2857142857143
A_PB2	885	48	N	3	0	47	20.4042553191489
A_PB2	886	49	N	2	0	48	21.1875
A_PB2	887	49	N	2	0	48	21.3125
A_PB2	888	49	N	2	0	48	22.5416666666667
A_PB2	889	48	N	3	0	48	21.5833333333333
A_PB2	890	48	N	3	0	47	20.7021276595745
A_PB2	891	48	N	3	0	46	21.0652173913043
A_PB2	892	48	N	3	0	48	21.9791666666667
A_PB2	893	46	N	5	0	44	21.7045454545455
A_PB2	894	47	N	4	0	46	22.0434782608696
A_PB2	895	47	N	4	0	46	19.5652173913043
A_PB2	896	49	N	2	0	49	20.0816326530612
A_PB2	897	49	N	2	0	49	21.4081632653061
A_PB2	898	49	N	2	0	49	22.4285714285714
A_PB2	899	49	N	2	0	49	21.7959183673469
A_PB2	900	49	N	2	0	48	21.125
A_PB2	901	49	N	2	0	49	21.2857142857143
A_PB2	902	49	N	2	0	49	20.0816326530612
A_PB2	903	49	N	2	0	49	19.6122448979592
A_PB2	904	48	N	3	0	47	19.2978723404255
A_PB2	905	48	N	3	0	46	19.4782608695652
A_PB2	906	48	N	3	0	48	19.4166666666667
A_PB2	907	48	N	3	0	48	21.5416666666667
A_PB2	908	48	N	3	0	48	21.0833333333333
A_PB2	909	48	N	3	0	48	20.9166666666667
A_PB2	910	48	N	3	0	48	20.1666666666667
A_PB2	911	48	N	3	0	48	19.9583333333333
A_PB2	912	48	N	3	0	48	20.7708333333333
A_PB2	913	48	N	3	0	48	19.9375
A_PB2	914	48	N	3	0	48	19.8958333333333
A_PB2	915	47	N	4	0	47	19.9148936170213
A_PB2	916	47	N	4	0	47	20.3404255319149
A_PB2	917	48	N	4	0	48	20.7291666666667
A_PB2	918	48	N	4	0	46	19.4782608695652
A_PB2	919	48	N	4	0	46	19.5
A_PB2	920	48	N	4	0	48	19.6875
A_PB2	921	48	N	4	0	48	18.4166666666667
A_PB2	922	49	N	3	0	48	16.3958333333333
A_PB2	923	49	N	3	0	49	16.469387755102
A_PB2	924	49	N	3	0	48	15.3125
A_PB2	925	49	N	3	0	49	15.5102040816327
A_PB2	926	48	N	4	0	48	16.9375
A_PB2	927	49	N	3	0	49	19.1836734693878
A_PB2	928	50	A	2	0	50	19.44
A_PB2	929	50	T	2	0	50	18.34
A_PB2	930	49	N	3	0	48	17.6875
A_PB2	931	49	N	3	0	49	17.0612244897959
A_PB2	932	49	N	3	0	49	17.5102040816327
A_PB2	933	49	N	3	0	49	19.5918367346939
A_PB2	934	49	N	3	0	49	20.265306122449
A_PB2	935	49	N	3	0	48	20.9791666666667
A_PB2	936	49	N	3	0	48	21
A_PB2	937	49	N	3	0	48	22.2291666666667
A_PB2	938	49	N	3	0	49	21.6938775510204
A_PB2	939	49	N	3	0	48	22.2708333333333
A_PB2	940	49	N	3	0	48	23.375
A_PB2	941	48	N	3	0	48	23.6041666666667
A_PB2	942	48	N	3	0	47	22.7234042553191
A_PB2	943	48	N	3	0	47	21.1914893617021
A_PB2	944	48	N	3	0	48	18.5208333333333
A_PB2	945	48	N	3	0	44	17.3409090909091
A_PB2	946	47	N	4	0	44	17.1363636363636
A_PB2	947	48	N	3	0	48	16.3125
A_PB2	948	48	N	3	0	47	19.468085106383
A_PB2	949	48	N	3	0	47	18.3404255319149
A_PB2	950	47	N	4	0	46	18.8913043478261
A_PB2	951	47	N	4	0	43	17.953488372093
A_PB2	952	49	N	2	0	49	16.9183673469388
A_PB2	953	48	N	3	0	46	18.5652173913043
A_PB2	954	47	N	4	0	45	18.1333333333333
A_PB2	955	47	N	4	0	46	17.6086956521739
A_PB2	956	47	N	4	0	46	16.5434782608696
A_PB2	957	48	N	3	0	46	15.1739130434783
A_PB2	958	46	N	5	0	43	15.4651162790698
A_PB2	959	46	N	5	0	45	15.4666666666667
A_PB2	960	46	N	5	0	45	15.4222222222222
A_PB2	961	46	N	5	0	46	16.4782608695652
A_PB2	962	47	N	4	0	45	15.6
A_PB2	963	48	N	3	0	47	15.6808510638298
A_PB2	964	48	N	3	0	47	17.9787234042553
A_PB2	965	49	N	2	0	49	17.3877551020408
A_PB2	966	48	N	3	0	48	19
A_PB2	967	48	N	3	0	48	18.7291666666667
A_PB2	968	49	N	2	0	48	21.1666666666667
A_PB2	969	47	N	3	0	47	19.2340425531915
A_PB2	970	47	N	3	0	46	19.8478260869565
A_PB2	971	48	N	2	0	48	19.2083333333333
A_PB2	972	45	N	5	0	42	21.1190476190476
A_PB2	973	47	N	3	0	47	19.3617021276596
A_PB2	974	47	N	3	0	47	19.0212765957447
A_PB2	975	46	N	4	0	45	23.3777777777778
A_PB2	976	46	N	4	0	45	21.7555555555556
A_PB2	977	46	N	4	0	46	20.5217391304348
A_PB2	978	47	N	3	0	47	20.1702127659574
A_PB2	979	45	N	5	0	45	20.3333333333333
A_PB2	980	47	N	3	0	46	18.8695652173913
A_PB2	981	47	N	3	0	46	18.804347826087
A_PB2	982	46	N	4	0	44	18.75
A_PB2	983	47	N	3	0	45	19.2222222222222
A_PB2	984	47	N	3	0	45	18.8666666666667
A_PB2	985	47	N	3	0	45	19.2222222222222
A_PB2	986	47	N	3	0	47	19.936170212766
A_PB2	987	45	N	5	0	45	21.7333333333333
A_PB2	988	47	N	3	0	47	19.7446808510638
A_PB2	989	47	N	3	0	47	22.1063829787234
A_PB2	990	47	N	3	0	47	20.6170212765957
A_PB2	991	45	N	5	0	44	21.2727272727273
A_PB2	992	47	N	3	0	47	21.0425531914894
A_PB2	993	47	N	3	0	47	21.468085106383
A_PB2	994	47	N	3	0	47	25.4468085106383
A_PB2	995	47	N	3	0	47	24.8723404255319
A_PB2	996	47	N	3	0	47	24
A_PB2	997	47	N	3	0	47	20.8085106382979
A_PB2	998	47	N	3	0	46	21.3260869565217
A_PB2	999	47	N	3	0	46	19.6521739130435
A_PB2	1000	46	N	3	0	46	19.3478260869565
A_PB2	1001	46	N	3	0	46	18.7173913043478
A_PB2	1002	46	N	3	0	46	18.9782608695652
A_PB2	1003	44	N	5	0	41	17.7317073170732
A_PB2	1004	44	N	5	0	43	17.0232558139535
A_PB2	1005	45	N	4	0	44	16.6818181818182
A_PB2	1006	45	N	4	0	44	17.1363636363636
A_PB2	1007	45	N	4	0	42	18.8571428571429
A_PB2	1008	46	N	3	0	45	17.7555555555556
A_PB2	1009	45	N	4	0	45	17.6666666666667
A_PB2	1010	43	N	6	0	40	18.325
A_PB2	1011	46	N	3	0	44	16.6136363636364
A_PB2	1012	47	N	2	0	47	16.1702127659574
A_PB2	1013	47	N	2	0	46	15.6521739130435
A_PB2	1014	45	N	4	0	43	14.4651162790698
A_PB2	1015	36	N	13	0	35	14.7714285714286
A_PB2	1016	37	N	12	0	37	14.5135135135135
A_PB2	1017	37	N	12	0	37	14.9459459459459
A_PB2	1018	37	N	12	0	37	15.027027027027
A_PB2	1019	41	N	8	0	39	16.4102564102564
A_PB2	1020	40	N	9	0	40	15.525
A_PB2	1021	40	N	9	0	40	17.025
A_PB2	1022	46	N	3	0	45	17.9111111111111
A_PB2	1023	46	N	3	0	45	18.3333333333333
A_PB2	1024	46	N	3	0	43	16.5348837209302
A_PB2	1025	46	N	3	0	46	18.5217391304348
A_PB2	1026	46	N	3	0	45	18.0888888888889
A_PB2	1027	46	N	3	0	46	17.4347826086957
A_PB2	1028	45	N	4	0	45	17.6666666666667
A_PB2	1029	45	N	4	0	45	19.8
A_PB2	1030	46	N	3	0	45	20.4666666666667
A_PB2	1031	47	N	2	0	47	19.936170212766
A_PB2	1032	47	N	2	0	46	19.4782608695652
A_PB2	1033	47	N	2	0	46	18.8695652173913
A_PB2	1034	47	N	2	0	46	18.2826086956522
A_PB2	1035	47	N	2	0	46	18.0652173913043
A_PB2	1036	46	N	3	0	46	17.5217391304348
A_PB2	1037	45	N	4	0	45	17.2888888888889
A_PB2	1038	46	N	3	0	45	15.5777777777778
A_PB2	1039	47	N	2	0	47	16.1702127659574
A_PB2	1040	47	N	2	0	47	16.3617021276596
A_PB2	1041	47	N	2	0	46	18.1521739130435
A_PB2	1042	47	N	2	0	47	22.1702127659574
A_PB2	1043	47	N	2	0	47	19.2765957446809
A_PB2	1044	47	N	2	0	47	19.5744680851064
A_PB2	1045	47	N	2	0	47	19.6808510638298
A_PB2	1046	46	N	3	0	46	21.0217391304348
A_PB2	1047	46	N	3	0	45	20.3555555555556
A_PB2	1048	46	N	3	0	46	20.0869565217391
A_PB2	1049	46	N	3	0	45	19.9777777777778
A_PB2	1050	46	N	3	0	45	21.1111111111111
A_PB2	1051	46	N	3	0	45	22.8888888888889
A_PB2	1052	45	N	3	0	45	22.1111111111111
A_PB2	1053	45	N	3	0	44	21.2045454545455
A_PB2	1054	45	N	3	0	45	20.8222222222222
A_PB2	1055	45	N	3	0	45	20.6222222222222
A_PB2	1056	45	N	3	0	45	20.1777777777778
A_PB2	1057	45	N	3	0	45	21.4444444444444
A_PB2	1058	45	N	3	0	45	21.4222222222222
A_PB2	1059	45	N	3	0	44	21.4545454545455
A_PB2	1060	45	N	3	0	45	21.2222222222222
A_PB2	1061	45	N	3	0	45	20.1111111111111
A_PB2	1062	45	N	3	0	45	17.8888888888889
A_PB2	1063	45	N	3	0	45	17.5333333333333
A_PB2	1064	44	N	4	0	44	16.8863636363636
A_PB2	1065	45	N	3	0	44	17.1363636363636
A_PB2	1066	45	N	3	0	45	17.0888888888889
A_PB2	1067	45	N	3	0	45	15.6888888888889
A_PB2	1068	44	N	4	0	42	14.7857142857143
A_PB2	1069	45	N	3	0	44	14.3636363636364
A_PB2	1070	45	N	3	0	45	15.0888888888889
A_PB2	1071	46	N	2	0	45	16.5111111111111
A_PB2	1072	46	N	2	0	46	17.9782608695652
A_PB2	1073	46	N	2	0	46	17.695652173913
A_PB2	1074	46	N	2	0	46	19.0217391304348
A_PB2	1075	46	N	2	0	46	19.8478260869565
A_PB2	1076	46	N	2	0	46	21.304347826087
A_PB2	1077	46	N	2	0	46	19.695652173913
A_PB2	1078	45	N	3	0	45	20.4888888888889
A_PB2	1079	45	N	3	0	44	17.2727272727273
A_PB2	1080	45	N	3	0	45	16.8
A_PB2	1081	45	N	3	0	44	17.0909090909091
A_PB2	1082	44	N	4	0	43	17.4651162790698
A_PB2	1083	44	N	4	0	44	18.7954545454545
A_PB2	1084	44	N	4	0	44	18.9318181818182
A_PB2	1085	45	N	3	0	45	18.4222222222222
A_PB2	1086	45	N	3	0	45	18.5555555555556
A_PB2	1087	44	N	4	0	41	17.6585365853659
A_PB2	1088	45	N	3	0	44	17.5
A_PB2	1089	44	N	4	0	44	16.9318181818182
A_PB2	1090	45	N	3	0	45	17.3555555555556
A_PB2	1091	43	N	4	0	43	20.2790697674419
A_PB2	1092	44	N	3	0	44	19.1363636363636
A_PB2	1093	45	N	2	0	43	17.3953488372093
A_PB2	1094	45	N	2	0	44	18.0681818181818
A_PB2	1095	45	N	2	0	44	17.1590909090909
A_PB2	1096	45	N	2	0	45	16.9777777777778
A_PB2	1097	43	N	4	0	42	16.1428571428571
A_PB2	1098	44	N	3	0	43	16.2325581395349
A_PB2	1099	43	N	4	0	42	16.9047619047619
A_PB2	1100	44	N	3	0	43	17.093023255814
A_PB2	1101	44	N	3	0	44	18.0454545454545
A_PB2	1102	44	N	3	0	44	19.4772727272727
A_PB2	1103	44	N	3	0	44	19.8181818181818
A_PB2	1104	44	N	3	0	44	19.4772727272727
A_PB2	1105	44	N	3	0	42	19.9285714285714
A_PB2	1106	43	N	3	0	42	18.0952380952381
A_PB2	1107	43	N	3	0	42	19.047619047619
A_PB2	1108	43	N	3	0	42	19.452380952381
A_PB2	1109	43	N	3	0	40	19.325
A_PB2	1110	43	N	3	0	42	20.952380952381
A_PB2	1111	43	N	3	0	43	19
A_PB2	1112	43	N	3	0	43	19.7441860465116
A_PB2	1113	43	N	3	0	42	20.1904761904762
A_PB2	1114	43	N	3	0	43	20.6976744186047
A_PB2	1115	43	N	3	0	43	23
A_PB2	1116	42	N	4	0	41	21.4634146341463
A_PB2	1117	42	N	4	0	42	21.547619047619
A_PB2	1118	44	N	2	0	42	21.9285714285714
A_PB2	1119	44	N	2	0	42	22.047619047619
A_PB2	1120	44	N	2	0	44	21.1590909090909
A_PB2	1121	41	N	5	0	40	20.85
A_PB2	1122	44	N	2	0	43	21.5813953488372
A_PB2	1123	44	N	2	0	43	21.6744186046512
A_PB2	1124	43	N	3	0	42	21.5952380952381
A_PB2	1125	42	N	4	0	41	21.0243902439024
A_PB2	1126	43	N	3	0	43	21.5581395348837
A_PB2	1127	43	N	3	0	43	21.5813953488372
A_PB2	1128	43	N	3	0	43	21.3953488372093
A_PB2	1129	43	N	3	0	43	22
A_PB2	1130	42	N	4	0	42	20.6428571428571
A_PB2	1131	43	N	3	0	42	17.7857142857143
A_PB2	1132	43	N	3	0	42	17.8571428571429
A_PB2	1133	43	N	3	0	42	17.047619047619
A_PB2	1134	43	N	3	0	43	17.7209302325581
A_PB2	1135	44	N	2	0	44	17.6363636363636
A_PB2	1136	44	N	2	0	44	19.4772727272727
A_PB2	1137	44	N	2	0	44	19.2045454545455
A_PB2	1138	43	N	3	0	43	19.5116279069767
A_PB2	1139	44	N	2	0	40	18.9
A_PB2	1140	44	N	2	0	42	19.8809523809524
A_PB2	1141	43	N	3	0	42	18.7142857142857
A_PB2	1142	44	N	2	0	44	18.6363636363636
A_PB2	1143	42	N	4	0	41	18.3170731707317
A_PB2	1144	42	N	4	0	40	18.175
A_PB2	1145	42	N	4	0	42	18.9285714285714
A_PB2	1146	42	N	4	0	41	18.5609756097561
A_PB2	1147	42	N	4	0	39	20.3333333333333
A_PB2	1148	42	N	4	0	41	19.9024390243902
A_PB2	1149	43	N	3	0	43	21.7906976744186
A_PB2	1150	42	N	4	0	42	20.047619047619
A_PB2	1151	43	N	3	0	43	19.906976744186
A_PB2	1152	42	N	4	0	41	19.0731707317073
A_PB2	1153	43	N	3	0	43	18.7209302325581
A_PB2	1154	43	N	3	0	43	18.4186046511628
A_PB2	1155	43	N	3	0	42	17.8809523809524
A_PB2	1156	43	N	3	0	42	19.047619047619
A_PB2	1157	43	N	3	0	43	17.4883720930233
A_PB2	1158	41	N	5	0	40	16.15
A_PB2	1159	43	N	3	0	42	15.5714285714286
A_PB2	1160	43	N	3	0	43	15.5813953488372
A_PB2	1161	43	N	3	0	41	17.9268292682927
A_PB2	1162	41	N	5	0	41	17.5121951219512
A_PB2	1163	42	N	4	0	42	17.452380952381
A_PB2	1164	42	N	4	0	42	17.7619047619048
A_PB2	1165	41	N	5	0	41	19.1463414634146
A_PB2	1166	42	N	4	0	41	19.0243902439024
A_PB2	1167	43	N	3	0	43	21.906976744186
A_PB2	1168	43	N	3	0	41	28.9024390243902
A_PB2	1169	42	N	4	0	41	18.7560975609756
A_PB2	1170	43	N	3	0	41	17.8292682926829
A_PB2	1171	41	N	5	0	38	14.3684210526316
A_PB2	1172	42	N	4	0	41	13.8536585365854
A_PB2	1173	43	N	3	0	43	13.6744186046512
A_PB2	1174	42	N	4	0	42	15.5952380952381
A_PB2	1175	42	N	4	0	42	19.7142857142857
A_PB2	1176	43	N	3	0	43	18.953488372093
A_PB2	1177	43	N	3	0	41	18
A_PB2	1178	42	N	4	0	41	18.1951219512195
A_PB2	1179	43	N	3	0	42	18.8095238095238
A_PB2	1180	42	N	4	0	42	18.952380952381
A_PB2	1181	42	N	4	0	41	18.6585365853659
A_PB2	1182	42	N	4	0	42	18.2142857142857
A_PB2	1183	42	N	4	0	41	18.0975609756098
A_PB2	1184	41	N	5	0	41	18.780487804878
A_PB2	1185	42	N	4	0	42	21.4761904761905
A_PB2	1186	43	N	3	0	43	22.5581395348837
A_PB2	1187	43	N	3	0	43	22.3953488372093
A_PB2	1188	44	N	2	0	43	22.7674418604651
A_PB2	1189	44	N	2	0	43	22.9302325581395
A_PB2	1190	44	N	2	0	44	23.2954545454545
A_PB2	1191	43	N	3	0	43	22.7209302325581
A_PB2	1192	43	N	3	0	41	22.7073170731707
A_PB2	1193	42	N	4	0	41	21.4634146341463
A_PB2	1194	43	N	3	0	43	19.8837209302326
A_PB2	1195	43	N	3	0	43	18.4418604651163
A_PB2	1196	43	N	3	0	43	17.906976744186
A_PB2	1197	43	N	3	0	42	20.3809523809524
A_PB2	1198	43	N	3	0	43	19.0232558139535
A_PB2	1199	43	N	3	0	42	20.1904761904762
A_PB2	1200	43	N	3	0	43	20.1162790697674
A_PB2	1201	43	N	3	0	43	20.1162790697674
A_PB2	1202	43	N	3	0	43	20.1627906976744
A_PB2	1203	43	N	3	0	43	21.6744186046512
A_PB2	1204	44	N	2	0	44	20.7727272727273
A_PB2	1205	44	N	2	0	44	20.5227272727273
A_PB2	1206	44	N	2	0	42	20.6666666666667
A_PB2	1207	43	N	3	0	43	19.1860465116279
A_PB2	1208	43	N	3	0	43	19.4186046511628
A_PB2	1209	43	N	3	0	43	20.2558139534884
A_PB2	1210	43	N	3	0	42	21
A_PB2	1211	43	N	3	0	43	23.2558139534884
A_PB2	1212	43	N	3	0	43	22.906976744186
A_PB2	1213	43	N	3	0	43	21.3953488372093
A_PB2	1214	42	N	4	0	42	21.2142857142857
A_PB2	1215	43	N	3	0	43	19.4883720930233
A_PB2	1216	42	N	3	0	42	20.7380952380952
A_PB2	1217	39	N	6	0	39	20.4615384615385
A_PB2	1218	42	N	3	0	42	19.2380952380952
A_PB2	1219	42	N	3	0	42	19.2142857142857
A_PB2	1220	42	N	3	0	42	19.1428571428571
A_PB2	1221	43	N	2	0	43	20.5813953488372
A_PB2	1222	43	N	2	0	43	19.6279069767442
A_PB2	1223	43	N	2	0	43	20.3953488372093
A_PB2	1224	43	N	2	0	43	20.5116279069767
A_PB2	1225	42	N	3	0	41	20.1219512195122
A_PB2	1226	42	N	3	0	42	18.9761904761905
A_PB2	1227	42	N	3	0	42	19.3809523809524
A_PB2	1228	42	N	3	0	41	19.390243902439
A_PB2	1229	42	N	3	0	42	18.547619047619
A_PB2	1230	41	N	4	0	41	17.8048780487805
A_PB2	1231	41	N	4	0	41	17.390243902439
A_PB2	1232	41	N	4	0	41	17.5365853658537
A_PB2	1233	41	N	4	0	40	17.125
A_PB2	1234	41	N	4	0	41	17.6585365853659
A_PB2	1235	42	N	3	0	42	16.9761904761905
A_PB2	1236	42	N	3	0	41	18.9024390243902
A_PB2	1237	42	N	3	0	40	19.675
A_PB2	1238	40	N	5	0	40	19.475
A_PB2	1239	42	N	3	0	41	18.4878048780488
A_PB2	1240	42	N	3	0	42	18.1666666666667
A_PB2	1241	40	N	5	0	39	17.7948717948718
A_PB2	1242	42	N	3	0	41	16.8780487804878
A_PB2	1243	41	N	4	0	40	16
A_PB2	1244	38	N	7	0	38	16.2105263157895
A_PB2	1245	41	N	4	0	41	17.0975609756098
A_PB2	1246	42	N	3	0	42	18.8095238095238
A_PB2	1247	43	N	2	0	43	22.4186046511628
A_PB2	1248	43	N	2	0	41	20.9756097560976
A_PB2	1249	43	N	2	0	39	17.2564102564103
A_PB2	1250	43	N	2	0	43	16.7674418604651
A_PB2	1251	42	N	3	0	41	17.0487804878049
A_PB2	1252	41	N	4	0	39	15.4358974358974
A_PB2	1253	43	N	2	0	43	18.9302325581395
A_PB2	1254	43	N	2	0	43	18.4418604651163
A_PB2	1255	43	N	2	0	43	19.0697674418605
A_PB2	1256	43	N	2	0	43	19.8139534883721
A_PB2	1257	43	N	2	0	41	20.0731707317073
A_PB2	1258	41	N	4	0	40	20.7
A_PB2	1259	42	N	3	0	41	20.2682926829268
A_PB2	1260	43	N	2	0	42	22.8095238095238
A_PB2	1261	43	N	2	0	43	20.6511627906977
A_PB2	1262	43	N	2	0	43	19.8372093023256
A_PB2	1263	43	N	2	0	43	17.8837209302326
A_PB2	1264	41	N	4	0	41	16.609756097561
A_PB2	1265	41	N	4	0	41	17.4878048780488
A_PB2	1266	41	N	4	0	41	16.4390243902439
A_PB2	1267	41	N	4	0	39	16.5897435897436
A_PB2	1268	41	N	4	0	41	16.2439024390244
A_PB2	1269	41	N	4	0	41	15.7073170731707
A_PB2	1270	41	N	4	0	41	18.0975609756098
A_PB2	1271	42	N	3	0	42	20.2142857142857
A_PB2	1272	42	N	3	0	42	19.5952380952381
A_PB2	1273	43	N	2	0	43	18.6511627906977
A_PB2	1274	43	N	2	0	43	18.3488372093023
A_PB2	1275	43	N	2	0	42	18.452380952381
A_PB2	1276	42	N	3	0	41	17.8536585365854
A_PB2	1277	41	N	4	0	41	16.6829268292683
A_PB2	1278	39	N	6	0	39	15.8205128205128
A_PB2	1279	42	N	3	0	42	15.3095238095238
A_PB2	1280	42	N	3	0	41	16.2926829268293
A_PB2	1281	41	N	4	0	40	16.575
A_PB2	1282	42	N	3	0	41	15.780487804878
A_PB2	1283	41	N	4	0	40	16.15
A_PB2	1284	42	N	3	0	39	16.4615384615385
A_PB2	1285	42	N	3	0	42	16.5238095238095
A_PB2	1286	43	N	2	0	43	17.1627906976744
A_PB2	1287	43	N	2	0	43	16.906976744186
A_PB2	1288	42	N	3	0	40	17.625
A_PB2	1289	42	N	3	0	42	17.3333333333333
A_PB2	1290	42	N	3	0	41	19.4634146341463
A_PB2	1291	42	N	3	0	40	19.575
A_PB2	1292	42	N	3	0	41	19.3658536585366
A_PB2	1293	42	N	3	0	42	17.952380952381
A_PB2	1294	42	N	3	0	42	17.7142857142857
A_PB2	1295	42	N	3	0	42	18.7857142857143
A_PB2	1296	41	N	4	0	41	19.1951219512195
A_PB2	1297	42	N	3	0	42	19.2857142857143
A_PB2	1298	42	N	3	0	42	18.6666666666667
A_PB2	1299	42	N	3	0	42	19.1666666666667
A_PB2	1300	42	N	3	0	41	19.0487804878049
A_PB2	1301	42	N	3	0	41	19.1219512195122
A_PB2	1302	42	N	3	0	40	18.45
A_PB2	1303	41	N	4	0	40	20.15
A_PB2	1304	42	N	3	0	40	18.45
A_PB2	1305	42	N	3	0	41	16
A_PB2	1306	42	N	3	0	42	15.8333333333333
A_PB2	1307	42	N	3	0	42	17.1904761904762
A_PB2	1308	41	N	4	0	41	18.4878048780488
A_PB2	1309	41	N	4	0	41	19.5365853658537
A_PB2	1310	41	N	4	0	41	19.6341463414634
A_PB2	1311	40	N	5	0	40	19.7
A_PB2	1312	42	N	3	0	42	19.3095238095238
A_PB2	1313	42	N	3	0	41	19.6341463414634
A_PB2	1314	41	N	4	0	38	20.0789473684211
A_PB2	1315	42	N	3	0	42	20.6190476190476
A_PB2	1316	40	N	5	0	39	18.3076923076923
A_PB2	1317	43	N	2	0	43	19.5581395348837
A_PB2	1318	43	N	2	0	43	20.8372093023256
A_PB2	1319	42	N	3	0	41	23.2926829268293
A_PB2	1320	41	N	4	0	41	21.6829268292683
A_PB2	1321	40	N	5	0	39	21.1538461538462
A_PB2	1322	42	N	3	0	40	18.25
A_PB2	1323	41	N	3	0	41	16.8292682926829
A_PB2	1324	40	N	4	0	40	16.4
A_PB2	1325	41	N	3	0	41	17.6829268292683
A_PB2	1326	41	N	3	0	38	17.9473684210526
A_PB2	1327	40	N	4	0	38	17.5263157894737
A_PB2	1328	40	N	4	0	40	18.625
A_PB2	1329	40	N	4	0	40	19.5
A_PB2	1330	39	N	5	0	39	19.9487179487179
A_PB2	1331	39	N	5	0	38	19.5263157894737
A_PB2	1332	40	N	4	0	36	20.1666666666667
A_PB2	1333	41	N	3	0	41	18.9756097560976
A_PB2	1334	36	N	8	0	34	18.7647058823529
A_PB2	1335	39	N	5	0	39	16.974358974359
A_PB2	1336	42	N	2	0	40	19.7
A_PB2	1337	42	N	2	0	42	21.0952380952381
A_PB2	1338	40	N	4	0	39	20.1538461538462
A_PB2	1339	41	N	3	0	40	22.025
A_PB2	1340	40	N	4	0	40	20.225
A_PB2	1341	40	N	4	0	40	21.225
A_PB2	1342	41	N	3	0	41	19.1951219512195
A_PB2	1343	41	N	3	0	39	18.5128205128205
A_PB2	1344	41	N	3	0	40	19.85
A_PB2	1345	41	N	3	0	41	20.5609756097561
A_PB2	1346	38	N	5	0	38	19.9736842105263
A_PB2	1347	40	N	3	0	40	20.075
A_PB2	1348	38	N	4	0	38	20.3947368421053
A_PB2	1349	38	N	4	0	36	22.8333333333333
A_PB2	1350	37	N	5	0	36	21.9444444444444
A_PB2	1351	39	N	3	0	39	21
A_PB2	1352	38	N	4	0	36	19.0555555555556
A_PB2	1353	39	N	3	0	38	18.9736842105263
A_PB2	1354	39	N	3	0	36	17.9722222222222
A_PB2	1355	39	N	3	0	39	17.1538461538462
A_PB2	1356	39	N	3	0	39	18.7435897435897
A_PB2	1357	38	N	4	0	37	19.9459459459459
A_PB2	1358	39	N	3	0	37	19.0810810810811
A_PB2	1359	39	N	3	0	37	19.1621621621622
A_PB2	1360	39	N	3	0	38	17.8684210526316
A_PB2	1361	39	N	3	0	39	18.6666666666667
A_PB2	1362	39	N	3	0	35	18.8857142857143
A_PB2	1363	38	N	4	0	37	16.2702702702703
A_PB2	1364	39	N	3	0	38	15.3684210526316
A_PB2	1365	38	N	3	0	38	18.2105263157895
A_PB2	1366	38	N	3	0	36	17.8055555555556
A_PB2	1367	38	N	3	0	38	18.5526315789474
A_PB2	1368	38	N	3	0	38	18.5
A_PB2	1369	38	N	3	0	38	18.8157894736842
A_PB2	1370	38	N	3	0	37	19.4324324324324
A_PB2	1371	38	N	3	0	38	19.7368421052632
A_PB2	1372	38	N	3	0	37	19.4324324324324
A_PB2	1373	38	N	3	0	38	19.5263157894737
A_PB2	1374	38	N	3	0	37	20.2702702702703
A_PB2	1375	38	N	3	0	37	21.1081081081081
A_PB2	1376	36	N	5	0	35	21.2285714285714
A_PB2	1377	36	N	5	0	35	24.8857142857143
A_PB2	1378	38	N	3	0	38	21.9736842105263
A_PB2	1379	38	N	3	0	36	19.9166666666667
A_PB2	1380	38	N	3	0	33	17.9393939393939
A_PB2	1381	38	N	3	0	38	16.7894736842105
A_PB2	1382	38	N	3	0	37	16.1081081081081
A_PB2	1383	36	N	4	0	31	15.3225806451613
A_PB2	1384	37	N	3	0	36	14.6666666666667
A_PB2	1385	36	N	4	0	34	14.7941176470588
A_PB2	1386	35	N	5	0	35	14.2
A_PB2	1387	37	N	3	0	37	18.5135135135135
A_PB2	1388	37	N	3	0	35	17.0285714285714
A_PB2	1389	37	N	3	0	36	17.3333333333333
A_PB2	1390	35	N	5	0	34	17.4705882352941
A_PB2	1391	38	N	2	0	38	16.2631578947368
A_PB2	1392	35	N	5	0	34	18.0294117647059
A_PB2	1393	34	N	6	0	32	18.25
A_PB2	1394	38	N	2	0	37	18.2432432432432
A_PB2	1395	36	N	3	0	34	15.8529411764706
A_PB2	1396	35	N	4	0	32	14.8125
A_PB2	1397	36	N	3	0	36	15.8888888888889
A_PB2	1398	36	N	3	0	35	15.3714285714286
A_PB2	1399	36	N	3	0	35	16.3142857142857
A_PB2	1400	36	N	3	0	36	18.1944444444444
A_PB2	1401	36	N	3	0	34	16.9705882352941
A_PB2	1402	36	N	3	0	36	16.5555555555556
A_PB2	1403	33	N	6	0	33	17.3333333333333
A_PB2	1404	35	N	4	0	35	17.8857142857143
A_PB2	1405	36	N	3	0	36	19
A_PB2	1406	35	N	4	0	34	19.7941176470588
A_PB2	1407	34	N	5	0	31	18.6451612903226
A_PB2	1408	36	N	3	0	36	13.4166666666667
A_PB2	1409	37	N	2	0	37	13.7297297297297
A_PB2	1410	37	N	2	0	36	13.7222222222222
A_PB2	1411	36	N	3	0	36	16.7777777777778
A_PB2	1412	35	N	4	0	35	16.9142857142857
A_PB2	1413	36	N	3	0	36	13.7777777777778
A_PB2	1414	36	N	3	0	36	15.1111111111111
A_PB2	1415	36	N	3	0	36	16.6388888888889
A_PB2	1416	36	N	3	0	35	18.6571428571429
A_PB2	1417	36	N	3	0	36	20.8055555555556
A_PB2	1418	36	N	3	0	35	20.2571428571429
A_PB2	1419	36	N	3	0	36	20.6388888888889
A_PB2	1420	36	N	3	0	36	19.9444444444444
A_PB2	1421	36	N	3	0	35	20.3714285714286
A_PB2	1422	36	N	3	0	35	20.7142857142857
A_PB2	1423	36	N	3	0	35	18.2
A_PB2	1424	36	N	3	0	36	16.5277777777778
A_PB2	1425	36	N	3	0	36	16.3333333333333
A_PB2	1426	36	N	3	0	36	16.0555555555556
A_PB2	1427	35	N	4	0	35	17.3428571428571
A_PB2	1428	35	N	4	0	35	22.1714285714286
A_PB2	1429	35	N	4	0	35	19.8571428571429
A_PB2	1430	35	N	4	0	35	16.7714285714286
A_PB2	1431	35	N	4	0	33	17.2727272727273
A_PB2	1432	36	N	3	0	36	18.0555555555556
A_PB2	1433	36	N	3	0	36	14.4444444444444
A_PB2	1434	34	N	5	0	32	14.15625
A_PB2	1435	35	N	4	0	35	12.9714285714286
A_PB2	1436	32	N	7	0	32	13.15625
A_PB2	1437	34	N	5	0	33	14.6969696969697
A_PB2	1438	34	N	5	0	33	15.3636363636364
A_PB2	1439	35	N	4	0	35	14.3714285714286
A_PB2	1440	35	N	4	0	32	14.40625
A_PB2	1441	36	N	3	0	36	13.6388888888889
A_PB2	1442	36	N	3	0	36	13.8888888888889
A_PB2	1443	36	N	3	0	36	16.9444444444444
A_PB2	1444	35	N	4	0	35	18.2571428571429
A_PB2	1445	36	N	3	0	36	17.6388888888889
A_PB2	1446	36	N	3	0	36	17.2777777777778
A_PB2	1447	36	N	3	0	35	18.0285714285714
A_PB2	1448	36	N	3	0	36	17.9722222222222
A_PB2	1449	31	N	8	0	31	18.4516129032258
A_PB2	1450	36	N	3	0	36	18.75
A_PB2	1451	36	N	3	0	35	19.8
A_PB2	1452	35	N	4	0	34	21.8235294117647
A_PB2	1453	36	N	3	0	35	19.4857142857143
A_PB2	1454	33	N	6	0	32	16.78125
A_PB2	1455	35	N	4	0	32	17.5
A_PB2	1456	36	N	3	0	33	17.6060606060606
A_PB2	1457	36	N	3	0	36	17.0833333333333
A_PB2	1458	36	N	3	0	36	17.9444444444444
A_PB2	1459	36	N	3	0	35	17.4571428571429
A_PB2	1460	35	N	4	0	34	18.0882352941176
A_PB2	1461	36	N	3	0	36	18
A_PB2	1462	37	N	2	0	36	16.7222222222222
A_PB2	1463	37	N	2	0	34	16.6470588235294
A_PB2	1464	35	N	4	0	35	17.2857142857143
A_PB2	1465	37	N	2	0	37	16.8918918918919
A_PB2	1466	37	N	2	0	37	18.027027027027
A_PB2	1467	37	N	2	0	37	18.1891891891892
A_PB2	1468	36	N	3	0	36	19.8888888888889
A_PB2	1469	37	N	2	0	36	20.4166666666667
A_PB2	1470	37	N	2	0	37	20.4864864864865
A_PB2	1471	36	N	3	0	36	20.0277777777778
A_PB2	1472	36	N	3	0	36	19.3055555555556
A_PB2	1473	36	N	3	0	36	16.2222222222222
A_PB2	1474	36	N	3	0	36	16.5833333333333
A_PB2	1475	36	N	3	0	35	16.9142857142857
A_PB2	1476	35	N	4	0	34	17.9705882352941
A_PB2	1477	35	N	4	0	34	29.1764705882353
A_PB2	1478	36	N	3	0	35	28.9142857142857
A_PB2	1479	36	N	3	0	35	31.8571428571429
A_PB2	1480	36	N	3	0	36	21.3888888888889
A_PB2	1481	35	N	4	0	33	20.5454545454545
A_PB2	1482	36	N	3	0	36	19.9444444444444
A_PB2	1483	36	N	3	0	36	19.9722222222222
A_PB2	1484	35	N	4	0	35	18.7714285714286
A_PB2	1485	35	N	4	0	34	18.3823529411765
A_PB2	1486	36	N	3	0	36	19.4444444444444
A_PB2	1487	36	N	3	0	36	17.8611111111111
A_PB2	1488	36	N	3	0	35	18.0285714285714
A_PB2	1489	36	N	3	0	36	17.9444444444444
A_PB2	1490	34	N	5	0	33	19.1515151515152
A_PB2	1491	36	N	3	0	35	18.7428571428571
A_PB2	1492	36	N	3	0	36	18.5
A_PB2	1493	35	N	4	0	34	18.0294117647059
A_PB2	1494	35	N	4	0	35	17.7428571428571
A_PB2	1495	35	N	4	0	33	17.5454545454545
A_PB2	1496	36	N	3	0	36	16.2222222222222
A_PB2	1497	36	N	3	0	34	19.5588235294118
A_PB2	1498	36	N	3	0	35	17.2571428571429
A_PB2	1499	33	N	6	0	30	12.5666666666667
A_PB2	1500	36	N	3	0	35	12.2571428571429
A_PB2	1501	34	N	5	0	31	12.0322580645161
A_PB2	1502	35	N	4	0	35	12.9714285714286
A_PB2	1503	36	N	3	0	35	17.6
A_PB2	1504	36	N	3	0	36	19.3055555555556
A_PB2	1505	36	N	3	0	34	19.5
A_PB2	1506	35	N	4	0	33	15.969696969697
A_PB2	1507	35	N	4	0	35	16.0857142857143
A_PB2	1508	36	N	3	0	33	17.7878787878788
A_PB2	1509	36	N	3	0	35	18.7428571428571
A_PB2	1510	36	N	3	0	35	21.4857142857143
A_PB2	1511	36	N	3	0	35	17.7714285714286
A_PB2	1512	35	N	4	0	33	18.8181818181818
A_PB2	1513	31	N	8	0	31	16.8064516129032
A_PB2	1514	34	N	5	0	32	16.96875
A_PB2	1515	37	N	2	0	36	17.1944444444444
A_PB2	1516	37	N	2	0	36	20.0277777777778
A_PB2	1517	37	N	2	0	37	16.2162162162162
A_PB2	1518	36	N	3	0	35	16.1142857142857
A_PB2	1519	37	N	2	0	34	14.8823529411765
A_PB2	1520	34	N	5	0	33	13.7575757575758
A_PB2	1521	36	N	3	0	36	14.0833333333333
A_PB2	1522	36	N	3	0	34	15.5882352941176
A_PB2	1523	36	N	3	0	35	18.4285714285714
A_PB2	1524	37	N	2	0	37	18.1621621621622
A_PB2	1525	35	N	4	0	35	18.1142857142857
A_PB2	1526	37	N	2	0	36	17.8888888888889
A_PB2	1527	36	N	3	0	35	17.0285714285714
A_PB2	1528	35	N	4	0	34	20.0882352941176
A_PB2	1529	35	N	4	0	31	22.1935483870968
A_PB2	1530	35	N	4	0	34	19.9117647058824
A_PB2	1531	36	N	3	0	32	17.6875
A_PB2	1532	35	N	4	0	35	16
A_PB2	1533	34	N	5	0	30	16.3666666666667
A_PB2	1534	35	N	4	0	35	15.6571428571429
A_PB2	1535	35	N	4	0	32	16.0625
A_PB2	1536	35	N	4	0	33	17.2424242424242
A_PB2	1537	35	N	3	0	35	16.3428571428571
A_PB2	1538	36	N	2	0	34	16.0588235294118
A_PB2	1539	35	N	3	0	33	16.1818181818182
A_PB2	1540	36	N	2	0	36	16.7777777777778
A_PB2	1541	36	N	2	0	36	17.75
A_PB2	1542	36	N	2	0	36	17.6111111111111
A_PB2	1543	35	N	3	0	33	18.7878787878788
A_PB2	1544	35	N	3	0	34	21.3235294117647
A_PB2	1545	35	N	3	0	34	22.0294117647059
A_PB2	1546	35	N	3	0	34	21.5
A_PB2	1547	34	N	4	0	34	20.0588235294118
A_PB2	1548	35	N	3	0	33	20.8181818181818
A_PB2	1549	35	N	3	0	34	20.6764705882353
A_PB2	1550	35	N	3	0	35	20.2857142857143
A_PB2	1551	35	N	3	0	34	20.4117647058824
A_PB2	1552	35	N	3	0	33	20.6060606060606
A_PB2	1553	35	N	3	0	34	20.5
A_PB2	1554	35	N	3	0	30	19.5333333333333
A_PB2	1555	35	N	3	0	34	18.0294117647059
A_PB2	1556	35	N	3	0	34	18.1470588235294
A_PB2	1557	35	N	3	0	33	18.969696969697
A_PB2	1558	35	N	3	0	34	18.6764705882353
A_PB2	1559	35	N	3	0	34	18.8235294117647
A_PB2	1560	35	N	3	0	34	18.0588235294118
A_PB2	1561	35	N	3	0	35	17.9428571428571
A_PB2	1562	35	N	3	0	34	16.3529411764706
A_PB2	1563	35	N	3	0	32	13.46875
A_PB2	1564	35	N	3	0	35	13.1714285714286
A_PB2	1565	33	N	5	0	30	13.1666666666667
A_PB2	1566	34	N	4	0	34	13.7647058823529
A_PB2	1567	35	N	3	0	35	16.0285714285714
A_PB2	1568	34	N	4	0	34	17.4117647058824
A_PB2	1569	35	N	3	0	33	19.2727272727273
A_PB2	1570	35	N	3	0	35	19.0571428571429
A_PB2	1571	36	N	2	0	36	18.5
A_PB2	1572	36	N	2	0	36	19.0277777777778
A_PB2	1573	36	N	2	0	34	18.5
A_PB2	1574	36	N	2	0	35	18.6857142857143
A_PB2	1575	36	N	2	0	36	19
A_PB2	1576	34	N	4	0	34	19.5882352941176
A_PB2	1577	35	N	3	0	35	19.8285714285714
A_PB2	1578	35	N	3	0	34	19.7647058823529
A_PB2	1579	35	N	3	0	35	18.8285714285714
A_PB2	1580	35	N	3	0	34	18.6470588235294
A_PB2	1581	35	N	3	0	34	19.1176470588235
A_PB2	1582	35	N	3	0	35	19.7714285714286
A_PB2	1583	35	N	3	0	33	21.3333333333333
A_PB2	1584	35	N	3	0	35	20.2285714285714
A_PB2	1585	35	N	3	0	35	19.9714285714286
A_PB2	1586	35	N	3	0	34	18.9705882352941
A_PB2	1587	35	N	3	0	35	18.4
A_PB2	1588	35	N	3	0	34	18.7352941176471
A_PB2	1589	35	N	3	0	35	20.2571428571429
A_PB2	1590	35	N	3	0	33	20.5757575757576
A_PB2	1591	35	N	3	0	35	20.7428571428571
A_PB2	1592	35	N	3	0	35	20.6285714285714
A_PB2	1593	35	N	3	0	35	21.5142857142857
A_PB2	1594	35	N	3	0	34	21.4117647058824
A_PB2	1595	35	N	3	0	34	20.5588235294118
A_PB2	1596	35	N	3	0	34	18.0294117647059
A_PB2	1597	35	N	3	0	35	18
A_PB2	1598	35	N	3	0	35	18.2285714285714
A_PB2	1599	35	N	3	0	35	18.6285714285714
A_PB2	1600	35	N	3	0	35	23.1428571428571
A_PB2	1601	35	N	3	0	34	23.2647058823529
A_PB2	1602	34	N	4	0	34	23.3823529411765
A_PB2	1603	35	N	3	0	35	21.8571428571429
A_PB2	1604	35	N	3	0	35	22.1714285714286
A_PB2	1605	35	N	3	0	34	20.7647058823529
A_PB2	1606	36	N	2	0	35	20.8
A_PB2	1607	36	N	2	0	36	19.9444444444444
A_PB2	1608	36	N	2	0	36	19.7222222222222
A_PB2	1609	36	N	2	0	36	22.1666666666667
A_PB2	1610	34	N	4	0	34	21.3823529411765
A_PB2	1611	35	N	3	0	34	22.5294117647059
A_PB2	1612	35	N	3	0	33	23.7575757575758
A_PB2	1613	34	N	4	0	33	25.4242424242424
A_PB2	1614	35	N	3	0	33	26.2121212121212
A_PB2	1615	36	N	2	0	36	23.6666666666667
A_PB2	1616	36	N	2	0	36	22.6944444444444
A_PB2	1617	36	N	2	0	33	21.1515151515152
A_PB2	1618	36	N	2	0	36	19.8055555555556
A_PB2	1619	35	N	3	0	35	19.4857142857143
A_PB2	1620	35	N	3	0	33	19.4848484848485
A_PB2	1621	36	N	2	0	35	17.3714285714286
A_PB2	1622	36	N	2	0	36	16.1388888888889
A_PB2	1623	35	N	3	0	35	16.9142857142857
A_PB2	1624	35	N	3	0	35	18.7714285714286
A_PB2	1625	34	N	4	0	34	23.0588235294118
A_PB2	1626	35	N	3	0	33	24.7272727272727
A_PB2	1627	39	N	1	0	36	23.5277777777778
A_PB2	1628	38	N	2	0	38	22.5263157894737
A_PB2	1629	39	N	1	0	39	21.7692307692308
A_PB2	1630	39	N	1	0	39	20.6923076923077
A_PB2	1631	38	N	2	0	37	20.972972972973
A_PB2	1632	39	N	1	0	39	18.5128205128205
A_PB2	1633	39	N	1	0	39	18.5384615384615
A_PB2	1634	38	N	2	0	38	19.0526315789474
A_PB2	1635	39	N	1	0	39	20.9230769230769
A_PB2	1636	39	N	1	0	39	21.5641025641026
A_PB2	1637	39	N	1	0	38	21.2631578947368
A_PB2	1638	39	N	1	0	39	20.3846153846154
A_PB2	1639	40	N	0	0	40	18.675
A_PB2	1640	40	N	0	0	40	20.225
A_PB2	1641	40	N	0	0	39	18.1025641025641
A_PB2	1642	40	N	0	0	40	18.725
A_PB2	1643	40	N	0	0	40	20.1
A_PB2	1644	39	N	1	0	39	21.3589743589744
A_PB2	1645	39	N	1	0	39	22.5641025641026
A_PB2	1646	39	N	1	0	39	23.3846153846154
A_PB2	1647	39	N	1	0	39	22.7179487179487
A_PB2	1648	39	N	1	0	38	22.2631578947368
A_PB2	1649	39	N	1	0	39	22.2307692307692
A_PB2	1650	39	N	1	0	39	22.6923076923077
A_PB2	1651	39	N	1	0	39	23.0769230769231
A_PB2	1652	39	N	1	0	39	22.974358974359
A_PB2	1653	39	N	1	0	39	20.974358974359
A_PB2	1654	39	N	1	0	39	21.8205128205128
A_PB2	1655	40	N	0	0	40	22.225
A_PB2	1656	40	N	0	0	40	22.225
A_PB2	1657	40	N	0	0	40	22.775
A_PB2	1658	40	N	0	0	40	21.875
A_PB2	1659	39	N	1	0	38	21.3157894736842
A_PB2	1660	39	N	1	0	39	21.3076923076923
A_PB2	1661	39	N	1	0	39	21.4102564102564
A_PB2	1662	39	N	1	0	38	21.8421052631579
A_PB2	1663	39	N	1	0	39	22.4871794871795
A_PB2	1664	39	N	1	0	39	23.1538461538462
A_PB2	1665	39	N	1	0	39	23.8717948717949
A_PB2	1666	38	N	1	0	38	23.9736842105263
A_PB2	1667	39	N	0	0	39	24.8974358974359
A_PB2	1668	39	N	0	0	39	25.5897435897436
A_PB2	1669	38	N	1	0	38	24.6842105263158
A_PB2	1670	39	N	0	0	39	23.3333333333333
A_PB2	1671	39	N	0	0	39	23.3333333333333
A_PB2	1672	39	N	0	0	35	23.3428571428571
A_PB2	1673	38	N	1	0	38	26.1842105263158
A_PB2	1674	39	N	0	0	39	26.0769230769231
A_PB2	1675	38	N	1	0	38	23.0526315789474
A_PB2	1676	38	N	1	0	36	22.5
A_PB2	1677	38	N	1	0	38	21.8684210526316
A_PB2	1678	43	N	1	0	41	21.6341463414634
A_PB2	1679	45	N	0	0	43	21.906976744186
A_PB2	1680	45	N	0	0	45	22.3333333333333
A_PB2	1681	44	N	1	0	39	22.1794871794872
A_PB2	1682	45	N	0	0	43	21.5813953488372
A_PB2	1683	44	N	1	0	43	21.2558139534884
A_PB2	1684	44	N	1	0	41	22.8048780487805
A_PB2	1685	44	N	1	0	42	21.547619047619
A_PB2	1686	45	N	0	0	45	22.4888888888889
A_PB2	1687	45	N	0	0	44	20.3409090909091
A_PB2	1688	43	N	2	0	41	19.1707317073171
A_PB2	1689	44	N	1	0	43	20.1627906976744
A_PB2	1690	42	N	2	0	41	19.6829268292683
A_PB2	1691	41	N	2	0	41	22.0975609756098
A_PB2	1692	42	N	1	0	41	21.4878048780488
A_PB2	1693	43	N	0	0	41	20.5365853658537
A_PB2	1694	43	N	0	0	42	20.2619047619048
A_PB2	1695	42	N	1	0	42	20.952380952381
A_PB2	1696	42	N	1	0	42	20.1666666666667
A_PB2	1697	42	N	1	0	42	20.952380952381
A_PB2	1698	42	N	1	0	42	20.6428571428571
A_PB2	1699	42	N	1	0	41	19.7317073170732
A_PB2	1700	41	N	2	0	40	19.1
A_PB2	1701	36	N	7	0	36	18.8333333333333
A_PB2	1702	41	N	2	0	41	20.219512195122
A_PB2	1703	42	N	1	0	42	21.1666666666667
A_PB2	1704	42	N	1	0	42	23
A_PB2	1705	42	N	1	0	41	22.0731707317073
A_PB2	1706	42	N	1	0	42	22.6190476190476
A_PB2	1707	42	N	1	0	41	21.4878048780488
A_PB2	1708	42	N	1	0	41	21.9268292682927
A_PB2	1709	42	N	1	0	42	21.3571428571429
A_PB2	1710	42	N	1	0	42	21.8333333333333
A_PB2	1711	42	N	1	0	42	20.8095238095238
A_PB2	1712	42	N	1	0	41	20.7560975609756
A_PB2	1713	42	N	1	0	41	21.0975609756098
A_PB2	1714	42	N	1	0	41	19.9268292682927
A_PB2	1715	42	N	1	0	42	21.1904761904762
A_PB2	1716	42	N	1	0	42	22.1190476190476
A_PB2	1717	42	N	1	0	42	21.5
A_PB2	1718	42	N	1	0	42	20.6904761904762
A_PB2	1719	43	N	0	0	43	22.7674418604651
A_PB2	1720	42	N	1	0	41	22.1219512195122
A_PB2	1721	43	N	0	0	41	21.6829268292683
A_PB2	1722	43	N	0	0	42	22.0952380952381
A_PB2	1723	43	N	0	0	43	24.4418604651163
A_PB2	1724	43	N	0	0	43	22.6279069767442
A_PB2	1725	43	N	0	0	41	21.7073170731707
A_PB2	1726	43	N	0	0	40	21.075
A_PB2	1727	42	N	1	0	42	20.6190476190476
A_PB2	1728	42	N	1	0	42	22.4285714285714
A_PB2	1729	42	N	1	0	42	20.4285714285714
A_PB2	1730	42	N	1	0	41	21.0243902439024
A_PB2	1731	43	N	0	0	39	20.9487179487179
A_PB2	1732	43	N	0	0	42	19.547619047619
A_PB2	1733	43	N	0	0	43	19.8139534883721
A_PB2	1734	43	N	0	0	42	20.4047619047619
A_PB2	1735	43	N	0	0	43	21.046511627907
A_PB2	1736	42	N	1	0	41	21.609756097561
A_PB2	1737	42	N	1	0	42	20.9047619047619
A_PB2	1738	40	N	2	0	40	21.975
A_PB2	1739	41	N	1	0	40	21.15
A_PB2	1740	41	N	1	0	41	22.8536585365854
A_PB2	1741	41	N	1	0	38	20.9210526315789
A_PB2	1742	41	N	1	0	41	20
A_PB2	1743	40	N	2	0	40	20.25
A_PB2	1744	39	N	3	0	39	20.7692307692308
A_PB2	1745	37	N	5	0	37	20.1891891891892
A_PB2	1746	41	N	1	0	40	20.875
A_PB2	1747	41	N	1	0	39	26.3076923076923
A_PB2	1748	38	N	4	0	37	32.4054054054054
A_PB2	1749	40	N	2	0	40	26.475
A_PB2	1750	40	N	2	0	40	23.35
A_PB2	1751	41	N	1	0	40	21.75
A_PB2	1752	40	N	2	0	36	23.1944444444444
A_PB2	1753	37	N	4	0	37	21.6216216216216
A_PB2	1754	39	N	2	0	39	24
A_PB2	1755	38	N	3	0	36	24.1944444444444
A_PB2	1756	40	N	1	0	39	22.6153846153846
A_PB2	1757	40	N	1	0	40	23.225
A_PB2	1758	40	N	1	0	40	21.55
A_PB2	1759	40	N	1	0	39	23.4871794871795
A_PB2	1760	40	N	1	0	39	24.2051282051282
A_PB2	1761	41	N	0	0	41	23.5365853658537
A_PB2	1762	41	N	0	0	40	22.65
A_PB2	1763	41	N	0	0	40	22.05
A_PB2	1764	41	N	0	0	40	24.15
A_PB2	1765	40	N	1	0	40	22.175
A_PB2	1766	39	N	2	0	37	22.7837837837838
A_PB2	1767	40	N	1	0	40	21
A_PB2	1768	40	N	1	0	39	20.4615384615385
A_PB2	1769	40	N	1	0	39	20.2564102564103
A_PB2	1770	38	N	3	0	37	21
A_PB2	1771	39	N	2	0	37	19.6486486486486
A_PB2	1772	40	N	1	0	39	20.4358974358974
A_PB2	1773	39	N	2	0	39	18.5641025641026
A_PB2	1774	39	N	2	0	39	18.2307692307692
A_PB2	1775	38	N	3	0	38	19.3157894736842
A_PB2	1776	40	N	1	0	39	20.6410256410256
A_PB2	1777	40	N	1	0	39	24.0512820512821
A_PB2	1778	40	N	1	0	40	23.075
A_PB2	1779	40	N	1	0	39	23.3076923076923
A_PB2	1780	40	N	1	0	40	22.65
A_PB2	1781	40	N	1	0	39	21.974358974359
A_PB2	1782	40	N	1	0	40	21.15
A_PB2	1783	40	N	1	0	39	21.7948717948718
A_PB2	1784	40	N	1	0	39	21.6923076923077
A_PB2	1785	39	N	2	0	37	20.4594594594595
A_PB2	1786	39	N	2	0	39	17.4871794871795
A_PB2	1787	40	N	1	0	40	16.8
A_PB2	1788	40	N	1	0	38	17.5
A_PB2	1789	38	N	3	0	36	19.1944444444444
A_PB2	1790	38	N	3	0	37	19.9189189189189
A_PB2	1791	40	N	1	0	38	20.2631578947368
A_PB2	1792	41	N	0	0	38	21.4736842105263
A_PB2	1793	41	N	0	0	39	20.9230769230769
A_PB2	1794	40	N	1	0	39	20.5384615384615
A_PB2	1795	39	N	2	0	38	20.4473684210526
A_PB2	1796	44	N	1	0	43	21.3488372093023
A_PB2	1797	44	N	1	0	42	21.7380952380952
A_PB2	1798	45	N	0	0	45	20.5777777777778
A_PB2	1799	45	N	0	0	44	22.4318181818182
A_PB2	1800	43	N	2	0	41	20.3170731707317
A_PB2	1801	44	N	1	0	43	20.2790697674419
A_PB2	1802	44	N	1	0	44	22.0681818181818
A_PB2	1803	43	N	2	0	42	22.452380952381
A_PB2	1804	43	N	2	0	43	21.6511627906977
A_PB2	1805	44	N	1	0	43	20.7209302325581
A_PB2	1806	44	N	1	0	44	19.9772727272727
A_PB2	1807	45	N	0	0	45	20.8444444444444
A_PB2	1808	45	N	0	0	43	20.5581395348837
A_PB2	1809	45	N	0	0	44	19.8409090909091
A_PB2	1810	44	N	1	0	44	19.6818181818182
A_PB2	1811	43	N	2	0	42	20.7380952380952
A_PB2	1812	44	N	1	0	44	21.4772727272727
A_PB2	1813	44	N	1	0	44	22.8409090909091
A_PB2	1814	44	N	1	0	44	23.3636363636364
A_PB2	1815	44	N	1	0	43	23.1627906976744
A_PB2	1816	44	N	1	0	44	23.5454545454545
A_PB2	1817	45	N	0	0	45	23.6888888888889
A_PB2	1818	45	N	0	0	44	23.8409090909091
A_PB2	1819	45	N	0	0	45	24.7333333333333
A_PB2	1820	45	N	0	0	45	23.9333333333333
A_PB2	1821	45	N	0	0	44	22.5
A_PB2	1822	43	N	1	0	43	20.8604651162791
A_PB2	1823	45	N	0	0	45	20.5777777777778
A_PB2	1824	45	N	0	0	44	22.6363636363636
A_PB2	1825	43	N	2	0	43	24.1860465116279
A_PB2	1826	44	N	1	0	43	24.5581395348837
A_PB2	1827	44	N	1	0	44	25.5681818181818
A_PB2	1828	42	N	3	0	41	23.9268292682927
A_PB2	1829	43	N	2	0	43	23.1860465116279
A_PB2	1830	44	N	1	0	43	24.4883720930233
A_PB2	1831	44	N	1	0	42	24.0952380952381
A_PB2	1832	44	N	1	0	44	24.2727272727273
A_PB2	1833	44	N	1	0	43	24.7209302325581
A_PB2	1834	45	N	1	0	44	22.7727272727273
A_PB2	1835	45	N	1	0	45	22.2666666666667
A_PB2	1836	45	N	1	0	44	23.3636363636364
A_PB2	1837	45	N	1	0	45	23.6222222222222
A_PB2	1838	45	N	1	0	45	23.8222222222222
A_PB2	1839	44	N	2	0	44	24.1136363636364
A_PB2	1840	45	N	1	0	45	23.9111111111111
A_PB2	1841	44	N	2	0	44	23.5227272727273
A_PB2	1842	45	N	1	0	45	23.6666666666667
A_PB2	1843	45	N	1	0	44	23.25
A_PB2	1844	45	N	1	0	45	22.8
A_PB2	1845	43	N	1	0	41	22.9756097560976
A_PB2	1846	43	N	1	0	41	24.219512195122
A_PB2	1847	43	N	1	0	43	23.1627906976744
A_PB2	1848	43	N	1	0	43	22.3023255813953
A_PB2	1849	43	N	1	0	43	22.4883720930233
A_PB2	1850	43	N	1	0	43	23.1860465116279
A_PB2	1851	43	N	1	0	43	28.2790697674419
A_PB2	1852	43	N	1	0	43	23.9302325581395
A_PB2	1853	43	N	1	0	43	23.2325581395349
A_PB2	1854	43	N	1	0	43	21.7441860465116
A_PB2	1855	43	N	1	0	43	23.0232558139535
A_PB2	1856	43	N	1	0	43	22.1395348837209
A_PB2	1857	42	N	2	0	41	23.8048780487805
A_PB2	1858	43	N	1	0	43	23.1395348837209
A_PB2	1859	43	N	1	0	43	26.5116279069767
A_PB2	1860	43	N	1	0	43	25.4418604651163
A_PB2	1861	41	N	3	0	41	28.9024390243902
A_PB2	1862	43	N	1	0	43	26.093023255814
A_PB2	1863	43	N	1	0	43	25.4651162790698
A_PB2	1864	43	N	1	0	43	20.6511627906977
A_PB2	1865	43	N	1	0	43	25.2558139534884
A_PB2	1866	43	N	1	0	42	23.2857142857143
A_PB2	1867	43	N	1	0	43	23.3023255813953
A_PB2	1868	43	N	1	0	43	23.2558139534884
A_PB2	1869	43	N	1	0	43	23.4186046511628
A_PB2	1870	43	N	1	0	43	23.6976744186047
A_PB2	1871	42	N	2	0	42	25.7857142857143
A_PB2	1872	42	N	2	0	42	25.3095238095238
A_PB2	1873	43	N	1	0	43	24.1860465116279
A_PB2	1874	43	N	1	0	43	23.5581395348837
A_PB2	1875	43	N	1	0	43	23.6279069767442
A_PB2	1876	41	N	3	0	41	28.7560975609756
A_PB2	1877	43	N	1	0	43	25.3255813953488
A_PB2	1878	43	N	1	0	42	24.8095238095238
A_PB2	1879	43	N	1	0	43	23
A_PB2	1880	43	N	1	0	43	21.8837209302326
A_PB2	1881	43	N	1	0	43	21.7906976744186
A_PB2	1882	42	N	2	0	42	24.1190476190476
A_PB2	1883	42	N	2	0	42	21.0714285714286
A_PB2	1884	42	N	2	0	41	21.390243902439
A_PB2	1885	44	N	1	0	44	19.7045454545455
A_PB2	1886	44	N	1	0	44	20.9318181818182
A_PB2	1887	44	N	1	0	43	20.4186046511628
A_PB2	1888	44	N	1	0	44	22.0909090909091
A_PB2	1889	44	N	1	0	42	22.4047619047619
A_PB2	1890	45	N	0	0	45	21.9555555555556
A_PB2	1891	46	N	0	0	46	20.8260869565217
A_PB2	1892	45	N	1	0	45	23.0444444444444
A_PB2	1893	46	N	0	0	45	21.6666666666667
A_PB2	1894	46	N	0	0	44	21.2045454545455
A_PB2	1895	46	N	0	0	46	21.3913043478261
A_PB2	1896	45	N	1	0	45	21.8888888888889
A_PB2	1897	45	N	1	0	43	21.1162790697674
A_PB2	1898	44	N	2	0	44	22.3863636363636
A_PB2	1899	43	N	3	0	42	21.7857142857143
A_PB2	1900	44	N	2	0	42	22.1666666666667
A_PB2	1901	44	N	2	0	43	28.7674418604651
A_PB2	1902	46	N	0	0	45	35.3555555555556
A_PB2	1903	46	N	0	0	45	24.7777777777778
A_PB2	1904	46	N	0	0	45	24.2222222222222
A_PB2	1905	46	N	0	0	46	24.2826086956522
A_PB2	1906	46	N	0	0	46	24.304347826087
A_PB2	1907	47	N	0	0	47	22.6382978723404
A_PB2	1908	46	N	0	0	44	21.6136363636364
A_PB2	1909	46	N	0	0	46	22.0434782608696
A_PB2	1910	45	N	1	0	44	23.8409090909091
A_PB2	1911	46	N	0	0	46	23.804347826087
A_PB2	1912	46	N	0	0	45	25.1333333333333
A_PB2	1913	44	N	2	0	44	25.3181818181818
A_PB2	1914	45	N	1	0	44	25.3636363636364
A_PB2	1915	45	N	1	0	45	23.4222222222222
A_PB2	1916	45	N	1	0	44	24.4318181818182
A_PB2	1917	44	N	1	0	43	25.4883720930233
A_PB2	1918	44	N	1	0	44	24.8863636363636
A_PB2	1919	44	N	1	0	44	23.4545454545455
A_PB2	1920	44	N	1	0	40	25.05
A_PB2	1921	44	N	1	0	44	22.0454545454545
A_PB2	1922	44	N	1	0	44	21.1363636363636
A_PB2	1923	44	N	1	0	43	26.9767441860465
A_PB2	1924	43	N	2	0	43	23.6511627906977
A_PB2	1925	43	N	2	0	43	22.4651162790698
A_PB2	1926	43	N	2	0	42	24.7380952380952
A_PB2	1927	44	N	1	0	43	23.6976744186047
A_PB2	1928	43	N	2	0	41	21.6341463414634
A_PB2	1929	43	N	2	0	41	20.8780487804878
A_PB2	1930	44	N	1	0	44	21.2954545454545
A_PB2	1931	42	N	2	0	42	20.8809523809524
A_PB2	1932	45	N	2	0	45	22.5333333333333
A_PB2	1933	44	N	3	0	44	24.3181818181818
A_PB2	1934	44	N	3	0	44	23.2045454545455
A_PB2	1935	44	N	3	0	44	23.6818181818182
A_PB2	1936	45	N	2	0	44	21.9772727272727
A_PB2	1937	45	N	2	0	45	22.9777777777778
A_PB2	1938	45	N	2	0	44	22.75
A_PB2	1939	45	N	2	0	45	23.4666666666667
A_PB2	1940	46	N	1	0	45	21.9777777777778
A_PB2	1941	44	N	3	0	44	19.9772727272727
A_PB2	1942	45	N	2	0	43	19.4186046511628
A_PB2	1943	46	N	1	0	46	18.2826086956522
A_PB2	1944	45	N	2	0	44	19.4772727272727
A_PB2	1945	46	N	1	0	46	21.2608695652174
A_PB2	1946	46	N	1	0	44	25.2045454545455
A_PB2	1947	47	N	0	0	47	22.4042553191489
A_PB2	1948	47	N	0	0	47	21.9148936170213
A_PB2	1949	47	N	0	0	46	21.9347826086957
A_PB2	1950	44	N	3	0	42	23.952380952381
A_PB2	1951	46	N	1	0	45	22.4666666666667
A_PB2	1952	46	N	1	0	45	23.9777777777778
A_PB2	1953	46	N	1	0	45	22.5111111111111
A_PB2	1954	45	N	2	0	44	23.0909090909091
A_PB2	1955	46	N	1	0	46	24.3260869565217
A_PB2	1956	46	N	1	0	45	22.7111111111111
A_PB2	1957	46	N	1	0	45	23.4
A_PB2	1958	46	N	1	0	44	21.6590909090909
A_PB2	1959	47	N	0	0	47	22.9574468085106
A_PB2	1960	46	N	0	0	43	24.1162790697674
A_PB2	1961	46	N	0	0	46	23.195652173913
A_PB2	1962	46	N	0	0	46	23.7826086956522
A_PB2	1963	45	N	1	0	45	23.8222222222222
A_PB2	1964	44	N	2	0	44	22.3181818181818
A_PB2	1965	45	N	1	0	45	21.5111111111111
A_PB2	1966	45	N	1	0	45	21.2
A_PB2	1967	45	N	1	0	44	21.2045454545455
A_PB2	1968	44	N	2	0	44	22.7045454545455
A_PB2	1969	44	N	2	0	44	20.7727272727273
A_PB2	1970	44	N	2	0	44	25.3863636363636
A_PB2	1971	44	N	2	0	44	23.0909090909091
A_PB2	1972	44	N	2	0	43	24.8604651162791
A_PB2	1973	44	N	2	0	44	21.3181818181818
A_PB2	1974	44	N	2	0	42	21.8571428571429
A_PB2	1975	46	N	0	0	46	21.3260869565217
A_PB2	1976	46	N	0	0	44	20.7954545454545
A_PB2	1977	46	N	0	0	45	21.2
A_PB2	1978	46	N	0	0	45	22.4666666666667
A_PB2	1979	46	N	0	0	46	21.9565217391304
A_PB2	1980	44	N	2	0	44	22.7727272727273
A_PB2	1981	46	N	0	0	45	23.4
A_PB2	1982	46	N	0	0	45	22.8666666666667
A_PB2	1983	46	N	0	0	46	22.2826086956522
A_PB2	1984	45	N	1	0	44	22.4090909090909
A_PB2	1985	44	N	2	0	43	23.4883720930233
A_PB2	1986	46	N	0	0	46	23.6521739130435
A_PB2	1987	46	N	0	0	45	24.1555555555556
A_PB2	1988	45	N	1	0	45	26.1777777777778
A_PB2	1989	45	N	1	0	45	26.3333333333333
A_PB2	1990	45	N	1	0	45	22.8888888888889
A_PB2	1991	45	N	1	0	40	19.925
A_PB2	1992	45	N	1	0	44	19
A_PB2	1993	44	N	2	0	43	19.3953488372093
A_PB2	1994	43	N	3	0	41	21.5121951219512
A_PB2	1995	45	N	1	0	45	23.8444444444444
A_PB2	1996	44	N	2	0	44	23.5454545454545
A_PB2	1997	44	N	2	0	43	25.5581395348837
A_PB2	1998	44	N	2	0	36	21.75
A_PB2	1999	45	N	1	0	43	19.8372093023256
A_PB2	2000	44	N	2	0	42	19.6666666666667
A_PB2	2001	46	N	0	0	45	20.6888888888889
A_PB2	2002	46	N	0	0	43	21.8372093023256
A_PB2	2003	38	N	8	0	35	23.0857142857143
A_PB2	2004	48	N	0	0	48	21.5833333333333
A_PB2	2005	48	N	0	0	48	20.8541666666667
A_PB2	2006	48	N	0	0	47	19.2127659574468
A_PB2	2007	48	N	0	0	47	23.531914893617
A_PB2	2008	48	N	0	0	46	26.2608695652174
A_PB2	2009	48	N	0	0	46	27.195652173913
A_PB2	2010	47	N	0	0	47	26.8297872340426
A_PB2	2011	46	N	1	0	45	26.0222222222222
A_PB2	2012	46	N	1	0	45	24.0222222222222
A_PB2	2013	45	N	1	0	44	24.1136363636364
A_PB2	2014	47	N	0	0	46	25.1739130434783
A_PB2	2015	47	N	0	0	46	22.304347826087
A_PB2	2016	47	N	0	0	45	23.3333333333333
A_PB2	2017	46	N	1	0	46	23.1739130434783
A_PB2	2018	47	N	0	0	45	23.6444444444444
A_PB2	2019	47	N	0	0	45	24.6444444444444
A_PB2	2020	46	N	1	0	44	24.6136363636364
A_PB2	2021	46	N	1	0	44	25.5454545454545
A_PB2	2022	46	N	1	0	46	25.7826086956522
A_PB2	2023	46	N	1	0	45	24.1333333333333
A_PB2	2024	46	N	1	0	45	23.3111111111111
A_PB2	2025	47	N	0	0	43	24.1395348837209
A_PB2	2026	46	N	1	0	45	23.4
A_PB2	2027	45	N	2	0	43	24.0697674418605
A_PB2	2028	46	N	1	0	44	25.7045454545455
A_PB2	2029	45	N	2	0	43	24.9767441860465
A_PB2	2030	46	N	1	0	45	24.3777777777778
A_PB2	2031	46	N	1	0	43	24.2558139534884
A_PB2	2032	46	N	1	0	44	24.7045454545455
A_PB2	2033	46	N	1	0	46	23.804347826087
A_PB2	2034	47	N	0	0	47	22.9787234042553
A_PB2	2035	47	N	0	0	46	22.7391304347826
A_PB2	2036	47	N	0	0	44	22.2954545454545
A_PB2	2037	46	N	1	0	44	23.25
A_PB2	2038	45	N	2	0	45	23.3333333333333
A_PB2	2039	47	N	0	0	46	22.2826086956522
A_PB2	2040	46	N	1	0	45	22.3777777777778
A_PB2	2041	46	N	1	0	46	21.7173913043478
A_PB2	2042	46	N	1	0	43	24.0232558139535
A_PB2	2043	46	N	1	0	44	23.0681818181818
A_PB2	2044	45	N	2	0	44	24.3863636363636
A_PB2	2045	45	N	2	0	45	25.5555555555556
A_PB2	2046	45	N	2	0	45	26.1777777777778
A_PB2	2047	57	A	2	0	55	25.3090909090909
A_PB2	2048	57	C	2	0	57	24.7543859649123
A_PB2	2049	57	A	2	0	56	24.2142857142857
A_PB2	2050	58	T	1	0	58	23.1724137931034
A_PB2	2051	58	C	1	0	58	23.1379310344828
A_PB2	2052	58	T	1	0	58	23.6379310344828
A_PB2	2053	52	G	6	0	50	24.94
A_PB2	2054	55	G	3	0	54	24.3148148148148
A_PB2	2055	56	G	2	0	54	26.4259259259259
A_PB2	2056	56	G	2	0	55	27.6727272727273
A_PB2	2057	57	T	1	0	53	25.622641509434
A_PB2	2058	57	G	1	0	55	25.0909090909091
A_PB2	2059	58	G	0	0	55	23.1454545454545
A_PB2	2060	58	A	0	0	57	21.859649122807
A_PB2	2061	56	G	2	0	54	22.9444444444444
A_PB2	2062	57	T	1	0	57	21.7719298245614
A_PB2	2063	56	C	2	0	51	21.9411764705882
A_PB2	2064	56	T	2	0	55	22.5818181818182
A_PB2	2065	56	G	2	0	54	23.1666666666667
A_PB2	2066	54	C	4	0	54	23.4444444444444
A_PB2	2067	55	T	3	0	55	26.7636363636364
A_PB2	2068	56	G	2	0	53	25.6981132075472
A_PB2	2069	56	T	2	0	56	23.0178571428571
A_PB2	2070	55	C	3	0	55	20.8727272727273
A_PB2	2071	55	C	3	0	54	19.1481481481481
A_PB2	2072	56	T	2	0	54	19.0740740740741
A_PB2	2073	49	N	9	0	45	20.1111111111111
A_PB2	2074	53	A	6	0	52	18.5961538461538
A_PB2	2075	54	N	5	0	48	19.0625
A_PB2	2076	56	A	3	0	56	25.6785714285714
A_PB2	2077	54	G	5	0	50	25.3
A_PB2	2078	54	G	5	0	54	20.4074074074074
A_PB2	2079	53	A	6	0	53	21.0566037735849
A_PB2	2080	52	T	7	0	51	21.3137254901961
A_PB2	2081	54	T	5	0	53	21.9433962264151
A_PB2	2082	55	C	4	0	51	21.8235294117647
A_PB2	2083	56	C	3	0	56	21.875
A_PB2	2084	55	T	4	0	55	21.6545454545455
A_PB2	2085	57	C	2	0	56	23.4285714285714
A_PB2	2086	58	A	1	0	55	24.1272727272727
A_PB2	2087	57	T	2	0	53	24.6037735849057
A_PB2	2088	58	T	1	0	56	23.1964285714286
A_PB2	2089	58	T	1	0	57	26.9649122807018
A_PB2	2090	58	T	1	0	54	28.0925925925926
A_PB2	2091	57	A	2	0	57	23.3859649122807
A_PB2	2092	58	G	1	0	58	22.0172413793103
A_PB2	2093	58	G	1	0	56	22.7142857142857
A_PB2	2094	58	C	1	0	56	23.5
A_PB2	2095	57	A	2	0	53	25.7169811320755
A_PB2	2096	58	A	1	0	57	24.5614035087719
A_PB2	2097	58	A	1	0	58	25.2068965517241
A_PB2	2098	58	G	1	0	58	25.8793103448276
A_PB2	2099	57	A	2	0	54	25.6111111111111
A_PB2	2100	58	A	1	0	56	24.9821428571429
A_PB2	2101	57	G	2	0	56	25.0714285714286
A_PB2	2102	57	A	2	0	56	23.1785714285714
A_PB2	2103	58	C	1	0	57	22.3333333333333
A_PB2	2104	58	A	1	0	57	23.5614035087719
A_PB2	2105	58	A	1	0	57	22.719298245614
A_PB2	2106	58	G	1	0	56	23.3392857142857
A_PB2	2107	59	A	0	0	57	24.1929824561403
A_PB2	2108	58	G	1	0	57	26.280701754386
A_PB2	2109	57	G	2	0	56	26.2142857142857
A_PB2	2110	58	T	1	0	58	27.0172413793103
A_PB2	2111	59	A	0	0	58	24.1724137931034
A_PB2	2112	58	T	1	0	58	25.3965517241379
A_PB2	2113	57	G	2	0	54	21.8703703703704
A_PB2	2114	56	G	3	0	55	20.5454545454545
A_PB2	2115	56	C	3	0	56	21.1071428571429
A_PB2	2116	56	C	3	0	56	22.0178571428571
A_PB2	2117	57	C	2	0	54	23.462962962963
A_PB2	2118	58	A	1	0	56	23.4642857142857
A_PB2	2119	56	G	3	0	53	24.1698113207547
A_PB2	2120	55	C	4	0	54	23.6111111111111
A_PB2	2121	54	A	5	0	53	21.9433962264151
A_PB2	2122	53	T	6	0	53	23.811320754717
A_PB2	2123	58	T	1	0	52	20.9807692307692
A_PB2	2124	55	N	3	0	49	20.5510204081633
A_PB2	2125	57	A	1	0	51	17.7450980392157
A_PB2	2126	57	G	2	0	53	19.8490566037736
A_PB2	2127	57	C	2	0	55	19.3636363636364
A_PB2	2128	56	A	3	0	50	22.48
A_PB2	2129	57	T	2	0	54	19.6111111111111
A_PB2	2130	57	C	2	0	50	20.34
A_PB2	2131	57	A	2	0	52	19.0576923076923
A_PB2	2132	57	A	2	0	56	19.3571428571429
A_PB2	2133	57	T	2	0	53	21.6792452830189
A_PB2	2134	58	G	1	0	52	22.2884615384615
A_PB2	2135	57	A	2	0	53	22.9811320754717
A_PB2	2136	58	A	1	0	57	22.8947368421053
A_PB2	2137	57	C	1	0	52	23.2884615384615
A_PB2	2138	58	T	0	0	57	25.1228070175439
A_PB2	2139	56	G	2	0	50	25.54
A_PB2	2140	57	A	1	0	52	23.7115384615385
A_PB2	2141	57	G	1	0	55	23.9636363636364
A_PB2	2142	57	C	2	0	55	22.8363636363636
A_PB2	2143	56	A	3	0	55	21.8909090909091
A_PB2	2144	57	A	2	0	57	22.1929824561403
A_PB2	2145	58	T	1	0	57	23.2456140350877
A_PB2	2146	58	C	1	0	54	25.462962962963
A_PB2	2147	56	T	3	0	55	25.8727272727273
A_PB2	2148	58	T	1	0	57	26.2982456140351
A_PB2	2149	58	G	1	0	57	24.5789473684211
A_PB2	2150	57	C	2	0	54	27.4444444444444
A_PB2	2151	58	T	1	0	54	27.2592592592593
A_PB2	2152	57	A	2	0	53	24.0566037735849
A_PB2	2153	58	A	1	0	57	23.8245614035088
A_PB2	2154	58	A	1	0	55	23.1636363636364
A_PB2	2155	58	G	1	0	57	24.8245614035088
A_PB2	2156	58	G	1	0	56	24.7321428571429
A_PB2	2157	58	A	1	0	56	23.5178571428571
A_PB2	2158	55	G	4	0	54	23.7037037037037
A_PB2	2159	57	A	2	0	57	31.3157894736842
A_PB2	2160	57	G	2	0	55	44.0545454545455
A_PB2	2161	55	A	4	0	55	32.2727272727273
A_PB2	2162	58	A	1	0	58	24.7758620689655
A_PB2	2163	58	A	1	0	55	24.7090909090909
A_PB2	2164	58	G	1	0	56	24.8214285714286
A_PB2	2165	58	C	1	0	57	27.5964912280702
A_PB2	2166	58	T	1	0	58	25.8793103448276
A_PB2	2167	58	A	1	0	56	24.9107142857143
A_PB2	2168	58	A	1	0	58	26.2413793103448
A_PB2	2169	59	T	0	0	59	28.1186440677966
A_PB2	2170	59	G	0	0	58	27.5172413793103
A_PB2	2171	59	T	0	0	59	27.7966101694915
A_PB2	2172	58	G	1	0	58	27.8620689655172
A_PB2	2173	58	C	1	0	56	27.0892857142857
A_PB2	2174	58	T	1	0	58	25.7413793103448
A_PB2	2175	58	A	1	0	58	25.9310344827586
A_PB2	2176	58	A	1	0	58	25.7586206896552
A_PB2	2177	58	T	1	0	57	25.4210526315789
A_PB2	2178	58	T	1	0	58	26.7931034482759
A_PB2	2179	58	G	1	0	58	24.6379310344828
A_PB2	2180	57	G	1	0	56	24.4285714285714
A_PB2	2181	62	G	1	0	62	27.3064516129032
A_PB2	2182	63	C	0	0	60	26.55
A_PB2	2183	61	A	2	0	61	22.7377049180328
A_PB2	2184	61	G	2	0	58	22.948275862069
A_PB2	2185	61	G	2	0	61	23.1967213114754
A_PB2	2186	63	G	0	0	62	24
A_PB2	2187	63	G	0	0	62	29.4193548387097
A_PB2	2188	63	G	0	0	63	29.6984126984127
A_PB2	2189	62	A	1	0	60	29.1833333333333
A_PB2	2190	62	C	1	0	60	26.6333333333333
A_PB2	2191	62	A	1	0	60	26.05
A_PB2	2192	62	T	1	0	62	27.258064516129
A_PB2	2193	62	A	1	0	58	23.6206896551724
A_PB2	2194	63	G	0	0	63	22.1904761904762
A_PB2	2195	63	T	0	0	63	22.0793650793651
A_PB2	2196	63	G	0	0	62	22.5967741935484
A_PB2	2197	62	T	1	0	61	25.7868852459016
A_PB2	2198	62	T	0	0	61	25.0983606557377
A_PB2	2199	61	G	1	0	61	24.0491803278689
A_PB2	2200	62	G	0	0	61	24.9344262295082
A_PB2	2201	61	T	1	0	60	27.6166666666667
A_PB2	2202	61	A	1	0	59	26.3389830508475
A_PB2	2203	62	A	0	0	61	27.2950819672131
A_PB2	2204	62	T	0	0	61	28.2295081967213
A_PB2	2205	62	G	0	0	61	25.672131147541
A_PB2	2206	61	A	1	0	61	27.2950819672131
A_PB2	2207	61	A	1	0	61	26.327868852459
A_PB2	2208	61	A	1	0	60	27.8166666666667
A_PB2	2209	61	C	1	0	61	27.4426229508197
A_PB2	2210	61	G	1	0	58	23.0862068965517
A_PB2	2211	61	A	1	0	59	22.8474576271186
A_PB2	2212	62	A	0	0	61	23.1967213114754
A_PB2	2213	62	A	0	0	61	28.344262295082
A_PB2	2214	62	A	0	0	61	33.2131147540984
A_PB2	2215	62	C	0	0	62	31.9354838709677
A_PB2	2216	60	G	2	0	55	25.2
A_PB2	2217	62	G	0	0	60	23.1333333333333
A_PB2	2218	62	G	0	0	60	23.5
A_PB2	2219	62	A	0	0	62	27.5
A_PB2	2220	61	C	1	0	57	27.5263157894737
A_PB2	2221	61	T	1	0	59	28.0169491525424
A_PB2	2222	61	C	1	0	59	27.2033898305085
A_PB2	2223	61	T	1	0	61	26.1147540983607
A_PB2	2224	61	A	1	0	60	25.9833333333333
A_PB2	2225	61	G	1	0	60	23.6
A_PB2	2226	59	C	3	0	58	25.6034482758621
A_PB2	2227	60	A	2	0	59	25.1525423728814
A_PB2	2228	61	T	1	0	61	24.1803278688525
A_PB2	2229	60	A	2	0	59	24.3389830508475
A_PB2	2230	60	C	2	0	59	21.2203389830508
A_PB2	2231	60	T	2	0	59	21.7966101694915
A_PB2	2232	62	T	0	0	60	23.3833333333333
A_PB2	2233	61	A	1	0	59	24.1694915254237
A_PB2	2234	62	C	0	0	59	23.6779661016949
A_PB2	2235	61	T	1	0	59	24.9491525423729
A_PB2	2236	60	G	2	0	59	23.3050847457627
A_PB2	2237	62	A	0	0	62	24.0322580645161
A_PB2	2238	62	C	0	0	61	27.6065573770492
A_PB2	2239	62	A	0	0	61	29.2131147540984
A_PB2	2240	62	G	0	0	62	28.5483870967742
A_PB2	2241	62	C	0	0	62	27.2903225806452
A_PB2	2242	62	C	0	0	61	28.016393442623
A_PB2	2243	61	A	1	0	61	28.6229508196721
A_PB2	2244	60	G	2	0	60	31.1666666666667
A_PB2	2245	62	A	0	0	62	26.9193548387097
A_PB2	2246	62	C	0	0	62	30.5
A_PB2	2247	62	A	0	0	61	26.016393442623
A_PB2	2248	62	G	0	0	62	26.741935483871
A_PB2	2249	62	C	0	0	62	29.0483870967742
A_PB2	2250	62	G	0	0	59	24.2881355932203
A_PB2	2251	62	A	0	0	62	23.9516129032258
A_PB2	2252	62	C	0	0	62	25.0161290322581
A_PB2	2253	61	C	1	0	61	24.8032786885246
A_PB2	2254	58	A	4	0	57	27.9122807017544
A_PB2	2255	59	A	3	0	59	28.2033898305085
A_PB2	2256	60	A	2	0	60	27.9666666666667
A_PB2	2257	61	A	1	0	60	31.9166666666667
A_PB2	2258	61	G	1	0	59	29.0338983050847
A_PB2	2259	62	A	0	0	62	25.741935483871
A_PB2	2260	62	A	0	0	62	24.5483870967742
A_PB2	2261	62	T	0	0	60	26.8166666666667
A_PB2	2262	62	T	0	0	62	25.4677419354839
A_PB2	2263	62	C	0	0	59	23.7118644067797
A_PB2	2264	62	G	0	0	59	21.4745762711864
A_PB2	2265	62	A	0	0	60	20.9333333333333
A_PB2	2266	62	A	0	0	61	22.2622950819672
A_PB2	2267	62	T	0	0	61	22.1475409836066
A_PB2	2268	62	G	0	0	62	25.5483870967742
A_PB2	2269	62	G	0	0	62	25.2096774193548
A_PB2	2270	62	C	0	0	62	24.241935483871
A_PB2	2271	62	C	0	0	62	26.0161290322581
A_PB2	2272	62	A	0	0	61	24.1475409836066
A_PB2	2273	62	T	0	0	61	24.0327868852459
A_PB2	2274	62	C	0	0	62	23.5967741935484
A_PB2	2275	60	A	0	0	58	24.3965517241379
A_PB2	2276	60	A	0	0	60	25.0166666666667
A_PB2	2277	59	T	0	0	59	26.2542372881356
A_PB2	2278	57	T	0	0	57	24.3333333333333
A_PB2	2279	54	A	0	0	54	23.3148148148148
A_PB2	2280	53	G	0	0	53	23.2452830188679
