Reference_Name	Position	Coverage Depth	Consensus	Deletions	Ambiguous	Consensus_Count	Consensus_Average_Quality
A_PB1	1	113	A	0	0	113	20.4690265486726
A_PB1	2	115	T	0	0	115	19.5304347826087
A_PB1	3	115	G	0	0	115	20.2434782608696
A_PB1	4	115	G	0	0	115	20.1391304347826
A_PB1	5	115	A	0	0	115	19.8347826086957
A_PB1	6	115	T	0	0	114	20
A_PB1	7	115	G	0	0	115	19.5565217391304
A_PB1	8	114	T	1	0	114	18.2631578947368
A_PB1	9	115	C	0	0	111	17.6126126126126
A_PB1	10	116	A	0	0	115	16.8521739130435
A_PB1	11	116	A	0	0	116	16.5862068965517
A_PB1	12	116	T	0	0	116	18.1896551724138
A_PB1	13	115	C	1	0	111	17.9369369369369
A_PB1	14	116	C	0	0	112	16.875
A_PB1	15	115	G	1	0	101	15.4851485148515
A_PB1	16	116	A	0	0	114	14.4473684210526
A_PB1	17	112	C	4	0	111	14.7657657657658
A_PB1	18	113	T	3	0	113	15.9734513274336
A_PB1	19	114	C	2	0	105	18.8380952380952
A_PB1	20	115	T	1	0	108	17.4444444444444
A_PB1	21	116	A	1	0	115	17.4782608695652
A_PB1	22	114	C	3	0	112	18.2232142857143
A_PB1	23	109	T	8	0	107	18.8785046728972
A_PB1	24	117	T	0	0	112	18.4017857142857
A_PB1	25	117	T	0	0	117	18.982905982906
A_PB1	26	117	T	0	0	116	19.8965517241379
A_PB1	27	117	C	0	0	117	20.008547008547
A_PB1	28	117	C	0	0	117	22.3846153846154
A_PB1	29	117	T	0	0	117	20.3247863247863
A_PB1	30	114	A	3	0	112	20.8125
A_PB1	31	117	A	0	0	116	20.5344827586207
A_PB1	32	117	A	0	0	117	20.9316239316239
A_PB1	33	117	A	0	0	116	23.4224137931034
A_PB1	34	117	A	0	0	115	22.7130434782609
A_PB1	35	117	T	0	0	112	21.1875
A_PB1	36	117	T	0	0	116	20.2758620689655
A_PB1	37	114	C	3	0	113	19.8849557522124
A_PB1	38	116	C	1	0	116	21.1551724137931
A_PB1	39	116	A	1	0	116	21.8275862068966
A_PB1	40	116	G	1	0	116	20.5862068965517
A_PB1	41	117	C	0	0	115	21.0086956521739
A_PB1	42	117	A	0	0	117	20.3418803418803
A_PB1	43	117	C	0	0	116	20.5
A_PB1	44	116	A	1	0	116	21.1293103448276
A_PB1	45	117	A	0	0	117	20.2991452991453
A_PB1	46	117	A	0	0	117	21.7777777777778
A_PB1	47	117	A	0	0	116	22.8620689655172
A_PB1	48	117	T	0	0	116	21.4224137931034
A_PB1	49	117	G	0	0	116	20.1206896551724
A_PB1	50	117	C	0	0	117	19.9487179487179
A_PB1	51	117	C	0	0	116	19.9655172413793
A_PB1	52	117	A	0	0	117	19.4017094017094
A_PB1	53	116	T	1	0	116	17.1465517241379
A_PB1	54	114	A	3	0	112	17.0446428571429
A_PB1	55	116	A	1	0	116	16.2241379310345
A_PB1	56	115	G	2	0	115	15.9826086956522
A_PB1	57	115	C	2	0	114	18.4122807017544
A_PB1	58	115	A	2	0	113	19.2743362831858
A_PB1	59	114	C	3	0	113	19.2212389380531
A_PB1	60	117	C	0	0	117	20.5897435897436
A_PB1	61	117	A	0	0	116	20.2758620689655
A_PB1	62	117	C	0	0	117	21.2307692307692
A_PB1	63	117	A	0	0	117	21.5128205128205
A_PB1	64	117	T	0	0	116	19.75
A_PB1	65	117	T	0	0	116	19.4310344827586
A_PB1	66	116	C	1	0	116	18.9137931034483
A_PB1	67	117	C	0	0	117	21.6239316239316
A_PB1	68	117	C	0	0	116	23.5689655172414
A_PB1	69	117	T	0	0	115	23.8086956521739
A_PB1	70	117	T	0	0	117	22.1880341880342
A_PB1	71	117	A	0	0	117	17.7606837606838
A_PB1	72	116	T	1	0	116	17.1034482758621
A_PB1	73	113	A	4	0	113	17.4159292035398
A_PB1	74	116	C	1	0	116	16.7758620689655
A_PB1	75	117	T	0	0	117	17.9401709401709
A_PB1	76	116	G	1	0	116	20.0172413793103
A_PB1	77	117	G	0	0	116	19.9568965517241
A_PB1	78	117	A	0	0	116	20.6551724137931
A_PB1	79	115	G	2	0	112	20.1607142857143
A_PB1	80	117	A	0	0	117	19.8290598290598
A_PB1	81	117	T	0	0	116	18.7844827586207
A_PB1	82	117	C	0	0	113	19.1061946902655
A_PB1	83	115	C	2	0	115	19.9217391304348
A_PB1	84	115	T	2	0	115	20.5130434782609
A_PB1	85	116	C	1	0	116	21.1379310344828
A_PB1	86	117	C	0	0	117	21.5042735042735
A_PB1	87	117	A	0	0	117	20.0940170940171
A_PB1	88	117	T	0	0	115	18.1739130434783
A_PB1	89	117	A	0	0	117	17.5641025641026
A_PB1	90	117	C	0	0	116	17.7327586206897
A_PB1	91	117	A	0	0	117	17.9145299145299
A_PB1	92	117	G	0	0	117	20.7521367521368
A_PB1	93	117	C	0	0	117	22.1025641025641
A_PB1	94	117	C	0	0	117	22.9059829059829
A_PB1	95	116	A	1	0	116	22.2758620689655
A_PB1	96	117	T	0	0	116	21.8620689655172
A_PB1	97	116	G	1	0	116	21.4827586206897
A_PB1	98	117	G	0	0	116	19.8362068965517
A_PB1	99	117	A	0	0	117	19.8547008547009
A_PB1	100	117	A	0	0	117	22.1794871794872
A_PB1	101	117	C	0	0	117	20.9401709401709
A_PB1	102	117	A	0	0	117	21.017094017094
A_PB1	103	116	G	1	0	115	20.9652173913043
A_PB1	104	117	G	0	0	116	19.1379310344828
A_PB1	105	117	A	0	0	117	18.6837606837607
A_PB1	106	117	A	0	0	116	20.1465517241379
A_PB1	107	117	C	0	0	116	19.7586206896552
A_PB1	108	117	A	0	0	116	20.4568965517241
A_PB1	109	115	G	2	0	115	20.4608695652174
A_PB1	110	115	G	2	0	115	18.7565217391304
A_PB1	111	115	A	2	0	114	18.3771929824561
A_PB1	112	115	T	2	0	115	16.5391304347826
A_PB1	113	117	A	0	0	117	15.7692307692308
A_PB1	114	117	C	0	0	116	16.5775862068966
A_PB1	115	117	A	0	0	116	16.8706896551724
A_PB1	116	117	C	0	0	116	20.6379310344828
A_PB1	117	117	C	0	0	115	22.0260869565217
A_PB1	118	117	A	0	0	115	21.5652173913043
A_PB1	119	117	T	0	0	117	21.1025641025641
A_PB1	120	117	G	0	0	116	20.9051724137931
A_PB1	121	116	G	1	0	115	20.2608695652174
A_PB1	122	116	A	1	0	116	20.3706896551724
A_PB1	123	117	C	0	0	116	21.1896551724138
A_PB1	124	117	A	0	0	117	20.8205128205128
A_PB1	125	117	C	0	0	116	25.8879310344828
A_PB1	126	117	A	0	0	117	22.5555555555556
A_PB1	127	115	G	2	0	115	20.5217391304348
A_PB1	128	116	T	1	0	115	16.6782608695652
A_PB1	129	116	A	1	0	115	16
A_PB1	130	115	A	2	0	115	15.6782608695652
A_PB1	131	115	A	2	0	115	16.4
A_PB1	132	115	C	2	0	115	20.9478260869565
A_PB1	133	116	A	1	0	115	21.4434782608696
A_PB1	134	116	G	1	0	115	20.7217391304348
A_PB1	135	116	A	1	0	115	20.304347826087
A_PB1	136	117	A	0	0	117	19.7179487179487
A_PB1	137	117	C	0	0	117	20
A_PB1	138	117	A	0	0	116	20.1724137931034
A_PB1	139	117	C	0	0	116	25.8103448275862
A_PB1	140	117	A	0	0	115	30.5739130434783
A_PB1	141	115	C	2	0	115	27.7913043478261
A_PB1	142	117	C	0	0	117	21.9401709401709
A_PB1	143	117	A	0	0	116	20.3275862068966
A_PB1	144	117	A	0	0	117	20.6495726495727
A_PB1	145	116	T	1	0	116	18.4137931034483
A_PB1	146	115	A	2	0	115	18
A_PB1	147	115	C	2	0	115	18.504347826087
A_PB1	148	114	T	3	0	114	17.4824561403509
A_PB1	149	114	C	3	0	113	17.7079646017699
A_PB1	150	112	A	5	0	111	17.7747747747748
A_PB1	151	113	G	4	0	113	17.9823008849558
A_PB1	152	110	A	7	0	109	19.348623853211
A_PB1	153	116	A	1	0	116	19.6810344827586
A_PB1	154	116	A	1	0	116	21.1379310344828
A_PB1	155	114	A	3	0	113	22.1946902654867
A_PB1	156	111	G	6	0	110	22.1818181818182
A_PB1	157	115	G	2	0	115	21.7739130434783
A_PB1	158	116	G	1	0	116	21.3448275862069
A_PB1	159	116	G	1	0	115	22.104347826087
A_PB1	160	116	A	1	0	112	21.2678571428571
A_PB1	161	116	A	1	0	116	21.551724137931
A_PB1	162	113	G	4	0	113	20.1150442477876
A_PB1	163	115	T	2	0	115	19.8173913043478
A_PB1	164	117	G	0	0	117	18.9059829059829
A_PB1	165	116	G	1	0	113	18.5309734513274
A_PB1	166	115	A	2	0	114	19.280701754386
A_PB1	167	115	C	2	0	114	20.0964912280702
A_PB1	168	117	A	0	0	116	19.2413793103448
A_PB1	169	116	A	1	0	116	19.8275862068966
A_PB1	170	116	C	1	0	116	19.8706896551724
A_PB1	171	115	A	2	0	115	19.6869565217391
A_PB1	172	116	A	1	0	116	19.698275862069
A_PB1	173	115	A	2	0	114	20.3157894736842
A_PB1	174	115	C	2	0	114	20.219298245614
A_PB1	175	116	A	1	0	114	19.6842105263158
A_PB1	176	115	C	2	0	115	24.8
A_PB1	177	115	A	2	0	115	20.7565217391304
A_PB1	178	115	G	2	0	115	19.495652173913
A_PB1	179	117	A	0	0	117	20.3931623931624
A_PB1	180	117	A	0	0	116	19.9137931034483
A_PB1	181	117	A	0	0	116	21.1120689655172
A_PB1	182	115	C	2	0	115	21.4521739130435
A_PB1	183	116	T	1	0	114	21.6315789473684
A_PB1	184	116	G	1	0	116	22.5775862068966
A_PB1	185	116	G	1	0	115	21.3739130434783
A_PB1	186	116	T	1	0	115	20.6260869565217
A_PB1	187	116	G	1	0	115	20.8782608695652
A_PB1	188	115	C	2	0	114	20.2719298245614
A_PB1	189	115	A	2	0	111	20.4864864864865
A_PB1	190	116	C	1	0	116	20.5775862068966
A_PB1	191	116	C	1	0	115	21.0260869565217
A_PB1	192	116	T	1	0	114	20.8333333333333
A_PB1	193	117	C	0	0	114	20.780701754386
A_PB1	194	117	A	0	0	116	20.7068965517241
A_PB1	195	117	G	0	0	116	19.8448275862069
A_PB1	196	117	C	0	0	117	20.5726495726496
A_PB1	197	116	T	1	0	116	20.1724137931034
A_PB1	198	116	C	1	0	116	20.3620689655172
A_PB1	199	116	A	1	0	115	19.7391304347826
A_PB1	200	117	A	0	0	117	19.2478632478632
A_PB1	201	117	C	0	0	116	20
A_PB1	202	117	C	0	0	117	19.6923076923077
A_PB1	203	117	C	0	0	117	19.6495726495727
A_PB1	204	113	G	4	0	104	17.0480769230769
A_PB1	205	116	A	1	0	116	15.6551724137931
A_PB1	206	116	T	1	0	116	15.6206896551724
A_PB1	207	115	A	2	0	113	15.7699115044248
A_PB1	208	113	G	4	0	110	16.9545454545455
A_PB1	209	116	A	1	0	116	16.3275862068966
A_PB1	210	116	C	1	0	113	16.9203539823009
A_PB1	211	116	G	1	0	113	15.0884955752212
A_PB1	212	117	G	0	0	115	15.5565217391304
A_PB1	213	117	A	0	0	117	15.5641025641026
A_PB1	214	117	C	0	0	116	16.1896551724138
A_PB1	215	117	C	0	0	115	19.6086956521739
A_PB1	216	116	A	1	0	116	21.2155172413793
A_PB1	217	115	C	2	0	115	20.8608695652174
A_PB1	218	115	T	2	0	115	18.2347826086957
A_PB1	219	116	A	1	0	113	17.8318584070796
A_PB1	220	115	C	2	0	115	18.0434782608696
A_PB1	221	117	C	0	0	117	18.1025641025641
A_PB1	222	117	C	0	0	117	19.8547008547009
A_PB1	223	114	G	3	0	110	17.3090909090909
A_PB1	224	114	A	3	0	114	17.8157894736842
A_PB1	225	116	A	1	0	116	17.1206896551724
A_PB1	226	116	G	1	0	113	17.9380530973451
A_PB1	227	115	A	2	0	115	21.3739130434783
A_PB1	228	114	T	3	0	108	18.9351851851852
A_PB1	229	115	A	2	0	113	18.2743362831858
A_PB1	230	117	A	0	0	116	18.301724137931
A_PB1	231	117	T	0	0	115	18.495652173913
A_PB1	232	117	G	0	0	115	19.7217391304348
A_PB1	233	117	A	0	0	116	19.4051724137931
A_PB1	234	117	A	0	0	116	19.8275862068966
A_PB1	235	117	C	0	0	114	20.6228070175439
A_PB1	236	117	C	0	0	116	21.801724137931
A_PB1	237	115	A	2	0	113	21.6017699115044
A_PB1	238	117	A	0	0	117	22.2735042735043
A_PB1	239	116	G	1	0	114	20.6315789473684
A_PB1	240	117	T	0	0	116	20.2327586206897
A_PB1	241	117	G	0	0	115	20.8434782608696
A_PB1	242	117	G	0	0	117	20.8888888888889
A_PB1	243	117	G	0	0	117	22.4957264957265
A_PB1	244	116	T	1	0	116	21.7155172413793
A_PB1	245	117	A	0	0	117	19.982905982906
A_PB1	246	117	T	0	0	116	19.7413793103448
A_PB1	247	116	G	1	0	115	19.4086956521739
A_PB1	248	114	C	3	0	114	20.1315789473684
A_PB1	249	116	A	1	0	115	20.2260869565217
A_PB1	250	117	C	0	0	117	21.042735042735
A_PB1	251	116	A	1	0	116	20.3534482758621
A_PB1	252	116	A	1	0	116	19.6637931034483
A_PB1	253	116	A	1	0	116	21.0603448275862
A_PB1	254	116	C	1	0	116	20.6637931034483
A_PB1	255	116	A	0	0	115	19.6521739130435
A_PB1	256	116	G	0	0	115	20.4173913043478
A_PB1	257	115	A	1	0	115	20.1304347826087
A_PB1	258	116	C	0	0	116	19.448275862069
A_PB1	259	116	T	0	0	116	20.6206896551724
A_PB1	260	116	G	0	0	115	21.5217391304348
A_PB1	261	116	T	0	0	116	21.5431034482759
A_PB1	262	115	G	0	0	112	25.4375
A_PB1	263	115	T	0	0	114	25.9122807017544
A_PB1	264	115	T	0	0	115	18.8521739130435
A_PB1	265	114	C	1	0	111	19.7657657657658
A_PB1	266	115	T	0	0	114	19.2631578947368
A_PB1	267	111	A	1	0	107	19.1028037383178
A_PB1	268	110	G	2	0	108	18.5092592592593
A_PB1	269	112	A	0	0	110	17.8545454545455
A_PB1	270	112	G	0	0	112	17.6428571428571
A_PB1	271	112	G	0	0	112	18.5357142857143
A_PB1	272	112	C	0	0	112	20.8125
A_PB1	273	112	T	0	0	112	20.6160714285714
A_PB1	274	112	A	0	0	112	19.3482142857143
A_PB1	275	112	T	0	0	112	18.9464285714286
A_PB1	276	112	G	0	0	112	19.4910714285714
A_PB1	277	112	G	0	0	112	19.8482142857143
A_PB1	278	112	C	0	0	112	20.7142857142857
A_PB1	279	112	T	0	0	111	22.0630630630631
A_PB1	280	112	T	0	0	112	21.3571428571429
A_PB1	281	111	T	1	0	109	23.2018348623853
A_PB1	282	111	C	1	0	110	22.2
A_PB1	283	111	C	1	0	111	22.1171171171171
A_PB1	284	109	T	3	0	108	21.3888888888889
A_PB1	285	111	T	1	0	107	22.2616822429907
A_PB1	286	111	G	1	0	110	19.4363636363636
A_PB1	287	112	A	0	0	110	19.7727272727273
A_PB1	288	112	A	0	0	110	20.7454545454545
A_PB1	289	111	G	1	0	107	20.5233644859813
A_PB1	290	111	A	1	0	110	20.2636363636364
A_PB1	291	111	A	1	0	111	20.3063063063063
A_PB1	292	111	T	1	0	110	19.2
A_PB1	293	108	C	4	0	104	18.9615384615385
A_PB1	294	111	C	1	0	111	18.6666666666667
A_PB1	295	111	C	1	0	111	20.2612612612613
A_PB1	296	112	A	0	0	111	19.5405405405405
A_PB1	297	112	T	0	0	112	19.2767857142857
A_PB1	298	112	C	0	0	110	18.9727272727273
A_PB1	299	112	C	0	0	111	18.6486486486486
A_PB1	300	112	A	0	0	111	18.9099099099099
A_PB1	301	112	G	0	0	112	22.4017857142857
A_PB1	302	111	G	1	0	111	21.3693693693694
A_PB1	303	111	A	1	0	110	20.3727272727273
A_PB1	304	110	A	2	0	110	21.3454545454545
A_PB1	305	110	T	2	0	110	19.3090909090909
A_PB1	306	110	A	2	0	109	19.4587155963303
A_PB1	307	112	T	0	0	110	19.4727272727273
A_PB1	308	112	T	0	0	109	18.8715596330275
A_PB1	309	112	T	0	0	111	20.3693693693694
A_PB1	310	112	G	0	0	112	20.3125
A_PB1	311	109	A	3	0	108	21.287037037037
A_PB1	312	112	A	0	0	111	21.4864864864865
A_PB1	313	112	A	0	0	110	21.7818181818182
A_PB1	314	112	A	0	0	111	21.6666666666667
A_PB1	315	110	T	2	0	110	19.9545454545455
A_PB1	316	112	T	0	0	110	19.6545454545455
A_PB1	317	112	C	0	0	109	18.9174311926606
A_PB1	318	112	A	0	0	110	18.6363636363636
A_PB1	319	112	T	0	0	112	18.8125
A_PB1	320	112	G	0	0	109	18.697247706422
A_PB1	321	112	C	0	0	111	18.7837837837838
A_PB1	322	112	C	0	0	111	19.8648648648649
A_PB1	323	112	T	0	0	112	20.0892857142857
A_PB1	324	112	T	0	0	109	23.045871559633
A_PB1	325	112	G	0	0	111	19.981981981982
A_PB1	326	112	A	0	0	111	21.3243243243243
A_PB1	327	112	A	0	0	112	21.2678571428571
A_PB1	328	112	A	0	0	112	22.0982142857143
A_PB1	329	112	C	0	0	112	22.0535714285714
A_PB1	330	112	A	0	0	111	20.8288288288288
A_PB1	331	112	A	0	0	112	21.5803571428571
A_PB1	332	112	T	0	0	112	21.7053571428571
A_PB1	333	112	G	0	0	112	20.9553571428571
A_PB1	334	111	G	0	0	111	21.0990990990991
A_PB1	335	109	A	2	0	108	20.9814814814815
A_PB1	336	111	A	0	0	111	22.6216216216216
A_PB1	337	111	G	0	0	111	22.1081081081081
A_PB1	338	111	T	0	0	110	20.4636363636364
A_PB1	339	111	T	0	0	109	20.7155963302752
A_PB1	340	111	G	0	0	109	20.5596330275229
A_PB1	341	111	T	0	0	111	19.1171171171171
A_PB1	342	111	T	0	0	111	20.2702702702703
A_PB1	343	111	C	0	0	111	19.4864864864865
A_PB1	344	110	A	1	0	110	19.9636363636364
A_PB1	345	110	A	1	0	109	21.3669724770642
A_PB1	346	110	C	1	0	110	21.1636363636364
A_PB1	347	110	A	1	0	109	20.5688073394495
A_PB1	348	111	A	0	0	110	20.3
A_PB1	349	111	A	0	0	111	21.5405405405405
A_PB1	350	111	C	0	0	109	20.7614678899083
A_PB1	351	111	A	0	0	111	20.7117117117117
A_PB1	352	111	A	0	0	111	21.3243243243243
A_PB1	353	110	G	1	0	110	20.1545454545455
A_PB1	354	111	G	0	0	111	20.3063063063063
A_PB1	355	111	G	0	0	111	20.1621621621622
A_PB1	356	110	T	1	0	109	18.6880733944954
A_PB1	357	111	A	0	0	109	18.9266055045872
A_PB1	358	111	G	0	0	108	18.6388888888889
A_PB1	359	110	A	1	0	110	18.4636363636364
A_PB1	360	110	T	1	0	106	18.9150943396226
A_PB1	361	111	A	0	0	109	18.0642201834862
A_PB1	362	111	A	0	0	111	18.2612612612613
A_PB1	363	111	A	0	0	111	19.4774774774775
A_PB1	364	111	C	0	0	111	21.4234234234234
A_PB1	365	111	T	0	0	111	22.1531531531532
A_PB1	366	110	G	1	0	108	21.3981481481481
A_PB1	367	111	A	0	0	111	20.6576576576577
A_PB1	368	111	C	0	0	110	20.5272727272727
A_PB1	369	111	T	0	0	110	20.3727272727273
A_PB1	370	110	C	0	0	109	20.9633027522936
A_PB1	371	109	A	1	0	109	20.302752293578
A_PB1	372	110	A	0	0	110	20.6090909090909
A_PB1	373	87	G	0	0	87	22.3218390804598
A_PB1	374	87	G	0	0	87	22.1264367816092
A_PB1	375	87	T	0	0	87	21.4022988505747
A_PB1	376	87	C	0	0	84	19.9047619047619
A_PB1	377	86	G	1	0	84	17.5952380952381
A_PB1	378	86	C	1	0	85	17.7058823529412
A_PB1	379	86	C	1	0	84	17.6071428571429
A_PB1	380	86	A	1	0	86	19.1046511627907
A_PB1	381	85	G	2	0	83	22.7228915662651
A_PB1	382	87	A	0	0	87	21.6896551724138
A_PB1	383	87	C	0	0	84	22.2857142857143
A_PB1	384	86	T	1	0	84	22.7619047619048
A_PB1	385	87	T	0	0	87	22.1724137931034
A_PB1	386	87	A	0	0	87	20.2528735632184
A_PB1	387	86	T	1	0	84	20.202380952381
A_PB1	388	86	G	1	0	84	19.4285714285714
A_PB1	389	86	A	1	0	84	20.5595238095238
A_PB1	390	86	T	1	0	86	19.1744186046512
A_PB1	391	87	T	0	0	87	19.6436781609195
A_PB1	392	86	G	1	0	86	20.1976744186047
A_PB1	393	86	G	1	0	86	20.3023255813953
A_PB1	394	87	A	0	0	87	21.6781609195402
A_PB1	395	87	C	0	0	87	22.1379310344828
A_PB1	396	87	A	0	0	86	21.3953488372093
A_PB1	397	87	T	0	0	86	22.3604651162791
A_PB1	398	87	T	0	0	87	20.3333333333333
A_PB1	399	86	A	1	0	85	19.1058823529412
A_PB1	400	87	A	0	0	86	19.3023255813953
A_PB1	401	87	A	0	0	87	19.4597701149425
A_PB1	402	87	C	0	0	87	20.1149425287356
A_PB1	403	87	A	0	0	86	21.7209302325581
A_PB1	404	87	G	0	0	86	20.6279069767442
A_PB1	405	87	A	0	0	86	20.8488372093023
A_PB1	406	87	A	0	0	87	20.4942528735632
A_PB1	407	87	A	0	0	87	22.5977011494253
A_PB1	408	87	T	0	0	87	21.6206896551724
A_PB1	409	87	C	0	0	87	19.7586206896552
A_PB1	410	87	A	0	0	86	19.4767441860465
A_PB1	411	87	A	0	0	87	19.4252873563218
A_PB1	412	87	C	0	0	87	20.3333333333333
A_PB1	413	85	C	2	0	83	18.1204819277108
A_PB1	414	85	G	2	0	83	15.6987951807229
A_PB1	415	86	G	1	0	85	16.0705882352941
A_PB1	416	86	C	1	0	83	16.5301204819277
A_PB1	417	87	A	0	0	86	16.9767441860465
A_PB1	418	86	G	0	0	86	21.1976744186047
A_PB1	419	85	C	0	0	84	21.6904761904762
A_PB1	420	85	A	0	0	83	21.3253012048193
A_PB1	421	85	A	0	0	84	21.0595238095238
A_PB1	422	85	C	0	0	84	21.6071428571429
A_PB1	423	85	T	0	0	85	21.5411764705882
A_PB1	424	85	G	0	0	84	20.797619047619
A_PB1	425	85	C	0	0	83	21.6746987951807
A_PB1	426	85	A	0	0	84	20.8214285714286
A_PB1	427	85	T	0	0	84	19.202380952381
A_PB1	428	85	T	0	0	85	19.6941176470588
A_PB1	429	85	G	0	0	85	19.2705882352941
A_PB1	430	85	G	0	0	85	18.6352941176471
A_PB1	431	85	C	0	0	85	20.6117647058824
A_PB1	432	85	C	0	0	82	21.2073170731707
A_PB1	433	85	A	0	0	83	20.7228915662651
A_PB1	434	85	A	0	0	84	20.5952380952381
A_PB1	435	85	C	0	0	85	20.0705882352941
A_PB1	436	85	A	0	0	81	19.7901234567901
A_PB1	437	85	C	0	0	85	19.1411764705882
A_PB1	438	85	C	0	0	85	20.3058823529412
A_PB1	439	85	A	0	0	82	20.219512195122
A_PB1	440	85	T	0	0	85	18.5058823529412
A_PB1	441	85	A	0	0	85	16.9058823529412
A_PB1	442	85	G	0	0	85	17
A_PB1	443	85	A	0	0	85	17.6941176470588
A_PB1	444	85	A	0	0	84	20.0714285714286
A_PB1	445	85	G	0	0	84	20.3809523809524
A_PB1	446	85	T	0	0	84	20.4880952380952
A_PB1	447	85	T	0	0	85	20.5882352941176
A_PB1	448	85	T	0	0	85	22
A_PB1	449	85	T	0	0	85	24.9529411764706
A_PB1	450	83	C	2	0	82	21.7926829268293
A_PB1	451	85	A	0	0	85	19.9647058823529
A_PB1	452	85	G	0	0	83	20.1204819277108
A_PB1	453	84	A	1	0	84	18.702380952381
A_PB1	454	83	T	0	0	83	19.144578313253
A_PB1	455	82	C	1	0	72	18.8333333333333
A_PB1	456	82	G	1	0	76	15.7894736842105
A_PB1	457	82	A	1	0	80	16.0125
A_PB1	458	82	A	1	0	82	16.3292682926829
A_PB1	459	82	T	1	0	82	17.0731707317073
A_PB1	460	82	G	1	0	81	19.2962962962963
A_PB1	461	81	A	1	0	81	19.0864197530864
A_PB1	462	81	C	1	0	79	19.2911392405063
A_PB1	463	82	C	0	0	78	19.8076923076923
A_PB1	464	81	T	1	0	78	22.6282051282051
A_PB1	465	82	A	0	0	82	20.7317073170732
A_PB1	466	82	A	0	0	82	20.890243902439
A_PB1	467	82	C	0	0	82	22.390243902439
A_PB1	468	82	A	0	0	82	21.8536585365854
A_PB1	469	82	G	0	0	82	21.5121951219512
A_PB1	470	82	C	0	0	82	21.7073170731707
A_PB1	471	82	T	0	0	81	22.4320987654321
A_PB1	472	82	A	0	0	82	22.3048780487805
A_PB1	473	82	A	0	0	82	21.6463414634146
A_PB1	474	82	C	0	0	82	19.8170731707317
A_PB1	475	79	G	3	0	78	16.9615384615385
A_PB1	476	81	A	1	0	81	16.5432098765432
A_PB1	477	82	G	0	0	82	16.4146341463415
A_PB1	478	82	T	0	0	82	17.2926829268293
A_PB1	479	77	C	5	0	75	20.8
A_PB1	480	82	A	0	0	82	19.1707317073171
A_PB1	481	82	G	0	0	82	20.1219512195122
A_PB1	482	82	G	0	0	82	21.0853658536585
A_PB1	483	82	A	0	0	82	20.780487804878
A_PB1	484	82	A	0	0	81	21.4567901234568
A_PB1	485	80	G	0	0	80	19.6875
A_PB1	486	80	G	0	0	80	21.8
A_PB1	487	80	C	0	0	79	20.0759493670886
A_PB1	488	80	T	0	0	78	20.4230769230769
A_PB1	489	79	A	1	0	78	20.2820512820513
A_PB1	490	79	A	1	0	79	19.9620253164557
A_PB1	491	79	T	1	0	79	19.1392405063291
A_PB1	492	79	A	1	0	78	19.6282051282051
A_PB1	493	79	G	1	0	77	19.3506493506494
A_PB1	494	79	A	1	0	79	18.8354430379747
A_PB1	495	78	T	2	0	77	18.987012987013
A_PB1	496	77	T	3	0	77	18.961038961039
A_PB1	497	77	T	3	0	76	20.1447368421053
A_PB1	498	77	C	3	0	77	20.7402597402597
A_PB1	499	79	T	1	0	79	21.620253164557
A_PB1	500	79	T	1	0	78	21.6153846153846
A_PB1	501	78	A	2	0	78	20.0641025641026
A_PB1	502	79	A	1	0	79	20.1012658227848
A_PB1	503	79	A	1	0	78	20.6923076923077
A_PB1	504	79	G	1	0	79	21.6329113924051
A_PB1	505	79	G	1	0	79	21.2784810126582
A_PB1	506	79	A	1	0	78	21.2179487179487
A_PB1	507	79	T	1	0	79	20.8354430379747
A_PB1	508	79	G	1	0	77	21.0649350649351
A_PB1	509	79	T	1	0	79	20.7721518987342
A_PB1	510	79	G	1	0	78	20.474358974359
A_PB1	511	79	A	1	0	79	19.9240506329114
A_PB1	512	79	T	1	0	79	20.6708860759494
A_PB1	513	78	G	2	0	78	19.9102564102564
A_PB1	514	79	G	1	0	79	19
A_PB1	515	80	A	0	0	80	19.6
A_PB1	516	80	A	0	0	80	20.8
A_PB1	517	80	T	0	0	80	19.2375
A_PB1	518	80	C	0	0	76	19.0526315789474
A_PB1	519	80	A	0	0	77	18.9350649350649
A_PB1	520	80	A	0	0	80	17.7625
A_PB1	521	80	T	0	0	80	18.5875
A_PB1	522	73	G	0	0	70	18.1857142857143
A_PB1	523	73	A	0	0	72	18.1666666666667
A_PB1	524	73	A	0	0	72	18.9027777777778
A_PB1	525	73	C	0	0	73	18.3972602739726
A_PB1	526	69	A	4	0	67	18.2686567164179
A_PB1	527	70	A	3	0	70	18.5857142857143
A_PB1	528	60	A	2	0	58	18.3275862068966
A_PB1	529	61	G	1	0	60	18.6166666666667
A_PB1	530	61	A	0	0	61	18.2622950819672
A_PB1	531	55	G	1	0	55	18.9090909090909
A_PB1	532	56	G	0	0	56	18.5535714285714
A_PB1	533	56	A	0	0	55	19.1454545454545
A_PB1	534	56	A	0	0	54	21.2592592592593
A_PB1	535	56	A	0	0	56	20.2142857142857
A_PB1	536	56	T	0	0	56	19.0178571428571
A_PB1	537	55	A	1	0	55	17.5636363636364
A_PB1	538	37	N	0	0	36	16.3611111111111
A_PB1	539	35	N	2	0	34	16.5588235294118
A_PB1	540	36	N	1	0	36	16.1944444444444
A_PB1	541	36	N	1	0	33	17.3939393939394
A_PB1	542	36	N	1	0	35	15.2285714285714
A_PB1	543	35	N	1	0	34	14.8529411764706
A_PB1	544	36	N	0	0	36	14.8888888888889
A_PB1	545	36	N	0	0	33	14.8787878787879
A_PB1	546	36	N	0	0	36	16.5
A_PB1	547	36	N	0	0	36	16.7222222222222
A_PB1	548	36	N	0	0	36	16.4444444444444
A_PB1	549	36	N	0	0	35	17.7142857142857
A_PB1	550	36	N	0	0	36	18.9166666666667
A_PB1	551	36	N	0	0	36	18.8611111111111
A_PB1	552	36	N	0	0	36	19.7222222222222
A_PB1	553	36	N	0	0	36	18.9166666666667
A_PB1	554	36	N	0	0	36	18.3611111111111
A_PB1	555	36	N	0	0	36	18.8333333333333
A_PB1	556	36	N	0	0	36	17.9166666666667
A_PB1	557	36	N	0	0	36	18.9722222222222
A_PB1	558	36	N	0	0	35	19.5714285714286
A_PB1	559	36	N	0	0	36	22.25
A_PB1	560	36	N	0	0	36	21.8055555555556
A_PB1	561	32	N	4	0	32	21.4375
A_PB1	562	34	N	2	0	34	21.2058823529412
A_PB1	563	35	N	1	0	35	21.2285714285714
A_PB1	564	36	N	0	0	36	21.0833333333333
A_PB1	565	36	N	0	0	36	20.8055555555556
A_PB1	566	36	N	0	0	36	20
A_PB1	567	36	N	0	0	35	19.6857142857143
A_PB1	568	36	N	0	0	36	18.8333333333333
A_PB1	569	36	N	0	0	36	17.8055555555556
A_PB1	570	34	N	0	0	34	18.8529411764706
A_PB1	571	34	N	0	0	34	17.8235294117647
A_PB1	572	32	N	2	0	32	15.625
A_PB1	573	34	N	0	0	20	17.1
A_PB1	574	15	N	0	0	15	13.7333333333333
A_PB1	575	14	N	0	0	14	14.3571428571429
A_PB1	576	14	N	0	0	14	18.7142857142857
A_PB1	577	14	N	0	0	14	17.1428571428571
A_PB1	578	14	N	0	0	14	17.6428571428571
A_PB1	579	14	N	0	0	14	17.1428571428571
A_PB1	580	14	N	0	0	13	16.8461538461538
A_PB1	581	14	N	0	0	14	17.0714285714286
A_PB1	582	14	N	0	0	14	17.2142857142857
A_PB1	583	14	N	0	0	14	16.8571428571429
A_PB1	584	14	N	0	0	14	16.5
A_PB1	585	14	N	0	0	14	15.7857142857143
A_PB1	586	14	N	0	0	14	15.6428571428571
A_PB1	587	14	N	0	0	14	15.8571428571429
A_PB1	588	14	N	0	0	14	16.9285714285714
A_PB1	589	14	N	0	0	14	18.5
A_PB1	590	14	N	0	0	14	20.2142857142857
A_PB1	591	14	N	0	0	14	19.7142857142857
A_PB1	592	14	N	0	0	14	19.2857142857143
A_PB1	593	14	N	0	0	14	19.0714285714286
A_PB1	594	14	N	0	0	14	18.5
A_PB1	595	14	N	0	0	14	19.1428571428571
A_PB1	596	14	N	0	0	14	19.4285714285714
A_PB1	597	14	N	0	0	14	18.2857142857143
A_PB1	598	14	N	0	0	14	18.6428571428571
A_PB1	599	14	N	0	0	14	17.1428571428571
A_PB1	600	14	N	0	0	14	17.3571428571429
A_PB1	601	14	N	0	0	14	16.7857142857143
A_PB1	602	14	N	0	0	14	16.2142857142857
A_PB1	603	14	N	0	0	14	14.9285714285714
A_PB1	604	14	N	0	0	14	14.7857142857143
A_PB1	605	14	N	0	0	14	14.0714285714286
A_PB1	606	14	N	0	0	14	14.5
A_PB1	607	14	N	0	0	14	19.3571428571429
A_PB1	608	14	N	0	0	14	18.7857142857143
A_PB1	609	14	N	0	0	14	18
A_PB1	610	14	N	0	0	14	17.9285714285714
A_PB1	611	14	N	0	0	14	17.3571428571429
A_PB1	612	14	N	0	0	14	16.7857142857143
A_PB1	613	14	N	0	0	14	15.7142857142857
A_PB1	614	14	N	0	0	14	14.0714285714286
A_PB1	615	13	N	1	0	12	14
A_PB1	616	14	N	0	0	14	13
A_PB1	617	14	N	0	0	14	12.3571428571429
A_PB1	618	14	N	0	0	14	14.2857142857143
A_PB1	619	14	N	0	0	14	17
A_PB1	620	14	N	0	0	14	17.6428571428571
A_PB1	621	13	N	1	0	13	14.6923076923077
A_PB1	622	10	N	4	0	10	14.4
A_PB1	623	14	N	0	0	14	14.8571428571429
A_PB1	624	14	N	0	0	14	13.8571428571429
A_PB1	625	14	N	0	0	14	15.5
A_PB1	626	14	N	0	0	14	16.2142857142857
A_PB1	627	14	N	0	0	13	22.0769230769231
A_PB1	628	14	N	0	0	14	20.7142857142857
A_PB1	629	14	N	0	0	14	14.6428571428571
A_PB1	630	14	N	0	0	14	18.3571428571429
A_PB1	631	14	N	0	0	14	14
A_PB1	632	12	N	2	0	12	15.5833333333333
A_PB1	633	14	N	0	0	14	14.8571428571429
A_PB1	634	14	N	0	0	14	14.4285714285714
A_PB1	635	14	N	0	0	13	20.0769230769231
A_PB1	636	14	N	0	0	14	14.7142857142857
A_PB1	637	14	N	0	0	14	14.7142857142857
A_PB1	638	14	N	0	0	14	16.4285714285714
A_PB1	639	14	N	0	0	14	15.0714285714286
A_PB1	640	11	N	3	0	11	15
A_PB1	641	12	N	2	0	11	15.7272727272727
A_PB1	642	12	N	2	0	10	14.2
A_PB1	643	14	N	0	0	14	13.2857142857143
A_PB1	644	14	N	0	0	14	15.7857142857143
A_PB1	645	14	N	0	0	14	17.0714285714286
A_PB1	646	14	N	0	0	14	17.0714285714286
A_PB1	647	14	N	0	0	14	17
A_PB1	648	14	N	0	0	13	19.0769230769231
A_PB1	649	14	N	0	0	13	17.7692307692308
A_PB1	650	14	N	0	0	13	17.6153846153846
A_PB1	651	14	N	0	0	14	16.6428571428571
A_PB1	652	14	N	0	0	13	15.6153846153846
A_PB1	653	13	N	1	0	12	16.6666666666667
A_PB1	654	13	N	1	0	13	15.1538461538462
A_PB1	655	14	N	0	0	14	15.8571428571429
A_PB1	656	14	N	0	0	14	15.5
A_PB1	657	14	N	0	0	14	15.5
A_PB1	658	14	N	0	0	14	16.0714285714286
A_PB1	659	14	N	0	0	14	16.7857142857143
A_PB1	660	14	N	0	0	14	16.7142857142857
A_PB1	661	14	N	0	0	14	17.7142857142857
A_PB1	662	14	N	0	0	14	18.0714285714286
A_PB1	663	14	N	0	0	14	18.1428571428571
A_PB1	664	14	N	0	0	14	18.6428571428571
A_PB1	665	14	N	0	0	14	19.6428571428571
A_PB1	666	14	N	0	0	14	20
A_PB1	667	14	N	0	0	14	19.8571428571429
A_PB1	668	14	N	0	0	14	19.6428571428571
A_PB1	669	14	N	0	0	14	19.4285714285714
A_PB1	670	14	N	0	0	14	18.7142857142857
A_PB1	671	14	N	0	0	14	18.2142857142857
A_PB1	672	14	N	0	0	14	18.1428571428571
A_PB1	673	14	N	0	0	14	17.9285714285714
A_PB1	674	14	N	0	0	14	18.3571428571429
A_PB1	675	14	N	0	0	13	18
A_PB1	676	14	N	0	0	14	17.4285714285714
A_PB1	677	14	N	0	0	14	16.5714285714286
A_PB1	678	14	N	0	0	13	12.8461538461538
A_PB1	679	14	N	0	0	14	14.2142857142857
A_PB1	680	14	N	0	0	14	14.9285714285714
A_PB1	681	14	N	0	0	14	15
A_PB1	682	14	N	0	0	14	19
A_PB1	683	14	N	0	0	14	19.1428571428571
A_PB1	684	14	N	0	0	14	19.7857142857143
A_PB1	685	13	N	1	0	13	20.4615384615385
A_PB1	686	12	N	2	0	12	20.5
A_PB1	687	12	N	2	0	11	22.0909090909091
A_PB1	688	13	N	1	0	12	20.75
A_PB1	689	13	N	1	0	13	17.9230769230769
A_PB1	690	13	N	1	0	12	18.0833333333333
A_PB1	691	13	N	1	0	13	16.0769230769231
A_PB1	692	13	N	1	0	12	17.1666666666667
A_PB1	693	11	N	3	0	11	17.6363636363636
A_PB1	694	11	N	3	0	11	18.2727272727273
A_PB1	695	14	N	0	0	14	17.1428571428571
A_PB1	696	14	N	0	0	14	33.2857142857143
A_PB1	697	14	N	0	0	14	31.8571428571429
A_PB1	698	14	N	0	0	14	40.9285714285714
A_PB1	699	14	N	0	0	14	37.6428571428571
A_PB1	700	14	N	0	0	14	20.2857142857143
A_PB1	701	14	N	0	0	14	19.2142857142857
A_PB1	702	14	N	0	0	14	19.9285714285714
A_PB1	703	14	N	0	0	14	20.5714285714286
A_PB1	704	14	N	0	0	14	20.5
A_PB1	705	14	N	0	0	14	20.5
A_PB1	706	14	N	0	0	14	20.1428571428571
A_PB1	707	14	N	0	0	14	19.7142857142857
A_PB1	708	12	N	2	0	12	18.25
A_PB1	709	14	N	0	0	14	19.6428571428571
A_PB1	710	14	N	0	0	14	20.7142857142857
A_PB1	711	14	N	0	0	14	22.9285714285714
A_PB1	712	14	N	0	0	14	22.1428571428571
A_PB1	713	14	N	0	0	14	21.3571428571429
A_PB1	714	14	N	0	0	14	21.1428571428571
A_PB1	715	14	N	0	0	14	20.9285714285714
A_PB1	716	14	N	0	0	14	20.9285714285714
A_PB1	717	14	N	0	0	14	21.2142857142857
A_PB1	718	14	N	0	0	14	21.5
A_PB1	719	14	N	0	0	14	21
A_PB1	720	14	N	0	0	14	20.0714285714286
A_PB1	721	14	N	0	0	14	20.0714285714286
A_PB1	722	14	N	0	0	14	19.2142857142857
A_PB1	723	14	N	0	0	14	16.7857142857143
A_PB1	724	14	N	0	0	13	15.6923076923077
A_PB1	725	14	N	0	0	13	16.3846153846154
A_PB1	726	14	N	0	0	13	17
A_PB1	727	14	N	0	0	13	18
A_PB1	728	14	N	0	0	14	18.7142857142857
A_PB1	729	14	N	0	0	13	18.7692307692308
A_PB1	730	14	N	0	0	14	17.6428571428571
A_PB1	731	14	N	0	0	14	18.5714285714286
A_PB1	732	14	N	0	0	14	18.7142857142857
A_PB1	733	14	N	0	0	14	19.4285714285714
A_PB1	734	14	N	0	0	14	19.0714285714286
A_PB1	735	14	N	0	0	14	19.8571428571429
A_PB1	736	14	N	0	0	14	20.5
A_PB1	737	14	N	0	0	14	20.6428571428571
A_PB1	738	14	N	0	0	14	20.9285714285714
A_PB1	739	14	N	0	0	14	19.7142857142857
A_PB1	740	14	N	0	0	14	19.1428571428571
A_PB1	741	14	N	0	0	14	19.4285714285714
A_PB1	742	14	N	0	0	14	18.5
A_PB1	743	14	N	0	0	14	17.6428571428571
A_PB1	744	14	N	0	0	14	22.3571428571429
A_PB1	745	14	N	0	0	14	18
A_PB1	746	14	N	0	0	14	19.7857142857143
A_PB1	747	14	N	0	0	14	19.7142857142857
A_PB1	748	14	N	0	0	14	20.7857142857143
A_PB1	749	14	N	0	0	14	20.4285714285714
A_PB1	750	14	N	0	0	14	19.7857142857143
A_PB1	751	14	N	0	0	14	20.2142857142857
A_PB1	752	14	N	0	0	14	20.5
A_PB1	753	14	N	0	0	12	21.5
A_PB1	754	14	N	0	0	14	17.1428571428571
A_PB1	755	12	N	2	0	12	16.8333333333333
A_PB1	756	13	N	1	0	12	17.3333333333333
A_PB1	757	14	N	0	0	14	15.5
A_PB1	758	14	N	0	0	13	16.6923076923077
A_PB1	759	14	N	0	0	14	15.4285714285714
A_PB1	760	13	N	1	0	13	16.6153846153846
A_PB1	761	14	N	0	0	14	16.7857142857143
A_PB1	762	13	N	1	0	13	20.6923076923077
A_PB1	763	13	N	1	0	12	23.75
A_PB1	764	13	N	1	0	12	23.8333333333333
A_PB1	765	13	N	1	0	13	18.2307692307692
A_PB1	766	13	N	1	0	13	17.1538461538462
A_PB1	767	13	N	1	0	13	17.7692307692308
A_PB1	768	13	N	1	0	13	19.0769230769231
A_PB1	769	13	N	1	0	12	20
A_PB1	770	13	N	1	0	11	20
A_PB1	771	13	N	1	0	12	19.4166666666667
A_PB1	772	13	N	1	0	12	19.9166666666667
A_PB1	773	13	N	1	0	13	17.9230769230769
A_PB1	774	13	N	1	0	13	16.3846153846154
A_PB1	775	13	N	1	0	13	16.1538461538462
A_PB1	776	13	N	1	0	13	17.3846153846154
A_PB1	777	12	N	2	0	12	18.4166666666667
A_PB1	778	13	N	1	0	13	16.9230769230769
A_PB1	779	13	N	1	0	13	17.1538461538462
A_PB1	780	13	N	1	0	13	16.6923076923077
A_PB1	781	13	N	1	0	13	17.3846153846154
A_PB1	782	13	N	1	0	13	18.3076923076923
A_PB1	783	13	N	1	0	13	18.6923076923077
A_PB1	784	13	N	1	0	13	18.6153846153846
A_PB1	785	13	N	1	0	13	17.6153846153846
A_PB1	786	9	N	5	0	9	17.1111111111111
A_PB1	787	5	N	9	0	5	17
A_PB1	788	5	N	9	0	5	16.6
A_PB1	789	8	N	6	0	8	15.125
A_PB1	790	8	N	6	0	8	13.75
A_PB1	791	8	N	6	0	8	13.125
A_PB1	792	8	N	6	0	8	14.75
A_PB1	793	8	N	6	0	8	15.125
A_PB1	794	8	N	6	0	8	18.5
A_PB1	795	8	N	6	0	7	18
A_PB1	796	8	N	6	0	8	15.75
A_PB1	797	6	N	8	0	6	15.8333333333333
A_PB1	798	4	N	8	0	4	13.75
A_PB1	799	4	N	8	0	4	11.25
A_PB1	800	5	N	7	0	5	11
A_PB1	801	5	N	7	0	5	14.8
A_PB1	802	5	N	7	0	5	15.6
A_PB1	803	5	N	7	0	5	16.6
A_PB1	804	5	N	7	0	5	17
A_PB1	805	6	N	6	0	6	18.8333333333333
A_PB1	806	6	N	6	0	4	17.75
A_PB1	807	6	N	6	0	6	19.5
A_PB1	808	6	N	6	0	5	21.8
A_PB1	809	6	N	6	0	6	20.5
A_PB1	810	6	N	6	0	5	22.8
A_PB1	811	5	N	7	0	5	19.2
A_PB1	812	5	N	7	0	5	18.4
A_PB1	813	4	N	8	0	4	19.75
A_PB1	814	5	N	7	0	4	19
A_PB1	815	5	N	7	0	5	18
A_PB1	816	5	N	7	0	5	15.6
A_PB1	817	5	N	7	0	5	18.2
A_PB1	818	5	N	7	0	5	13.2
A_PB1	819	5	N	7	0	5	12.2
A_PB1	820	5	N	7	0	5	12.2
A_PB1	821	5	N	7	0	5	13
A_PB1	822	5	N	7	0	5	19
A_PB1	823	5	N	7	0	5	22.2
A_PB1	824	5	N	7	0	5	21.8
A_PB1	825	5	N	7	0	5	20.6
A_PB1	826	5	N	7	0	5	17
A_PB1	827	6	N	6	0	6	18.5
A_PB1	828	6	N	6	0	6	17.6666666666667
A_PB1	829	6	N	6	0	5	15.2
A_PB1	830	6	N	6	0	6	18.5
A_PB1	831	6	N	6	0	6	18.6666666666667
A_PB1	832	7	N	5	0	7	20.4285714285714
A_PB1	833	6	N	6	0	6	20
A_PB1	834	6	N	6	0	6	18.6666666666667
A_PB1	835	6	N	6	0	6	18.1666666666667
A_PB1	836	6	N	6	0	6	18.6666666666667
A_PB1	837	6	N	6	0	6	18.8333333333333
A_PB1	838	5	N	7	0	5	19.6
A_PB1	839	6	N	6	0	6	19.3333333333333
A_PB1	840	6	N	6	0	6	19.3333333333333
A_PB1	841	6	N	6	0	5	18.6
A_PB1	842	6	N	6	0	6	19.8333333333333
A_PB1	843	6	N	6	0	6	16
A_PB1	844	6	N	6	0	6	15.8333333333333
A_PB1	845	5	N	7	0	5	18.4
A_PB1	846	5	N	7	0	5	16.2
A_PB1	847	5	N	7	0	5	18
A_PB1	848	6	N	6	0	6	18.5
A_PB1	849	6	N	6	0	6	18.5
A_PB1	850	6	N	6	0	6	20.5
A_PB1	851	6	N	6	0	6	23.5
A_PB1	852	6	N	6	0	5	23
A_PB1	853	6	N	6	0	6	23
A_PB1	854	6	N	6	0	6	21
A_PB1	855	5	N	7	0	5	19.2
A_PB1	856	5	N	7	0	5	18.4
A_PB1	857	5	N	7	0	5	17.4
A_PB1	858	4	N	8	0	4	20
A_PB1	859	5	N	7	0	5	16.8
A_PB1	860	5	N	7	0	5	16.6
A_PB1	861	5	N	7	0	5	17.2
A_PB1	862	5	N	7	0	5	18
A_PB1	863	5	N	7	0	5	18.8
A_PB1	864	5	N	7	0	5	19
A_PB1	865	5	N	7	0	5	17.4
A_PB1	866	5	N	7	0	5	17.2
A_PB1	867	5	N	7	0	5	15
A_PB1	868	6	N	6	0	6	17.5
A_PB1	869	6	N	6	0	5	15.6
A_PB1	870	6	N	6	0	6	18.1666666666667
A_PB1	871	6	N	6	0	5	14.8
A_PB1	872	7	N	5	0	7	18.7142857142857
A_PB1	873	7	N	5	0	7	18.4285714285714
A_PB1	874	7	N	5	0	7	17.8571428571429
A_PB1	875	6	N	6	0	5	15.2
A_PB1	876	6	N	6	0	6	17
A_PB1	877	5	N	7	0	5	16.8
A_PB1	878	5	N	7	0	5	16.2
A_PB1	879	5	N	7	0	5	17
A_PB1	880	5	N	7	0	5	20.8
A_PB1	881	5	N	7	0	5	19.6
A_PB1	882	6	N	6	0	6	17.6666666666667
A_PB1	883	6	N	6	0	6	17.8333333333333
A_PB1	884	7	N	5	0	7	14.4285714285714
A_PB1	885	7	N	5	0	7	14.5714285714286
A_PB1	886	6	N	6	0	6	13.1666666666667
A_PB1	887	7	N	5	0	7	14.4285714285714
A_PB1	888	6	N	6	0	6	16.8333333333333
A_PB1	889	6	N	6	0	6	18.1666666666667
A_PB1	890	6	N	6	0	6	19.5
A_PB1	891	5	N	7	0	5	16.2
A_PB1	892	5	N	7	0	5	17
A_PB1	893	5	N	7	0	5	16
A_PB1	894	6	N	6	0	6	15
A_PB1	895	6	N	6	0	6	16.6666666666667
A_PB1	896	5	N	7	0	5	14.6
A_PB1	897	6	N	6	0	5	15.4
A_PB1	898	5	N	7	0	5	17.4
A_PB1	899	5	N	7	0	4	17.75
A_PB1	900	5	N	7	0	5	16
A_PB1	901	5	N	7	0	5	18
A_PB1	902	5	N	7	0	5	18.8
A_PB1	903	5	N	7	0	5	18.4
A_PB1	904	5	N	7	0	5	17.2
A_PB1	905	5	N	7	0	5	16.8
A_PB1	906	5	N	7	0	5	16.4
A_PB1	907	5	N	7	0	5	17
A_PB1	908	5	N	7	0	5	18
A_PB1	909	7	N	5	0	7	21.2857142857143
A_PB1	910	7	N	5	0	7	18.1428571428571
A_PB1	911	6	N	6	0	6	20.3333333333333
A_PB1	912	6	N	6	0	6	18.3333333333333
A_PB1	913	5	N	7	0	5	20.4
A_PB1	914	5	N	7	0	5	19.8
A_PB1	915	5	N	7	0	5	18.4
A_PB1	916	6	N	6	0	5	13.8
A_PB1	917	6	N	6	0	5	16.2
A_PB1	918	6	N	6	0	5	14
A_PB1	919	6	N	6	0	6	18
A_PB1	920	6	N	6	0	6	17
A_PB1	921	6	N	6	0	6	15
A_PB1	922	6	N	6	0	6	14.5
A_PB1	923	6	N	6	0	5	13.2
A_PB1	924	6	N	6	0	6	18
A_PB1	925	5	N	7	0	5	19.4
A_PB1	926	5	N	7	0	5	18.6
A_PB1	927	5	N	7	0	5	17.6
A_PB1	928	5	N	7	0	5	17.6
A_PB1	929	5	N	7	0	5	20.2
A_PB1	930	5	N	7	0	5	17
A_PB1	931	5	N	7	0	5	17.6
A_PB1	932	5	N	7	0	5	16.6
A_PB1	933	5	N	7	0	5	15.8
A_PB1	934	5	N	7	0	5	16.4
A_PB1	935	6	N	6	0	6	17.3333333333333
A_PB1	936	6	N	6	0	6	16.5
A_PB1	937	7	N	5	0	7	17.4285714285714
A_PB1	938	7	N	5	0	7	17
A_PB1	939	7	N	5	0	7	16.7142857142857
A_PB1	940	6	N	6	0	5	20.4
A_PB1	941	6	N	6	0	6	18.6666666666667
A_PB1	942	6	N	6	0	6	15.3333333333333
A_PB1	943	6	N	6	0	5	15.4
A_PB1	944	6	N	6	0	6	15.5
A_PB1	945	5	N	7	0	5	16.2
A_PB1	946	6	N	6	0	4	19
A_PB1	947	6	N	6	0	5	12.8
A_PB1	948	6	N	6	0	6	12.3333333333333
A_PB1	949	6	N	6	0	6	13.1666666666667
A_PB1	950	6	N	6	0	6	13.6666666666667
A_PB1	951	6	N	6	0	5	17.2
A_PB1	952	6	N	6	0	6	18.6666666666667
A_PB1	953	6	N	6	0	6	18.3333333333333
A_PB1	954	6	N	6	0	6	16.6666666666667
A_PB1	955	5	N	7	0	5	17
A_PB1	956	5	N	7	0	5	17.6
A_PB1	957	5	N	7	0	5	22
A_PB1	958	6	N	6	0	6	17.5
A_PB1	959	6	N	6	0	6	17.1666666666667
A_PB1	960	5	N	7	0	5	12.6
A_PB1	961	5	N	7	0	5	12.4
A_PB1	962	5	N	7	0	5	12.6
A_PB1	963	5	N	7	0	5	14
A_PB1	964	5	N	7	0	5	18
A_PB1	965	5	N	7	0	5	16.8
A_PB1	966	5	N	7	0	5	16.4
A_PB1	967	5	N	7	0	5	16.2
A_PB1	968	5	N	7	0	5	16.8
A_PB1	969	5	N	7	0	5	18
A_PB1	970	5	N	7	0	5	16.8
A_PB1	971	5	N	7	0	5	15.8
A_PB1	972	5	N	7	0	5	15.8
A_PB1	973	6	N	6	0	6	19
A_PB1	974	6	N	6	0	6	17.5
A_PB1	975	6	N	6	0	6	17.8333333333333
A_PB1	976	5	N	7	0	5	16.8
A_PB1	977	6	N	6	0	6	19
A_PB1	978	6	N	6	0	5	22.6
A_PB1	979	6	N	6	0	4	19.75
A_PB1	980	6	N	6	0	6	20.1666666666667
A_PB1	981	6	N	6	0	6	19.6666666666667
A_PB1	982	6	N	6	0	6	19.5
A_PB1	983	6	N	6	0	5	19.4
A_PB1	984	6	N	6	0	6	21.1666666666667
A_PB1	985	6	N	6	0	5	21.6
A_PB1	986	5	N	7	0	5	17.8
A_PB1	987	5	N	7	0	4	18
A_PB1	988	5	N	7	0	5	18.6
A_PB1	989	5	N	7	0	5	18.4
A_PB1	990	5	N	7	0	5	17.2
A_PB1	991	5	N	7	0	5	12.4
A_PB1	992	5	N	7	0	5	11.2
A_PB1	993	5	N	7	0	5	11.2
A_PB1	994	5	N	7	0	5	12.6
A_PB1	995	5	N	7	0	5	18.4
A_PB1	996	5	N	7	0	5	17.4
A_PB1	997	5	N	7	0	5	17.2
A_PB1	998	5	N	7	0	5	17
A_PB1	999	5	N	7	0	5	17.6
A_PB1	1000	5	N	7	0	5	18.6
A_PB1	1001	6	N	6	0	6	15
A_PB1	1002	6	N	6	0	6	14.1666666666667
A_PB1	1003	6	N	6	0	6	16
A_PB1	1004	6	N	6	0	6	15.3333333333333
A_PB1	1005	6	N	6	0	6	16.5
A_PB1	1006	5	N	7	0	5	16
A_PB1	1007	5	N	7	0	5	15.4
A_PB1	1008	5	N	7	0	5	16
A_PB1	1009	5	N	7	0	5	16.6
A_PB1	1010	5	N	7	0	5	18.8
A_PB1	1011	5	N	7	0	5	18.8
A_PB1	1012	5	N	7	0	5	18.2
A_PB1	1013	5	N	7	0	5	17.4
A_PB1	1014	5	N	7	0	5	16.4
A_PB1	1015	5	N	7	0	5	15.6
A_PB1	1016	5	N	7	0	5	14.8
A_PB1	1017	5	N	7	0	5	15.8
A_PB1	1018	5	N	7	0	5	15.4
A_PB1	1019	5	N	7	0	5	16.2
A_PB1	1020	6	N	6	0	6	15.8333333333333
A_PB1	1021	6	N	6	0	5	16.6
A_PB1	1022	6	N	6	0	5	17.2
A_PB1	1023	6	N	6	0	6	15.6666666666667
A_PB1	1024	6	N	6	0	6	14.3333333333333
A_PB1	1025	5	N	7	0	5	14.8
A_PB1	1026	5	N	7	0	5	15
A_PB1	1027	5	N	7	0	5	14.6
A_PB1	1028	6	N	6	0	6	18
A_PB1	1029	6	N	6	0	6	19.8333333333333
A_PB1	1030	6	N	6	0	6	19.3333333333333
A_PB1	1031	6	N	6	0	6	19.8333333333333
A_PB1	1032	5	N	7	0	5	18.2
A_PB1	1033	5	N	7	0	5	19.4
A_PB1	1034	5	N	7	0	5	21.6
A_PB1	1035	5	N	7	0	5	21.4
A_PB1	1036	5	N	7	0	4	20.75
A_PB1	1037	5	N	7	0	5	20
A_PB1	1038	6	N	6	0	6	18.8333333333333
A_PB1	1039	6	N	6	0	6	18.6666666666667
A_PB1	1040	6	N	6	0	6	18.5
A_PB1	1041	6	N	6	0	6	19.1666666666667
A_PB1	1042	6	N	6	0	6	23.8333333333333
A_PB1	1043	6	N	6	0	6	22
A_PB1	1044	6	N	6	0	6	20.6666666666667
A_PB1	1045	6	N	6	0	6	20
A_PB1	1046	5	N	7	0	5	18.2
A_PB1	1047	5	N	7	0	5	18.2
A_PB1	1048	5	N	7	0	5	17.8
A_PB1	1049	5	N	7	0	5	16.8
A_PB1	1050	5	N	7	0	5	16.8
A_PB1	1051	5	N	7	0	5	16
A_PB1	1052	5	N	7	0	5	14.8
A_PB1	1053	5	N	7	0	5	14.6
A_PB1	1054	5	N	7	0	5	14.8
A_PB1	1055	5	N	7	0	5	15
A_PB1	1056	5	N	7	0	5	16.8
A_PB1	1057	5	N	7	0	5	21.6
A_PB1	1058	5	N	7	0	5	22.6
A_PB1	1059	5	N	7	0	5	23.2
A_PB1	1060	5	N	7	0	5	21.2
A_PB1	1061	5	N	7	0	5	19.6
A_PB1	1062	5	N	7	0	5	19.4
A_PB1	1063	5	N	7	0	5	18
A_PB1	1064	5	N	7	0	5	17
A_PB1	1065	5	N	7	0	5	17
A_PB1	1066	5	N	7	0	5	17.4
A_PB1	1067	5	N	7	0	5	19.2
A_PB1	1068	5	N	7	0	5	18
A_PB1	1069	5	N	7	0	5	16.8
A_PB1	1070	5	N	7	0	4	16
A_PB1	1071	5	N	7	0	4	10.75
A_PB1	1072	6	N	6	0	6	11.3333333333333
A_PB1	1073	6	N	6	0	6	11.6666666666667
A_PB1	1074	6	N	6	0	6	12.3333333333333
A_PB1	1075	5	N	7	0	5	11
A_PB1	1076	5	N	7	0	5	14.8
A_PB1	1077	5	N	7	0	5	12.8
A_PB1	1078	5	N	7	0	5	13.6
A_PB1	1079	5	N	7	0	5	13.4
A_PB1	1080	5	N	7	0	5	17
A_PB1	1081	5	N	7	0	5	20.4
A_PB1	1082	5	N	7	0	5	18.8
A_PB1	1083	5	N	7	0	5	18.4
A_PB1	1084	5	N	7	0	5	19.2
A_PB1	1085	5	N	7	0	5	18.8
A_PB1	1086	5	N	7	0	5	18.8
A_PB1	1087	5	N	7	0	5	18.2
A_PB1	1088	5	N	7	0	5	17.8
A_PB1	1089	5	N	7	0	5	17
A_PB1	1090	5	N	7	0	5	17.4
A_PB1	1091	5	N	7	0	5	16.2
A_PB1	1092	5	N	7	0	5	16.4
A_PB1	1093	5	N	7	0	5	14.8
A_PB1	1094	5	N	7	0	5	9.6
A_PB1	1095	5	N	7	0	5	9.6
A_PB1	1096	5	N	7	0	5	9.6
A_PB1	1097	5	N	7	0	5	11.2
A_PB1	1098	5	N	7	0	5	17.6
A_PB1	1099	5	N	7	0	5	34
A_PB1	1100	5	N	7	0	5	19.6
A_PB1	1101	5	N	7	0	5	19.6
A_PB1	1102	5	N	7	0	5	21.2
A_PB1	1103	5	N	7	0	5	19.4
A_PB1	1104	5	N	7	0	5	16.8
A_PB1	1105	5	N	7	0	5	15.2
A_PB1	1106	5	N	7	0	5	13.8
A_PB1	1107	5	N	7	0	5	15.2
A_PB1	1108	5	N	7	0	5	15.6
A_PB1	1109	5	N	7	0	5	17.6
A_PB1	1110	5	N	7	0	5	17.2
A_PB1	1111	5	N	7	0	5	17.4
A_PB1	1112	5	N	7	0	5	19
A_PB1	1113	5	N	7	0	5	18.8
A_PB1	1114	5	N	7	0	5	19.4
A_PB1	1115	5	N	7	0	5	19.8
A_PB1	1116	5	N	7	0	5	17
A_PB1	1117	5	N	7	0	5	16.2
A_PB1	1118	5	N	7	0	5	16.6
A_PB1	1119	5	N	7	0	5	17.2
A_PB1	1120	5	N	7	0	5	16.4
A_PB1	1121	5	N	7	0	5	19
A_PB1	1122	5	N	7	0	5	19
A_PB1	1123	5	N	7	0	5	17.6
A_PB1	1124	5	N	7	0	5	17.6
A_PB1	1125	5	N	7	0	5	15.2
A_PB1	1126	5	N	7	0	5	14.4
A_PB1	1127	5	N	7	0	5	14.6
A_PB1	1128	5	N	7	0	5	17
A_PB1	1129	5	N	7	0	5	14.6
A_PB1	1130	6	N	6	0	6	14
A_PB1	1131	6	N	6	0	6	14.8333333333333
A_PB1	1132	6	N	6	0	6	14.6666666666667
A_PB1	1133	6	N	6	0	5	17.6
A_PB1	1134	6	N	6	0	6	16.6666666666667
A_PB1	1135	6	N	6	0	6	17
A_PB1	1136	6	N	6	0	6	20
A_PB1	1137	6	N	6	0	6	19.8333333333333
A_PB1	1138	6	N	6	0	6	16.1666666666667
A_PB1	1139	5	N	7	0	5	16
A_PB1	1140	5	N	7	0	5	15.4
A_PB1	1141	5	N	7	0	5	16
A_PB1	1142	5	N	7	0	5	19
A_PB1	1143	5	N	7	0	5	20.4
A_PB1	1144	5	N	7	0	5	20.8
A_PB1	1145	5	N	7	0	5	19
A_PB1	1146	5	N	7	0	5	17.6
A_PB1	1147	5	N	7	0	4	15.75
A_PB1	1148	5	N	7	0	5	16.2
A_PB1	1149	5	N	7	0	5	16.8
A_PB1	1150	5	N	7	0	5	17.4
A_PB1	1151	3	N	8	0	3	15.3333333333333
A_PB1	1152	4	N	7	0	3	15
A_PB1	1153	4	N	7	0	4	13.25
A_PB1	1154	4	N	7	0	4	13.75
A_PB1	1155	4	N	7	0	4	12.75
A_PB1	1156	4	N	7	0	4	16
A_PB1	1157	4	N	7	0	4	15.75
A_PB1	1158	4	N	7	0	4	16
A_PB1	1159	4	N	7	0	4	16.75
A_PB1	1160	4	N	7	0	4	18.75
A_PB1	1161	4	N	7	0	4	19.5
A_PB1	1162	4	N	7	0	4	20.25
A_PB1	1163	4	N	7	0	4	20.5
A_PB1	1164	4	N	7	0	4	19.25
A_PB1	1165	4	N	7	0	4	20.25
A_PB1	1166	4	N	7	0	4	17.75
A_PB1	1167	4	N	7	0	4	16.75
A_PB1	1168	4	N	7	0	4	15
A_PB1	1169	4	N	7	0	4	15.25
A_PB1	1170	4	N	7	0	4	17.75
A_PB1	1171	4	N	7	0	4	17.75
A_PB1	1172	4	N	7	0	4	18.5
A_PB1	1173	4	N	7	0	4	18
A_PB1	1174	4	N	7	0	4	18.75
A_PB1	1175	4	N	7	0	4	12.75
A_PB1	1176	4	N	7	0	4	12.25
A_PB1	1177	5	N	6	0	5	12.8
A_PB1	1178	5	N	6	0	5	12.8
A_PB1	1179	5	N	6	0	5	17
A_PB1	1180	5	N	6	0	4	16.25
A_PB1	1181	5	N	6	0	5	17.4
A_PB1	1182	5	N	6	0	5	19
A_PB1	1183	4	N	7	0	4	19
A_PB1	1184	4	N	7	0	4	19
A_PB1	1185	5	N	6	0	5	18.6
A_PB1	1186	6	N	5	0	5	18.4
A_PB1	1187	6	N	5	0	6	19.8333333333333
A_PB1	1188	6	N	5	0	6	18.3333333333333
A_PB1	1189	5	N	6	0	5	19.4
A_PB1	1190	5	N	6	0	5	19.2
A_PB1	1191	5	N	6	0	5	16.6
A_PB1	1192	5	N	6	0	5	16.4
A_PB1	1193	5	N	6	0	5	18.6
A_PB1	1194	5	N	6	0	5	18
A_PB1	1195	4	N	7	0	3	16.3333333333333
A_PB1	1196	4	N	7	0	4	13.5
A_PB1	1197	4	N	7	0	4	14.75
A_PB1	1198	4	N	7	0	4	15.25
A_PB1	1199	4	N	7	0	4	16.5
A_PB1	1200	4	N	7	0	4	18.25
A_PB1	1201	3	N	8	0	3	18
A_PB1	1202	4	N	7	0	4	17
A_PB1	1203	5	N	6	0	5	19.2
A_PB1	1204	5	N	6	0	5	15.8
A_PB1	1205	5	N	6	0	5	15.2
A_PB1	1206	4	N	7	0	4	15
A_PB1	1207	4	N	7	0	4	17
A_PB1	1208	4	N	7	0	4	20
A_PB1	1209	4	N	7	0	4	18.25
A_PB1	1210	5	N	6	0	5	17.2
A_PB1	1211	5	N	6	0	5	16
A_PB1	1212	5	N	6	0	5	14.4
A_PB1	1213	5	N	6	0	4	13.5
A_PB1	1214	5	N	6	0	5	14.4
A_PB1	1215	5	N	6	0	5	15.2
A_PB1	1216	5	N	6	0	5	21
A_PB1	1217	4	N	7	0	4	22
A_PB1	1218	5	N	6	0	5	22.6
A_PB1	1219	5	N	6	0	5	23
A_PB1	1220	5	N	6	0	5	22.4
A_PB1	1221	5	N	6	0	5	21.2
A_PB1	1222	5	N	6	0	5	20.4
A_PB1	1223	5	N	6	0	5	20.8
A_PB1	1224	6	N	5	0	5	17.2
A_PB1	1225	6	N	5	0	6	19.3333333333333
A_PB1	1226	6	N	5	0	6	19.8333333333333
A_PB1	1227	6	N	5	0	6	20.3333333333333
A_PB1	1228	6	N	5	0	6	19.6666666666667
A_PB1	1229	5	N	6	0	5	21.2
A_PB1	1230	4	N	7	0	4	21
A_PB1	1231	4	N	7	0	4	20.25
A_PB1	1232	4	N	7	0	3	19.3333333333333
A_PB1	1233	4	N	7	0	4	17.75
A_PB1	1234	4	N	7	0	4	16.5
A_PB1	1235	4	N	7	0	4	16.75
A_PB1	1236	4	N	7	0	3	20
A_PB1	1237	4	N	7	0	3	19.6666666666667
A_PB1	1238	4	N	7	0	4	17.75
A_PB1	1239	4	N	7	0	4	18
A_PB1	1240	4	N	7	0	4	16.5
A_PB1	1241	4	N	7	0	4	16.5
A_PB1	1242	5	N	6	0	5	16.6
A_PB1	1243	5	N	6	0	5	17
A_PB1	1244	5	N	6	0	5	17.4
A_PB1	1245	6	N	5	0	6	18.6666666666667
A_PB1	1246	6	N	5	0	6	17.5
A_PB1	1247	6	N	5	0	6	16.6666666666667
A_PB1	1248	5	N	6	0	4	15.75
A_PB1	1249	6	N	5	0	6	14.8333333333333
A_PB1	1250	6	N	5	0	6	13.8333333333333
A_PB1	1251	4	N	7	0	4	9
A_PB1	1252	4	N	7	0	4	9.5
A_PB1	1253	4	N	7	0	4	9.25
A_PB1	1254	4	N	7	0	4	10.5
A_PB1	1255	5	N	6	0	5	15.2
A_PB1	1256	5	N	6	0	5	15.8
A_PB1	1257	5	N	6	0	4	13
A_PB1	1258	5	N	6	0	5	17.6
A_PB1	1259	5	N	6	0	4	18.25
A_PB1	1260	5	N	6	0	5	22.2
A_PB1	1261	5	N	6	0	4	18.25
A_PB1	1262	5	N	6	0	5	18
A_PB1	1263	5	N	6	0	5	17.6
A_PB1	1264	5	N	6	0	4	14.75
A_PB1	1265	6	N	5	0	6	13.6666666666667
A_PB1	1266	4	N	7	0	4	8.75
A_PB1	1267	4	N	7	0	4	8.75
A_PB1	1268	3	N	8	0	3	9.66666666666667
A_PB1	1269	4	N	7	0	4	10.5
A_PB1	1270	5	N	6	0	5	16
A_PB1	1271	5	N	6	0	5	16.4
A_PB1	1272	4	N	7	0	4	21.75
A_PB1	1273	5	N	6	0	5	19
A_PB1	1274	6	N	5	0	5	17
A_PB1	1275	6	N	5	0	6	14.5
A_PB1	1276	6	N	5	0	6	12.8333333333333
A_PB1	1277	5	N	6	0	5	11.2
A_PB1	1278	4	N	7	0	4	13.25
A_PB1	1279	4	N	7	0	3	15
A_PB1	1280	4	N	7	0	3	15.3333333333333
A_PB1	1281	4	N	7	0	4	14
A_PB1	1282	4	N	7	0	3	16.6666666666667
A_PB1	1283	4	N	7	0	3	16.3333333333333
A_PB1	1284	4	N	7	0	4	13.75
A_PB1	1285	4	N	7	0	4	14.5
A_PB1	1286	4	N	7	0	4	16
A_PB1	1287	4	N	7	0	4	15
A_PB1	1288	4	N	7	0	4	14.5
A_PB1	1289	4	N	7	0	4	14.75
A_PB1	1290	4	N	7	0	4	16.25
A_PB1	1291	4	N	7	0	4	15
A_PB1	1292	4	N	7	0	4	13.25
A_PB1	1293	4	N	7	0	4	12.5
A_PB1	1294	4	N	7	0	4	11.75
A_PB1	1295	5	N	6	0	5	15.2
A_PB1	1296	5	N	6	0	5	18.2
A_PB1	1297	4	N	7	0	4	14.75
A_PB1	1298	4	N	7	0	4	18
A_PB1	1299	4	N	7	0	4	17.25
A_PB1	1300	5	N	6	0	5	14.8
A_PB1	1301	5	N	6	0	5	14.6
A_PB1	1302	5	N	6	0	5	14.2
A_PB1	1303	5	N	6	0	5	14.4
A_PB1	1304	5	N	6	0	5	17
A_PB1	1305	5	N	6	0	5	16.8
A_PB1	1306	5	N	6	0	5	15
A_PB1	1307	5	N	6	0	5	14.4
A_PB1	1308	5	N	6	0	5	14.2
A_PB1	1309	4	N	7	0	4	14
A_PB1	1310	4	N	7	0	4	19.5
A_PB1	1311	4	N	7	0	4	19.5
A_PB1	1312	4	N	7	0	4	20.5
A_PB1	1313	5	N	6	0	5	20.6
A_PB1	1314	5	N	6	0	5	20
A_PB1	1315	5	N	6	0	4	21.5
A_PB1	1316	5	N	6	0	5	19.8
A_PB1	1317	5	N	6	0	5	18
A_PB1	1318	4	N	7	0	4	17.75
A_PB1	1319	4	N	7	0	4	18
A_PB1	1320	4	N	7	0	4	19
A_PB1	1321	5	N	6	0	5	20.2
A_PB1	1322	5	N	6	0	5	18.6
A_PB1	1323	5	N	6	0	4	17.25
A_PB1	1324	5	N	6	0	5	17.8
A_PB1	1325	5	N	6	0	5	17.8
A_PB1	1326	4	N	7	0	4	17.25
A_PB1	1327	4	N	7	0	4	15.75
A_PB1	1328	5	N	6	0	5	16
A_PB1	1329	5	N	6	0	5	15
A_PB1	1330	5	N	6	0	5	14.6
A_PB1	1331	5	N	6	0	5	15.6
A_PB1	1332	5	N	6	0	5	13.8
A_PB1	1333	4	N	7	0	4	11.5
A_PB1	1334	4	N	7	0	4	11.75
A_PB1	1335	4	N	7	0	4	11
A_PB1	1336	4	N	7	0	4	9.25
A_PB1	1337	4	N	7	0	4	10
A_PB1	1338	4	N	7	0	4	13.75
A_PB1	1339	5	N	6	0	5	13.6
A_PB1	1340	5	N	6	0	5	15.6
A_PB1	1341	4	N	7	0	4	14.25
A_PB1	1342	4	N	7	0	4	14
A_PB1	1343	5	N	6	0	5	15.8
A_PB1	1344	5	N	6	0	5	18.6
A_PB1	1345	4	N	7	0	4	16.75
A_PB1	1346	4	N	7	0	4	35.75
A_PB1	1347	4	N	7	0	4	15.75
A_PB1	1348	4	N	7	0	4	14
A_PB1	1349	4	N	7	0	4	12.25
A_PB1	1350	4	N	7	0	4	11.5
A_PB1	1351	5	N	6	0	5	14.6
A_PB1	1352	5	N	6	0	5	16
A_PB1	1353	5	N	6	0	4	16.75
A_PB1	1354	5	N	6	0	5	14
A_PB1	1355	5	N	6	0	4	14.5
A_PB1	1356	5	N	6	0	5	13.2
A_PB1	1357	5	N	6	0	4	16.25
A_PB1	1358	5	N	6	0	5	14.4
A_PB1	1359	5	N	6	0	5	13.6
A_PB1	1360	4	N	7	0	4	16.5
A_PB1	1361	4	N	7	0	4	17.25
A_PB1	1362	4	N	7	0	4	17
A_PB1	1363	4	N	7	0	4	18
A_PB1	1364	4	N	7	0	4	18
A_PB1	1365	4	N	7	0	4	17.5
A_PB1	1366	5	N	6	0	5	15.8
A_PB1	1367	5	N	6	0	5	15.6
A_PB1	1368	5	N	6	0	4	13.75
A_PB1	1369	4	N	7	0	4	15.25
A_PB1	1370	5	N	6	0	5	14.4
A_PB1	1371	5	N	6	0	5	14.8
A_PB1	1372	5	N	6	0	5	15.4
A_PB1	1373	5	N	6	0	5	17.2
A_PB1	1374	5	N	7	0	5	17.8
A_PB1	1375	5	N	7	0	5	20.2
A_PB1	1376	5	N	7	0	4	16.5
A_PB1	1377	5	N	7	0	5	14.8
A_PB1	1378	6	N	7	0	6	14.8333333333333
A_PB1	1379	34	N	7	0	34	20.4411764705882
A_PB1	1380	34	N	7	0	34	21.8529411764706
A_PB1	1381	34	N	7	0	34	20.9705882352941
A_PB1	1382	32	N	9	0	32	21.59375
A_PB1	1383	34	N	7	0	34	21.3235294117647
A_PB1	1384	35	N	7	0	35	20.9714285714286
A_PB1	1385	36	N	7	0	36	19.9722222222222
A_PB1	1386	35	N	8	0	35	19.0857142857143
A_PB1	1387	36	N	7	0	36	18.3888888888889
A_PB1	1388	36	N	7	0	35	18.9142857142857
A_PB1	1389	34	N	9	0	30	19
A_PB1	1390	36	N	7	0	34	17.0882352941176
A_PB1	1391	36	N	7	0	35	16.8571428571429
A_PB1	1392	36	N	7	0	35	17.6
A_PB1	1393	36	N	7	0	35	19.2857142857143
A_PB1	1394	37	N	6	0	36	19.4722222222222
A_PB1	1395	36	N	7	0	34	18.5294117647059
A_PB1	1396	36	N	7	0	35	16.4571428571429
A_PB1	1397	37	N	6	0	36	17.2222222222222
A_PB1	1398	36	N	7	0	33	17.6666666666667
A_PB1	1399	35	N	8	0	35	17.7428571428571
A_PB1	1400	35	N	8	0	35	18.8857142857143
A_PB1	1401	36	N	7	0	36	19.1944444444444
A_PB1	1402	36	N	7	0	36	20.8333333333333
A_PB1	1403	36	N	7	0	36	22.8888888888889
A_PB1	1404	37	N	6	0	37	20.027027027027
A_PB1	1405	37	N	6	0	36	19.9166666666667
A_PB1	1406	37	N	6	0	37	20.1351351351351
A_PB1	1407	37	N	6	0	37	19.8918918918919
A_PB1	1408	37	N	6	0	37	22.3513513513514
A_PB1	1409	37	N	6	0	37	21.7837837837838
A_PB1	1410	36	N	7	0	35	22.8
A_PB1	1411	37	N	6	0	37	22.2432432432432
A_PB1	1412	37	N	6	0	37	20.8918918918919
A_PB1	1413	36	N	7	0	35	19.6285714285714
A_PB1	1414	36	N	7	0	36	19.3333333333333
A_PB1	1415	36	N	7	0	36	19.5833333333333
A_PB1	1416	36	N	7	0	36	15.9166666666667
A_PB1	1417	36	N	7	0	36	16.1388888888889
A_PB1	1418	36	N	7	0	36	16.8055555555556
A_PB1	1419	36	N	7	0	36	17.4444444444444
A_PB1	1420	36	N	7	0	36	18.9722222222222
A_PB1	1421	36	N	7	0	36	20.3333333333333
A_PB1	1422	36	N	7	0	36	23.0555555555556
A_PB1	1423	36	N	7	0	36	21.9166666666667
A_PB1	1424	36	N	7	0	36	19.0277777777778
A_PB1	1425	36	N	7	0	35	17.0571428571429
A_PB1	1426	36	N	7	0	35	16.9142857142857
A_PB1	1427	36	N	7	0	36	16.7777777777778
A_PB1	1428	36	N	7	0	36	18.2777777777778
A_PB1	1429	36	N	7	0	36	18.4722222222222
A_PB1	1430	36	N	7	0	36	18.4444444444444
A_PB1	1431	36	N	7	0	36	16.25
A_PB1	1432	36	N	7	0	36	16.0833333333333
A_PB1	1433	36	N	7	0	36	16.9722222222222
A_PB1	1434	36	N	7	0	36	18.6666666666667
A_PB1	1435	35	N	8	0	35	18.9428571428571
A_PB1	1436	36	N	7	0	36	19.75
A_PB1	1437	36	N	7	0	36	21.9444444444444
A_PB1	1438	36	N	7	0	36	24.2777777777778
A_PB1	1439	36	N	7	0	36	22.6666666666667
A_PB1	1440	36	N	7	0	36	22.5555555555556
A_PB1	1441	36	N	7	0	36	19.6944444444444
A_PB1	1442	36	N	7	0	36	19.8333333333333
A_PB1	1443	35	N	8	0	35	19.2285714285714
A_PB1	1444	37	N	6	0	37	18.2162162162162
A_PB1	1445	36	N	7	0	35	18.1142857142857
A_PB1	1446	37	N	6	0	37	18.2972972972973
A_PB1	1447	35	N	8	0	35	18.5142857142857
A_PB1	1448	35	N	8	0	33	20.1818181818182
A_PB1	1449	37	N	6	0	37	18.027027027027
A_PB1	1450	37	N	6	0	35	18.3142857142857
A_PB1	1451	37	N	6	0	36	30.0555555555556
A_PB1	1452	37	N	6	0	36	19.1666666666667
A_PB1	1453	37	N	6	0	37	17.9459459459459
A_PB1	1454	37	N	6	0	37	19.1081081081081
A_PB1	1455	36	N	7	0	35	20.2
A_PB1	1456	36	N	7	0	36	19.1388888888889
A_PB1	1457	36	N	7	0	35	18.9428571428571
A_PB1	1458	36	N	7	0	36	18.0277777777778
A_PB1	1459	36	N	7	0	36	19.2222222222222
A_PB1	1460	36	N	7	0	35	19.4857142857143
A_PB1	1461	36	N	7	0	35	20.0571428571429
A_PB1	1462	36	N	7	0	36	20.6111111111111
A_PB1	1463	36	N	7	0	36	20.2777777777778
A_PB1	1464	37	N	6	0	37	20.7027027027027
A_PB1	1465	37	N	6	0	37	21.2972972972973
A_PB1	1466	37	N	6	0	37	20.8378378378378
A_PB1	1467	37	N	6	0	37	21.1891891891892
A_PB1	1468	37	N	6	0	37	21.1351351351351
A_PB1	1469	37	N	6	0	37	21.027027027027
A_PB1	1470	36	N	7	0	36	23.0555555555556
A_PB1	1471	35	N	8	0	35	22.6
A_PB1	1472	36	N	7	0	36	22.0555555555556
A_PB1	1473	36	N	7	0	36	20.7222222222222
A_PB1	1474	36	N	7	0	35	19.1142857142857
A_PB1	1475	36	N	7	0	36	20.2777777777778
A_PB1	1476	36	N	7	0	35	19.7714285714286
A_PB1	1477	37	N	6	0	36	20.1111111111111
A_PB1	1478	37	N	6	0	37	21.4324324324324
A_PB1	1479	37	N	6	0	36	19.9444444444444
A_PB1	1480	37	N	6	0	36	19.1388888888889
A_PB1	1481	37	N	6	0	37	18.4054054054054
A_PB1	1482	37	N	6	0	37	18.4864864864865
A_PB1	1483	27	N	16	0	27	19.1111111111111
A_PB1	1484	33	N	10	0	33	19.5454545454545
A_PB1	1485	34	N	9	0	34	19.5294117647059
A_PB1	1486	36	N	7	0	36	20.3333333333333
A_PB1	1487	36	N	7	0	36	22.3333333333333
A_PB1	1488	36	N	7	0	36	22.6666666666667
A_PB1	1489	36	N	7	0	36	23.1388888888889
A_PB1	1490	36	N	7	0	36	19.5833333333333
A_PB1	1491	36	N	7	0	36	18
A_PB1	1492	36	N	7	0	36	16.0833333333333
A_PB1	1493	36	N	7	0	36	14.2777777777778
A_PB1	1494	36	N	7	0	36	14.5
A_PB1	1495	36	N	7	0	36	14.8888888888889
A_PB1	1496	37	N	6	0	37	15.4594594594595
A_PB1	1497	37	N	6	0	37	18.2432432432432
A_PB1	1498	37	N	6	0	36	18.2777777777778
A_PB1	1499	36	N	7	0	36	17.2777777777778
A_PB1	1500	36	N	7	0	36	18.8333333333333
A_PB1	1501	36	N	7	0	36	18.9444444444444
A_PB1	1502	36	N	7	0	35	18.8285714285714
A_PB1	1503	37	N	6	0	37	21.8108108108108
A_PB1	1504	37	N	6	0	37	21
A_PB1	1505	37	N	6	0	37	22.7297297297297
A_PB1	1506	37	N	6	0	37	21.5675675675676
A_PB1	1507	37	N	6	0	37	20.6756756756757
A_PB1	1508	36	N	7	0	36	21.6944444444444
A_PB1	1509	37	N	6	0	37	21.4594594594595
A_PB1	1510	37	N	6	0	37	21.1891891891892
A_PB1	1511	37	N	6	0	37	20.3783783783784
A_PB1	1512	37	N	6	0	36	20
A_PB1	1513	37	N	6	0	35	21.2285714285714
A_PB1	1514	37	N	6	0	36	20.9444444444444
A_PB1	1515	37	N	6	0	36	22.3611111111111
A_PB1	1516	37	N	6	0	37	19.7027027027027
A_PB1	1517	36	N	7	0	36	19
A_PB1	1518	37	N	6	0	37	18.7837837837838
A_PB1	1519	37	N	6	0	37	18.972972972973
A_PB1	1520	37	N	6	0	37	18.8918918918919
A_PB1	1521	38	N	5	0	38	19.3947368421053
A_PB1	1522	38	N	5	0	38	18.7105263157895
A_PB1	1523	37	N	6	0	37	19.0540540540541
A_PB1	1524	35	N	8	0	35	20.1714285714286
A_PB1	1525	37	N	6	0	37	19.5405405405405
A_PB1	1526	37	N	6	0	37	20.027027027027
A_PB1	1527	36	N	7	0	35	20.2285714285714
A_PB1	1528	37	N	6	0	37	20.2702702702703
A_PB1	1529	37	N	6	0	37	20.4864864864865
A_PB1	1530	37	N	6	0	37	22.5945945945946
A_PB1	1531	37	N	6	0	35	24.2
A_PB1	1532	37	N	6	0	36	23
A_PB1	1533	37	N	6	0	37	21.4324324324324
A_PB1	1534	35	N	8	0	35	20.8
A_PB1	1535	36	N	7	0	36	20.6666666666667
A_PB1	1536	36	N	7	0	36	23.4166666666667
A_PB1	1537	36	N	7	0	36	21.6666666666667
A_PB1	1538	36	N	7	0	36	19.8611111111111
A_PB1	1539	36	N	7	0	36	20
A_PB1	1540	35	N	8	0	34	19.7941176470588
A_PB1	1541	36	N	7	0	36	18.8611111111111
A_PB1	1542	36	N	7	0	35	19.6
A_PB1	1543	36	N	7	0	36	17.8888888888889
A_PB1	1544	36	N	7	0	35	18.2571428571429
A_PB1	1545	36	N	7	0	36	18.6111111111111
A_PB1	1546	36	N	7	0	36	18.5
A_PB1	1547	36	N	7	0	36	20.4444444444444
A_PB1	1548	36	N	7	0	36	19.9444444444444
A_PB1	1549	36	N	7	0	36	19.4722222222222
A_PB1	1550	36	N	7	0	36	18.5555555555556
A_PB1	1551	36	N	7	0	36	17.7777777777778
A_PB1	1552	37	N	6	0	37	17.5135135135135
A_PB1	1553	37	N	6	0	37	18.027027027027
A_PB1	1554	37	N	6	0	37	21.4324324324324
A_PB1	1555	37	N	6	0	37	19.4594594594595
A_PB1	1556	37	N	6	0	36	19.1111111111111
A_PB1	1557	37	N	6	0	37	19.2972972972973
A_PB1	1558	37	N	6	0	37	18.6486486486486
A_PB1	1559	37	N	6	0	36	17.3611111111111
A_PB1	1560	37	N	6	0	37	17.1351351351351
A_PB1	1561	36	N	7	0	36	17.3611111111111
A_PB1	1562	36	N	7	0	36	18.1666666666667
A_PB1	1563	36	N	7	0	36	20.9722222222222
A_PB1	1564	36	N	7	0	36	21.2777777777778
A_PB1	1565	36	N	7	0	36	20.6944444444444
A_PB1	1566	36	N	7	0	36	20.5555555555556
A_PB1	1567	36	N	7	0	35	18.9428571428571
A_PB1	1568	36	N	7	0	36	18.9722222222222
A_PB1	1569	36	N	7	0	36	18.4166666666667
A_PB1	1570	35	N	8	0	35	18.2285714285714
A_PB1	1571	35	N	8	0	35	18.1142857142857
A_PB1	1572	35	N	8	0	35	16.8571428571429
A_PB1	1573	36	N	7	0	35	16.5714285714286
A_PB1	1574	36	N	7	0	36	15.0555555555556
A_PB1	1575	36	N	7	0	35	15.8857142857143
A_PB1	1576	36	N	7	0	36	16.6111111111111
A_PB1	1577	36	N	7	0	36	16.4444444444444
A_PB1	1578	36	N	7	0	36	19.0555555555556
A_PB1	1579	36	N	7	0	36	18.9166666666667
A_PB1	1580	36	N	7	0	36	16.1666666666667
A_PB1	1581	36	N	7	0	36	15.5277777777778
A_PB1	1582	36	N	7	0	36	15.6944444444444
A_PB1	1583	36	N	7	0	36	16.3888888888889
A_PB1	1584	36	N	7	0	36	18.9444444444444
A_PB1	1585	36	N	7	0	36	18.8888888888889
A_PB1	1586	36	N	7	0	35	19.0857142857143
A_PB1	1587	36	N	7	0	35	18.6571428571429
A_PB1	1588	36	N	7	0	36	17.5833333333333
A_PB1	1589	36	N	7	0	35	17.4285714285714
A_PB1	1590	36	N	7	0	36	17.7777777777778
A_PB1	1591	36	N	7	0	36	17.8888888888889
A_PB1	1592	37	N	6	0	37	18.5675675675676
A_PB1	1593	37	N	6	0	37	19.8108108108108
A_PB1	1594	35	N	8	0	35	18.5142857142857
A_PB1	1595	35	N	8	0	34	19.2058823529412
A_PB1	1596	35	N	8	0	35	18.7142857142857
A_PB1	1597	36	N	7	0	36	19.25
A_PB1	1598	36	N	7	0	36	18.4722222222222
A_PB1	1599	37	N	6	0	37	19.0540540540541
A_PB1	1600	37	N	6	0	37	18.7027027027027
A_PB1	1601	36	N	7	0	36	18.6111111111111
A_PB1	1602	36	N	7	0	36	18.5555555555556
A_PB1	1603	37	N	6	0	35	17.6
A_PB1	1604	37	N	6	0	36	16.6944444444444
A_PB1	1605	36	N	7	0	36	17
A_PB1	1606	36	N	7	0	36	17.0555555555556
A_PB1	1607	36	N	7	0	36	18.0277777777778
A_PB1	1608	36	N	7	0	36	19.8888888888889
A_PB1	1609	36	N	7	0	36	18.5
A_PB1	1610	37	N	6	0	37	18.0810810810811
A_PB1	1611	37	N	6	0	37	18.4594594594595
A_PB1	1612	37	N	6	0	37	18.2432432432432
A_PB1	1613	37	N	6	0	37	18.5945945945946
A_PB1	1614	36	N	7	0	36	20.0555555555556
A_PB1	1615	36	N	7	0	36	20.2222222222222
A_PB1	1616	34	N	9	0	34	20.3235294117647
A_PB1	1617	36	N	7	0	36	22.9722222222222
A_PB1	1618	36	N	7	0	36	18.8611111111111
A_PB1	1619	36	N	7	0	36	17.5277777777778
A_PB1	1620	36	N	7	0	36	18.75
A_PB1	1621	36	N	7	0	36	18.4722222222222
A_PB1	1622	36	N	7	0	36	18.5277777777778
A_PB1	1623	37	N	6	0	36	19.75
A_PB1	1624	37	N	6	0	37	20.2162162162162
A_PB1	1625	37	N	6	0	37	20.4594594594595
A_PB1	1626	36	N	7	0	36	19.5
A_PB1	1627	36	N	7	0	35	18.2
A_PB1	1628	37	N	6	0	37	16.6486486486486
A_PB1	1629	37	N	6	0	37	14.1351351351351
A_PB1	1630	36	N	7	0	36	14.4444444444444
A_PB1	1631	36	N	7	0	36	14.8611111111111
A_PB1	1632	36	N	7	0	36	17.1666666666667
A_PB1	1633	36	N	7	0	36	20.9444444444444
A_PB1	1634	36	N	7	0	36	20.3333333333333
A_PB1	1635	37	N	6	0	37	20.0540540540541
A_PB1	1636	37	N	6	0	36	19.5555555555556
A_PB1	1637	38	N	5	0	38	19.1315789473684
A_PB1	1638	38	N	5	0	37	18.972972972973
A_PB1	1639	37	N	6	0	37	18.2432432432432
A_PB1	1640	37	N	6	0	37	18.8108108108108
A_PB1	1641	37	N	6	0	37	20.2432432432432
A_PB1	1642	36	N	7	0	36	19.8611111111111
A_PB1	1643	36	N	7	0	36	18.8333333333333
A_PB1	1644	36	N	7	0	36	19.6388888888889
A_PB1	1645	36	N	7	0	36	19.5277777777778
A_PB1	1646	36	N	7	0	36	18.3611111111111
A_PB1	1647	37	N	6	0	37	19.3783783783784
A_PB1	1648	37	N	6	0	37	17.3783783783784
A_PB1	1649	37	N	6	0	37	18.7567567567568
A_PB1	1650	36	N	7	0	36	17.5277777777778
A_PB1	1651	35	N	8	0	35	17.2857142857143
A_PB1	1652	35	N	8	0	34	18.1176470588235
A_PB1	1653	43	N	8	0	43	18.6511627906977
A_PB1	1654	44	N	7	0	44	17.5454545454545
A_PB1	1655	44	N	7	0	43	17.3255813953488
A_PB1	1656	44	N	7	0	44	16.9772727272727
A_PB1	1657	44	N	7	0	36	16.6111111111111
A_PB1	1658	44	N	7	0	44	17.6136363636364
A_PB1	1659	44	N	7	0	44	21.1363636363636
A_PB1	1660	44	N	7	0	44	19.1136363636364
A_PB1	1661	45	N	6	0	37	17.8108108108108
A_PB1	1662	45	N	6	0	37	17.7567567567568
A_PB1	1663	45	N	6	0	45	17.2
A_PB1	1664	45	N	6	0	37	18.0810810810811
A_PB1	1665	45	N	6	0	45	18.7555555555556
A_PB1	1666	45	N	6	0	45	19.0666666666667
A_PB1	1667	45	N	6	0	44	19.3636363636364
A_PB1	1668	38	N	14	0	38	19.2105263157895
A_PB1	1669	38	N	14	0	38	17.0789473684211
A_PB1	1670	45	N	7	0	45	17.0444444444444
A_PB1	1671	45	N	7	0	45	17.8222222222222
A_PB1	1672	45	N	7	0	45	17.7555555555556
A_PB1	1673	45	N	7	0	45	25.2222222222222
A_PB1	1674	45	N	7	0	45	20.6888888888889
A_PB1	1675	45	N	7	0	45	17.8
A_PB1	1676	45	N	7	0	45	16.8
A_PB1	1677	45	N	7	0	45	16.9777777777778
A_PB1	1678	45	N	7	0	44	15.7954545454545
A_PB1	1679	45	N	7	0	43	16.2558139534884
A_PB1	1680	45	N	7	0	45	15.9111111111111
A_PB1	1681	45	N	7	0	45	17.9111111111111
A_PB1	1682	45	N	7	0	45	17.8
A_PB1	1683	45	N	7	0	45	17.4888888888889
A_PB1	1684	44	N	8	0	43	17.6511627906977
A_PB1	1685	45	N	7	0	42	16.6428571428571
A_PB1	1686	47	N	5	0	46	16.1739130434783
A_PB1	1687	42	N	10	0	39	14.4102564102564
A_PB1	1688	45	N	7	0	42	13.8333333333333
A_PB1	1689	46	N	6	0	46	13.9782608695652
A_PB1	1690	46	N	6	0	46	15.695652173913
A_PB1	1691	46	N	6	0	45	21.2222222222222
A_PB1	1692	45	N	7	0	44	21.5909090909091
A_PB1	1693	45	N	7	0	44	18.75
A_PB1	1694	44	N	8	0	43	17.6279069767442
A_PB1	1695	45	N	7	0	45	17.0888888888889
A_PB1	1696	45	N	7	0	44	16.4090909090909
A_PB1	1697	45	N	7	0	45	15.3555555555556
A_PB1	1698	45	N	7	0	43	15.2093023255814
A_PB1	1699	45	N	7	0	45	14.8888888888889
A_PB1	1700	41	N	11	0	39	15.7692307692308
A_PB1	1701	45	N	7	0	44	16.8863636363636
A_PB1	1702	45	N	7	0	45	17.5777777777778
A_PB1	1703	44	N	8	0	44	16.0681818181818
A_PB1	1704	44	N	8	0	44	19.5
A_PB1	1705	42	N	10	0	40	17.6
A_PB1	1706	46	N	6	0	43	16.8604651162791
A_PB1	1707	46	N	6	0	46	16.1739130434783
A_PB1	1708	46	N	6	0	46	16.1304347826087
A_PB1	1709	46	N	6	0	44	15.8636363636364
A_PB1	1710	42	N	10	0	42	14.5714285714286
A_PB1	1711	43	N	9	0	43	14.1627906976744
A_PB1	1712	46	N	6	0	46	14.2826086956522
A_PB1	1713	44	N	8	0	43	16.6279069767442
A_PB1	1714	46	N	6	0	46	18.4130434782609
A_PB1	1715	46	N	6	0	46	17.6739130434783
A_PB1	1716	44	N	8	0	43	18.0232558139535
A_PB1	1717	46	N	6	0	44	17.1590909090909
A_PB1	1718	46	N	6	0	42	16.6666666666667
A_PB1	1719	46	N	6	0	43	16.5581395348837
A_PB1	1720	47	N	5	0	44	16.0681818181818
A_PB1	1721	47	N	5	0	46	17
A_PB1	1722	45	N	7	0	45	18
A_PB1	1723	42	N	10	0	41	17.8048780487805
A_PB1	1724	45	N	7	0	43	17.7209302325581
A_PB1	1725	45	N	7	0	39	17.6410256410256
A_PB1	1726	47	N	5	0	46	15.5869565217391
A_PB1	1727	49	N	3	0	48	15.7708333333333
A_PB1	1728	49	N	3	0	47	15.5531914893617
A_PB1	1729	49	N	3	0	49	15.9591836734694
A_PB1	1730	49	N	3	0	49	18.3061224489796
A_PB1	1731	48	N	4	0	48	18.3125
A_PB1	1732	46	N	6	0	45	18.7777777777778
A_PB1	1733	49	N	3	0	49	17.7142857142857
A_PB1	1734	50	G	2	0	50	17.4
A_PB1	1735	50	N	2	0	47	18.7446808510638
A_PB1	1736	51	T	1	0	51	17.843137254902
A_PB1	1737	51	A	1	0	50	17.64
A_PB1	1738	50	T	2	0	50	17.22
A_PB1	1739	50	N	2	0	48	16.4375
A_PB1	1740	50	N	2	0	49	16.1224489795918
A_PB1	1741	50	N	2	0	46	16.8913043478261
A_PB1	1742	51	A	1	0	51	18.1764705882353
A_PB1	1743	51	T	1	0	51	16.3529411764706
A_PB1	1744	48	N	4	0	46	16.7826086956522
A_PB1	1745	47	N	5	0	46	16.8478260869565
A_PB1	1746	50	N	2	0	49	16.2857142857143
A_PB1	1747	50	N	2	0	49	18.3265306122449
A_PB1	1748	52	C	0	0	51	19.6862745098039
A_PB1	1749	52	C	0	0	51	20.2745098039216
A_PB1	1750	52	C	0	0	51	20.8039215686275
A_PB1	1751	50	N	2	0	49	21.1224489795918
A_PB1	1752	50	N	2	0	49	20.4081632653061
A_PB1	1753	50	T	2	0	50	17.9
A_PB1	1754	50	N	2	0	49	18.6938775510204
A_PB1	1755	51	N	1	0	49	18.8367346938776
A_PB1	1756	51	A	1	0	51	18.6862745098039
A_PB1	1757	51	A	1	0	50	21.42
A_PB1	1758	51	A	1	0	51	23.1960784313725
A_PB1	1759	50	G	2	0	50	20.34
A_PB1	1760	50	T	2	0	50	16.94
A_PB1	1761	50	A	2	0	50	15.86
A_PB1	1762	61	G	2	0	61	16.7377049180328
A_PB1	1763	61	G	2	0	61	16.8032786885246
A_PB1	1764	61	G	2	0	61	20.4098360655738
A_PB1	1765	61	C	2	0	61	19.9016393442623
A_PB1	1766	61	T	2	0	60	19.9166666666667
A_PB1	1767	61	A	2	0	61	20.5245901639344
A_PB1	1768	61	T	2	0	60	19.8
A_PB1	1769	61	T	2	0	61	19.5245901639344
A_PB1	1770	61	A	2	0	61	18.2295081967213
A_PB1	1771	61	G	2	0	61	17.7540983606557
A_PB1	1772	61	T	2	0	61	16.6065573770492
A_PB1	1773	61	A	2	0	60	16.3166666666667
A_PB1	1774	61	T	2	0	61	15.8688524590164
A_PB1	1775	61	C	2	0	60	16.0166666666667
A_PB1	1776	61	A	2	0	60	16.9833333333333
A_PB1	1777	61	G	2	0	60	17.15
A_PB1	1778	61	A	2	0	60	18.3166666666667
A_PB1	1779	61	T	2	0	61	18.1967213114754
A_PB1	1780	61	G	2	0	60	19.1666666666667
A_PB1	1781	61	G	2	0	58	19.3965517241379
A_PB1	1782	61	A	2	0	61	18.7540983606557
A_PB1	1783	61	G	2	0	60	19.1166666666667
A_PB1	1784	61	G	2	0	60	17.8833333333333
A_PB1	1785	61	A	2	0	58	18.0689655172414
A_PB1	1786	61	C	2	0	61	17.1803278688525
A_PB1	1787	59	C	4	0	59	18.2033898305085
A_PB1	1788	59	A	4	0	59	18.4067796610169
A_PB1	1789	60	A	3	0	60	19.6166666666667
A_PB1	1790	61	A	2	0	60	19.8
A_PB1	1791	61	C	2	0	59	19.5084745762712
A_PB1	1792	60	T	3	0	60	18.65
A_PB1	1793	61	T	2	0	61	19.2295081967213
A_PB1	1794	60	A	3	0	58	18.5689655172414
A_PB1	1795	61	T	2	0	59	17.2881355932203
A_PB1	1796	61	A	2	0	61	16.8360655737705
A_PB1	1797	60	C	3	0	60	17.1
A_PB1	1798	61	A	2	0	59	16.8983050847458
A_PB1	1799	61	A	2	0	60	17.8333333333333
A_PB1	1800	61	C	2	0	61	18.2786885245902
A_PB1	1801	61	A	2	0	60	17.6666666666667
A_PB1	1802	61	T	2	0	61	16.1967213114754
A_PB1	1803	61	A	2	0	60	16.05
A_PB1	1804	61	C	2	0	61	15.5737704918033
A_PB1	1805	61	G	2	0	54	14.2962962962963
A_PB1	1806	62	G	1	0	60	14.0333333333333
A_PB1	1807	62	A	1	0	62	13.8709677419355
A_PB1	1808	62	A	1	0	61	14.7868852459016
A_PB1	1809	62	T	1	0	62	16.8709677419355
A_PB1	1810	59	C	4	0	54	16.8333333333333
A_PB1	1811	62	T	1	0	58	16
A_PB1	1812	62	T	1	0	62	16.3387096774194
A_PB1	1813	61	C	2	0	60	16.7666666666667
A_PB1	1814	61	A	2	0	59	16.9830508474576
A_PB1	1815	60	C	3	0	60	18.7666666666667
A_PB1	1816	62	A	1	0	60	18
A_PB1	1817	62	T	1	0	62	16.7096774193548
A_PB1	1818	62	C	1	0	62	17.6451612903226
A_PB1	1819	61	C	2	0	61	18.4590163934426
A_PB1	1820	61	C	2	0	60	21.2333333333333
A_PB1	1821	61	T	2	0	60	22.7333333333333
A_PB1	1822	57	G	6	0	57	22.1052631578947
A_PB1	1823	58	A	5	0	58	22.7586206896552
A_PB1	1824	60	A	3	0	58	20.6896551724138
A_PB1	1825	60	G	3	0	60	19.8833333333333
A_PB1	1826	61	T	2	0	61	19.4754098360656
A_PB1	1827	61	C	2	0	60	19.0833333333333
A_PB1	1828	60	T	3	0	59	19.9830508474576
A_PB1	1829	60	G	3	0	59	20.3050847457627
A_PB1	1830	60	T	3	0	60	20.7833333333333
A_PB1	1831	61	T	2	0	59	20.9491525423729
A_PB1	1832	61	T	2	0	61	19.0983606557377
A_PB1	1833	61	A	2	0	60	18.4833333333333
A_PB1	1834	61	A	2	0	61	19.983606557377
A_PB1	1835	61	A	2	0	61	20.4754098360656
A_PB1	1836	62	A	1	0	61	21.8524590163934
A_PB1	1837	62	T	1	0	62	21.1451612903226
A_PB1	1838	60	G	3	0	59	21
A_PB1	1839	62	G	1	0	61	19.7868852459016
A_PB1	1840	62	G	1	0	62	19.6290322580645
A_PB1	1841	62	A	1	0	62	22.241935483871
A_PB1	1842	61	G	2	0	60	20.7
A_PB1	1843	62	C	1	0	61	20.8032786885246
A_PB1	1844	62	T	1	0	62	19.9838709677419
A_PB1	1845	62	A	1	0	62	19.6935483870968
A_PB1	1846	62	A	1	0	62	19.6129032258065
A_PB1	1847	61	T	2	0	60	20.8166666666667
A_PB1	1848	61	G	2	0	60	19.2666666666667
A_PB1	1849	61	G	2	0	61	18.5081967213115
A_PB1	1850	61	A	2	0	60	18.7
A_PB1	1851	61	T	2	0	61	18.8688524590164
A_PB1	1852	61	G	2	0	61	18.5737704918033
A_PB1	1853	61	A	2	0	60	18.2833333333333
A_PB1	1854	61	T	2	0	61	19.2295081967213
A_PB1	1855	61	G	2	0	60	19.0166666666667
A_PB1	1856	61	A	2	0	60	18.4666666666667
A_PB1	1857	61	T	2	0	61	17.7377049180328
A_PB1	1858	61	T	2	0	61	17.0327868852459
A_PB1	1859	61	A	2	0	61	16.2786885245902
A_PB1	1860	62	T	1	0	62	16.741935483871
A_PB1	1861	54	C	9	0	51	15.3529411764706
A_PB1	1862	61	G	2	0	57	12.7894736842105
A_PB1	1863	62	G	1	0	61	12.8524590163934
A_PB1	1864	62	G	1	0	62	14.0483870967742
A_PB1	1865	62	G	1	0	61	20.7049180327869
A_PB1	1866	61	A	2	0	61	21.1311475409836
A_PB1	1867	61	A	2	0	61	21.1147540983607
A_PB1	1868	61	G	2	0	59	18.8305084745763
A_PB1	1869	59	A	4	0	56	18.6428571428571
A_PB1	1870	60	C	3	0	59	16.9152542372881
A_PB1	1871	53	T	10	0	51	17.921568627451
A_PB1	1872	59	T	4	0	58	17.6896551724138
A_PB1	1873	60	T	3	0	60	19.7833333333333
A_PB1	1874	60	G	3	0	60	17.1833333333333
A_PB1	1875	61	T	2	0	60	17.65
A_PB1	1876	60	A	3	0	60	17.9
A_PB1	1877	59	A	4	0	59	16.8474576271186
A_PB1	1878	59	T	4	0	58	17.5
A_PB1	1879	59	C	4	0	56	17.9464285714286
A_PB1	1880	61	C	2	0	59	17.6440677966102
A_PB1	1881	61	C	2	0	60	19.6333333333333
A_PB1	1882	60	C	3	0	60	21.8
A_PB1	1883	58	T	5	0	58	21.4827586206897
A_PB1	1884	60	G	3	0	58	18.1034482758621
A_PB1	1885	60	A	3	0	60	18.0333333333333
A_PB1	1886	62	A	1	0	62	17.6612903225806
A_PB1	1887	62	T	1	0	62	17.2741935483871
A_PB1	1888	61	C	2	0	61	18.2295081967213
A_PB1	1889	61	C	2	0	61	18.4590163934426
A_PB1	1890	61	C	2	0	61	20.1147540983607
A_PB1	1891	61	T	2	0	61	21.4590163934426
A_PB1	1892	61	T	2	0	60	22.55
A_PB1	1893	61	T	2	0	61	23.9672131147541
A_PB1	1894	61	G	2	0	61	19.7377049180328
A_PB1	1895	62	T	1	0	62	21.3064516129032
A_PB1	1896	62	G	1	0	60	19.0666666666667
A_PB1	1897	62	A	1	0	62	17.5967741935484
A_PB1	1898	62	G	1	0	62	17.3225806451613
A_PB1	1899	61	T	2	0	61	17.4754098360656
A_PB1	1900	62	C	1	0	61	18.4918032786885
A_PB1	1901	62	A	1	0	61	18.6393442622951
A_PB1	1902	62	T	1	0	61	18.0655737704918
A_PB1	1903	60	A	3	0	59	17.3050847457627
A_PB1	1904	60	A	3	0	59	17.3898305084746
A_PB1	1905	61	G	2	0	60	17.2333333333333
A_PB1	1906	61	G	2	0	61	17.672131147541
A_PB1	1907	61	A	2	0	61	18.2295081967213
A_PB1	1908	60	G	3	0	58	17.6896551724138
A_PB1	1909	61	A	2	0	60	17.2666666666667
A_PB1	1910	61	T	2	0	61	16.7868852459016
A_PB1	1911	60	T	2	0	58	17.4655172413793
A_PB1	1912	61	G	1	0	60	17.9
A_PB1	1913	61	A	1	0	60	18.1166666666667
A_PB1	1914	61	C	1	0	61	19.1967213114754
A_PB1	1915	61	T	1	0	61	18.6229508196721
A_PB1	1916	61	C	1	0	60	19.1333333333333
A_PB1	1917	61	T	1	0	61	19.672131147541
A_PB1	1918	61	G	1	0	61	19.8524590163934
A_PB1	1919	61	T	1	0	60	18.9
A_PB1	1920	61	A	1	0	61	18.4426229508197
A_PB1	1921	61	A	1	0	61	18.0983606557377
A_PB1	1922	61	A	1	0	61	18.9508196721311
A_PB1	1923	61	C	1	0	61	20.3770491803279
A_PB1	1924	61	A	1	0	60	19.7833333333333
A_PB1	1925	61	A	1	0	61	19.0655737704918
A_PB1	1926	61	T	1	0	60	19.4333333333333
A_PB1	1927	61	G	1	0	61	19.2131147540984
A_PB1	1928	61	C	1	0	61	20.0327868852459
A_PB1	1929	61	T	1	0	59	22.6949152542373
A_PB1	1930	61	G	1	0	61	23.0327868852459
A_PB1	1931	61	T	1	0	60	22.8166666666667
A_PB1	1932	61	G	1	0	61	23.0655737704918
A_PB1	1933	61	G	1	0	61	21.8360655737705
A_PB1	1934	61	T	1	0	60	18.95
A_PB1	1935	63	A	1	0	62	18.1935483870968
A_PB1	1936	63	A	1	0	63	17.6507936507937
A_PB1	1937	63	T	1	0	63	17.8095238095238
A_PB1	1938	63	G	1	0	62	19.9193548387097
A_PB1	1939	61	C	3	0	61	21.3770491803279
A_PB1	1940	63	C	1	0	63	19.6984126984127
A_PB1	1941	62	A	1	0	62	19.1935483870968
A_PB1	1942	61	G	2	0	61	19.5573770491803
A_PB1	1943	61	C	2	0	60	18.5
A_PB1	1944	62	C	1	0	62	18.0967741935484
A_PB1	1945	62	C	1	0	61	18.9508196721311
A_PB1	1946	62	A	1	0	62	20.7258064516129
A_PB1	1947	69	T	1	0	69	21.3478260869565
A_PB1	1948	69	G	1	0	69	19.3623188405797
A_PB1	1949	69	G	1	0	69	18.8695652173913
A_PB1	1950	69	C	1	0	69	20
A_PB1	1951	70	C	1	0	70	21.5142857142857
A_PB1	1952	70	C	1	0	69	22.3478260869565
A_PB1	1953	70	A	1	0	70	22.1571428571429
A_PB1	1954	68	G	2	0	67	20.3582089552239
A_PB1	1955	69	C	1	0	69	19.2753623188406
A_PB1	1956	69	C	1	0	69	19.4347826086957
A_PB1	1957	69	A	1	0	68	19.4705882352941
A_PB1	1958	69	A	1	0	69	21.3333333333333
A_PB1	1959	68	A	2	0	68	20.7205882352941
A_PB1	1960	68	A	2	0	67	21.7761194029851
A_PB1	1961	68	G	2	0	68	20.5735294117647
A_PB1	1962	69	C	1	0	69	20.0869565217391
A_PB1	1963	68	A	2	0	65	19.9230769230769
A_PB1	1964	68	T	2	0	68	18.8970588235294
A_PB1	1965	67	G	3	0	66	19.4242424242424
A_PB1	1966	67	G	3	0	67	18.6716417910448
A_PB1	1967	67	A	3	0	67	19.6865671641791
A_PB1	1968	69	A	1	0	68	20.7352941176471
A_PB1	1969	69	T	1	0	68	17.7794117647059
A_PB1	1970	69	A	1	0	68	16.5588235294118
A_PB1	1971	69	T	1	0	69	16.1014492753623
A_PB1	1972	69	G	1	0	69	15.9565217391304
A_PB1	1973	69	A	1	0	69	16.3913043478261
A_PB1	1974	69	T	1	0	69	17.0144927536232
A_PB1	1975	69	G	1	0	69	17.8985507246377
A_PB1	1976	69	C	1	0	69	18.6666666666667
A_PB1	1977	69	C	1	0	68	18.0588235294118
A_PB1	1978	69	G	1	0	66	16.7878787878788
A_PB1	1979	69	T	1	0	68	16.2941176470588
A_PB1	1980	69	C	1	0	67	16.3134328358209
A_PB1	1981	69	G	1	0	68	15.3970588235294
A_PB1	1982	68	C	2	0	68	16.2058823529412
A_PB1	1983	68	T	2	0	68	16.2058823529412
A_PB1	1984	68	A	2	0	68	16.6764705882353
A_PB1	1985	69	C	1	0	69	18.1594202898551
A_PB1	1986	69	T	1	0	69	17.2028985507246
A_PB1	1987	66	A	4	0	66	17.5454545454545
A_PB1	1988	68	C	2	0	68	17.7647058823529
A_PB1	1989	69	A	1	0	68	17.5735294117647
A_PB1	1990	68	C	1	0	67	24.8955223880597
A_PB1	1991	67	A	2	0	65	20.5384615384615
A_PB1	1992	67	T	2	0	65	18.7692307692308
A_PB1	1993	68	T	1	0	68	18.8676470588235
A_PB1	1994	68	C	1	0	68	18.0294117647059
A_PB1	1995	68	C	1	0	68	20.5
A_PB1	1996	67	T	2	0	67	22.1044776119403
A_PB1	1997	67	G	2	0	67	22.5223880597015
A_PB1	1998	68	G	1	0	64	21.59375
A_PB1	1999	68	A	1	0	68	19.9705882352941
A_PB1	2000	68	T	1	0	67	19.0746268656716
A_PB1	2001	68	T	1	0	67	18.865671641791
A_PB1	2002	66	C	3	0	64	19.203125
A_PB1	2003	69	C	0	0	69	20.2463768115942
A_PB1	2004	68	C	1	0	67	21.910447761194
A_PB1	2005	65	A	4	0	65	19.8153846153846
A_PB1	2006	69	A	0	0	68	18.75
A_PB1	2007	69	G	0	0	69	16.2753623188406
A_PB1	2008	68	A	1	0	68	16.7647058823529
A_PB1	2009	69	G	0	0	68	18.4264705882353
A_PB1	2010	69	G	0	0	68	18.0441176470588
A_PB1	2011	68	A	1	0	68	18.2941176470588
A_PB1	2012	68	A	1	0	68	20.9264705882353
A_PB1	2013	67	T	2	0	65	18.4615384615385
A_PB1	2014	67	C	2	0	62	17.1935483870968
A_PB1	2015	69	G	0	0	62	13.758064516129
A_PB1	2016	69	T	0	0	68	12.5441176470588
A_PB1	2017	69	T	0	0	68	12.9558823529412
A_PB1	2018	69	C	0	0	66	13.2727272727273
A_PB1	2019	69	T	0	0	67	17.1641791044776
A_PB1	2020	63	A	6	0	59	17.1694915254237
A_PB1	2021	67	T	2	0	60	16.75
A_PB1	2022	67	T	2	0	64	16.515625
A_PB1	2023	66	C	3	0	62	16.2741935483871
A_PB1	2024	67	T	2	0	67	17.3283582089552
A_PB1	2025	65	C	4	0	61	18.2950819672131
A_PB1	2026	68	A	1	0	66	17.6212121212121
A_PB1	2027	68	A	1	0	68	18.0735294117647
A_PB1	2028	68	C	1	0	67	18.3283582089552
A_PB1	2029	86	A	1	0	85	17.6
A_PB1	2030	86	C	1	0	86	25.906976744186
A_PB1	2031	86	A	1	0	85	18.9882352941176
A_PB1	2032	86	A	1	0	86	18.5697674418605
A_PB1	2033	86	G	1	0	86	19.0348837209302
A_PB1	2034	86	C	1	0	86	19.8139534883721
A_PB1	2035	86	C	1	0	84	21.4761904761905
A_PB1	2036	85	A	2	0	83	21.5903614457831
A_PB1	2037	86	A	1	0	86	22.6162790697674
A_PB1	2038	86	A	1	0	86	21.2674418604651
A_PB1	2039	82	G	5	0	82	21.9634146341463
A_PB1	2040	85	G	2	0	85	22.1294117647059
A_PB1	2041	85	G	2	0	83	21.1686746987952
A_PB1	2042	85	G	2	0	79	22.1392405063291
A_PB1	2043	85	A	2	0	84	20.797619047619
A_PB1	2044	85	A	2	0	83	19.7469879518072
A_PB1	2045	85	T	2	0	80	18.3875
A_PB1	2046	85	T	2	0	81	18.6172839506173
A_PB1	2047	85	C	2	0	78	17.6923076923077
A_PB1	2048	85	T	2	0	82	17
A_PB1	2049	84	T	3	0	79	18.3924050632911
A_PB1	2050	83	G	4	0	82	16.2682926829268
A_PB1	2051	84	A	3	0	81	16.7407407407407
A_PB1	2052	82	G	5	0	76	18.9736842105263
A_PB1	2053	86	G	1	0	85	17.7764705882353
A_PB1	2054	86	A	1	0	85	17.1411764705882
A_PB1	2055	86	T	1	0	85	17.9058823529412
A_PB1	2056	86	G	1	0	81	17.4197530864198
A_PB1	2057	86	A	1	0	86	17.1860465116279
A_PB1	2058	87	A	0	0	86	17.4302325581395
A_PB1	2059	87	C	0	0	86	18.2093023255814
A_PB1	2060	87	A	0	0	83	19.433734939759
A_PB1	2061	87	G	0	0	85	18.7882352941176
A_PB1	2062	87	A	0	0	85	18.9529411764706
A_PB1	2063	85	T	2	0	85	18.9411764705882
A_PB1	2064	85	G	2	0	82	19.3048780487805
A_PB1	2065	86	T	1	0	85	17.8
A_PB1	2066	86	A	1	0	82	17.0853658536585
A_PB1	2067	86	C	1	0	85	16.6352941176471
A_PB1	2068	87	C	0	0	87	17.2988505747126
A_PB1	2069	87	A	0	0	86	17.2558139534884
A_PB1	2070	87	G	0	0	87	20.9770114942529
A_PB1	2071	87	A	0	0	87	19.8850574712644
A_PB1	2072	87	A	0	0	87	19.9425287356322
A_PB1	2073	86	G	1	0	85	21.0352941176471
A_PB1	2074	87	T	0	0	87	20.0574712643678
A_PB1	2075	87	G	0	0	84	20.4166666666667
A_PB1	2076	87	T	0	0	87	18.632183908046
A_PB1	2077	85	T	2	0	84	19.7142857142857
A_PB1	2078	85	G	2	0	84	18.702380952381
A_PB1	2079	85	C	2	0	83	19.5903614457831
A_PB1	2080	86	A	1	0	85	19.6941176470588
A_PB1	2081	86	A	1	0	85	18.4941176470588
A_PB1	2082	86	T	1	0	86	17.906976744186
A_PB1	2083	86	T	1	0	84	19.5119047619048
A_PB1	2084	86	T	1	0	85	20.4
A_PB1	2085	87	A	3	0	82	19.4390243902439
A_PB1	2086	89	T	1	0	87	17.7011494252874
A_PB1	2087	87	T	3	0	86	17.0581395348837
A_PB1	2088	80	C	10	0	76	14.9736842105263
A_PB1	2089	82	G	8	0	81	13.5061728395062
A_PB1	2090	86	A	4	0	84	13.3095238095238
A_PB1	2091	88	G	2	0	85	13.6
A_PB1	2092	89	A	1	0	88	15.8522727272727
A_PB1	2093	90	A	0	0	90	18.9
A_PB1	2094	90	A	0	0	88	19.9659090909091
A_PB1	2095	89	T	1	0	87	20.5977011494253
A_PB1	2096	90	T	0	0	87	20.0919540229885
A_PB1	2097	89	T	1	0	86	20.8604651162791
A_PB1	2098	88	T	2	0	88	22.1363636363636
A_PB1	2099	88	T	2	0	87	23.4022988505747
A_PB1	2100	86	C	4	0	86	21.8604651162791
A_PB1	2101	90	C	0	0	90	21.1
A_PB1	2102	90	C	0	0	87	21.9885057471264
A_PB1	2103	90	T	0	0	90	19.4777777777778
A_PB1	2104	89	A	1	0	88	17.7727272727273
A_PB1	2105	89	G	1	0	88	17.375
A_PB1	2106	89	C	1	0	89	18.5280898876404
A_PB1	2107	90	A	0	0	90	20.0444444444444
A_PB1	2108	90	G	0	0	90	19.9444444444444
A_PB1	2109	90	T	0	0	90	19.7555555555556
A_PB1	2110	90	T	0	0	89	18.9887640449438
A_PB1	2111	89	C	1	0	85	18.3294117647059
A_PB1	2112	90	A	0	0	86	17.8255813953488
A_PB1	2113	90	T	0	0	90	17.2888888888889
A_PB1	2114	89	A	1	0	88	17.1022727272727
A_PB1	2115	89	T	1	0	88	18.2272727272727
A_PB1	2116	88	A	2	0	85	16.5411764705882
A_PB1	2117	89	G	1	0	88	15.5454545454545
A_PB1	2118	90	G	0	0	90	15.8111111111111
A_PB1	2119	90	A	0	0	89	18.2247191011236
A_PB1	2120	89	G	1	0	86	19.5348837209302
A_PB1	2121	90	A	0	0	87	18.9080459770115
A_PB1	2122	90	C	0	0	89	18.2921348314607
A_PB1	2123	90	C	0	0	86	17.4651162790698
A_PB1	2124	87	G	3	0	80	16.0625
A_PB1	2125	88	G	2	0	88	15.5454545454545
A_PB1	2126	89	T	1	0	87	15.1494252873563
A_PB1	2127	86	T	4	0	85	17.3529411764706
A_PB1	2128	82	G	8	0	78	18.5769230769231
A_PB1	2129	90	G	0	0	86	18.1162790697674
A_PB1	2130	90	A	0	0	90	17.8888888888889
A_PB1	2131	90	A	0	0	90	17.7
A_PB1	2132	90	T	0	0	86	17.7093023255814
A_PB1	2133	90	T	0	0	89	18.9662921348315
A_PB1	2134	90	T	0	0	89	19.314606741573
A_PB1	2135	89	C	1	0	87	18.3218390804598
A_PB1	2136	89	T	1	0	87	20.6206896551724
A_PB1	2137	89	A	1	0	88	19.2954545454545
A_PB1	2138	90	G	0	0	89	19.0561797752809
A_PB1	2139	90	C	0	0	90	19.5333333333333
A_PB1	2140	90	A	0	0	88	19.7272727272727
A_PB1	2141	90	T	0	0	90	19.3444444444444
A_PB1	2142	90	G	0	0	89	20.0112359550562
A_PB1	2143	90	G	0	0	90	19.2888888888889
A_PB1	2144	90	T	0	0	90	20.6666666666667
A_PB1	2145	90	G	0	0	90	22.6222222222222
A_PB1	2146	90	G	0	0	90	21.5444444444444
A_PB1	2147	90	A	0	0	90	21.3444444444444
A_PB1	2148	89	G	1	0	89	21.2134831460674
A_PB1	2149	89	G	1	0	89	20.8539325842697
A_PB1	2150	90	C	0	0	90	20.9111111111111
A_PB1	2151	90	C	0	0	90	21.7444444444444
A_PB1	2152	90	A	0	0	90	20.5333333333333
A_PB1	2153	89	T	1	0	89	20.1685393258427
A_PB1	2154	88	G	2	0	77	19.3766233766234
A_PB1	2155	89	G	1	0	87	17.3563218390805
A_PB1	2156	90	T	0	0	88	17.5909090909091
A_PB1	2157	90	G	0	0	89	17.9662921348315
A_PB1	2158	90	T	0	0	90	18.0777777777778
A_PB1	2159	87	C	3	0	85	17.3294117647059
A_PB1	2160	82	T	8	0	80	17.45
A_PB1	2161	73	A	17	0	73	15.5479452054795
A_PB1	2162	90	G	0	0	89	14.9213483146067
A_PB1	2163	90	G	0	0	88	16.7045454545455
A_PB1	2164	90	G	0	0	87	18.2988505747126
A_PB1	2165	89	C	1	0	87	19.8045977011494
A_PB1	2166	90	C	0	0	90	20.4333333333333
A_PB1	2167	89	C	1	0	89	18.9887640449438
A_PB1	2168	88	G	2	0	85	16.2705882352941
A_PB1	2169	88	G	2	0	87	16.0229885057471
A_PB1	2170	89	A	1	0	89	15.5505617977528
A_PB1	2171	90	T	0	0	89	16.0674157303371
A_PB1	2172	90	T	0	0	89	18.4494382022472
A_PB1	2173	90	G	0	0	88	17.2386363636364
A_PB1	2174	90	A	0	0	89	17.5505617977528
A_PB1	2175	90	T	0	0	90	18.1222222222222
A_PB1	2176	89	G	1	0	88	18.4318181818182
A_PB1	2177	89	C	1	0	88	19.4204545454545
A_PB1	2178	90	C	0	0	90	19.9666666666667
A_PB1	2179	90	A	0	0	90	20.5777777777778
A_PB1	2180	88	G	2	0	85	20.4235294117647
A_PB1	2181	89	A	1	0	88	18.8409090909091
A_PB1	2182	90	G	0	0	90	18.1111111111111
A_PB1	2183	90	T	0	0	90	17.1
A_PB1	2184	89	C	1	0	85	16.3058823529412
A_PB1	2185	90	G	0	0	86	15.2674418604651
A_PB1	2186	90	A	0	0	90	14.3333333333333
A_PB1	2187	90	C	0	0	90	15.2333333333333
A_PB1	2188	85	T	5	0	84	17.047619047619
A_PB1	2189	90	T	0	0	89	19.5280898876404
A_PB1	2190	88	T	2	0	86	19.1976744186047
A_PB1	2191	87	G	3	0	78	17.0641025641026
A_PB1	2192	89	A	1	0	87	16.1954022988506
A_PB1	2193	89	G	1	0	86	15.7790697674419
A_PB1	2194	89	T	1	0	87	15.735632183908
A_PB1	2195	88	C	2	0	82	16.719512195122
A_PB1	2196	89	T	1	0	88	16.5227272727273
A_PB1	2197	86	G	4	0	81	16.5308641975309
A_PB1	2198	88	G	2	0	82	17.4268292682927
A_PB1	2199	88	A	2	0	88	17.1136363636364
A_PB1	2200	88	C	2	0	87	16.2873563218391
A_PB1	2201	85	G	5	0	76	15.2105263157895
A_PB1	2202	84	G	6	0	81	14.8518518518519
A_PB1	2203	84	A	6	0	83	14.3975903614458
A_PB1	2204	86	T	4	0	83	15.4698795180723
A_PB1	2205	86	T	4	0	84	17.6547619047619
A_PB1	2206	71	A	19	0	70	15.9714285714286
A_PB1	2207	70	A	20	0	69	16.0144927536232
A_PB1	2208	70	G	20	0	70	15.8571428571429
A_PB1	2209	71	A	19	0	70	16.7857142857143
A_PB1	2210	86	A	4	0	86	17.8255813953488
A_PB1	2211	84	A	6	0	83	17.1686746987952
A_PB1	2212	82	G	7	0	80	16.275
A_PB1	2213	86	A	3	0	83	19.433734939759
A_PB1	2214	86	A	3	0	85	18.8117647058824
A_PB1	2215	84	G	5	0	83	17.8915662650602
A_PB1	2216	85	A	4	0	85	17.6117647058824
A_PB1	2217	84	A	5	0	84	17.5595238095238
A_PB1	2218	84	T	5	0	80	16.4
A_PB1	2219	85	T	4	0	84	16.5714285714286
A_PB1	2220	87	C	2	0	78	15.8076923076923
A_PB1	2221	89	T	0	0	89	15.2921348314607
A_PB1	2222	89	C	0	0	88	18.9772727272727
A_PB1	2223	89	T	0	0	89	18.4719101123596
A_PB1	2224	83	G	6	0	83	19.4939759036145
A_PB1	2225	86	A	3	0	86	19.8604651162791
A_PB1	2226	88	G	1	0	88	18.7727272727273
A_PB1	2227	89	A	0	0	89	18.0786516853933
A_PB1	2228	89	T	0	0	88	18.0795454545455
A_PB1	2229	89	C	0	0	87	18.0919540229885
A_PB1	2230	88	A	1	0	85	18.3411764705882
A_PB1	2231	88	T	1	0	88	18.1363636363636
A_PB1	2232	87	G	2	0	83	19.6746987951807
A_PB1	2233	87	A	2	0	86	17.9767441860465
A_PB1	2234	87	A	2	0	87	18.6896551724138
A_PB1	2235	87	G	2	0	85	18.8
A_PB1	2236	88	A	1	0	88	18.6477272727273
A_PB1	2237	86	T	3	0	84	18.1428571428571
A_PB1	2238	87	C	2	0	82	18.5365853658537
A_PB1	2239	85	T	4	0	85	17.8941176470588
A_PB1	2240	83	G	6	0	78	18.9102564102564
A_PB1	2241	87	T	2	0	86	16.7093023255814
A_PB1	2242	89	T	0	0	89	16.3932584269663
A_PB1	2243	88	C	1	0	87	16.1034482758621
A_PB1	2244	88	C	1	0	87	18.4137931034483
A_PB1	2245	89	A	0	0	88	19.4090909090909
A_PB1	2246	89	C	0	0	89	21.4606741573034
A_PB1	2247	89	C	0	0	89	21.8651685393258
A_PB1	2248	88	A	0	0	88	20.3295454545455
A_PB1	2249	87	T	1	0	86	19.1976744186047
A_PB1	2250	88	T	0	0	87	18.9310344827586
A_PB1	2251	88	G	0	0	86	18.6627906976744
A_PB1	2252	88	A	0	0	87	18.5632183908046
A_PB1	2253	88	A	0	0	88	19.6363636363636
A_PB1	2254	88	G	0	0	88	19.4431818181818
A_PB1	2255	85	A	3	0	83	19.4096385542169
A_PB1	2256	87	A	1	0	86	18.593023255814
A_PB1	2257	87	C	1	0	86	18.2674418604651
A_PB1	2258	87	T	1	0	87	19.2183908045977
A_PB1	2259	87	C	1	0	84	19.3333333333333
A_PB1	2260	88	A	0	0	86	18.7093023255814
A_PB1	2261	88	G	0	0	88	17.8863636363636
A_PB1	2262	88	A	0	0	87	18.448275862069
A_PB1	2263	88	C	0	0	87	17.8045977011494
A_PB1	2264	88	G	0	0	87	14.8620689655172
A_PB1	2265	88	G	0	0	88	15.1590909090909
A_PB1	2266	88	C	0	0	88	15.0795454545455
A_PB1	2267	88	A	0	0	88	18.0340909090909
A_PB1	2268	88	A	0	0	87	20.1149425287356
A_PB1	2269	88	A	0	0	88	21.2159090909091
A_PB1	2270	88	G	0	0	88	20.9659090909091
A_PB1	2271	88	A	0	0	88	19.2954545454545
A_PB1	2272	88	T	0	0	88	17.1477272727273
A_PB1	2273	87	A	0	0	87	16.183908045977
A_PB1	2274	87	A	0	0	87	16.4022988505747
