Reference_Name	Position	Coverage Depth	Consensus	Deletions	Ambiguous	Consensus_Count	Consensus_Average_Quality
A_HA_H1	1	2	N	0	0	2	31.5
A_HA_H1	2	2	N	0	0	2	30
A_HA_H1	3	2	N	0	0	2	23
A_HA_H1	4	2	N	0	0	2	22
A_HA_H1	5	2	N	0	0	2	19.5
A_HA_H1	6	2	N	0	0	2	16
A_HA_H1	7	2	N	0	0	2	16.5
A_HA_H1	8	2	N	0	0	2	24
A_HA_H1	9	2	N	0	0	2	25
A_HA_H1	10	2	N	0	0	2	26
A_HA_H1	11	2	N	0	0	2	28.5
A_HA_H1	12	2	N	0	0	2	22
A_HA_H1	13	2	N	0	0	2	21
A_HA_H1	14	2	N	0	0	2	21
A_HA_H1	15	2	N	0	0	2	21
A_HA_H1	16	2	N	0	0	2	21
A_HA_H1	17	2	N	0	0	2	20.5
A_HA_H1	18	2	N	0	0	2	21
A_HA_H1	19	2	N	0	0	2	22.5
A_HA_H1	20	2	N	0	0	2	27.5
A_HA_H1	21	2	N	0	0	2	27
A_HA_H1	22	2	N	0	0	2	25
A_HA_H1	23	2	N	0	0	2	26.5
A_HA_H1	24	2	N	0	0	2	25
A_HA_H1	25	2	N	0	0	1	26
A_HA_H1	26	2	N	0	0	2	26.5
A_HA_H1	27	2	N	0	0	2	25.5
A_HA_H1	28	2	N	0	0	2	26
A_HA_H1	29	2	N	0	0	2	25.5
A_HA_H1	30	2	N	0	0	2	25.5
A_HA_H1	31	2	N	0	0	2	22.5
A_HA_H1	32	2	N	0	0	2	21.5
A_HA_H1	33	2	N	0	0	2	20.5
A_HA_H1	34	2	N	0	0	2	20.5
A_HA_H1	35	2	N	0	0	2	20.5
A_HA_H1	36	2	N	0	0	2	29.5
A_HA_H1	37	2	N	0	0	2	29.5
A_HA_H1	38	2	N	0	0	2	27.5
A_HA_H1	39	2	N	0	0	2	25
A_HA_H1	40	2	N	0	0	2	24.5
A_HA_H1	41	2	N	0	0	2	24
A_HA_H1	42	2	N	0	0	2	22.5
A_HA_H1	43	2	N	0	0	2	23
A_HA_H1	44	2	N	0	0	2	22
A_HA_H1	45	2	N	0	0	2	20.5
A_HA_H1	46	2	N	0	0	2	21
A_HA_H1	47	2	N	0	0	2	22.5
A_HA_H1	48	2	N	0	0	2	27.5
A_HA_H1	49	2	N	0	0	2	29
A_HA_H1	50	2	N	0	0	2	26
A_HA_H1	51	2	N	0	0	2	26
A_HA_H1	52	2	N	0	0	2	25
A_HA_H1	53	2	N	0	0	2	20
A_HA_H1	54	2	N	0	0	2	19.5
A_HA_H1	55	2	N	0	0	2	20
A_HA_H1	56	2	N	0	0	2	28.5
A_HA_H1	57	2	N	0	0	2	29
A_HA_H1	58	2	N	0	0	2	28
A_HA_H1	59	2	N	0	0	2	29
A_HA_H1	60	2	N	0	0	2	29
A_HA_H1	61	2	N	0	0	2	25
A_HA_H1	62	2	N	0	0	2	23
A_HA_H1	63	2	N	0	0	2	24.5
A_HA_H1	64	2	N	0	0	2	24.5
A_HA_H1	65	2	N	0	0	2	25
A_HA_H1	66	2	N	0	0	2	27
A_HA_H1	67	2	N	0	0	2	25.5
A_HA_H1	68	2	N	0	0	2	25.5
A_HA_H1	69	2	N	0	0	2	25
A_HA_H1	70	2	N	0	0	2	24.5
A_HA_H1	71	2	N	0	0	2	24.5
A_HA_H1	72	2	N	0	0	2	25
A_HA_H1	73	2	N	0	0	2	27
A_HA_H1	74	2	N	0	0	2	28.5
A_HA_H1	75	2	N	0	0	2	28.5
A_HA_H1	76	2	N	0	0	2	26.5
A_HA_H1	77	2	N	0	0	2	21.5
A_HA_H1	78	2	N	0	0	1	27
A_HA_H1	79	2	N	0	0	1	6
A_HA_H1	80	2	N	0	0	2	18
A_HA_H1	81	2	N	0	0	2	15.5
A_HA_H1	82	2	N	0	0	2	16.5
A_HA_H1	83	2	N	0	0	2	24
A_HA_H1	84	2	N	0	0	2	25.5
A_HA_H1	85	2	N	0	0	2	27
A_HA_H1	86	2	N	0	0	2	26
A_HA_H1	87	2	N	0	0	2	27
A_HA_H1	88	2	N	0	0	2	17.5
A_HA_H1	89	2	N	0	0	2	16.5
A_HA_H1	90	2	N	0	0	2	19
A_HA_H1	91	2	N	0	0	2	23
A_HA_H1	92	2	N	0	0	2	26
A_HA_H1	93	2	N	0	0	2	26
A_HA_H1	94	2	N	0	0	2	26
A_HA_H1	95	2	N	0	0	2	29
A_HA_H1	96	2	N	0	0	1	16
A_HA_H1	97	2	N	0	0	2	17
A_HA_H1	98	2	N	0	0	2	16
A_HA_H1	99	2	N	0	0	2	16
A_HA_H1	100	2	N	0	0	2	18.5
A_HA_H1	101	2	N	0	0	2	19
A_HA_H1	102	2	N	0	0	2	28.5
A_HA_H1	103	2	N	0	0	2	27
A_HA_H1	104	2	N	0	0	2	17.5
A_HA_H1	105	2	N	0	0	2	11.5
A_HA_H1	106	2	N	0	0	2	11
A_HA_H1	107	2	N	0	0	2	11.5
A_HA_H1	108	2	N	0	0	2	18
A_HA_H1	109	2	N	0	0	2	21
A_HA_H1	110	2	N	0	0	2	23.5
A_HA_H1	111	2	N	0	0	2	22.5
A_HA_H1	112	2	N	0	0	2	18.5
A_HA_H1	113	2	N	0	0	2	17.5
A_HA_H1	114	2	N	0	0	2	19
A_HA_H1	115	2	N	0	0	2	16.5
A_HA_H1	116	2	N	0	0	2	13
A_HA_H1	117	2	N	0	0	2	14.5
A_HA_H1	118	2	N	0	0	2	16
A_HA_H1	119	2	N	0	0	2	17.5
A_HA_H1	120	2	N	0	0	2	18
A_HA_H1	121	2	N	0	0	2	21
A_HA_H1	122	2	N	0	0	2	17
A_HA_H1	123	2	N	0	0	2	20.5
A_HA_H1	124	2	N	0	0	2	22
A_HA_H1	125	2	N	0	0	2	22.5
A_HA_H1	126	2	N	0	0	2	27
A_HA_H1	127	2	N	0	0	2	21
A_HA_H1	128	2	N	0	0	2	21
A_HA_H1	129	2	N	0	0	2	24.5
A_HA_H1	130	2	N	0	0	2	24.5
A_HA_H1	131	2	N	0	0	2	24.5
A_HA_H1	132	2	N	0	0	2	22
A_HA_H1	133	2	N	0	0	2	18
A_HA_H1	134	2	N	0	0	2	19
A_HA_H1	135	2	N	0	0	2	17.5
A_HA_H1	136	2	N	0	0	2	19
A_HA_H1	137	2	N	0	0	2	20.5
A_HA_H1	138	2	N	0	0	2	20
A_HA_H1	139	2	N	0	0	2	19.5
A_HA_H1	140	2	N	0	0	2	20
A_HA_H1	141	2	N	0	0	2	21.5
A_HA_H1	142	2	N	0	0	2	12.5
A_HA_H1	143	2	N	0	0	2	13
A_HA_H1	144	2	N	0	0	2	17.5
A_HA_H1	145	2	N	0	0	2	19.5
A_HA_H1	146	2	N	0	0	2	20
A_HA_H1	147	2	N	0	0	2	24
A_HA_H1	148	2	N	0	0	2	24
A_HA_H1	149	2	N	0	0	2	19.5
A_HA_H1	150	2	N	0	0	2	15
A_HA_H1	151	2	N	0	0	2	14
A_HA_H1	152	2	N	0	0	2	14
A_HA_H1	153	2	N	0	0	2	13.5
A_HA_H1	154	2	N	0	0	2	15
A_HA_H1	155	2	N	0	0	2	17
A_HA_H1	156	2	N	0	0	2	23.5
A_HA_H1	157	2	N	0	0	2	23.5
A_HA_H1	158	2	N	0	0	2	26
A_HA_H1	159	2	N	0	0	2	17
A_HA_H1	160	2	N	0	0	2	19
A_HA_H1	161	2	N	0	0	2	19
A_HA_H1	162	2	N	0	0	2	26.5
A_HA_H1	163	2	N	0	0	2	28
A_HA_H1	164	2	N	0	0	2	26
A_HA_H1	165	2	N	0	0	2	26
A_HA_H1	166	2	N	0	0	2	23
A_HA_H1	167	2	N	0	0	2	22.5
A_HA_H1	168	1	N	1	0	1	20
A_HA_H1	169	2	N	0	0	2	23.5
A_HA_H1	170	2	N	0	0	2	24.5
A_HA_H1	171	2	N	0	0	2	15.5
A_HA_H1	172	2	N	0	0	2	11.5
A_HA_H1	173	2	N	0	0	2	13
A_HA_H1	174	2	N	0	0	2	13.5
A_HA_H1	175	2	N	0	0	2	15.5
A_HA_H1	176	2	N	0	0	2	14
A_HA_H1	177	2	N	0	0	2	22
A_HA_H1	178	2	N	0	0	2	22
A_HA_H1	179	2	N	0	0	2	21
A_HA_H1	180	2	N	0	0	2	23.5
A_HA_H1	181	2	N	0	0	2	26
A_HA_H1	182	2	N	0	0	2	26.5
A_HA_H1	183	2	N	0	0	2	26
A_HA_H1	184	2	N	0	0	2	24
A_HA_H1	185	2	N	0	0	2	23.5
A_HA_H1	186	2	N	0	0	2	26
A_HA_H1	187	2	N	0	0	2	25.5
A_HA_H1	188	2	N	0	0	2	25.5
A_HA_H1	189	2	N	0	0	2	23.5
A_HA_H1	190	2	N	0	0	2	21.5
A_HA_H1	191	2	N	0	0	2	19
A_HA_H1	192	2	N	0	0	2	18.5
A_HA_H1	193	2	N	0	0	2	18
A_HA_H1	194	1	N	1	0	1	18
A_HA_H1	195	2	N	0	0	2	12
A_HA_H1	196	2	N	0	0	2	12.5
A_HA_H1	197	2	N	0	0	2	12
A_HA_H1	198	2	N	0	0	2	12.5
A_HA_H1	199	2	N	0	0	2	12
A_HA_H1	200	2	N	0	0	2	15.5
A_HA_H1	201	2	N	0	0	2	16.5
A_HA_H1	202	2	N	0	0	2	25.5
A_HA_H1	203	2	N	0	0	2	28
A_HA_H1	204	2	N	0	0	2	26.5
A_HA_H1	205	2	N	0	0	2	25.5
A_HA_H1	206	2	N	0	0	2	25.5
A_HA_H1	207	2	N	0	0	2	24
A_HA_H1	208	2	N	0	0	2	22.5
A_HA_H1	209	2	N	0	0	2	24
A_HA_H1	210	2	N	0	0	2	25
A_HA_H1	211	2	N	0	0	2	23.5
A_HA_H1	212	2	N	0	0	2	24.5
A_HA_H1	213	2	N	0	0	2	24.5
A_HA_H1	214	2	N	0	0	2	28.5
A_HA_H1	215	2	N	0	0	2	27
A_HA_H1	216	2	N	0	0	2	20.5
A_HA_H1	217	2	N	0	0	1	18
A_HA_H1	218	2	N	0	0	2	12.5
A_HA_H1	219	2	N	0	0	2	12.5
A_HA_H1	220	2	N	0	0	2	16
A_HA_H1	221	2	N	0	0	2	24.5
A_HA_H1	222	2	N	0	0	2	28
A_HA_H1	223	2	N	0	0	2	28
A_HA_H1	224	2	N	0	0	2	27.5
A_HA_H1	225	2	N	0	0	2	28.5
A_HA_H1	226	2	N	0	0	2	29
A_HA_H1	227	2	N	0	0	2	28.5
A_HA_H1	228	2	N	0	0	2	27.5
A_HA_H1	229	2	N	0	0	2	28.5
A_HA_H1	230	2	N	0	0	2	29
A_HA_H1	231	2	N	0	0	2	28.5
A_HA_H1	232	2	N	0	0	2	25.5
A_HA_H1	233	2	N	0	0	2	22.5
A_HA_H1	234	1	N	1	0	1	19
A_HA_H1	235	2	N	0	0	2	24
A_HA_H1	236	2	N	0	0	2	14
A_HA_H1	237	2	N	0	0	2	13.5
A_HA_H1	238	2	N	0	0	2	19.5
A_HA_H1	239	2	N	0	0	2	18
A_HA_H1	240	2	N	0	0	2	18.5
A_HA_H1	241	2	N	0	0	2	18.5
A_HA_H1	242	2	N	0	0	2	15
A_HA_H1	243	2	N	0	0	2	16.5
A_HA_H1	244	2	N	0	0	2	17
A_HA_H1	245	2	N	0	0	2	14
A_HA_H1	246	2	N	0	0	2	14
A_HA_H1	247	2	N	0	0	1	17
A_HA_H1	248	2	N	0	0	1	18
A_HA_H1	249	2	N	0	0	2	18
A_HA_H1	250	2	N	0	0	2	21.5
A_HA_H1	251	2	N	0	0	2	21
A_HA_H1	252	2	N	0	0	2	26
A_HA_H1	253	2	N	0	0	2	27
A_HA_H1	254	2	N	0	0	2	25.5
A_HA_H1	255	2	N	0	0	2	27
A_HA_H1	256	2	N	0	0	2	26.5
A_HA_H1	257	2	N	0	0	2	29
A_HA_H1	258	2	N	0	0	2	19
A_HA_H1	259	1	N	1	0	1	7
A_HA_H1	260	1	N	1	0	1	7
A_HA_H1	261	2	N	0	0	2	20.5
A_HA_H1	262	2	N	0	0	2	27.5
A_HA_H1	263	2	N	0	0	1	31
A_HA_H1	264	2	N	0	0	2	23.5
A_HA_H1	265	2	N	0	0	2	22.5
A_HA_H1	266	2	N	0	0	2	22.5
A_HA_H1	267	2	N	0	0	2	27.5
A_HA_H1	268	2	N	0	0	2	25.5
A_HA_H1	269	2	N	0	0	2	24.5
A_HA_H1	270	2	N	0	0	2	25
A_HA_H1	271	2	N	0	0	2	26
A_HA_H1	272	2	N	0	0	2	26
A_HA_H1	273	2	N	0	0	2	28
A_HA_H1	274	2	N	0	0	2	28
A_HA_H1	275	2	N	0	0	2	28
A_HA_H1	276	2	N	0	0	2	26.5
A_HA_H1	277	2	N	0	0	2	26
A_HA_H1	278	2	N	0	0	2	26.5
A_HA_H1	279	2	N	0	0	2	25
A_HA_H1	280	2	N	0	0	2	27.5
A_HA_H1	281	2	N	0	0	2	28.5
A_HA_H1	282	2	N	0	0	2	27.5
A_HA_H1	283	2	N	0	0	2	29.5
A_HA_H1	284	2	N	0	0	2	28
A_HA_H1	285	2	N	0	0	2	30
A_HA_H1	286	2	N	0	0	2	30
A_HA_H1	287	2	N	0	0	2	26
A_HA_H1	288	2	N	0	0	2	26.5
A_HA_H1	289	2	N	0	0	2	29
A_HA_H1	290	2	N	0	0	2	29
A_HA_H1	291	2	N	0	0	2	28
A_HA_H1	292	2	N	0	0	2	21
A_HA_H1	293	2	N	0	0	2	23.5
A_HA_H1	294	2	N	0	0	2	22
A_HA_H1	295	2	N	0	0	2	18.5
A_HA_H1	296	2	N	0	0	2	18.5
A_HA_H1	297	2	N	0	0	2	18
A_HA_H1	298	2	N	0	0	2	15.5
A_HA_H1	299	2	N	0	0	2	16.5
A_HA_H1	300	2	N	0	0	2	10.5
A_HA_H1	301	2	N	0	0	2	20.5
A_HA_H1	302	2	N	0	0	2	27
A_HA_H1	303	2	N	0	0	2	28.5
A_HA_H1	304	2	N	0	0	2	28
A_HA_H1	305	2	N	0	0	2	28.5
A_HA_H1	306	2	N	0	0	2	29.5
A_HA_H1	307	2	N	0	0	2	28
A_HA_H1	308	2	N	0	0	2	26.5
A_HA_H1	309	2	N	0	0	2	26
A_HA_H1	310	2	N	0	0	2	26
A_HA_H1	311	2	N	0	0	2	26
A_HA_H1	312	2	N	0	0	2	22
A_HA_H1	313	2	N	0	0	2	22
A_HA_H1	314	2	N	0	0	1	18
A_HA_H1	315	2	N	0	0	2	21.5
A_HA_H1	316	2	N	0	0	2	23.5
A_HA_H1	317	2	N	0	0	2	26.5
A_HA_H1	318	2	N	0	0	1	24
A_HA_H1	319	2	N	0	0	2	26
A_HA_H1	320	2	N	0	0	2	25.5
A_HA_H1	321	2	N	0	0	2	28
A_HA_H1	322	2	N	0	0	2	29.5
A_HA_H1	323	2	N	0	0	2	31.5
A_HA_H1	324	2	N	0	0	2	56.5
A_HA_H1	325	2	N	0	0	2	24
A_HA_H1	326	2	N	0	0	2	23.5
A_HA_H1	327	2	N	0	0	2	24.5
A_HA_H1	328	2	N	0	0	2	27
A_HA_H1	329	2	N	0	0	2	27
A_HA_H1	330	2	N	0	0	2	30.5
A_HA_H1	331	2	N	0	0	2	27
A_HA_H1	332	2	N	0	0	2	30
A_HA_H1	333	2	N	0	0	2	27
A_HA_H1	334	2	N	0	0	2	28.5
A_HA_H1	335	2	N	0	0	2	31
A_HA_H1	336	2	N	0	0	2	32
A_HA_H1	337	2	N	0	0	2	28
A_HA_H1	338	2	N	0	0	2	26.5
A_HA_H1	339	2	N	0	0	2	33.5
A_HA_H1	340	2	N	0	0	2	33
A_HA_H1	341	2	N	0	0	2	32.5
A_HA_H1	342	2	N	0	0	2	32
A_HA_H1	343	2	N	0	0	2	31
A_HA_H1	344	2	N	0	0	2	31.5
A_HA_H1	345	2	N	0	0	2	31
A_HA_H1	346	2	N	0	0	2	22.5
A_HA_H1	347	2	N	0	0	2	20.5
A_HA_H1	348	2	N	0	0	2	18
A_HA_H1	349	2	N	0	0	2	17.5
A_HA_H1	350	2	N	0	0	2	23
A_HA_H1	351	2	N	0	0	2	24
A_HA_H1	352	2	N	0	0	2	18
A_HA_H1	353	2	N	0	0	2	16
A_HA_H1	354	2	N	0	0	2	14
A_HA_H1	355	2	N	0	0	2	8.5
A_HA_H1	356	2	N	0	0	2	8
A_HA_H1	357	2	N	0	0	2	12.5
A_HA_H1	358	2	N	0	0	2	11.5
A_HA_H1	359	2	N	0	0	2	12.5
A_HA_H1	360	2	N	0	0	2	11.5
A_HA_H1	361	2	N	0	0	2	9.5
A_HA_H1	362	2	N	0	0	2	11
A_HA_H1	363	2	N	0	0	2	11.5
A_HA_H1	364	2	N	0	0	2	15
A_HA_H1	365	2	N	0	0	2	16
A_HA_H1	366	2	N	0	0	2	18.5
A_HA_H1	367	2	N	0	0	2	19
A_HA_H1	368	2	N	0	0	2	22
A_HA_H1	369	2	N	0	0	2	21.5
A_HA_H1	370	2	N	0	0	2	23
A_HA_H1	371	2	N	0	0	2	27.5
A_HA_H1	372	2	N	0	0	2	20.5
A_HA_H1	373	2	N	0	0	2	18.5
A_HA_H1	374	2	N	0	0	2	31.5
A_HA_H1	375	2	N	0	0	2	29
A_HA_H1	376	2	N	0	0	2	29.5
A_HA_H1	377	2	N	0	0	2	28.5
A_HA_H1	378	2	N	0	0	2	28.5
A_HA_H1	379	2	N	0	0	2	30
A_HA_H1	380	2	N	0	0	2	30.5
A_HA_H1	381	2	N	0	0	2	30.5
A_HA_H1	382	2	N	0	0	2	30
A_HA_H1	383	2	N	0	0	2	30
A_HA_H1	384	2	N	0	0	2	30.5
A_HA_H1	385	2	N	0	0	2	28.5
A_HA_H1	386	2	N	0	0	2	30
A_HA_H1	387	2	N	0	0	2	26.5
A_HA_H1	388	2	N	0	0	2	26.5
A_HA_H1	389	2	N	0	0	2	27
A_HA_H1	390	2	N	0	0	2	24
A_HA_H1	391	2	N	0	0	2	23.5
A_HA_H1	392	2	N	0	0	2	24
A_HA_H1	393	2	N	0	0	2	27.5
A_HA_H1	394	2	N	0	0	2	27
A_HA_H1	395	2	N	0	0	2	26
A_HA_H1	396	2	N	0	0	2	25
A_HA_H1	397	2	N	0	0	2	23
A_HA_H1	398	2	N	0	0	2	22.5
A_HA_H1	399	2	N	0	0	2	23.5
A_HA_H1	400	2	N	0	0	2	24.5
A_HA_H1	401	2	N	0	0	2	27.5
A_HA_H1	402	2	N	0	0	2	26.5
A_HA_H1	403	2	N	0	0	2	24.5
A_HA_H1	404	2	N	0	0	2	26
A_HA_H1	405	2	N	0	0	2	27.5
A_HA_H1	406	2	N	0	0	2	25
A_HA_H1	407	2	N	0	0	2	20
A_HA_H1	408	2	N	0	0	2	19.5
A_HA_H1	409	2	N	0	0	2	20
A_HA_H1	410	2	N	0	0	2	18
A_HA_H1	411	2	N	0	0	2	14.5
A_HA_H1	412	2	N	0	0	2	13
A_HA_H1	413	2	N	0	0	2	13
A_HA_H1	414	2	N	0	0	2	13.5
A_HA_H1	415	2	N	0	0	2	19.5
A_HA_H1	416	2	N	0	0	2	22
A_HA_H1	417	2	N	0	0	2	18
A_HA_H1	418	2	N	0	0	2	17.5
A_HA_H1	419	2	N	0	0	2	17
A_HA_H1	420	2	N	0	0	2	15.5
A_HA_H1	421	2	N	0	0	2	17.5
A_HA_H1	422	2	N	0	0	2	18.5
A_HA_H1	423	2	N	0	0	2	24.5
A_HA_H1	424	2	N	0	0	2	25.5
A_HA_H1	425	2	N	0	0	2	31.5
A_HA_H1	426	2	N	0	0	2	33
A_HA_H1	427	2	N	0	0	2	32.5
A_HA_H1	428	2	N	0	0	2	32
A_HA_H1	429	2	N	0	0	2	30.5
A_HA_H1	430	2	N	0	0	2	30.5
A_HA_H1	431	2	N	0	0	2	24
A_HA_H1	432	2	N	0	0	2	24
A_HA_H1	433	2	N	0	0	2	21.5
A_HA_H1	434	2	N	0	0	2	21
A_HA_H1	435	2	N	0	0	2	25
A_HA_H1	436	2	N	0	0	2	23.5
A_HA_H1	437	2	N	0	0	2	26
A_HA_H1	438	2	N	0	0	2	24
A_HA_H1	439	2	N	0	0	2	26.5
A_HA_H1	440	2	N	0	0	2	24
A_HA_H1	441	2	N	0	0	2	23
A_HA_H1	442	2	N	0	0	2	29
A_HA_H1	443	2	N	0	0	2	28
A_HA_H1	444	2	N	0	0	2	23
A_HA_H1	445	2	N	0	0	2	28
A_HA_H1	446	2	N	0	0	2	26.5
A_HA_H1	447	2	N	0	0	2	26.5
A_HA_H1	448	2	N	0	0	2	31
A_HA_H1	449	2	N	0	0	2	23.5
A_HA_H1	450	2	N	0	0	2	19.5
A_HA_H1	451	2	N	0	0	2	19
A_HA_H1	452	2	N	0	0	2	19.5
A_HA_H1	453	2	N	0	0	2	18
A_HA_H1	454	2	N	0	0	2	24.5
A_HA_H1	455	2	N	0	0	2	28.5
A_HA_H1	456	2	N	0	0	2	28.5
A_HA_H1	457	2	N	0	0	2	29.5
A_HA_H1	458	2	N	0	0	2	30
A_HA_H1	459	2	N	0	0	2	28.5
A_HA_H1	460	2	N	0	0	1	7
A_HA_H1	461	2	N	0	0	2	14
A_HA_H1	462	2	N	0	0	2	10.5
A_HA_H1	463	2	N	0	0	2	10.5
A_HA_H1	464	2	N	0	0	2	15.5
A_HA_H1	465	2	N	0	0	2	14
A_HA_H1	466	2	N	0	0	2	11
A_HA_H1	467	2	N	0	0	2	18.5
A_HA_H1	468	2	N	0	0	2	19
A_HA_H1	469	2	N	0	0	2	19
A_HA_H1	470	2	N	0	0	2	15.5
A_HA_H1	471	2	N	0	0	2	16
A_HA_H1	472	2	N	0	0	2	13
A_HA_H1	473	2	N	0	0	2	14.5
A_HA_H1	474	2	N	0	0	2	16
A_HA_H1	475	2	N	0	0	2	18.5
A_HA_H1	476	2	N	0	0	1	8
A_HA_H1	477	2	N	0	0	1	11
A_HA_H1	478	2	N	0	0	2	8.5
A_HA_H1	479	2	N	0	0	2	17.5
A_HA_H1	480	2	N	0	0	2	17
A_HA_H1	481	2	N	0	0	2	14
A_HA_H1	482	2	N	0	0	2	20.5
A_HA_H1	483	2	N	0	0	2	23.5
A_HA_H1	484	2	N	0	0	2	28
A_HA_H1	485	2	N	0	0	2	28.5
A_HA_H1	486	2	N	0	0	2	28
A_HA_H1	487	2	N	0	0	2	22.5
A_HA_H1	488	2	N	0	0	2	25
A_HA_H1	489	2	N	0	0	2	29.5
A_HA_H1	490	2	N	0	0	2	31.5
A_HA_H1	491	2	N	0	0	2	30
A_HA_H1	492	2	N	0	0	2	28.5
A_HA_H1	493	2	N	0	0	2	28
A_HA_H1	494	2	N	0	0	2	26.5
A_HA_H1	495	2	N	0	0	2	25.5
A_HA_H1	496	2	N	0	0	2	26.5
A_HA_H1	497	2	N	0	0	2	26.5
A_HA_H1	498	2	N	0	0	2	28.5
A_HA_H1	499	2	N	0	0	2	28.5
A_HA_H1	500	2	N	0	0	2	26.5
A_HA_H1	501	2	N	0	0	2	24.5
A_HA_H1	502	2	N	0	0	2	24
A_HA_H1	503	2	N	0	0	2	20
A_HA_H1	504	2	N	0	0	2	19
A_HA_H1	505	2	N	0	0	2	20.5
A_HA_H1	506	2	N	0	0	2	27.5
A_HA_H1	507	2	N	0	0	2	27.5
A_HA_H1	508	1	N	1	0	1	27
A_HA_H1	509	1	N	1	0	1	32
A_HA_H1	510	2	N	0	0	2	30.5
A_HA_H1	511	2	N	0	0	2	30
A_HA_H1	512	2	N	0	0	2	28.5
A_HA_H1	513	2	N	0	0	2	21
A_HA_H1	514	2	N	0	0	2	27
A_HA_H1	515	2	N	0	0	2	25.5
A_HA_H1	516	2	N	0	0	2	29
A_HA_H1	517	2	N	0	0	2	31
A_HA_H1	518	2	N	0	0	2	24.5
A_HA_H1	519	2	N	0	0	2	28
A_HA_H1	520	2	N	0	0	2	26
A_HA_H1	521	2	N	0	0	2	26
A_HA_H1	522	2	N	0	0	1	22
A_HA_H1	523	2	N	0	0	2	18.5
A_HA_H1	524	2	N	0	0	2	14
A_HA_H1	525	2	N	0	0	2	15
A_HA_H1	526	2	N	0	0	2	22
A_HA_H1	527	2	N	0	0	2	21.5
A_HA_H1	528	2	N	0	0	2	22
A_HA_H1	529	2	N	0	0	2	17.5
A_HA_H1	530	2	N	0	0	2	22
A_HA_H1	531	2	N	0	0	2	20.5
A_HA_H1	532	2	N	0	0	2	22
A_HA_H1	533	2	N	0	0	2	23.5
A_HA_H1	534	2	N	0	0	1	13
A_HA_H1	535	2	N	0	0	2	29
A_HA_H1	536	2	N	0	0	2	30
A_HA_H1	537	2	N	0	0	2	29
A_HA_H1	538	2	N	0	0	2	29
A_HA_H1	539	2	N	0	0	2	30.5
A_HA_H1	540	2	N	0	0	2	29.5
A_HA_H1	541	2	N	0	0	2	28.5
A_HA_H1	542	2	N	0	0	2	26
A_HA_H1	543	2	N	0	0	2	26.5
A_HA_H1	544	2	N	0	0	2	27
A_HA_H1	545	2	N	0	0	2	25.5
A_HA_H1	546	2	N	0	0	2	26.5
A_HA_H1	547	2	N	0	0	2	24
A_HA_H1	548	2	N	0	0	2	24
A_HA_H1	549	2	N	0	0	2	24.5
A_HA_H1	550	2	N	0	0	2	26.5
A_HA_H1	551	2	N	0	0	2	26.5
A_HA_H1	552	2	N	0	0	2	24.5
A_HA_H1	553	2	N	0	0	2	29.5
A_HA_H1	554	2	N	0	0	2	30
A_HA_H1	555	2	N	0	0	2	21.5
A_HA_H1	556	2	N	0	0	2	20.5
A_HA_H1	557	2	N	0	0	2	22.5
A_HA_H1	558	2	N	0	0	2	17.5
A_HA_H1	559	1	N	1	0	1	24
A_HA_H1	560	2	N	0	0	2	22.5
A_HA_H1	561	2	N	0	0	2	21.5
A_HA_H1	562	2	N	0	0	2	26
A_HA_H1	563	2	N	0	0	2	28
A_HA_H1	564	2	N	0	0	2	25.5
A_HA_H1	565	1	N	1	0	1	30
A_HA_H1	566	2	N	0	0	2	23.5
A_HA_H1	567	2	N	0	0	2	19.5
A_HA_H1	568	2	N	0	0	2	21.5
A_HA_H1	569	2	N	0	0	2	23.5
A_HA_H1	570	2	N	0	0	2	27
A_HA_H1	571	2	N	0	0	2	23.5
A_HA_H1	572	2	N	0	0	2	22.5
A_HA_H1	573	2	N	0	0	2	22
A_HA_H1	574	2	N	0	0	2	17.5
A_HA_H1	575	2	N	0	0	2	17
A_HA_H1	576	2	N	0	0	2	18
A_HA_H1	577	2	N	0	0	2	17.5
A_HA_H1	578	2	N	0	0	2	26.5
A_HA_H1	579	2	N	0	0	2	29
A_HA_H1	580	2	N	0	0	2	30.5
A_HA_H1	581	2	N	0	0	2	27.5
A_HA_H1	582	2	N	0	0	2	29
A_HA_H1	583	2	N	0	0	2	24.5
A_HA_H1	584	2	N	0	0	2	23
A_HA_H1	585	2	N	0	0	2	21.5
A_HA_H1	586	2	N	0	0	2	21.5
A_HA_H1	587	2	N	0	0	2	25
A_HA_H1	588	2	N	0	0	2	24.5
A_HA_H1	589	2	N	0	0	2	21.5
A_HA_H1	590	2	N	0	0	2	21.5
A_HA_H1	591	2	N	0	0	2	22.5
A_HA_H1	592	2	N	0	0	2	27
A_HA_H1	593	2	N	0	0	2	26.5
A_HA_H1	594	2	N	0	0	2	25.5
A_HA_H1	595	2	N	0	0	2	25
A_HA_H1	596	2	N	0	0	2	30
A_HA_H1	597	2	N	0	0	2	29.5
A_HA_H1	598	2	N	0	0	2	27.5
A_HA_H1	599	2	N	0	0	2	21.5
A_HA_H1	600	2	N	0	0	2	20
A_HA_H1	601	2	N	0	0	2	18
A_HA_H1	602	2	N	0	0	2	18
A_HA_H1	603	2	N	0	0	2	22.5
A_HA_H1	604	2	N	0	0	2	18.5
A_HA_H1	605	2	N	0	0	2	16
A_HA_H1	606	2	N	0	0	2	15
A_HA_H1	607	2	N	0	0	2	12.5
A_HA_H1	608	2	N	0	0	2	15
A_HA_H1	609	2	N	0	0	2	17.5
A_HA_H1	610	2	N	0	0	2	18
A_HA_H1	611	2	N	0	0	2	19
A_HA_H1	612	2	N	0	0	2	21.5
A_HA_H1	613	2	N	0	0	2	21
A_HA_H1	614	2	N	0	0	2	22
A_HA_H1	615	2	N	0	0	2	18.5
A_HA_H1	616	2	N	0	0	2	17.5
A_HA_H1	617	2	N	0	0	2	28.5
A_HA_H1	618	2	N	0	0	2	29
A_HA_H1	619	2	N	0	0	2	30.5
A_HA_H1	620	2	N	0	0	2	30.5
A_HA_H1	621	2	N	0	0	2	27.5
A_HA_H1	622	2	N	0	0	1	27
A_HA_H1	623	2	N	0	0	1	24
A_HA_H1	624	2	N	0	0	2	31.5
A_HA_H1	625	2	N	0	0	1	23
A_HA_H1	626	2	N	0	0	2	27.5
A_HA_H1	627	2	N	0	0	2	29.5
A_HA_H1	628	2	N	0	0	2	31
A_HA_H1	629	2	N	0	0	2	31
A_HA_H1	630	2	N	0	0	2	22
A_HA_H1	631	2	N	0	0	2	18.5
A_HA_H1	632	2	N	0	0	2	22
A_HA_H1	633	2	N	0	0	2	21.5
A_HA_H1	634	2	N	0	0	2	23
A_HA_H1	635	2	N	0	0	2	24.5
A_HA_H1	636	2	N	0	0	2	27
A_HA_H1	637	2	N	0	0	2	26.5
A_HA_H1	638	2	N	0	0	2	27.5
A_HA_H1	639	2	N	0	0	2	58.5
A_HA_H1	640	2	N	0	0	2	29.5
A_HA_H1	641	2	N	0	0	2	29.5
A_HA_H1	642	2	N	0	0	2	28.5
A_HA_H1	643	2	N	0	0	2	24.5
A_HA_H1	644	2	N	0	0	2	24.5
A_HA_H1	645	2	N	0	0	2	25
A_HA_H1	646	2	N	0	0	2	25
A_HA_H1	647	2	N	0	0	2	27
A_HA_H1	648	2	N	0	0	2	28
A_HA_H1	649	2	N	0	0	2	30
A_HA_H1	650	2	N	0	0	2	38
A_HA_H1	651	2	N	0	0	2	30.5
A_HA_H1	652	2	N	0	0	2	28
A_HA_H1	653	2	N	0	0	2	26
A_HA_H1	654	2	N	0	0	2	27.5
A_HA_H1	655	2	N	0	0	2	27
A_HA_H1	656	2	N	0	0	2	26.5
A_HA_H1	657	2	N	0	0	2	27
A_HA_H1	658	2	N	0	0	2	26
A_HA_H1	659	2	N	0	0	2	26
A_HA_H1	660	2	N	0	0	2	26.5
A_HA_H1	661	2	N	0	0	2	29.5
A_HA_H1	662	2	N	0	0	2	29.5
A_HA_H1	663	2	N	0	0	2	28.5
A_HA_H1	664	2	N	0	0	2	27
A_HA_H1	665	2	N	0	0	2	28.5
A_HA_H1	666	2	N	0	0	2	25.5
A_HA_H1	667	2	N	0	0	2	20
A_HA_H1	668	2	N	0	0	2	22
A_HA_H1	669	2	N	0	0	2	22
A_HA_H1	670	2	N	0	0	2	21.5
A_HA_H1	671	2	N	0	0	2	25.5
A_HA_H1	672	2	N	0	0	2	24
A_HA_H1	673	2	N	0	0	2	24
A_HA_H1	674	2	N	0	0	2	24
A_HA_H1	675	2	N	0	0	2	17
A_HA_H1	676	2	N	0	0	2	16
A_HA_H1	677	2	N	0	0	2	15
A_HA_H1	678	2	N	0	0	2	17
A_HA_H1	679	2	N	0	0	2	22
A_HA_H1	680	2	N	0	0	2	25.5
A_HA_H1	681	2	N	0	0	2	28
A_HA_H1	682	2	N	0	0	2	32
A_HA_H1	683	2	N	0	0	2	31.5
A_HA_H1	684	2	N	0	0	2	27.5
A_HA_H1	685	2	N	0	0	2	20
A_HA_H1	686	2	N	0	0	2	18.5
A_HA_H1	687	2	N	0	0	2	15
A_HA_H1	688	2	N	0	0	2	15
A_HA_H1	689	2	N	0	0	2	15
A_HA_H1	690	2	N	0	0	2	16
A_HA_H1	691	2	N	0	0	2	25.5
A_HA_H1	692	2	N	0	0	2	25
A_HA_H1	693	2	N	0	0	2	24.5
A_HA_H1	694	2	N	0	0	1	24
A_HA_H1	695	2	N	0	0	1	26
A_HA_H1	696	2	N	0	0	2	25
A_HA_H1	697	2	N	0	0	2	26
A_HA_H1	698	2	N	0	0	2	27
A_HA_H1	699	2	N	0	0	2	30
A_HA_H1	700	2	N	0	0	2	29
A_HA_H1	701	2	N	0	0	2	26
A_HA_H1	702	2	N	0	0	2	26
A_HA_H1	703	2	N	0	0	2	25.5
A_HA_H1	704	2	N	0	0	2	23
A_HA_H1	705	2	N	0	0	2	26
A_HA_H1	706	2	N	0	0	2	26.5
A_HA_H1	707	2	N	0	0	2	26.5
A_HA_H1	708	2	N	0	0	2	24.5
A_HA_H1	709	2	N	0	0	2	24.5
A_HA_H1	710	2	N	0	0	2	30
A_HA_H1	711	2	N	0	0	2	28.5
A_HA_H1	712	2	N	0	0	2	28
A_HA_H1	713	2	N	0	0	2	31
A_HA_H1	714	2	N	0	0	2	29.5
A_HA_H1	715	2	N	0	0	2	24.5
A_HA_H1	716	2	N	0	0	2	25
A_HA_H1	717	2	N	0	0	2	26
A_HA_H1	718	2	N	0	0	2	24.5
A_HA_H1	719	2	N	0	0	2	26.5
A_HA_H1	720	2	N	0	0	2	25
A_HA_H1	721	2	N	0	0	2	19.5
A_HA_H1	722	2	N	0	0	2	27
A_HA_H1	723	2	N	0	0	2	19
A_HA_H1	724	1	N	1	0	1	24
A_HA_H1	725	2	N	0	0	2	19.5
A_HA_H1	726	2	N	0	0	2	21
A_HA_H1	727	2	N	0	0	2	19.5
A_HA_H1	728	2	N	0	0	2	19
A_HA_H1	729	2	N	0	0	2	18.5
A_HA_H1	730	2	N	0	0	2	18
A_HA_H1	731	2	N	0	0	2	17
A_HA_H1	732	2	N	0	0	2	17
A_HA_H1	733	2	N	0	0	2	19.5
A_HA_H1	734	2	N	0	0	2	20
A_HA_H1	735	2	N	0	0	2	19
A_HA_H1	736	2	N	0	0	2	19.5
A_HA_H1	737	2	N	0	0	2	14
A_HA_H1	738	2	N	0	0	2	14
A_HA_H1	739	2	N	0	0	2	13.5
A_HA_H1	740	2	N	0	0	2	14
A_HA_H1	741	2	N	0	0	2	16
A_HA_H1	742	2	N	0	0	2	22.5
A_HA_H1	743	2	N	0	0	2	23.5
A_HA_H1	744	2	N	0	0	2	27
A_HA_H1	745	2	N	0	0	2	27
A_HA_H1	746	2	N	0	0	2	21
A_HA_H1	747	2	N	0	0	2	26.5
A_HA_H1	748	2	N	0	0	2	28
A_HA_H1	749	1	N	1	0	1	26
A_HA_H1	750	1	N	1	0	1	26
A_HA_H1	751	1	N	1	0	1	24
A_HA_H1	752	2	N	0	0	1	30
A_HA_H1	753	2	N	0	0	2	26
A_HA_H1	754	2	N	0	0	2	20
A_HA_H1	755	2	N	0	0	2	18.5
A_HA_H1	756	2	N	0	0	2	19
A_HA_H1	757	2	N	0	0	2	18.5
A_HA_H1	758	2	N	0	0	2	19
A_HA_H1	759	2	N	0	0	2	23.5
A_HA_H1	760	2	N	0	0	2	24
A_HA_H1	761	2	N	0	0	2	24
A_HA_H1	762	2	N	0	0	2	25
A_HA_H1	763	2	N	0	0	2	28
A_HA_H1	764	2	N	0	0	2	23.5
A_HA_H1	765	2	N	0	0	2	18
A_HA_H1	766	2	N	0	0	2	17.5
A_HA_H1	767	2	N	0	0	2	18
A_HA_H1	768	2	N	0	0	2	20.5
A_HA_H1	769	2	N	0	0	2	31.5
A_HA_H1	770	2	N	0	0	2	28
A_HA_H1	771	2	N	0	0	1	29
A_HA_H1	772	2	N	0	0	1	9
A_HA_H1	773	2	N	0	0	2	12.5
A_HA_H1	774	2	N	0	0	2	12.5
A_HA_H1	775	2	N	0	0	2	14.5
A_HA_H1	776	2	N	0	0	2	19.5
A_HA_H1	777	2	N	0	0	2	18
A_HA_H1	778	1	N	0	0	1	34
A_HA_H1	779	1	N	0	0	1	31
A_HA_H1	780	1	N	0	0	1	28
A_HA_H1	781	1	N	0	0	1	28
A_HA_H1	782	1	N	0	0	1	27
A_HA_H1	783	1	N	0	0	1	27
A_HA_H1	784	1	N	0	0	1	27
A_HA_H1	785	1	N	0	0	1	26
A_HA_H1	786	1	N	0	0	1	23
A_HA_H1	787	1	N	0	0	1	22
A_HA_H1	788	1	N	0	0	1	16
A_HA_H1	789	1	N	0	0	1	14
A_HA_H1	790	1	N	0	0	1	14
A_HA_H1	791	1	N	0	0	1	12
A_HA_H1	792	1	N	0	0	1	11
A_HA_H1	793	1	N	0	0	1	10
A_HA_H1	794	1	N	0	0	1	7
A_HA_H1	795	1	N	0	0	1	8
A_HA_H1	796	1	N	0	0	1	10
A_HA_H1	797	1	N	0	0	1	11
A_HA_H1	798	1	N	0	0	1	14
A_HA_H1	799	1	N	0	0	1	15
A_HA_H1	800	1	N	0	0	1	15
A_HA_H1	801	1	N	0	0	1	24
A_HA_H1	802	1	N	0	0	1	23
A_HA_H1	803	1	N	0	0	1	23
A_HA_H1	804	1	N	0	0	1	22
A_HA_H1	805	1	N	0	0	1	23
A_HA_H1	806	1	N	0	0	1	25
A_HA_H1	807	1	N	0	0	1	25
A_HA_H1	808	1	N	0	0	1	26
A_HA_H1	809	1	N	0	0	1	15
A_HA_H1	810	1	N	0	0	1	8
A_HA_H1	811	1	N	0	0	1	19
A_HA_H1	812	1	N	0	0	1	19
A_HA_H1	813	1	N	0	0	1	25
A_HA_H1	814	1	N	0	0	1	26
A_HA_H1	815	1	N	0	0	1	25
A_HA_H1	816	1	N	0	0	1	22
A_HA_H1	817	1	N	0	0	1	23
A_HA_H1	818	1	N	0	0	1	23
A_HA_H1	819	1	N	0	0	1	25
A_HA_H1	820	1	N	0	0	1	27
A_HA_H1	821	1	N	0	0	1	28
A_HA_H1	822	1	N	0	0	1	27
A_HA_H1	823	1	N	0	0	1	28
A_HA_H1	824	1	N	0	0	1	27
A_HA_H1	825	1	N	0	0	1	25
A_HA_H1	826	1	N	0	0	1	20
A_HA_H1	827	1	N	0	0	1	15
A_HA_H1	828	1	N	0	0	1	14
A_HA_H1	829	1	N	0	0	1	8
A_HA_H1	830	1	N	0	0	1	6
A_HA_H1	831	1	N	0	0	1	8
A_HA_H1	832	1	N	0	0	1	27
A_HA_H1	833	1	N	0	0	1	27
A_HA_H1	834	1	N	0	0	1	27
A_HA_H1	835	1	N	0	0	1	24
A_HA_H1	836	1	N	0	0	1	23
A_HA_H1	837	1	N	0	0	1	22
A_HA_H1	838	1	N	0	0	1	26
A_HA_H1	839	1	N	0	0	1	16
A_HA_H1	840	1	N	0	0	1	90
A_HA_H1	841	1	N	0	0	1	18
A_HA_H1	842	1	N	0	0	1	19
A_HA_H1	843	1	N	0	0	1	26
A_HA_H1	844	1	N	0	0	1	28
A_HA_H1	845	1	N	0	0	1	25
A_HA_H1	846	1	N	0	0	1	25
A_HA_H1	847	1	N	0	0	1	23
A_HA_H1	848	1	N	0	0	1	13
A_HA_H1	849	1	N	0	0	1	13
A_HA_H1	850	1	N	0	0	1	9
A_HA_H1	851	1	N	0	0	1	6
A_HA_H1	852	1	N	0	0	1	6
A_HA_H1	853	1	N	0	0	1	7
A_HA_H1	854	1	N	0	0	1	24
A_HA_H1	855	1	N	0	0	1	26
A_HA_H1	856	1	N	0	0	1	26
A_HA_H1	857	1	N	0	0	1	26
A_HA_H1	858	1	N	0	0	1	25
A_HA_H1	859	1	N	0	0	1	24
A_HA_H1	860	1	N	0	0	1	26
A_HA_H1	861	1	N	0	0	1	17
A_HA_H1	862	1	N	0	0	1	17
A_HA_H1	863	1	N	0	0	1	29
A_HA_H1	864	1	N	0	0	1	27
A_HA_H1	865	1	N	0	0	1	27
A_HA_H1	866	1	N	0	0	1	26
A_HA_H1	867	1	N	0	0	1	26
A_HA_H1	868	1	N	0	0	1	26
A_HA_H1	869	1	N	0	0	1	28
A_HA_H1	870	1	N	0	0	1	33
A_HA_H1	871	1	N	0	0	1	32
A_HA_H1	872	1	N	0	0	1	31
A_HA_H1	873	1	N	0	0	1	34
A_HA_H1	874	1	N	0	0	1	36
A_HA_H1	875	1	N	0	0	1	29
A_HA_H1	876	1	N	0	0	1	32
A_HA_H1	877	1	N	0	0	1	35
A_HA_H1	878	1	N	0	0	1	30
A_HA_H1	879	1	N	0	0	1	29
A_HA_H1	880	1	N	0	0	1	6
A_HA_H1	881	1	N	0	0	1	7
A_HA_H1	882	1	N	0	0	1	26
A_HA_H1	883	1	N	0	0	1	22
A_HA_H1	884	1	N	0	0	1	27
A_HA_H1	885	1	N	0	0	1	25
A_HA_H1	886	1	N	0	0	1	26
A_HA_H1	887	1	N	0	0	1	28
A_HA_H1	888	1	N	0	0	1	29
A_HA_H1	889	1	N	0	0	1	30
A_HA_H1	890	1	N	0	0	1	29
A_HA_H1	891	1	N	0	0	1	29
A_HA_H1	892	1	N	0	0	1	29
A_HA_H1	893	1	N	0	0	1	30
A_HA_H1	894	1	N	0	0	1	29
A_HA_H1	895	1	N	0	0	1	21
A_HA_H1	896	1	N	0	0	1	12
A_HA_H1	897	1	N	0	0	1	14
A_HA_H1	898	1	N	0	0	1	26
A_HA_H1	899	1	N	0	0	1	22
A_HA_H1	900	1	N	0	0	1	33
A_HA_H1	901	1	N	0	0	1	28
A_HA_H1	902	1	N	0	0	1	25
A_HA_H1	903	1	N	0	0	1	19
A_HA_H1	904	1	N	0	0	1	18
A_HA_H1	905	1	N	0	0	1	15
A_HA_H1	906	1	N	0	0	1	16
A_HA_H1	907	1	N	0	0	1	15
A_HA_H1	908	1	N	0	0	1	18
A_HA_H1	909	1	N	0	0	1	19
A_HA_H1	910	1	N	0	0	1	24
A_HA_H1	911	1	N	0	0	1	24
A_HA_H1	912	1	N	0	0	1	24
A_HA_H1	913	1	N	0	0	1	22
A_HA_H1	914	1	N	0	0	1	22
A_HA_H1	915	1	N	0	0	1	22
A_HA_H1	916	1	N	0	0	1	10
A_HA_H1	917	1	N	0	0	1	10
A_HA_H1	918	1	N	0	0	1	8
A_HA_H1	919	1	N	0	0	1	5
A_HA_H1	920	1	N	0	0	1	7
A_HA_H1	921	1	N	0	0	1	26
A_HA_H1	922	1	N	0	0	1	25
A_HA_H1	923	1	N	0	0	1	24
A_HA_H1	924	1	N	0	0	1	19
A_HA_H1	925	1	N	0	0	1	10
A_HA_H1	926	1	N	0	0	1	8
A_HA_H1	927	1	N	0	0	1	11
A_HA_H1	928	1	N	0	0	1	11
A_HA_H1	929	1	N	0	0	1	10
A_HA_H1	930	1	N	0	0	1	9
A_HA_H1	931	1	N	0	0	1	10
A_HA_H1	932	1	N	0	0	1	10
A_HA_H1	933	1	N	0	0	1	12
A_HA_H1	934	1	N	0	0	1	12
A_HA_H1	935	1	N	0	0	1	19
A_HA_H1	936	1	N	0	0	1	20
A_HA_H1	937	1	N	0	0	1	27
A_HA_H1	938	1	N	0	0	1	28
A_HA_H1	939	1	N	0	0	1	23
A_HA_H1	940	1	N	0	0	1	9
A_HA_H1	941	1	N	0	0	1	9
A_HA_H1	942	1	N	0	0	1	19
A_HA_H1	943	1	N	0	0	1	16
A_HA_H1	944	1	N	0	0	1	17
A_HA_H1	945	1	N	0	0	1	26
A_HA_H1	946	1	N	0	0	1	27
A_HA_H1	947	1	N	0	0	1	32
A_HA_H1	948	1	N	0	0	1	32
A_HA_H1	949	1	N	0	0	1	35
A_HA_H1	950	1	N	0	0	1	32
A_HA_H1	951	1	N	0	0	1	33
A_HA_H1	952	1	N	0	0	1	28
A_HA_H1	953	1	N	0	0	1	19
A_HA_H1	954	1	N	0	0	1	20
A_HA_H1	955	1	N	0	0	1	23
A_HA_H1	956	1	N	0	0	1	24
A_HA_H1	957	1	N	0	0	1	27
A_HA_H1	958	1	N	0	0	1	21
A_HA_H1	959	1	N	0	0	1	23
A_HA_H1	960	1	N	0	0	1	28
A_HA_H1	961	1	N	0	0	1	26
A_HA_H1	962	1	N	0	0	1	26
A_HA_H1	963	1	N	0	0	1	27
A_HA_H1	964	1	N	0	0	1	27
A_HA_H1	965	1	N	0	0	1	34
A_HA_H1	966	1	N	0	0	1	27
A_HA_H1	967	1	N	0	0	1	25
A_HA_H1	968	1	N	0	0	1	30
A_HA_H1	969	1	N	0	0	1	24
A_HA_H1	970	1	N	0	0	1	17
A_HA_H1	971	1	N	0	0	1	17
A_HA_H1	972	1	N	0	0	1	22
A_HA_H1	973	1	N	0	0	1	27
A_HA_H1	974	1	N	0	0	1	33
A_HA_H1	975	1	N	0	0	1	42
A_HA_H1	976	1	N	0	0	1	35
A_HA_H1	977	1	N	0	0	1	33
A_HA_H1	978	1	N	0	0	1	34
A_HA_H1	979	1	N	0	0	1	33
A_HA_H1	980	1	N	0	0	1	33
A_HA_H1	981	1	N	0	0	1	30
A_HA_H1	982	1	N	0	0	1	29
A_HA_H1	983	1	N	0	0	1	26
A_HA_H1	984	1	N	0	0	1	23
A_HA_H1	985	1	N	0	0	1	21
A_HA_H1	986	1	N	0	0	1	19
A_HA_H1	987	1	N	0	0	1	28
A_HA_H1	988	1	N	0	0	1	23
A_HA_H1	989	1	N	0	0	1	26
A_HA_H1	990	1	N	0	0	1	25
A_HA_H1	991	1	N	0	0	1	25
A_HA_H1	992	1	N	0	0	1	26
A_HA_H1	993	1	N	0	0	1	25
A_HA_H1	994	1	N	0	0	1	28
A_HA_H1	995	1	N	0	0	1	27
A_HA_H1	996	1	N	0	0	1	26
A_HA_H1	997	1	N	0	0	1	26
A_HA_H1	998	1	N	0	0	1	26
A_HA_H1	999	1	N	0	0	1	11
A_HA_H1	1000	1	N	0	0	1	8
A_HA_H1	1001	1	N	0	0	1	9
A_HA_H1	1002	1	N	0	0	1	17
A_HA_H1	1003	1	N	0	0	1	17
A_HA_H1	1004	1	N	0	0	1	17
A_HA_H1	1005	1	N	0	0	1	24
A_HA_H1	1006	1	N	0	0	1	26
A_HA_H1	1007	1	N	0	0	1	31
A_HA_H1	1008	1	N	0	0	1	33
A_HA_H1	1009	1	N	0	0	1	31
A_HA_H1	1010	1	N	0	0	1	27
A_HA_H1	1011	1	N	0	0	1	29
A_HA_H1	1012	1	N	0	0	1	30
A_HA_H1	1013	1	N	0	0	1	25
A_HA_H1	1014	1	N	0	0	1	23
A_HA_H1	1015	1	N	0	0	1	23
A_HA_H1	1016	1	N	0	0	1	23
A_HA_H1	1017	1	N	0	0	1	27
A_HA_H1	1018	1	N	0	0	1	28
A_HA_H1	1019	1	N	0	0	1	29
A_HA_H1	1020	1	N	0	0	1	32
A_HA_H1	1021	1	N	0	0	1	31
A_HA_H1	1022	1	N	0	0	1	28
A_HA_H1	1023	1	N	0	0	1	28
A_HA_H1	1024	1	N	0	0	1	28
A_HA_H1	1025	1	N	0	0	1	37
A_HA_H1	1026	1	N	0	0	1	32
A_HA_H1	1027	1	N	0	0	1	29
A_HA_H1	1028	1	N	0	0	1	27
A_HA_H1	1029	1	N	0	0	1	26
A_HA_H1	1030	1	N	0	0	1	26
A_HA_H1	1031	1	N	0	0	1	25
A_HA_H1	1032	1	N	0	0	1	24
A_HA_H1	1033	1	N	0	0	1	25
A_HA_H1	1034	1	N	0	0	1	25
A_HA_H1	1035	1	N	0	0	1	25
A_HA_H1	1036	1	N	0	0	1	26
A_HA_H1	1037	1	N	0	0	1	25
A_HA_H1	1038	1	N	0	0	1	25
A_HA_H1	1039	1	N	0	0	1	22
A_HA_H1	1040	1	N	0	0	1	21
A_HA_H1	1041	1	N	0	0	1	26
A_HA_H1	1042	1	N	0	0	1	26
A_HA_H1	1043	1	N	0	0	1	28
A_HA_H1	1044	1	N	0	0	1	26
A_HA_H1	1045	1	N	0	0	1	28
A_HA_H1	1046	1	N	0	0	1	28
A_HA_H1	1047	1	N	0	0	1	27
A_HA_H1	1048	1	N	0	0	1	27
A_HA_H1	1049	1	N	0	0	1	27
A_HA_H1	1050	1	N	0	0	1	27
A_HA_H1	1051	1	N	0	0	1	27
A_HA_H1	1052	1	N	0	0	1	28
A_HA_H1	1053	1	N	0	0	1	26
A_HA_H1	1054	1	N	0	0	1	27
A_HA_H1	1055	1	N	0	0	1	28
A_HA_H1	1056	1	N	0	0	1	28
A_HA_H1	1057	1	N	0	0	1	29
A_HA_H1	1058	1	N	0	0	1	30
A_HA_H1	1059	1	N	0	0	1	29
A_HA_H1	1060	1	N	0	0	1	28
A_HA_H1	1061	1	N	0	0	1	26
A_HA_H1	1062	1	N	0	0	1	27
A_HA_H1	1063	1	N	0	0	1	28
A_HA_H1	1064	1	N	0	0	1	29
A_HA_H1	1065	1	N	0	0	1	31
A_HA_H1	1066	1	N	0	0	1	30
A_HA_H1	1067	1	N	0	0	1	31
A_HA_H1	1068	1	N	0	0	1	27
A_HA_H1	1069	1	N	0	0	1	26
A_HA_H1	1070	1	N	0	0	1	26
A_HA_H1	1071	1	N	0	0	1	26
A_HA_H1	1072	1	N	0	0	1	27
A_HA_H1	1073	1	N	0	0	1	26
A_HA_H1	1074	1	N	0	0	1	28
A_HA_H1	1075	1	N	0	0	1	31
A_HA_H1	1076	1	N	0	0	1	27
A_HA_H1	1077	1	N	0	0	1	29
A_HA_H1	1078	1	N	0	0	1	30
A_HA_H1	1079	1	N	0	0	1	21
A_HA_H1	1080	1	N	0	0	1	29
A_HA_H1	1081	1	N	0	0	1	29
A_HA_H1	1082	1	N	0	0	1	28
A_HA_H1	1083	1	N	0	0	1	29
A_HA_H1	1084	1	N	0	0	1	28
A_HA_H1	1085	1	N	0	0	1	19
A_HA_H1	1086	1	N	0	0	1	20
A_HA_H1	1087	1	N	0	0	1	21
A_HA_H1	1088	1	N	0	0	1	27
A_HA_H1	1089	1	N	0	0	1	26
A_HA_H1	1090	1	N	0	0	1	25
A_HA_H1	1091	1	N	0	0	1	25
A_HA_H1	1092	1	N	0	0	1	26
A_HA_H1	1093	1	N	0	0	1	26
A_HA_H1	1094	1	N	0	0	1	25
A_HA_H1	1095	1	N	0	0	1	26
A_HA_H1	1096	1	N	0	0	1	26
A_HA_H1	1097	1	N	0	0	1	27
A_HA_H1	1098	1	N	0	0	1	29
A_HA_H1	1099	1	N	0	0	1	29
A_HA_H1	1100	1	N	0	0	1	28
A_HA_H1	1101	1	N	0	0	1	28
A_HA_H1	1102	1	N	0	0	1	26
A_HA_H1	1103	1	N	0	0	1	26
A_HA_H1	1104	1	N	0	0	1	27
A_HA_H1	1105	1	N	0	0	1	27
A_HA_H1	1106	1	N	0	0	1	26
A_HA_H1	1107	1	N	0	0	1	26
A_HA_H1	1108	1	N	0	0	1	27
A_HA_H1	1109	1	N	0	0	1	25
A_HA_H1	1110	1	N	0	0	1	25
A_HA_H1	1111	1	N	0	0	1	25
A_HA_H1	1112	1	N	0	0	1	26
A_HA_H1	1113	1	N	0	0	1	29
A_HA_H1	1114	1	N	0	0	1	31
A_HA_H1	1115	1	N	0	0	1	30
A_HA_H1	1116	1	N	0	0	1	29
A_HA_H1	1117	1	N	0	0	1	28
A_HA_H1	1118	1	N	0	0	1	26
A_HA_H1	1119	1	N	0	0	1	25
A_HA_H1	1120	1	N	0	0	1	23
A_HA_H1	1121	1	N	0	0	1	18
A_HA_H1	1122	1	N	0	0	1	14
A_HA_H1	1123	1	N	0	0	1	24
A_HA_H1	1124	1	N	0	0	1	27
A_HA_H1	1125	1	N	0	0	1	30
A_HA_H1	1126	1	N	0	0	1	28
A_HA_H1	1127	1	N	0	0	1	18
A_HA_H1	1128	1	N	0	0	1	16
A_HA_H1	1129	1	N	0	0	1	10
A_HA_H1	1130	1	N	0	0	1	10
A_HA_H1	1131	1	N	0	0	1	9
A_HA_H1	1132	1	N	0	0	1	10
A_HA_H1	1133	1	N	0	0	1	31
A_HA_H1	1134	1	N	0	0	1	28
A_HA_H1	1135	1	N	0	0	1	28
A_HA_H1	1136	1	N	0	0	1	27
A_HA_H1	1137	1	N	0	0	1	28
A_HA_H1	1138	1	N	0	0	1	28
A_HA_H1	1139	1	N	0	0	1	27
A_HA_H1	1140	1	N	0	0	1	16
A_HA_H1	1141	1	N	0	0	1	15
A_HA_H1	1142	1	N	0	0	1	11
A_HA_H1	1143	1	N	0	0	1	11
A_HA_H1	1144	1	N	0	0	1	14
A_HA_H1	1145	1	N	0	0	1	14
A_HA_H1	1146	1	N	0	0	1	18
A_HA_H1	1147	1	N	0	0	1	20
A_HA_H1	1148	1	N	0	0	1	21
A_HA_H1	1149	1	N	0	0	1	29
A_HA_H1	1150	1	N	0	0	1	28
A_HA_H1	1151	1	N	0	0	1	26
A_HA_H1	1152	1	N	0	0	1	26
A_HA_H1	1153	1	N	0	0	1	25
A_HA_H1	1154	1	N	0	0	1	25
A_HA_H1	1155	1	N	0	0	1	26
A_HA_H1	1156	1	N	0	0	1	28
A_HA_H1	1157	1	N	0	0	1	29
A_HA_H1	1158	1	N	0	0	1	28
A_HA_H1	1159	1	N	0	0	1	27
A_HA_H1	1160	1	N	0	0	1	29
A_HA_H1	1161	1	N	0	0	1	28
A_HA_H1	1162	1	N	0	0	1	27
A_HA_H1	1163	1	N	0	0	1	20
A_HA_H1	1164	1	N	0	0	1	20
A_HA_H1	1165	1	N	0	0	1	20
A_HA_H1	1166	1	N	0	0	1	21
A_HA_H1	1167	1	N	0	0	1	27
A_HA_H1	1168	1	N	0	0	1	25
A_HA_H1	1169	1	N	0	0	1	25
A_HA_H1	1170	1	N	0	0	1	25
A_HA_H1	1171	1	N	0	0	1	9
A_HA_H1	1172	1	N	0	0	1	9
A_HA_H1	1173	1	N	0	0	1	29
A_HA_H1	1174	1	N	0	0	1	26
A_HA_H1	1175	1	N	0	0	1	25
A_HA_H1	1176	1	N	0	0	1	24
A_HA_H1	1177	1	N	0	0	1	24
A_HA_H1	1178	1	N	0	0	1	25
A_HA_H1	1179	1	N	0	0	1	25
A_HA_H1	1180	1	N	0	0	1	23
A_HA_H1	1181	1	N	0	0	1	5
A_HA_H1	1182	1	N	0	0	1	5
A_HA_H1	1183	1	N	0	0	1	5
A_HA_H1	1184	1	N	0	0	1	5
A_HA_H1	1185	1	N	0	0	1	10
A_HA_H1	1186	1	N	0	0	1	18
A_HA_H1	1187	1	N	0	0	1	19
A_HA_H1	1188	1	N	0	0	1	20
A_HA_H1	1189	1	N	0	0	1	22
A_HA_H1	1190	1	N	0	0	1	18
A_HA_H1	1191	1	N	0	0	1	16
A_HA_H1	1192	1	N	0	0	1	16
A_HA_H1	1193	1	N	0	0	1	16
A_HA_H1	1194	1	N	0	0	1	20
A_HA_H1	1195	1	N	0	0	1	28
A_HA_H1	1196	1	N	0	0	1	30
A_HA_H1	1197	1	N	0	0	1	30
A_HA_H1	1198	1	N	0	0	1	28
A_HA_H1	1199	1	N	0	0	1	26
A_HA_H1	1200	1	N	0	0	1	27
A_HA_H1	1201	1	N	0	0	1	27
A_HA_H1	1202	1	N	0	0	1	28
A_HA_H1	1203	1	N	0	0	1	28
A_HA_H1	1204	1	N	0	0	1	27
A_HA_H1	1205	1	N	0	0	1	27
A_HA_H1	1206	1	N	0	0	1	28
A_HA_H1	1207	1	N	0	0	1	13
A_HA_H1	1208	1	N	0	0	1	10
A_HA_H1	1209	1	N	0	0	1	7
A_HA_H1	1210	1	N	0	0	1	5
A_HA_H1	1211	1	N	0	0	1	6
A_HA_H1	1212	1	N	0	0	1	6
A_HA_H1	1213	1	N	0	0	1	13
A_HA_H1	1214	1	N	0	0	1	19
A_HA_H1	1215	1	N	0	0	1	19
A_HA_H1	1216	1	N	0	0	1	25
A_HA_H1	1217	1	N	0	0	1	29
A_HA_H1	1218	1	N	0	0	1	34
A_HA_H1	1219	1	N	0	0	1	30
A_HA_H1	1220	1	N	0	0	1	29
A_HA_H1	1221	1	N	0	0	1	28
A_HA_H1	1222	1	N	0	0	1	26
A_HA_H1	1223	1	N	0	0	1	23
A_HA_H1	1224	1	N	0	0	1	22
A_HA_H1	1225	1	N	0	0	1	22
A_HA_H1	1226	1	N	0	0	1	22
A_HA_H1	1227	1	N	0	0	1	27
A_HA_H1	1228	1	N	0	0	1	24
A_HA_H1	1229	1	N	0	0	1	21
A_HA_H1	1230	1	N	0	0	1	21
A_HA_H1	1231	1	N	0	0	1	21
A_HA_H1	1232	1	N	0	0	1	27
A_HA_H1	1233	1	N	0	0	1	16
A_HA_H1	1234	1	N	0	0	1	15
A_HA_H1	1235	1	N	0	0	1	15
A_HA_H1	1236	1	N	0	0	1	18
A_HA_H1	1237	1	N	0	0	1	16
A_HA_H1	1238	1	N	0	0	1	8
A_HA_H1	1239	1	N	0	0	1	7
A_HA_H1	1240	1	N	0	0	1	10
A_HA_H1	1241	1	N	0	0	1	20
A_HA_H1	1242	1	N	0	0	1	18
A_HA_H1	1243	1	N	0	0	1	26
A_HA_H1	1244	1	N	0	0	1	29
A_HA_H1	1245	1	N	0	0	1	30
A_HA_H1	1246	1	N	0	0	1	34
A_HA_H1	1247	1	N	0	0	1	29
A_HA_H1	1248	1	N	0	0	1	28
A_HA_H1	1249	1	N	0	0	1	33
A_HA_H1	1250	1	N	0	0	1	33
A_HA_H1	1251	1	N	0	0	1	33
A_HA_H1	1252	1	N	0	0	1	40
A_HA_H1	1253	1	N	0	0	1	32
A_HA_H1	1254	1	N	0	0	1	27
A_HA_H1	1255	1	N	0	0	1	28
A_HA_H1	1256	1	N	0	0	1	27
A_HA_H1	1257	1	N	0	0	1	20
A_HA_H1	1258	1	N	0	0	1	19
A_HA_H1	1259	1	N	0	0	1	27
A_HA_H1	1260	1	N	0	0	1	23
A_HA_H1	1261	1	N	0	0	1	14
A_HA_H1	1262	1	N	0	0	1	24
A_HA_H1	1263	1	N	0	0	1	24
A_HA_H1	1264	1	N	0	0	1	26
A_HA_H1	1265	1	N	0	0	1	25
A_HA_H1	1266	1	N	0	0	1	30
A_HA_H1	1267	1	N	0	0	1	13
A_HA_H1	1268	1	N	0	0	1	23
A_HA_H1	1269	1	N	0	0	1	23
A_HA_H1	1270	1	N	0	0	1	23
A_HA_H1	1271	1	N	0	0	1	22
A_HA_H1	1272	1	N	0	0	1	24
A_HA_H1	1273	1	N	0	0	1	28
A_HA_H1	1274	1	N	0	0	1	28
A_HA_H1	1275	1	N	0	0	1	29
A_HA_H1	1276	1	N	0	0	1	28
A_HA_H1	1277	1	N	0	0	1	21
A_HA_H1	1278	1	N	0	0	1	19
A_HA_H1	1279	1	N	0	0	1	19
A_HA_H1	1280	1	N	0	0	1	29
A_HA_H1	1281	1	N	0	0	1	30
A_HA_H1	1282	1	N	0	0	1	26
A_HA_H1	1283	1	N	0	0	1	23
A_HA_H1	1284	1	N	0	0	1	30
A_HA_H1	1285	1	N	0	0	1	28
A_HA_H1	1286	1	N	0	0	1	24
A_HA_H1	1287	1	N	0	0	1	24
A_HA_H1	1288	1	N	0	0	1	21
A_HA_H1	1289	1	N	0	0	1	21
A_HA_H1	1290	1	N	0	0	1	23
A_HA_H1	1291	1	N	0	0	1	23
A_HA_H1	1292	1	N	0	0	1	27
A_HA_H1	1293	1	N	0	0	1	26
A_HA_H1	1294	1	N	0	0	1	27
A_HA_H1	1295	1	N	0	0	1	28
A_HA_H1	1296	1	N	0	0	1	28
A_HA_H1	1297	1	N	0	0	1	31
A_HA_H1	1298	1	N	0	0	1	29
A_HA_H1	1299	1	N	0	0	1	29
A_HA_H1	1300	1	N	0	0	1	29
A_HA_H1	1301	1	N	0	0	1	22
A_HA_H1	1302	1	N	0	0	1	17
A_HA_H1	1303	1	N	0	0	1	17
A_HA_H1	1304	1	N	0	0	1	31
A_HA_H1	1305	1	N	0	0	1	30
A_HA_H1	1306	1	N	0	0	1	26
A_HA_H1	1307	1	N	0	0	1	22
A_HA_H1	1308	1	N	0	0	1	21
A_HA_H1	1309	1	N	0	0	1	21
A_HA_H1	1310	1	N	0	0	1	23
A_HA_H1	1311	1	N	0	0	1	30
A_HA_H1	1312	1	N	0	0	1	30
A_HA_H1	1313	1	N	0	0	1	32
A_HA_H1	1314	1	N	0	0	1	22
A_HA_H1	1315	1	N	0	0	1	22
A_HA_H1	1316	1	N	0	0	1	23
A_HA_H1	1317	1	N	0	0	1	23
A_HA_H1	1318	1	N	0	0	1	25
A_HA_H1	1319	1	N	0	0	1	20
A_HA_H1	1320	1	N	0	0	1	21
A_HA_H1	1321	1	N	0	0	1	30
A_HA_H1	1322	1	N	0	0	1	30
A_HA_H1	1323	1	N	0	0	1	32
A_HA_H1	1324	1	N	0	0	1	31
A_HA_H1	1325	1	N	0	0	1	30
A_HA_H1	1326	1	N	0	0	1	29
A_HA_H1	1327	1	N	0	0	1	27
A_HA_H1	1328	1	N	0	0	1	30
A_HA_H1	1329	1	N	0	0	1	28
A_HA_H1	1330	1	N	0	0	1	28
A_HA_H1	1331	1	N	0	0	1	29
A_HA_H1	1332	1	N	0	0	1	29
A_HA_H1	1333	1	N	0	0	1	28
A_HA_H1	1334	1	N	0	0	1	28
A_HA_H1	1335	1	N	0	0	1	27
A_HA_H1	1336	1	N	0	0	1	28
A_HA_H1	1337	1	N	0	0	1	28
A_HA_H1	1338	1	N	0	0	1	28
A_HA_H1	1339	1	N	0	0	1	29
A_HA_H1	1340	1	N	0	0	1	27
A_HA_H1	1341	1	N	0	0	1	23
A_HA_H1	1342	1	N	0	0	1	24
A_HA_H1	1343	1	N	0	0	1	32
A_HA_H1	1344	1	N	0	0	1	40
A_HA_H1	1345	1	N	0	0	1	31
A_HA_H1	1346	1	N	0	0	1	30
A_HA_H1	1347	1	N	0	0	1	28
A_HA_H1	1348	1	N	0	0	1	29
A_HA_H1	1349	1	N	0	0	1	90
A_HA_H1	1350	1	N	0	0	1	90
A_HA_H1	1351	1	N	0	0	1	90
A_HA_H1	1352	1	N	0	0	1	90
A_HA_H1	1353	1	N	0	0	1	26
A_HA_H1	1354	1	N	0	0	1	26
A_HA_H1	1355	1	N	0	0	1	28
A_HA_H1	1356	1	N	0	0	1	28
A_HA_H1	1357	1	N	0	0	1	35
A_HA_H1	1358	1	N	0	0	1	31
A_HA_H1	1359	1	N	0	0	1	30
A_HA_H1	1360	1	N	0	0	1	23
A_HA_H1	1361	1	N	0	0	1	19
A_HA_H1	1362	1	N	0	0	1	19
A_HA_H1	1363	1	N	0	0	1	19
A_HA_H1	1364	1	N	0	0	1	32
A_HA_H1	1365	1	N	0	0	1	31
A_HA_H1	1366	1	N	0	0	1	31
A_HA_H1	1367	1	N	0	0	1	22
A_HA_H1	1368	1	N	0	0	1	22
A_HA_H1	1369	1	N	0	0	1	13
A_HA_H1	1370	1	N	0	0	1	13
A_HA_H1	1371	1	N	0	0	1	11
A_HA_H1	1372	1	N	0	0	1	10
A_HA_H1	1373	1	N	0	0	1	11
A_HA_H1	1374	1	N	0	0	1	15
A_HA_H1	1375	1	N	0	0	1	12
A_HA_H1	1376	1	N	0	0	1	10
A_HA_H1	1377	1	N	0	0	1	10
A_HA_H1	1378	1	N	0	0	1	10
A_HA_H1	1379	1	N	0	0	1	11
A_HA_H1	1380	1	N	0	0	1	12
A_HA_H1	1381	1	N	0	0	1	19
A_HA_H1	1382	1	N	0	0	1	20
A_HA_H1	1383	1	N	0	0	1	24
A_HA_H1	1384	1	N	0	0	1	28
A_HA_H1	1385	1	N	0	0	1	29
A_HA_H1	1386	1	N	0	0	1	29
A_HA_H1	1387	1	N	0	0	1	25
A_HA_H1	1388	1	N	0	0	1	25
A_HA_H1	1389	1	N	0	0	1	25
A_HA_H1	1390	1	N	0	0	1	25
A_HA_H1	1391	1	N	0	0	1	26
A_HA_H1	1392	1	N	0	0	1	25
A_HA_H1	1393	1	N	0	0	1	24
A_HA_H1	1394	1	N	0	0	1	25
A_HA_H1	1395	1	N	0	0	1	19
A_HA_H1	1396	1	N	0	0	1	20
A_HA_H1	1397	1	N	0	0	1	18
A_HA_H1	1398	1	N	0	0	1	18
A_HA_H1	1399	1	N	0	0	1	32
A_HA_H1	1400	1	N	0	0	1	30
A_HA_H1	1401	1	N	0	0	1	24
A_HA_H1	1402	1	N	0	0	1	24
A_HA_H1	1403	1	N	0	0	1	33
A_HA_H1	1404	1	N	0	0	1	31
A_HA_H1	1405	1	N	0	0	1	31
A_HA_H1	1406	1	N	0	0	1	31
A_HA_H1	1407	1	N	0	0	1	35
A_HA_H1	1408	1	N	0	0	1	32
A_HA_H1	1409	1	N	0	0	1	33
A_HA_H1	1410	1	N	0	0	1	28
A_HA_H1	1411	1	N	0	0	1	25
A_HA_H1	1412	1	N	0	0	1	22
A_HA_H1	1413	1	N	0	0	1	13
A_HA_H1	1414	1	N	0	0	1	13
A_HA_H1	1415	1	N	0	0	1	12
A_HA_H1	1416	1	N	0	0	1	10
A_HA_H1	1417	1	N	0	0	1	8
A_HA_H1	1418	1	N	0	0	1	5
A_HA_H1	1419	1	N	0	0	1	6
A_HA_H1	1420	1	N	0	0	1	26
A_HA_H1	1421	1	N	0	0	1	26
A_HA_H1	1422	1	N	0	0	1	28
A_HA_H1	1423	1	N	0	0	1	32
A_HA_H1	1424	1	N	0	0	1	28
A_HA_H1	1425	1	N	0	0	1	25
A_HA_H1	1426	1	N	0	0	1	22
A_HA_H1	1427	1	N	0	0	1	22
A_HA_H1	1428	1	N	0	0	1	22
A_HA_H1	1429	1	N	0	0	1	24
A_HA_H1	1430	1	N	0	0	1	26
A_HA_H1	1431	1	N	0	0	1	25
A_HA_H1	1432	1	N	0	0	1	26
A_HA_H1	1433	1	N	0	0	1	25
A_HA_H1	1434	1	N	0	0	1	22
A_HA_H1	1435	1	N	0	0	1	22
A_HA_H1	1436	1	N	0	0	1	26
A_HA_H1	1437	1	N	0	0	1	26
A_HA_H1	1438	1	N	0	0	1	20
A_HA_H1	1439	1	N	0	0	1	19
A_HA_H1	1440	1	N	0	0	1	19
A_HA_H1	1441	1	N	0	0	1	19
A_HA_H1	1442	1	N	0	0	1	20
A_HA_H1	1443	1	N	0	0	1	27
A_HA_H1	1444	1	N	0	0	1	29
A_HA_H1	1445	1	N	0	0	1	31
A_HA_H1	1446	1	N	0	0	1	24
A_HA_H1	1447	1	N	0	0	1	27
A_HA_H1	1448	1	N	0	0	1	24
A_HA_H1	1449	1	N	0	0	1	18
A_HA_H1	1450	1	N	0	0	1	17
A_HA_H1	1451	1	N	0	0	1	17
A_HA_H1	1452	1	N	0	0	1	18
A_HA_H1	1453	1	N	0	0	1	18
A_HA_H1	1454	1	N	0	0	1	30
A_HA_H1	1455	1	N	0	0	1	28
A_HA_H1	1456	1	N	0	0	1	30
A_HA_H1	1457	1	N	0	0	1	27
A_HA_H1	1458	1	N	0	0	1	30
A_HA_H1	1459	1	N	0	0	1	27
A_HA_H1	1460	1	N	0	0	1	27
A_HA_H1	1461	1	N	0	0	1	28
A_HA_H1	1462	1	N	0	0	1	30
A_HA_H1	1463	1	N	0	0	1	39
A_HA_H1	1464	1	N	0	0	1	32
A_HA_H1	1465	1	N	0	0	1	27
A_HA_H1	1466	1	N	0	0	1	24
A_HA_H1	1467	1	N	0	0	1	24
A_HA_H1	1468	1	N	0	0	1	26
A_HA_H1	1469	1	N	0	0	1	26
A_HA_H1	1470	1	N	0	0	1	36
A_HA_H1	1471	1	N	0	0	1	31
A_HA_H1	1472	1	N	0	0	1	33
A_HA_H1	1473	1	N	0	0	1	29
A_HA_H1	1474	1	N	0	0	1	20
A_HA_H1	1475	1	N	0	0	1	19
A_HA_H1	1476	1	N	0	0	1	19
A_HA_H1	1477	1	N	0	0	1	20
A_HA_H1	1478	1	N	0	0	1	29
A_HA_H1	1479	1	N	0	0	1	25
A_HA_H1	1480	1	N	0	0	1	25
A_HA_H1	1481	1	N	0	0	1	27
A_HA_H1	1482	1	N	0	0	1	29
A_HA_H1	1483	1	N	0	0	1	23
A_HA_H1	1484	1	N	0	0	1	20
A_HA_H1	1485	1	N	0	0	1	21
A_HA_H1	1486	1	N	0	0	1	21
A_HA_H1	1487	1	N	0	0	1	30
A_HA_H1	1488	1	N	0	0	1	32
A_HA_H1	1489	1	N	0	0	1	28
A_HA_H1	1490	1	N	0	0	1	31
A_HA_H1	1491	1	N	0	0	1	33
A_HA_H1	1492	1	N	0	0	1	32
A_HA_H1	1493	1	N	0	0	1	32
A_HA_H1	1494	1	N	0	0	1	23
A_HA_H1	1495	1	N	0	0	1	23
A_HA_H1	1496	1	N	0	0	1	23
A_HA_H1	1497	1	N	0	0	1	24
A_HA_H1	1498	1	N	0	0	1	22
A_HA_H1	1499	1	N	0	0	1	24
A_HA_H1	1500	1	N	0	0	1	9
A_HA_H1	1501	1	N	0	0	1	11
A_HA_H1	1502	1	N	0	0	1	22
A_HA_H1	1503	1	N	0	0	1	22
A_HA_H1	1504	1	N	0	0	1	25
A_HA_H1	1505	1	N	0	0	1	21
A_HA_H1	1506	1	N	0	0	1	26
A_HA_H1	1507	1	N	0	0	1	25
A_HA_H1	1508	1	N	0	0	1	25
A_HA_H1	1509	1	N	0	0	1	30
A_HA_H1	1510	1	N	0	0	1	34
A_HA_H1	1511	1	N	0	0	1	33
A_HA_H1	1512	1	N	0	0	1	34
A_HA_H1	1513	1	N	0	0	1	31
A_HA_H1	1514	1	N	0	0	1	90
A_HA_H1	1515	1	N	0	0	1	33
A_HA_H1	1516	1	N	0	0	1	29
A_HA_H1	1517	1	N	0	0	1	34
A_HA_H1	1518	1	N	0	0	1	38
A_HA_H1	1519	1	N	0	0	1	32
A_HA_H1	1520	1	N	0	0	1	30
A_HA_H1	1521	1	N	0	0	1	25
A_HA_H1	1522	1	N	0	0	1	23
A_HA_H1	1523	1	N	0	0	1	25
A_HA_H1	1524	1	N	0	0	1	27
A_HA_H1	1525	1	N	0	0	1	31
A_HA_H1	1526	1	N	0	0	1	32
A_HA_H1	1527	1	N	0	0	1	21
A_HA_H1	1528	1	N	0	0	1	21
A_HA_H1	1529	1	N	0	0	1	21
A_HA_H1	1530	1	N	0	0	1	21
A_HA_H1	1531	1	N	0	0	1	21
A_HA_H1	1532	1	N	0	0	1	26
A_HA_H1	1533	1	N	0	0	1	27
A_HA_H1	1534	1	N	0	0	1	27
A_HA_H1	1535	1	N	0	0	1	26
A_HA_H1	1536	1	N	0	0	1	25
A_HA_H1	1537	1	N	0	0	1	23
A_HA_H1	1538	1	N	0	0	1	21
A_HA_H1	1539	1	N	0	0	1	21
A_HA_H1	1540	1	N	0	0	1	22
A_HA_H1	1541	1	N	0	0	1	23
A_HA_H1	1542	1	N	0	0	1	30
A_HA_H1	1543	1	N	0	0	1	32
A_HA_H1	1544	1	N	0	0	1	28
A_HA_H1	1545	1	N	0	0	1	27
A_HA_H1	1546	1	N	0	0	1	27
A_HA_H1	1547	1	N	0	0	1	29
A_HA_H1	1548	1	N	0	0	1	26
A_HA_H1	1549	1	N	0	0	1	19
A_HA_H1	1550	1	N	0	0	1	19
A_HA_H1	1551	1	N	0	0	1	14
A_HA_H1	1552	1	N	0	0	1	6
A_HA_H1	1553	1	N	0	0	1	24
A_HA_H1	1554	1	N	0	0	1	25
A_HA_H1	1555	1	N	0	0	1	25
A_HA_H1	1556	1	N	0	0	1	27
A_HA_H1	1557	1	N	0	0	1	29
A_HA_H1	1558	1	N	0	0	1	25
A_HA_H1	1559	1	N	0	0	1	28
A_HA_H1	1560	1	N	0	0	1	32
A_HA_H1	1561	1	N	0	0	1	31
A_HA_H1	1562	2	N	0	0	2	24
A_HA_H1	1563	2	N	0	0	2	23
A_HA_H1	1564	2	N	0	0	2	25
A_HA_H1	1565	1	N	1	0	1	23
A_HA_H1	1566	2	N	0	0	2	26.5
A_HA_H1	1567	2	N	0	0	2	27
A_HA_H1	1568	2	N	0	0	2	26.5
A_HA_H1	1569	2	N	0	0	2	26.5
A_HA_H1	1570	2	N	0	0	2	24.5
A_HA_H1	1571	2	N	0	0	2	25
A_HA_H1	1572	2	N	0	0	2	26
A_HA_H1	1573	2	N	0	0	2	23.5
A_HA_H1	1574	2	N	0	0	2	25
A_HA_H1	1575	2	N	0	0	2	18.5
A_HA_H1	1576	2	N	0	0	2	15.5
A_HA_H1	1577	2	N	0	0	2	24.5
A_HA_H1	1578	2	N	0	0	2	24
A_HA_H1	1579	2	N	0	0	2	24
A_HA_H1	1580	2	N	0	0	1	25
A_HA_H1	1581	2	N	0	0	2	20.5
A_HA_H1	1582	2	N	0	0	2	16
A_HA_H1	1583	2	N	0	0	1	16
A_HA_H1	1584	2	N	0	0	2	12.5
A_HA_H1	1585	2	N	0	0	2	14
A_HA_H1	1586	2	N	0	0	2	17
A_HA_H1	1587	2	N	0	0	2	19.5
A_HA_H1	1588	2	N	0	0	2	16.5
A_HA_H1	1589	2	N	0	0	2	13.5
A_HA_H1	1590	2	N	0	0	2	11
A_HA_H1	1591	2	N	0	0	2	9
A_HA_H1	1592	2	N	0	0	2	11.5
A_HA_H1	1593	2	N	0	0	2	11.5
A_HA_H1	1594	2	N	0	0	2	13
A_HA_H1	1595	2	N	0	0	2	19.5
A_HA_H1	1596	2	N	0	0	2	18.5
A_HA_H1	1597	2	N	0	0	2	19
A_HA_H1	1598	2	N	0	0	2	19.5
A_HA_H1	1599	2	N	0	0	2	18.5
A_HA_H1	1600	2	N	0	0	2	17
A_HA_H1	1601	2	N	0	0	2	19.5
A_HA_H1	1602	2	N	0	0	2	23
A_HA_H1	1603	2	N	0	0	2	26
A_HA_H1	1604	2	N	0	0	2	26.5
A_HA_H1	1605	2	N	0	0	2	23
A_HA_H1	1606	2	N	0	0	2	20.5
A_HA_H1	1607	2	N	0	0	2	21
A_HA_H1	1608	2	N	0	0	2	20.5
A_HA_H1	1609	2	N	0	0	2	23.5
A_HA_H1	1610	2	N	0	0	2	24
A_HA_H1	1611	2	N	0	0	2	23
A_HA_H1	1612	2	N	0	0	2	22.5
A_HA_H1	1613	2	N	0	0	2	20
A_HA_H1	1614	2	N	0	0	2	23.5
A_HA_H1	1615	2	N	0	0	2	31
A_HA_H1	1616	2	N	0	0	2	30.5
A_HA_H1	1617	2	N	0	0	2	27
A_HA_H1	1618	2	N	0	0	2	20.5
A_HA_H1	1619	2	N	0	0	2	18.5
A_HA_H1	1620	2	N	0	0	2	17.5
A_HA_H1	1621	2	N	0	0	2	19
A_HA_H1	1622	2	N	0	0	2	21.5
A_HA_H1	1623	2	N	0	0	2	16.5
A_HA_H1	1624	2	N	0	0	2	15
A_HA_H1	1625	2	N	0	0	1	6
A_HA_H1	1626	2	N	0	0	2	15
A_HA_H1	1627	2	N	0	0	2	21
A_HA_H1	1628	2	N	0	0	2	22.5
A_HA_H1	1629	2	N	0	0	2	21.5
A_HA_H1	1630	2	N	0	0	2	26.5
A_HA_H1	1631	2	N	0	0	2	27
A_HA_H1	1632	2	N	0	0	2	26.5
A_HA_H1	1633	2	N	0	0	2	27.5
A_HA_H1	1634	2	N	0	0	2	28.5
A_HA_H1	1635	2	N	0	0	2	27
A_HA_H1	1636	2	N	0	0	2	24.5
A_HA_H1	1637	2	N	0	0	2	24.5
A_HA_H1	1638	2	N	0	0	2	25.5
A_HA_H1	1639	2	N	0	0	2	23
A_HA_H1	1640	2	N	0	0	2	24
A_HA_H1	1641	2	N	0	0	2	21
A_HA_H1	1642	2	N	0	0	2	17.5
A_HA_H1	1643	2	N	0	0	2	17.5
A_HA_H1	1644	2	N	0	0	2	22
A_HA_H1	1645	2	N	0	0	2	20.5
A_HA_H1	1646	2	N	0	0	2	21.5
A_HA_H1	1647	2	N	0	0	2	18.5
A_HA_H1	1648	2	N	0	0	2	16
A_HA_H1	1649	2	N	0	0	2	16
A_HA_H1	1650	2	N	0	0	2	12
A_HA_H1	1651	2	N	0	0	2	11.5
A_HA_H1	1652	2	N	0	0	2	20.5
A_HA_H1	1653	2	N	0	0	2	20.5
A_HA_H1	1654	2	N	0	0	2	23.5
A_HA_H1	1655	2	N	0	0	2	28
A_HA_H1	1656	2	N	0	0	2	23
A_HA_H1	1657	2	N	0	0	1	13
A_HA_H1	1658	2	N	0	0	2	26
A_HA_H1	1659	2	N	0	0	2	17
A_HA_H1	1660	2	N	0	0	2	20.5
A_HA_H1	1661	2	N	0	0	2	17.5
A_HA_H1	1662	2	N	0	0	2	20
A_HA_H1	1663	2	N	0	0	2	21.5
A_HA_H1	1664	2	N	0	0	2	22
A_HA_H1	1665	2	N	0	0	2	25
A_HA_H1	1666	2	N	0	0	2	27
A_HA_H1	1667	2	N	0	0	2	30
A_HA_H1	1668	2	N	0	0	2	30
A_HA_H1	1669	2	N	0	0	2	26.5
A_HA_H1	1670	2	N	0	0	2	21
A_HA_H1	1671	2	N	0	0	2	23
A_HA_H1	1672	2	N	0	0	2	26.5
A_HA_H1	1673	2	N	0	0	2	25
A_HA_H1	1674	2	N	0	0	2	24.5
A_HA_H1	1675	2	N	0	0	2	23.5
A_HA_H1	1676	1	N	1	0	1	25
A_HA_H1	1677	1	N	1	0	1	25
A_HA_H1	1678	2	N	0	0	2	22
A_HA_H1	1679	2	N	0	0	2	23.5
A_HA_H1	1680	2	N	0	0	1	22
A_HA_H1	1681	2	N	0	0	2	16
A_HA_H1	1682	2	N	0	0	2	16
A_HA_H1	1683	2	N	0	0	2	19
A_HA_H1	1684	2	N	0	0	2	19.5
A_HA_H1	1685	2	N	0	0	2	22.5
A_HA_H1	1686	2	N	0	0	2	20
A_HA_H1	1687	2	N	0	0	2	19
A_HA_H1	1688	2	N	0	0	2	10.5
A_HA_H1	1689	2	N	0	0	2	8.5
A_HA_H1	1690	2	N	0	0	2	8
A_HA_H1	1691	2	N	0	0	2	8.5
A_HA_H1	1692	2	N	0	0	2	14.5
A_HA_H1	1693	2	N	0	0	2	13.5
A_HA_H1	1694	2	N	0	0	2	11.5
A_HA_H1	1695	2	N	0	0	2	7
A_HA_H1	1696	2	N	0	0	2	9
A_HA_H1	1697	2	N	0	0	2	12.5
A_HA_H1	1698	2	N	0	0	2	18.5
A_HA_H1	1699	2	N	0	0	2	15.5
A_HA_H1	1700	2	N	0	0	1	21
A_HA_H1	1701	2	N	0	0	2	16.5
A_HA_H1	1702	2	N	0	0	2	16.5
