Reference_Name	Position	Coverage Depth	Consensus	Deletions	Ambiguous	Consensus_Count	Consensus_Average_Quality
A_MP	1	4	N	0	0	4	17.25
A_MP	2	4	N	0	0	4	20
A_MP	3	4	N	0	0	4	15.25
A_MP	4	4	N	0	0	4	16.5
A_MP	5	4	N	0	0	4	16.5
A_MP	6	4	N	0	0	3	20
A_MP	7	4	N	0	0	4	21
A_MP	8	4	N	0	0	3	25
A_MP	9	4	N	0	0	4	22.75
A_MP	10	4	N	0	0	4	25
A_MP	11	4	N	0	0	4	26.75
A_MP	12	4	N	0	0	3	28.3333333333333
A_MP	13	4	N	0	0	4	27.25
A_MP	14	4	N	0	0	4	26.25
A_MP	15	4	N	0	0	4	19.75
A_MP	16	4	N	0	0	4	17.5
A_MP	17	4	N	0	0	4	17
A_MP	18	4	N	0	0	4	16.75
A_MP	19	4	N	0	0	4	20
A_MP	20	4	N	0	0	4	15
A_MP	21	4	N	0	0	4	14.25
A_MP	22	4	N	0	0	4	16
A_MP	23	4	N	0	0	4	16
A_MP	24	4	N	0	0	4	17.5
A_MP	25	4	N	0	0	4	22
A_MP	26	4	N	0	0	4	19
A_MP	27	4	N	0	0	4	20
A_MP	28	4	N	0	0	4	19.25
A_MP	29	4	N	0	0	4	20.75
A_MP	30	4	N	0	0	3	16
A_MP	31	4	N	0	0	4	20
A_MP	32	4	N	0	0	3	21.3333333333333
A_MP	33	4	N	0	0	4	23.75
A_MP	34	4	N	0	0	4	26
A_MP	35	4	N	0	0	4	26.25
A_MP	36	4	N	0	0	3	27
A_MP	37	4	N	0	0	4	30.5
A_MP	38	4	N	0	0	4	32.5
A_MP	39	4	N	0	0	4	28
A_MP	40	4	N	0	0	4	27.25
A_MP	41	4	N	0	0	4	25.75
A_MP	42	4	N	0	0	4	26
A_MP	43	4	N	0	0	3	27.3333333333333
A_MP	44	4	N	0	0	4	29
A_MP	45	4	N	0	0	2	30
A_MP	46	4	N	0	0	4	29.5
A_MP	47	4	N	0	0	4	25.5
A_MP	48	4	N	0	0	3	23
A_MP	49	4	N	0	0	4	20.5
A_MP	50	4	N	0	0	4	20
A_MP	51	4	N	0	0	4	20.25
A_MP	52	4	N	0	0	4	20.5
A_MP	53	4	N	0	0	4	21
A_MP	54	3	N	1	0	3	26
A_MP	55	3	N	1	0	3	25
A_MP	56	3	N	1	0	3	20.6666666666667
A_MP	57	3	N	1	0	3	20.3333333333333
A_MP	58	3	N	1	0	3	16.6666666666667
A_MP	59	4	N	0	0	4	10.75
A_MP	60	4	N	0	0	4	13
A_MP	61	4	N	0	0	4	16
A_MP	62	4	N	0	0	4	17.25
A_MP	63	4	N	0	0	4	22
A_MP	64	4	N	0	0	4	21
A_MP	65	4	N	0	0	4	19
A_MP	66	4	N	0	0	4	21
A_MP	67	4	N	0	0	4	20.25
A_MP	68	4	N	0	0	4	22
A_MP	69	4	N	0	0	4	19.25
A_MP	70	4	N	0	0	4	37
A_MP	71	4	N	0	0	4	18.25
A_MP	72	4	N	0	0	4	18.25
A_MP	73	4	N	0	0	4	17.75
A_MP	74	4	N	0	0	4	19
A_MP	75	4	N	0	0	3	21.3333333333333
A_MP	76	4	N	0	0	4	21.25
A_MP	77	4	N	0	0	4	27.5
A_MP	78	4	N	0	0	4	23
A_MP	79	4	N	0	0	4	20
A_MP	80	4	N	0	0	4	39.25
A_MP	81	4	N	0	0	4	26.5
A_MP	82	4	N	0	0	4	23.75
A_MP	83	4	N	0	0	4	23.25
A_MP	84	4	N	0	0	3	24.6666666666667
A_MP	85	4	N	0	0	4	19.75
A_MP	86	4	N	0	0	4	20.5
A_MP	87	4	N	0	0	4	21.5
A_MP	88	4	N	0	0	3	15.6666666666667
A_MP	89	4	N	0	0	3	16.6666666666667
A_MP	90	4	N	0	0	4	19.25
A_MP	91	4	N	0	0	4	20
A_MP	92	4	N	0	0	4	20.25
A_MP	93	4	N	0	0	4	21.75
A_MP	94	4	N	0	0	4	21.75
A_MP	95	4	N	0	0	4	22.75
A_MP	96	4	N	0	0	4	24.25
A_MP	97	4	N	0	0	4	24
A_MP	98	4	N	0	0	4	24.5
A_MP	99	4	N	0	0	3	17.6666666666667
A_MP	100	4	N	0	0	4	21.25
A_MP	101	4	N	0	0	4	21
A_MP	102	4	N	0	0	3	19
A_MP	103	4	N	0	0	4	29
A_MP	104	4	N	0	0	4	25.25
A_MP	105	4	N	0	0	3	23.3333333333333
A_MP	106	4	N	0	0	4	26.25
A_MP	107	4	N	0	0	4	25
A_MP	108	4	N	0	0	4	24.5
A_MP	109	4	N	0	0	4	23.5
A_MP	110	4	N	0	0	4	41.75
A_MP	111	4	N	0	0	4	22.5
A_MP	112	4	N	0	0	4	22.75
A_MP	113	4	N	0	0	4	24.5
A_MP	114	4	N	0	0	4	25
A_MP	115	4	N	0	0	4	23.75
A_MP	116	4	N	0	0	4	20.25
A_MP	117	4	N	0	0	4	21.5
A_MP	118	4	N	0	0	4	22
A_MP	119	4	N	0	0	4	20.5
A_MP	120	4	N	0	0	4	20.5
A_MP	121	4	N	0	0	4	20.5
A_MP	122	4	N	0	0	4	20
A_MP	123	4	N	0	0	4	20
A_MP	124	4	N	0	0	3	18
A_MP	125	4	N	0	0	4	18.5
A_MP	126	4	N	0	0	4	18.75
A_MP	127	4	N	0	0	4	18.75
A_MP	128	4	N	0	0	4	16.75
A_MP	129	4	N	0	0	4	20.25
A_MP	130	4	N	0	0	4	18
A_MP	131	4	N	0	0	4	17.75
A_MP	132	4	N	0	0	4	13.5
A_MP	133	4	N	0	0	4	12.25
A_MP	134	4	N	0	0	4	12.25
A_MP	135	4	N	0	0	4	18.5
A_MP	136	4	N	0	0	4	22
A_MP	137	4	N	0	0	4	21
A_MP	138	4	N	0	0	4	24.25
A_MP	139	4	N	0	0	4	23.5
A_MP	140	4	N	0	0	4	23.75
A_MP	141	4	N	0	0	2	18
A_MP	142	4	N	0	0	4	21
A_MP	143	4	N	0	0	4	21.5
A_MP	144	4	N	0	0	4	21.25
A_MP	145	4	N	0	0	4	22
A_MP	146	4	N	0	0	4	21.25
A_MP	147	4	N	0	0	4	20.75
A_MP	148	4	N	0	0	4	20
A_MP	149	4	N	0	0	4	19.5
A_MP	150	4	N	0	0	4	20.5
A_MP	151	4	N	0	0	4	19.25
A_MP	152	4	N	0	0	4	20.75
A_MP	153	4	N	0	0	3	23
A_MP	154	4	N	0	0	3	23.6666666666667
A_MP	155	4	N	0	0	4	24.25
A_MP	156	4	N	0	0	4	23.25
A_MP	157	4	N	0	0	3	24.3333333333333
A_MP	158	4	N	0	0	4	25.5
A_MP	159	4	N	0	0	4	24.75
A_MP	160	4	N	0	0	4	23.5
A_MP	161	4	N	0	0	4	22.25
A_MP	162	4	N	0	0	4	20.5
A_MP	163	4	N	0	0	3	22.6666666666667
A_MP	164	4	N	0	0	4	22
A_MP	165	4	N	0	0	4	22.75
A_MP	166	4	N	0	0	4	23.5
A_MP	167	4	N	0	0	4	20.5
A_MP	168	3	N	1	0	3	18.3333333333333
A_MP	169	3	N	1	0	3	18
A_MP	170	4	N	0	0	4	14.5
A_MP	171	3	N	1	0	2	15.5
A_MP	172	3	N	1	0	3	11.3333333333333
A_MP	173	4	N	0	0	3	15
A_MP	174	4	N	0	0	3	14.6666666666667
A_MP	175	4	N	0	0	4	14.5
A_MP	176	4	N	0	0	4	17.25
A_MP	177	4	N	0	0	4	18.5
A_MP	178	4	N	0	0	4	22.25
A_MP	179	4	N	0	0	4	24.5
A_MP	180	4	N	0	0	4	22.25
A_MP	181	4	N	0	0	4	21.75
A_MP	182	4	N	0	0	4	21.25
A_MP	183	3	N	1	0	3	21.6666666666667
A_MP	184	4	N	0	0	4	22.5
A_MP	185	4	N	0	0	4	24.75
A_MP	186	4	N	0	0	4	26
A_MP	187	4	N	0	0	4	28.25
A_MP	188	4	N	0	0	4	31.25
A_MP	189	4	N	0	0	3	52
A_MP	190	4	N	0	0	4	31.75
A_MP	191	4	N	0	0	4	30.5
A_MP	192	4	N	0	0	4	29.75
A_MP	193	4	N	0	0	4	27
A_MP	194	4	N	0	0	4	24
A_MP	195	4	N	0	0	4	22.75
A_MP	196	4	N	0	0	4	23.25
A_MP	197	4	N	0	0	4	24
A_MP	198	4	N	0	0	4	25
A_MP	199	4	N	0	0	4	26.25
A_MP	200	4	N	0	0	4	27.25
A_MP	201	4	N	0	0	4	24.75
A_MP	202	4	N	0	0	4	23.25
A_MP	203	4	N	0	0	4	23.5
A_MP	204	4	N	0	0	4	21.75
A_MP	205	4	N	0	0	4	26.25
A_MP	206	4	N	0	0	4	26.75
A_MP	207	4	N	0	0	4	25.5
A_MP	208	4	N	0	0	4	22.75
A_MP	209	4	N	0	0	4	22.25
A_MP	210	4	N	0	0	4	23
A_MP	211	4	N	0	0	4	21
A_MP	212	4	N	0	0	4	23
A_MP	213	4	N	0	0	4	22.25
A_MP	214	4	N	0	0	4	19.25
A_MP	215	3	N	1	0	3	23
A_MP	216	3	N	1	0	2	19
A_MP	217	4	N	0	0	4	18.25
A_MP	218	4	N	0	0	4	18.5
A_MP	219	4	N	0	0	4	20.25
A_MP	220	3	N	1	0	3	19.3333333333333
A_MP	221	3	N	1	0	3	15.6666666666667
A_MP	222	4	N	0	0	3	12.3333333333333
A_MP	223	4	N	0	0	4	16.5
A_MP	224	4	N	0	0	3	19.3333333333333
A_MP	225	4	N	0	0	3	14.3333333333333
A_MP	226	4	N	0	0	2	13.5
A_MP	227	4	N	0	0	4	16.75
A_MP	228	4	N	0	0	3	12.6666666666667
A_MP	229	4	N	0	0	4	17.25
A_MP	230	4	N	0	0	4	18
A_MP	231	4	N	0	0	3	20
A_MP	232	4	N	0	0	3	19.6666666666667
A_MP	233	4	N	0	0	2	23.5
A_MP	234	4	N	0	0	3	19.3333333333333
A_MP	235	4	N	0	0	4	17.5
A_MP	236	4	N	0	0	4	20.25
A_MP	237	4	N	0	0	4	27
A_MP	238	4	N	0	0	3	22
A_MP	239	4	N	0	0	4	22.25
A_MP	240	4	N	0	0	4	22
A_MP	241	4	N	0	0	4	18.25
A_MP	242	3	N	1	0	3	15.3333333333333
A_MP	243	4	N	0	0	4	20.75
A_MP	244	4	N	0	0	4	27.25
A_MP	245	4	N	0	0	4	28.75
A_MP	246	4	N	0	0	4	29
A_MP	247	4	N	0	0	4	28.5
A_MP	248	3	N	1	0	3	25.6666666666667
A_MP	249	4	N	0	0	4	24
A_MP	250	4	N	0	0	4	20.25
A_MP	251	4	N	0	0	4	18.75
A_MP	252	4	N	0	0	3	19.3333333333333
A_MP	253	4	N	0	0	4	20
A_MP	254	4	N	0	0	4	21.75
A_MP	255	4	N	0	0	4	25.75
A_MP	256	4	N	0	0	4	22.75
A_MP	257	4	N	0	0	4	20.5
A_MP	258	4	N	0	0	3	23.6666666666667
A_MP	259	4	N	0	0	4	19.5
A_MP	260	4	N	0	0	4	21
A_MP	261	4	N	0	0	4	15.5
A_MP	262	3	N	1	0	2	23
A_MP	263	4	N	0	0	4	14.5
A_MP	264	4	N	0	0	3	13.6666666666667
A_MP	265	4	N	0	0	4	17.75
A_MP	266	4	N	0	0	4	20.75
A_MP	267	4	N	0	0	4	22.25
A_MP	268	4	N	0	0	4	21.25
A_MP	269	4	N	0	0	4	19.75
A_MP	270	4	N	0	0	3	16.3333333333333
A_MP	271	4	N	0	0	4	16
A_MP	272	4	N	0	0	4	15.75
A_MP	273	4	N	0	0	4	20.25
A_MP	274	4	N	0	0	4	20.25
A_MP	275	4	N	0	0	4	20.25
A_MP	276	4	N	0	0	4	19.5
A_MP	277	4	N	0	0	4	19.5
A_MP	278	4	N	0	0	4	18.25
A_MP	279	4	N	0	0	4	22.5
A_MP	280	4	N	0	0	4	22.5
A_MP	281	4	N	0	0	4	23
A_MP	282	4	N	0	0	3	27.3333333333333
A_MP	283	4	N	0	0	4	22
A_MP	284	4	N	0	0	3	24.3333333333333
A_MP	285	4	N	0	0	4	21
A_MP	286	4	N	0	0	4	19.75
A_MP	287	4	N	0	0	4	22.25
A_MP	288	4	N	0	0	4	22
A_MP	289	4	N	0	0	4	20.75
A_MP	290	4	N	0	0	4	20.75
A_MP	291	4	N	0	0	4	20.75
A_MP	292	4	N	0	0	4	21.75
A_MP	293	4	N	0	0	3	22.6666666666667
A_MP	294	4	N	0	0	4	21
A_MP	295	4	N	0	0	4	21.5
A_MP	296	4	N	0	0	4	21
A_MP	297	4	N	0	0	3	24.6666666666667
A_MP	298	3	N	1	0	3	21.6666666666667
A_MP	299	4	N	0	0	4	17.25
A_MP	300	4	N	0	0	3	18.3333333333333
A_MP	301	4	N	0	0	4	16.75
A_MP	302	4	N	0	0	2	26.5
A_MP	303	4	N	0	0	4	15
A_MP	304	4	N	0	0	4	18.25
A_MP	305	4	N	0	0	4	19.5
A_MP	306	4	N	0	0	4	20.75
A_MP	307	4	N	0	0	4	17.25
A_MP	308	4	N	0	0	4	19
A_MP	309	4	N	0	0	3	21
A_MP	310	2	N	2	0	2	14
A_MP	311	3	N	1	0	3	17
A_MP	312	4	N	0	0	3	20.3333333333333
A_MP	313	4	N	0	0	4	17.5
A_MP	314	4	N	0	0	4	13.25
A_MP	315	4	N	0	0	3	13.3333333333333
A_MP	316	4	N	0	0	4	26.5
A_MP	317	4	N	0	0	4	28.25
A_MP	318	4	N	0	0	3	19
A_MP	319	4	N	0	0	4	17
A_MP	320	4	N	0	0	4	17.25
A_MP	321	4	N	0	0	4	23.75
A_MP	322	4	N	0	0	4	25.25
A_MP	323	4	N	0	0	4	22.25
A_MP	324	4	N	0	0	4	19.75
A_MP	325	4	N	0	0	4	19.25
A_MP	326	4	N	0	0	4	21.75
A_MP	327	4	N	0	0	4	23.75
A_MP	328	4	N	0	0	4	26
A_MP	329	4	N	0	0	4	26.5
A_MP	330	4	N	0	0	4	26.25
A_MP	331	4	N	0	0	4	27.25
A_MP	332	3	N	1	0	3	26.3333333333333
A_MP	333	3	N	1	0	3	25
A_MP	334	3	N	1	0	3	26
A_MP	335	3	N	1	0	3	22.3333333333333
A_MP	336	4	N	0	0	4	22
A_MP	337	4	N	0	0	4	22.5
A_MP	338	3	N	1	0	3	25.6666666666667
A_MP	339	3	N	1	0	3	24.6666666666667
A_MP	340	3	N	1	0	3	27.6666666666667
A_MP	341	4	N	0	0	4	25
A_MP	342	4	N	0	0	4	20.5
A_MP	343	4	N	0	0	3	22
A_MP	344	4	N	0	0	4	21
A_MP	345	4	N	0	0	3	27.6666666666667
A_MP	346	4	N	0	0	3	28
A_MP	347	4	N	0	0	4	24.75
A_MP	348	4	N	0	0	3	25
A_MP	349	4	N	0	0	4	22.25
A_MP	350	4	N	0	0	4	23.25
A_MP	351	4	N	0	0	3	25.3333333333333
A_MP	352	4	N	0	0	4	24.25
A_MP	353	4	N	0	0	4	22.75
A_MP	354	4	N	0	0	3	24
A_MP	355	4	N	0	0	4	25.5
A_MP	356	4	N	0	0	4	25
A_MP	357	4	N	0	0	4	27
A_MP	358	4	N	0	0	4	27.75
A_MP	359	4	N	0	0	4	27.5
A_MP	360	4	N	0	0	3	21
A_MP	361	4	N	0	0	3	21
A_MP	362	4	N	0	0	4	22.5
A_MP	363	4	N	0	0	4	21.5
A_MP	364	4	N	0	0	4	21.5
A_MP	365	4	N	0	0	4	23
A_MP	366	4	N	0	0	4	22.25
A_MP	367	4	N	0	0	4	21.75
A_MP	368	4	N	0	0	4	25
A_MP	369	4	N	0	0	4	24
A_MP	370	4	N	0	0	4	24.25
A_MP	371	4	N	0	0	4	25.5
A_MP	372	4	N	0	0	4	25.25
A_MP	373	4	N	0	0	4	25.75
A_MP	374	4	N	0	0	4	26
A_MP	375	4	N	0	0	3	25
A_MP	376	4	N	0	0	4	24
A_MP	377	4	N	0	0	4	21.5
A_MP	378	4	N	0	0	4	19.25
A_MP	379	4	N	0	0	4	19
A_MP	380	4	N	0	0	4	18
A_MP	381	4	N	0	0	4	19
A_MP	382	4	N	0	0	4	17.75
A_MP	383	4	N	0	0	4	14.25
A_MP	384	4	N	0	0	4	16.75
A_MP	385	4	N	0	0	4	16.5
A_MP	386	4	N	0	0	4	18
A_MP	387	4	N	0	0	4	18
A_MP	388	4	N	0	0	4	18
A_MP	389	4	N	0	0	4	19.5
A_MP	390	4	N	0	0	4	36
A_MP	391	4	N	0	0	4	36.25
A_MP	392	4	N	0	0	4	20.25
A_MP	393	4	N	0	0	4	23
A_MP	394	4	N	0	0	4	27.25
A_MP	395	4	N	0	0	4	29.25
A_MP	396	4	N	0	0	4	24.75
A_MP	397	4	N	0	0	4	23.5
A_MP	398	4	N	0	0	4	18.5
A_MP	399	4	N	0	0	3	18
A_MP	400	4	N	0	0	4	17
A_MP	401	4	N	0	0	4	16
A_MP	402	4	N	0	0	4	18.5
A_MP	403	4	N	0	0	4	22.25
A_MP	404	4	N	0	0	4	25
A_MP	405	4	N	0	0	4	22.5
A_MP	406	4	N	0	0	4	23.25
A_MP	407	4	N	0	0	4	22.75
A_MP	408	4	N	0	0	3	21.6666666666667
A_MP	409	4	N	0	0	3	27.6666666666667
A_MP	410	4	N	0	0	4	23.5
A_MP	411	4	N	0	0	3	28
A_MP	412	4	N	0	0	4	22
A_MP	413	4	N	0	0	4	21.5
A_MP	414	4	N	0	0	3	27.3333333333333
A_MP	415	4	N	0	0	4	23.5
A_MP	416	4	N	0	0	4	24.75
A_MP	417	4	N	0	0	4	23.25
A_MP	418	4	N	0	0	4	23
A_MP	419	4	N	0	0	4	24
A_MP	420	4	N	0	0	4	21.75
A_MP	421	4	N	0	0	4	21.5
A_MP	422	4	N	0	0	4	21.25
A_MP	423	4	N	0	0	4	23.25
A_MP	424	4	N	0	0	4	25
A_MP	425	4	N	0	0	3	24.6666666666667
A_MP	426	4	N	0	0	3	27.6666666666667
A_MP	427	4	N	0	0	4	25
A_MP	428	4	N	0	0	4	24.75
A_MP	429	4	N	0	0	3	26.3333333333333
A_MP	430	4	N	0	0	4	27.75
A_MP	431	4	N	0	0	4	27.25
A_MP	432	4	N	0	0	3	28
A_MP	433	4	N	0	0	4	21
A_MP	434	4	N	0	0	3	20
A_MP	435	4	N	0	0	3	16.6666666666667
A_MP	436	4	N	0	0	3	23.3333333333333
A_MP	437	4	N	0	0	4	18.5
A_MP	438	4	N	0	0	3	12
A_MP	439	4	N	0	0	4	15.5
A_MP	440	4	N	0	0	4	16.5
A_MP	441	4	N	0	0	3	14.6666666666667
A_MP	442	4	N	0	0	4	17.75
A_MP	443	4	N	0	0	4	19.5
A_MP	444	4	N	0	0	4	23.75
A_MP	445	3	N	1	0	3	24.3333333333333
A_MP	446	3	N	1	0	3	23.3333333333333
A_MP	447	3	N	1	0	2	22.5
A_MP	448	4	N	0	0	4	18.5
A_MP	449	4	N	0	0	4	20.25
A_MP	450	4	N	0	0	3	20
A_MP	451	4	N	0	0	4	22.75
A_MP	452	4	N	0	0	4	23.75
A_MP	453	4	N	0	0	4	23.25
A_MP	454	4	N	0	0	4	23.5
A_MP	455	4	N	0	0	4	23.75
A_MP	456	4	N	0	0	3	23.3333333333333
A_MP	457	4	N	0	0	4	24.75
A_MP	458	4	N	0	0	4	22.25
A_MP	459	4	N	0	0	4	23.25
A_MP	460	4	N	0	0	4	23.5
A_MP	461	4	N	0	0	4	24
A_MP	462	4	N	0	0	4	24.5
A_MP	463	4	N	0	0	4	26.5
A_MP	464	4	N	0	0	4	26
A_MP	465	4	N	0	0	4	27
A_MP	466	4	N	0	0	4	26.5
A_MP	467	4	N	0	0	4	28
A_MP	468	4	N	0	0	4	26.5
A_MP	469	4	N	0	0	4	27.75
A_MP	470	4	N	0	0	4	26.5
A_MP	471	4	N	0	0	3	16.3333333333333
A_MP	472	4	N	0	0	4	14
A_MP	473	4	N	0	0	4	13.25
A_MP	474	4	N	0	0	4	13.75
A_MP	475	4	N	0	0	4	17
A_MP	476	4	N	0	0	4	18.75
A_MP	477	4	N	0	0	3	24.3333333333333
A_MP	478	4	N	0	0	3	24.6666666666667
A_MP	479	4	N	0	0	4	16.5
A_MP	480	4	N	0	0	4	16.25
A_MP	481	4	N	0	0	4	16.5
A_MP	482	4	N	0	0	4	18
A_MP	483	4	N	0	0	4	21
A_MP	484	4	N	0	0	4	20.75
A_MP	485	4	N	0	0	4	18.75
A_MP	486	4	N	0	0	3	22.3333333333333
A_MP	487	4	N	0	0	4	18.25
A_MP	488	4	N	0	0	4	18.5
A_MP	489	4	N	0	0	3	24
A_MP	490	4	N	0	0	4	21.5
A_MP	491	4	N	0	0	4	21.5
A_MP	492	4	N	0	0	3	25.6666666666667
A_MP	493	4	N	0	0	4	25.25
A_MP	494	4	N	0	0	4	25.75
A_MP	495	3	N	1	0	3	23.6666666666667
A_MP	496	3	N	1	0	3	20.6666666666667
A_MP	497	3	N	1	0	2	18
A_MP	498	4	N	0	0	2	17.5
A_MP	499	4	N	0	0	2	25
A_MP	500	4	N	0	0	4	19.5
A_MP	501	4	N	0	0	3	16
A_MP	502	4	N	0	0	4	18.75
A_MP	503	4	N	0	0	4	20.25
A_MP	504	4	N	0	0	3	13.6666666666667
A_MP	505	4	N	0	0	4	15.25
A_MP	506	4	N	0	0	4	18
A_MP	507	4	N	0	0	3	21
A_MP	508	4	N	0	0	4	25.25
A_MP	509	4	N	0	0	4	23.75
A_MP	510	4	N	0	0	4	23.75
A_MP	511	4	N	0	0	4	27
A_MP	512	4	N	0	0	4	25.5
A_MP	513	4	N	0	0	4	26.25
A_MP	514	4	N	0	0	3	23.6666666666667
A_MP	515	4	N	0	0	4	23.75
A_MP	516	4	N	0	0	4	24.25
A_MP	517	4	N	0	0	4	25.75
A_MP	518	4	N	0	0	4	29.5
A_MP	519	4	N	0	0	3	30
A_MP	520	4	N	0	0	4	20
A_MP	521	4	N	0	0	3	20
A_MP	522	4	N	0	0	3	19
A_MP	523	4	N	0	0	4	19.75
A_MP	524	4	N	0	0	4	17.75
A_MP	525	4	N	0	0	4	20.75
A_MP	526	4	N	0	0	4	18
A_MP	527	4	N	0	0	4	15.75
A_MP	528	4	N	0	0	2	10.5
A_MP	529	4	N	0	0	4	17.75
A_MP	530	4	N	0	0	4	19.5
A_MP	531	4	N	0	0	3	17
A_MP	532	4	N	0	0	4	23
A_MP	533	4	N	0	0	3	21
A_MP	534	4	N	0	0	4	24.75
A_MP	535	4	N	0	0	4	27.25
A_MP	536	4	N	0	0	4	27.25
A_MP	537	4	N	0	0	4	28.75
A_MP	538	4	N	0	0	4	27
A_MP	539	4	N	0	0	4	26.5
A_MP	540	4	N	0	0	3	26.3333333333333
A_MP	541	4	N	0	0	3	26.3333333333333
A_MP	542	4	N	0	0	4	29.25
A_MP	543	4	N	0	0	4	27
A_MP	544	4	N	0	0	4	25.75
A_MP	545	4	N	0	0	4	26.25
A_MP	546	4	N	0	0	3	25.3333333333333
A_MP	547	4	N	0	0	4	24
A_MP	548	4	N	0	0	4	25
A_MP	549	4	N	0	0	4	25
A_MP	550	4	N	0	0	4	24.75
A_MP	551	4	N	0	0	4	21.5
A_MP	552	4	N	0	0	4	22.25
A_MP	553	4	N	0	0	4	17.75
A_MP	554	4	N	0	0	4	16.25
A_MP	555	4	N	0	0	3	13.6666666666667
A_MP	556	4	N	0	0	4	14
A_MP	557	4	N	0	0	4	15
A_MP	558	4	N	0	0	3	12
A_MP	559	4	N	0	0	4	17
A_MP	560	4	N	0	0	3	14.3333333333333
A_MP	561	4	N	0	0	3	16.6666666666667
A_MP	562	4	N	0	0	4	17.75
A_MP	563	4	N	0	0	4	16.75
A_MP	564	4	N	0	0	4	16.5
A_MP	565	4	N	0	0	4	21.25
A_MP	566	4	N	0	0	4	25.75
A_MP	567	4	N	0	0	4	26
A_MP	568	4	N	0	0	4	25
A_MP	569	4	N	0	0	4	23.5
A_MP	570	4	N	0	0	3	28.6666666666667
A_MP	571	4	N	0	0	4	22.5
A_MP	572	4	N	0	0	3	14
A_MP	573	4	N	0	0	3	13.3333333333333
A_MP	574	4	N	0	0	3	13.3333333333333
A_MP	575	4	N	0	0	4	11.75
A_MP	576	4	N	0	0	4	16.5
A_MP	577	4	N	0	0	4	13.75
A_MP	578	4	N	0	0	4	19.25
A_MP	579	4	N	0	0	4	22.5
A_MP	580	4	N	0	0	4	23
A_MP	581	4	N	0	0	4	23
A_MP	582	4	N	0	0	4	22.75
A_MP	583	4	N	0	0	4	25.5
A_MP	584	4	N	0	0	4	22
A_MP	585	3	N	1	0	2	17
A_MP	586	4	N	0	0	4	17.25
A_MP	587	4	N	0	0	4	17
A_MP	588	4	N	0	0	4	17
A_MP	589	4	N	0	0	4	20.5
A_MP	590	4	N	0	0	4	27.5
A_MP	591	4	N	0	0	3	29.3333333333333
A_MP	592	4	N	0	0	4	29.25
A_MP	593	3	N	1	0	3	21
A_MP	594	3	N	1	0	3	23.3333333333333
A_MP	595	3	N	1	0	3	44.3333333333333
A_MP	596	4	N	0	0	3	24
A_MP	597	4	N	0	0	4	21
A_MP	598	4	N	0	0	4	20.75
A_MP	599	4	N	0	0	4	20.5
A_MP	600	4	N	0	0	4	20
A_MP	601	4	N	0	0	4	21.25
A_MP	602	4	N	0	0	4	22.25
A_MP	603	4	N	0	0	4	24.75
A_MP	604	4	N	0	0	4	24.75
A_MP	605	4	N	0	0	4	23.5
A_MP	606	4	N	0	0	4	22.75
A_MP	607	4	N	0	0	4	22.25
A_MP	608	4	N	0	0	4	22.25
A_MP	609	4	N	0	0	4	24
A_MP	610	4	N	0	0	4	23.25
A_MP	611	4	N	0	0	4	24.25
A_MP	612	4	N	0	0	4	20
A_MP	613	4	N	0	0	3	17.3333333333333
A_MP	614	4	N	0	0	4	19
A_MP	615	4	N	0	0	4	19.75
A_MP	616	4	N	0	0	4	23.5
A_MP	617	4	N	0	0	4	23
A_MP	618	4	N	0	0	4	23.5
A_MP	619	4	N	0	0	4	23.5
A_MP	620	4	N	0	0	3	24
A_MP	621	4	N	0	0	4	22
A_MP	622	4	N	0	0	3	26.3333333333333
A_MP	623	4	N	0	0	4	23.5
A_MP	624	4	N	0	0	4	20.25
A_MP	625	4	N	0	0	3	25.3333333333333
A_MP	626	4	N	0	0	4	20.5
A_MP	627	4	N	0	0	4	19
A_MP	628	4	N	0	0	4	19
A_MP	629	4	N	0	0	4	19.25
A_MP	630	4	N	0	0	4	19
A_MP	631	4	N	0	0	4	19
A_MP	632	4	N	0	0	4	19.25
A_MP	633	4	N	0	0	4	20
A_MP	634	4	N	0	0	4	21.75
A_MP	635	4	N	0	0	4	25.25
A_MP	636	4	N	0	0	4	20.25
A_MP	637	4	N	0	0	4	21
A_MP	638	3	N	1	0	3	19.3333333333333
A_MP	639	3	N	1	0	3	21
A_MP	640	4	N	0	0	4	24.5
A_MP	641	4	N	0	0	4	22
A_MP	642	4	N	0	0	3	23
A_MP	643	4	N	0	0	4	23.75
A_MP	644	4	N	0	0	4	23.5
A_MP	645	4	N	0	0	4	23.5
A_MP	646	4	N	0	0	4	23
A_MP	647	4	N	0	0	4	23.25
A_MP	648	4	N	0	0	4	17.75
A_MP	649	4	N	0	0	4	21
A_MP	650	4	N	0	0	4	21.5
A_MP	651	4	N	0	0	4	28.75
A_MP	652	4	N	0	0	3	25.6666666666667
A_MP	653	4	N	0	0	4	26.5
A_MP	654	4	N	0	0	3	20
A_MP	655	4	N	0	0	4	13.5
A_MP	656	4	N	0	0	4	13.75
A_MP	657	4	N	0	0	4	13.5
A_MP	658	4	N	0	0	4	15.25
A_MP	659	4	N	0	0	4	16
A_MP	660	4	N	0	0	3	15.3333333333333
A_MP	661	4	N	0	0	4	21.5
A_MP	662	4	N	0	0	4	22.25
A_MP	663	4	N	0	0	4	22.75
A_MP	664	4	N	0	0	4	22.75
A_MP	665	3	N	1	0	3	24.3333333333333
A_MP	666	3	N	1	0	3	25.3333333333333
A_MP	667	4	N	0	0	4	23
A_MP	668	4	N	0	0	3	23
A_MP	669	4	N	0	0	4	17.25
A_MP	670	4	N	0	0	3	21.6666666666667
A_MP	671	4	N	0	0	4	18.25
A_MP	672	4	N	0	0	3	14
A_MP	673	4	N	0	0	4	19
A_MP	674	4	N	0	0	4	25.5
A_MP	675	4	N	0	0	4	19.5
A_MP	676	4	N	0	0	4	17.75
A_MP	677	4	N	0	0	4	19.75
A_MP	678	4	N	0	0	3	20.6666666666667
A_MP	679	4	N	0	0	3	22
A_MP	680	4	N	0	0	4	21.75
A_MP	681	4	N	0	0	4	23.5
A_MP	682	4	N	0	0	3	23.6666666666667
A_MP	683	4	N	0	0	4	18.25
A_MP	684	4	N	0	0	4	19
A_MP	685	4	N	0	0	4	18.25
A_MP	686	4	N	0	0	4	17.5
A_MP	687	4	N	0	0	4	18
A_MP	688	4	N	0	0	4	16.5
A_MP	689	4	N	0	0	4	17.25
A_MP	690	4	N	0	0	4	20.5
A_MP	691	4	N	0	0	4	71
A_MP	692	4	N	0	0	4	26
A_MP	693	4	N	0	0	4	25.75
A_MP	694	4	N	0	0	4	26.5
A_MP	695	4	N	0	0	4	27
A_MP	696	4	N	0	0	3	27
A_MP	697	4	N	0	0	4	21.5
A_MP	698	4	N	0	0	4	21.25
A_MP	699	4	N	0	0	4	21
A_MP	700	4	N	0	0	4	22.25
A_MP	701	4	N	0	0	4	22.25
A_MP	702	4	N	0	0	4	22.5
A_MP	703	4	N	0	0	4	20.5
A_MP	704	4	N	0	0	4	21
A_MP	705	4	N	0	0	4	19
A_MP	706	4	N	0	0	4	19.5
A_MP	707	4	N	0	0	4	23
A_MP	708	4	N	0	0	4	18
A_MP	709	4	N	0	0	4	21.5
A_MP	710	4	N	0	0	4	22
A_MP	711	4	N	0	0	3	25
A_MP	712	4	N	0	0	3	23.6666666666667
A_MP	713	4	N	0	0	3	24.6666666666667
A_MP	714	4	N	0	0	3	24.3333333333333
A_MP	715	4	N	0	0	3	18
A_MP	716	4	N	0	0	4	19.5
A_MP	717	4	N	0	0	4	18
A_MP	718	4	N	0	0	4	21
A_MP	719	4	N	0	0	4	24.25
A_MP	720	4	N	0	0	3	23
A_MP	721	4	N	0	0	4	21.75
A_MP	722	4	N	0	0	4	18.75
A_MP	723	4	N	0	0	4	16.5
A_MP	724	4	N	0	0	4	18
A_MP	725	4	N	0	0	4	21
A_MP	726	4	N	0	0	3	25.3333333333333
A_MP	727	4	N	0	0	4	26
A_MP	728	4	N	0	0	4	23
A_MP	729	4	N	0	0	4	22
A_MP	730	4	N	0	0	4	21.75
A_MP	731	4	N	0	0	4	21.25
A_MP	732	4	N	0	0	4	21.5
A_MP	733	4	N	0	0	4	25.25
A_MP	734	4	N	0	0	4	20.75
A_MP	735	4	N	0	0	3	17
A_MP	736	4	N	0	0	4	15.25
A_MP	737	4	N	0	0	4	14.75
A_MP	738	3	N	1	0	3	19
A_MP	739	3	N	1	0	3	24.6666666666667
A_MP	740	3	N	1	0	3	26.3333333333333
A_MP	741	4	N	0	0	4	20
A_MP	742	4	N	0	0	4	20
A_MP	743	4	N	0	0	4	20.75
A_MP	744	4	N	0	0	4	21.75
A_MP	745	4	N	0	0	4	22
A_MP	746	4	N	0	0	4	17
A_MP	747	4	N	0	0	3	15.6666666666667
A_MP	748	4	N	0	0	4	16.5
A_MP	749	4	N	0	0	4	17
A_MP	750	4	N	0	0	3	14.3333333333333
A_MP	751	4	N	0	0	4	22
A_MP	752	4	N	0	0	4	24.25
A_MP	753	4	N	0	0	4	29
A_MP	754	4	N	0	0	4	27.5
A_MP	755	4	N	0	0	4	28.25
A_MP	756	4	N	0	0	4	29.5
A_MP	757	4	N	0	0	4	30.25
A_MP	758	3	N	1	0	3	22.3333333333333
A_MP	759	3	N	1	0	3	22
A_MP	760	3	N	1	0	3	22.3333333333333
A_MP	761	3	N	1	0	3	21
A_MP	762	4	N	0	0	4	18
A_MP	763	4	N	0	0	4	17.75
A_MP	764	4	N	0	0	4	17.75
A_MP	765	4	N	0	0	4	25
A_MP	766	4	N	0	0	3	19
A_MP	767	4	N	0	0	4	22.5
A_MP	768	4	N	0	0	4	22
A_MP	769	4	N	0	0	3	22.6666666666667
A_MP	770	4	N	0	0	3	15.6666666666667
A_MP	771	4	N	0	0	4	17.75
A_MP	772	4	N	0	0	4	18.25
A_MP	773	4	N	0	0	4	13.5
A_MP	774	4	N	0	0	4	16.75
A_MP	775	4	N	0	0	3	19
A_MP	776	4	N	0	0	4	18
A_MP	777	4	N	0	0	4	20.5
A_MP	778	4	N	0	0	3	20.6666666666667
A_MP	779	4	N	0	0	4	21.75
A_MP	780	4	N	0	0	4	25.5
A_MP	781	4	N	0	0	3	22.6666666666667
A_MP	782	4	N	0	0	4	24.5
A_MP	783	4	N	0	0	4	22.75
A_MP	784	4	N	0	0	4	24.25
A_MP	785	4	N	0	0	4	24.5
A_MP	786	4	N	0	0	4	23
A_MP	787	4	N	0	0	4	24.25
A_MP	788	4	N	0	0	4	21.25
A_MP	789	4	N	0	0	4	20.75
A_MP	790	4	N	0	0	4	21
A_MP	791	4	N	0	0	4	22.5
A_MP	792	4	N	0	0	4	24.5
A_MP	793	4	N	0	0	3	25.6666666666667
A_MP	794	3	N	1	0	2	27.5
A_MP	795	4	N	0	0	3	24.6666666666667
A_MP	796	3	N	1	0	2	16.5
A_MP	797	3	N	1	0	2	21
A_MP	798	4	N	0	0	4	24.75
A_MP	799	4	N	0	0	3	23
A_MP	800	4	N	0	0	3	23
A_MP	801	4	N	0	0	4	24.75
A_MP	802	4	N	0	0	4	27
A_MP	803	4	N	0	0	4	27
A_MP	804	4	N	0	0	4	29.5
A_MP	805	4	N	0	0	4	27.75
A_MP	806	4	N	0	0	4	27.25
A_MP	807	4	N	0	0	4	28.5
A_MP	808	4	N	0	0	4	26.5
A_MP	809	4	N	0	0	4	23.75
A_MP	810	4	N	0	0	4	28.25
A_MP	811	4	N	0	0	4	26
A_MP	812	4	N	0	0	4	28
A_MP	813	4	N	0	0	4	28.5
A_MP	814	4	N	0	0	4	29
A_MP	815	4	N	0	0	3	27
A_MP	816	4	N	0	0	3	24.6666666666667
A_MP	817	4	N	0	0	4	23.75
A_MP	818	4	N	0	0	4	22.5
A_MP	819	4	N	0	0	4	23.25
A_MP	820	4	N	0	0	4	23.75
A_MP	821	4	N	0	0	4	23.25
A_MP	822	4	N	0	0	3	20.6666666666667
A_MP	823	4	N	0	0	4	19.25
A_MP	824	3	N	1	0	3	25.6666666666667
A_MP	825	3	N	1	0	3	16
A_MP	826	4	N	0	0	3	21.6666666666667
A_MP	827	4	N	0	0	4	20.25
A_MP	828	4	N	0	0	4	21
A_MP	829	4	N	0	0	4	25
A_MP	830	4	N	0	0	4	25.5
A_MP	831	4	N	0	0	4	24.25
A_MP	832	4	N	0	0	4	28.75
A_MP	833	4	N	0	0	4	22.5
A_MP	834	3	N	1	0	3	25.3333333333333
A_MP	835	3	N	1	0	3	25.3333333333333
A_MP	836	3	N	1	0	3	26
A_MP	837	4	N	0	0	3	18
A_MP	838	4	N	0	0	3	18.3333333333333
A_MP	839	4	N	0	0	3	10.3333333333333
A_MP	840	4	N	0	0	4	13.5
A_MP	841	4	N	0	0	3	18.3333333333333
A_MP	842	4	N	0	0	4	21
A_MP	843	4	N	0	0	4	24.5
A_MP	844	4	N	0	0	4	25
A_MP	845	4	N	0	0	4	25.5
A_MP	846	4	N	0	0	4	21.75
A_MP	847	4	N	0	0	3	23.3333333333333
A_MP	848	4	N	0	0	4	21
A_MP	849	4	N	0	0	3	19.6666666666667
A_MP	850	4	N	0	0	4	22.75
A_MP	851	4	N	0	0	4	22.75
A_MP	852	4	N	0	0	4	25.5
A_MP	853	4	N	0	0	3	30.3333333333333
A_MP	854	4	N	0	0	4	27
A_MP	855	4	N	0	0	4	26.5
A_MP	856	4	N	0	0	4	27
A_MP	857	4	N	0	0	3	29.3333333333333
A_MP	858	4	N	0	0	4	28
A_MP	859	4	N	0	0	4	23.5
A_MP	860	4	N	0	0	3	21.6666666666667
A_MP	861	4	N	0	0	4	23.25
A_MP	862	4	N	0	0	3	22
A_MP	863	4	N	0	0	3	24
A_MP	864	4	N	0	0	4	26.5
A_MP	865	4	N	0	0	3	27.3333333333333
A_MP	866	4	N	0	0	4	28.75
A_MP	867	4	N	0	0	4	25.5
A_MP	868	4	N	0	0	4	24.5
A_MP	869	4	N	0	0	4	20.5
A_MP	870	4	N	0	0	4	22.5
A_MP	871	4	N	0	0	4	17.25
A_MP	872	4	N	0	0	4	16.25
A_MP	873	4	N	0	0	4	17.75
A_MP	874	4	N	0	0	3	19.6666666666667
A_MP	875	4	N	0	0	4	21.25
A_MP	876	4	N	0	0	4	21.75
A_MP	877	4	N	0	0	4	23.25
A_MP	878	4	N	0	0	4	25.75
A_MP	879	4	N	0	0	4	25.75
A_MP	880	4	N	0	0	4	24.5
A_MP	881	4	N	0	0	4	23.75
A_MP	882	4	N	0	0	4	20.75
A_MP	883	4	N	0	0	4	19.75
A_MP	884	4	N	0	0	4	18.5
A_MP	885	4	N	0	0	4	18.5
A_MP	886	4	N	0	0	4	21.25
A_MP	887	4	N	0	0	4	21.75
A_MP	888	4	N	0	0	4	20.5
A_MP	889	4	N	0	0	4	19.25
A_MP	890	4	N	0	0	4	19.75
A_MP	891	4	N	0	0	4	20
A_MP	892	4	N	0	0	3	18
A_MP	893	4	N	0	0	4	24.25
A_MP	894	4	N	0	0	4	24.25
A_MP	895	4	N	0	0	4	24.5
A_MP	896	4	N	0	0	4	24.5
A_MP	897	4	N	0	0	4	20
A_MP	898	4	N	0	0	4	21.25
A_MP	899	4	N	0	0	4	22.75
A_MP	900	4	N	0	0	4	22.25
A_MP	901	4	N	0	0	3	22.3333333333333
A_MP	902	4	N	0	0	4	23.25
A_MP	903	4	N	0	0	4	24
A_MP	904	4	N	0	0	4	24.5
A_MP	905	4	N	0	0	4	21.75
A_MP	906	4	N	0	0	4	18.25
A_MP	907	4	N	0	0	4	15
A_MP	908	4	N	0	0	4	13.25
A_MP	909	4	N	0	0	3	17.3333333333333
A_MP	910	4	N	0	0	4	23.5
A_MP	911	4	N	0	0	4	19.5
A_MP	912	4	N	0	0	4	20.5
A_MP	913	4	N	0	0	4	22.25
A_MP	914	4	N	0	0	4	21.5
A_MP	915	4	N	0	0	4	23
A_MP	916	4	N	0	0	4	23.75
A_MP	917	4	N	0	0	4	27
A_MP	918	4	N	0	0	3	23.3333333333333
A_MP	919	4	N	0	0	4	18
A_MP	920	4	N	0	0	3	15
A_MP	921	4	N	0	0	4	18.5
A_MP	922	4	N	0	0	4	16.5
A_MP	923	4	N	0	0	4	21.5
A_MP	924	4	N	0	0	4	22.25
A_MP	925	4	N	0	0	3	25
A_MP	926	4	N	0	0	4	22
A_MP	927	4	N	0	0	4	24
A_MP	928	4	N	0	0	4	22
A_MP	929	4	N	0	0	4	25.25
A_MP	930	4	N	0	0	4	38.25
A_MP	931	4	N	0	0	4	24.25
A_MP	932	4	N	0	0	4	23
A_MP	933	4	N	0	0	4	22.5
A_MP	934	4	N	0	0	4	23.75
A_MP	935	4	N	0	0	4	24
A_MP	936	4	N	0	0	4	24.25
A_MP	937	4	N	0	0	4	24.75
A_MP	938	4	N	0	0	4	21.75
A_MP	939	4	N	0	0	4	20.5
A_MP	940	4	N	0	0	4	22
A_MP	941	4	N	0	0	4	21
A_MP	942	4	N	0	0	4	21.75
A_MP	943	4	N	0	0	4	22
A_MP	944	4	N	0	0	4	23
A_MP	945	4	N	0	0	3	22.3333333333333
A_MP	946	4	N	0	0	4	21
A_MP	947	4	N	0	0	4	21
A_MP	948	4	N	0	0	4	22.75
A_MP	949	4	N	0	0	4	23.5
A_MP	950	4	N	0	0	4	22.25
A_MP	951	4	N	0	0	4	21.75
A_MP	952	4	N	0	0	3	22.6666666666667
A_MP	953	4	N	0	0	3	15.3333333333333
A_MP	954	4	N	0	0	4	15.75
A_MP	955	4	N	0	0	4	14.75
A_MP	956	3	N	1	0	3	14
A_MP	957	3	N	1	0	3	16
A_MP	958	4	N	0	0	3	19
A_MP	959	4	N	0	0	4	18.25
A_MP	960	4	N	0	0	4	20.5
A_MP	961	4	N	0	0	3	20
A_MP	962	4	N	0	0	4	22.75
A_MP	963	4	N	0	0	4	26.75
A_MP	964	4	N	0	0	4	24.25
A_MP	965	4	N	0	0	4	25.75
A_MP	966	4	N	0	0	3	23.6666666666667
A_MP	967	4	N	0	0	4	25.5
A_MP	968	4	N	0	0	4	24.25
A_MP	969	4	N	0	0	4	23.5
A_MP	970	4	N	0	0	4	20.5
A_MP	971	4	N	0	0	4	16.75
A_MP	972	4	N	0	0	4	18
A_MP	973	4	N	0	0	3	17.3333333333333
A_MP	974	4	N	0	0	3	16.6666666666667
A_MP	975	4	N	0	0	4	20.5
A_MP	976	4	N	0	0	3	23
A_MP	977	4	N	0	0	4	17.75
A_MP	978	4	N	0	0	4	17.25
A_MP	979	4	N	0	0	4	38.5
A_MP	980	4	N	0	0	4	18.5
A_MP	981	4	N	0	0	4	26.25
A_MP	982	4	N	0	0	4	27.25
