Reference_Name	Position	Coverage Depth	Consensus	Deletions	Ambiguous	Consensus_Count	Consensus_Average_Quality
A_NA_N1	1	3	N	0	0	3	19.3333333333333
A_NA_N1	2	3	N	0	0	3	22.3333333333333
A_NA_N1	3	3	N	0	0	3	21.6666666666667
A_NA_N1	4	3	N	0	0	3	20.3333333333333
A_NA_N1	5	3	N	0	0	3	20.6666666666667
A_NA_N1	6	3	N	0	0	3	28.6666666666667
A_NA_N1	7	3	N	0	0	3	29
A_NA_N1	8	3	N	0	0	3	17.3333333333333
A_NA_N1	9	3	N	0	0	3	17
A_NA_N1	10	3	N	0	0	3	19.3333333333333
A_NA_N1	11	3	N	0	0	3	21.6666666666667
A_NA_N1	12	3	N	0	0	3	22
A_NA_N1	13	2	N	1	0	2	22.5
A_NA_N1	14	2	N	1	0	2	22
A_NA_N1	15	3	N	0	0	3	19
A_NA_N1	16	3	N	0	0	3	17.3333333333333
A_NA_N1	17	3	N	0	0	3	15
A_NA_N1	18	3	N	0	0	3	16
A_NA_N1	19	1	N	2	0	1	29
A_NA_N1	20	1	N	2	0	1	26
A_NA_N1	21	1	N	2	0	1	26
A_NA_N1	22	3	N	0	0	3	18.3333333333333
A_NA_N1	23	3	N	0	0	3	20.3333333333333
A_NA_N1	24	3	N	0	0	3	22
A_NA_N1	25	3	N	0	0	3	9
A_NA_N1	26	3	N	0	0	3	7
A_NA_N1	27	3	N	0	0	3	9.33333333333333
A_NA_N1	28	3	N	0	0	3	13.3333333333333
A_NA_N1	29	3	N	0	0	3	15
A_NA_N1	30	3	N	0	0	3	16.6666666666667
A_NA_N1	31	3	N	0	0	3	17.6666666666667
A_NA_N1	32	3	N	0	0	3	15.6666666666667
A_NA_N1	33	3	N	0	0	3	15.6666666666667
A_NA_N1	34	3	N	0	0	3	18
A_NA_N1	35	3	N	0	0	3	19
A_NA_N1	36	3	N	0	0	3	22.3333333333333
A_NA_N1	37	3	N	0	0	2	22.5
A_NA_N1	38	3	N	0	0	3	26.3333333333333
A_NA_N1	39	3	N	0	0	2	29
A_NA_N1	40	3	N	0	0	3	28
A_NA_N1	41	3	N	0	0	3	26.6666666666667
A_NA_N1	42	3	N	0	0	3	26.3333333333333
A_NA_N1	43	3	N	0	0	3	17
A_NA_N1	44	3	N	0	0	3	17
A_NA_N1	45	3	N	0	0	2	22
A_NA_N1	46	3	N	0	0	3	17
A_NA_N1	47	3	N	0	0	3	18
A_NA_N1	48	3	N	0	0	2	21.5
A_NA_N1	49	3	N	0	0	3	15
A_NA_N1	50	3	N	0	0	2	20
A_NA_N1	51	3	N	0	0	3	17
A_NA_N1	52	2	N	1	0	2	8.5
A_NA_N1	53	3	N	0	0	3	15.6666666666667
A_NA_N1	54	3	N	0	0	3	18
A_NA_N1	55	3	N	0	0	3	19.3333333333333
A_NA_N1	56	3	N	0	0	3	18.6666666666667
A_NA_N1	57	3	N	0	0	2	26
A_NA_N1	58	3	N	0	0	3	19
A_NA_N1	59	3	N	0	0	3	38.3333333333333
A_NA_N1	60	3	N	0	0	3	39
A_NA_N1	61	3	N	0	0	3	18
A_NA_N1	62	3	N	0	0	3	18
A_NA_N1	63	3	N	0	0	3	20.3333333333333
A_NA_N1	64	3	N	0	0	3	20
A_NA_N1	65	3	N	0	0	3	21
A_NA_N1	66	3	N	0	0	3	21.6666666666667
A_NA_N1	67	3	N	0	0	3	22
A_NA_N1	68	3	N	0	0	3	23.6666666666667
A_NA_N1	69	3	N	0	0	3	23.6666666666667
A_NA_N1	70	3	N	0	0	3	20
A_NA_N1	71	3	N	0	0	3	22.6666666666667
A_NA_N1	72	3	N	0	0	3	23
A_NA_N1	73	3	N	0	0	3	23
A_NA_N1	74	3	N	0	0	3	27
A_NA_N1	75	3	N	0	0	3	26
A_NA_N1	76	3	N	0	0	3	24
A_NA_N1	77	3	N	0	0	3	23.6666666666667
A_NA_N1	78	3	N	0	0	3	23.3333333333333
A_NA_N1	79	3	N	0	0	3	19.3333333333333
A_NA_N1	80	3	N	0	0	3	19.6666666666667
A_NA_N1	81	3	N	0	0	3	18
A_NA_N1	82	3	N	0	0	3	18
A_NA_N1	83	3	N	0	0	2	22.5
A_NA_N1	84	3	N	0	0	3	18.6666666666667
A_NA_N1	85	3	N	0	0	3	21
A_NA_N1	86	3	N	0	0	3	22
A_NA_N1	87	3	N	0	0	3	22
A_NA_N1	88	3	N	0	0	3	20
A_NA_N1	89	3	N	0	0	3	19.3333333333333
A_NA_N1	90	3	N	0	0	3	28.6666666666667
A_NA_N1	91	3	N	0	0	3	21.3333333333333
A_NA_N1	92	3	N	0	0	3	22.6666666666667
A_NA_N1	93	3	N	0	0	3	21
A_NA_N1	94	3	N	0	0	3	21.6666666666667
A_NA_N1	95	3	N	0	0	3	24.6666666666667
A_NA_N1	96	3	N	0	0	3	23.3333333333333
A_NA_N1	97	3	N	0	0	3	25.3333333333333
A_NA_N1	98	3	N	0	0	3	27.6666666666667
A_NA_N1	99	3	N	0	0	3	26.6666666666667
A_NA_N1	100	3	N	0	0	3	25
A_NA_N1	101	3	N	0	0	3	25.6666666666667
A_NA_N1	102	3	N	0	0	3	27.3333333333333
A_NA_N1	103	3	N	0	0	3	24
A_NA_N1	104	3	N	0	0	3	23.3333333333333
A_NA_N1	105	3	N	0	0	3	23.3333333333333
A_NA_N1	106	3	N	0	0	2	25.5
A_NA_N1	107	4	N	0	0	4	19.5
A_NA_N1	108	4	N	0	0	4	18.5
A_NA_N1	109	4	N	0	0	4	19
A_NA_N1	110	4	N	0	0	4	19.5
A_NA_N1	111	4	N	0	0	4	20.5
A_NA_N1	112	4	N	0	0	4	22
A_NA_N1	113	4	N	0	0	4	20.75
A_NA_N1	114	4	N	0	0	4	21.75
A_NA_N1	115	4	N	0	0	4	21.5
A_NA_N1	116	4	N	0	0	4	20
A_NA_N1	117	4	N	0	0	4	17
A_NA_N1	118	4	N	0	0	4	18
A_NA_N1	119	4	N	0	0	4	20.75
A_NA_N1	120	4	N	0	0	4	23.75
A_NA_N1	121	4	N	0	0	4	23.5
A_NA_N1	122	4	N	0	0	4	20.5
A_NA_N1	123	4	N	0	0	4	17.25
A_NA_N1	124	4	N	0	0	4	18.5
A_NA_N1	125	4	N	0	0	4	19
A_NA_N1	126	4	N	0	0	4	22.25
A_NA_N1	127	4	N	0	0	4	26.75
A_NA_N1	128	4	N	0	0	4	23.75
A_NA_N1	129	4	N	0	0	4	22.5
A_NA_N1	130	4	N	0	0	4	16.75
A_NA_N1	131	4	N	0	0	4	17.5
A_NA_N1	132	4	N	0	0	4	19.25
A_NA_N1	133	4	N	0	0	4	20.75
A_NA_N1	134	4	N	0	0	4	20.25
A_NA_N1	135	4	N	0	0	4	19.5
A_NA_N1	136	4	N	0	0	4	19
A_NA_N1	137	4	N	0	0	4	19.75
A_NA_N1	138	4	N	0	0	4	20.5
A_NA_N1	139	4	N	0	0	4	19.5
A_NA_N1	140	4	N	0	0	4	21.25
A_NA_N1	141	4	N	0	0	4	21
A_NA_N1	142	4	N	0	0	3	20.6666666666667
A_NA_N1	143	4	N	0	0	4	16.75
A_NA_N1	144	4	N	0	0	4	16.5
A_NA_N1	145	4	N	0	0	4	17.5
A_NA_N1	146	4	N	0	0	4	22
A_NA_N1	147	4	N	0	0	4	22
A_NA_N1	148	4	N	0	0	4	19.75
A_NA_N1	149	4	N	0	0	4	18.75
A_NA_N1	150	4	N	0	0	4	21.5
A_NA_N1	151	4	N	0	0	4	25.75
A_NA_N1	152	4	N	0	0	4	26.5
A_NA_N1	153	4	N	0	0	4	24
A_NA_N1	154	4	N	0	0	4	23.5
A_NA_N1	155	4	N	0	0	3	24.6666666666667
A_NA_N1	156	4	N	0	0	4	22.5
A_NA_N1	157	4	N	0	0	4	21.5
A_NA_N1	158	4	N	0	0	4	21
A_NA_N1	159	4	N	0	0	4	23.75
A_NA_N1	160	4	N	0	0	4	18.5
A_NA_N1	161	4	N	0	0	4	19.75
A_NA_N1	162	4	N	0	0	4	20.5
A_NA_N1	163	4	N	0	0	4	20
A_NA_N1	164	4	N	0	0	4	18
A_NA_N1	165	4	N	0	0	4	21
A_NA_N1	166	3	N	1	0	3	21
A_NA_N1	167	3	N	1	0	3	22
A_NA_N1	168	4	N	0	0	4	22
A_NA_N1	169	4	N	0	0	4	18.75
A_NA_N1	170	4	N	0	0	4	18.5
A_NA_N1	171	4	N	0	0	4	16.5
A_NA_N1	172	4	N	0	0	4	19
A_NA_N1	173	4	N	0	0	4	17.5
A_NA_N1	174	4	N	0	0	4	17.5
A_NA_N1	175	4	N	0	0	4	16.5
A_NA_N1	176	4	N	0	0	4	18.25
A_NA_N1	177	4	N	0	0	4	19
A_NA_N1	178	4	N	0	0	4	17.75
A_NA_N1	179	4	N	0	0	4	18.25
A_NA_N1	180	4	N	0	0	4	19.25
A_NA_N1	181	4	N	0	0	4	18
A_NA_N1	182	4	N	0	0	4	19.25
A_NA_N1	183	4	N	0	0	4	19.25
A_NA_N1	184	4	N	0	0	4	17.75
A_NA_N1	185	4	N	0	0	3	22.3333333333333
A_NA_N1	186	4	N	0	0	4	18.75
A_NA_N1	187	4	N	0	0	4	21.25
A_NA_N1	188	4	N	0	0	4	25
A_NA_N1	189	4	N	0	0	4	24.5
A_NA_N1	190	4	N	0	0	4	22
A_NA_N1	191	4	N	0	0	4	16.75
A_NA_N1	192	4	N	0	0	4	16
A_NA_N1	193	4	N	0	0	4	17
A_NA_N1	194	4	N	0	0	4	16.5
A_NA_N1	195	4	N	0	0	4	16.5
A_NA_N1	196	4	N	0	0	4	20.5
A_NA_N1	197	4	N	0	0	4	20
A_NA_N1	198	4	N	0	0	4	19
A_NA_N1	199	4	N	0	0	3	27.3333333333333
A_NA_N1	200	4	N	0	0	4	25.75
A_NA_N1	201	4	N	0	0	4	24
A_NA_N1	202	4	N	0	0	3	24.6666666666667
A_NA_N1	203	4	N	0	0	4	20.25
A_NA_N1	204	4	N	0	0	4	20
A_NA_N1	205	4	N	0	0	3	20
A_NA_N1	206	4	N	0	0	4	17.25
A_NA_N1	207	4	N	0	0	4	16.75
A_NA_N1	208	4	N	0	0	3	15.6666666666667
A_NA_N1	209	3	N	1	0	3	14.6666666666667
A_NA_N1	210	4	N	0	0	3	15
A_NA_N1	211	4	N	0	0	4	12.5
A_NA_N1	212	4	N	0	0	4	12.5
A_NA_N1	213	4	N	0	0	4	12
A_NA_N1	214	4	N	0	0	4	12.25
A_NA_N1	215	3	N	1	0	3	13.3333333333333
A_NA_N1	216	4	N	0	0	4	12.25
A_NA_N1	217	4	N	0	0	4	14.75
A_NA_N1	218	4	N	0	0	4	18
A_NA_N1	219	4	N	0	0	4	20.25
A_NA_N1	220	4	N	0	0	4	20.5
A_NA_N1	221	4	N	0	0	4	20.5
A_NA_N1	222	4	N	0	0	4	18.25
A_NA_N1	223	4	N	0	0	4	18.5
A_NA_N1	224	4	N	0	0	4	22
A_NA_N1	225	4	N	0	0	4	21.5
A_NA_N1	226	4	N	0	0	4	23
A_NA_N1	227	4	N	0	0	4	26.25
A_NA_N1	228	4	N	0	0	4	26.25
A_NA_N1	229	4	N	0	0	4	24.25
A_NA_N1	230	4	N	0	0	4	26.5
A_NA_N1	231	4	N	0	0	4	26
A_NA_N1	232	4	N	0	0	4	27.25
A_NA_N1	233	4	N	0	0	4	25
A_NA_N1	234	4	N	0	0	4	25.75
A_NA_N1	235	4	N	0	0	4	25.75
A_NA_N1	236	4	N	0	0	4	26.25
A_NA_N1	237	4	N	0	0	4	24.75
A_NA_N1	238	4	N	0	0	4	27.5
A_NA_N1	239	4	N	0	0	4	25.5
A_NA_N1	240	4	N	0	0	4	23.5
A_NA_N1	241	4	N	0	0	4	24
A_NA_N1	242	4	N	0	0	4	23.25
A_NA_N1	243	4	N	0	0	4	19.5
A_NA_N1	244	4	N	0	0	4	18.75
A_NA_N1	245	4	N	0	0	4	18.5
A_NA_N1	246	4	N	0	0	4	22
A_NA_N1	247	4	N	0	0	4	18.5
A_NA_N1	248	4	N	0	0	4	20.25
A_NA_N1	249	4	N	0	0	4	21.25
A_NA_N1	250	4	N	0	0	4	14
A_NA_N1	251	4	N	0	0	4	13.25
A_NA_N1	252	4	N	0	0	4	18.75
A_NA_N1	253	4	N	0	0	4	15.75
A_NA_N1	254	4	N	0	0	4	14.75
A_NA_N1	255	4	N	0	0	4	12.5
A_NA_N1	256	4	N	0	0	3	16
A_NA_N1	257	4	N	0	0	3	14.3333333333333
A_NA_N1	258	4	N	0	0	3	14.6666666666667
A_NA_N1	259	4	N	0	0	3	15.6666666666667
A_NA_N1	260	4	N	0	0	4	13
A_NA_N1	261	4	N	0	0	2	19.5
A_NA_N1	262	4	N	0	0	4	12.75
A_NA_N1	263	3	N	1	0	2	16
A_NA_N1	264	3	N	1	0	3	16.3333333333333
A_NA_N1	265	3	N	1	0	3	16
A_NA_N1	266	2	N	2	0	2	18
A_NA_N1	267	3	N	1	0	2	14
A_NA_N1	268	4	N	0	0	3	17.3333333333333
A_NA_N1	269	4	N	0	0	4	15.5
A_NA_N1	270	4	N	0	0	4	35.75
A_NA_N1	271	4	N	0	0	4	37
A_NA_N1	272	4	N	0	0	4	53.75
A_NA_N1	273	4	N	0	0	4	54
A_NA_N1	274	4	N	0	0	4	39.25
A_NA_N1	275	4	N	0	0	4	19
A_NA_N1	276	4	N	0	0	4	20.5
A_NA_N1	277	4	N	0	0	4	18.75
A_NA_N1	278	4	N	0	0	4	17.75
A_NA_N1	279	4	N	0	0	4	17.25
A_NA_N1	280	4	N	0	0	4	16.25
A_NA_N1	281	3	N	1	0	3	18.3333333333333
A_NA_N1	282	3	N	1	0	3	19
A_NA_N1	283	4	N	0	0	4	17
A_NA_N1	284	4	N	0	0	4	16.75
A_NA_N1	285	4	N	0	0	4	17.25
A_NA_N1	286	4	N	0	0	4	17.5
A_NA_N1	287	4	N	0	0	4	20.75
A_NA_N1	288	4	N	0	0	4	26.75
A_NA_N1	289	4	N	0	0	4	26
A_NA_N1	290	4	N	0	0	4	25.25
A_NA_N1	291	4	N	0	0	4	25.75
A_NA_N1	292	4	N	0	0	4	24.25
A_NA_N1	293	4	N	0	0	4	24
A_NA_N1	294	3	N	1	0	3	19.3333333333333
A_NA_N1	295	3	N	1	0	3	18
A_NA_N1	296	4	N	0	0	4	21.25
A_NA_N1	297	4	N	0	0	4	40.75
A_NA_N1	298	4	N	0	0	4	58
A_NA_N1	299	4	N	0	0	4	20
A_NA_N1	300	4	N	0	0	4	20
A_NA_N1	301	4	N	0	0	4	16.25
A_NA_N1	302	4	N	0	0	4	17.25
A_NA_N1	303	4	N	0	0	4	18.5
A_NA_N1	304	4	N	0	0	4	19.75
A_NA_N1	305	4	N	0	0	4	20
A_NA_N1	306	4	N	0	0	4	18.5
A_NA_N1	307	4	N	0	0	4	19.5
A_NA_N1	308	4	N	0	0	4	20
A_NA_N1	309	4	N	0	0	4	20.5
A_NA_N1	310	4	N	0	0	4	16.25
A_NA_N1	311	4	N	0	0	4	16.5
A_NA_N1	312	4	N	0	0	4	17.25
A_NA_N1	313	4	N	0	0	4	15.25
A_NA_N1	314	4	N	0	0	4	15.75
A_NA_N1	315	4	N	0	0	4	16.5
A_NA_N1	316	4	N	0	0	4	16.5
A_NA_N1	317	4	N	0	0	3	21
A_NA_N1	318	4	N	0	0	4	24.75
A_NA_N1	319	4	N	0	0	4	22.25
A_NA_N1	320	4	N	0	0	4	23.5
A_NA_N1	321	4	N	0	0	4	23.25
A_NA_N1	322	4	N	0	0	4	26
A_NA_N1	323	4	N	0	0	4	24.5
A_NA_N1	324	4	N	0	0	4	22.75
A_NA_N1	325	4	N	0	0	4	17.25
A_NA_N1	326	4	N	0	0	4	15.5
A_NA_N1	327	4	N	0	0	4	17.5
A_NA_N1	328	4	N	0	0	4	19.5
A_NA_N1	329	4	N	0	0	4	22
A_NA_N1	330	4	N	0	0	4	17.5
A_NA_N1	331	4	N	0	0	3	20.3333333333333
A_NA_N1	332	4	N	0	0	4	17
A_NA_N1	333	3	N	1	0	3	20.6666666666667
A_NA_N1	334	4	N	0	0	4	16.75
A_NA_N1	335	4	N	0	0	4	19.25
A_NA_N1	336	4	N	0	0	4	23.25
A_NA_N1	337	4	N	0	0	4	25.75
A_NA_N1	338	4	N	0	0	4	26.75
A_NA_N1	339	4	N	0	0	4	27
A_NA_N1	340	4	N	0	0	4	25.75
A_NA_N1	341	4	N	0	0	4	27
A_NA_N1	342	4	N	0	0	4	42.25
A_NA_N1	343	4	N	0	0	4	26.75
A_NA_N1	344	4	N	0	0	4	25.5
A_NA_N1	345	4	N	0	0	4	25.25
A_NA_N1	346	4	N	0	0	4	22.25
A_NA_N1	347	4	N	0	0	4	22.25
A_NA_N1	348	3	N	1	0	3	28.3333333333333
A_NA_N1	349	4	N	0	0	4	20.75
A_NA_N1	350	4	N	0	0	4	18.75
A_NA_N1	351	4	N	0	0	3	21.3333333333333
A_NA_N1	352	4	N	0	0	4	19.75
A_NA_N1	353	3	N	1	0	3	22.6666666666667
A_NA_N1	354	4	N	0	0	4	17.25
A_NA_N1	355	4	N	0	0	4	16.75
A_NA_N1	356	4	N	0	0	4	18
A_NA_N1	357	4	N	0	0	4	23
A_NA_N1	358	4	N	0	0	4	23.5
A_NA_N1	359	4	N	0	0	4	26
A_NA_N1	360	4	N	0	0	4	27.75
A_NA_N1	361	4	N	0	0	4	25.75
A_NA_N1	362	4	N	0	0	4	27.75
A_NA_N1	363	4	N	0	0	4	25
A_NA_N1	364	4	N	0	0	4	22.75
A_NA_N1	365	4	N	0	0	4	23.25
A_NA_N1	366	4	N	0	0	4	26.25
A_NA_N1	367	4	N	0	0	4	26
A_NA_N1	368	4	N	0	0	4	23.5
A_NA_N1	369	4	N	0	0	4	17.5
A_NA_N1	370	4	N	0	0	4	17.25
A_NA_N1	371	4	N	0	0	3	16.3333333333333
A_NA_N1	372	3	N	1	0	3	15.6666666666667
A_NA_N1	373	3	N	1	0	3	18.6666666666667
A_NA_N1	374	3	N	1	0	3	14.3333333333333
A_NA_N1	375	4	N	0	0	3	16
A_NA_N1	376	4	N	0	0	2	23
A_NA_N1	377	4	N	0	0	4	18.25
A_NA_N1	378	4	N	0	0	4	20.25
A_NA_N1	379	4	N	0	0	4	15.5
A_NA_N1	380	4	N	0	0	4	18.25
A_NA_N1	381	4	N	0	0	4	19.5
A_NA_N1	382	4	N	0	0	4	18
A_NA_N1	383	4	N	0	0	4	20.75
A_NA_N1	384	4	N	0	0	4	19.5
A_NA_N1	385	4	N	0	0	4	19.5
A_NA_N1	386	4	N	0	0	4	18.75
A_NA_N1	387	4	N	0	0	4	20.75
A_NA_N1	388	4	N	0	0	4	19
A_NA_N1	389	4	N	0	0	4	19.75
A_NA_N1	390	4	N	0	0	4	24.25
A_NA_N1	391	4	N	0	0	4	24.5
A_NA_N1	392	4	N	0	0	4	24.75
A_NA_N1	393	4	N	0	0	4	24.5
A_NA_N1	394	3	N	1	0	3	21
A_NA_N1	395	4	N	0	0	4	22
A_NA_N1	396	4	N	0	0	4	26
A_NA_N1	397	4	N	0	0	4	24
A_NA_N1	398	4	N	0	0	4	24
A_NA_N1	399	4	N	0	0	4	21.25
A_NA_N1	400	3	N	1	0	3	25.3333333333333
A_NA_N1	401	4	N	0	0	4	20
A_NA_N1	402	4	N	0	0	4	17.5
A_NA_N1	403	4	N	0	0	4	14.5
A_NA_N1	404	4	N	0	0	4	14.25
A_NA_N1	405	4	N	0	0	4	15.25
A_NA_N1	406	4	N	0	0	4	21.25
A_NA_N1	407	4	N	0	0	4	23.5
A_NA_N1	408	4	N	0	0	4	21.5
A_NA_N1	409	3	N	1	0	3	21.6666666666667
A_NA_N1	410	4	N	0	0	4	22.25
A_NA_N1	411	4	N	0	0	4	24.25
A_NA_N1	412	4	N	0	0	4	21.75
A_NA_N1	413	4	N	0	0	4	24
A_NA_N1	414	3	N	1	0	3	26
A_NA_N1	415	4	N	0	0	4	30.5
A_NA_N1	416	4	N	0	0	4	26.25
A_NA_N1	417	4	N	0	0	4	27.25
A_NA_N1	418	4	N	0	0	4	26.5
A_NA_N1	419	4	N	0	0	4	27.25
A_NA_N1	420	4	N	0	0	4	28
A_NA_N1	421	4	N	0	0	4	26
A_NA_N1	422	4	N	0	0	4	26.75
A_NA_N1	423	4	N	0	0	4	26
A_NA_N1	424	4	N	0	0	4	23.25
A_NA_N1	425	4	N	0	0	4	23.5
A_NA_N1	426	4	N	0	0	4	25.5
A_NA_N1	427	4	N	0	0	4	26.5
A_NA_N1	428	4	N	0	0	4	28
A_NA_N1	429	4	N	0	0	4	28.5
A_NA_N1	430	4	N	0	0	4	27.5
A_NA_N1	431	3	N	1	0	3	29.6666666666667
A_NA_N1	432	4	N	0	0	3	29.3333333333333
A_NA_N1	433	4	N	0	0	4	22
A_NA_N1	434	4	N	0	0	4	21.75
A_NA_N1	435	4	N	0	0	4	16
A_NA_N1	436	4	N	0	0	4	15.75
A_NA_N1	437	4	N	0	0	4	19
A_NA_N1	438	4	N	0	0	4	20.25
A_NA_N1	439	4	N	0	0	4	25.5
A_NA_N1	440	4	N	0	0	4	23.75
A_NA_N1	441	4	N	0	0	4	25
A_NA_N1	442	4	N	0	0	4	25.75
A_NA_N1	443	4	N	0	0	4	25
A_NA_N1	444	4	N	0	0	4	25.5
A_NA_N1	445	4	N	0	0	4	28.75
A_NA_N1	446	4	N	0	0	4	29.25
A_NA_N1	447	4	N	0	0	3	24.6666666666667
A_NA_N1	448	4	N	0	0	4	23
A_NA_N1	449	4	N	0	0	4	19.5
A_NA_N1	450	4	N	0	0	3	26.6666666666667
A_NA_N1	451	4	N	0	0	3	27.3333333333333
A_NA_N1	452	4	N	0	0	4	21
A_NA_N1	453	4	N	0	0	4	19.5
A_NA_N1	454	4	N	0	0	4	12.25
A_NA_N1	455	4	N	0	0	4	10.5
A_NA_N1	456	4	N	0	0	4	14.5
A_NA_N1	457	4	N	0	0	4	19.5
A_NA_N1	458	4	N	0	0	4	21.5
A_NA_N1	459	4	N	0	0	4	22.75
A_NA_N1	460	4	N	0	0	4	23
A_NA_N1	461	4	N	0	0	4	20
A_NA_N1	462	4	N	0	0	4	19.5
A_NA_N1	463	4	N	0	0	4	18.5
A_NA_N1	464	4	N	0	0	4	18.5
A_NA_N1	465	4	N	0	0	4	17.75
A_NA_N1	466	4	N	0	0	4	17
A_NA_N1	467	4	N	0	0	4	14.75
A_NA_N1	468	4	N	0	0	4	16.5
A_NA_N1	469	4	N	0	0	4	14.5
A_NA_N1	470	4	N	0	0	4	14.5
A_NA_N1	471	4	N	0	0	4	14.25
A_NA_N1	472	4	N	0	0	4	16
A_NA_N1	473	4	N	0	0	4	17.75
A_NA_N1	474	4	N	0	0	4	22.5
A_NA_N1	475	4	N	0	0	4	23.75
A_NA_N1	476	4	N	0	0	4	23.25
A_NA_N1	477	4	N	0	0	4	22.25
A_NA_N1	478	4	N	0	0	4	21.5
A_NA_N1	479	4	N	0	0	4	20.25
A_NA_N1	480	4	N	0	0	4	20.5
A_NA_N1	481	4	N	0	0	4	20.75
A_NA_N1	482	4	N	0	0	4	21.25
A_NA_N1	483	4	N	0	0	4	21.25
A_NA_N1	484	3	N	1	0	3	26.3333333333333
A_NA_N1	485	3	N	1	0	3	24.3333333333333
A_NA_N1	486	3	N	1	0	3	21.3333333333333
A_NA_N1	487	3	N	1	0	3	20
A_NA_N1	488	4	N	0	0	3	18.3333333333333
A_NA_N1	489	4	N	0	0	4	12
A_NA_N1	490	4	N	0	0	4	11.5
A_NA_N1	491	4	N	0	0	3	12.6666666666667
A_NA_N1	492	4	N	0	0	4	9.75
A_NA_N1	493	4	N	0	0	4	10
A_NA_N1	494	4	N	0	0	4	9.75
A_NA_N1	495	4	N	0	0	3	9.66666666666667
A_NA_N1	496	4	N	0	0	3	9.33333333333333
A_NA_N1	497	4	N	0	0	4	9.5
A_NA_N1	498	4	N	0	0	4	12.75
A_NA_N1	499	4	N	0	0	4	13.75
A_NA_N1	500	4	N	0	0	4	14.5
A_NA_N1	501	4	N	0	0	4	12.75
A_NA_N1	502	4	N	0	0	4	14
A_NA_N1	503	4	N	0	0	4	14
A_NA_N1	504	4	N	0	0	3	16.3333333333333
A_NA_N1	505	4	N	0	0	4	15.25
A_NA_N1	506	4	N	0	0	4	15
A_NA_N1	507	4	N	0	0	4	15
A_NA_N1	508	4	N	0	0	4	18.25
A_NA_N1	509	4	N	0	0	4	20.75
A_NA_N1	510	4	N	0	0	4	21.75
A_NA_N1	511	4	N	0	0	4	22.75
A_NA_N1	512	4	N	0	0	4	25.75
A_NA_N1	513	4	N	0	0	4	27.75
A_NA_N1	514	4	N	0	0	4	28
A_NA_N1	515	4	N	0	0	4	27.5
A_NA_N1	516	4	N	0	0	4	27.25
A_NA_N1	517	4	N	0	0	4	22.5
A_NA_N1	518	4	N	0	0	4	22.25
A_NA_N1	519	4	N	0	0	4	21
A_NA_N1	520	3	N	1	0	3	22
A_NA_N1	521	3	N	1	0	3	22
A_NA_N1	522	4	N	0	0	3	24.3333333333333
A_NA_N1	523	4	N	0	0	4	22.75
A_NA_N1	524	4	N	0	0	4	19.25
A_NA_N1	525	4	N	0	0	4	17
A_NA_N1	526	4	N	0	0	4	15.75
A_NA_N1	527	4	N	0	0	4	16
A_NA_N1	528	4	N	0	0	3	18.6666666666667
A_NA_N1	529	4	N	0	0	4	17
A_NA_N1	530	4	N	0	0	4	16.25
A_NA_N1	531	4	N	0	0	4	16.25
A_NA_N1	532	4	N	0	0	4	16.75
A_NA_N1	533	4	N	0	0	4	17.75
A_NA_N1	534	4	N	0	0	4	18.25
A_NA_N1	535	4	N	0	0	4	18.75
A_NA_N1	536	4	N	0	0	3	20.3333333333333
A_NA_N1	537	4	N	0	0	4	15.75
A_NA_N1	538	4	N	0	0	4	14.75
A_NA_N1	539	4	N	0	0	4	14.5
A_NA_N1	540	4	N	0	0	4	15.25
A_NA_N1	541	4	N	0	0	4	14.5
A_NA_N1	542	4	N	0	0	4	15.5
A_NA_N1	543	3	N	1	0	3	17.6666666666667
A_NA_N1	544	4	N	0	0	4	17.5
A_NA_N1	545	4	N	0	0	4	17.75
A_NA_N1	546	4	N	0	0	4	17
A_NA_N1	547	4	N	0	0	4	15.25
A_NA_N1	548	4	N	0	0	4	12.5
A_NA_N1	549	4	N	0	0	4	17.25
A_NA_N1	550	4	N	0	0	4	17.75
A_NA_N1	551	4	N	0	0	4	18
A_NA_N1	552	4	N	0	0	4	23
A_NA_N1	553	4	N	0	0	4	23.5
A_NA_N1	554	4	N	0	0	4	18.25
A_NA_N1	555	4	N	0	0	4	19.25
A_NA_N1	556	4	N	0	0	4	19.5
A_NA_N1	557	4	N	0	0	4	19.75
A_NA_N1	558	4	N	0	0	4	26.25
A_NA_N1	559	4	N	0	0	4	18.25
A_NA_N1	560	4	N	0	0	4	15
A_NA_N1	561	4	N	0	0	4	18
A_NA_N1	562	4	N	0	0	4	20.5
A_NA_N1	563	4	N	0	0	4	20.75
A_NA_N1	564	4	N	0	0	4	20.5
A_NA_N1	565	4	N	0	0	4	21.25
A_NA_N1	566	4	N	0	0	4	21.75
A_NA_N1	567	4	N	0	0	4	24.25
A_NA_N1	568	4	N	0	0	4	28.25
A_NA_N1	569	4	N	0	0	4	24.25
A_NA_N1	570	4	N	0	0	4	21.5
A_NA_N1	571	4	N	0	0	4	21.5
A_NA_N1	572	4	N	0	0	4	21.25
A_NA_N1	573	4	N	0	0	4	17.5
A_NA_N1	574	4	N	0	0	3	20.6666666666667
A_NA_N1	575	4	N	0	0	4	15.5
A_NA_N1	576	4	N	0	0	4	14.5
A_NA_N1	577	4	N	0	0	3	17
A_NA_N1	578	3	N	1	0	3	16.3333333333333
A_NA_N1	579	4	N	0	0	3	17.3333333333333
A_NA_N1	580	4	N	0	0	4	18.75
A_NA_N1	581	4	N	0	0	3	27
A_NA_N1	582	4	N	0	0	4	20.5
A_NA_N1	583	4	N	0	0	3	25.6666666666667
A_NA_N1	584	4	N	0	0	4	20.75
A_NA_N1	585	4	N	0	0	4	21.5
A_NA_N1	586	4	N	0	0	4	22
A_NA_N1	587	4	N	0	0	3	25
A_NA_N1	588	4	N	0	0	3	23.3333333333333
A_NA_N1	589	4	N	0	0	3	20.3333333333333
A_NA_N1	590	4	N	0	0	4	18
A_NA_N1	591	4	N	0	0	4	18.75
A_NA_N1	592	4	N	0	0	4	19
A_NA_N1	593	4	N	0	0	4	21.5
A_NA_N1	594	4	N	0	0	4	24.25
A_NA_N1	595	4	N	0	0	4	22.25
A_NA_N1	596	4	N	0	0	4	23.75
A_NA_N1	597	4	N	0	0	4	25.75
A_NA_N1	598	4	N	0	0	4	22.25
A_NA_N1	599	4	N	0	0	3	21.3333333333333
A_NA_N1	600	4	N	0	0	4	22.25
A_NA_N1	601	4	N	0	0	4	24.75
A_NA_N1	602	4	N	0	0	4	21
A_NA_N1	603	4	N	0	0	4	20.5
A_NA_N1	604	4	N	0	0	4	20.5
A_NA_N1	605	4	N	0	0	4	19.75
A_NA_N1	606	4	N	0	0	4	18.75
A_NA_N1	607	4	N	0	0	4	19
A_NA_N1	608	4	N	0	0	4	19.25
A_NA_N1	609	4	N	0	0	4	19.25
A_NA_N1	610	4	N	0	0	4	19
A_NA_N1	611	4	N	0	0	4	19.25
A_NA_N1	612	4	N	0	0	4	19.75
A_NA_N1	613	4	N	0	0	4	17.75
A_NA_N1	614	4	N	0	0	4	18
A_NA_N1	615	4	N	0	0	4	16
A_NA_N1	616	4	N	0	0	4	30
A_NA_N1	617	4	N	0	0	4	15.25
A_NA_N1	618	4	N	0	0	4	11.5
A_NA_N1	619	4	N	0	0	4	17.25
A_NA_N1	620	4	N	0	0	4	16.25
A_NA_N1	621	4	N	0	0	4	20.75
A_NA_N1	622	4	N	0	0	4	17.5
A_NA_N1	623	4	N	0	0	4	16.25
A_NA_N1	624	4	N	0	0	4	16
A_NA_N1	625	4	N	0	0	4	16
A_NA_N1	626	4	N	0	0	4	19.75
A_NA_N1	627	4	N	0	0	4	17.75
A_NA_N1	628	4	N	0	0	4	21.75
A_NA_N1	629	4	N	0	0	4	21.25
A_NA_N1	630	4	N	0	0	4	25.75
A_NA_N1	631	4	N	0	0	4	24.5
A_NA_N1	632	4	N	0	0	4	23.75
A_NA_N1	633	4	N	0	0	4	20
A_NA_N1	634	4	N	0	0	4	18
A_NA_N1	635	4	N	0	0	4	18.25
A_NA_N1	636	4	N	0	0	4	19
A_NA_N1	637	4	N	0	0	4	19.25
A_NA_N1	638	4	N	0	0	4	21.5
A_NA_N1	639	4	N	0	0	4	21.25
A_NA_N1	640	4	N	0	0	4	21
A_NA_N1	641	4	N	0	0	4	19.25
A_NA_N1	642	4	N	0	0	4	15.75
A_NA_N1	643	4	N	0	0	4	10
A_NA_N1	644	4	N	0	0	4	9.75
A_NA_N1	645	4	N	0	0	3	10.6666666666667
A_NA_N1	646	4	N	0	0	4	16.75
A_NA_N1	647	4	N	0	0	4	16.75
A_NA_N1	648	4	N	0	0	4	20.5
A_NA_N1	649	4	N	0	0	4	21
A_NA_N1	650	4	N	0	0	4	19.75
A_NA_N1	651	4	N	0	0	4	16.75
A_NA_N1	652	3	N	1	0	3	20
A_NA_N1	653	4	N	0	0	4	18
A_NA_N1	654	4	N	0	0	4	18.25
A_NA_N1	655	4	N	0	0	4	19.25
A_NA_N1	656	4	N	0	0	4	21
A_NA_N1	657	4	N	0	0	4	20.5
A_NA_N1	658	4	N	0	0	4	20.75
A_NA_N1	659	4	N	0	0	4	24.25
A_NA_N1	660	4	N	0	0	4	24.25
A_NA_N1	661	4	N	0	0	4	20
A_NA_N1	662	4	N	0	0	4	22
A_NA_N1	663	4	N	0	0	4	23.5
A_NA_N1	664	4	N	0	0	4	23.75
A_NA_N1	665	4	N	0	0	4	21.75
A_NA_N1	666	4	N	0	0	4	22
A_NA_N1	667	4	N	0	0	4	23
A_NA_N1	668	4	N	0	0	3	24
A_NA_N1	669	4	N	0	0	3	45
A_NA_N1	670	4	N	0	0	3	42.3333333333333
A_NA_N1	671	4	N	0	0	3	20.6666666666667
A_NA_N1	672	4	N	0	0	3	22.3333333333333
A_NA_N1	673	4	N	0	0	4	17.75
A_NA_N1	674	4	N	0	0	4	20.75
A_NA_N1	675	4	N	0	0	4	18.75
A_NA_N1	676	4	N	0	0	4	19.75
A_NA_N1	677	4	N	0	0	4	20.75
A_NA_N1	678	4	N	0	0	4	22.5
A_NA_N1	679	4	N	0	0	4	42
A_NA_N1	680	4	N	0	0	4	31.25
A_NA_N1	681	4	N	0	0	4	25.5
A_NA_N1	682	4	N	0	0	4	20.75
A_NA_N1	683	4	N	0	0	4	20
A_NA_N1	684	4	N	0	0	4	19.25
A_NA_N1	685	4	N	0	0	4	18.25
A_NA_N1	686	4	N	0	0	4	18.5
A_NA_N1	687	4	N	0	0	4	18
A_NA_N1	688	4	N	0	0	4	21.5
A_NA_N1	689	4	N	0	0	4	24.25
A_NA_N1	690	4	N	0	0	4	24.75
A_NA_N1	691	4	N	0	0	4	22
A_NA_N1	692	4	N	0	0	4	21.75
A_NA_N1	693	4	N	0	0	4	21.25
A_NA_N1	694	4	N	0	0	4	20.75
A_NA_N1	695	4	N	0	0	4	18.5
A_NA_N1	696	4	N	0	0	4	19.25
A_NA_N1	697	4	N	0	0	4	20.75
A_NA_N1	698	4	N	0	0	4	20
A_NA_N1	699	4	N	0	0	4	20.75
A_NA_N1	700	4	N	0	0	4	21.5
A_NA_N1	701	4	N	0	0	4	22.75
A_NA_N1	702	4	N	0	0	4	21.5
A_NA_N1	703	4	N	0	0	4	21.5
A_NA_N1	704	4	N	0	0	4	23
A_NA_N1	705	4	N	0	0	4	21.5
A_NA_N1	706	4	N	0	0	4	21.25
A_NA_N1	707	4	N	0	0	4	17.25
A_NA_N1	708	4	N	0	0	4	21.75
A_NA_N1	709	4	N	0	0	4	26
A_NA_N1	710	4	N	0	0	4	23.25
A_NA_N1	711	4	N	0	0	4	26.25
A_NA_N1	712	4	N	0	0	4	28.75
A_NA_N1	713	4	N	0	0	4	25.75
A_NA_N1	714	4	N	0	0	4	23.75
A_NA_N1	715	4	N	0	0	4	22.25
A_NA_N1	716	4	N	0	0	4	22.5
A_NA_N1	717	4	N	0	0	4	26.5
A_NA_N1	718	4	N	0	0	4	18.5
A_NA_N1	719	4	N	0	0	4	20.5
A_NA_N1	720	4	N	0	0	4	20.75
A_NA_N1	721	4	N	0	0	4	20.75
A_NA_N1	722	4	N	0	0	4	22.5
A_NA_N1	723	4	N	0	0	4	23.75
A_NA_N1	724	4	N	0	0	4	22.75
A_NA_N1	725	4	N	0	0	4	22
A_NA_N1	726	4	N	0	0	4	21
A_NA_N1	727	4	N	0	0	4	20.5
A_NA_N1	728	4	N	0	0	4	21.25
A_NA_N1	729	4	N	0	0	2	16
A_NA_N1	730	4	N	0	0	3	16.3333333333333
A_NA_N1	731	4	N	0	0	4	15
A_NA_N1	732	4	N	0	0	4	14.75
A_NA_N1	733	4	N	0	0	4	17
A_NA_N1	734	4	N	0	0	4	21.75
A_NA_N1	735	4	N	0	0	4	23
A_NA_N1	736	4	N	0	0	4	22.75
A_NA_N1	737	4	N	0	0	4	23
A_NA_N1	738	4	N	0	0	4	21
A_NA_N1	739	4	N	0	0	4	21
A_NA_N1	740	4	N	0	0	4	17.25
A_NA_N1	741	4	N	0	0	4	17.25
A_NA_N1	742	4	N	0	0	4	19.75
A_NA_N1	743	4	N	0	0	4	20.25
A_NA_N1	744	4	N	0	0	4	19.75
A_NA_N1	745	4	N	0	0	4	20
A_NA_N1	746	4	N	0	0	4	21
A_NA_N1	747	4	N	0	0	4	28.5
A_NA_N1	748	4	N	0	0	4	28
A_NA_N1	749	4	N	0	0	4	23.5
A_NA_N1	750	4	N	0	0	4	23
A_NA_N1	751	4	N	0	0	4	20.5
A_NA_N1	752	4	N	0	0	4	20.5
A_NA_N1	753	4	N	0	0	4	21.25
A_NA_N1	754	4	N	0	0	4	21.75
A_NA_N1	755	4	N	0	0	4	22.5
A_NA_N1	756	4	N	0	0	4	16.75
A_NA_N1	757	4	N	0	0	3	18.6666666666667
A_NA_N1	758	4	N	0	0	4	14.75
A_NA_N1	759	4	N	0	0	4	13.75
A_NA_N1	760	4	N	0	0	4	14
A_NA_N1	761	4	N	0	0	4	15.5
A_NA_N1	762	4	N	0	0	4	23
A_NA_N1	763	4	N	0	0	4	26.25
A_NA_N1	764	4	N	0	0	4	25.5
A_NA_N1	765	4	N	0	0	4	25
A_NA_N1	766	4	N	0	0	4	24
A_NA_N1	767	4	N	0	0	4	25.75
A_NA_N1	768	4	N	0	0	4	27.75
A_NA_N1	769	4	N	0	0	4	22.5
A_NA_N1	770	4	N	0	0	4	19.25
A_NA_N1	771	4	N	0	0	4	20.75
A_NA_N1	772	4	N	0	0	4	26.75
A_NA_N1	773	4	N	0	0	4	26
A_NA_N1	774	2	N	2	0	2	29
A_NA_N1	775	2	N	2	0	2	28
A_NA_N1	776	4	N	0	0	4	28.5
A_NA_N1	777	4	N	0	0	4	22
A_NA_N1	778	4	N	0	0	4	19
A_NA_N1	779	4	N	0	0	4	17
A_NA_N1	780	4	N	0	0	4	19
A_NA_N1	781	4	N	0	0	4	19.5
A_NA_N1	782	4	N	0	0	4	14.25
A_NA_N1	783	4	N	0	0	4	15.75
A_NA_N1	784	4	N	0	0	4	17.5
A_NA_N1	785	4	N	0	0	4	25.25
A_NA_N1	786	4	N	0	0	4	25.25
A_NA_N1	787	4	N	0	0	4	23.5
A_NA_N1	788	4	N	0	0	4	23.5
A_NA_N1	789	4	N	0	0	4	40.75
A_NA_N1	790	4	N	0	0	4	41
A_NA_N1	791	4	N	0	0	4	27.5
A_NA_N1	792	4	N	0	0	4	27.25
A_NA_N1	793	4	N	0	0	4	27.75
A_NA_N1	794	4	N	0	0	4	28.5
A_NA_N1	795	4	N	0	0	4	26.75
A_NA_N1	796	4	N	0	0	4	25.75
A_NA_N1	797	4	N	0	0	4	26
A_NA_N1	798	4	N	0	0	4	22
A_NA_N1	799	4	N	0	0	4	19.5
A_NA_N1	800	4	N	0	0	4	19.75
A_NA_N1	801	4	N	0	0	4	20
A_NA_N1	802	4	N	0	0	4	15
A_NA_N1	803	4	N	0	0	4	18.25
A_NA_N1	804	4	N	0	0	4	18
A_NA_N1	805	4	N	0	0	4	26.75
A_NA_N1	806	3	N	1	0	3	26
A_NA_N1	807	4	N	0	0	3	23
A_NA_N1	808	4	N	0	0	4	22
A_NA_N1	809	4	N	0	0	4	16.75
A_NA_N1	810	4	N	0	0	4	15.75
A_NA_N1	811	4	N	0	0	4	12
A_NA_N1	812	4	N	0	0	4	11.5
A_NA_N1	813	4	N	0	0	4	13
A_NA_N1	814	4	N	0	0	4	18.75
A_NA_N1	815	4	N	0	0	4	18.25
A_NA_N1	816	4	N	0	0	4	19.25
A_NA_N1	817	4	N	0	0	4	22.25
A_NA_N1	818	4	N	0	0	4	27.25
A_NA_N1	819	4	N	0	0	4	27.5
A_NA_N1	820	4	N	0	0	4	29
A_NA_N1	821	4	N	0	0	4	28.75
A_NA_N1	822	4	N	0	0	4	24
A_NA_N1	823	4	N	0	0	4	23.75
A_NA_N1	824	4	N	0	0	4	22.5
A_NA_N1	825	4	N	0	0	4	22.25
A_NA_N1	826	4	N	0	0	4	20
A_NA_N1	827	4	N	0	0	4	16.75
A_NA_N1	828	4	N	0	0	4	15.75
A_NA_N1	829	4	N	0	0	4	16.25
A_NA_N1	830	4	N	0	0	4	17
A_NA_N1	831	4	N	0	0	4	17.75
A_NA_N1	832	4	N	0	0	4	20.5
A_NA_N1	833	4	N	0	0	4	19.5
A_NA_N1	834	4	N	0	0	3	18.6666666666667
A_NA_N1	835	4	N	0	0	4	14.5
A_NA_N1	836	4	N	0	0	4	18.5
A_NA_N1	837	4	N	0	0	4	22.75
A_NA_N1	838	3	N	1	0	3	25.3333333333333
A_NA_N1	839	4	N	0	0	4	22.5
A_NA_N1	840	4	N	0	0	4	17.75
A_NA_N1	841	4	N	0	0	3	15.3333333333333
A_NA_N1	842	4	N	0	0	4	19.75
A_NA_N1	843	4	N	0	0	4	23.25
A_NA_N1	844	4	N	0	0	4	23.25
A_NA_N1	845	3	N	1	0	3	17
A_NA_N1	846	3	N	1	0	3	18.3333333333333
A_NA_N1	847	3	N	1	0	3	21.6666666666667
A_NA_N1	848	4	N	0	0	4	22.75
A_NA_N1	849	4	N	0	0	4	23.25
A_NA_N1	850	4	N	0	0	4	29.5
A_NA_N1	851	4	N	0	0	4	40.25
A_NA_N1	852	4	N	0	0	4	41.25
A_NA_N1	853	4	N	0	0	4	41
A_NA_N1	854	4	N	0	0	4	26.5
A_NA_N1	855	4	N	0	0	4	17
A_NA_N1	856	4	N	0	0	3	20
A_NA_N1	857	4	N	0	0	3	20.6666666666667
A_NA_N1	858	4	N	0	0	4	17.5
A_NA_N1	859	4	N	0	0	4	16.25
A_NA_N1	860	4	N	0	0	4	16.75
A_NA_N1	861	4	N	0	0	4	19.75
A_NA_N1	862	4	N	0	0	4	23.25
A_NA_N1	863	4	N	0	0	4	25.5
A_NA_N1	864	4	N	0	0	4	27
A_NA_N1	865	4	N	0	0	3	30.6666666666667
A_NA_N1	866	4	N	0	0	4	21
A_NA_N1	867	4	N	0	0	3	23.3333333333333
A_NA_N1	868	3	N	1	0	3	20.3333333333333
A_NA_N1	869	3	N	1	0	2	28.5
A_NA_N1	870	4	N	0	0	4	20.25
A_NA_N1	871	4	N	0	0	4	33.75
A_NA_N1	872	4	N	0	0	4	34.25
A_NA_N1	873	4	N	0	0	4	41.25
A_NA_N1	874	4	N	0	0	4	56.75
A_NA_N1	875	4	N	0	0	4	41.5
A_NA_N1	876	4	N	0	0	4	26.5
A_NA_N1	877	4	N	0	0	4	26.25
A_NA_N1	878	4	N	0	0	4	26.5
A_NA_N1	879	4	N	0	0	4	25
A_NA_N1	880	4	N	0	0	4	25.75
A_NA_N1	881	4	N	0	0	4	26.75
A_NA_N1	882	4	N	0	0	4	24.5
A_NA_N1	883	3	N	1	0	3	24
A_NA_N1	884	4	N	0	0	4	20.25
A_NA_N1	885	4	N	0	0	3	26.6666666666667
A_NA_N1	886	4	N	0	0	4	21.25
A_NA_N1	887	4	N	0	0	4	21.75
A_NA_N1	888	4	N	0	0	4	20.75
A_NA_N1	889	4	N	0	0	4	23.75
A_NA_N1	890	4	N	0	0	4	21.75
A_NA_N1	891	4	N	0	0	4	22.5
A_NA_N1	892	4	N	0	0	4	21
A_NA_N1	893	4	N	0	0	4	20
A_NA_N1	894	4	N	0	0	4	18.75
A_NA_N1	895	4	N	0	0	4	18.5
A_NA_N1	896	4	N	0	0	4	16
A_NA_N1	897	3	N	1	0	3	19.6666666666667
A_NA_N1	898	4	N	0	0	4	14.75
A_NA_N1	899	4	N	0	0	3	40.3333333333333
A_NA_N1	900	4	N	0	0	4	17.75
A_NA_N1	901	4	N	0	0	4	20.5
A_NA_N1	902	4	N	0	0	4	19.75
A_NA_N1	903	4	N	0	0	4	19.75
A_NA_N1	904	4	N	0	0	4	22
A_NA_N1	905	4	N	0	0	4	18.75
A_NA_N1	906	4	N	0	0	4	21.25
A_NA_N1	907	4	N	0	0	4	19.75
A_NA_N1	908	4	N	0	0	4	16.5
A_NA_N1	909	4	N	0	0	4	16.25
A_NA_N1	910	4	N	0	0	4	17.75
A_NA_N1	911	4	N	0	0	4	15.25
A_NA_N1	912	4	N	0	0	4	20.75
A_NA_N1	913	4	N	0	0	4	25
A_NA_N1	914	4	N	0	0	4	25.5
A_NA_N1	915	4	N	0	0	4	22.75
A_NA_N1	916	4	N	0	0	4	23.5
A_NA_N1	917	4	N	0	0	4	26.25
A_NA_N1	918	4	N	0	0	4	27.75
A_NA_N1	919	4	N	0	0	4	23.75
A_NA_N1	920	4	N	0	0	4	22.5
A_NA_N1	921	4	N	0	0	4	23
A_NA_N1	922	4	N	0	0	4	22
A_NA_N1	923	4	N	0	0	4	22.25
A_NA_N1	924	4	N	0	0	4	22.25
A_NA_N1	925	4	N	0	0	4	24.25
A_NA_N1	926	4	N	0	0	4	24.75
A_NA_N1	927	4	N	0	0	4	23.25
A_NA_N1	928	4	N	0	0	4	19.25
A_NA_N1	929	4	N	0	0	4	19.75
A_NA_N1	930	4	N	0	0	4	19.5
A_NA_N1	931	4	N	0	0	4	22.75
A_NA_N1	932	4	N	0	0	4	20.75
A_NA_N1	933	4	N	0	0	4	36
A_NA_N1	934	4	N	0	0	4	18
A_NA_N1	935	4	N	0	0	3	25
A_NA_N1	936	4	N	0	0	4	19.5
A_NA_N1	937	3	N	1	0	3	20.6666666666667
A_NA_N1	938	4	N	0	0	4	13
A_NA_N1	939	4	N	0	0	4	11.75
A_NA_N1	940	4	N	0	0	4	31.25
A_NA_N1	941	4	N	0	0	4	26
A_NA_N1	942	4	N	0	0	4	25.5
A_NA_N1	943	4	N	0	0	4	26.75
A_NA_N1	944	4	N	0	0	4	26
A_NA_N1	945	4	N	0	0	4	25.25
A_NA_N1	946	4	N	0	0	4	25.5
A_NA_N1	947	4	N	0	0	4	25.75
A_NA_N1	948	4	N	0	0	4	27.75
A_NA_N1	949	4	N	0	0	4	30
A_NA_N1	950	4	N	0	0	4	26.25
A_NA_N1	951	4	N	0	0	4	26.25
A_NA_N1	952	4	N	0	0	4	26.25
A_NA_N1	953	4	N	0	0	4	25.75
A_NA_N1	954	4	N	0	0	4	26.5
A_NA_N1	955	4	N	0	0	4	23.5
A_NA_N1	956	3	N	1	0	3	23
A_NA_N1	957	3	N	1	0	3	23.6666666666667
A_NA_N1	958	4	N	0	0	4	25
A_NA_N1	959	4	N	0	0	4	24.75
A_NA_N1	960	4	N	0	0	4	26.75
A_NA_N1	961	4	N	0	0	4	27.75
A_NA_N1	962	3	N	1	0	3	22.3333333333333
A_NA_N1	963	4	N	0	0	4	25
A_NA_N1	964	4	N	0	0	4	26
A_NA_N1	965	4	N	0	0	4	26.5
A_NA_N1	966	4	N	0	0	4	27
A_NA_N1	967	4	N	0	0	4	19.75
A_NA_N1	968	4	N	0	0	4	17.25
A_NA_N1	969	4	N	0	0	4	15
A_NA_N1	970	4	N	0	0	4	15.25
A_NA_N1	971	4	N	0	0	4	12.75
A_NA_N1	972	4	N	0	0	4	13.75
A_NA_N1	973	4	N	0	0	4	14.75
A_NA_N1	974	4	N	0	0	4	15
A_NA_N1	975	4	N	0	0	4	18.75
A_NA_N1	976	4	N	0	0	4	19.75
A_NA_N1	977	4	N	0	0	4	18.25
A_NA_N1	978	4	N	0	0	4	18
A_NA_N1	979	4	N	0	0	4	20.75
A_NA_N1	980	4	N	0	0	4	18.75
A_NA_N1	981	3	N	1	0	3	23.6666666666667
A_NA_N1	982	4	N	0	0	4	15.75
A_NA_N1	983	4	N	0	0	4	15.5
A_NA_N1	984	4	N	0	0	4	14.5
A_NA_N1	985	4	N	0	0	4	15.5
A_NA_N1	986	4	N	0	0	4	17.25
A_NA_N1	987	4	N	0	0	4	16.75
A_NA_N1	988	4	N	0	0	4	19.5
A_NA_N1	989	4	N	0	0	4	19.5
A_NA_N1	990	4	N	0	0	4	20
A_NA_N1	991	4	N	0	0	3	23.3333333333333
A_NA_N1	992	4	N	0	0	4	19
A_NA_N1	993	4	N	0	0	4	20.5
A_NA_N1	994	4	N	0	0	4	22.25
A_NA_N1	995	4	N	0	0	3	28
A_NA_N1	996	4	N	0	0	4	17.5
A_NA_N1	997	4	N	0	0	4	18
A_NA_N1	998	4	N	0	0	4	17.75
A_NA_N1	999	4	N	0	0	4	18.5
A_NA_N1	1000	4	N	0	0	4	18
A_NA_N1	1001	4	N	0	0	4	19
A_NA_N1	1002	4	N	0	0	3	20.3333333333333
A_NA_N1	1003	4	N	0	0	4	21.5
A_NA_N1	1004	4	N	0	0	4	22
A_NA_N1	1005	4	N	0	0	4	24.25
A_NA_N1	1006	4	N	0	0	4	25.75
A_NA_N1	1007	4	N	0	0	4	23.75
A_NA_N1	1008	4	N	0	0	4	38.75
A_NA_N1	1009	4	N	0	0	4	38
A_NA_N1	1010	4	N	0	0	4	24.75
A_NA_N1	1011	4	N	0	0	4	22
A_NA_N1	1012	4	N	0	0	4	20
A_NA_N1	1013	4	N	0	0	4	20.75
A_NA_N1	1014	4	N	0	0	4	26.25
A_NA_N1	1015	4	N	0	0	4	26.25
A_NA_N1	1016	4	N	0	0	3	28
A_NA_N1	1017	4	N	0	0	4	26
A_NA_N1	1018	4	N	0	0	4	24.5
A_NA_N1	1019	4	N	0	0	4	23.75
A_NA_N1	1020	4	N	0	0	4	22
A_NA_N1	1021	4	N	0	0	4	22.5
A_NA_N1	1022	4	N	0	0	4	23
A_NA_N1	1023	4	N	0	0	4	22
A_NA_N1	1024	4	N	0	0	4	21.75
A_NA_N1	1025	4	N	0	0	4	20.25
A_NA_N1	1026	4	N	0	0	4	20
A_NA_N1	1027	4	N	0	0	4	21
A_NA_N1	1028	4	N	0	0	4	20.75
A_NA_N1	1029	4	N	0	0	4	21.75
A_NA_N1	1030	4	N	0	0	4	21.5
A_NA_N1	1031	3	N	1	0	3	25
A_NA_N1	1032	3	N	1	0	3	27
A_NA_N1	1033	3	N	1	0	3	27.3333333333333
A_NA_N1	1034	3	N	1	0	3	24.6666666666667
A_NA_N1	1035	3	N	1	0	3	19.6666666666667
A_NA_N1	1036	3	N	1	0	3	19.6666666666667
A_NA_N1	1037	4	N	0	0	3	17
A_NA_N1	1038	4	N	0	0	4	18.5
A_NA_N1	1039	4	N	0	0	4	18.75
A_NA_N1	1040	4	N	0	0	4	16.5
A_NA_N1	1041	4	N	0	0	2	23.5
A_NA_N1	1042	4	N	0	0	4	20.5
A_NA_N1	1043	3	N	1	0	3	22.3333333333333
A_NA_N1	1044	3	N	1	0	3	19.6666666666667
A_NA_N1	1045	4	N	0	0	4	13.25
A_NA_N1	1046	4	N	0	0	4	13.75
A_NA_N1	1047	4	N	0	0	4	15.5
A_NA_N1	1048	4	N	0	0	4	38.5
A_NA_N1	1049	4	N	0	0	4	25.5
A_NA_N1	1050	4	N	0	0	4	24
A_NA_N1	1051	4	N	0	0	4	26.25
A_NA_N1	1052	4	N	0	0	4	27.5
A_NA_N1	1053	4	N	0	0	4	24.75
A_NA_N1	1054	4	N	0	0	4	24.25
A_NA_N1	1055	4	N	0	0	4	23
A_NA_N1	1056	4	N	0	0	4	21.25
A_NA_N1	1057	4	N	0	0	4	25.25
A_NA_N1	1058	4	N	0	0	4	26.25
A_NA_N1	1059	4	N	0	0	4	24.5
A_NA_N1	1060	4	N	0	0	4	25
A_NA_N1	1061	4	N	0	0	4	24.25
A_NA_N1	1062	4	N	0	0	4	22
A_NA_N1	1063	4	N	0	0	4	21.5
A_NA_N1	1064	4	N	0	0	4	23
A_NA_N1	1065	4	N	0	0	4	25.5
A_NA_N1	1066	4	N	0	0	4	25.5
A_NA_N1	1067	4	N	0	0	4	25.25
A_NA_N1	1068	4	N	0	0	4	28
A_NA_N1	1069	4	N	0	0	4	26.75
A_NA_N1	1070	4	N	0	0	4	26.75
A_NA_N1	1071	4	N	0	0	4	28
A_NA_N1	1072	4	N	0	0	4	29.25
A_NA_N1	1073	3	N	1	0	3	26.3333333333333
A_NA_N1	1074	4	N	0	0	4	24.5
A_NA_N1	1075	4	N	0	0	4	21.5
A_NA_N1	1076	4	N	0	0	4	23.25
A_NA_N1	1077	4	N	0	0	3	23.6666666666667
A_NA_N1	1078	4	N	0	0	4	13
A_NA_N1	1079	4	N	0	0	4	12.75
A_NA_N1	1080	4	N	0	0	3	16.3333333333333
A_NA_N1	1081	4	N	0	0	4	13.5
A_NA_N1	1082	3	N	1	0	3	16.6666666666667
A_NA_N1	1083	3	N	1	0	3	18
A_NA_N1	1084	4	N	0	0	4	14.5
A_NA_N1	1085	4	N	0	0	4	15
A_NA_N1	1086	3	N	1	0	3	17.6666666666667
A_NA_N1	1087	4	N	0	0	4	15.5
A_NA_N1	1088	4	N	0	0	3	13
A_NA_N1	1089	4	N	0	0	4	17.75
A_NA_N1	1090	3	N	1	0	3	16.3333333333333
A_NA_N1	1091	4	N	0	0	3	19.6666666666667
A_NA_N1	1092	4	N	0	0	4	20.25
A_NA_N1	1093	4	N	0	0	4	21.5
A_NA_N1	1094	4	N	0	0	4	23.5
A_NA_N1	1095	4	N	0	0	4	23.25
A_NA_N1	1096	4	N	0	0	4	22.75
A_NA_N1	1097	4	N	0	0	4	21.5
A_NA_N1	1098	4	N	0	0	4	22.5
A_NA_N1	1099	4	N	0	0	4	19.25
A_NA_N1	1100	4	N	0	0	4	18.25
A_NA_N1	1101	4	N	0	0	4	12.25
A_NA_N1	1102	4	N	0	0	4	10.75
A_NA_N1	1103	4	N	0	0	4	12.75
A_NA_N1	1104	4	N	0	0	4	20.5
A_NA_N1	1105	4	N	0	0	4	19.5
A_NA_N1	1106	4	N	0	0	4	20.75
A_NA_N1	1107	4	N	0	0	3	25.6666666666667
A_NA_N1	1108	4	N	0	0	4	21
A_NA_N1	1109	4	N	0	0	3	24
A_NA_N1	1110	4	N	0	0	4	17.5
A_NA_N1	1111	4	N	0	0	4	19.75
A_NA_N1	1112	4	N	0	0	4	23.25
A_NA_N1	1113	4	N	0	0	4	24
A_NA_N1	1114	3	N	1	0	3	19.3333333333333
A_NA_N1	1115	4	N	0	0	4	19.5
A_NA_N1	1116	4	N	0	0	4	19
A_NA_N1	1117	3	N	1	0	3	24.6666666666667
A_NA_N1	1118	4	N	0	0	4	18
A_NA_N1	1119	4	N	0	0	4	18.5
A_NA_N1	1120	4	N	0	0	4	23
A_NA_N1	1121	4	N	0	0	4	24.25
A_NA_N1	1122	4	N	0	0	4	25
A_NA_N1	1123	4	N	0	0	4	26
A_NA_N1	1124	4	N	0	0	4	26.5
A_NA_N1	1125	4	N	0	0	4	26
A_NA_N1	1126	4	N	0	0	4	25
A_NA_N1	1127	4	N	0	0	4	26.25
A_NA_N1	1128	4	N	0	0	4	26
A_NA_N1	1129	4	N	0	0	4	27
A_NA_N1	1130	4	N	0	0	4	19.75
A_NA_N1	1131	4	N	0	0	4	19
A_NA_N1	1132	4	N	0	0	4	19.5
A_NA_N1	1133	4	N	0	0	4	21.75
A_NA_N1	1134	4	N	0	0	4	23.5
A_NA_N1	1135	4	N	0	0	4	23.75
A_NA_N1	1136	4	N	0	0	3	26.3333333333333
A_NA_N1	1137	4	N	0	0	4	22.75
A_NA_N1	1138	4	N	0	0	4	24
A_NA_N1	1139	4	N	0	0	4	23.25
A_NA_N1	1140	4	N	0	0	4	25.75
A_NA_N1	1141	4	N	0	0	4	24.75
A_NA_N1	1142	4	N	0	0	4	26
A_NA_N1	1143	4	N	0	0	4	26.25
A_NA_N1	1144	4	N	0	0	4	25.75
A_NA_N1	1145	4	N	0	0	4	24
A_NA_N1	1146	4	N	0	0	4	25.5
A_NA_N1	1147	4	N	0	0	4	26
A_NA_N1	1148	4	N	0	0	4	23.25
A_NA_N1	1149	4	N	0	0	4	23.25
A_NA_N1	1150	4	N	0	0	4	22.75
A_NA_N1	1151	4	N	0	0	4	20.25
A_NA_N1	1152	4	N	0	0	4	22.75
A_NA_N1	1153	4	N	0	0	4	21
A_NA_N1	1154	4	N	0	0	4	18.25
A_NA_N1	1155	4	N	0	0	4	18
A_NA_N1	1156	4	N	0	0	4	18.75
A_NA_N1	1157	4	N	0	0	4	17.25
A_NA_N1	1158	4	N	0	0	4	17
A_NA_N1	1159	4	N	0	0	4	17
A_NA_N1	1160	4	N	0	0	4	19.75
A_NA_N1	1161	4	N	0	0	4	19.25
A_NA_N1	1162	4	N	0	0	4	19.75
A_NA_N1	1163	4	N	0	0	4	19
A_NA_N1	1164	3	N	1	0	3	21.3333333333333
A_NA_N1	1165	3	N	1	0	3	26.6666666666667
A_NA_N1	1166	4	N	0	0	4	21.5
A_NA_N1	1167	4	N	0	0	4	22.25
A_NA_N1	1168	4	N	0	0	4	36
A_NA_N1	1169	4	N	0	0	4	19.25
A_NA_N1	1170	4	N	0	0	4	17.5
A_NA_N1	1171	4	N	0	0	4	17.75
A_NA_N1	1172	4	N	0	0	4	18.75
A_NA_N1	1173	4	N	0	0	4	20
A_NA_N1	1174	4	N	0	0	4	19.25
A_NA_N1	1175	4	N	0	0	4	24.25
A_NA_N1	1176	4	N	0	0	4	25.25
A_NA_N1	1177	4	N	0	0	4	26.25
A_NA_N1	1178	4	N	0	0	4	28
A_NA_N1	1179	4	N	0	0	4	29.25
A_NA_N1	1180	4	N	0	0	4	28.75
A_NA_N1	1181	4	N	0	0	4	28.5
A_NA_N1	1182	4	N	0	0	4	27.75
A_NA_N1	1183	4	N	0	0	4	25
A_NA_N1	1184	4	N	0	0	4	25.25
A_NA_N1	1185	4	N	0	0	4	25.75
A_NA_N1	1186	4	N	0	0	4	27.25
A_NA_N1	1187	4	N	0	0	4	25
A_NA_N1	1188	4	N	0	0	4	25.5
A_NA_N1	1189	4	N	0	0	4	24.75
A_NA_N1	1190	4	N	0	0	4	24
A_NA_N1	1191	4	N	0	0	4	25.75
A_NA_N1	1192	4	N	0	0	4	25.5
A_NA_N1	1193	4	N	0	0	4	23.75
A_NA_N1	1194	4	N	0	0	4	21.75
A_NA_N1	1195	4	N	0	0	4	22
A_NA_N1	1196	4	N	0	0	4	23.25
A_NA_N1	1197	4	N	0	0	4	25.75
A_NA_N1	1198	4	N	0	0	4	28.25
A_NA_N1	1199	4	N	0	0	4	28
A_NA_N1	1200	4	N	0	0	4	24.75
A_NA_N1	1201	4	N	0	0	4	24.25
A_NA_N1	1202	4	N	0	0	4	23
A_NA_N1	1203	4	N	0	0	4	24
A_NA_N1	1204	4	N	0	0	4	22.75
A_NA_N1	1205	4	N	0	0	4	21
A_NA_N1	1206	4	N	0	0	4	19.5
A_NA_N1	1207	3	N	1	0	3	17.3333333333333
A_NA_N1	1208	4	N	0	0	3	9.66666666666667
A_NA_N1	1209	4	N	0	0	2	11
A_NA_N1	1210	4	N	0	0	4	11.5
A_NA_N1	1211	4	N	0	0	4	12.75
A_NA_N1	1212	4	N	0	0	4	16.5
A_NA_N1	1213	4	N	0	0	4	19
A_NA_N1	1214	4	N	0	0	4	20.5
A_NA_N1	1215	4	N	0	0	4	20.75
A_NA_N1	1216	4	N	0	0	4	17.25
A_NA_N1	1217	4	N	0	0	4	21.25
A_NA_N1	1218	4	N	0	0	4	20.5
A_NA_N1	1219	4	N	0	0	4	22.25
A_NA_N1	1220	4	N	0	0	4	22.25
A_NA_N1	1221	4	N	0	0	4	23.25
A_NA_N1	1222	4	N	0	0	4	20
A_NA_N1	1223	4	N	0	0	4	21.75
A_NA_N1	1224	4	N	0	0	4	21.5
A_NA_N1	1225	4	N	0	0	4	20
A_NA_N1	1226	4	N	0	0	4	18
A_NA_N1	1227	4	N	0	0	4	23.25
A_NA_N1	1228	4	N	0	0	4	21.75
A_NA_N1	1229	4	N	0	0	4	18.25
A_NA_N1	1230	4	N	0	0	4	13.5
A_NA_N1	1231	4	N	0	0	4	12
A_NA_N1	1232	3	N	1	0	3	12.3333333333333
A_NA_N1	1233	3	N	1	0	3	12.3333333333333
A_NA_N1	1234	3	N	1	0	3	13
A_NA_N1	1235	3	N	1	0	3	14.3333333333333
A_NA_N1	1236	4	N	0	0	4	12.5
A_NA_N1	1237	4	N	0	0	4	13
A_NA_N1	1238	4	N	0	0	4	15.75
A_NA_N1	1239	4	N	0	0	4	14
A_NA_N1	1240	4	N	0	0	4	13
A_NA_N1	1241	4	N	0	0	4	13.25
A_NA_N1	1242	4	N	0	0	4	15.75
A_NA_N1	1243	4	N	0	0	4	18
A_NA_N1	1244	4	N	0	0	4	17.25
A_NA_N1	1245	4	N	0	0	4	15.75
A_NA_N1	1246	3	N	1	0	3	16
A_NA_N1	1247	4	N	0	0	3	16.6666666666667
A_NA_N1	1248	4	N	0	0	3	15.6666666666667
A_NA_N1	1249	4	N	0	0	4	14.25
A_NA_N1	1250	4	N	0	0	4	11.75
A_NA_N1	1251	4	N	0	0	4	11.75
A_NA_N1	1252	4	N	0	0	4	13.75
A_NA_N1	1253	4	N	0	0	3	16.3333333333333
A_NA_N1	1254	4	N	0	0	4	13
A_NA_N1	1255	4	N	0	0	4	14
A_NA_N1	1256	4	N	0	0	4	12.5
A_NA_N1	1257	4	N	0	0	4	13
A_NA_N1	1258	4	N	0	0	4	14
A_NA_N1	1259	4	N	0	0	4	13.75
A_NA_N1	1260	3	N	1	0	3	15
A_NA_N1	1261	4	N	0	0	4	16.75
A_NA_N1	1262	4	N	0	0	4	17.75
A_NA_N1	1263	4	N	0	0	4	17.75
A_NA_N1	1264	4	N	0	0	4	18
A_NA_N1	1265	4	N	0	0	4	21.5
A_NA_N1	1266	4	N	0	0	4	21
A_NA_N1	1267	4	N	0	0	4	20.25
A_NA_N1	1268	3	N	1	0	3	18.6666666666667
A_NA_N1	1269	3	N	1	0	3	19.6666666666667
A_NA_N1	1270	4	N	0	0	4	23.25
A_NA_N1	1271	4	N	0	0	3	24
A_NA_N1	1272	4	N	0	0	4	28
A_NA_N1	1273	4	N	0	0	4	27.5
A_NA_N1	1274	4	N	0	0	4	27.5
A_NA_N1	1275	4	N	0	0	3	28.3333333333333
A_NA_N1	1276	4	N	0	0	4	25
A_NA_N1	1277	4	N	0	0	4	23.75
A_NA_N1	1278	4	N	0	0	4	18.25
A_NA_N1	1279	4	N	0	0	4	13.25
A_NA_N1	1280	4	N	0	0	4	13
A_NA_N1	1281	4	N	0	0	4	15.25
A_NA_N1	1282	4	N	0	0	4	13.25
A_NA_N1	1283	3	N	1	0	3	15.3333333333333
A_NA_N1	1284	3	N	1	0	3	20.6666666666667
A_NA_N1	1285	2	N	2	0	2	12.5
A_NA_N1	1286	4	N	0	0	4	16
A_NA_N1	1287	4	N	0	0	4	15.5
A_NA_N1	1288	4	N	0	0	4	15.5
A_NA_N1	1289	4	N	0	0	4	18.5
A_NA_N1	1290	4	N	0	0	4	19.75
A_NA_N1	1291	4	N	0	0	4	20.25
A_NA_N1	1292	4	N	0	0	4	21.25
A_NA_N1	1293	4	N	0	0	4	22.5
A_NA_N1	1294	4	N	0	0	4	25
A_NA_N1	1295	4	N	0	0	4	25.5
A_NA_N1	1296	4	N	0	0	4	25.25
A_NA_N1	1297	4	N	0	0	4	22.75
A_NA_N1	1298	4	N	0	0	4	22.25
A_NA_N1	1299	4	N	0	0	4	20.75
A_NA_N1	1300	4	N	0	0	4	22.5
A_NA_N1	1301	4	N	0	0	4	18.5
A_NA_N1	1302	4	N	0	0	4	19.25
A_NA_N1	1303	4	N	0	0	4	18.25
A_NA_N1	1304	4	N	0	0	4	16
A_NA_N1	1305	4	N	0	0	3	19.3333333333333
A_NA_N1	1306	4	N	0	0	4	18
A_NA_N1	1307	4	N	0	0	4	22.25
A_NA_N1	1308	4	N	0	0	4	23.5
A_NA_N1	1309	4	N	0	0	4	25.25
A_NA_N1	1310	3	N	1	0	3	26.3333333333333
A_NA_N1	1311	4	N	0	0	4	23.5
A_NA_N1	1312	4	N	0	0	4	25.75
A_NA_N1	1313	4	N	0	0	4	26.75
A_NA_N1	1314	4	N	0	0	4	24.5
A_NA_N1	1315	4	N	0	0	3	26.3333333333333
A_NA_N1	1316	4	N	0	0	4	20.25
A_NA_N1	1317	4	N	0	0	4	17
A_NA_N1	1318	3	N	1	0	3	16
A_NA_N1	1319	4	N	0	0	3	11.3333333333333
A_NA_N1	1320	4	N	0	0	4	10
A_NA_N1	1321	4	N	0	0	3	9.33333333333333
A_NA_N1	1322	4	N	0	0	4	11
A_NA_N1	1323	4	N	0	0	4	12.25
A_NA_N1	1324	4	N	0	0	4	13
A_NA_N1	1325	4	N	0	0	3	12.6666666666667
A_NA_N1	1326	4	N	0	0	4	13.5
A_NA_N1	1327	4	N	0	0	4	13.25
A_NA_N1	1328	4	N	0	0	4	13
A_NA_N1	1329	4	N	0	0	4	13.75
A_NA_N1	1330	4	N	0	0	4	19
A_NA_N1	1331	4	N	0	0	4	16.75
A_NA_N1	1332	4	N	0	0	4	14.75
A_NA_N1	1333	4	N	0	0	4	15
A_NA_N1	1334	4	N	0	0	4	17.75
A_NA_N1	1335	4	N	0	0	4	20.25
A_NA_N1	1336	4	N	0	0	4	22
A_NA_N1	1337	4	N	0	0	4	22.5
A_NA_N1	1338	4	N	0	0	4	23.5
A_NA_N1	1339	4	N	0	0	4	22.25
A_NA_N1	1340	4	N	0	0	4	21.75
A_NA_N1	1341	4	N	0	0	4	22.5
A_NA_N1	1342	4	N	0	0	4	20.75
A_NA_N1	1343	4	N	0	0	4	19
A_NA_N1	1344	4	N	0	0	4	16.5
A_NA_N1	1345	4	N	0	0	4	15.5
A_NA_N1	1346	4	N	0	0	4	21.25
A_NA_N1	1347	4	N	0	0	4	22.25
A_NA_N1	1348	4	N	0	0	4	22
A_NA_N1	1349	4	N	0	0	4	24
A_NA_N1	1350	4	N	0	0	4	21.5
A_NA_N1	1351	4	N	0	0	4	21.75
A_NA_N1	1352	4	N	0	0	4	23.75
A_NA_N1	1353	4	N	0	0	4	42.75
A_NA_N1	1354	4	N	0	0	4	20.5
A_NA_N1	1355	4	N	0	0	4	21.25
A_NA_N1	1356	4	N	0	0	4	21.25
A_NA_N1	1357	4	N	0	0	4	20.25
A_NA_N1	1358	4	N	0	0	4	22.5
A_NA_N1	1359	3	N	1	0	3	17.6666666666667
A_NA_N1	1360	4	N	0	0	4	23.25
A_NA_N1	1361	4	N	0	0	3	15
A_NA_N1	1362	4	N	0	0	4	16
A_NA_N1	1363	4	N	0	0	4	17
A_NA_N1	1364	3	N	1	0	3	10.6666666666667
A_NA_N1	1365	4	N	0	0	4	15.5
A_NA_N1	1366	4	N	0	0	4	15
A_NA_N1	1367	4	N	0	0	4	15.5
A_NA_N1	1368	4	N	0	0	4	18.5
A_NA_N1	1369	4	N	0	0	4	20.25
A_NA_N1	1370	3	N	1	0	3	16.6666666666667
A_NA_N1	1371	4	N	0	0	3	18
A_NA_N1	1372	4	N	0	0	4	16
A_NA_N1	1373	4	N	0	0	4	16
A_NA_N1	1374	4	N	0	0	4	15.5
A_NA_N1	1375	4	N	0	0	4	17.5
A_NA_N1	1376	4	N	0	0	4	23.25
A_NA_N1	1377	3	N	1	0	3	44.3333333333333
A_NA_N1	1378	4	N	0	0	3	41.3333333333333
A_NA_N1	1379	4	N	0	0	3	16.6666666666667
A_NA_N1	1380	4	N	0	0	4	12.25
A_NA_N1	1381	4	N	0	0	4	12.25
A_NA_N1	1382	4	N	0	0	4	12
A_NA_N1	1383	4	N	0	0	4	20.5
A_NA_N1	1384	4	N	0	0	4	21.75
A_NA_N1	1385	4	N	0	0	4	16
A_NA_N1	1386	4	N	0	0	4	14.5
A_NA_N1	1387	4	N	0	0	4	15
A_NA_N1	1388	4	N	0	0	4	15
A_NA_N1	1389	4	N	0	0	4	15.5
A_NA_N1	1390	4	N	0	0	4	19
A_NA_N1	1391	4	N	0	0	4	21.75
A_NA_N1	1392	4	N	0	0	4	19.75
A_NA_N1	1393	3	N	0	0	3	18.6666666666667
A_NA_N1	1394	3	N	0	0	3	21.3333333333333
A_NA_N1	1395	3	N	0	0	3	18.3333333333333
A_NA_N1	1396	3	N	0	0	3	11.6666666666667
A_NA_N1	1397	3	N	0	0	3	12.6666666666667
A_NA_N1	1398	3	N	0	0	3	13.3333333333333
A_NA_N1	1399	3	N	0	0	3	14.3333333333333
A_NA_N1	1400	3	N	0	0	3	15
A_NA_N1	1401	3	N	0	0	3	16.3333333333333
A_NA_N1	1402	3	N	0	0	3	17.3333333333333
A_NA_N1	1403	3	N	0	0	2	17
A_NA_N1	1404	3	N	0	0	3	21.6666666666667
A_NA_N1	1405	3	N	0	0	3	22
A_NA_N1	1406	3	N	0	0	3	21.3333333333333
A_NA_N1	1407	3	N	0	0	3	23
A_NA_N1	1408	3	N	0	0	3	43.3333333333333
A_NA_N1	1409	3	N	0	0	3	41.3333333333333
A_NA_N1	1410	3	N	0	0	3	19.3333333333333
