Reference_Name	Position	Coverage Depth	Consensus	Deletions	Ambiguous	Consensus_Count	Consensus_Average_Quality
A_NS	1	5	N	0	0	5	14.6
A_NS	2	5	N	0	0	5	13.6
A_NS	3	5	N	0	0	5	16
A_NS	4	5	N	0	0	5	15
A_NS	5	5	N	0	0	5	16.4
A_NS	6	5	N	0	0	3	21.6666666666667
A_NS	7	5	N	0	0	5	23
A_NS	8	5	N	0	0	5	23.4
A_NS	9	4	N	1	0	4	19.5
A_NS	10	4	N	1	0	4	19.25
A_NS	11	5	N	0	0	5	34.6
A_NS	12	5	N	0	0	3	21.6666666666667
A_NS	13	5	N	0	0	5	21
A_NS	14	5	N	0	0	4	18.75
A_NS	15	5	N	0	0	3	22
A_NS	16	5	N	0	0	3	24
A_NS	17	5	N	0	0	4	23.25
A_NS	18	5	N	0	0	5	27.4
A_NS	19	5	N	0	0	5	26.8
A_NS	20	5	N	0	0	5	26.2
A_NS	21	5	N	0	0	5	23.6
A_NS	22	5	N	0	0	5	24.2
A_NS	23	5	N	0	0	5	21.2
A_NS	24	5	N	0	0	3	15
A_NS	25	5	N	0	0	5	17
A_NS	26	5	N	0	0	5	18
A_NS	27	5	N	0	0	5	20.4
A_NS	28	5	N	0	0	5	17
A_NS	29	5	N	0	0	5	12.4
A_NS	30	5	N	0	0	5	14.2
A_NS	31	5	N	0	0	5	12.8
A_NS	32	5	N	0	0	5	14.4
A_NS	33	5	N	0	0	4	15
A_NS	34	5	N	0	0	4	16
A_NS	35	5	N	0	0	5	14.2
A_NS	36	5	N	0	0	3	22.3333333333333
A_NS	37	5	N	0	0	5	18
A_NS	38	5	N	0	0	5	21.8
A_NS	39	5	N	0	0	3	25.3333333333333
A_NS	40	5	N	0	0	5	21.2
A_NS	41	5	N	0	0	5	21.8
A_NS	42	5	N	0	0	5	22.6
A_NS	43	5	N	0	0	5	23
A_NS	44	4	N	1	0	4	27.75
A_NS	45	5	N	0	0	5	23.8
A_NS	46	5	N	0	0	5	25.4
A_NS	47	5	N	0	0	4	22
A_NS	48	5	N	0	0	5	18.2
A_NS	49	5	N	0	0	4	18.75
A_NS	50	5	N	0	0	5	20
A_NS	51	5	N	0	0	4	24
A_NS	52	5	N	0	0	5	22.2
A_NS	53	5	N	0	0	5	22
A_NS	54	5	N	0	0	3	14.6666666666667
A_NS	55	5	N	0	0	5	20
A_NS	56	5	N	0	0	4	18.5
A_NS	57	4	N	1	0	3	21.3333333333333
A_NS	58	4	N	1	0	4	21.25
A_NS	59	5	N	0	0	5	21.4
A_NS	60	5	N	0	0	3	19
A_NS	61	5	N	0	0	5	19.8
A_NS	62	5	N	0	0	3	19.3333333333333
A_NS	63	5	N	0	0	4	17.25
A_NS	64	5	N	0	0	3	15.3333333333333
A_NS	65	5	N	0	0	5	16.8
A_NS	66	5	N	0	0	5	19.4
A_NS	67	5	N	0	0	5	19.2
A_NS	68	5	N	0	0	3	19.3333333333333
A_NS	69	5	N	0	0	5	15
A_NS	70	5	N	0	0	5	13.6
A_NS	71	5	N	0	0	5	13.4
A_NS	72	5	N	0	0	4	15.25
A_NS	73	5	N	0	0	4	11.75
A_NS	74	5	N	0	0	4	16.5
A_NS	75	4	N	1	0	3	13.3333333333333
A_NS	76	4	N	1	0	3	13
A_NS	77	4	N	1	0	2	12
A_NS	78	5	N	0	0	3	7.66666666666667
A_NS	79	5	N	0	0	3	7.66666666666667
A_NS	80	5	N	0	0	4	10.5
A_NS	81	5	N	0	0	5	15
A_NS	82	5	N	0	0	3	20
A_NS	83	5	N	0	0	4	17.5
A_NS	84	5	N	0	0	5	33.4
A_NS	85	4	N	1	0	4	22.75
A_NS	86	4	N	1	0	4	23.25
A_NS	87	4	N	1	0	4	18.25
A_NS	88	4	N	1	0	4	18.25
A_NS	89	4	N	1	0	4	18.25
A_NS	90	4	N	1	0	4	18.75
A_NS	91	5	N	0	0	5	20.8
A_NS	92	5	N	0	0	4	22.75
A_NS	93	5	N	0	0	5	18.2
A_NS	94	5	N	0	0	5	18.2
A_NS	95	5	N	0	0	5	18
A_NS	96	3	N	2	0	3	20.6666666666667
A_NS	97	3	N	2	0	2	16
A_NS	98	4	N	1	0	4	21.5
A_NS	99	4	N	1	0	4	22
A_NS	100	4	N	1	0	4	20.25
A_NS	101	5	N	0	0	4	20
A_NS	102	5	N	0	0	5	17
A_NS	103	5	N	0	0	4	16.25
A_NS	104	5	N	0	0	4	21
A_NS	105	5	N	0	0	5	15.6
A_NS	106	5	N	0	0	5	17
A_NS	107	4	N	1	0	4	19
A_NS	108	4	N	1	0	3	24
A_NS	109	5	N	0	0	5	17.4
A_NS	110	5	N	0	0	4	19.5
A_NS	111	5	N	0	0	5	16.6
A_NS	112	5	N	0	0	5	18
A_NS	113	5	N	0	0	5	19.6
A_NS	114	5	N	0	0	5	20.6
A_NS	115	5	N	0	0	5	20.4
A_NS	116	5	N	0	0	5	19.6
A_NS	117	5	N	0	0	5	19.2
A_NS	118	5	N	0	0	5	17.4
A_NS	119	4	N	1	0	4	20
A_NS	120	5	N	0	0	4	17.75
A_NS	121	5	N	0	0	4	21.75
A_NS	122	5	N	0	0	4	20.25
A_NS	123	5	N	0	0	5	17.8
A_NS	124	5	N	0	0	5	16.8
A_NS	125	5	N	0	0	5	19.4
A_NS	126	5	N	0	0	5	18.2
A_NS	127	5	N	0	0	3	19
A_NS	128	5	N	0	0	5	22.4
A_NS	129	4	N	1	0	4	20.5
A_NS	130	5	N	0	0	5	19.8
A_NS	131	5	N	0	0	4	20.25
A_NS	132	5	N	0	0	3	16
A_NS	133	5	N	0	0	5	14.8
A_NS	134	5	N	0	0	5	15.4
A_NS	135	5	N	0	0	5	16.8
A_NS	136	5	N	0	0	5	15.8
A_NS	137	5	N	0	0	5	18.6
A_NS	138	5	N	0	0	5	16.8
A_NS	139	5	N	0	0	5	16.4
A_NS	140	5	N	0	0	5	14.4
A_NS	141	5	N	0	0	5	16.8
A_NS	142	5	N	0	0	5	20.6
A_NS	143	5	N	0	0	5	22.8
A_NS	144	5	N	0	0	3	18.6666666666667
A_NS	145	5	N	0	0	5	21.2
A_NS	146	5	N	0	0	5	22
A_NS	147	5	N	0	0	3	22.6666666666667
A_NS	148	5	N	0	0	5	25
A_NS	149	5	N	0	0	5	24.2
A_NS	150	5	N	0	0	3	26.6666666666667
A_NS	151	5	N	0	0	5	20.8
A_NS	152	5	N	0	0	5	20.2
A_NS	153	5	N	0	0	3	22
A_NS	154	5	N	0	0	5	17.8
A_NS	155	5	N	0	0	5	18.6
A_NS	156	5	N	0	0	3	23.6666666666667
A_NS	157	5	N	0	0	4	19.25
A_NS	158	5	N	0	0	5	19.4
A_NS	159	5	N	0	0	5	19.8
A_NS	160	4	N	1	0	4	19.25
A_NS	161	4	N	1	0	4	24.75
A_NS	162	4	N	1	0	4	25.5
A_NS	163	4	N	1	0	4	21
A_NS	164	4	N	1	0	4	21
A_NS	165	5	N	0	0	5	22.4
A_NS	166	5	N	0	0	3	27.3333333333333
A_NS	167	5	N	0	0	5	26.6
A_NS	168	5	N	0	0	5	22.6
A_NS	169	5	N	0	0	5	21.2
A_NS	170	5	N	0	0	5	22.4
A_NS	171	5	N	0	0	5	22.2
A_NS	172	4	N	1	0	4	24.5
A_NS	173	4	N	1	0	4	23.5
A_NS	174	4	N	1	0	3	22.3333333333333
A_NS	175	4	N	1	0	4	24.5
A_NS	176	4	N	1	0	3	26
A_NS	177	5	N	0	0	5	21.6
A_NS	178	5	N	0	0	5	21.8
A_NS	179	5	N	0	0	3	24.3333333333333
A_NS	180	5	N	0	0	5	19
A_NS	181	4	N	1	0	4	21
A_NS	182	5	N	0	0	5	19.6
A_NS	183	5	N	0	0	5	18.8
A_NS	184	5	N	0	0	5	21.2
A_NS	185	5	N	0	0	5	22.4
A_NS	186	5	N	0	0	3	23.6666666666667
A_NS	187	5	N	0	0	5	20.2
A_NS	188	5	N	0	0	5	20.8
A_NS	189	5	N	0	0	5	22
A_NS	190	4	N	1	0	4	18.25
A_NS	191	4	N	1	0	4	19
A_NS	192	4	N	1	0	2	18.5
A_NS	193	4	N	1	0	4	34.5
A_NS	194	4	N	1	0	4	40.5
A_NS	195	5	N	0	0	2	54.5
A_NS	196	5	N	0	0	5	33.8
A_NS	197	5	N	0	0	5	35.4
A_NS	198	5	N	0	0	5	37
A_NS	199	4	N	1	0	3	49
A_NS	200	5	N	0	0	3	50.3333333333333
A_NS	201	5	N	0	0	5	24
A_NS	202	5	N	0	0	5	22.2
A_NS	203	4	N	1	0	4	21.25
A_NS	204	5	N	0	0	5	21.8
A_NS	205	5	N	0	0	3	11.3333333333333
A_NS	206	5	N	0	0	5	30.6
A_NS	207	5	N	0	0	5	16.6
A_NS	208	5	N	0	0	5	33
A_NS	209	5	N	0	0	5	32.6
A_NS	210	4	N	1	0	4	23
A_NS	211	3	N	2	0	3	22.6666666666667
A_NS	212	5	N	0	0	4	19
A_NS	213	5	N	0	0	4	18.25
A_NS	214	5	N	0	0	5	19.6
A_NS	215	5	N	0	0	5	17.8
A_NS	216	5	N	0	0	5	17
A_NS	217	5	N	0	0	4	23.25
A_NS	218	4	N	1	0	3	27.6666666666667
A_NS	219	5	N	0	0	3	13.3333333333333
A_NS	220	5	N	0	0	3	12
A_NS	221	5	N	0	0	3	12
A_NS	222	5	N	0	0	3	15
A_NS	223	5	N	0	0	5	18.6
A_NS	224	5	N	0	0	5	17.8
A_NS	225	5	N	0	0	5	17.8
A_NS	226	5	N	0	0	3	15
A_NS	227	5	N	0	0	5	13.6
A_NS	228	5	N	0	0	5	14
A_NS	229	5	N	0	0	5	14.6
A_NS	230	5	N	0	0	5	15.4
A_NS	231	5	N	0	0	4	18.25
A_NS	232	5	N	0	0	5	27.2
A_NS	233	5	N	0	0	4	31.75
A_NS	234	5	N	0	0	5	28
A_NS	235	5	N	0	0	5	28.2
A_NS	236	4	N	1	0	4	13.75
A_NS	237	4	N	1	0	4	13.25
A_NS	238	4	N	1	0	3	15
A_NS	239	5	N	0	0	5	12
A_NS	240	5	N	0	0	3	40.3333333333333
A_NS	241	5	N	0	0	4	39.25
A_NS	242	5	N	0	0	5	36
A_NS	243	5	N	0	0	3	47
A_NS	244	5	N	0	0	5	35.8
A_NS	245	5	N	0	0	5	37.4
A_NS	246	5	N	0	0	3	48.6666666666667
A_NS	247	5	N	0	0	5	36
A_NS	248	5	N	0	0	4	41.5
A_NS	249	5	N	0	0	2	26.5
A_NS	250	5	N	0	0	5	35
A_NS	251	5	N	0	0	3	43.6666666666667
A_NS	252	5	N	0	0	5	35.8
A_NS	253	5	N	0	0	5	35.2
A_NS	254	5	N	0	0	5	37
A_NS	255	5	N	0	0	4	38
A_NS	256	4	N	1	0	3	23.3333333333333
A_NS	257	5	N	0	0	5	16
A_NS	258	5	N	0	0	5	16
A_NS	259	5	N	0	0	5	17.2
A_NS	260	5	N	0	0	5	17.2
A_NS	261	5	N	0	0	5	17.2
A_NS	262	5	N	0	0	5	18.6
A_NS	263	5	N	0	0	5	18.6
A_NS	264	5	N	0	0	3	26.3333333333333
A_NS	265	5	N	0	0	5	19.8
A_NS	266	5	N	0	0	4	24.25
A_NS	267	5	N	0	0	5	20
A_NS	268	5	N	0	0	5	21.2
A_NS	269	5	N	0	0	5	20
A_NS	270	5	N	0	0	3	26
A_NS	271	5	N	0	0	3	26.6666666666667
A_NS	272	5	N	0	0	5	24.4
A_NS	273	5	N	0	0	5	24.8
A_NS	274	5	N	0	0	5	37.8
A_NS	275	5	N	0	0	5	25.6
A_NS	276	5	N	0	0	5	22.4
A_NS	277	5	N	0	0	5	20
A_NS	278	5	N	0	0	5	18.8
A_NS	279	4	N	1	0	4	21.5
A_NS	280	4	N	1	0	4	21
A_NS	281	4	N	1	0	4	23
A_NS	282	4	N	1	0	3	24.6666666666667
A_NS	283	4	N	1	0	3	19.3333333333333
A_NS	284	5	N	0	0	5	14.6
A_NS	285	5	N	0	0	3	17.6666666666667
A_NS	286	5	N	0	0	5	13.2
A_NS	287	4	N	1	0	4	16
A_NS	288	4	N	1	0	4	32.75
A_NS	289	4	N	1	0	4	32.25
A_NS	290	4	N	1	0	4	32
A_NS	291	4	N	1	0	3	21
A_NS	292	4	N	1	0	4	20.25
A_NS	293	5	N	0	0	5	16.8
A_NS	294	5	N	0	0	4	15.75
A_NS	295	5	N	0	0	5	17
A_NS	296	4	N	1	0	4	21
A_NS	297	4	N	1	0	3	24.6666666666667
A_NS	298	5	N	0	0	4	15.25
A_NS	299	5	N	0	0	5	28
A_NS	300	5	N	0	0	5	27.2
A_NS	301	5	N	0	0	3	40.3333333333333
A_NS	302	5	N	0	0	5	32
A_NS	303	5	N	0	0	5	34.2
A_NS	304	5	N	0	0	5	34
A_NS	305	5	N	0	0	5	18.8
A_NS	306	5	N	0	0	5	13.4
A_NS	307	4	N	1	0	4	12.25
A_NS	308	4	N	1	0	4	13.25
A_NS	309	4	N	1	0	4	15
A_NS	310	5	N	0	0	5	29.8
A_NS	311	5	N	0	0	5	28.6
A_NS	312	5	N	0	0	4	32.75
A_NS	313	5	N	0	0	5	28.4
A_NS	314	5	N	0	0	5	28.2
A_NS	315	5	N	0	0	3	18.3333333333333
A_NS	316	5	N	0	0	4	17
A_NS	317	5	N	0	0	5	18.4
A_NS	318	5	N	0	0	4	22.25
A_NS	319	5	N	0	0	5	24.2
A_NS	320	4	N	1	0	4	23.5
A_NS	321	4	N	1	0	3	23.6666666666667
A_NS	322	5	N	0	0	5	38
A_NS	323	5	N	0	0	3	48.3333333333333
A_NS	324	5	N	0	0	5	39
A_NS	325	5	N	0	0	5	36
A_NS	326	5	N	0	0	5	34.4
A_NS	327	5	N	0	0	3	44
A_NS	328	5	N	0	0	5	17.4
A_NS	329	5	N	0	0	4	19.75
A_NS	330	5	N	0	0	5	21
A_NS	331	4	N	1	0	3	24
A_NS	332	5	N	0	0	5	20.4
A_NS	333	5	N	0	0	3	16.3333333333333
A_NS	334	5	N	0	0	3	19.6666666666667
A_NS	335	5	N	0	0	3	44.6666666666667
A_NS	336	5	N	0	0	4	43.75
A_NS	337	5	N	0	0	4	43
A_NS	338	5	N	0	0	5	32.6
A_NS	339	5	N	0	0	4	33.75
A_NS	340	5	N	0	0	5	21.6
A_NS	341	5	N	0	0	5	22.4
A_NS	342	4	N	1	0	4	23.25
A_NS	343	4	N	1	0	4	23
A_NS	344	3	N	2	0	3	23
A_NS	345	5	N	0	0	5	24.6
A_NS	346	5	N	0	0	5	26.2
A_NS	347	5	N	0	0	5	33.8
A_NS	348	5	N	0	0	5	34.2
A_NS	349	5	N	0	0	4	37.25
A_NS	350	4	N	1	0	4	37.5
A_NS	351	4	N	1	0	3	42.6666666666667
A_NS	352	4	N	1	0	3	42
A_NS	353	4	N	1	0	4	36
A_NS	354	4	N	1	0	4	36
A_NS	355	4	N	1	0	3	43.3333333333333
A_NS	356	5	N	0	0	5	22.4
A_NS	357	5	N	0	0	5	20.2
A_NS	358	5	N	0	0	5	18.8
A_NS	359	5	N	0	0	5	19.2
A_NS	360	5	N	0	0	5	20.4
A_NS	361	5	N	0	0	5	16.8
A_NS	362	5	N	0	0	5	14.2
A_NS	363	5	N	0	0	4	14.75
A_NS	364	5	N	0	0	5	13.6
A_NS	365	5	N	0	0	5	30.4
A_NS	366	5	N	0	0	3	45.3333333333333
A_NS	367	5	N	0	0	3	44.3333333333333
A_NS	368	5	N	0	0	5	37.4
A_NS	369	5	N	0	0	5	38.8
A_NS	370	5	N	0	0	5	24.6
A_NS	371	5	N	0	0	5	24.2
A_NS	372	5	N	0	0	3	22.6666666666667
A_NS	373	5	N	0	0	5	17
A_NS	374	5	N	0	0	5	14.8
A_NS	375	5	N	0	0	3	9.33333333333333
A_NS	376	4	N	1	0	4	36.25
A_NS	377	4	N	1	0	4	20.75
A_NS	378	5	N	0	0	3	11.3333333333333
A_NS	379	5	N	0	0	5	20.2
A_NS	380	5	N	0	0	5	19.2
A_NS	381	5	N	0	0	5	22.4
A_NS	382	5	N	0	0	5	32.8
A_NS	383	5	N	0	0	5	24.4
A_NS	384	5	N	0	0	3	23
A_NS	385	5	N	0	0	4	19
A_NS	386	5	N	0	0	5	20
A_NS	387	5	N	0	0	3	20.6666666666667
A_NS	388	5	N	0	0	3	44.3333333333333
A_NS	389	5	N	0	0	5	36.6
A_NS	390	4	N	1	0	3	18
A_NS	391	5	N	0	0	4	17.25
A_NS	392	4	N	1	0	4	22.75
A_NS	393	4	N	1	0	4	21.5
A_NS	394	4	N	1	0	4	21.5
A_NS	395	4	N	1	0	4	19
A_NS	396	5	N	0	0	3	15.6666666666667
A_NS	397	5	N	0	0	5	16
A_NS	398	5	N	0	0	5	16
A_NS	399	5	N	0	0	3	14.6666666666667
A_NS	400	5	N	0	0	5	29
A_NS	401	5	N	0	0	5	30.8
A_NS	402	5	N	0	0	5	22.6
A_NS	403	5	N	0	0	5	21.4
A_NS	404	5	N	0	0	3	21.3333333333333
A_NS	405	5	N	0	0	5	25
A_NS	406	5	N	0	0	5	25
A_NS	407	5	N	0	0	5	24
A_NS	408	5	N	0	0	3	25.6666666666667
A_NS	409	5	N	0	0	5	26
A_NS	410	5	N	0	0	5	28.6
A_NS	411	5	N	0	0	4	19
A_NS	412	5	N	0	0	5	20.8
A_NS	413	5	N	0	0	5	30.6
A_NS	414	5	N	0	0	4	19
A_NS	415	5	N	0	0	4	20.75
A_NS	416	4	N	1	0	3	21
A_NS	417	4	N	1	0	4	20.25
A_NS	418	4	N	1	0	4	21
A_NS	419	5	N	0	0	5	17.6
A_NS	420	5	N	0	0	5	20.4
A_NS	421	5	N	0	0	3	19.3333333333333
A_NS	422	5	N	0	0	5	20.8
A_NS	423	5	N	0	0	5	21.4
A_NS	424	5	N	0	0	5	19
A_NS	425	5	N	0	0	5	18.4
A_NS	426	5	N	0	0	5	22
A_NS	427	5	N	0	0	5	21.2
A_NS	428	5	N	0	0	5	18.8
A_NS	429	5	N	0	0	5	21.8
A_NS	430	5	N	0	0	3	24.6666666666667
A_NS	431	5	N	0	0	5	25.6
A_NS	432	5	N	0	0	4	22.5
A_NS	433	4	N	1	0	3	25.3333333333333
A_NS	434	4	N	1	0	4	25.75
A_NS	435	5	N	0	0	4	25
A_NS	436	5	N	0	0	3	23.6666666666667
A_NS	437	5	N	0	0	5	24.4
A_NS	438	5	N	0	0	3	22.6666666666667
A_NS	439	5	N	0	0	5	20.6
A_NS	440	5	N	0	0	4	17.25
A_NS	441	5	N	0	0	5	22.2
A_NS	442	5	N	0	0	4	22
A_NS	443	4	N	1	0	4	24.5
A_NS	444	5	N	0	0	5	22.6
A_NS	445	5	N	0	0	5	21
A_NS	446	5	N	0	0	5	19
A_NS	447	5	N	0	0	5	19.2
A_NS	448	5	N	0	0	5	20
A_NS	449	5	N	0	0	5	20.4
A_NS	450	5	N	0	0	5	21
A_NS	451	4	N	1	0	4	24.75
A_NS	452	5	N	0	0	5	21
A_NS	453	5	N	0	0	4	16.75
A_NS	454	4	N	1	0	4	16.5
A_NS	455	4	N	1	0	4	16.5
A_NS	456	5	N	0	0	3	14.6666666666667
A_NS	457	5	N	0	0	5	14
A_NS	458	5	N	0	0	5	16.8
A_NS	459	4	N	1	0	4	17.5
A_NS	460	5	N	0	0	5	19.8
A_NS	461	5	N	0	0	5	18
A_NS	462	5	N	0	0	5	18
A_NS	463	5	N	0	0	3	19.6666666666667
A_NS	464	5	N	0	0	5	23.4
A_NS	465	5	N	0	0	5	23.2
A_NS	466	5	N	0	0	5	25.8
A_NS	467	5	N	0	0	5	26.8
A_NS	468	5	N	0	0	3	20.3333333333333
A_NS	469	5	N	0	0	5	23.4
A_NS	470	5	N	0	0	5	21.4
A_NS	471	5	N	0	0	5	24.4
A_NS	472	5	N	0	0	5	22.2
A_NS	473	5	N	0	0	5	20.8
A_NS	474	5	N	0	0	3	22
A_NS	475	5	N	0	0	5	19
A_NS	476	5	N	0	0	5	16.8
A_NS	477	5	N	0	0	5	15.2
A_NS	478	5	N	0	0	5	15
A_NS	479	5	N	0	0	5	12.8
A_NS	480	5	N	0	0	4	10
A_NS	481	5	N	0	0	5	10.2
A_NS	482	5	N	0	0	5	10.8
A_NS	483	5	N	0	0	5	14.4
A_NS	484	4	N	1	0	4	14
A_NS	485	5	N	0	0	5	14.6
A_NS	486	5	N	0	0	5	20
A_NS	487	5	N	0	0	3	22
A_NS	488	5	N	0	0	5	21.6
A_NS	489	5	N	0	0	3	25
A_NS	490	5	N	0	0	5	24.8
A_NS	491	5	N	0	0	5	25.2
A_NS	492	5	N	0	0	5	23.6
A_NS	493	5	N	0	0	5	24.4
A_NS	494	5	N	0	0	5	25
A_NS	495	5	N	0	0	5	25.4
A_NS	496	4	N	1	0	3	23
A_NS	497	5	N	0	0	5	30.6
A_NS	498	5	N	0	0	5	28
A_NS	499	5	N	0	0	5	28.2
A_NS	500	5	N	0	0	5	24
A_NS	501	5	N	0	0	5	22.4
A_NS	502	5	N	0	0	5	24.4
A_NS	503	5	N	0	0	5	23.6
A_NS	504	5	N	0	0	5	26
A_NS	505	5	N	0	0	5	26
A_NS	506	5	N	0	0	5	24.8
A_NS	507	5	N	0	0	5	19.6
A_NS	508	5	N	0	0	4	17.25
A_NS	509	5	N	0	0	5	17.4
A_NS	510	5	N	0	0	5	19.2
A_NS	511	5	N	0	0	2	17
A_NS	512	5	N	0	0	2	18
A_NS	513	5	N	0	0	5	22
A_NS	514	5	N	0	0	5	22.6
A_NS	515	5	N	0	0	5	23.2
A_NS	516	5	N	0	0	5	23.6
A_NS	517	5	N	0	0	5	24.6
A_NS	518	5	N	0	0	5	23.4
A_NS	519	5	N	0	0	5	25.2
A_NS	520	5	N	0	0	5	25
A_NS	521	5	N	0	0	5	22.2
A_NS	522	5	N	0	0	5	18.4
A_NS	523	3	N	2	0	3	23
A_NS	524	5	N	0	0	5	18.6
A_NS	525	5	N	0	0	5	19.2
A_NS	526	5	N	0	0	5	23.6
A_NS	527	5	N	0	0	5	18
A_NS	528	5	N	0	0	5	18.8
A_NS	529	5	N	0	0	5	17.8
A_NS	530	5	N	0	0	5	15.8
A_NS	531	5	N	0	0	5	13
A_NS	532	5	N	0	0	3	20.6666666666667
A_NS	533	5	N	0	0	5	15.6
A_NS	534	5	N	0	0	5	15.6
A_NS	535	4	N	1	0	4	15.25
A_NS	536	5	N	0	0	5	14.8
A_NS	537	5	N	0	0	5	19.4
A_NS	538	5	N	0	0	5	19
A_NS	539	5	N	0	0	5	18.2
A_NS	540	5	N	0	0	5	20.2
A_NS	541	5	N	0	0	5	20.4
A_NS	542	5	N	0	0	5	22
A_NS	543	5	N	0	0	5	21.8
A_NS	544	5	N	0	0	5	22.2
A_NS	545	5	N	0	0	5	24.4
A_NS	546	5	N	0	0	5	22.6
A_NS	547	5	N	0	0	5	23.2
A_NS	548	5	N	0	0	5	22.2
A_NS	549	5	N	0	0	5	22.6
A_NS	550	5	N	0	0	5	23.8
A_NS	551	5	N	0	0	5	24.4
A_NS	552	5	N	0	0	5	22.8
A_NS	553	5	N	0	0	5	22.8
A_NS	554	5	N	0	0	5	22
A_NS	555	5	N	0	0	5	21.8
A_NS	556	5	N	0	0	5	19.2
A_NS	557	5	N	0	0	5	19
A_NS	558	5	N	0	0	3	13
A_NS	559	5	N	0	0	5	20.4
A_NS	560	5	N	0	0	5	20
A_NS	561	5	N	0	0	5	16.6
A_NS	562	5	N	0	0	5	15.4
A_NS	563	5	N	0	0	5	17.2
A_NS	564	4	N	1	0	4	18.75
A_NS	565	4	N	1	0	3	17.6666666666667
A_NS	566	4	N	1	0	3	11
A_NS	567	5	N	0	0	5	15
A_NS	568	5	N	0	0	5	17.8
A_NS	569	5	N	0	0	5	20.4
A_NS	570	5	N	0	0	4	25.5
A_NS	571	5	N	0	0	5	20.6
A_NS	572	5	N	0	0	5	19.2
A_NS	573	5	N	0	0	3	13.6666666666667
A_NS	574	5	N	0	0	5	17
A_NS	575	5	N	0	0	5	17.8
A_NS	576	5	N	0	0	5	16.8
A_NS	577	5	N	0	0	5	21.8
A_NS	578	5	N	0	0	5	19.8
A_NS	579	5	N	0	0	5	19.8
A_NS	580	5	N	0	0	3	23
A_NS	581	5	N	0	0	5	16.4
A_NS	582	5	N	0	0	4	17
A_NS	583	5	N	0	0	5	15.8
A_NS	584	4	N	1	0	4	25.5
A_NS	585	4	N	1	0	4	19.5
A_NS	586	3	N	2	0	2	13
A_NS	587	4	N	1	0	4	22.5
A_NS	588	5	N	0	0	5	24.2
A_NS	589	5	N	0	0	5	25.4
A_NS	590	5	N	0	0	5	23.6
A_NS	591	5	N	0	0	5	25.4
A_NS	592	5	N	0	0	3	21.3333333333333
A_NS	593	5	N	0	0	5	37.8
A_NS	594	5	N	0	0	5	23.6
A_NS	595	4	N	1	0	4	23.5
A_NS	596	5	N	0	0	4	19.5
A_NS	597	5	N	0	0	5	17.2
A_NS	598	5	N	0	0	5	17.2
A_NS	599	5	N	0	0	5	20.4
A_NS	600	5	N	0	0	5	34.8
A_NS	601	5	N	0	0	5	21.4
A_NS	602	5	N	0	0	4	24.5
A_NS	603	5	N	0	0	4	28.25
A_NS	604	4	N	1	0	4	26.75
A_NS	605	4	N	1	0	4	25.5
A_NS	606	4	N	1	0	4	24.5
A_NS	607	4	N	1	0	4	25
A_NS	608	4	N	1	0	4	24.25
A_NS	609	5	N	0	0	4	23
A_NS	610	5	N	0	0	5	21.6
A_NS	611	5	N	0	0	5	20
A_NS	612	5	N	0	0	5	18.8
A_NS	613	5	N	0	0	5	19
A_NS	614	5	N	0	0	5	20
A_NS	615	5	N	0	0	5	30.2
A_NS	616	5	N	0	0	3	13.3333333333333
A_NS	617	5	N	0	0	4	20.25
A_NS	618	5	N	0	0	5	17.6
A_NS	619	5	N	0	0	4	14
A_NS	620	5	N	0	0	4	18.5
A_NS	621	5	N	0	0	4	22.75
A_NS	622	5	N	0	0	5	19
A_NS	623	5	N	0	0	4	25.25
A_NS	624	5	N	0	0	5	17.4
A_NS	625	5	N	0	0	4	14.5
A_NS	626	5	N	0	0	4	13
A_NS	627	5	N	0	0	5	12.6
A_NS	628	3	N	2	0	3	10.3333333333333
A_NS	629	5	N	0	0	5	11.6
A_NS	630	5	N	0	0	4	13
A_NS	631	4	N	1	0	3	14.6666666666667
A_NS	632	5	N	0	0	5	12.4
A_NS	633	5	N	0	0	5	12.8
A_NS	634	5	N	0	0	5	15.2
A_NS	635	5	N	0	0	5	16.4
A_NS	636	5	N	0	0	5	15
A_NS	637	5	N	0	0	3	9
A_NS	638	5	N	0	0	5	13
A_NS	639	5	N	0	0	4	17.75
A_NS	640	5	N	0	0	5	14.6
A_NS	641	4	N	1	0	4	19.5
A_NS	642	4	N	1	0	3	18.3333333333333
A_NS	643	5	N	0	0	3	19.6666666666667
A_NS	644	5	N	0	0	5	19
A_NS	645	5	N	0	0	5	20.2
A_NS	646	5	N	0	0	5	22.8
A_NS	647	5	N	0	0	5	22.6
A_NS	648	5	N	0	0	5	21.4
A_NS	649	5	N	0	0	3	19
A_NS	650	5	N	0	0	5	21.6
A_NS	651	5	N	0	0	3	22.3333333333333
A_NS	652	5	N	0	0	5	21.6
A_NS	653	5	N	0	0	5	20.4
A_NS	654	5	N	0	0	5	21.4
A_NS	655	5	N	0	0	5	21.8
A_NS	656	5	N	0	0	5	23.2
A_NS	657	5	N	0	0	5	25.6
A_NS	658	5	N	0	0	3	27.3333333333333
A_NS	659	5	N	0	0	4	24.5
A_NS	660	5	N	0	0	4	22.75
A_NS	661	5	N	0	0	5	23.2
A_NS	662	5	N	0	0	5	21.8
A_NS	663	5	N	0	0	5	22.4
A_NS	664	5	N	0	0	5	23.8
A_NS	665	5	N	0	0	5	22.6
A_NS	666	5	N	0	0	5	23
A_NS	667	5	N	0	0	5	21.4
A_NS	668	5	N	0	0	5	20.2
A_NS	669	4	N	1	0	4	22.25
A_NS	670	4	N	1	0	3	26
A_NS	671	5	N	0	0	5	18.6
A_NS	672	5	N	0	0	5	19.2
A_NS	673	5	N	0	0	5	20.4
A_NS	674	5	N	0	0	5	19.8
A_NS	675	4	N	1	0	4	18
A_NS	676	5	N	0	0	3	17.6666666666667
A_NS	677	5	N	0	0	3	12
A_NS	678	5	N	0	0	5	19
A_NS	679	5	N	0	0	3	24.3333333333333
A_NS	680	5	N	0	0	5	19.4
A_NS	681	5	N	0	0	5	18.4
A_NS	682	5	N	0	0	3	24.3333333333333
A_NS	683	5	N	0	0	5	19
A_NS	684	5	N	0	0	5	20.6
A_NS	685	5	N	0	0	5	21.8
A_NS	686	5	N	0	0	5	17.4
A_NS	687	5	N	0	0	5	17
A_NS	688	5	N	0	0	3	27.6666666666667
A_NS	689	5	N	0	0	5	21.6
A_NS	690	5	N	0	0	5	24.2
A_NS	691	5	N	0	0	5	22.4
A_NS	692	4	N	0	0	4	20.75
A_NS	693	4	N	0	0	4	18.75
A_NS	694	4	N	0	0	3	16
A_NS	695	4	N	0	0	4	15.5
A_NS	696	4	N	0	0	4	14
A_NS	697	4	N	0	0	3	18
A_NS	698	4	N	0	0	4	21.75
A_NS	699	4	N	0	0	4	26.25
A_NS	700	4	N	0	0	4	26.25
A_NS	701	4	N	0	0	4	23.75
A_NS	702	4	N	0	0	4	24.5
A_NS	703	4	N	0	0	4	23
A_NS	704	4	N	0	0	4	21.5
A_NS	705	4	N	0	0	4	20
A_NS	706	4	N	0	0	4	21
A_NS	707	4	N	0	0	3	20.6666666666667
A_NS	708	4	N	0	0	4	22.5
A_NS	709	4	N	0	0	4	25
A_NS	710	4	N	0	0	4	21.5
A_NS	711	4	N	0	0	4	21.25
A_NS	712	4	N	0	0	4	38.75
A_NS	713	4	N	0	0	4	20.25
A_NS	714	4	N	0	0	4	20.5
A_NS	715	4	N	0	0	4	20.25
A_NS	716	4	N	0	0	4	18.25
A_NS	717	4	N	0	0	4	22.75
A_NS	718	4	N	0	0	3	23.3333333333333
A_NS	719	4	N	0	0	3	15
A_NS	720	4	N	0	0	4	16
A_NS	721	4	N	0	0	3	11.6666666666667
A_NS	722	4	N	0	0	2	13.5
A_NS	723	4	N	0	0	4	15.5
A_NS	724	4	N	0	0	4	19
A_NS	725	4	N	0	0	4	20
A_NS	726	4	N	0	0	4	20.5
A_NS	727	4	N	0	0	3	17.6666666666667
A_NS	728	4	N	0	0	4	21.25
A_NS	729	3	N	1	0	3	24.6666666666667
A_NS	730	3	N	1	0	3	22.6666666666667
A_NS	731	3	N	1	0	3	20
A_NS	732	3	N	1	0	3	23.6666666666667
A_NS	733	4	N	0	0	3	19.3333333333333
A_NS	734	3	N	1	0	3	23.6666666666667
A_NS	735	4	N	0	0	3	18.6666666666667
A_NS	736	4	N	0	0	4	25.25
A_NS	737	4	N	0	0	3	15.6666666666667
A_NS	738	4	N	0	0	4	20.5
A_NS	739	4	N	0	0	3	17
A_NS	740	4	N	0	0	4	20.5
A_NS	741	4	N	0	0	4	22.75
A_NS	742	4	N	0	0	3	23
A_NS	743	4	N	0	0	4	25.25
A_NS	744	4	N	0	0	4	22.25
A_NS	745	4	N	0	0	4	19
A_NS	746	4	N	0	0	4	18.5
A_NS	747	4	N	0	0	4	19.25
A_NS	748	4	N	0	0	4	19.5
A_NS	749	4	N	0	0	4	21
A_NS	750	4	N	0	0	4	21.5
A_NS	751	4	N	0	0	3	20
A_NS	752	4	N	0	0	3	21.3333333333333
A_NS	753	4	N	0	0	4	21.75
A_NS	754	4	N	0	0	3	21.6666666666667
A_NS	755	4	N	0	0	4	19.25
A_NS	756	4	N	0	0	4	18.25
A_NS	757	4	N	0	0	3	11.3333333333333
A_NS	758	4	N	0	0	4	15.25
A_NS	759	4	N	0	0	4	12.75
A_NS	760	4	N	0	0	3	13
A_NS	761	4	N	0	0	4	15
A_NS	762	4	N	0	0	4	17.5
A_NS	763	4	N	0	0	4	18.75
A_NS	764	4	N	0	0	4	20.25
A_NS	765	4	N	0	0	4	20
A_NS	766	4	N	0	0	4	21.5
A_NS	767	4	N	0	0	4	23.75
A_NS	768	4	N	0	0	4	24.75
A_NS	769	4	N	0	0	3	45.3333333333333
A_NS	770	4	N	0	0	4	39
A_NS	771	4	N	0	0	4	24
A_NS	772	4	N	0	0	4	22.5
A_NS	773	4	N	0	0	3	23
A_NS	774	4	N	0	0	4	23
A_NS	775	4	N	0	0	4	23.75
A_NS	776	4	N	0	0	4	26.75
A_NS	777	4	N	0	0	4	27.25
A_NS	778	4	N	0	0	3	27
A_NS	779	4	N	0	0	4	24.5
A_NS	780	4	N	0	0	4	24.75
A_NS	781	4	N	0	0	3	24.3333333333333
A_NS	782	4	N	0	0	4	24.75
A_NS	783	4	N	0	0	4	24.75
A_NS	784	4	N	0	0	4	24.75
A_NS	785	4	N	0	0	3	21.3333333333333
A_NS	786	4	N	0	0	4	24
A_NS	787	4	N	0	0	4	19
A_NS	788	4	N	0	0	4	22
A_NS	789	4	N	0	0	4	19
A_NS	790	4	N	0	0	4	16.75
A_NS	791	4	N	0	0	3	15
A_NS	792	4	N	0	0	4	15
A_NS	793	4	N	0	0	4	17.5
A_NS	794	4	N	0	0	4	21.75
A_NS	795	4	N	0	0	4	21.75
A_NS	796	4	N	0	0	4	21
A_NS	797	4	N	0	0	4	18
A_NS	798	4	N	0	0	4	18.25
A_NS	799	4	N	0	0	3	16.6666666666667
A_NS	800	4	N	0	0	4	37
A_NS	801	4	N	0	0	4	33.75
A_NS	802	4	N	0	0	3	16.3333333333333
A_NS	803	4	N	0	0	3	20.3333333333333
A_NS	804	4	N	0	0	4	15
A_NS	805	4	N	0	0	3	14
A_NS	806	4	N	0	0	4	19.25
A_NS	807	4	N	0	0	4	21.75
A_NS	808	4	N	0	0	4	24.25
A_NS	809	4	N	0	0	4	24.5
A_NS	810	4	N	0	0	4	22.75
A_NS	811	4	N	0	0	4	19
A_NS	812	4	N	0	0	4	16.25
A_NS	813	4	N	0	0	4	18.75
A_NS	814	4	N	0	0	4	19.25
A_NS	815	4	N	0	0	3	16.3333333333333
A_NS	816	4	N	0	0	4	16
A_NS	817	4	N	0	0	4	20.25
A_NS	818	4	N	0	0	4	19
A_NS	819	4	N	0	0	4	23.5
A_NS	820	4	N	0	0	4	23.25
A_NS	821	4	N	0	0	4	20.25
A_NS	822	4	N	0	0	4	18
A_NS	823	4	N	0	0	3	22.6666666666667
A_NS	824	4	N	0	0	4	21.75
A_NS	825	4	N	0	0	4	22.25
A_NS	826	4	N	0	0	4	21.75
A_NS	827	4	N	0	0	4	23.75
A_NS	828	4	N	0	0	4	22
A_NS	829	4	N	0	0	4	18.25
A_NS	830	4	N	0	0	4	18.75
A_NS	831	4	N	0	0	4	20.25
A_NS	832	4	N	0	0	4	24.25
A_NS	833	4	N	0	0	4	27.5
A_NS	834	4	N	0	0	4	28.5
A_NS	835	4	N	0	0	4	24.75
A_NS	836	4	N	0	0	4	27.5
A_NS	837	4	N	0	0	4	27.5
A_NS	838	4	N	0	0	4	22.5
