Reference_Name	Position	Coverage Depth	Consensus	Deletions	Ambiguous	Consensus_Count	Consensus_Average_Quality
A_HA_H3	1	8481	A	0	0	8481	23.4545454545455
A_HA_H3	2	8590	T	0	0	8590	23.100582072177
A_HA_H3	3	8886	G	0	0	8862	20.4937937260212
A_HA_H3	4	8937	A	0	0	8916	20.6410946612831
A_HA_H3	5	9003	A	12	0	8933	20.5859173849771
A_HA_H3	6	8996	G	31	0	8927	22.3191441693738
A_HA_H3	7	9042	A	23	0	8898	23.1323893009665
A_HA_H3	8	9071	C	25	0	8943	22.19959745052
A_HA_H3	9	9118	T	25	0	9023	21.9834866452399
A_HA_H3	10	9132	A	17	0	9087	23.7385275668537
A_HA_H3	11	9131	T	23	0	9088	25.1475572183099
A_HA_H3	12	9089	C	67	0	9047	27.6338012600862
A_HA_H3	13	9088	A	73	0	8975	25.8573816155989
A_HA_H3	14	9100	T	66	0	8991	25.8151484818152
A_HA_H3	15	9135	T	34	0	9077	26.7290955161397
A_HA_H3	16	9132	G	37	0	9018	22.5722998447549
A_HA_H3	17	9122	C	47	0	9023	23.6788207913111
A_HA_H3	18	8863	T	309	0	8780	24.1076309794989
A_HA_H3	19	8986	T	187	0	8857	23.8673365699447
A_HA_H3	20	9143	T	31	0	8971	25.9306654776502
A_HA_H3	21	9141	G	36	0	9050	23.2636464088398
A_HA_H3	22	9095	A	84	0	8964	22.9031682284694
A_HA_H3	23	9087	G	97	0	8995	21.9369649805447
A_HA_H3	24	9138	C	47	0	9053	22.3867226333812
A_HA_H3	25	9138	A	47	0	9103	22.8117104251346
A_HA_H3	26	9153	A	34	0	9014	23.0006656312403
A_HA_H3	27	9131	C	56	0	9074	24.3124311218867
A_HA_H3	28	9166	A	21	0	9081	23.8778768858055
A_HA_H3	29	9148	T	40	0	9090	24.0002200220022
A_HA_H3	30	9127	T	61	0	9050	26.0893922651934
A_HA_H3	31	9121	C	68	0	9063	25.6009047776674
A_HA_H3	32	9014	T	175	0	8895	24.596514896009
A_HA_H3	33	9106	A	84	0	8930	23.0152295632699
A_HA_H3	34	9112	T	79	0	9017	22.8584895197959
A_HA_H3	35	9128	G	63	0	8840	23.3670814479638
A_HA_H3	36	9130	T	61	0	9051	23.9871837366037
A_HA_H3	37	9145	C	47	0	9088	23.7599031690141
A_HA_H3	38	9088	T	105	0	9028	23.773814798405
A_HA_H3	39	9181	T	41	0	9122	25.5504275378207
A_HA_H3	40	9179	G	43	0	9080	24.7337004405286
A_HA_H3	41	8587	T	640	0	8503	25.5019404915912
A_HA_H3	42	9199	T	29	0	9151	25.532728663534
A_HA_H3	43	9181	T	47	0	9131	27.0052568174351
A_HA_H3	44	9148	T	80	0	9016	29.1451863354037
A_HA_H3	45	9109	C	120	0	8981	31.7903351519875
A_HA_H3	46	9118	G	112	0	8931	24.5889598029336
A_HA_H3	47	9138	C	92	0	9028	23.9060700044307
A_HA_H3	48	9154	T	76	0	9053	24.7264995029272
A_HA_H3	49	9186	C	45	0	9123	24.8970733311411
A_HA_H3	50	7362	A	1870	0	7227	22.0027674000277
A_HA_H3	51	8969	A	263	0	8919	22.3975782038345
A_HA_H3	52	9188	A	44	0	9107	25.2057757768749
A_HA_H3	53	9206	A	27	0	9176	28.6314298169137
A_HA_H3	54	9215	A	19	0	9182	29.2557177085602
A_HA_H3	55	9197	A	37	0	9127	26.6628684124028
A_HA_H3	56	9173	T	61	0	9106	26.5940039534373
A_HA_H3	57	9179	A	55	0	9011	23.0810120963267
A_HA_H3	58	9098	C	136	0	9046	22.5793720981649
A_HA_H3	59	9119	C	115	0	9052	21.9616659301812
A_HA_H3	60	9050	T	184	0	8948	21.7143495753241
A_HA_H3	61	8431	G	803	0	8329	23.1349501740905
A_HA_H3	62	9098	G	136	0	8507	20.5705889267662
A_HA_H3	63	9074	A	160	0	9021	20.0315929497838
A_HA_H3	64	9193	A	41	0	9136	21.9717600700525
A_HA_H3	65	9205	A	29	0	9113	26.7241303632174
A_HA_H3	66	9176	T	59	0	9086	24.2364076601365
A_HA_H3	67	9152	G	83	0	9053	25.2830001104606
A_HA_H3	68	9195	A	40	0	9106	25.0295409620031
A_HA_H3	69	9199	C	37	0	9114	23.9599517226245
A_HA_H3	70	9157	A	79	0	9105	23.8970895112576
A_HA_H3	71	9170	A	66	0	9078	24.4651905706103
A_HA_H3	72	9164	T	72	0	9067	24.3222675636925
A_HA_H3	73	9164	A	72	0	8990	23.9031145717464
A_HA_H3	74	9101	G	135	0	8990	21.6427141268076
A_HA_H3	75	9063	C	173	0	8921	21.8611142248627
A_HA_H3	76	9116	A	120	0	9024	21.8117242907801
A_HA_H3	77	9081	C	155	0	8925	21.5204481792717
A_HA_H3	78	9041	G	195	0	8818	20.1073939668859
A_HA_H3	79	9171	G	65	0	9031	18.8027903886613
A_HA_H3	80	9172	C	64	0	9083	18.7214576681713
A_HA_H3	81	9144	A	92	0	9095	19.4967564595932
A_HA_H3	82	9155	A	81	0	9033	21.8450127310971
A_HA_H3	83	9121	C	115	0	9033	22.6093213771726
A_HA_H3	84	9099	G	137	0	8957	21.7549402701797
A_HA_H3	85	9176	C	60	0	8959	21.3228038843621
A_HA_H3	86	9088	T	148	0	8947	21.7458365932715
A_HA_H3	87	9125	G	111	0	8911	22.5513410391651
A_HA_H3	88	9167	T	69	0	8590	23.2895227008149
A_HA_H3	89	9190	G	46	0	9084	24.1131660061647
A_HA_H3	90	9129	C	107	0	9017	24.08295441943
A_HA_H3	91	9155	C	81	0	8979	22.8085532910124
A_HA_H3	92	9076	T	160	0	8877	22.4618677481131
A_HA_H3	93	9111	T	125	0	8950	23.7522905027933
A_HA_H3	94	9011	G	225	0	8726	21.6432500573
A_HA_H3	95	9082	G	154	0	8821	20.0939802743453
A_HA_H3	96	9113	G	123	0	8994	18.4658661329775
A_HA_H3	97	8885	C	351	0	8717	18.9414936331307
A_HA_H3	98	8874	A	362	0	8508	18.3634226610249
A_HA_H3	99	8896	C	340	0	8534	18.5431216311226
A_HA_H3	100	9115	C	121	0	8694	18.3885438233264
A_HA_H3	101	9110	A	126	0	8977	18.3062270246185
A_HA_H3	102	9141	T	95	0	9061	20.4712504138616
A_HA_H3	103	9100	G	136	0	8837	22.4398551544642
A_HA_H3	104	9121	C	115	0	8989	23.1367226610301
A_HA_H3	105	9077	A	159	0	8493	18.6504179912869
A_HA_H3	106	9170	G	66	0	9033	17.802723347725
A_HA_H3	107	9171	T	65	0	9080	18.5659691629956
A_HA_H3	108	9124	A	113	0	8968	19.7203389830508
A_HA_H3	109	9075	C	162	0	8910	23.4034792368126
A_HA_H3	110	9188	C	49	0	9055	23.3558255107675
A_HA_H3	111	9150	A	87	0	9114	23.2941628264209
A_HA_H3	112	9204	A	33	0	9159	24.8876514903374
A_HA_H3	113	9209	A	28	0	9105	26.8107633168589
A_HA_H3	114	9214	C	24	0	9151	25.2694787454923
A_HA_H3	115	9163	G	75	0	9056	23.9285556537102
A_HA_H3	116	9213	G	25	0	9166	23.3355880427667
A_HA_H3	117	9159	A	79	0	9086	23.9140435835351
A_HA_H3	118	9219	A	19	0	9147	25.9651251776539
A_HA_H3	119	9217	C	21	0	9147	25.1850880069968
A_HA_H3	120	9196	G	42	0	9117	23.8806624986289
A_HA_H3	121	9173	A	65	0	9099	24.2166172106825
A_HA_H3	122	9207	T	31	0	9143	24.6985672098873
A_HA_H3	123	9196	A	42	0	8896	23.0200089928058
A_HA_H3	124	9179	G	59	0	9052	21.8970393283252
A_HA_H3	125	9181	T	57	0	9088	21.5502860915493
A_HA_H3	126	9181	G	57	0	9091	21.7454625453745
A_HA_H3	127	9003	A	235	0	8918	23.549114151155
A_HA_H3	128	9179	A	59	0	9104	25.5973198594025
A_HA_H3	129	9198	A	40	0	9136	32.1161339754816
A_HA_H3	130	9225	A	13	0	9039	31.5520522181657
A_HA_H3	131	9222	C	16	0	9146	26.2934616225672
A_HA_H3	132	9176	A	62	0	9114	25.1084046521835
A_HA_H3	133	9214	A	24	0	9128	25.1235758106924
A_HA_H3	134	9215	T	23	0	9123	26.4368080675216
A_HA_H3	135	9094	C	144	0	9018	27.7324240408073
A_HA_H3	136	9134	A	104	0	8865	23.9420191765369
A_HA_H3	137	9165	C	73	0	8934	23.4325050369375
A_HA_H3	138	9116	A	121	0	9049	23.1048734666814
A_HA_H3	139	9202	A	35	0	9161	23.2780264163301
A_HA_H3	140	9191	A	46	0	9125	25.1800547945205
A_HA_H3	141	9185	T	52	0	9109	27.1013283565704
A_HA_H3	142	9164	G	73	0	9078	26.3713372989645
A_HA_H3	143	9186	A	51	0	9103	26.3246182577172
A_HA_H3	144	9117	C	120	0	9015	25.4262895174709
A_HA_H3	145	9194	C	43	0	9030	23.4439645625692
A_HA_H3	146	9110	G	127	0	8975	21.3479665738162
A_HA_H3	147	9106	A	131	0	8992	20.8023798932384
A_HA_H3	148	9187	A	50	0	9068	20.9590868989854
A_HA_H3	149	9174	T	63	0	9049	22.0892916344347
A_HA_H3	150	9203	T	34	0	9138	23.7521339461589
A_HA_H3	151	9125	G	112	0	9040	23.1842920353982
A_HA_H3	152	9098	A	139	0	8994	22.4906604402935
A_HA_H3	153	9124	A	113	0	9033	22.4461419240562
A_HA_H3	154	9153	G	84	0	9057	23.7308159434691
A_HA_H3	155	9160	T	77	0	8988	23.1622162883845
A_HA_H3	156	9206	T	30	0	9120	24.7537280701754
A_HA_H3	157	9207	A	29	0	9049	24.7827384241353
A_HA_H3	158	9178	C	58	0	9073	25.151438333517
A_HA_H3	159	9197	T	39	0	9021	24.0385766544729
A_HA_H3	160	9188	A	48	0	9152	24.1059877622378
A_HA_H3	161	9205	A	31	0	9133	24.7746633088799
A_HA_H3	162	9191	T	45	0	9117	26.0427772293518
A_HA_H3	163	9182	G	54	0	9080	26.5411894273128
A_HA_H3	164	9160	C	76	0	9103	24.8271998242338
A_HA_H3	165	9157	T	79	0	9067	24.4862688871733
A_HA_H3	166	9145	A	91	0	8983	23.1361460536569
A_HA_H3	167	9180	C	56	0	9095	23.3494227597581
A_HA_H3	168	9154	T	82	0	8886	23.6692550078776
A_HA_H3	169	9162	G	74	0	9039	22.7426706494081
A_HA_H3	170	9060	A	176	0	8873	22.8160712273188
A_HA_H3	171	9188	G	48	0	9124	21.5972161332749
A_HA_H3	172	9201	T	35	0	9093	21.5635103926097
A_HA_H3	173	9218	T	18	0	9169	22.2264150943396
A_HA_H3	174	9162	G	74	0	9090	24.7277227722772
A_HA_H3	175	9213	G	22	0	9092	25.1137263528377
A_HA_H3	176	9208	T	27	0	9146	25.2619724469714
A_HA_H3	177	8437	C	798	0	8337	25.8711766822598
A_HA_H3	178	9141	C	94	0	8953	20.3433485982352
A_HA_H3	179	9067	A	168	0	8917	17.7367948861725
A_HA_H3	180	9128	G	107	0	9021	17.7188781731515
A_HA_H3	181	9153	A	82	0	9067	20.1550678283887
A_HA_H3	182	9186	A	50	0	9094	22.3910270508027
A_HA_H3	183	9173	T	63	0	9060	23.0682119205298
A_HA_H3	184	9193	T	43	0	9094	26.0611392126677
A_HA_H3	185	9153	C	83	0	9033	26.6620170485996
A_HA_H3	186	9194	A	42	0	9070	25.2786108048512
A_HA_H3	187	9210	T	26	0	9127	25.1942587925934
A_HA_H3	188	9184	C	52	0	9130	26.2168674698795
A_HA_H3	189	9159	A	77	0	9117	22.5867061533399
A_HA_H3	190	9185	A	51	0	9090	22.5974697469747
A_HA_H3	191	9163	T	73	0	9056	25.8652826855124
A_HA_H3	192	9138	A	98	0	8923	23.6883335201166
A_HA_H3	193	9110	G	126	0	8896	21.9816771582734
A_HA_H3	194	9146	G	90	0	9031	21.4697154246484
A_HA_H3	195	9168	T	68	0	9031	21.9241501494851
A_HA_H3	196	8939	A	297	0	8807	22.3678891790621
A_HA_H3	197	9198	A	38	0	9155	24.8537411250683
A_HA_H3	198	9206	A	30	0	9159	26.0902937001856
A_HA_H3	199	9171	A	64	0	9097	31.0983840826646
A_HA_H3	200	9158	T	77	0	9063	29.7784398102174
A_HA_H3	201	9136	A	99	0	9031	27.1660945631713
A_HA_H3	202	9099	T	136	0	8912	26.4480475763016
A_HA_H3	203	9069	G	166	0	8774	23.6297013904718
A_HA_H3	204	9066	C	168	0	8863	22.7226672684193
A_HA_H3	205	9174	G	60	0	9034	21.2581359309276
A_HA_H3	206	9173	A	61	0	9019	21.3310788335736
A_HA_H3	207	9143	C	90	0	9037	22.6342812880381
A_HA_H3	208	9149	A	84	0	8949	20.9418929489328
A_HA_H3	209	9147	G	86	0	9005	21.2454192115491
A_HA_H3	210	9171	T	61	0	9100	21.812967032967
A_HA_H3	211	8897	C	335	0	8828	22.3746035342093
A_HA_H3	212	9174	C	58	0	9115	21.304552934723
A_HA_H3	213	9200	T	32	0	9107	21.3290875150983
A_HA_H3	214	9189	C	43	0	9129	21.9654945777194
A_HA_H3	215	9200	A	32	0	9104	23.4469463971881
A_HA_H3	216	9206	T	26	0	9122	25.0156763867573
A_HA_H3	217	9193	C	39	0	9128	26.2782646801052
A_HA_H3	218	9180	A	52	0	8989	21.4335298698409
A_HA_H3	219	9205	G	27	0	9109	19.9558678230322
A_HA_H3	220	9208	A	24	0	9153	21.0326668851743
A_HA_H3	221	9182	T	50	0	9134	22.3458506678345
A_HA_H3	222	9017	C	215	0	8963	23.5730224255272
A_HA_H3	223	9169	C	63	0	9096	23.6303869832894
A_HA_H3	224	9018	T	214	0	8843	22.5336424290399
A_HA_H3	225	9192	T	40	0	9101	23.7259641797605
A_HA_H3	226	9194	G	38	0	9132	24.1982041173894
A_HA_H3	227	9203	A	29	0	9137	25.0200284557295
A_HA_H3	228	9211	T	21	0	9144	25.363845144357
A_HA_H3	229	9107	G	125	0	9076	25.2260907888938
A_HA_H3	230	9149	G	83	0	9094	22.8412139872443
A_HA_H3	231	9112	A	120	0	9026	21.2162641258586
A_HA_H3	232	8073	G	1159	0	7934	20.9783211494832
A_HA_H3	233	9055	G	177	0	8854	19.2655297040885
A_HA_H3	234	9149	G	83	0	9092	16.8664760228773
A_HA_H3	235	9026	A	206	0	8943	17.7839651123784
A_HA_H3	236	9109	A	123	0	8983	21.1988199933207
A_HA_H3	237	9113	C	119	0	9047	22.7215651597215
A_HA_H3	238	9072	T	160	0	8956	22.7803707012059
A_HA_H3	239	9125	G	106	0	9039	22.5187520743445
A_HA_H3	240	8887	C	344	0	8798	22.4724937485792
A_HA_H3	241	8850	A	381	0	8736	21.41163003663
A_HA_H3	242	9147	C	84	0	9074	21.5582984350893
A_HA_H3	243	9119	A	112	0	9034	26.9891520920965
A_HA_H3	244	9074	C	157	0	8933	25.1178775327438
A_HA_H3	245	9124	T	107	0	8862	21.7289550891447
A_HA_H3	246	9123	A	107	0	9028	22.031789986708
A_HA_H3	247	9162	A	67	0	8975	23.4061281337047
A_HA_H3	248	9182	T	47	0	9034	24.2358866504317
A_HA_H3	249	9152	A	77	0	9008	23.344471580817
A_HA_H3	250	9179	G	50	0	9086	21.234646709223
A_HA_H3	251	9170	A	57	0	9079	21.8064764841943
A_HA_H3	252	9169	T	58	0	9108	22.7005928853755
A_HA_H3	253	9152	G	75	0	8989	22.8069863166092
A_HA_H3	254	9044	C	183	0	8973	22.5792934358631
A_HA_H3	255	9082	T	144	0	8988	23.0397196261682
A_HA_H3	256	9153	C	73	0	9051	22.3326704231577
A_HA_H3	257	8916	T	310	0	8785	21.3574274331246
A_HA_H3	258	9050	A	176	0	8669	20.275002883839
A_HA_H3	259	9074	T	152	0	8845	21.0070096099491
A_HA_H3	260	9099	T	127	0	8960	21.8989955357143
A_HA_H3	261	8449	G	777	0	8123	19.8137387664656
A_HA_H3	262	9028	G	198	0	8878	18.0420139671097
A_HA_H3	263	9167	G	59	0	8962	17.4649631778621
A_HA_H3	264	9150	G	76	0	9056	20.4457818021201
A_HA_H3	265	9022	G	204	0	8949	21.0238015420717
A_HA_H3	266	9007	A	219	0	8936	21.6427931960609
A_HA_H3	267	8491	C	735	0	8239	22.059230489137
A_HA_H3	268	9096	C	130	0	9019	22.0738441068855
A_HA_H3	269	9076	C	149	0	8986	20.9253282884487
A_HA_H3	270	9039	T	186	0	8971	21.6825326050608
A_HA_H3	271	9128	C	96	0	9017	22.2778085837862
A_HA_H3	272	9066	A	158	0	8530	19.1572098475967
A_HA_H3	273	8998	G	226	0	8815	18.7256948383437
A_HA_H3	274	9009	T	214	0	8828	19.493429995469
A_HA_H3	275	9145	G	78	0	9015	19.9253466444814
A_HA_H3	276	9153	T	70	0	9020	25.3782705099778
A_HA_H3	277	9179	G	44	0	9127	28.6092911142763
A_HA_H3	278	9167	A	55	0	9055	24.0815019326339
A_HA_H3	279	9137	C	85	0	9030	23.7781838316722
A_HA_H3	280	9139	G	83	0	8877	21.9960572265405
A_HA_H3	281	9157	G	63	0	9069	21.3142573602382
A_HA_H3	282	9193	C	27	0	9108	21.8909749670619
A_HA_H3	283	9186	G	34	0	9067	21.9939340465424
A_HA_H3	284	9188	T	32	0	9112	23.4656496927129
A_HA_H3	285	9200	T	19	0	9098	25.3002857770939
A_HA_H3	286	9134	C	85	0	9054	24.8243870112657
A_HA_H3	287	8965	A	253	0	8844	24.2455902306649
A_HA_H3	288	9162	A	51	0	9077	24.3680731519224
A_HA_H3	289	9179	A	34	0	9102	25.9154032080861
A_HA_H3	290	9170	A	43	0	9050	29.5644198895028
A_HA_H3	291	9143	T	69	0	8893	26.007421567525
A_HA_H3	292	8981	A	231	0	8761	25.0475973062436
A_HA_H3	293	9092	A	120	0	8857	23.8648526589139
A_HA_H3	294	8968	G	244	0	8750	21.1041142857143
A_HA_H3	295	9168	G	44	0	9101	21.626854191847
A_HA_H3	296	9156	A	56	0	9079	19.7704593016852
A_HA_H3	297	9185	A	27	0	9115	22.7449259462425
A_HA_H3	298	9184	T	27	0	9119	25.4001535256059
A_HA_H3	299	8950	G	258	0	8847	24.9874533740251
A_HA_H3	300	9156	G	51	0	9113	25.1530780204104
A_HA_H3	301	9179	G	28	0	9110	23.3479692645445
A_HA_H3	302	9168	A	38	0	9110	24.5976948408342
A_HA_H3	303	9116	C	90	0	9066	24.2758658724906
A_HA_H3	304	9122	C	84	0	9014	22.5558020856446
A_HA_H3	305	7063	T	2142	0	6880	23.2956395348837
A_HA_H3	306	8810	T	395	0	8744	23.907021957914
A_HA_H3	307	9076	T	129	0	9017	28.0756349118332
A_HA_H3	308	9114	T	91	0	9074	36.2707736389685
A_HA_H3	309	9114	T	91	0	9008	29.7220248667851
A_HA_H3	310	9130	G	75	0	9021	29.6132357831726
A_HA_H3	311	9159	T	46	0	9021	27.0150759339319
A_HA_H3	312	9172	T	33	0	9086	26.0355491965661
A_HA_H3	313	9164	G	41	0	9025	23.9906925207756
A_HA_H3	314	9135	A	70	0	8898	24.0070802427512
A_HA_H3	315	9169	A	36	0	8980	24.2815144766147
A_HA_H3	316	9153	C	52	0	8963	23.5388820707352
A_HA_H3	317	8977	G	227	0	8847	20.2119362495761
A_HA_H3	318	9018	A	186	0	8950	20.8023463687151
A_HA_H3	319	9098	A	106	0	9012	20.3199067909454
A_HA_H3	320	9135	G	69	0	9025	22.2204986149584
A_HA_H3	321	9139	C	65	0	9039	22.5649961278903
A_HA_H3	322	9052	A	152	0	8892	22.7717049032839
A_HA_H3	323	9096	G	107	0	9013	20.5228003994231
A_HA_H3	324	9096	A	107	0	9031	20.5545343815746
A_HA_H3	325	9048	G	155	0	8882	22.5845530285972
A_HA_H3	326	9085	C	118	0	8819	23.0117927202631
A_HA_H3	327	9093	C	110	0	8830	22.9750849377123
A_HA_H3	328	9097	A	104	0	9047	23.1299878412734
A_HA_H3	329	9117	A	84	0	8859	21.2593972231629
A_HA_H3	330	9068	C	133	0	8986	21.0253728021367
A_HA_H3	331	9012	A	189	0	8851	20.5344028923286
A_HA_H3	332	9053	G	148	0	8095	16.735145151328
A_HA_H3	333	9127	C	72	0	9059	16.7083563307208
A_HA_H3	334	9078	A	120	0	9015	16.9287853577371
A_HA_H3	335	9128	A	70	0	8812	17.3586019064911
A_HA_H3	336	9137	C	60	0	9063	20.5097649784839
A_HA_H3	337	9101	T	95	0	8959	20.5016184842058
A_HA_H3	338	9142	G	54	0	8815	19.6431083380601
A_HA_H3	339	9067	T	127	0	8940	22.244966442953
A_HA_H3	340	9155	T	39	0	9090	22.5547854785479
A_HA_H3	341	9129	A	64	0	8988	22.1130396083667
A_HA_H3	342	8968	C	223	0	8873	23.4589203200721
A_HA_H3	343	9102	C	88	0	8955	23.350977107761
A_HA_H3	344	9106	C	84	0	8911	22.041409493884
A_HA_H3	345	9039	T	150	0	8592	21.68354283054
A_HA_H3	346	9111	T	78	0	9034	21.9622537082134
A_HA_H3	347	9130	A	59	0	9041	22.0972237584338
A_HA_H3	348	9163	T	26	0	9074	23.270553229006
A_HA_H3	349	9159	G	30	0	9116	26.4865072400176
A_HA_H3	350	9164	A	24	0	9101	26.963630370289
A_HA_H3	351	9062	T	125	0	9023	26.9659758395212
A_HA_H3	352	9058	G	129	0	8978	26.4395188237915
A_HA_H3	353	9137	T	50	0	9037	25.43299767622
A_HA_H3	354	9083	G	104	0	8931	24.2586496472959
A_HA_H3	355	8739	C	448	0	8660	23.7557736720554
A_HA_H3	356	9125	C	62	0	8964	21.702365015618
A_HA_H3	357	9069	G	118	0	8902	20.1364861828803
A_HA_H3	358	9133	G	54	0	9091	20.8694313056869
A_HA_H3	359	9038	A	149	0	8971	22.9390257496377
A_HA_H3	360	9116	T	71	0	9064	23.8059355692851
A_HA_H3	361	9123	T	64	0	9065	24.246221731936
A_HA_H3	362	9120	A	67	0	8986	24.4961050523036
A_HA_H3	363	9092	T	92	0	9007	24.0836016431664
A_HA_H3	364	9059	G	125	0	8805	21.3474162407723
A_HA_H3	365	9012	C	172	0	8888	20.6943069306931
A_HA_H3	366	9039	C	145	0	8944	19.3326252236136
A_HA_H3	367	9043	T	141	0	8963	19.0496485551713
A_HA_H3	368	8140	C	1044	0	8049	21.0642315815629
A_HA_H3	369	9039	C	145	0	8880	21.7206081081081
A_HA_H3	370	9033	C	149	0	8828	18.2136384231989
A_HA_H3	371	9005	T	177	0	8758	18.6406713861612
A_HA_H3	372	9081	T	101	0	8940	22.1286353467562
A_HA_H3	373	9032	A	150	0	8235	20.2081360048573
A_HA_H3	374	8984	G	198	0	8843	18.7065475517358
A_HA_H3	375	9138	G	44	0	9012	18.7453395472703
A_HA_H3	376	9153	T	29	0	9047	19.0779263844368
A_HA_H3	377	9074	C	106	0	8951	23.218634789409
A_HA_H3	378	9089	A	89	0	8911	22.9137021658624
A_HA_H3	379	9077	C	100	0	8969	22.6138922956851
A_HA_H3	380	9102	T	75	0	8916	22.354419021983
A_HA_H3	381	9050	A	127	0	8684	20.1014509442653
A_HA_H3	382	9127	G	50	0	8962	20.2965855835751
A_HA_H3	383	9121	T	56	0	8892	21.0579172289699
A_HA_H3	384	9138	T	39	0	9084	21.440664905328
A_HA_H3	385	9057	G	120	0	8931	22.5963497928563
A_HA_H3	386	9045	C	131	0	8917	24.300325221487
A_HA_H3	387	9109	C	67	0	8998	23.0522338297399
A_HA_H3	388	9111	T	65	0	9030	22.1861572535991
A_HA_H3	389	9121	C	55	0	9060	22.744591611479
A_HA_H3	390	9144	A	32	0	9071	22.8355197883365
A_HA_H3	391	9154	T	22	0	9104	24.7851493848858
A_HA_H3	392	8857	C	319	0	8824	26.6953762466002
A_HA_H3	393	9069	C	106	0	8804	23.7937301226715
A_HA_H3	394	8912	G	261	0	8448	22.2310606060606
A_HA_H3	395	9018	G	155	0	8781	21.0193599817788
A_HA_H3	396	8913	C	259	0	8717	21.3563152460709
A_HA_H3	397	8894	A	276	0	8645	19.7419317524581
A_HA_H3	398	9121	C	48	0	8894	20.5480098943108
A_HA_H3	399	9031	A	137	0	8907	24.8981699786685
A_HA_H3	400	9094	C	73	0	8979	23.3903552734157
A_HA_H3	401	9086	T	81	0	8981	21.9822959581338
A_HA_H3	402	8794	G	373	0	8617	22.698270859928
A_HA_H3	403	9000	G	167	0	8893	22.6040706173395
A_HA_H3	404	8471	A	696	0	8330	19.9130852340936
A_HA_H3	405	9069	G	98	0	8933	19.8721594089332
A_HA_H3	406	9023	T	144	0	8747	19.9713044472391
A_HA_H3	407	9131	T	36	0	9035	20.9843940232429
A_HA_H3	408	9067	T	100	0	8958	24.5254521098459
A_HA_H3	409	8326	A	841	0	8135	26.5526736324524
A_HA_H3	410	9027	A	138	0	8966	25.4240463975017
A_HA_H3	411	9120	A	44	0	9101	25.2965608174926
A_HA_H3	412	9086	A	78	0	9038	31.1461606550122
A_HA_H3	413	9029	A	134	0	8942	29.7726459405055
A_HA_H3	414	9003	T	160	0	8914	27.6765761723132
A_HA_H3	415	8981	G	181	0	8880	22.561036036036
A_HA_H3	416	8919	A	242	0	8787	22.0505291908501
A_HA_H3	417	8988	A	173	0	8907	21.0757830919502
A_HA_H3	418	9007	A	154	0	8944	22.4133497316637
A_HA_H3	419	9079	G	82	0	8925	21.9811764705882
A_HA_H3	420	9074	C	87	0	9039	20.7662352030092
A_HA_H3	421	8990	T	171	0	8886	21.4428314202116
A_HA_H3	422	9041	T	120	0	8970	22.0707915273133
A_HA_H3	423	9050	C	111	0	8979	24.2643946987415
A_HA_H3	424	9051	A	109	0	8987	20.5249805274285
A_HA_H3	425	9130	A	28	0	9015	20.2534664448142
A_HA_H3	426	9119	T	39	0	8964	22.3649040606872
A_HA_H3	427	9131	T	27	0	9078	24.108834545054
A_HA_H3	428	8550	G	607	0	8488	24.3742931196984
A_HA_H3	429	9132	G	24	0	9083	23.1994935593967
A_HA_H3	430	9118	A	38	0	9064	24.1644969108561
A_HA_H3	431	9111	C	45	0	9029	24.2589434045852
A_HA_H3	432	9040	T	115	0	8944	23.4789803220036
A_HA_H3	433	7573	G	1582	0	7416	23.6318770226537
A_HA_H3	434	9089	G	66	0	8985	21.5096271563717
A_HA_H3	435	9036	A	119	0	8975	20.7721448467967
A_HA_H3	436	9124	G	31	0	9025	22.6321329639889
A_HA_H3	437	9136	T	19	0	9054	22.3475811795891
A_HA_H3	438	9119	C	36	0	9055	24.2637217007178
A_HA_H3	439	9038	A	117	0	8954	24.7257091802546
A_HA_H3	440	9119	A	35	0	9051	25.1328030051928
A_HA_H3	441	9121	A	33	0	8961	25.9645128891865
A_HA_H3	442	9124	C	30	0	8940	26.243288590604
A_HA_H3	443	8880	A	274	0	8763	25.2970443911902
A_HA_H3	444	9132	A	21	0	9100	26.0574725274725
A_HA_H3	445	9139	A	12	0	9092	28.6944566652002
A_HA_H3	446	9123	A	28	0	8991	33.1509287064843
A_HA_H3	447	9101	C	47	0	8966	26.3053758643765
A_HA_H3	448	9066	G	80	0	8882	23.9214140959243
A_HA_H3	449	9125	G	21	0	9041	22.7276849905984
A_HA_H3	450	9110	A	36	0	9030	23.0045404208195
A_HA_H3	451	9113	A	32	0	9025	25.4627146814404
A_HA_H3	452	9100	C	45	0	9050	25.8812154696133
A_HA_H3	453	8999	A	145	0	8927	27.0399910384228
A_HA_H3	454	9106	A	34	0	9025	26.5064819944598
A_HA_H3	455	9099	G	41	0	9005	20.8219877845641
A_HA_H3	456	9102	T	39	0	9038	22.890794423545
A_HA_H3	457	9109	T	32	0	9049	23.8468339042988
A_HA_H3	458	9081	C	60	0	9042	23.9187126741871
A_HA_H3	459	9036	T	104	0	8968	25.9552854594112
A_HA_H3	460	8982	G	158	0	8826	26.06186267845
A_HA_H3	461	8992	C	147	0	8810	25.8076049943246
A_HA_H3	462	8910	G	229	0	8715	24.5278255880666
A_HA_H3	463	8914	T	224	0	8847	23.8927319995479
A_HA_H3	464	8996	G	142	0	8846	24.444042505087
A_HA_H3	465	9020	C	118	0	8892	23.9667116509222
A_HA_H3	466	8007	A	1130	0	7937	23.5092604258536
A_HA_H3	467	8572	A	563	0	8501	23.8877779084814
A_HA_H3	468	8867	A	267	0	8821	21.2297925405283
A_HA_H3	469	8682	A	452	0	8516	17.9645373414749
A_HA_H3	470	8102	G	1032	0	7930	17.1040353089533
A_HA_H3	471	8703	G	430	0	8543	17.8210230598151
A_HA_H3	472	9085	G	48	0	8942	20.0675464101991
A_HA_H3	473	9101	G	32	0	9044	20.4904909332154
A_HA_H3	474	9087	A	43	0	9046	23.0600265310635
A_HA_H3	475	9090	T	40	0	9037	23.3741285824942
A_HA_H3	476	9099	C	31	0	9020	24.0754988913525
A_HA_H3	477	8954	T	173	0	8815	23.910266591038
A_HA_H3	478	8977	A	150	0	8807	22.3308731690701
A_HA_H3	479	8994	G	133	0	8861	22.1833878794718
A_HA_H3	480	9088	T	39	0	9017	22.9075080403682
A_HA_H3	481	9093	A	34	0	8987	23.325803939023
A_HA_H3	482	9079	G	48	0	8933	24.22590395164
A_HA_H3	483	9008	T	118	0	8899	25.357343521744
A_HA_H3	484	8966	A	160	0	8823	24.9283690354755
A_HA_H3	485	8992	G	133	0	8906	24.6315966763979
A_HA_H3	486	6651	T	2474	0	6498	26.3479532163743
A_HA_H3	487	7909	T	1216	0	7814	25.1581776298951
A_HA_H3	488	8658	T	466	0	8575	26.2263556851312
A_HA_H3	489	9087	T	37	0	9032	25.6460363153233
A_HA_H3	490	9090	T	34	0	9063	28.7284563610284
A_HA_H3	491	9072	T	47	0	9001	31.5549383401844
A_HA_H3	492	9047	T	71	0	8947	30.1829663574382
A_HA_H3	493	9029	A	86	0	8877	25.9046975329503
A_HA_H3	494	9058	G	57	0	8963	23.8075421175946
A_HA_H3	495	9075	T	40	0	8963	23.6729889545911
A_HA_H3	496	8994	A	121	0	8870	23.9294250281849
A_HA_H3	497	9082	G	32	0	8981	22.6019374234495
A_HA_H3	498	9027	A	87	0	8913	22.5632222596208
A_HA_H3	499	9047	T	67	0	8961	23.4624483874568
A_HA_H3	500	9068	T	45	0	8977	23.1217555976384
A_HA_H3	501	8913	A	198	0	8779	25.8454265861715
A_HA_H3	502	9066	A	45	0	8953	24.4318105662906
A_HA_H3	503	9077	A	34	0	8976	23.080325311943
A_HA_H3	504	9051	T	59	0	8818	23.6066001360853
A_HA_H3	505	9077	T	30	0	9002	24.7729393468118
A_HA_H3	506	8985	G	121	0	8705	22.1187823090178
A_HA_H3	507	9073	G	33	0	8876	20.9180937359171
A_HA_H3	508	9077	T	29	0	8855	19.9361942405421
A_HA_H3	509	9082	T	24	0	8977	20.2643422078645
A_HA_H3	510	9050	G	55	0	8967	20.6653284264525
A_HA_H3	511	9005	A	100	0	8902	23.5506627724107
A_HA_H3	512	8796	C	309	0	8668	23.7718043377942
A_HA_H3	513	8952	C	153	0	8828	24.2641594925238
A_HA_H3	514	8970	C	135	0	8776	23.7776891522334
A_HA_H3	515	8939	A	166	0	8651	23.1577852271414
A_HA_H3	516	8933	C	171	0	8807	22.6287044396503
A_HA_H3	517	8818	T	286	0	8709	23.2791365254335
A_HA_H3	518	8958	T	145	0	8810	23.3508513053348
A_HA_H3	519	8985	A	113	0	8862	25.6257052584067
A_HA_H3	520	9033	A	65	0	8977	25.6994541606327
A_HA_H3	521	9014	A	83	0	8784	25.2789162112933
A_HA_H3	522	9012	C	84	0	8904	25.8073899371069
A_HA_H3	523	9047	A	49	0	9007	26.3612745642278
A_HA_H3	524	9048	A	47	0	8915	27.1150869321368
A_HA_H3	525	9038	C	55	0	8980	26.4887527839644
A_HA_H3	526	8673	A	420	0	8564	25.1017048108361
A_HA_H3	527	8680	T	413	0	8602	24.061729830272
A_HA_H3	528	9071	A	22	0	9003	24.5077196490059
A_HA_H3	529	9077	T	16	0	9044	34.7090888987174
A_HA_H3	530	9003	A	90	0	8929	59.4707134057565
A_HA_H3	531	9000	T	93	0	8957	36.4424472479625
A_HA_H3	532	8268	C	824	0	8216	27.5194741966894
A_HA_H3	533	9025	C	67	0	8940	22.5343400447427
A_HA_H3	534	9006	A	85	0	8913	20.7808818579603
A_HA_H3	535	9021	G	70	0	8864	21.1607626353791
A_HA_H3	536	9030	C	61	0	8924	24.0164724338862
A_HA_H3	537	9015	A	76	0	8886	23.5944181859104
A_HA_H3	538	9042	C	49	0	8926	23.3292628276944
A_HA_H3	539	8724	A	367	0	8652	25.1134997688396
A_HA_H3	540	9050	A	38	0	9002	24.3429237947123
A_HA_H3	541	9059	A	29	0	9013	25.8639742594031
A_HA_H3	542	9003	A	83	0	8905	27.7541830432341
A_HA_H3	543	8966	C	119	0	8871	24.9739600946906
A_HA_H3	544	8826	G	259	0	8524	22.196738620366
A_HA_H3	545	8865	T	218	0	8738	21.1530098420691
A_HA_H3	546	9022	G	61	0	8947	20.9798815245334
A_HA_H3	547	9043	A	40	0	8945	21.6884292901062
A_HA_H3	548	9016	C	67	0	8882	23.7095248817834
A_HA_H3	549	9032	T	51	0	8952	23.7369302949062
A_HA_H3	550	9037	A	46	0	8945	23.8573504751258
A_HA_H3	551	9021	T	59	0	8962	24.9016960499888
A_HA_H3	552	8961	G	118	0	8615	23.8710388856645
A_HA_H3	553	8897	C	182	0	8752	23.4842321755027
A_HA_H3	554	8989	C	90	0	8529	23.0671825536405
A_HA_H3	555	8934	A	146	0	8832	22.502830615942
A_HA_H3	556	9045	A	35	0	8949	24.1729802212538
A_HA_H3	557	9052	A	28	0	8897	25.2735753624817
A_HA_H3	558	9055	C	25	0	8978	25.7752283359323
A_HA_H3	559	8930	A	150	0	8843	25.8529910663802
A_HA_H3	560	8899	A	181	0	8804	25.8237164925034
A_HA_H3	561	8834	G	245	0	8560	23.2748831775701
A_HA_H3	562	8994	G	84	0	8837	23.1460903021387
A_HA_H3	563	8977	A	101	0	8789	21.7838206849471
A_HA_H3	564	9046	A	32	0	8940	23.3200223713647
A_HA_H3	565	9055	C	23	0	8993	23.9607472478594
A_HA_H3	566	9004	A	74	0	8953	25.186194571652
A_HA_H3	567	9029	A	49	0	8968	26.5984611953613
A_HA_H3	568	8959	T	118	0	8872	27.5648106402164
A_HA_H3	569	9049	T	27	0	8967	28.4380506300881
A_HA_H3	570	9047	T	28	0	8957	28.1149938595512
A_HA_H3	571	9014	G	60	0	8947	27.6135017324243
A_HA_H3	572	9005	A	69	0	8926	27.4617969975353
A_HA_H3	573	9020	C	54	0	8905	26.5569904548007
A_HA_H3	574	8905	A	169	0	8817	26.4084155608484
A_HA_H3	575	9001	A	73	0	8928	27.4554211469534
A_HA_H3	576	9026	A	46	0	8927	26.9562002912513
A_HA_H3	577	9007	T	64	0	8826	28.4760933605257
A_HA_H3	578	9013	T	57	0	8945	29.2948015651202
A_HA_H3	579	9000	G	70	0	8882	25.8534113938302
A_HA_H3	580	8978	T	91	0	8794	25.2995224016375
A_HA_H3	581	8985	A	84	0	8832	25.2741168478261
A_HA_H3	582	8993	C	76	0	8916	24.5837819650067
A_HA_H3	583	8996	A	73	0	8941	24.4651604965887
A_HA_H3	584	8906	T	163	0	8833	25.5491905354919
A_HA_H3	585	9001	T	68	0	8966	26.5446129823779
A_HA_H3	586	8934	T	135	0	8866	26.5488382585157
A_HA_H3	587	6186	G	2882	0	5954	22.1491434329862
A_HA_H3	588	8176	G	890	0	8000	20.315
A_HA_H3	589	8880	G	185	0	8618	18.5384079832908
A_HA_H3	590	9014	G	51	0	8251	19.3226275602957
A_HA_H3	591	8996	G	69	0	8050	18.0417391304348
A_HA_H3	592	8961	G	103	0	8512	15.9447838345865
A_HA_H3	593	8952	T	112	0	8858	15.1400993452247
A_HA_H3	594	8942	T	122	0	8836	16.6772295156179
A_HA_H3	595	8771	C	292	0	8673	20.6445289980399
A_HA_H3	596	8726	A	335	0	8595	20.604537521815
A_HA_H3	597	8620	C	441	0	8453	20.0925115343665
A_HA_H3	598	8678	C	383	0	8523	20.4225038132113
A_HA_H3	599	8662	A	398	0	8577	19.5840037309082
A_HA_H3	600	8355	C	705	0	8158	20.9308654081883
A_HA_H3	601	8624	C	434	0	8239	21.7908726787231
A_HA_H3	602	8974	C	84	0	8697	19.7972864206048
A_HA_H3	603	8798	G	259	0	8546	19.133512754505
A_HA_H3	604	9002	G	55	0	8933	19.9631702675473
A_HA_H3	605	8981	A	75	0	8933	20.74196798388
A_HA_H3	606	8976	T	79	0	8887	22.966017778778
A_HA_H3	607	8979	A	75	0	8874	23.9016227180527
A_HA_H3	608	8915	C	139	0	8823	24.1098265895954
A_HA_H3	609	8916	A	137	0	8646	21.499306037474
A_HA_H3	610	8966	G	86	0	8778	20.7554112554113
A_HA_H3	611	9009	A	43	0	8913	20.9212386401885
A_HA_H3	612	9011	C	41	0	8835	21.478324844369
A_HA_H3	613	8724	A	326	0	8608	21.15625
A_HA_H3	614	8962	A	79	0	8869	20.7109031457887
A_HA_H3	615	8943	G	98	0	8827	18.832672482157
A_HA_H3	616	8925	A	116	0	8790	20.8290102389078
A_HA_H3	617	8894	A	147	0	8774	22.0233644859813
A_HA_H3	618	8662	C	379	0	8431	21.7969398647847
A_HA_H3	619	8982	C	58	0	8785	20.3894137734775
A_HA_H3	620	8845	A	194	0	8798	19.9865878608775
A_HA_H3	621	8948	A	91	0	8911	21.2643923240938
A_HA_H3	622	8977	A	61	0	8864	23.391809566787
A_HA_H3	623	8937	T	101	0	8876	23.758111762055
A_HA_H3	624	8895	C	143	0	8859	24.6312224856079
A_HA_H3	625	8944	T	93	0	8879	23.5308030183579
A_HA_H3	626	7594	C	1443	0	7523	25.1838362355443
A_HA_H3	627	8865	C	172	0	8780	22.9919134396355
A_HA_H3	628	8961	C	74	0	8880	18.5005630630631
A_HA_H3	629	8920	T	115	0	8836	18.1481439565414
A_HA_H3	630	8982	G	53	0	8823	21.7487249234954
A_HA_H3	631	8981	T	54	0	8905	23.7247613700168
A_HA_H3	632	8999	T	35	0	8905	24.9341942728804
A_HA_H3	633	8951	C	83	0	8806	25.1711333181921
A_HA_H3	634	8944	G	89	0	8753	23.4839483605621
A_HA_H3	635	8969	C	64	0	8832	22.8342391304348
A_HA_H3	636	8975	T	58	0	8842	22.9838271884189
A_HA_H3	637	9003	C	30	0	8948	23.8186186857398
A_HA_H3	638	8984	A	49	0	8952	23.9808981233244
A_HA_H3	639	8962	A	69	0	8894	24.4178097593884
A_HA_H3	640	8957	T	74	0	8911	26.4938839636404
A_HA_H3	641	8953	C	78	0	8915	26.9277621985418
A_HA_H3	642	8996	A	32	0	8911	25.1426327011559
A_HA_H3	643	8995	T	32	0	8931	25.6842458851192
A_HA_H3	644	8951	C	76	0	8905	26.593711398091
A_HA_H3	645	8844	A	183	0	8566	20.0405089890264
A_HA_H3	646	8677	G	350	0	8647	18.7288076789638
A_HA_H3	647	8994	G	31	0	8947	20.3568794009165
A_HA_H3	648	8981	A	42	0	8943	21.029743933803
A_HA_H3	649	9003	A	20	0	8959	25.2551624065186
A_HA_H3	650	8988	G	35	0	8929	25.355470937395
A_HA_H3	651	8989	A	32	0	8931	25.3435225618632
A_HA_H3	652	8996	A	25	0	8950	25.3497206703911
A_HA_H3	653	8986	T	35	0	8913	24.5866711544934
A_HA_H3	654	8839	C	182	0	8772	26.1071591427269
A_HA_H3	655	8898	A	122	0	8651	22.305976187724
A_HA_H3	656	8952	C	67	0	8806	21.627299568476
A_HA_H3	657	8977	A	42	0	8752	19.1827010968921
A_HA_H3	658	8972	G	47	0	8874	18.8024566148298
A_HA_H3	659	8981	T	38	0	8854	19.7503953015586
A_HA_H3	660	9002	A	17	0	8947	22.5401810662792
A_HA_H3	661	8995	T	24	0	8931	24.6630836412496
A_HA_H3	662	8987	C	31	0	8857	27.3460539686124
A_HA_H3	663	8903	T	114	0	8747	26.6417057276781
A_HA_H3	664	8737	A	280	0	8556	23.0178821879383
A_HA_H3	665	8868	C	149	0	8589	22.3987658633135
A_HA_H3	666	8828	C	188	0	8705	21.2366456059736
A_HA_H3	667	7541	A	1473	0	7490	20.8543391188251
A_HA_H3	668	8754	A	259	0	8716	21.4386186324002
A_HA_H3	669	8931	A	81	0	8892	23.3200629779577
A_HA_H3	670	8834	A	177	0	8764	21.2923322683706
A_HA_H3	671	8709	G	302	0	8586	23.5829256929886
A_HA_H3	672	8812	G	198	0	8715	20.7927710843373
A_HA_H3	673	8826	A	184	0	8679	19.9170411337712
A_HA_H3	674	8910	G	100	0	8735	20.2973096737264
A_HA_H3	675	8914	C	96	0	8755	21.0246716162193
A_HA_H3	676	8956	C	53	0	8771	21.575647018584
A_HA_H3	677	8949	A	57	0	8910	23.0470258136925
A_HA_H3	678	8940	A	66	0	8766	22.1748802190281
A_HA_H3	679	8924	C	82	0	8842	22.2923546708889
A_HA_H3	680	8875	A	129	0	8791	22.5727448526903
A_HA_H3	681	8956	A	46	0	8844	22.565355042967
A_HA_H3	682	8931	G	71	0	8845	22.9472018089316
A_HA_H3	683	8970	C	32	0	8886	23.5508665316228
A_HA_H3	684	8898	T	104	0	8798	24.0215958172312
A_HA_H3	685	8911	G	91	0	8832	23.413722826087
A_HA_H3	686	8951	T	51	0	8717	23.7681541814845
A_HA_H3	687	8950	A	52	0	8902	23.5226915299933
A_HA_H3	688	8974	A	28	0	8924	23.6525100851636
A_HA_H3	689	8966	T	36	0	8924	24.5903182429404
A_HA_H3	690	8731	C	271	0	8693	27.1944092948349
A_HA_H3	691	8894	C	108	0	8828	25.1051200724966
A_HA_H3	692	8950	C	52	0	8816	23.7436479128857
A_HA_H3	693	8885	A	117	0	8834	23.7706588182024
A_HA_H3	694	8981	A	21	0	8941	24.2441561346606
A_HA_H3	695	8980	A	22	0	8938	25.8081226225106
A_HA_H3	696	8981	T	18	0	8860	26.8170428893905
A_HA_H3	697	8979	A	20	0	8931	26.3753219124398
A_HA_H3	698	8965	T	32	0	8902	26.0902044484386
A_HA_H3	699	8905	C	89	0	8841	24.0545187196019
A_HA_H3	700	8912	G	82	0	8780	19.8414578587699
A_HA_H3	701	8970	G	24	0	8944	19.4711538461538
A_HA_H3	702	8966	A	28	0	8928	21.0691084229391
A_HA_H3	703	8959	T	34	0	8923	22.8803093130113
A_HA_H3	704	8955	C	38	0	8887	24.8612580173287
A_HA_H3	705	8920	T	73	0	8787	23.0154774098099
A_HA_H3	706	8921	A	72	0	8721	21.9454191033138
A_HA_H3	707	8947	G	46	0	8828	22.3721114635251
A_HA_H3	708	8946	A	47	0	8865	23.1756345177665
A_HA_H3	709	8728	C	264	0	8611	23.6660085936593
A_HA_H3	710	8941	C	51	0	8828	22.6741051200725
A_HA_H3	711	8939	C	53	0	8769	21.9109362527084
A_HA_H3	712	8891	A	101	0	8795	21.7389425810119
A_HA_H3	713	8933	G	57	0	8893	19.8180591476442
A_HA_H3	714	8934	A	55	0	8859	19.246190314934
A_HA_H3	715	8951	A	35	0	8877	22.47718823927
A_HA_H3	716	8944	T	42	0	8805	22.5175468483816
A_HA_H3	717	8693	A	292	0	8517	24.0331102500881
A_HA_H3	718	8930	A	54	0	8798	21.9112298249602
A_HA_H3	719	8434	G	548	0	8145	19.0346224677716
A_HA_H3	720	8943	G	38	0	8837	20.5690845309494
A_HA_H3	721	8945	G	36	0	8871	20.8975312817044
A_HA_H3	722	8929	A	52	0	8859	20.577040298002
A_HA_H3	723	8945	C	36	0	8885	22.8928531232414
A_HA_H3	724	8951	A	30	0	8883	23.3823032759203
A_HA_H3	725	8919	T	62	0	8866	24.9856756147079
A_HA_H3	726	8932	T	49	0	8857	25.7111888901434
A_HA_H3	727	8536	C	442	0	8424	24.9075261158595
A_HA_H3	728	8907	C	71	0	8786	21.6659458229001
A_HA_H3	729	8873	T	104	0	8763	19.2865457035262
A_HA_H3	730	8883	A	94	0	8769	22.0220093511233
A_HA_H3	731	8848	G	126	0	8698	22.7245343757186
A_HA_H3	732	8889	C	82	0	8749	22.221739627386
A_HA_H3	733	8883	A	88	0	8819	21.9844653588842
A_HA_H3	734	8921	G	49	0	8856	20.1900406504065
A_HA_H3	735	8910	A	60	0	8865	20.9739424703892
A_HA_H3	736	8930	A	40	0	8879	23.9514584975786
A_HA_H3	737	8919	T	51	0	8805	23.7639977285633
A_HA_H3	738	8834	A	136	0	8739	26.2806957317771
A_HA_H3	739	8890	A	79	0	8798	25.3057513071153
A_HA_H3	740	8839	G	124	0	8669	22.1813357942093
A_HA_H3	741	8887	C	76	0	8826	22.5740992522094
A_HA_H3	742	8913	A	50	0	8854	22.8796024395753
A_HA_H3	743	8901	T	61	0	8831	22.8493941795946
A_HA_H3	744	8933	C	29	0	8890	25.3208098987627
A_HA_H3	745	8846	T	115	0	8764	23.8716339570972
A_HA_H3	746	8888	A	73	0	8787	23.8963241151701
A_HA_H3	747	8902	T	59	0	8776	25.3419553327256
A_HA_H3	748	8931	T	29	0	8888	26.1732673267327
A_HA_H3	749	8672	G	287	0	8632	25.4272474513438
A_HA_H3	750	8929	G	30	0	8884	23.2710490769923
A_HA_H3	751	8925	A	34	0	8877	23.5067027148812
A_HA_H3	752	8933	C	26	0	8883	23.3109309917821
A_HA_H3	753	8893	A	64	0	8865	23.604850535815
A_HA_H3	754	8919	A	38	0	8800	25.7938636363636
A_HA_H3	755	8883	T	74	0	8792	25.8009554140127
A_HA_H3	756	8867	A	90	0	8704	24.8064108455882
A_HA_H3	757	8858	G	99	0	8719	22.5953664411056
A_HA_H3	758	8889	T	68	0	8752	22.1186014625229
A_HA_H3	759	8721	A	236	0	8621	22.6161698178866
A_HA_H3	760	8917	A	38	0	8877	23.0482144868762
A_HA_H3	761	8925	A	29	0	8861	25.4325696873942
A_HA_H3	762	8906	A	47	0	8789	27.3031061554215
A_HA_H3	763	8796	C	157	0	8679	25.0527710565733
A_HA_H3	764	8862	C	91	0	8731	22.5032642309014
A_HA_H3	765	8401	G	549	0	7965	19.6185812931576
A_HA_H3	766	8721	G	228	0	8581	18.9875305908402
A_HA_H3	767	8791	G	154	0	8715	18.435570854848
A_HA_H3	768	8811	A	134	0	8697	19.5887087501437
A_HA_H3	769	8743	G	200	0	8577	20.9015972950915
A_HA_H3	770	8841	A	102	0	8699	21.2733647545695
A_HA_H3	771	8871	C	71	0	8696	21.2241260349586
A_HA_H3	772	8851	A	91	0	8772	21.1731646146831
A_HA_H3	773	8842	T	100	0	8793	23.1686568861594
A_HA_H3	774	8868	A	74	0	8741	22.5000572016932
A_HA_H3	775	8878	C	62	0	8804	23.6252839618355
A_HA_H3	776	8305	T	635	0	8230	24.431227217497
A_HA_H3	777	8751	T	188	0	8699	25.125761581791
A_HA_H3	778	8823	T	116	0	8733	27.6489178976297
A_HA_H3	779	8886	T	53	0	8775	27.4818233618234
A_HA_H3	780	8891	G	48	0	8835	26.4110922467459
A_HA_H3	781	8912	A	27	0	8815	25.9070901871809
A_HA_H3	782	8916	T	23	0	8871	26.0096945102018
A_HA_H3	783	8921	T	15	0	8871	26.7506481794612
A_HA_H3	784	8865	A	70	0	8826	27.8617720371629
A_HA_H3	785	8870	A	64	0	8756	27.3016217450891
A_HA_H3	786	8863	C	70	0	8762	25.7304268431865
A_HA_H3	787	8847	A	84	0	8702	24.0434382900483
A_HA_H3	788	8791	G	140	0	8691	21.9351052813255
A_HA_H3	789	8806	C	124	0	8722	21.9288007337767
A_HA_H3	790	8819	A	110	0	8683	22.3252332143268
A_HA_H3	791	8853	C	76	0	8689	22.8155138681091
A_HA_H3	792	8787	A	141	0	8503	22.7791367752558
A_HA_H3	793	7932	G	995	0	7823	21.818483957561
A_HA_H3	794	8530	G	397	0	8354	20.0630835527891
A_HA_H3	795	8886	G	41	0	8769	18.58786634736
A_HA_H3	796	8791	A	133	0	8696	19.7520699172033
A_HA_H3	797	8879	A	45	0	8740	21.254347826087
A_HA_H3	798	8868	T	56	0	8804	21.6495910949568
A_HA_H3	799	8872	C	52	0	8805	22.0407722884725
A_HA_H3	800	8799	T	123	0	8647	20.4245403029953
A_HA_H3	801	8746	A	176	0	8646	20.8199167244969
A_HA_H3	802	8883	A	37	0	8775	21.9393732193732
A_HA_H3	803	8848	T	72	0	8649	22.6250433576136
A_HA_H3	804	8860	T	60	0	8799	24.2037731560405
A_HA_H3	805	8796	G	121	0	8451	22.4400662643474
A_HA_H3	806	8768	C	149	0	8580	21.805710955711
A_HA_H3	807	8827	T	86	0	8750	21.8540571428571
A_HA_H3	808	7951	C	962	0	7773	21.6558600283031
A_HA_H3	809	8803	C	109	0	8634	18.3261524206625
A_HA_H3	810	8774	T	137	0	8514	15.6059431524548
A_HA_H3	811	8666	A	245	0	8359	17.2891494197871
A_HA_H3	812	7805	G	1105	0	7495	18.0489659773182
A_HA_H3	813	8690	G	219	0	8294	17.2768266216542
A_HA_H3	814	8773	G	136	0	8489	18.2291200376958
A_HA_H3	815	8851	G	58	0	8626	18.613841873406
A_HA_H3	816	8810	T	98	0	8673	17.8021445866482
A_HA_H3	817	8840	T	68	0	8755	19.36025128498
A_HA_H3	818	8825	A	83	0	8570	20.5178529754959
A_HA_H3	819	8764	C	144	0	8701	22.5167222158373
A_HA_H3	820	8641	T	267	0	8567	23.3507645616902
A_HA_H3	821	8757	T	151	0	8625	24.5435362318841
A_HA_H3	822	8769	C	139	0	8620	25.3458236658933
A_HA_H3	823	8591	A	317	0	8443	21.1126376880256
A_HA_H3	824	8845	A	63	0	8788	20.4891898042786
A_HA_H3	825	8862	A	43	0	8786	23.8119735943547
A_HA_H3	826	8859	A	42	0	8754	26.5461503312771
A_HA_H3	827	8836	T	63	0	8725	25.7582808022923
A_HA_H3	828	8816	A	79	0	8520	22.5201877934272
A_HA_H3	829	8786	C	108	0	8647	19.8856250722794
A_HA_H3	830	8512	G	382	0	8237	17.1414349884667
A_HA_H3	831	8651	A	243	0	8550	16.5514619883041
A_HA_H3	832	8824	A	70	0	8767	16.6728641496521
A_HA_H3	833	8731	G	163	0	8606	18.6257262375087
A_HA_H3	834	8702	T	192	0	8576	20.8257929104478
A_HA_H3	835	8397	G	493	0	8188	22.3347581827064
A_HA_H3	836	8832	G	58	0	8784	21.7951958105647
A_HA_H3	837	8819	G	71	0	8718	21.3562743748566
A_HA_H3	838	8578	A	311	0	8495	22.5313713949382
A_HA_H3	839	8848	A	40	0	8800	23.3768181818182
A_HA_H3	840	8850	A	35	0	8805	25.4789324247587
A_HA_H3	841	8842	A	43	0	8786	27.8647848850444
A_HA_H3	842	8749	G	135	0	8670	25.6439446366782
A_HA_H3	843	8705	C	178	0	8653	22.3106437073847
A_HA_H3	844	8750	T	132	0	8644	21.5657103192966
A_HA_H3	845	8830	C	51	0	8761	22.6665905718525
A_HA_H3	846	8738	A	143	0	8675	22.3326801152738
A_HA_H3	847	8763	A	117	0	8651	22.6918275343891
A_HA_H3	848	8762	T	114	0	8599	24.7227584602861
A_HA_H3	849	8804	A	72	0	8733	24.7930837054849
A_HA_H3	850	8835	A	41	0	8687	23.9193047081846
A_HA_H3	851	8813	T	63	0	8714	24.7166628414046
A_HA_H3	852	8731	G	145	0	8663	24.2672284428027
A_HA_H3	853	8746	A	130	0	8600	23.4459302325581
A_HA_H3	854	8760	G	115	0	8635	21.3427909669948
A_HA_H3	855	8847	G	28	0	8710	20.6893226176808
A_HA_H3	856	8828	T	46	0	8738	19.2084000915541
A_HA_H3	857	8838	C	33	0	8742	22.2935255090368
A_HA_H3	858	8808	A	62	0	8662	23.0952435927038
A_HA_H3	859	8848	G	22	0	8785	22.2579396698919
A_HA_H3	860	8840	A	29	0	8782	22.9994306536097
A_HA_H3	861	8837	T	30	0	8789	23.8655137103197
A_HA_H3	862	8771	G	96	0	8683	23.1050328227571
A_HA_H3	863	8549	C	318	0	8467	23.2382189677572
A_HA_H3	864	8559	A	307	0	8504	22.2368297271872
A_HA_H3	865	8609	C	253	0	8511	21.618963694043
A_HA_H3	866	8806	C	56	0	8716	21.6975676916017
A_HA_H3	867	8811	C	50	0	8719	21.6644110563138
A_HA_H3	868	8796	A	64	0	8725	22.102005730659
A_HA_H3	869	8775	T	85	0	8631	23.1430888657166
A_HA_H3	870	8822	T	38	0	8779	24.3238409841668
A_HA_H3	871	8741	G	116	0	8592	23.3335661080074
A_HA_H3	872	8785	G	70	0	8666	22.5180013847219
A_HA_H3	873	8793	C	62	0	8627	22.8765503651327
A_HA_H3	874	8733	A	121	0	8684	23.0229157070474
A_HA_H3	875	8804	A	49	0	8740	24.5638443935927
A_HA_H3	876	8799	A	51	0	8707	25.4194326404043
A_HA_H3	877	8787	T	61	0	8721	26.9778695103772
A_HA_H3	878	8788	G	58	0	8644	25.0585377140213
A_HA_H3	879	8794	C	51	0	8685	24.0166954519286
A_HA_H3	880	8684	A	159	0	8616	23.4228180129991
A_HA_H3	881	8798	A	43	0	8717	19.8959504416657
A_HA_H3	882	8783	G	55	0	8605	19.3494479953515
A_HA_H3	883	8781	T	57	0	8701	20.0912538788645
A_HA_H3	884	8765	C	69	0	8693	21.8092718279075
A_HA_H3	885	8786	T	47	0	8623	20.6257682940972
A_HA_H3	886	8783	G	49	0	8597	21.7123415144818
A_HA_H3	887	8715	A	116	0	8494	21.6887214504356
A_HA_H3	888	8739	A	91	0	8640	22.0056712962963
A_HA_H3	889	8737	T	93	0	8645	22.2794679005205
A_HA_H3	890	8753	G	77	0	8498	21.7238173687927
A_HA_H3	891	8712	C	118	0	8604	22.2724314272431
A_HA_H3	892	8742	A	86	0	8693	21.0716668583918
A_HA_H3	893	8754	T	74	0	8684	21.0353523721787
A_HA_H3	894	8671	C	157	0	8616	23.894034354689
A_HA_H3	895	8467	A	361	0	8341	20.7598609279463
A_HA_H3	896	8711	C	117	0	8647	20.3581588990401
A_HA_H3	897	8490	T	337	0	8350	20.5480239520958
A_HA_H3	898	8400	C	426	0	8294	22.273691825416
A_HA_H3	899	8769	C	56	0	8548	21.0363827795976
A_HA_H3	900	8714	A	111	0	8653	20.611117531492
A_HA_H3	901	8773	A	52	0	8736	22.1320970695971
A_HA_H3	902	8780	A	45	0	8691	25.3205615004027
A_HA_H3	903	8776	T	49	0	8721	25.958949661736
A_HA_H3	904	8713	G	110	0	8662	25.3697760332487
A_HA_H3	905	8760	G	62	0	8706	23.4331495520331
A_HA_H3	906	8707	A	114	0	8642	22.2929877343208
A_HA_H3	907	8746	A	75	0	8662	23.8975987069961
A_HA_H3	908	8783	G	38	0	8714	23.6084461785632
A_HA_H3	909	8773	C	48	0	8670	23.5560553633218
A_HA_H3	910	8764	A	57	0	8697	23.0896860986547
A_HA_H3	911	8773	T	48	0	8701	23.5659119641421
A_HA_H3	912	8787	T	32	0	8719	25.4027984860649
A_HA_H3	913	8469	C	344	0	8407	25.8419174497443
A_HA_H3	914	8692	C	120	0	8588	24.6138798323242
A_HA_H3	915	8749	C	62	0	8566	23.2149194489844
A_HA_H3	916	8673	A	138	0	8625	23.088347826087
A_HA_H3	917	8751	A	59	0	8640	24.1181712962963
A_HA_H3	918	8746	T	64	0	8607	24.0548390844661
A_HA_H3	919	8772	G	38	0	8699	24.0039084952293
A_HA_H3	920	8775	A	35	0	8673	23.4019370460048
A_HA_H3	921	8769	C	41	0	8671	23.3254526582862
A_HA_H3	922	8737	A	71	0	8702	22.3480809009423
A_HA_H3	923	8785	A	23	0	8733	22.7397228901866
A_HA_H3	924	8788	A	20	0	8580	22.6054778554779
A_HA_H3	925	8704	C	101	0	8622	22.5381581999536
A_HA_H3	926	8775	C	30	0	8323	21.0647603027754
A_HA_H3	927	8769	G	36	0	8499	19.9308153900459
A_HA_H3	928	8777	T	28	0	8676	21.1376210235131
A_HA_H3	929	8785	T	19	0	8733	22.0913775334936
A_HA_H3	930	8473	C	330	0	8368	23.4470602294455
A_HA_H3	931	8743	C	59	0	8591	23.6647654522174
A_HA_H3	932	8562	A	238	0	8512	21.9929511278195
A_HA_H3	933	8736	A	64	0	8706	23.2945095336549
A_HA_H3	934	8742	A	57	0	8707	27.4703112438268
A_HA_H3	935	8712	A	86	0	8667	31.5208261220722
A_HA_H3	936	8669	T	129	0	8621	27.7358775084097
A_HA_H3	937	8695	G	101	0	8566	26.1293485874387
A_HA_H3	938	8751	T	44	0	8569	24.5764966740577
A_HA_H3	939	8707	A	86	0	8629	23.6729632634141
A_HA_H3	940	8761	A	31	0	8711	23.385145218689
A_HA_H3	941	8764	A	25	0	8586	22.9913813184253
A_HA_H3	942	8754	C	33	0	8673	22.7171682232215
A_HA_H3	943	8756	A	30	0	8622	20.9036186499652
A_HA_H3	944	8652	G	134	0	8617	19.9636764535221
A_HA_H3	945	8771	G	13	0	8743	20.3771016813451
A_HA_H3	946	8761	A	22	0	8711	20.9265296751234
A_HA_H3	947	8758	T	25	0	8700	23.6281609195402
A_HA_H3	948	8627	C	155	0	8584	25.049394221808
A_HA_H3	949	8622	A	158	0	8496	23.5463747645951
A_HA_H3	950	8736	C	44	0	8653	22.681960013868
A_HA_H3	951	8689	A	91	0	8587	23.1058576918598
A_HA_H3	952	8681	T	98	0	8593	22.7868032119167
A_HA_H3	953	8544	A	235	0	7650	18.8254901960784
A_HA_H3	954	8476	C	303	0	8347	17.3222714747814
A_HA_H3	955	8298	G	480	0	7056	15.4546485260771
A_HA_H3	956	8665	G	113	0	8477	14.2759230859974
A_HA_H3	957	8732	G	45	0	8613	14.6352026007198
A_HA_H3	958	8723	G	54	0	8612	19.7575476079889
A_HA_H3	959	8594	C	183	0	8462	20.6307019617112
A_HA_H3	960	8731	C	45	0	8626	20.8254115464874
A_HA_H3	961	8730	T	46	0	8601	20.6707359609348
A_HA_H3	962	8738	G	38	0	8567	21.8891093731761
A_HA_H3	963	8724	T	51	0	8656	22.8867837338262
A_HA_H3	964	8364	C	410	0	8321	23.5299843768778
A_HA_H3	965	8513	C	259	0	8419	21.3812804371065
A_HA_H3	966	8716	C	55	0	8513	21.1400211441325
A_HA_H3	967	8701	A	69	0	8481	19.5629053177691
A_HA_H3	968	8718	G	51	0	8574	19.850944716585
A_HA_H3	969	8715	A	54	0	8621	20.1217956153578
A_HA_H3	970	8720	T	49	0	8641	21.4550399259345
A_HA_H3	971	8749	A	19	0	8680	20.6059907834101
A_HA_H3	972	8676	T	92	0	8620	22.1656612529002
A_HA_H3	973	8631	G	137	0	8364	21.8213773314204
A_HA_H3	974	8627	T	141	0	8435	21.2375815056313
A_HA_H3	975	8709	T	58	0	8579	21.9785522788204
A_HA_H3	976	8568	A	198	0	8472	22.159820585458
A_HA_H3	977	8556	A	210	0	8465	23.5704666272888
A_HA_H3	978	8582	G	184	0	8305	20.7462974111981
A_HA_H3	979	8679	C	86	0	8601	21.4058830368562
A_HA_H3	980	8499	A	263	0	8431	21.0046257857905
A_HA_H3	981	8700	A	61	0	8626	21.3169487595641
A_HA_H3	982	8702	A	58	0	8640	22.8731481481481
A_HA_H3	983	8622	G	137	0	8470	23.0468713105077
A_HA_H3	984	8683	C	76	0	8628	21.8947612424664
A_HA_H3	985	8727	A	30	0	8644	21.8899814900509
A_HA_H3	986	8045	C	712	0	7966	21.9470248556365
A_HA_H3	987	8647	C	110	0	8530	22.9644783118406
A_HA_H3	988	8631	C	123	0	8498	20.3097199341021
A_HA_H3	989	8547	T	207	0	8362	19.9817029418799
A_HA_H3	990	8577	G	177	0	8445	20.3693309650681
A_HA_H3	991	8510	A	244	0	8387	20.9081912483606
A_HA_H3	992	8646	A	107	0	8484	20.1499292786422
A_HA_H3	993	8656	A	93	0	8488	22.3283459000943
A_HA_H3	994	8656	T	93	0	8169	21.9565430285225
A_HA_H3	995	8693	T	56	0	8647	22.8982306002082
A_HA_H3	996	8632	G	115	0	8470	21.7085005903188
A_HA_H3	997	8678	G	69	0	8599	21.2427026398418
A_HA_H3	998	8674	C	72	0	8575	22.760583090379
A_HA_H3	999	8674	A	71	0	8623	23.0090455757857
A_HA_H3	1000	8662	A	83	0	8473	23.1692434792871
A_HA_H3	1001	8678	C	67	0	8565	23.169527145359
A_HA_H3	1002	8680	A	63	0	8571	22.1657916229145
A_HA_H3	1003	8547	G	196	0	8478	20.7898089171975
A_HA_H3	1004	8681	G	61	0	8554	19.8711713818097
A_HA_H3	1005	8659	A	83	0	8550	20.2681871345029
A_HA_H3	1006	8696	A	46	0	8621	22.9353903259483
A_HA_H3	1007	8697	T	44	0	8634	23.0860551308779
A_HA_H3	1008	8573	G	167	0	8405	23.0981558596074
A_HA_H3	1009	8569	C	171	0	8386	21.3591700453136
A_HA_H3	1010	8644	G	94	0	8439	16.0047398980922
A_HA_H3	1011	8609	A	127	0	8521	15.4954817509682
A_HA_H3	1012	8714	A	22	0	8660	16.1842956120092
A_HA_H3	1013	8709	A	27	0	8640	22.6018518518519
A_HA_H3	1014	8695	T	41	0	8635	22.9306311522872
A_HA_H3	1015	8688	G	46	0	8576	25.6981110074627
A_HA_H3	1016	8646	T	87	0	8543	25.718131803816
A_HA_H3	1017	8582	A	150	0	8404	24.9158733936221
A_HA_H3	1018	8474	C	256	0	8351	24.3739671895581
A_HA_H3	1019	8651	C	79	0	8556	22.9803646563815
A_HA_H3	1020	8366	A	364	0	8289	22.0717818795995
A_HA_H3	1021	8327	G	403	0	8273	21.1861477094162
A_HA_H3	1022	8644	A	86	0	8597	21.662673025474
A_HA_H3	1023	8598	G	132	0	8565	35.6584938704028
A_HA_H3	1024	8650	A	79	0	8622	29.6519369055904
A_HA_H3	1025	8693	A	36	0	8656	24.3598659889094
A_HA_H3	1026	8680	A	46	0	8570	25.4239206534422
A_HA_H3	1027	8675	C	51	0	8613	23.4389875769186
A_HA_H3	1028	8681	A	44	0	8603	23.4676275717773
A_HA_H3	1029	8677	G	48	0	8625	22.1013333333333
A_HA_H3	1030	8694	A	31	0	8642	22.4024531358482
A_HA_H3	1031	8600	C	125	0	8519	22.9963610752436
A_HA_H3	1032	8656	C	68	0	8557	21.9382961318219
A_HA_H3	1033	8595	A	129	0	8530	22.4304806565064
A_HA_H3	1034	8596	G	128	0	8515	20.3722842043453
A_HA_H3	1035	8681	A	41	0	8601	20.1051040576677
A_HA_H3	1036	8603	G	118	0	8486	22.6668630685835
A_HA_H3	1037	8664	G	57	0	8609	19.6522244163085
A_HA_H3	1038	8628	C	93	0	8380	19.7027446300716
A_HA_H3	1039	8633	A	88	0	8571	20.4130206510326
A_HA_H3	1040	8659	T	61	0	8550	21.9692397660819
A_HA_H3	1041	8565	A	155	0	8445	22.394197750148
A_HA_H3	1042	8605	T	114	0	8427	22.810134092797
A_HA_H3	1043	8657	T	61	0	8602	23.0834689607068
A_HA_H3	1044	8669	T	49	0	8604	23.3154346815435
A_HA_H3	1045	8517	G	198	0	8354	22.968757481446
A_HA_H3	1046	8564	G	148	0	8349	22.2827883578872
A_HA_H3	1047	8575	C	135	0	8225	20.2257750759878
A_HA_H3	1048	8606	G	103	0	8266	17.7034841519477
A_HA_H3	1049	8619	C	87	0	8443	17.2921947175175
A_HA_H3	1050	8557	A	149	0	8471	17.569944516586
A_HA_H3	1051	8587	A	119	0	8461	18.5712090769413
A_HA_H3	1052	8607	T	99	0	8450	22.2553846153846
A_HA_H3	1053	8580	A	125	0	8002	20.3831542114471
A_HA_H3	1054	8534	G	171	0	8437	19.0443285528031
A_HA_H3	1055	8558	C	147	0	8336	18.4866842610365
A_HA_H3	1056	8480	G	224	0	7785	17.2066795118818
A_HA_H3	1057	8653	G	51	0	8499	16.5594775855983
A_HA_H3	1058	8652	G	48	0	8523	16.1989909656224
A_HA_H3	1059	8537	T	163	0	8408	17.4121075166508
A_HA_H3	1060	8679	T	21	0	8612	21.7858801672085
A_HA_H3	1061	8675	T	23	0	8593	23.4467589898755
A_HA_H3	1062	8640	C	58	0	8567	26.0358351815104
A_HA_H3	1063	8574	A	123	0	8440	24.7944312796209
A_HA_H3	1064	8599	T	94	0	8472	23.6838999055713
A_HA_H3	1065	8567	A	126	0	8482	23.2688045272341
A_HA_H3	1066	8644	G	49	0	8587	22.5433795271923
A_HA_H3	1067	8458	A	233	0	8307	23.6917057902973
A_HA_H3	1068	8677	A	13	0	8640	24.933912037037
A_HA_H3	1069	8681	A	9	0	8651	28.2669055600509
A_HA_H3	1070	8656	A	34	0	8605	29.2460197559558
A_HA_H3	1071	8642	T	46	0	8601	25.956400418556
A_HA_H3	1072	8605	G	81	0	8565	24.7775831873905
A_HA_H3	1073	8661	G	25	0	8625	24.3696231884058
A_HA_H3	1074	8665	A	21	0	8633	24.230510830534
A_HA_H3	1075	8658	T	26	0	8625	24.6765217391304
A_HA_H3	1076	8307	G	377	0	8238	23.8866229667395
A_HA_H3	1077	8503	G	111	0	8450	23.1785798816568
A_HA_H3	1078	8460	G	152	0	8429	22.1895835804959
A_HA_H3	1079	8420	A	192	0	8182	23.7235394769005
A_HA_H3	1080	7799	G	810	0	7505	22.9660226515656
A_HA_H3	1081	8477	G	131	0	8329	21.7304598391163
A_HA_H3	1082	8562	G	42	0	8499	19.2221437816214
A_HA_H3	1083	8521	A	83	0	8469	19.1694414925021
A_HA_H3	1084	8583	A	21	0	8529	22.1073982881932
A_HA_H3	1085	8550	T	54	0	8507	22.8334312918773
A_HA_H3	1086	8492	G	112	0	8440	24.013981042654
A_HA_H3	1087	8531	G	73	0	8435	23.4124481327801
A_HA_H3	1088	8557	T	47	0	8491	23.0760805558827
A_HA_H3	1089	8484	G	118	0	8421	23.1027193919962
A_HA_H3	1090	8572	G	30	0	8532	22.8706047819972
A_HA_H3	1091	8582	A	19	0	8547	23.979875979876
A_HA_H3	1092	8575	T	25	0	8528	24.2539868667917
A_HA_H3	1093	8535	G	65	0	8485	23.7545079552151
A_HA_H3	1094	8569	G	28	0	8482	23.2810657863711
A_HA_H3	1095	8551	T	46	0	8393	20.6429167163112
A_HA_H3	1096	8567	T	30	0	8516	20.5089243776421
A_HA_H3	1097	8486	G	111	0	8265	20.0727162734422
A_HA_H3	1098	8546	G	51	0	8376	20.1285816618911
A_HA_H3	1099	8551	T	46	0	8297	20.6279378088466
A_HA_H3	1100	8531	A	66	0	8281	21.4290544620215
A_HA_H3	1101	8488	C	109	0	8154	20.7711552612215
A_HA_H3	1102	8484	G	113	0	7719	18.244591268299
A_HA_H3	1103	8525	G	71	0	8378	17.2565051324899
A_HA_H3	1104	8456	T	140	0	8336	17.6561900191939
A_HA_H3	1105	8556	T	40	0	8476	18.6908919301557
A_HA_H3	1106	8552	T	44	0	8443	22.562122468317
A_HA_H3	1107	8530	C	66	0	8425	23.8972106824926
A_HA_H3	1108	8494	A	101	0	8155	18.5352544451257
A_HA_H3	1109	8432	G	163	0	8087	17.1971064671695
A_HA_H3	1110	8538	G	57	0	8408	16.9135347288297
A_HA_H3	1111	8545	C	49	0	8421	17.4747654672842
A_HA_H3	1112	8554	A	40	0	8489	18.1840028271881
A_HA_H3	1113	8390	C	204	0	8272	21.0903046421663
A_HA_H3	1114	8554	C	39	0	8414	21.0849774185881
A_HA_H3	1115	8487	T	106	0	8234	18.0632742288074
A_HA_H3	1116	8486	A	106	0	8398	20.013455584663
A_HA_H3	1117	8549	A	43	0	8478	20.52016985138
A_HA_H3	1118	8561	A	31	0	8491	21.6181839594865
A_HA_H3	1119	8546	T	46	0	8476	23.865148655026
A_HA_H3	1120	8504	T	88	0	8433	25.3546780505158
A_HA_H3	1121	8313	C	279	0	8227	25.085207244439
A_HA_H3	1122	8499	T	93	0	8361	22.9837340031097
A_HA_H3	1123	8493	G	99	0	8401	22.6225449351268
A_HA_H3	1124	8290	A	302	0	8198	21.6618687484752
A_HA_H3	1125	7237	G	1354	0	7175	20.2972822299652
A_HA_H3	1126	8361	G	229	0	8317	19.5688349164362
A_HA_H3	1127	8426	G	164	0	8292	17.0651230101302
A_HA_H3	1128	8365	A	225	0	8303	16.8418643863664
A_HA_H3	1129	8475	A	115	0	8433	19.1619826870627
A_HA_H3	1130	8469	G	121	0	8402	19.2825517733873
A_HA_H3	1131	8525	A	65	0	8453	22.320596238022
A_HA_H3	1132	8440	G	149	0	8390	22.5454112038141
A_HA_H3	1133	8565	G	24	0	8533	20.4524786124458
A_HA_H3	1134	8555	A	32	0	8481	21.219667492041
A_HA_H3	1135	8532	C	55	0	8465	22.0237448316598
A_HA_H3	1136	8467	A	120	0	8411	21.9547021757223
A_HA_H3	1137	8387	A	198	0	8313	23.1953566702755
A_HA_H3	1138	8343	G	242	0	8189	20.9310050067163
A_HA_H3	1139	8390	C	195	0	8321	21.3195529383488
A_HA_H3	1140	8513	A	70	0	8394	20.5374076721468
A_HA_H3	1141	8526	G	56	0	8381	19.5791671638229
A_HA_H3	1142	8521	C	61	0	8447	20.6757428672902
A_HA_H3	1143	8538	A	44	0	8367	20.3275965100992
A_HA_H3	1144	8539	G	43	0	8410	20.3921521997622
A_HA_H3	1145	8543	A	39	0	8494	21.7547680715799
A_HA_H3	1146	8519	T	63	0	8459	22.6358907672302
A_HA_H3	1147	8468	C	114	0	8407	22.2747710241465
A_HA_H3	1148	8536	T	46	0	8462	23.04774285039
A_HA_H3	1149	8519	C	63	0	8482	22.871374675784
A_HA_H3	1150	8061	A	521	0	7966	20.9200351493849
A_HA_H3	1151	8488	A	94	0	8453	21.9658109546906
A_HA_H3	1152	8510	A	71	0	8476	24.3249174138745
A_HA_H3	1153	8527	A	53	0	8468	28.3602975909306
A_HA_H3	1154	8498	G	82	0	8414	26.2474447349655
A_HA_H3	1155	8468	C	112	0	8351	22.0359238414561
A_HA_H3	1156	8486	A	94	0	8404	21.1946692051404
A_HA_H3	1157	8434	C	146	0	8330	20.0198079231693
A_HA_H3	1158	8482	T	98	0	8418	21.124376336422
A_HA_H3	1159	8276	C	303	0	8082	21.8638950754764
A_HA_H3	1160	8111	A	468	0	7904	20.4340840080972
A_HA_H3	1161	7841	A	738	0	7719	21.2248995983936
A_HA_H3	1162	7872	G	707	0	7515	20.9729873586161
A_HA_H3	1163	8447	C	132	0	8344	21.5925215723873
A_HA_H3	1164	8502	A	77	0	8350	20.6203592814371
A_HA_H3	1165	8535	G	43	0	8270	19.2449818621524
A_HA_H3	1166	8546	C	32	0	8477	20.0953167394125
A_HA_H3	1167	8524	A	54	0	8492	20.687235044748
A_HA_H3	1168	8552	A	26	0	8499	22.6490175314743
A_HA_H3	1169	8545	T	32	0	8434	26.2406924353806
A_HA_H3	1170	8541	C	36	0	8449	26.3006272931708
A_HA_H3	1171	8554	G	23	0	8366	20.725555821181
A_HA_H3	1172	8555	A	22	0	8377	20.4187656679002
A_HA_H3	1173	8563	T	14	0	8521	21.1420021124281
A_HA_H3	1174	8561	C	15	0	8522	21.7054681999531
A_HA_H3	1175	8486	A	90	0	8457	25.3664420007095
A_HA_H3	1176	8561	A	15	0	8519	26.4411315882146
A_HA_H3	1177	8557	A	19	0	8503	27.3617546748207
A_HA_H3	1178	8550	T	25	0	8468	27.4678790741615
A_HA_H3	1179	8552	C	22	0	8529	27.4508148669246
A_HA_H3	1180	8537	A	37	0	8496	25.7873116760829
A_HA_H3	1181	8536	A	38	0	8431	24.7634918752224
A_HA_H3	1182	8517	T	57	0	8473	25.5888115189425
A_HA_H3	1183	8234	G	340	0	8128	24.7116141732283
A_HA_H3	1184	8493	G	80	0	8434	22.2585961584065
A_HA_H3	1185	8504	G	69	0	8453	21.0608068141488
A_HA_H3	1186	8436	A	137	0	8381	22.2893449469037
A_HA_H3	1187	8525	A	48	0	8435	22.7075281564908
A_HA_H3	1188	8530	G	43	0	8487	23.0756451042771
A_HA_H3	1189	8525	C	48	0	8403	23.1799357372367
A_HA_H3	1190	8527	T	46	0	8453	23.1847864663433
A_HA_H3	1191	8546	G	26	0	8472	22.9198536355052
A_HA_H3	1192	8508	A	64	0	8420	23.9243467933492
A_HA_H3	1193	8558	A	14	0	8508	24.5950869769629
A_HA_H3	1194	8541	T	30	0	8477	24.5064291612599
A_HA_H3	1195	8535	C	36	0	8416	22.4822956273764
A_HA_H3	1196	8535	G	36	0	8313	18.901479610249
A_HA_H3	1197	8517	A	53	0	8377	18.5919780350961
A_HA_H3	1198	8536	T	31	0	8479	19.4507607029131
A_HA_H3	1199	8548	T	19	0	8501	20.6741559816492
A_HA_H3	1200	8542	G	25	0	8485	24.2113140836771
A_HA_H3	1201	8549	A	18	0	8482	25.4349210091959
A_HA_H3	1202	8530	T	37	0	8482	25.7991039849092
A_HA_H3	1203	8512	C	54	0	8423	22.1094621868693
A_HA_H3	1204	8385	G	181	0	8081	18.1175597079569
A_HA_H3	1205	8355	G	211	0	8273	17.5710141423909
A_HA_H3	1206	7513	A	1053	0	7395	17.8121703853955
A_HA_H3	1207	8286	A	280	0	8210	20.9852618757613
A_HA_H3	1208	8455	A	112	0	8332	22.9290686509842
A_HA_H3	1209	8486	A	81	0	8386	23.1393989983306
A_HA_H3	1210	8464	A	102	0	8237	22.3700376350613
A_HA_H3	1211	8205	C	358	0	8009	20.2755649893869
A_HA_H3	1212	8510	C	52	0	8244	19.1627850557982
A_HA_H3	1213	8512	A	50	0	8459	19.0595815108169
A_HA_H3	1214	8492	A	69	0	8381	20.2074931392435
A_HA_H3	1215	8459	C	102	0	8329	20.9422499699844
A_HA_H3	1216	8023	G	536	0	7720	18.9246113989637
A_HA_H3	1217	8215	A	344	0	8084	18.0209054923305
A_HA_H3	1218	8323	G	236	0	8262	16.8740014524328
A_HA_H3	1219	8433	A	126	0	8344	18.0739453499521
A_HA_H3	1220	8515	A	44	0	8443	19.1722136681274
A_HA_H3	1221	8520	A	39	0	8471	21.6701688112383
A_HA_H3	1222	8516	T	43	0	8436	21.9281650071124
A_HA_H3	1223	8516	T	43	0	8454	24.523657440265
A_HA_H3	1224	8296	C	260	0	8210	24.7339829476248
A_HA_H3	1225	8522	C	34	0	8455	23.3120047309284
A_HA_H3	1226	8534	A	22	0	8503	22.5668587557333
A_HA_H3	1227	8534	T	22	0	8465	23.0838747784997
A_HA_H3	1228	8532	C	24	0	8481	25.2372361749794
A_HA_H3	1229	8504	A	50	0	8423	23.0850053425145
A_HA_H3	1230	8513	G	41	0	8458	21.6107826909435
A_HA_H3	1231	8494	A	60	0	8431	23.2991341477879
A_HA_H3	1232	8510	T	44	0	8455	24.3942046126552
A_HA_H3	1233	8517	T	37	0	8472	24.8038243626062
A_HA_H3	1234	8485	G	68	0	8432	24.8049098671727
A_HA_H3	1235	7498	A	1055	0	7400	24.7395945945946
A_HA_H3	1236	8148	A	403	0	8055	24.184729981378
A_HA_H3	1237	8427	A	124	0	8377	25.7947952727707
A_HA_H3	1238	8379	A	170	0	8350	25.9779640718563
A_HA_H3	1239	8276	A	273	0	8204	22.2910775231594
A_HA_H3	1240	8228	G	316	0	8151	22.8634523371365
A_HA_H3	1241	8439	A	105	0	8338	21.1333653154234
A_HA_H3	1242	8499	A	44	0	8414	21.1586641312099
A_HA_H3	1243	8508	T	35	0	8455	21.3328208160852
A_HA_H3	1244	8491	T	51	0	8430	24.5461447212337
A_HA_H3	1245	8301	C	241	0	8190	26.3238095238095
A_HA_H3	1246	8504	T	37	0	8420	25.5159144893112
A_HA_H3	1247	8477	C	63	0	8406	25.6354984534856
A_HA_H3	1248	8439	A	100	0	8354	22.4960497965047
A_HA_H3	1249	8417	G	121	0	8352	21.3947557471264
A_HA_H3	1250	8422	A	116	0	8331	21.7491297563318
A_HA_H3	1251	8450	G	88	0	8343	21.9805825242718
A_HA_H3	1252	8441	G	97	0	8364	20.162362505978
A_HA_H3	1253	8428	T	114	0	8311	19.5822404042835
A_HA_H3	1254	8275	A	265	0	8163	20.0966556413083
A_HA_H3	1255	8448	G	92	0	8399	20.4324324324324
A_HA_H3	1256	8413	A	127	0	8347	20.9991613753444
A_HA_H3	1257	8484	A	53	0	8438	22.3648968949988
A_HA_H3	1258	8428	G	109	0	8398	22.3561562276733
A_HA_H3	1259	8504	G	32	0	8467	22.1323963623479
A_HA_H3	1260	8464	A	70	0	8412	20.9801474084641
A_HA_H3	1261	8485	A	49	0	8434	22.1612520749348
A_HA_H3	1262	8285	G	241	0	8166	21.0481263776635
A_HA_H3	1263	8467	A	58	0	8354	21.6575293272684
A_HA_H3	1264	8487	G	38	0	8416	21.2358602661597
A_HA_H3	1265	8500	T	25	0	8436	20.046586059744
A_HA_H3	1266	8511	T	13	0	8462	22.0620420704325
A_HA_H3	1267	8482	C	42	0	8400	22.8340476190476
A_HA_H3	1268	8319	A	205	0	8255	22.9951544518474
A_HA_H3	1269	8484	A	40	0	8407	22.7324848340668
A_HA_H3	1270	8476	G	48	0	8408	22.1277354900095
A_HA_H3	1271	8492	A	32	0	8413	23.7191251634375
A_HA_H3	1272	8437	C	87	0	8376	23.1718003820439
A_HA_H3	1273	8345	C	179	0	8219	21.8569168998662
A_HA_H3	1274	8054	T	470	0	7898	22.4259306153457
A_HA_H3	1275	8230	T	294	0	8056	23.2308838133069
A_HA_H3	1276	8130	G	393	0	8022	22.9673398155074
A_HA_H3	1277	8265	A	258	0	8207	22.9082490556842
A_HA_H3	1278	8410	G	113	0	8377	21.0359317177987
A_HA_H3	1279	8467	A	56	0	8430	22.6122182680902
A_HA_H3	1280	8505	A	17	0	8466	23.3768013229388
A_HA_H3	1281	8480	A	41	0	8400	23.6060714285714
A_HA_H3	1282	8467	T	54	0	8367	24.6830405163141
A_HA_H3	1283	8499	A	22	0	8431	24.651524137113
A_HA_H3	1284	8472	T	49	0	8410	24.8726516052319
A_HA_H3	1285	8437	G	80	0	8349	23.5255719247814
A_HA_H3	1286	8425	T	90	0	8274	23.3147208121827
A_HA_H3	1287	8492	T	23	0	8401	23.6106415902869
A_HA_H3	1288	8465	G	49	0	8413	22.5573517175799
A_HA_H3	1289	8467	A	47	0	8349	22.8374655647383
A_HA_H3	1290	8295	G	219	0	8207	21.8898501279396
A_HA_H3	1291	8485	G	29	0	8412	20.8086067522587
A_HA_H3	1292	8475	A	38	0	8423	20.9318532589339
A_HA_H3	1293	8475	C	38	0	8331	21.7456487816589
A_HA_H3	1294	8459	A	54	0	8389	23.4164977947312
A_HA_H3	1295	8331	C	182	0	8164	23.7134982851543
A_HA_H3	1296	8428	T	85	0	8242	22.4900509585052
A_HA_H3	1297	8340	A	171	0	8129	22.5710419485792
A_HA_H3	1298	8466	A	45	0	8399	22.8293844505298
A_HA_H3	1299	8475	A	34	0	8410	24.8680142687277
A_HA_H3	1300	8470	A	37	0	8359	28.2829285799737
A_HA_H3	1301	8468	T	39	0	8319	27.4982570020435
A_HA_H3	1302	8384	A	117	0	8192	26.3787841796875
A_HA_H3	1303	8468	G	33	0	8311	24.2339068704127
A_HA_H3	1304	8446	A	55	0	8394	22.1950202525614
A_HA_H3	1305	8371	T	129	0	8330	22.1720288115246
A_HA_H3	1306	8366	C	134	0	8313	22.0769878503549
A_HA_H3	1307	8456	T	44	0	8416	24.5244771863118
A_HA_H3	1308	8459	C	39	0	8420	29.9425178147268
A_HA_H3	1309	8413	T	84	0	8336	31.4764875239923
A_HA_H3	1310	8385	G	112	0	8287	24.2642693375166
A_HA_H3	1311	8437	G	55	0	8349	23.5224577793748
A_HA_H3	1312	8441	T	51	0	8367	23.4920521094777
A_HA_H3	1313	8424	C	68	0	8374	23.7050394076905
A_HA_H3	1314	8389	A	100	0	8263	23.2451893985235
A_HA_H3	1315	8404	T	84	0	8285	23.963789981895
A_HA_H3	1316	8378	A	109	0	8229	23.4627536760238
A_HA_H3	1317	8366	C	118	0	8286	22.9711561670287
A_HA_H3	1318	8399	A	85	0	8324	22.8362566074003
A_HA_H3	1319	8335	A	148	0	8231	23.0527274936217
A_HA_H3	1320	8185	C	298	0	8096	21.8362154150198
A_HA_H3	1321	8094	G	387	0	7656	18.9224137931034
A_HA_H3	1322	8326	C	154	0	7820	17.9328644501279
A_HA_H3	1323	8346	G	134	0	7755	16.8161186331399
A_HA_H3	1324	8423	G	56	0	8280	16.3085748792271
A_HA_H3	1325	8272	A	207	0	8149	16.6939501779359
A_HA_H3	1326	8283	G	196	0	8100	17.8782716049383
A_HA_H3	1327	8347	C	132	0	8290	17.7630880579011
A_HA_H3	1328	8284	T	195	0	8208	18.6731237816764
A_HA_H3	1329	8328	T	151	0	8239	20.9173443379051
A_HA_H3	1330	8393	C	85	0	8316	22.9583934583935
A_HA_H3	1331	8224	T	253	0	8117	24.2992484908217
A_HA_H3	1332	8369	T	108	0	8276	24.5595698405027
A_HA_H3	1333	8370	G	106	0	8245	23.940206185567
A_HA_H3	1334	8365	T	110	0	8141	23.2220857388527
A_HA_H3	1335	8404	T	71	0	8323	22.4164363811126
A_HA_H3	1336	8342	G	133	0	8116	19.3016264169542
A_HA_H3	1337	8069	C	404	0	7963	21.2191385156348
A_HA_H3	1338	8365	C	107	0	8270	21.5409915356711
A_HA_H3	1339	8393	C	78	0	8330	20.006962785114
A_HA_H3	1340	8333	T	137	0	8165	21.6255970606246
A_HA_H3	1341	7938	G	532	0	7758	22.4824697086878
A_HA_H3	1342	8384	G	86	0	8309	22.5031893127934
A_HA_H3	1343	8385	A	83	0	8331	22.6922338254711
A_HA_H3	1344	8409	G	59	0	8334	21.5167986561075
A_HA_H3	1345	8403	A	64	0	8319	21.5084745762712
A_HA_H3	1346	8402	A	64	0	8285	22.0205190102595
A_HA_H3	1347	8307	C	159	0	8201	21.4329959761005
A_HA_H3	1348	8441	C	25	0	8316	22.0507455507455
A_HA_H3	1349	8427	A	38	0	8384	21.9169847328244
A_HA_H3	1350	8410	A	53	0	8296	21.6852700096432
A_HA_H3	1351	8383	C	76	0	8259	23.1553456834968
A_HA_H3	1352	8359	A	100	0	8251	22.8068112956005
A_HA_H3	1353	8355	T	104	0	8256	22.8814195736434
A_HA_H3	1354	8364	A	93	0	8214	22.7627221816411
A_HA_H3	1355	8348	C	108	0	8208	21.2387914230019
A_HA_H3	1356	8399	G	55	0	8267	20.0076206604572
A_HA_H3	1357	8353	A	100	0	8232	19.8826530612245
A_HA_H3	1358	8402	T	50	0	8322	20.275534727229
A_HA_H3	1359	8434	T	18	0	8359	22.1165211149659
A_HA_H3	1360	8413	G	38	0	8308	23.6967982667309
A_HA_H3	1361	8408	A	42	0	8306	24.2413917649892
A_HA_H3	1362	8266	C	185	0	8144	23.2646119842829
A_HA_H3	1363	8417	C	34	0	8314	21.7290113062305
A_HA_H3	1364	8374	T	77	0	8223	19.9895415298553
A_HA_H3	1365	8385	A	64	0	8326	22.5691808791737
A_HA_H3	1366	8388	A	59	0	8271	23.6759763027445
A_HA_H3	1367	8385	C	62	0	8274	23.3856659415035
A_HA_H3	1368	8371	T	74	0	8248	22.864694471387
A_HA_H3	1369	8401	G	44	0	8342	22.4213617837449
A_HA_H3	1370	8387	A	58	0	8257	22.8053772556619
A_HA_H3	1371	8365	C	75	0	8290	24.015681544029
A_HA_H3	1372	8362	T	77	0	8288	24.3696911196911
A_HA_H3	1373	8373	C	65	0	8302	24.100578173934
A_HA_H3	1374	8257	A	178	0	8183	20.9685934253941
A_HA_H3	1375	8353	G	82	0	8307	19.5027085590466
A_HA_H3	1376	8340	A	95	0	8291	20.6036666264624
A_HA_H3	1377	8410	A	24	0	8362	22.9390098062664
A_HA_H3	1378	8404	A	29	0	8342	27.3483577079837
A_HA_H3	1379	8396	T	37	0	8357	27.4514778030394
A_HA_H3	1380	8412	G	18	0	8344	25.8735618408437
A_HA_H3	1381	8399	A	31	0	8305	25.6019265502709
A_HA_H3	1382	8409	A	21	0	8338	25.0278244183257
A_HA_H3	1383	8408	C	22	0	8334	25.3780897528198
A_HA_H3	1384	8381	A	53	0	8340	25.2109112709832
A_HA_H3	1385	8425	A	6	0	8386	26.6467922728357
A_HA_H3	1386	8418	A	12	0	8271	25.4605247249426
A_HA_H3	1387	8413	C	16	0	8383	24.8088989621854
A_HA_H3	1388	8398	T	32	0	8252	24.7096461463888
A_HA_H3	1389	8403	G	27	0	8325	24.8361561561562
A_HA_H3	1390	8350	T	79	0	8253	26.97564521992
A_HA_H3	1391	8398	T	31	0	8350	27.8655089820359
A_HA_H3	1392	8378	T	50	0	8320	28.2026442307692
A_HA_H3	1393	8376	G	52	0	8326	27.5271438866202
A_HA_H3	1394	7488	A	941	0	7411	28.1812171097018
A_HA_H3	1395	8214	A	215	0	8182	26.7142507944268
A_HA_H3	1396	8395	A	32	0	8346	29.9255930984903
A_HA_H3	1397	8411	A	15	0	8376	36.8127984718243
A_HA_H3	1398	8405	A	21	0	8374	37.9894912825412
A_HA_H3	1399	8378	A	46	0	8235	30.34656952034
A_HA_H3	1400	8357	C	65	0	8237	26.7585285905063
A_HA_H3	1401	8212	A	210	0	8153	24.0169262848031
A_HA_H3	1402	8247	A	173	0	8217	24.4676889375685
A_HA_H3	1403	8211	A	209	0	8171	23.4310365928283
A_HA_H3	1404	8173	G	245	0	8076	24.9891035165924
A_HA_H3	1405	8382	A	36	0	8329	23.9211189818706
A_HA_H3	1406	8370	A	47	0	8318	22.8033181053138
A_HA_H3	1407	8347	G	70	0	8045	21.5204474829086
A_HA_H3	1408	8342	C	75	0	8269	21.1601160962632
A_HA_H3	1409	8331	A	85	0	8296	21.2844744455159
A_HA_H3	1410	8369	A	46	0	8167	21.1301579527366
A_HA_H3	1411	8371	C	42	0	8317	22.3332932547794
A_HA_H3	1412	8336	T	76	0	8228	22.7897423432183
A_HA_H3	1413	8362	G	50	0	8301	22.3438139983135
A_HA_H3	1414	8299	A	113	0	8218	23.0159406181553
A_HA_H3	1415	7540	G	870	0	7475	22.1281605351171
A_HA_H3	1416	8252	G	158	0	8127	20.9585332841147
A_HA_H3	1417	8299	G	111	0	8117	18.8865344339042
A_HA_H3	1418	8106	A	304	0	8053	18.6172854836707
A_HA_H3	1419	8383	A	27	0	8353	20.5363342511672
A_HA_H3	1420	8384	A	24	0	8339	25.8437462525483
A_HA_H3	1421	8373	A	34	0	8334	30.9607631389489
A_HA_H3	1422	8342	T	58	0	8292	27.2717076700434
A_HA_H3	1423	8341	G	59	0	8253	25.3698049194232
A_HA_H3	1424	8318	C	77	0	8174	23.4570589674578
A_HA_H3	1425	8307	T	85	0	8161	23.0760936159784
A_HA_H3	1426	8350	G	42	0	8291	22.6815824387891
A_HA_H3	1427	8341	A	47	0	8235	22.9940497874924
A_HA_H3	1428	8276	G	111	0	8217	22.3044906900329
A_HA_H3	1429	8350	G	32	0	8316	21.8833573833574
A_HA_H3	1430	8327	A	53	0	8287	21.5003016773259
A_HA_H3	1431	8318	T	60	0	8265	23.2229885057471
A_HA_H3	1432	8341	A	37	0	8284	24.8911154031869
A_HA_H3	1433	8306	T	72	0	8171	27.7213315383674
A_HA_H3	1434	7739	G	639	0	7528	24.249734325186
A_HA_H3	1435	8059	G	319	0	7955	22.6346951602766
A_HA_H3	1436	8335	G	40	0	8233	21.3209036803109
A_HA_H3	1437	8315	A	60	0	8277	21.6556723450526
A_HA_H3	1438	8349	A	25	0	8299	22.6138088926377
A_HA_H3	1439	8353	A	21	0	8302	24.4980727535534
A_HA_H3	1440	8338	T	36	0	8297	25.2626250451971
A_HA_H3	1441	8317	G	57	0	8246	25.4313606597138
A_HA_H3	1442	8334	G	39	0	8207	23.7461922748873
A_HA_H3	1443	8322	T	51	0	8197	21.895327558863
A_HA_H3	1444	8337	T	36	0	8271	22.0090678273486
A_HA_H3	1445	8337	G	36	0	8221	21.8754409439241
A_HA_H3	1446	8265	T	107	0	8131	25.9378920182019
A_HA_H3	1447	8335	T	37	0	8258	27.3996124969726
A_HA_H3	1448	8322	T	50	0	8201	25.9176929642726
A_HA_H3	1449	8301	C	70	0	8200	26.3584146341463
A_HA_H3	1450	8115	A	254	0	7979	25.1643063040481
A_HA_H3	1451	8340	A	28	0	8309	24.0380310506679
A_HA_H3	1452	8345	A	23	0	8305	26.3066827212523
A_HA_H3	1453	8282	A	86	0	8217	26.7356699525374
A_HA_H3	1454	8257	T	109	0	8171	26.1933667849712
A_HA_H3	1455	8347	A	18	0	8274	25.8311578438482
A_HA_H3	1456	8324	T	39	0	8256	31.3100775193798
A_HA_H3	1457	8133	A	229	0	7976	26.2100050150451
A_HA_H3	1458	8047	C	315	0	8000	22.883875
A_HA_H3	1459	8113	C	247	0	7941	21.1979599546657
A_HA_H3	1460	8243	A	116	0	8152	20.8845682041217
A_HA_H3	1461	8308	C	51	0	8187	21.7124709905948
A_HA_H3	1462	8202	A	157	0	8163	22.7890481440647
A_HA_H3	1463	8331	A	28	0	8286	24.9756215302921
A_HA_H3	1464	8301	A	58	0	8250	25.8374545454545
A_HA_H3	1465	8237	T	122	0	8188	27.1493649242794
A_HA_H3	1466	8233	G	119	0	8120	25.440763546798
A_HA_H3	1467	8287	T	63	0	8196	24.6467789165447
A_HA_H3	1468	8302	G	48	0	8242	24.0288764862897
A_HA_H3	1469	8315	A	35	0	8206	23.8816719473556
A_HA_H3	1470	8320	C	30	0	8208	24.7686403508772
A_HA_H3	1471	8314	A	36	0	8272	24.1815764023211
A_HA_H3	1472	8324	A	24	0	8248	24.8400824442289
A_HA_H3	1473	8300	T	48	0	8245	24.5124317768344
A_HA_H3	1474	8269	G	75	0	8148	25.3971526755032
A_HA_H3	1475	8243	C	101	0	8150	24.1159509202454
A_HA_H3	1476	8231	C	113	0	8113	23.1429804018242
A_HA_H3	1477	8204	T	139	0	8001	22.7122859642545
A_HA_H3	1478	8216	G	127	0	8075	22.8040866873065
A_HA_H3	1479	8274	C	69	0	8175	23.2216513761468
A_HA_H3	1480	8237	A	104	0	8175	23.7482568807339
A_HA_H3	1481	8263	T	78	0	8169	23.252295262578
A_HA_H3	1482	8271	A	69	0	8085	22.8326530612245
A_HA_H3	1483	8252	G	88	0	8183	21.8399120127093
A_HA_H3	1484	8322	G	18	0	8293	21.3112263354636
A_HA_H3	1485	8306	A	33	0	8267	21.9201645094956
A_HA_H3	1486	8311	T	27	0	8279	23.4193743205701
A_HA_H3	1487	8299	C	37	0	8259	24.7188521612786
A_HA_H3	1488	8246	A	89	0	8200	25.2184146341463
A_HA_H3	1489	8281	A	54	0	8177	24.3684725449431
A_HA_H3	1490	8273	T	62	0	8140	25.0874692874693
A_HA_H3	1491	7945	A	388	0	7834	24.7314271125862
A_HA_H3	1492	7991	A	340	0	7930	22.2890290037831
A_HA_H3	1493	7950	G	379	0	7870	20.2758576874206
A_HA_H3	1494	8201	A	126	0	8141	21.3241616509028
A_HA_H3	1495	8269	A	57	0	8230	21.6592952612394
A_HA_H3	1496	8259	A	67	0	8131	23.1790677653425
A_HA_H3	1497	8264	T	62	0	8204	23.1565090199902
A_HA_H3	1498	8260	G	66	0	8075	22.3039009287926
A_HA_H3	1499	8226	A	99	0	8157	20.3029299987741
A_HA_H3	1500	8258	A	65	0	8207	20.3369075179725
A_HA_H3	1501	8280	A	42	0	8167	24.9740418758418
A_HA_H3	1502	8272	C	50	0	8229	23.3813343055049
A_HA_H3	1503	8054	T	266	0	7952	24.1236167002012
A_HA_H3	1504	8132	T	188	0	8025	23.7185046728972
A_HA_H3	1505	8237	A	83	0	8104	23.3883267522211
A_HA_H3	1506	8245	T	75	0	8102	23.6255245618366
A_HA_H3	1507	8210	G	109	0	8117	23.5518048540101
A_HA_H3	1508	8231	A	88	0	8160	24.5457107843137
A_HA_H3	1509	8121	C	197	0	8004	24.7312593703148
A_HA_H3	1510	8167	C	151	0	7997	23.2522195823434
A_HA_H3	1511	8190	A	128	0	8120	22.8087438423645
A_HA_H3	1512	8268	C	50	0	8181	23.4041070773744
A_HA_H3	1513	8255	A	63	0	8222	24.4233763074678
A_HA_H3	1514	8253	A	65	0	8191	26.4782077890367
A_HA_H3	1515	8044	T	273	0	7990	26.4687108886108
A_HA_H3	1516	8055	G	262	0	7966	26.9836806427316
A_HA_H3	1517	8238	T	73	0	8160	26.6410539215686
A_HA_H3	1518	8232	G	79	0	8150	26.4570552147239
A_HA_H3	1519	8207	T	103	0	8085	29.2559059987631
A_HA_H3	1520	8197	A	113	0	8056	24.0511420059583
A_HA_H3	1521	8214	C	96	0	8147	24.0471339143243
A_HA_H3	1522	8227	A	83	0	8076	23.355745418524
A_HA_H3	1523	7982	G	327	0	7886	22.998478316003
A_HA_H3	1524	8253	G	56	0	8207	22.3968563421469
A_HA_H3	1525	8277	G	32	0	8244	23.5368753032508
A_HA_H3	1526	8272	A	37	0	8226	23.3960612691466
A_HA_H3	1527	8275	T	31	0	8216	24.0821567672834
A_HA_H3	1528	8274	G	30	0	8215	24.1853925745587
A_HA_H3	1529	8228	A	76	0	8183	24.7753879995112
A_HA_H3	1530	8209	A	95	0	8140	24.2065110565111
A_HA_H3	1531	8233	G	71	0	8123	23.3512249169026
A_HA_H3	1532	8266	C	38	0	8177	22.5674452733276
A_HA_H3	1533	8244	A	58	0	8165	23.0409063074097
A_HA_H3	1534	8220	T	81	0	8135	23.1210817455439
A_HA_H3	1535	8247	T	53	0	8164	25.6626653601176
A_HA_H3	1536	8200	A	98	0	8091	25.8421703126931
A_HA_H3	1537	8262	A	35	0	8204	25.734397854705
A_HA_H3	1538	8257	A	39	0	8087	24.681340422901
A_HA_H3	1539	8261	C	36	0	8174	24.0803768045021
A_HA_H3	1540	8204	A	93	0	8147	23.850128881797
A_HA_H3	1541	8259	A	38	0	7909	20.9998735617651
A_HA_H3	1542	8166	C	129	0	7979	20.6372979070059
A_HA_H3	1543	8252	C	42	0	8000	19.148125
A_HA_H3	1544	8226	G	66	0	7661	17.465343949876
A_HA_H3	1545	8269	G	23	0	8132	18.015494343335
A_HA_H3	1546	8265	T	26	0	8196	18.3280868716447
A_HA_H3	1547	8280	T	11	0	8219	19.846696678428
A_HA_H3	1548	7398	C	893	0	7261	23.1968048478171
A_HA_H3	1549	8256	C	35	0	8074	20.0609363388655
A_HA_H3	1550	8243	A	48	0	8187	17.5727372663979
A_HA_H3	1551	8255	G	35	0	8206	18.2358030709237
A_HA_H3	1552	8260	A	29	0	8214	21.3312636961286
A_HA_H3	1553	8272	T	17	0	8238	23.6796552561301
A_HA_H3	1554	8274	C	15	0	8246	23.2055542081009
A_HA_H3	1555	8061	A	226	0	7932	19.7641200201715
A_HA_H3	1556	8163	A	124	0	8066	18.3729233820977
A_HA_H3	1557	7426	G	860	0	7250	16.2067586206897
A_HA_H3	1558	8163	G	123	0	8067	18.9700012396182
A_HA_H3	1559	8074	G	210	0	8028	18.3946188340807
A_HA_H3	1560	7939	A	344	0	7844	18.5965068842427
A_HA_H3	1561	8204	G	78	0	8154	19.9055678194751
A_HA_H3	1562	8183	T	98	0	8064	19.5823412698413
A_HA_H3	1563	8253	T	26	0	8167	19.6635239377985
A_HA_H3	1564	8231	G	48	0	8149	21.3771014848448
A_HA_H3	1565	8214	A	64	0	8111	22.012452225373
A_HA_H3	1566	8213	G	65	0	8179	21.7826140114928
A_HA_H3	1567	8229	C	42	0	8107	21.3244110028371
A_HA_H3	1568	8200	T	70	0	8117	21.4403104595294
A_HA_H3	1569	8202	G	65	0	8112	22.2704635108481
A_HA_H3	1570	8158	A	107	0	8045	21.8302050963331
A_HA_H3	1571	8192	A	73	0	8095	21.3419394688079
A_HA_H3	1572	8212	G	52	0	8150	21.3907975460123
A_HA_H3	1573	8233	T	29	0	8158	21.1899975484187
A_HA_H3	1574	8206	C	56	0	8137	22.3221088853386
A_HA_H3	1575	8136	A	125	0	7629	16.5987678594835
A_HA_H3	1576	7680	G	581	0	7438	16.0738101640226
A_HA_H3	1577	8117	G	143	0	7247	16.2329239685387
A_HA_H3	1578	8178	G	80	0	7479	16.7264340152427
A_HA_H3	1579	8136	T	122	0	7857	15.3955708285605
A_HA_H3	1580	8046	A	212	0	7830	15.8381864623244
A_HA_H3	1581	8039	C	218	0	7863	17.1243800076307
A_HA_H3	1582	7425	A	831	0	7298	19.2578788709235
A_HA_H3	1583	8039	A	215	0	7944	18.7756797583082
A_HA_H3	1584	8153	A	99	0	8025	16.5315887850467
A_HA_H3	1585	8150	G	99	0	8072	17.2119672943508
A_HA_H3	1586	8088	A	161	0	7885	19.3104629042486
A_HA_H3	1587	8142	T	106	0	7926	19.5855412566238
A_HA_H3	1588	8233	T	12	0	8184	19.2531769305963
A_HA_H3	1589	7737	G	507	0	7692	19.5599323972959
A_HA_H3	1590	8226	G	17	0	8152	19.625
A_HA_H3	1591	8220	A	23	0	8175	21.1585321100917
A_HA_H3	1592	8223	T	20	0	8187	21.0741419323317
A_HA_H3	1593	7821	C	421	0	7794	22.1292019502181
A_HA_H3	1594	8191	C	47	0	8128	20.5091043307087
A_HA_H3	1595	8083	T	152	0	7944	19.2703927492447
A_HA_H3	1596	8127	A	107	0	7956	19.7293866264455
A_HA_H3	1597	8158	T	76	0	8042	21.8338721711017
A_HA_H3	1598	7992	G	242	0	7870	21.2979669631512
A_HA_H3	1599	8115	G	119	0	8044	20.4408254599702
A_HA_H3	1600	7955	A	276	0	7870	20.220457433291
A_HA_H3	1601	8038	T	192	0	7902	20.4591242723361
A_HA_H3	1602	8184	T	44	0	8164	20.7143557079863
A_HA_H3	1603	8167	T	59	0	8137	21.9153250583753
A_HA_H3	1604	7904	C	318	0	7840	24.9469387755102
A_HA_H3	1605	7962	C	260	0	7884	21.6226534753932
A_HA_H3	1606	7728	T	494	0	7638	20.5086410054988
A_HA_H3	1607	8087	T	135	0	8024	22.1180209371884
A_HA_H3	1608	8143	T	77	0	8062	25.8989084594393
A_HA_H3	1609	8111	G	106	0	7994	25.1422316737553
A_HA_H3	1610	8099	C	118	0	7995	24.0722951844903
A_HA_H3	1611	8145	C	72	0	7967	23.6129032258065
A_HA_H3	1612	8137	A	80	0	8051	23.3687740653335
A_HA_H3	1613	8158	T	59	0	8099	23.6974935177182
A_HA_H3	1614	8161	G	56	0	8011	24.7113968293596
A_HA_H3	1615	8148	T	69	0	8105	25.3385564466379
A_HA_H3	1616	8141	C	75	0	8104	25.2849210266535
A_HA_H3	1617	8112	A	102	0	8042	24.5018652076598
A_HA_H3	1618	8140	T	74	0	8074	25.3316819420362
A_HA_H3	1619	8143	G	71	0	8073	24.7916511829555
A_HA_H3	1620	6073	T	2139	0	5970	24.7810720268007
A_HA_H3	1621	7062	T	1149	0	6971	24.2629464926123
A_HA_H3	1622	8127	T	83	0	8085	25.1061224489796
A_HA_H3	1623	8167	T	42	0	8128	24.3366141732283
A_HA_H3	1624	8156	T	50	0	8127	27.1272302202535
A_HA_H3	1625	8126	T	76	0	8073	27.5467608076304
A_HA_H3	1626	8103	G	95	0	8031	25.8998879342548
A_HA_H3	1627	8131	C	67	0	8029	23.6608544027899
A_HA_H3	1628	7944	T	252	0	7899	23.5980503861248
A_HA_H3	1629	8047	T	149	0	7981	23.8338554065907
A_HA_H3	1630	8123	T	72	0	8071	26.3201585924916
A_HA_H3	1631	8109	G	83	0	8032	25.2612051792829
A_HA_H3	1632	8125	T	67	0	8029	24.6439158052061
A_HA_H3	1633	8098	A	94	0	7985	24.5658108954289
A_HA_H3	1634	8119	T	73	0	8004	24.7413793103448
A_HA_H3	1635	8153	T	37	0	8099	25.1643412767008
A_HA_H3	1636	8104	G	86	0	8003	23.5926527552168
A_HA_H3	1637	8123	C	64	0	8031	22.6406425102727
A_HA_H3	1638	7926	T	261	0	7879	23.0931590303338
A_HA_H3	1639	8061	T	124	0	8021	23.127914225159
A_HA_H3	1640	8127	T	56	0	8088	25.4992581602374
A_HA_H3	1641	8114	G	66	0	8024	24.2411515453639
A_HA_H3	1642	8134	T	44	0	8016	23.6312375249501
A_HA_H3	1643	8139	T	38	0	8091	23.4644666913855
A_HA_H3	1644	7847	G	326	0	7604	20.6759600210416
A_HA_H3	1645	8038	G	127	0	7867	20.1249523325283
A_HA_H3	1646	8119	G	46	0	7902	19.5460642875221
A_HA_H3	1647	8145	G	20	0	8038	21.4163971137099
A_HA_H3	1648	8138	T	25	0	8071	20.3455581712303
A_HA_H3	1649	8148	T	13	0	8078	21.1684822975984
A_HA_H3	1650	8122	C	37	0	8047	21.9480551758419
A_HA_H3	1651	8132	A	26	0	8080	22.6507425742574
A_HA_H3	1652	8133	T	24	0	8057	23.4829340945761
A_HA_H3	1653	8115	C	40	0	8053	23.719980131628
A_HA_H3	1654	8080	A	75	0	7949	22.486979494276
A_HA_H3	1655	7643	T	509	0	7543	22.916081134827
A_HA_H3	1656	7629	G	522	0	7491	22.0630089440662
A_HA_H3	1657	8010	T	135	0	7904	19.7526568825911
A_HA_H3	1658	7957	G	185	0	7829	19.564439902925
A_HA_H3	1659	8059	G	76	0	7942	19.3628808864266
A_HA_H3	1660	8062	G	72	0	7889	20.7941437444543
A_HA_H3	1661	7961	C	173	0	7755	21.3557704706641
A_HA_H3	1662	7995	C	137	0	7809	21.3575361762069
A_HA_H3	1663	7959	T	169	0	7783	21.7263266092766
A_HA_H3	1664	8004	G	122	0	7751	22.3871758482776
A_HA_H3	1665	7952	C	174	0	7810	22.1071702944942
A_HA_H3	1666	7965	C	160	0	7813	21.5963138359145
A_HA_H3	1667	6661	A	1462	0	6584	21.0817132442284
A_HA_H3	1668	7672	A	448	0	7589	21.8818026090394
A_HA_H3	1669	8009	A	109	0	7903	20.8380361887891
A_HA_H3	1670	7940	A	177	0	7479	19.1354459152293
A_HA_H3	1671	7796	G	321	0	7493	19.2202055251568
A_HA_H3	1672	8040	G	73	0	7859	18.5045171141367
A_HA_H3	1673	8041	G	69	0	7887	19.3352351971599
A_HA_H3	1674	8028	C	81	0	7907	18.3508283799165
A_HA_H3	1675	8023	A	85	0	7968	20.8413654618474
A_HA_H3	1676	8060	A	44	0	7718	20.8423166623478
A_HA_H3	1677	8078	C	24	0	7999	20.9959994999375
A_HA_H3	1678	8039	A	53	0	7948	20.926648213387
A_HA_H3	1679	8025	T	60	0	7954	21.1316318833291
A_HA_H3	1680	8038	T	44	0	7972	25.3110888108379
A_HA_H3	1681	8002	A	76	0	7850	24.2463694267516
A_HA_H3	1682	8040	G	33	0	7955	22.1830295411691
A_HA_H3	1683	8013	A	58	0	7858	22.5590481038432
A_HA_H3	1684	8036	T	35	0	7977	23.3401027955372
A_HA_H3	1685	7985	G	81	0	7699	23.1437849071308
A_HA_H3	1686	7982	C	78	0	7822	23.7830478138583
A_HA_H3	1687	7972	A	78	0	7919	23.9589594645789
A_HA_H3	1688	7982	A	64	0	7763	22.1049851861394
A_HA_H3	1689	7985	C	54	0	7942	22.2160664819945
A_HA_H3	1690	7986	A	49	0	7923	22.6482393032942
A_HA_H3	1691	7781	T	250	0	7730	23.2178525226391
A_HA_H3	1692	8015	T	13	0	7981	27.0369627866182
A_HA_H3	1693	8017	T	2	0	7994	27.1808856642482
A_HA_H3	1694	7965	G	13	0	7876	26.1912138141188
A_HA_H3	1695	7929	C	7	0	7895	26.2363521215959
A_HA_H3	1696	7926	A	4	0	7901	25.4617137071257
A_HA_H3	1697	7916	T	0	0	7894	25.4707372688118
A_HA_H3	1698	7904	T	0	0	7890	26.8730038022814
A_HA_H3	1699	7796	T	0	0	7781	27.3746305102172
A_HA_H3	1700	7454	G	0	0	7454	25.0060370270995
A_HA_H3	1701	7302	A	0	0	7302	24.0964119419337
