Reference_Name	Position	Coverage Depth	Consensus	Deletions	Ambiguous	Consensus_Count	Consensus_Average_Quality
A_MP	1	20983	A	0	0	20983	26.7491302482962
A_MP	2	21107	T	0	0	21107	25.8033827640119
A_MP	3	21315	G	0	0	21295	23.5090866400564
A_MP	4	21430	A	0	0	21347	23.737902281351
A_MP	5	21553	G	76	0	21485	22.6499883639749
A_MP	6	21645	C	80	0	21583	22.3788166612612
A_MP	7	21732	C	78	0	21620	21.3059204440333
A_MP	8	21641	T	223	0	21502	21.6104548414101
A_MP	9	21697	T	196	0	21535	23.0280009287207
A_MP	10	21734	C	195	0	21667	23.9016938200951
A_MP	11	21697	T	242	0	21544	24.9593390271073
A_MP	12	21814	T	147	0	21622	24.0422717602442
A_MP	13	21743	A	248	0	21405	22.303714085494
A_MP	14	21853	C	149	0	21559	22.1558050002319
A_MP	15	21897	C	119	0	21167	19.8766476118486
A_MP	16	21780	G	254	0	21636	18.7139951931965
A_MP	17	21772	A	271	0	21398	18.4470043929339
A_MP	18	21773	G	295	0	21653	17.9662402438461
A_MP	19	22525	G	26	0	22305	18.1512665321677
A_MP	20	22512	T	44	0	22321	17.2825590251333
A_MP	21	22440	C	135	0	22194	20.3392358295035
A_MP	22	22196	G	424	0	21612	15.6046640755136
A_MP	23	22349	A	279	0	22079	15.1596539698356
A_MP	24	22498	A	134	0	22209	15.8815795398262
A_MP	25	22507	A	126	0	21971	21.6575941013154
A_MP	26	22445	C	192	0	22128	20.7928868402025
A_MP	27	22369	G	278	0	21850	20.9432036613272
A_MP	28	22293	T	362	0	21789	20.4658313828078
A_MP	29	22482	A	196	0	21861	20.6859704496592
A_MP	30	22647	T	105	0	22398	21.5747388159657
A_MP	31	22556	G	201	0	22164	23.0086626962642
A_MP	32	22598	T	167	0	22432	23.5696772467903
A_MP	33	21778	T	1032	0	21591	25.4821453383354
A_MP	34	21740	C	1073	0	21623	24.5769319705869
A_MP	35	22581	T	239	0	22285	26.5205743773839
A_MP	36	22498	C	325	0	22348	32.6443082155003
A_MP	37	22661	T	176	0	22483	62.4429569007695
A_MP	38	22630	C	210	0	22515	64.8369531423495
A_MP	39	22543	T	299	0	22347	35.9942274130756
A_MP	40	22745	A	113	0	22490	26.7398843930636
A_MP	41	23364	T	134	0	23046	27.4574763516445
A_MP	42	23283	C	232	0	22941	24.4066082559609
A_MP	43	23391	G	139	0	22575	20.7887043189369
A_MP	44	23435	T	108	0	23076	20.3928323799619
A_MP	45	23466	T	82	0	23121	21.0931620604645
A_MP	46	23129	C	426	0	22948	21.87785427924
A_MP	47	23451	C	112	0	23294	23.4417017257663
A_MP	48	23466	A	99	0	23291	22.226138851917
A_MP	49	23522	T	44	0	23374	22.9746299306922
A_MP	50	23479	C	89	0	23318	24.9822883609229
A_MP	51	23482	A	87	0	23172	21.004401864319
A_MP	52	23361	G	209	0	23186	20.1147675321315
A_MP	53	23364	G	206	0	23135	20.367106116274
A_MP	54	18950	C	4621	0	18655	20.3396408469579
A_MP	55	22717	C	860	0	22511	20.5149038247968
A_MP	56	23446	C	137	0	23337	20.8463812829413
A_MP	57	23514	C	70	0	23361	21.7785197551475
A_MP	58	23428	C	157	0	23250	21.6858494623656
A_MP	59	23288	T	299	0	23043	21.6233129366836
A_MP	60	23397	C	190	0	23243	21.8784150066687
A_MP	61	22816	A	771	0	22575	20.1925138427464
A_MP	62	23216	A	371	0	23008	20.4594488873435
A_MP	63	23413	A	174	0	23162	22.7484241429928
A_MP	64	23386	G	202	0	23145	22.7926982069561
A_MP	65	23377	C	211	0	23156	22.569830713422
A_MP	66	23456	C	132	0	22944	21.3695519525802
A_MP	67	23382	G	208	0	23170	19.7629693569271
A_MP	68	23473	A	117	0	23246	20.1313344231266
A_MP	69	23440	G	150	0	23319	19.9967408550967
A_MP	70	23535	A	55	0	23328	22.3534379286694
A_MP	71	23514	T	76	0	23397	22.9715775526777
A_MP	72	23090	C	500	0	22882	23.36054540687
A_MP	73	22954	G	636	0	22340	18.8290510295434
A_MP	74	23362	C	228	0	22638	18.0985069352416
A_MP	75	23332	G	259	0	22594	18.8793927591396
A_MP	76	23436	C	155	0	23131	19.528511521335
A_MP	77	23215	A	376	0	22983	19.3201496758474
A_MP	78	23246	G	345	0	23159	20.0372641305756
A_MP	79	23373	A	219	0	23009	20.8642270415924
A_MP	80	23227	G	365	0	23081	46.5349854858975
A_MP	81	23376	A	216	0	23032	46.8787773532477
A_MP	82	23356	C	236	0	23224	23.7487512917671
A_MP	83	23102	T	490	0	22820	23.6558282208589
A_MP	84	23335	T	257	0	22979	24.7528613081509
A_MP	85	23411	G	181	0	23248	24.1902959394357
A_MP	86	23287	A	305	0	23075	24.3563163596966
A_MP	87	23375	A	217	0	23119	23.0709805787448
A_MP	88	23385	G	207	0	23119	22.2044206064276
A_MP	89	23454	A	138	0	23196	23.7612088291085
A_MP	90	23460	T	132	0	23305	23.6293070156619
A_MP	91	23508	G	84	0	23324	24.1468444520665
A_MP	92	23334	T	258	0	23060	25.5490459670425
A_MP	93	23399	C	193	0	23247	25.0798382587
A_MP	94	23103	T	489	0	22791	25.0907375718485
A_MP	95	23380	T	212	0	23172	25.7635939927499
A_MP	96	23480	T	112	0	23307	27.4515381644999
A_MP	97	23402	G	190	0	23201	26.3420542218008
A_MP	98	23400	C	192	0	23052	25.7371160853722
A_MP	99	23431	T	161	0	23123	24.9433032046015
A_MP	100	22816	G	776	0	22526	24.143167894877
A_MP	101	23188	G	404	0	23063	22.7376317044617
A_MP	102	22921	G	671	0	22713	21.0324924052305
A_MP	103	21045	A	2547	0	20710	22.7351038145823
A_MP	104	23161	A	431	0	23008	23.1075278164117
A_MP	105	23478	A	114	0	23308	27.0305903552428
A_MP	106	23463	A	129	0	23296	31.4033739697802
A_MP	107	23377	A	215	0	22917	27.4240956495178
A_MP	108	23388	C	204	0	23188	24.7833362083836
A_MP	109	23406	A	186	0	23069	22.9058910225844
A_MP	110	23489	C	103	0	23244	29.127731887799
A_MP	111	23486	A	106	0	22966	28.5471566663764
A_MP	112	23408	G	184	0	23158	22.4832023490802
A_MP	113	23433	A	159	0	23300	22.507339055794
A_MP	114	23505	T	87	0	23312	22.4457361015786
A_MP	115	23428	C	164	0	23295	22.0248551191243
A_MP	116	23321	T	271	0	23000	24.3671739130435
A_MP	117	23511	T	81	0	23290	24.928595963933
A_MP	118	23432	G	160	0	23332	23.3770786902109
A_MP	119	23289	A	303	0	22895	22.1189779427823
A_MP	120	23378	G	214	0	23202	20.3084216877855
A_MP	121	23535	G	57	0	23393	19.6440388150301
A_MP	122	22995	C	597	0	22810	18.9561157387111
A_MP	123	23027	T	565	0	22893	21.6036342986939
A_MP	124	23497	C	95	0	23314	23.6834520030883
A_MP	125	23497	T	95	0	23313	28.3522069231759
A_MP	126	23377	C	215	0	23226	33.3267028330319
A_MP	127	23365	A	226	0	22832	24.9020672740014
A_MP	128	23430	T	161	0	23205	24.2599008834303
A_MP	129	23396	G	195	0	23205	24.2266321913381
A_MP	130	23532	G	59	0	23228	22.0816686757362
A_MP	131	23449	A	142	0	23053	22.2407061987594
A_MP	132	23488	A	103	0	23205	24.3156216332687
A_MP	133	23419	T	172	0	23216	22.3567798070296
A_MP	134	23295	G	296	0	21488	21.767265450484
A_MP	135	23462	G	129	0	23005	20.5720930232558
A_MP	136	23462	C	129	0	23178	20.1677884200535
A_MP	137	23366	T	224	0	22916	19.4218449991272
A_MP	138	22978	A	612	0	22648	21.7787001059696
A_MP	139	23389	A	197	0	23119	22.3778277607163
A_MP	140	23445	A	139	0	23053	21.5088708627944
A_MP	141	23388	G	195	0	23041	23.3235102643114
A_MP	142	23460	A	121	0	23122	23.1551336389586
A_MP	143	23488	C	93	0	23239	22.3183871939412
A_MP	144	23103	A	478	0	22820	22.1950920245399
A_MP	145	23510	A	71	0	23102	22.9095316422821
A_MP	146	23473	G	108	0	23176	22.183465654125
A_MP	147	23445	A	135	0	23123	23.4931021061281
A_MP	148	23067	C	512	0	22700	22.7665198237885
A_MP	149	23486	C	92	0	23117	22.0521693991435
A_MP	150	23247	A	315	0	23091	23.0072755619072
A_MP	151	23411	A	151	0	23126	23.1814408025599
A_MP	152	23379	T	183	0	23040	24.0234375
A_MP	153	23388	T	174	0	22992	24.7327766179541
A_MP	154	23341	C	221	0	23199	24.9438768912453
A_MP	155	23378	T	184	0	23193	24.4597939033329
A_MP	156	23405	G	157	0	23122	24.0199377216504
A_MP	157	23367	T	195	0	23115	23.8758814622539
A_MP	158	23255	C	307	0	23156	23.7540594230437
A_MP	159	23351	A	211	0	23064	22.7996011099549
A_MP	160	23367	C	195	0	23216	22.760294624397
A_MP	161	23403	C	159	0	23258	22.1436494969473
A_MP	162	22701	T	861	0	22466	22.6574824178759
A_MP	163	23203	T	359	0	22944	23.6460948396095
A_MP	164	23431	T	131	0	23125	27.3511783783784
A_MP	165	23374	G	186	0	23286	25.7426780039509
A_MP	166	23427	A	132	0	23203	24.8796276343576
A_MP	167	23326	C	232	0	23105	23.1877082882493
A_MP	168	23368	T	188	0	23081	22.6823794462978
A_MP	169	22650	A	905	0	22338	22.569970453935
A_MP	170	23174	A	381	0	22907	20.971755358624
A_MP	171	21526	G	2029	0	21076	18.0515752514709
A_MP	172	23087	G	468	0	22623	19.6090262122619
A_MP	173	23344	G	211	0	22881	20.4063633582448
A_MP	174	23174	G	380	0	22863	20.8099112102524
A_MP	175	22962	A	592	0	22514	22.6097983476948
A_MP	176	22716	T	837	0	22337	21.795675336885
A_MP	177	23412	T	141	0	23290	22.4905538857879
A_MP	178	23452	T	100	0	23324	23.8895129480364
A_MP	179	23183	T	367	0	22930	26.0554731792412
A_MP	180	22920	A	629	0	21803	22.4750263725175
A_MP	181	21968	G	1581	0	21413	19.8367346938776
A_MP	182	23405	G	144	0	23197	18.9827563909126
A_MP	183	23334	G	215	0	23065	20.7532191632343
A_MP	184	23050	T	496	0	22697	20.8256597788254
A_MP	185	23365	T	181	0	23158	22.4750410225408
A_MP	186	23333	T	213	0	23064	23.5171262573708
A_MP	187	23327	G	219	0	22579	25.4527658443687
A_MP	188	21894	T	1650	0	21487	24.6372690464001
A_MP	189	23201	T	340	0	22897	24.1547364283531
A_MP	190	23245	T	296	0	22923	24.7727609824194
A_MP	191	23238	T	303	0	22592	22.8528682719547
A_MP	192	22944	C	597	0	22755	24.3318831026148
A_MP	193	22914	A	626	0	22320	21.0745071684588
A_MP	194	23180	C	360	0	22904	18.3661369193154
A_MP	195	23216	G	324	0	22744	17.3578086528315
A_MP	196	23298	C	242	0	23102	17.026491212882
A_MP	197	23401	T	139	0	23088	17.7081600831601
A_MP	198	23322	C	217	0	23174	19.4391127988263
A_MP	199	23279	A	260	0	23030	21.0607468519323
A_MP	200	23101	C	438	0	22838	21.7918381644627
A_MP	201	23347	C	192	0	22474	19.7705793361217
A_MP	202	23329	G	210	0	22857	17.9778623616398
A_MP	203	23435	T	104	0	23292	17.8900480851795
A_MP	204	23436	G	103	0	23112	18.3888023537556
A_MP	205	22895	C	644	0	22781	19.9349896843861
A_MP	206	23365	C	172	0	23138	21.1714063445414
A_MP	207	23424	C	113	0	23027	20.5750640552395
A_MP	208	23376	A	160	0	23138	20.8693059037082
A_MP	209	23375	G	161	0	23192	21.5168161434978
A_MP	210	23315	T	221	0	23201	22.6694108012586
A_MP	211	23402	G	134	0	23209	23.2667068809514
A_MP	212	23340	A	196	0	22976	23.4354543871866
A_MP	213	23233	G	303	0	23133	22.6007867548524
A_MP	214	23279	C	255	0	22944	20.4331851464435
A_MP	215	22833	G	700	0	20880	16.4949233716475
A_MP	216	23378	G	154	0	23041	15.6260144958986
A_MP	217	23459	G	72	0	23260	15.4624247635426
A_MP	218	23453	G	79	0	23233	20.7919769293677
A_MP	219	23379	A	152	0	23101	22.6192372624562
A_MP	220	23135	C	396	0	22892	22.5255110955792
A_MP	221	23026	T	503	0	21845	21.9628747997253
A_MP	222	23101	G	428	0	22395	20.5498995311453
A_MP	223	23082	C	444	0	20996	20.3985044770432
A_MP	224	22954	A	571	0	22372	17.9175755408546
A_MP	225	22703	G	818	0	17201	13.7807685599674
A_MP	226	22295	C	1226	0	20078	12.8298137264668
A_MP	227	22723	G	796	0	21325	12.2502696365768
A_MP	228	22776	T	743	0	21923	12.4467910413721
A_MP	229	22842	A	677	0	21567	15.3418185190337
A_MP	230	23195	G	324	0	22306	15.3994889267462
A_MP	231	23164	A	353	0	22394	16.0341162811467
A_MP	232	23165	C	349	0	22617	16.0337356855463
A_MP	233	23111	G	403	0	21876	14.9231120863046
A_MP	234	23383	C	131	0	23167	15.811369620581
A_MP	235	22828	T	686	0	22633	16.6759598815888
A_MP	236	23196	T	318	0	23009	18.5622147855187
A_MP	237	23400	T	113	0	23193	24.5220540680378
A_MP	238	23375	G	138	0	23136	23.993948824343
A_MP	239	23369	T	144	0	23165	23.8941074897475
A_MP	240	22777	C	737	0	22651	24.5488499404
A_MP	241	23115	C	399	0	22737	21.4219993842635
A_MP	242	21603	A	1911	0	21275	21.1053349001175
A_MP	243	23230	A	284	0	23110	22.1274772825617
A_MP	244	23370	A	144	0	23228	25.569442052695
A_MP	245	23389	A	124	0	23212	25.867180768568
A_MP	246	23341	T	171	0	23224	25.625
A_MP	247	23313	G	199	0	22433	24.0914723844336
A_MP	248	22682	C	829	0	22510	22.4799200355398
A_MP	249	23412	C	99	0	23317	21.4807222198396
A_MP	250	23423	C	86	0	23297	20.0657595398549
A_MP	251	23402	T	107	0	23180	22.1915875754961
A_MP	252	23423	C	84	0	23280	22.2556271477663
A_MP	253	23307	A	200	0	23211	21.661195123002
A_MP	254	23379	A	128	0	22888	21.5908773156239
A_MP	255	23362	T	143	0	23116	23.3763626925074
A_MP	256	22543	G	962	0	22221	23.0772692498087
A_MP	257	23320	G	185	0	22801	21.5602385860269
A_MP	258	23439	G	66	0	23166	20.7463524130191
A_MP	259	23354	A	151	0	23179	21.4419086241857
A_MP	260	23419	A	85	0	23241	22.921474979562
A_MP	261	23412	T	92	0	23259	23.7834386689024
A_MP	262	23012	G	492	0	22898	23.8762337322037
A_MP	263	23390	G	114	0	23294	23.0009015197046
A_MP	264	23200	A	302	0	22751	21.2039031251374
A_MP	265	23131	G	371	0	22986	20.1535717393196
A_MP	266	22968	A	529	0	22633	20.4332611673221
A_MP	267	22671	C	826	0	22371	20.2317732779044
A_MP	268	23243	C	253	0	22930	19.8283035324902
A_MP	269	23351	C	145	0	22966	21.5055299137856
A_MP	270	23135	A	359	0	22919	22.1148392163707
A_MP	271	23308	A	185	0	23156	22.9660563136984
A_MP	272	23326	A	167	0	22903	23.2473038466576
A_MP	273	23366	C	127	0	23136	24.3829961964039
A_MP	274	23409	A	84	0	23314	24.3797718109291
A_MP	275	23415	A	77	0	22945	23.5736325996949
A_MP	276	23424	C	68	0	23232	24.029011707989
A_MP	277	23416	A	76	0	23293	24.3844502640278
A_MP	278	23394	T	98	0	23300	24.0563090128755
A_MP	279	23373	G	116	0	23306	25.6108298292285
A_MP	280	23428	G	61	0	23343	24.2083279784089
A_MP	281	23423	A	66	0	23268	24.267019082001
A_MP	282	23403	C	85	0	23178	24.1972128742773
A_MP	283	23068	A	419	0	22925	24.3086586695747
A_MP	284	23346	A	137	0	23205	26.5147597500539
A_MP	285	23373	A	109	0	23262	26.5542945576477
A_MP	286	23285	G	197	0	22984	27.5217977723634
A_MP	287	23385	C	96	0	23226	25.0761646430724
A_MP	288	23407	A	74	0	23170	24.2206732844195
A_MP	289	23408	G	73	0	23290	23.0965650493774
A_MP	290	23352	T	129	0	23183	23.9943924427382
A_MP	291	23391	T	90	0	23244	24.4897177766305
A_MP	292	23328	A	153	0	23129	25.2812054131177
A_MP	293	23413	A	67	0	23252	25.8832358506795
A_MP	294	23403	A	75	0	22799	24.5205491468924
A_MP	295	23381	C	96	0	23289	23.1479668513032
A_MP	296	23297	T	180	0	23024	23.2377519110493
A_MP	297	23267	G	210	0	23045	22.7692775005424
A_MP	298	23120	T	356	0	22669	24.0538179893246
A_MP	299	23098	A	378	0	22787	24.0687672795892
A_MP	300	23250	T	226	0	22901	23.1327889611807
A_MP	301	23096	A	380	0	22782	22.4318760424897
A_MP	302	22392	G	1084	0	22220	21.5272277227723
A_MP	303	23278	G	198	0	23052	19.9382699982648
A_MP	304	23229	A	246	0	23119	18.9994809464077
A_MP	305	23342	A	133	0	23251	21.525310739323
A_MP	306	23328	A	145	0	22795	23.9397236236017
A_MP	307	23316	C	156	0	23244	22.3128119084495
A_MP	308	22770	T	702	0	22462	23.8780607247796
A_MP	309	23012	T	459	0	22596	22.9883165161976
A_MP	310	22049	A	1422	0	21856	23.7246980234261
A_MP	311	22423	A	1046	0	22271	19.7540299043599
A_MP	312	22113	G	1355	0	21976	16.8096104841645
A_MP	313	22705	A	762	0	22462	18.5476805271125
A_MP	314	18566	G	4901	0	18436	22.6491104361033
A_MP	315	23214	G	253	0	23076	19.9933263997227
A_MP	316	23279	G	187	0	23178	17.6807748727241
A_MP	317	23250	A	216	0	23121	17.0898750054063
A_MP	318	23223	G	243	0	23000	21.9520869565217
A_MP	319	23325	A	141	0	23178	23.467641729226
A_MP	320	23362	T	103	0	23153	24.4846456182784
A_MP	321	23303	A	159	0	23156	25.1623769217481
A_MP	322	23364	A	98	0	23069	26.8354068230092
A_MP	323	23310	C	149	0	23074	25.838042818757
A_MP	324	23329	A	127	0	23105	25.5838995888336
A_MP	325	23291	T	165	0	23138	25.2678278157144
A_MP	326	23362	T	94	0	23159	25.705643594283
A_MP	327	23152	C	304	0	22916	26.4558823529412
A_MP	328	23311	C	145	0	23184	25.2151915113872
A_MP	329	23318	A	138	0	23151	24.0694138482139
A_MP	330	23246	T	210	0	23085	23.6859432531947
A_MP	331	22875	G	577	0	22498	23.4382611787714
A_MP	332	23280	G	171	0	22898	21.5843741811512
A_MP	333	23330	G	119	0	22955	20.6873883685472
A_MP	334	23271	G	177	0	22833	21.8607278938379
A_MP	335	22848	C	600	0	22577	20.5096336980112
A_MP	336	23148	C	300	0	22684	19.6542937753483
A_MP	337	22038	A	1410	0	21810	19.9514442916094
A_MP	338	22784	A	660	0	22620	21.3093280282935
A_MP	339	22558	A	886	0	22296	21.1060728381773
A_MP	340	22516	G	927	0	22269	22.7708473662939
A_MP	341	23084	A	358	0	22803	20.7738016927597
A_MP	342	23198	A	243	0	23010	20.9880486744894
A_MP	343	23161	A	280	0	22753	23.0251834922867
A_MP	344	23139	T	302	0	22763	23.6128805517726
A_MP	345	23311	A	130	0	22603	22.8392248816529
A_MP	346	23211	G	231	0	22801	21.3212139818429
A_MP	347	22940	C	501	0	22775	21.0928210757409
A_MP	348	22763	T	675	0	22589	21.8967639116384
A_MP	349	23333	C	103	0	23205	23.2800258564964
A_MP	350	23330	T	105	0	23094	30.1501255737421
A_MP	351	23266	C	168	0	22964	34.6033792022296
A_MP	352	23307	A	127	0	22960	21.8535278745645
A_MP	353	23286	G	148	0	23044	20.8850893942024
A_MP	354	23209	T	225	0	22931	22.2538485020278
A_MP	355	23247	T	185	0	23029	23.1296191758218
A_MP	356	23276	A	156	0	22921	23.0961563631604
A_MP	357	23290	T	142	0	23001	24.8473544628494
A_MP	358	23291	T	139	0	23002	25.0915572558908
A_MP	359	23169	C	261	0	22977	25.0114027070549
A_MP	360	23283	T	146	0	23058	25.0943707173215
A_MP	361	23257	G	172	0	23035	24.4957673106143
A_MP	362	23252	C	176	0	23016	23.5450121654501
A_MP	363	23272	T	154	0	23047	23.3994446131818
A_MP	364	23181	G	245	0	22868	22.453603288438
A_MP	365	23181	G	245	0	22592	20.6589058073654
A_MP	366	23062	T	360	0	22723	20.8409981076442
A_MP	367	23011	G	411	0	22795	21.220618556701
A_MP	368	22930	C	492	0	22731	21.7329198011526
A_MP	369	22748	A	674	0	22536	22.7048722044728
A_MP	370	22851	C	569	0	22658	21.894959837585
A_MP	371	22575	T	845	0	22317	22.4189631222835
A_MP	372	23052	T	368	0	22865	22.8694948611415
A_MP	373	22981	G	439	0	22608	23.0322894550602
A_MP	374	22845	C	574	0	22540	22.6110026619343
A_MP	375	23139	C	280	0	22854	22.2780257285377
A_MP	376	23081	A	338	0	22686	21.006083046813
A_MP	377	23139	G	280	0	22853	20.958692513018
A_MP	378	23066	T	351	0	22385	21.9395130667858
A_MP	379	23223	T	191	0	23071	21.8513285076503
A_MP	380	23033	G	381	0	22704	21.2106236786469
A_MP	381	23016	C	395	0	22777	21.9798919963121
A_MP	382	23100	A	311	0	22924	22.691240621183
A_MP	383	23224	T	187	0	23085	22.4249079488846
A_MP	384	23017	G	394	0	22537	21.6642410258686
A_MP	385	23298	G	112	0	23059	20.6304262977579
A_MP	386	23311	G	99	0	23024	20.2412699791522
A_MP	387	23214	C	195	0	22958	20.1278857043296
A_MP	388	23304	C	106	0	23189	20.8763637931778
A_MP	389	23260	T	150	0	23011	21.6026682890791
A_MP	390	23239	C	171	0	23105	22.3714347543822
A_MP	391	22768	A	638	0	22393	22.6874023132229
A_MP	392	22880	T	525	0	22572	23.8566365408471
A_MP	393	23240	A	163	0	22890	24.0932721712538
A_MP	394	23254	T	148	0	22984	26.8164375217543
A_MP	395	23225	A	177	0	22751	26.4335633598523
A_MP	396	23227	C	175	0	23098	24.5494415100875
A_MP	397	23123	A	279	0	22981	24.5051564335756
A_MP	398	23160	A	242	0	22778	23.8707085784529
A_MP	399	23112	T	290	0	22531	24.0489547734233
A_MP	400	23093	A	309	0	22385	22.4280098280098
A_MP	401	22908	G	494	0	22840	21.1239929947461
A_MP	402	23318	G	84	0	23248	21.2862181693049
A_MP	403	23323	A	79	0	23235	22.0363245104368
A_MP	404	23285	T	117	0	23190	23.4363087537732
A_MP	405	20837	G	2564	0	20278	22.7093401716146
A_MP	406	23075	G	324	0	22540	21.2010647737356
A_MP	407	23234	G	164	0	22590	20.1082779991147
A_MP	408	23285	G	112	0	22869	21.1740784468057
A_MP	409	23242	G	153	0	23019	20.9606412094357
A_MP	410	23217	C	175	0	23030	20.3122448979592
A_MP	411	23170	T	222	0	22934	21.7117380308712
A_MP	412	23182	G	209	0	22918	22.7788637751985
A_MP	413	23190	T	201	0	22777	22.4151556394609
A_MP	414	23174	A	216	0	22955	22.6869091701154
A_MP	415	23183	A	198	0	22913	22.9496792214027
A_MP	416	23025	C	356	0	22815	24.1099276791584
A_MP	417	23208	C	173	0	23034	24.0245289571937
A_MP	418	23208	A	173	0	23037	23.0957589963971
A_MP	419	23235	C	146	0	23125	23.3339243243243
A_MP	420	23137	T	244	0	22731	23.8629624741542
A_MP	421	23019	G	362	0	22887	23.7605190719622
A_MP	422	21805	A	1576	0	21461	23.0534457853781
A_MP	423	22820	A	560	0	22621	20.7156182308474
A_MP	424	23125	G	255	0	22882	19.4415697928503
A_MP	425	23154	T	224	0	22913	18.9626849386811
A_MP	426	23144	G	234	0	22647	21.1826732017486
A_MP	427	23279	G	99	0	23150	20.6084233261339
A_MP	428	23238	C	140	0	23091	22.8455675371357
A_MP	429	23180	A	198	0	23052	22.8879923650876
A_MP	430	22996	T	381	0	22841	24.5872772645681
A_MP	431	23238	T	136	0	23104	26.8916637811634
A_MP	432	23286	T	87	0	23165	26.7233757824304
A_MP	433	23158	G	212	0	22994	27.3013394798643
A_MP	434	23288	G	80	0	23002	25.3062777149813
A_MP	435	23062	C	305	0	22834	24.7264167469563
A_MP	436	23282	C	84	0	23098	24.1376309637198
A_MP	437	23132	T	234	0	22715	23.3067576491305
A_MP	438	22905	G	461	0	22242	22.9497347360849
A_MP	439	21673	G	1692	0	21353	21.7293588722896
A_MP	440	21733	T	1632	0	21510	21.5135285913529
A_MP	441	23129	G	236	0	22894	22.6831921027343
A_MP	442	23161	T	204	0	23021	27.8790669388819
A_MP	443	23136	G	228	0	22849	60.0544006302245
A_MP	444	23151	T	209	0	22993	57.6915148088549
A_MP	445	23114	G	246	0	22674	34.3107524036341
A_MP	446	23100	C	260	0	22888	28.5309332401258
A_MP	447	23122	A	237	0	22989	26.8250467614946
A_MP	448	23210	A	149	0	22568	23.152339595888
A_MP	449	23221	C	138	0	23003	22.7420336477851
A_MP	450	23207	A	150	0	22995	22.0713198521418
A_MP	451	22601	T	754	0	22484	21.8327254936844
A_MP	452	22619	G	736	0	22403	24.2895594340044
A_MP	453	23173	T	181	0	22790	23.3570425625274
A_MP	454	23164	G	188	0	22823	22.2281032291986
A_MP	455	23076	A	275	0	22473	21.154007030659
A_MP	456	23010	G	340	0	22778	20.5647115637896
A_MP	457	23155	C	193	0	22905	20.1741541148221
A_MP	458	23140	A	208	0	22743	19.4987028975949
A_MP	459	23165	G	182	0	22882	20.5327331526964
A_MP	460	22521	A	823	0	22149	20.7051785633663
A_MP	461	23000	T	343	0	22077	20.9537527743806
A_MP	462	23140	T	201	0	22968	20.4048241031
A_MP	463	23034	G	306	0	22651	20.6651361970774
A_MP	464	22908	C	431	0	22486	20.5221471137597
A_MP	465	23134	T	204	0	22840	21.6301663747811
A_MP	466	23204	G	131	0	23017	21.1513229352218
A_MP	467	23151	A	184	0	22874	22.097490600682
A_MP	468	23117	C	218	0	22920	22.8693717277487
A_MP	469	22922	T	413	0	22727	23.1453337440049
A_MP	470	21866	C	1468	0	21733	23.3649289099526
A_MP	471	22575	C	754	0	22076	22.5744247146222
A_MP	472	23132	C	197	0	22822	20.9851897292087
A_MP	473	23082	A	247	0	22700	20.4758149779736
A_MP	474	23018	G	311	0	22082	19.3990127705824
A_MP	475	23084	C	244	0	22917	19.8909543133918
A_MP	476	23106	A	221	0	22884	20.8196993532599
A_MP	477	23148	C	178	0	22923	21.9757448850499
A_MP	478	23113	A	212	0	22692	24.3337740172748
A_MP	479	22982	G	343	0	22723	21.2893543986269
A_MP	480	23233	G	91	0	22893	20.4318787402263
A_MP	481	23109	T	214	0	22935	21.201744059298
A_MP	482	23092	C	231	0	22963	21.8258938292035
A_MP	483	23201	T	121	0	22983	22.8190401601183
A_MP	484	23139	C	181	0	23020	24.111077324066
A_MP	485	22900	A	420	0	22495	23.2681929317626
A_MP	486	22927	T	393	0	22626	23.9581896932732
A_MP	487	23105	A	214	0	22583	22.3599610326352
A_MP	488	23099	G	216	0	22889	21.2661540477959
A_MP	489	23200	G	115	0	22982	20.801757897485
A_MP	490	23141	C	173	0	22903	21.2225472645505
A_MP	491	23184	A	130	0	22914	21.1702016234616
A_MP	492	23201	G	113	0	23081	21.4924829946709
A_MP	493	23202	A	110	0	23092	23.3176424735839
A_MP	494	23089	T	223	0	22986	24.2518054467937
A_MP	495	23046	G	265	0	22937	24.2099664297859
A_MP	496	23059	G	252	0	22860	23.3524934383202
A_MP	497	23129	T	181	0	22914	22.1375141834686
A_MP	498	23030	G	277	0	22734	22.8052256532067
A_MP	499	23111	G	196	0	22910	22.128502837189
A_MP	500	22995	C	312	0	22727	22.8267699212391
A_MP	501	22893	A	407	0	22699	23.046698092427
A_MP	502	23019	A	281	0	22428	21.6189584448011
A_MP	503	23112	C	188	0	22733	21.6879426384551
A_MP	504	22705	A	595	0	22487	21.7125894961533
A_MP	505	23130	A	170	0	22462	19.527290535126
A_MP	506	22864	C	434	0	22158	20.1940157053886
A_MP	507	23176	C	122	0	22624	19.8709335219236
A_MP	508	23142	A	156	0	22941	19.3971492088401
A_MP	509	23202	A	95	0	22989	21.2871373265475
A_MP	510	23144	T	153	0	22986	23.1761507004263
A_MP	511	22959	C	338	0	22834	24.8470701585355
A_MP	512	23166	C	132	0	23037	24.0208360463602
A_MP	513	23155	A	142	0	22935	23.9488118596032
A_MP	514	23145	T	151	0	22860	25.1286089238845
A_MP	515	23111	T	184	0	22965	27.1917265403875
A_MP	516	23079	A	215	0	22910	27.8687036228721
A_MP	517	23173	A	121	0	22875	28.4870382513661
A_MP	518	23176	T	118	0	22881	28.0408635986189
A_MP	519	22795	A	499	0	22523	27.7918572126271
A_MP	520	23150	A	143	0	23049	27.6973404486095
A_MP	521	23195	A	97	0	23038	27.788523309315
A_MP	522	23182	A	103	0	22893	29.346481457214
A_MP	523	23180	C	104	0	23108	28.2786913622988
A_MP	524	23086	A	194	0	22868	26.7256428196607
A_MP	525	23002	T	277	0	22777	25.5704877727532
A_MP	526	23044	G	235	0	22907	24.7413454402584
A_MP	527	23094	A	185	0	22958	24.9733861834655
A_MP	528	23121	G	157	0	22992	24.0613691718859
A_MP	529	23134	A	143	0	22938	25.1017089545732
A_MP	530	23166	A	111	0	22931	25.0259037983516
A_MP	531	23126	C	150	0	22956	24.8789858860429
A_MP	532	23127	A	149	0	22994	25.1578672697225
A_MP	533	23054	G	221	0	22920	23.3380453752182
A_MP	534	23072	A	203	0	22892	23.4028918399441
A_MP	535	23165	A	110	0	22962	25.1403187875621
A_MP	536	23167	T	107	0	23056	24.8618580846634
A_MP	537	23117	G	156	0	22992	25.9774704244955
A_MP	538	23132	G	141	0	23040	25.0543836805556
A_MP	539	20427	T	2846	0	20092	24.6768365518614
A_MP	540	23091	T	181	0	22927	24.5746063593143
A_MP	541	23159	T	113	0	23000	25.4490869565217
A_MP	542	23086	T	182	0	22795	24.8145645974995
A_MP	543	22880	G	387	0	22560	25.5364361702128
A_MP	544	22979	G	287	0	22750	23.6814065934066
A_MP	545	22859	C	406	0	22648	22.9732426704345
A_MP	546	22902	C	362	0	22551	22.6605472041151
A_MP	547	22905	A	358	0	22574	22.3447771772836
A_MP	548	22836	G	425	0	22061	20.7890394814378
A_MP	549	22945	C	316	0	22703	20.9781526670484
A_MP	550	22893	A	365	0	22541	21.2128565724679
A_MP	551	22959	C	297	0	22693	21.2539549640858
A_MP	552	22561	T	692	0	22019	22.4653708161134
A_MP	553	22877	A	374	0	22430	21.716183682568
A_MP	554	22981	C	270	0	22767	21.6952606843238
A_MP	555	23067	A	183	0	22683	21.2034563329366
A_MP	556	23055	G	193	0	22820	21.5042068361087
A_MP	557	23105	C	142	0	22992	22.0253566457898
A_MP	558	22984	T	263	0	22550	22.2030598669623
A_MP	559	22760	A	485	0	22272	22.9089888649425
A_MP	560	23008	A	236	0	22599	22.827381742555
A_MP	561	22827	G	413	0	22396	21.0200928737275
A_MP	562	23065	G	173	0	22860	21.7806649168854
A_MP	563	23069	C	169	0	22922	20.7413401971905
A_MP	564	22969	T	268	0	22697	21.7453407939375
A_MP	565	22959	A	278	0	22621	22.8284779629548
A_MP	566	23018	T	217	0	22760	23.0912565905097
A_MP	567	22925	G	310	0	22758	23.1363915985587
A_MP	568	23115	G	117	0	22971	22.2828784119107
A_MP	569	22836	A	396	0	22550	22.2462971175166
A_MP	570	23050	G	181	0	22755	21.6556800703142
A_MP	571	23105	C	125	0	22903	21.5737239662926
A_MP	572	22793	A	430	0	22671	22.0031758634379
A_MP	573	23131	A	92	0	22983	23.0935909150241
A_MP	574	23122	A	99	0	22910	25.7838498472283
A_MP	575	23082	T	138	0	22947	26.4536540724278
A_MP	576	23032	G	187	0	22907	26.731523115205
A_MP	577	23080	G	139	0	22931	25.4930879595308
A_MP	578	23047	C	172	0	22777	25.4490055758002
A_MP	579	23079	T	140	0	22901	25.2940919610497
A_MP	580	22924	G	294	0	22764	25.2524600246002
A_MP	581	23134	G	84	0	22937	24.0441208527706
A_MP	582	23113	A	105	0	22985	23.81918642593
A_MP	583	23062	T	156	0	22870	24.7250546567556
A_MP	584	23087	C	129	0	22968	24.9218913270637
A_MP	585	22742	A	474	0	22366	24.1947599034248
A_MP	586	22853	A	363	0	22561	21.5710739772173
A_MP	587	22847	G	368	0	22727	20.9568794825538
A_MP	588	22928	T	287	0	22586	21.0186841406181
A_MP	589	23092	G	123	0	22964	22.90197700749
A_MP	590	23072	A	148	0	22884	22.1836217444503
A_MP	591	22838	G	382	0	22635	22.9115087254252
A_MP	592	22952	C	268	0	22732	22.9391166637339
A_MP	593	22915	A	303	0	22140	20.109756097561
A_MP	594	22765	G	449	0	22098	20.1705131686125
A_MP	595	22978	G	233	0	22760	19.9190246045694
A_MP	596	22972	C	239	0	22764	20.0754700404147
A_MP	597	22976	A	235	0	22527	19.2797975762418
A_MP	598	22955	G	254	0	22635	19.924629997791
A_MP	599	23016	C	193	0	22674	19.0515568492547
A_MP	600	22594	G	613	0	22052	17.5903319426809
A_MP	601	22677	G	527	0	22537	17.6991613790655
A_MP	602	22959	A	243	0	22792	17.5232976482976
A_MP	603	22567	G	631	0	22357	19.3909737442412
A_MP	604	23063	G	135	0	22880	20.2991258741259
A_MP	605	22919	C	276	0	22752	19.6317246835443
A_MP	606	23040	C	155	0	22762	20.3581407609173
A_MP	607	22962	A	232	0	22628	21.3209298214601
A_MP	608	22960	T	233	0	22697	21.6960831827995
A_MP	609	22718	G	475	0	22587	21.5030327179351
A_MP	610	22893	G	299	0	22694	20.7570723539261
A_MP	611	22159	A	1032	0	21751	20.5093099167854
A_MP	612	21949	G	1241	0	21495	19.821912072575
A_MP	613	21982	A	1207	0	21357	19.76087465468
A_MP	614	22201	T	987	0	21503	19.6674882574524
A_MP	615	23055	T	132	0	22895	19.4875300283905
A_MP	616	22928	G	259	0	22393	19.8265975974635
A_MP	617	22952	C	234	0	22693	21.2671748997488
A_MP	618	23017	T	168	0	22667	22.5034631843649
A_MP	619	23038	A	146	0	22374	20.5941718065612
A_MP	620	22995	G	188	0	22447	20.7892814184524
A_MP	621	23051	T	132	0	22838	20.9743847972677
A_MP	622	22947	C	235	0	22600	21.6885398230088
A_MP	623	22980	A	199	0	22348	19.6363432969393
A_MP	624	22745	G	434	0	22377	19.7057693167091
A_MP	625	23035	G	139	0	22812	20.6749079431878
A_MP	626	22867	C	307	0	22506	21.0013774104683
A_MP	627	22992	C	180	0	22419	21.8543646014541
A_MP	628	22991	A	179	0	22336	21.4921651146132
A_MP	629	22965	G	204	0	22684	20.918312466937
A_MP	630	23058	G	111	0	22870	20.9291648447748
A_MP	631	23040	C	126	0	22881	21.4106900922162
A_MP	632	23034	A	132	0	22735	21.8992742467561
A_MP	633	23069	G	96	0	22950	22.5770806100218
A_MP	634	23063	A	101	0	22927	23.4532647097309
A_MP	635	23000	T	159	0	22879	24.0732549499541
A_MP	636	22994	G	165	0	22918	24.7428658696221
A_MP	637	22884	G	275	0	22687	24.8095385022259
A_MP	638	22916	T	238	0	22787	23.7635493921973
A_MP	639	22965	G	192	0	22742	23.9418696684548
A_MP	640	22883	C	272	0	22725	23.5700330033003
A_MP	641	22847	A	307	0	22380	21.5666219839142
A_MP	642	22909	G	244	0	22517	21.0373939690012
A_MP	643	23001	G	152	0	22739	20.9397071111307
A_MP	644	22975	C	178	0	22650	21.1728918322296
A_MP	645	22832	A	321	0	22603	22.5423616334115
A_MP	646	22964	A	188	0	22532	23.5922687733002
A_MP	647	22902	T	250	0	22493	24.2693726937269
A_MP	648	22336	G	815	0	22027	22.9901030553412
A_MP	649	22447	A	703	0	22101	22.3168182435184
A_MP	650	22800	G	344	0	22324	20.6744311055366
A_MP	651	22791	A	349	0	22362	23.1472587425096
A_MP	652	22938	G	200	0	22600	29.9372566371681
A_MP	653	22859	C	278	0	22577	21.1381051512601
A_MP	654	22971	C	164	0	22712	21.1431401902078
A_MP	655	22735	A	400	0	22477	21.3325621746674
A_MP	656	22875	T	259	0	22219	22.7382870516225
A_MP	657	22985	T	147	0	22803	23.1320001754155
A_MP	658	22670	G	451	0	21985	20.1163975437799
A_MP	659	22961	G	160	0	22846	20.603387901602
A_MP	660	23034	G	87	0	22877	20.9934869082485
A_MP	661	23001	A	119	0	22859	22.1517564197909
A_MP	662	22931	C	188	0	22751	23.3897850643928
A_MP	663	22799	T	319	0	22578	23.4603153512269
A_MP	664	22965	C	153	0	22814	23.3920399754537
A_MP	665	23001	A	117	0	22775	22.511613611416
A_MP	666	23028	T	88	0	22894	22.6622695902857
A_MP	667	20964	C	2150	0	20828	24.3100633762243
A_MP	668	23001	C	109	0	22853	20.7445849560233
A_MP	669	22834	T	275	0	22420	17.3061998215879
A_MP	670	22944	A	165	0	21539	18.793630159246
A_MP	671	22995	G	113	0	22726	19.355231892986
A_MP	672	23012	T	96	0	22751	19.2627576809811
A_MP	673	23017	T	87	0	22897	20.0517971786697
A_MP	674	21939	C	1165	0	21639	23.4085216507232
A_MP	675	22794	C	309	0	22539	22.0829229335818
A_MP	676	22769	A	331	0	22537	20.2785197674935
A_MP	677	22736	G	364	0	21389	20.2535882930478
A_MP	678	22912	C	186	0	22707	21.4107103536354
A_MP	679	22980	A	113	0	22615	21.306699093522
A_MP	680	22907	C	183	0	22715	21.3933524103016
A_MP	681	22955	T	134	0	22797	23.8834495766987
A_MP	682	22889	G	197	0	22619	23.8007427384058
A_MP	683	22991	G	92	0	22739	23.527683715203
A_MP	684	22979	T	104	0	22819	24.1154739471493
A_MP	685	22950	C	132	0	22668	24.1932239280042
A_MP	686	22722	T	358	0	21870	20.8662094192958
A_MP	687	21649	A	1431	0	21049	20.9557223621075
A_MP	688	22671	A	405	0	22092	19.0622849900416
A_MP	689	22690	G	383	0	22238	18.025227088767
A_MP	690	22893	A	180	0	22585	21.0167810493691
A_MP	691	22811	G	262	0	22613	38.5379206651041
A_MP	692	22884	A	188	0	22646	42.7329329682946
A_MP	693	22881	T	186	0	22708	25.2536991368681
A_MP	694	22955	G	112	0	22762	25.0503470696775
A_MP	695	22962	A	105	0	22771	25.2957709367178
A_MP	696	22815	T	252	0	22657	25.1757514234012
A_MP	697	22848	C	214	0	22722	24.2690784261949
A_MP	698	22779	T	283	0	22640	24.2814045936396
A_MP	699	22874	T	188	0	22684	25.4696261682243
A_MP	700	22846	C	216	0	22682	25.9058284101931
A_MP	701	22489	T	572	0	22201	26.0592766091617
A_MP	702	22874	T	187	0	22535	25.7718216108276
A_MP	703	22925	G	134	0	22802	25.1009999122884
A_MP	704	22302	A	755	0	21993	25.1720092756786
A_MP	705	22527	A	530	0	22212	23.7613902395102
A_MP	706	22679	A	377	0	22365	24.9641403979432
A_MP	707	22671	A	384	0	22435	26.6537552930689
A_MP	708	22470	T	583	0	22095	25.1441955193483
A_MP	709	22920	T	132	0	22445	26.4953441746491
A_MP	710	22950	T	100	0	22763	26.3422220269736
A_MP	711	22911	G	135	0	22392	24.7621025366202
A_MP	712	22870	C	175	0	22490	23.9742552245442
A_MP	713	22818	A	227	0	22190	21.6894096439838
A_MP	714	22897	G	145	0	22362	20.735935962794
A_MP	715	22935	A	106	0	22723	21.5225982484707
A_MP	716	22532	C	508	0	22361	21.9296095881222
A_MP	717	22926	C	113	0	22710	21.1453104359313
A_MP	718	22891	T	147	0	22630	21.3764913831198
A_MP	719	22954	A	84	0	22808	23.2410557699053
A_MP	720	22938	T	99	0	22771	24.7340476922401
A_MP	721	22894	C	140	0	22813	26.4153333625564
A_MP	722	21942	A	1090	0	21701	22.7136998295009
A_MP	723	22452	G	578	0	22309	20.6266529203461
A_MP	724	22798	A	231	0	22625	20.9895248618785
A_MP	725	22893	A	134	0	22745	21.8825236315674
A_MP	726	22617	G	409	0	22483	22.3056086821154
A_MP	727	22532	C	490	0	22158	21.530688690315
A_MP	728	22865	G	153	0	22560	21.1986258865248
A_MP	729	22827	C	189	0	22441	21.0493739138185
A_MP	730	22699	A	316	0	22431	21.0929962997637
A_MP	731	22647	T	366	0	22456	22.3843516209476
A_MP	732	19841	G	3170	0	19461	23.5569600739941
A_MP	733	22507	G	502	0	22068	22.3188326989306
A_MP	734	22787	G	220	0	22006	20.4560119967282
A_MP	735	22785	G	219	0	22274	20.5718326299722
A_MP	736	22744	G	256	0	22386	19.8181899401412
A_MP	737	22732	T	264	0	22578	18.9600938967136
A_MP	738	22776	G	219	0	22369	20.6540748357101
A_MP	739	22752	C	243	0	22410	21.5605533244087
A_MP	740	22301	A	693	0	22142	23.5923584138741
A_MP	741	22823	A	168	0	22598	24.4738914948225
A_MP	742	22816	A	170	0	22544	26.1836408800568
A_MP	743	22816	T	168	0	22615	26.4232146805218
A_MP	744	22809	G	172	0	22500	25.6828444444444
A_MP	745	22866	C	113	0	22686	25.1241294190249
A_MP	746	22792	A	186	0	22614	25.6123640222871
A_MP	747	22877	A	99	0	21909	22.5005248984436
A_MP	748	22873	C	103	0	22593	21.586863187713
A_MP	749	22342	G	633	0	21981	20.0008643828761
A_MP	750	22601	A	374	0	22184	19.0067616300036
A_MP	751	22839	T	132	0	22569	20.7854579290177
A_MP	752	22859	T	111	0	22611	22.0891601432931
A_MP	753	22727	C	240	0	22498	23.6226775713397
A_MP	754	22298	A	668	0	21974	22.293619732411
A_MP	755	22706	A	260	0	22467	21.2420883963146
A_MP	756	22684	G	278	0	22231	19.9114749673879
A_MP	757	22738	T	220	0	22425	22.5548717948718
A_MP	758	22819	G	139	0	22580	23.8062444641275
A_MP	759	22850	A	107	0	22649	23.7485098679853
A_MP	760	22729	C	228	0	22492	23.8515472167882
A_MP	761	22816	C	140	0	22299	22.6945602941836
A_MP	762	22779	T	177	0	22370	22.4810013410818
A_MP	763	22783	G	173	0	22437	22.7460444800998
A_MP	764	22832	C	122	0	22400	23.1024553571429
A_MP	765	22276	T	676	0	22119	23.9316876893169
A_MP	766	22346	T	606	0	22187	23.9462297741921
A_MP	767	22335	G	617	0	22099	24.5361328566903
A_MP	768	22873	T	79	0	22642	25.6858934723081
A_MP	769	22884	T	68	0	22766	25.7104454010366
A_MP	770	22874	G	77	0	22662	25.6593416291589
A_MP	771	22824	T	124	0	22541	26.5999733818375
A_MP	772	22851	T	97	0	22753	26.4154616973586
A_MP	773	22761	G	186	0	22554	24.2107386716325
A_MP	774	22525	C	420	0	22358	25.327086501476
A_MP	775	22706	C	238	0	22234	23.07394081137
A_MP	776	22711	G	233	0	22295	20.8473648800179
A_MP	777	22776	C	167	0	22356	20.898058686706
A_MP	778	22682	G	258	0	21944	18.5844877870944
A_MP	779	22646	A	294	0	21901	18.5792886169581
A_MP	780	22832	A	107	0	22475	18.8533926585095
A_MP	781	22827	T	112	0	22607	19.9951784845402
A_MP	782	22808	A	126	0	22576	21.7884922041106
A_MP	783	22781	T	152	0	22644	26.0132043808514
A_MP	784	22697	C	236	0	22586	27.1226866200301
A_MP	785	21637	A	1293	0	21237	21.8421151763432
A_MP	786	22745	T	185	0	21238	21.8715509935022
A_MP	787	22790	T	138	0	22608	21.3949486907289
A_MP	788	22176	G	748	0	21437	18.9263889536782
A_MP	789	22724	G	196	0	22608	19.7981687898089
A_MP	790	22871	G	49	0	22782	21.1211482749539
A_MP	791	22852	A	64	0	22755	22.0751922654362
A_MP	792	22787	T	128	0	22619	24.5530306379592
A_MP	793	22720	C	193	0	22544	25.5290542938254
A_MP	794	22519	T	390	0	22308	26.6425497579344
A_MP	795	22771	T	132	0	22618	26.3462728800071
A_MP	796	22520	G	383	0	22277	24.705346321318
A_MP	797	22467	C	433	0	22249	25.1140725425862
A_MP	798	22587	A	313	0	22234	23.7465143473959
A_MP	799	22574	C	323	0	22347	22.1766680091287
A_MP	800	22390	T	502	0	22039	22.7676845591905
A_MP	801	22719	T	170	0	22451	23.1203064451472
A_MP	802	22786	G	101	0	22655	23.5124255131318
A_MP	803	22707	A	165	0	22449	24.6476903202815
A_MP	804	22733	T	139	0	22589	24.9717561645048
A_MP	805	22625	A	245	0	22330	24.9102552619794
A_MP	806	22676	T	193	0	22422	24.9971902595665
A_MP	807	22648	T	219	0	22497	26.0845446059475
A_MP	808	22633	G	230	0	22427	25.196102911669
A_MP	809	22784	T	77	0	22509	24.9864054378249
A_MP	810	22505	G	347	0	22322	24.9496908879133
A_MP	811	22740	G	111	0	22644	23.6344285461933
A_MP	812	22611	A	240	0	22460	24.6314336598397
A_MP	813	22682	T	169	0	22555	24.5519397029483
A_MP	814	22676	T	174	0	22460	25.3934550311665
A_MP	815	22612	C	238	0	22384	25.4166368834882
A_MP	816	22476	T	373	0	22187	25.7821697390364
A_MP	817	22774	T	74	0	22636	25.3483389291394
A_MP	818	22798	G	45	0	22645	25.1778317509384
A_MP	819	22799	A	39	0	22580	26.0217006200177
A_MP	820	22715	T	122	0	22540	25.434826974268
A_MP	821	22674	C	163	0	22504	23.9183256309989
A_MP	822	22559	G	276	0	21880	20.923126142596
A_MP	823	22522	T	313	0	22294	20.9657306898717
A_MP	824	22584	C	247	0	22442	21.0777114339185
A_MP	825	10916	T	11914	0	10683	21.6930637461387
A_MP	826	18027	T	4801	0	17840	23.185201793722
A_MP	827	22035	T	791	0	21947	26.3440561352349
A_MP	828	22576	T	249	0	22506	28.6735092864125
A_MP	829	22708	T	115	0	22607	33.1411509709382
A_MP	830	22616	T	199	0	22409	33.2729706814226
A_MP	831	22441	T	369	0	21934	30.062733655512
A_MP	832	22356	C	453	0	21941	28.6809170046944
A_MP	833	22441	A	364	0	22014	25.0383846643045
A_MP	834	22588	A	216	0	22409	23.5970815297425
A_MP	835	22533	A	269	0	22152	24.3774377031419
A_MP	836	22471	T	327	0	22324	25.4280146927074
A_MP	837	22363	G	430	0	21919	25.2911629180163
A_MP	838	22497	C	294	0	22159	23.4071934654091
A_MP	839	22604	G	185	0	22222	21.859643596436
A_MP	840	22645	T	140	0	22456	21.2436319914499
A_MP	841	22688	C	97	0	22447	22.025036753241
A_MP	842	22557	T	226	0	22271	20.8735575411971
A_MP	843	22714	A	69	0	22381	21.9903489567043
A_MP	844	22734	T	48	0	22599	24.3524934731625
A_MP	845	22664	C	116	0	22515	24.1892516100378
A_MP	846	22684	G	96	0	22365	21.6055443773754
A_MP	847	22692	A	88	0	22324	21.9049901451353
A_MP	848	22654	C	125	0	22436	21.9328311642004
A_MP	849	22595	T	183	0	22424	23.0244381020335
A_MP	850	22592	C	183	0	22364	24.1106689322125
A_MP	851	22654	T	121	0	22503	24.7894502955162
A_MP	852	22715	T	58	0	22558	25.4822236013831
A_MP	853	22681	C	90	0	22468	25.8260192273456
A_MP	854	22511	A	260	0	22345	25.5731931080779
A_MP	855	22629	A	142	0	22458	24.9056906224953
A_MP	856	22365	A	405	0	21989	24.7119014052481
A_MP	857	22381	C	385	0	22193	25.407335646375
A_MP	858	22678	A	80	0	22419	24.6697890182435
A_MP	859	22562	C	186	0	22360	24.6836314847943
A_MP	860	22482	G	263	0	22179	22.4642229135669
A_MP	861	22606	G	138	0	22404	22.0952508480628
A_MP	862	22467	C	277	0	22302	21.8059366872926
A_MP	863	22394	C	343	0	21953	21.1047692798251
A_MP	864	22047	T	690	0	21663	21.5251811845081
A_MP	865	22216	T	521	0	21762	22.458827313666
A_MP	866	16882	A	5854	0	16502	21.9159495818689
A_MP	867	22401	A	331	0	22178	23.0050951393273
A_MP	868	22322	A	404	0	22189	23.1716165667673
A_MP	869	21807	A	899	0	21239	20.3336786101041
A_MP	870	21702	G	1002	0	21369	22.8472553699284
A_MP	871	22263	A	434	0	21586	19.8575002316316
A_MP	872	21828	G	864	0	21547	19.0488235021117
A_MP	873	22496	G	177	0	22291	17.8040464761563
A_MP	874	21836	C	828	0	21520	17.4757434944238
A_MP	875	22446	C	201	0	22238	18.7101807716521
A_MP	876	22353	C	264	0	22178	20.4891784651456
A_MP	877	22203	T	408	0	22069	22.1120123249807
A_MP	878	22353	T	254	0	22136	24.1867997831587
A_MP	879	22440	C	125	0	22315	25.3391888863993
A_MP	880	21848	T	712	0	21603	24.4975234921076
A_MP	881	21916	A	642	0	21562	21.6708561357945
A_MP	882	21923	C	628	0	21740	20.0966881324747
A_MP	883	21801	G	746	0	21441	18.1843197612052
A_MP	884	22346	G	201	0	22244	17.5233321345082
A_MP	885	22288	A	255	0	22185	17.6536849222448
A_MP	886	22270	A	266	0	22180	19.0503155996393
A_MP	887	20869	G	1658	0	19960	16.0771543086172
A_MP	888	21761	G	761	0	18467	16.178263930254
A_MP	889	21951	A	569	0	21581	14.9758583939576
A_MP	890	22298	G	221	0	19937	15.6383608366354
A_MP	891	22310	T	195	0	21913	14.8820791311094
A_MP	892	22344	A	161	0	21756	15.9957712814856
A_MP	893	22241	C	264	0	21938	17.2480171392105
A_MP	894	22305	C	195	0	22029	20.4647056153253
A_MP	895	22166	T	334	0	21172	20.6955412809371
A_MP	896	22296	G	201	0	22072	21.7242660384197
A_MP	897	21960	A	535	0	21705	21.250264915918
A_MP	898	22349	G	146	0	22186	19.9611015956008
A_MP	899	22375	T	119	0	22203	19.8817727334144
A_MP	900	22389	C	103	0	22123	20.6124847443837
A_MP	901	22092	T	396	0	21780	22.9145546372819
A_MP	902	22080	A	406	0	21781	23.1522886919792
A_MP	903	22205	T	279	0	21982	24.0641888818124
A_MP	904	22048	G	436	0	21842	22.6492537313433
A_MP	905	21796	A	687	0	21379	21.1831236259881
A_MP	906	19649	G	2834	0	19518	20.0953991187622
A_MP	907	22119	G	362	0	22063	19.9646466935594
A_MP	908	22307	G	173	0	21845	18.0303044174868
A_MP	909	22252	A	226	0	22129	18.5615707894618
A_MP	910	22363	A	114	0	22240	21.2490107913669
A_MP	911	22367	G	108	0	22156	20.2386261057953
A_MP	912	22339	A	135	0	22187	24.0436291522062
A_MP	913	22400	A	70	0	22213	24.7113402061856
A_MP	914	22411	T	58	0	22276	24.3082689890465
A_MP	915	22383	A	79	0	22175	25.63702367531
A_MP	916	22329	T	127	0	22149	26.0145379023884
A_MP	917	22291	C	162	0	22056	24.6060482408415
A_MP	918	22007	G	434	0	21686	17.3512404316149
A_MP	919	21808	A	633	0	21637	17.3614179414891
A_MP	920	21960	A	474	0	21634	18.3696496255893
A_MP	921	22064	A	367	0	21807	23.1988810932269
A_MP	922	21883	G	541	0	21493	22.9211371144093
A_MP	923	22064	G	347	0	21815	23.0972266788907
A_MP	924	21959	A	446	0	21702	22.7153257764261
A_MP	925	22207	A	95	0	21917	23.1402564219556
A_MP	926	22162	C	129	0	22026	23.8495414510124
A_MP	927	22139	A	144	0	21839	23.2475845963643
A_MP	928	22084	G	171	0	21840	22.7979395604396
A_MP	929	22155	C	96	0	22014	23.0539202325793
A_MP	930	21879	A	370	0	21687	22.1074376354498
A_MP	931	21975	G	271	0	21850	22.3724942791762
A_MP	932	21949	A	295	0	21728	22.7181977172312
A_MP	933	22074	G	170	0	21917	23.1408951955103
A_MP	934	21963	T	273	0	21727	22.9277857044231
A_MP	935	22074	G	160	0	21924	23.7711184090494
A_MP	936	22060	C	166	0	21716	24.391416467121
A_MP	937	21860	T	363	0	21632	24.8520247781065
A_MP	938	21890	G	333	0	21727	24.4395912919409
A_MP	939	22096	T	121	0	21817	23.6637484530412
A_MP	940	21934	G	283	0	21793	24.0245491671638
A_MP	941	22150	G	61	0	22056	23.5025843307943
A_MP	942	22109	A	100	0	21989	24.6042111965073
A_MP	943	22121	T	81	0	22033	25.4279489856125
A_MP	944	22087	G	110	0	21827	24.7665735098731
A_MP	945	22001	C	186	0	21696	24.4214601769912
A_MP	946	21984	T	199	0	21529	23.0784523201263
A_MP	947	21975	G	207	0	21847	22.3896187119513
A_MP	948	21946	A	231	0	21727	22.8292907442353
A_MP	949	21962	C	209	0	21711	21.0951130763208
A_MP	950	22052	G	105	0	21776	19.5825220426157
A_MP	951	22072	A	83	0	21769	19.2757131701043
A_MP	952	21908	C	242	0	21632	19.9699056952663
A_MP	953	21894	A	251	0	21207	18.7521101523082
A_MP	954	21804	G	331	0	20962	19.2940559106955
A_MP	955	21964	T	168	0	21739	19.6251437508625
A_MP	956	21923	C	207	0	21736	20.5253956569746
A_MP	957	21922	A	204	0	21727	21.2367561099093
A_MP	958	21278	T	847	0	21068	24.5571957471046
A_MP	959	21999	T	123	0	21869	25.8856372033472
A_MP	960	22065	T	48	0	21976	27.2018565708045
A_MP	961	21979	T	112	0	21830	28.4149793861658
A_MP	962	21800	G	255	0	21602	28.400379594482
A_MP	963	21660	C	385	0	21396	27.2117685548701
A_MP	964	21852	C	174	0	21674	25.5044754083233
A_MP	965	21800	A	206	0	21563	23.5833140101099
A_MP	966	21770	G	196	0	19659	20.1053461518897
A_MP	967	21865	C	90	0	21546	19.0828924162258
A_MP	968	21685	A	252	0	21516	18.8645659044432
A_MP	969	21633	T	254	0	21444	18.9397034135423
A_MP	970	21466	A	350	0	21200	22.1072641509434
A_MP	971	19792	G	1974	0	19561	18.8958642196207
A_MP	972	21104	A	353	0	20867	16.9822686538554
A_MP	973	21256	A	158	0	20601	16.7416630260667
A_MP	974	21243	T	130	0	20441	18.0750941734749
A_MP	975	21322	T	19	0	21230	19.4370701837023
A_MP	976	20329	G	944	0	20172	19.6738052746381
A_MP	977	21074	G	1	0	21024	20.8484589041096
A_MP	978	18778	A	2146	0	18560	18.6291487068966
A_MP	979	20848	G	0	0	20816	16.6178420445811
A_MP	980	20737	T	0	0	20626	15.6884029865219
A_MP	981	20674	A	0	0	20674	16.6592338202573
A_MP	982	20577	A	0	0	20577	22.7733877630364
