Reference_Name	Position	Coverage Depth	Consensus	Deletions	Ambiguous	Consensus_Count	Consensus_Average_Quality
A_NA_N2	1	10317	A	0	0	10317	23.2679073374043
A_NA_N2	2	10461	T	0	0	10461	23.5027244049326
A_NA_N2	3	10569	G	0	0	10557	22.2567964383821
A_NA_N2	4	10603	A	0	0	10568	23.5124905374716
A_NA_N2	5	10674	A	0	0	10640	23.3371240601504
A_NA_N2	6	10641	T	53	0	10597	23.1831650467113
A_NA_N2	7	9843	C	859	0	9822	24.0762573813887
A_NA_N2	8	10780	C	38	0	10565	20.3050638902035
A_NA_N2	9	10715	A	119	0	10669	18.9451682444465
A_NA_N2	10	10832	A	27	0	10808	20.9025721687639
A_NA_N2	11	10841	A	18	0	10770	24.869173630455
A_NA_N2	12	10855	T	25	0	10798	25.9902759770328
A_NA_N2	13	10829	C	54	0	10790	25.3889712696942
A_NA_N2	14	10181	A	709	0	10097	21.2342279885114
A_NA_N2	15	10800	A	96	0	10760	21.1897769516729
A_NA_N2	16	10856	A	42	0	10802	24.5371227550454
A_NA_N2	17	10862	A	37	0	10798	27.632894980552
A_NA_N2	18	10854	G	45	0	10815	29.8484512251503
A_NA_N2	19	10707	A	192	0	10643	24.7887813586395
A_NA_N2	20	10718	T	181	0	10661	24.4680611574899
A_NA_N2	21	10708	A	194	0	10645	25.3788633161108
A_NA_N2	22	10881	A	22	0	10776	27.8992204899777
A_NA_N2	23	10875	T	28	0	10754	25.6795610935466
A_NA_N2	24	10850	A	53	0	10767	25.0205256803195
A_NA_N2	25	10862	A	41	0	10736	26.0353949329359
A_NA_N2	26	10843	C	61	0	10696	23.3087135377711
A_NA_N2	27	10819	G	85	0	10725	21.7707226107226
A_NA_N2	28	10806	A	98	0	10716	21.3571295259425
A_NA_N2	29	10870	T	34	0	10783	21.3534266901604
A_NA_N2	30	10882	T	23	0	10840	23.004704797048
A_NA_N2	31	10803	G	102	0	10493	23.0951110263986
A_NA_N2	32	10826	G	79	0	10648	21.8713373403456
A_NA_N2	33	10805	C	101	0	10686	21.3391353172375
A_NA_N2	34	10833	T	73	0	10745	21.8208469055375
A_NA_N2	35	10843	C	63	0	10768	23.5294390787519
A_NA_N2	36	10795	T	111	0	10720	23.003078358209
A_NA_N2	37	10855	G	51	0	10691	23.7062950144982
A_NA_N2	38	10812	T	94	0	10705	25.0896777206913
A_NA_N2	39	10864	T	42	0	10819	26.4154727793696
A_NA_N2	40	10753	T	153	0	10677	26.3200337173363
A_NA_N2	41	10686	C	221	0	10628	27.3738238614979
A_NA_N2	42	10829	T	78	0	10724	26.5109101081686
A_NA_N2	43	10695	C	212	0	10546	31.7191352171439
A_NA_N2	44	10806	T	101	0	10665	51.4631036099391
A_NA_N2	45	10688	C	219	0	10572	35.6087779038971
A_NA_N2	46	10757	A	150	0	10466	21.7394420026753
A_NA_N2	47	10813	C	94	0	10559	22.1500142058907
A_NA_N2	48	10798	A	124	0	10688	22.748502994012
A_NA_N2	49	10828	A	96	0	10709	23.2323279484546
A_NA_N2	50	10778	T	147	0	10660	24.7643527204503
A_NA_N2	51	10876	T	49	0	10794	27.7855289975913
A_NA_N2	52	10856	T	69	0	10766	27.0005573100502
A_NA_N2	53	10620	C	305	0	10471	28.6591538535001
A_NA_N2	54	10779	C	146	0	10561	24.4677587349683
A_NA_N2	55	10764	A	161	0	10635	22.8322519981194
A_NA_N2	56	10864	C	61	0	10680	23.026404494382
A_NA_N2	57	10843	A	82	0	10773	24.8182493270213
A_NA_N2	58	10855	A	70	0	10736	24.8410953800298
A_NA_N2	59	10867	T	58	0	10780	25.4358070500928
A_NA_N2	60	10886	A	40	0	10767	26.0787591715427
A_NA_N2	61	10860	T	66	0	10755	25.5629009762901
A_NA_N2	62	10827	G	99	0	10700	23.744953271028
A_NA_N2	63	10776	C	151	0	10686	22.3889200823507
A_NA_N2	64	10779	T	148	0	10716	22.4114408361329
A_NA_N2	65	10790	T	137	0	10681	23.1765752270387
A_NA_N2	66	10846	C	81	0	10757	25.0168262526727
A_NA_N2	67	10864	T	63	0	10800	25.1701851851852
A_NA_N2	68	10867	T	60	0	10775	25.646403712297
A_NA_N2	69	10846	C	81	0	10789	27.0803596255445
A_NA_N2	70	10813	A	114	0	10657	26.3744018016327
A_NA_N2	71	10834	T	93	0	10746	25.5325702587009
A_NA_N2	72	10808	G	119	0	10250	22.6676097560976
A_NA_N2	73	10808	C	119	0	10686	21.9389855886206
A_NA_N2	74	10192	A	735	0	10078	22.0302639412582
A_NA_N2	75	10839	A	92	0	10635	21.0367653972732
A_NA_N2	76	10880	A	51	0	10741	21.067032864724
A_NA_N2	77	10871	T	60	0	10090	21.4547076313181
A_NA_N2	78	10900	T	31	0	10852	22.188075930704
A_NA_N2	79	10875	G	56	0	10739	21.2431325076823
A_NA_N2	80	10785	C	147	0	10703	21.73185088293
A_NA_N2	81	10899	C	33	0	10760	23.4509293680297
A_NA_N2	82	10902	A	30	0	10843	23.0725813889145
A_NA_N2	83	10908	T	24	0	10855	24.1134960847536
A_NA_N2	84	10081	C	851	0	10003	25.5757272818155
A_NA_N2	85	10860	C	72	0	10724	20.8616187989556
A_NA_N2	86	10810	T	122	0	10545	18.3906116642959
A_NA_N2	87	10842	G	90	0	10668	20.1018935133108
A_NA_N2	88	10843	A	89	0	10756	22.7774265526218
A_NA_N2	89	10872	T	60	0	10770	23.2606313834726
A_NA_N2	90	10839	A	93	0	10767	24.055261447014
A_NA_N2	91	10839	A	93	0	10734	23.6950810508664
A_NA_N2	92	10834	C	98	0	10727	23.8785308101053
A_NA_N2	93	10859	T	73	0	10774	23.1459068126972
A_NA_N2	94	10895	A	37	0	10636	22.2248025573524
A_NA_N2	95	10876	C	56	0	10814	22.2271130016645
A_NA_N2	96	10832	T	100	0	10661	22.6845511678079
A_NA_N2	97	10851	G	81	0	10718	22.6661690613921
A_NA_N2	98	10870	T	62	0	10705	23.1911256422233
A_NA_N2	99	10833	A	99	0	10766	23.8002043470184
A_NA_N2	100	10867	A	65	0	10749	24.1179644618104
A_NA_N2	101	10870	C	62	0	10777	25.2224181126473
A_NA_N2	102	10850	A	82	0	10765	24.626474686484
A_NA_N2	103	10866	T	66	0	10723	24.1981721533153
A_NA_N2	104	10892	T	40	0	10838	24.8092821553792
A_NA_N2	105	10874	G	58	0	10777	23.2722464507748
A_NA_N2	106	10884	C	48	0	10807	25.122513185898
A_NA_N2	107	10873	A	60	0	10819	25.307976707644
A_NA_N2	108	10804	T	129	0	10712	25.1666355489171
A_NA_N2	109	10905	T	29	0	10838	26.7500461339731
A_NA_N2	110	10884	T	50	0	10742	26.6984732824427
A_NA_N2	111	10836	C	98	0	10761	26.9549298392343
A_NA_N2	112	10723	A	211	0	10601	24.9567021979059
A_NA_N2	113	10814	A	120	0	10697	23.9455922221183
A_NA_N2	114	10769	G	165	0	10575	21.793475177305
A_NA_N2	115	10887	C	47	0	10727	22.6671017059756
A_NA_N2	116	10817	A	117	0	10748	22.6904540379605
A_NA_N2	117	10813	A	121	0	10664	23.4695236309077
A_NA_N2	118	10811	T	123	0	10627	26.4194975063517
A_NA_N2	119	10866	A	68	0	10750	25.4195348837209
A_NA_N2	120	10825	T	109	0	10648	26.8048459804658
A_NA_N2	121	10773	G	161	0	10448	23.0339777947933
A_NA_N2	122	10599	A	335	0	10307	22.1586300572427
A_NA_N2	123	10813	A	121	0	10630	21.3398871119473
A_NA_N2	124	10822	T	112	0	10660	21.6051594746717
A_NA_N2	125	10877	T	57	0	10701	22.9864498644986
A_NA_N2	126	10817	C	118	0	10648	24.5702479338843
A_NA_N2	127	10768	A	167	0	10712	21.5657206870799
A_NA_N2	128	10791	A	144	0	10657	20.3499108567139
A_NA_N2	129	10727	C	208	0	10661	21.0992402213676
A_NA_N2	130	10739	T	196	0	10628	21.2337222431313
A_NA_N2	131	5790	C	5145	0	5691	21.898963275347
A_NA_N2	132	9328	C	1607	0	9237	21.7795821154054
A_NA_N2	133	10061	C	874	0	9965	22.2083291520321
A_NA_N2	134	10825	C	110	0	10763	22.6836383907832
A_NA_N2	135	10834	C	101	0	10704	23.8270739910314
A_NA_N2	136	10742	C	193	0	10556	22.9246873815839
A_NA_N2	137	10707	A	228	0	10650	22.6281690140845
A_NA_N2	138	10819	A	116	0	10790	22.3633920296571
A_NA_N2	139	10825	A	109	0	10749	22.4979067820262
A_NA_N2	140	10865	T	70	0	10736	27.5286885245902
A_NA_N2	141	10642	A	293	0	10565	28.1243729294841
A_NA_N2	142	10897	A	38	0	10743	25.0472866052313
A_NA_N2	143	10627	C	308	0	10246	24.6302947491704
A_NA_N2	144	10863	C	72	0	10685	23.3584464202153
A_NA_N2	145	10759	A	176	0	10659	23.0852800450324
A_NA_N2	146	10866	A	68	0	10805	22.5084683017122
A_NA_N2	147	10837	G	97	0	10786	22.3117930650844
A_NA_N2	148	10808	T	126	0	10720	23.7785447761194
A_NA_N2	149	10882	G	52	0	10814	24.9135380062881
A_NA_N2	150	10888	A	45	0	10815	24.8734165510865
A_NA_N2	151	10860	T	73	0	10821	28.2156917105628
A_NA_N2	152	10835	G	98	0	10713	26.6977503967143
A_NA_N2	153	10844	C	88	0	10769	25.8264462809917
A_NA_N2	154	10360	T	572	0	10233	26.5271181471709
A_NA_N2	155	10374	G	558	0	10238	26.9644461808947
A_NA_N2	156	10867	T	65	0	10755	27.6715946071595
A_NA_N2	157	10863	G	69	0	10696	31.0901271503366
A_NA_N2	158	10833	T	99	0	10666	54.2387961747609
A_NA_N2	159	10881	G	51	0	10752	28.4044828869048
A_NA_N2	160	10871	A	60	0	10742	23.2680134053249
A_NA_N2	161	10887	A	44	0	10731	24.5363898984251
A_NA_N2	162	10809	C	122	0	10710	25.205695611578
A_NA_N2	163	10890	C	41	0	10739	24.845236986684
A_NA_N2	164	10884	A	47	0	10858	25.3429729231903
A_NA_N2	165	10887	A	44	0	10756	24.2490702863518
A_NA_N2	166	10908	C	23	0	10855	24.4442192538001
A_NA_N2	167	10724	A	207	0	10687	25.1066716571536
A_NA_N2	168	10741	A	190	0	10654	25.6442650647644
A_NA_N2	169	10744	T	187	0	10598	26.3976221928666
A_NA_N2	170	10860	A	71	0	10787	26.850004635209
A_NA_N2	171	10857	A	73	0	10719	24.7067823490997
A_NA_N2	172	10847	T	83	0	10727	24.4615456325161
A_NA_N2	173	9875	A	1055	0	9794	22.0750459464979
A_NA_N2	174	10196	G	734	0	10096	20.1545166402536
A_NA_N2	175	10820	A	110	0	10734	19.9921743991056
A_NA_N2	176	10672	G	259	0	10551	34.4895270590465
A_NA_N2	177	10777	A	153	0	10628	53.2481181783967
A_NA_N2	178	10565	G	365	0	10437	28.9059116604388
A_NA_N2	179	10806	G	124	0	10723	20.482793994218
A_NA_N2	180	10735	A	195	0	10675	20.4647306791569
A_NA_N2	181	10861	A	69	0	10783	22.0614856718909
A_NA_N2	182	10879	C	51	0	10747	24.0133990881176
A_NA_N2	183	10842	A	88	0	10751	24.2809971165473
A_NA_N2	184	10848	T	82	0	10720	23.7824626865672
A_NA_N2	185	10841	A	89	0	10782	24.0069560378408
A_NA_N2	186	10860	A	70	0	10641	24.2926416690161
A_NA_N2	187	10850	C	78	0	10746	23.8479434208077
A_NA_N2	188	10754	A	173	0	10646	23.7335149351869
A_NA_N2	189	10818	G	109	0	10771	22.9785535233497
A_NA_N2	190	10882	A	44	0	10718	23.176338869192
A_NA_N2	191	10759	G	167	0	10613	43.4267407895977
A_NA_N2	192	10881	A	45	0	10792	40.0165863602669
A_NA_N2	193	10877	T	49	0	10759	22.9960033460359
A_NA_N2	194	10868	A	58	0	10507	21.5268868373465
A_NA_N2	195	10773	G	153	0	10560	21.3575757575758
A_NA_N2	196	10805	T	121	0	10705	21.5108827650631
A_NA_N2	197	10866	G	60	0	10761	22.1178329151566
A_NA_N2	198	10785	T	141	0	10654	23.9973718791064
A_NA_N2	199	10627	A	299	0	10427	23.394552603817
A_NA_N2	200	10745	T	181	0	10438	23.5085265376509
A_NA_N2	201	10867	T	60	0	10711	23.7066567080571
A_NA_N2	202	10891	T	35	0	10777	23.4474343509325
A_NA_N2	203	10823	G	101	0	10717	23.2870206214426
A_NA_N2	204	10799	A	122	0	10654	23.6211751454853
A_NA_N2	205	10658	C	263	0	10476	22.8353379152348
A_NA_N2	206	10796	C	123	0	10484	22.9218809614651
A_NA_N2	207	10774	A	145	0	10701	23.0890570974675
A_NA_N2	208	10818	A	101	0	10597	22.4896668868548
A_NA_N2	209	10746	C	172	0	10629	22.6160504280741
A_NA_N2	210	10765	A	153	0	10667	22.9689697196963
A_NA_N2	211	10719	C	199	0	10616	22.5061228334589
A_NA_N2	212	10845	C	72	0	10731	23.7188519243314
A_NA_N2	213	10803	A	114	0	10684	22.9036877573942
A_NA_N2	214	10786	C	129	0	10658	22.3565396884969
A_NA_N2	215	10779	C	134	0	10647	22.5368648445572
A_NA_N2	216	10721	A	192	0	10643	22.51977825801
A_NA_N2	217	10774	T	139	0	10688	22.3278443113772
A_NA_N2	218	9820	A	1093	0	9730	23.2483042137718
A_NA_N2	219	9740	G	1173	0	9603	22.0345725294179
A_NA_N2	220	10563	A	350	0	10493	22.4636424282855
A_NA_N2	221	10354	G	558	0	10272	26.0094431464174
A_NA_N2	222	10306	A	606	0	10210	26.0933398628795
A_NA_N2	223	10494	A	418	0	10350	20.4617391304348
A_NA_N2	224	10286	G	626	0	10097	20.401208279687
A_NA_N2	225	10753	G	159	0	10595	19.2481359131666
A_NA_N2	226	10783	A	129	0	10725	17.6698368298368
A_NA_N2	227	10842	A	70	0	10783	19.6124455160901
A_NA_N2	228	10828	A	84	0	10643	22.3638071972188
A_NA_N2	229	10828	T	83	0	10709	24.0497712204688
A_NA_N2	230	10867	A	44	0	10765	25.606502554575
A_NA_N2	231	10807	T	104	0	10728	26.8950410141685
A_NA_N2	232	10735	G	176	0	10387	22.9276018099548
A_NA_N2	233	10502	C	407	0	10378	22.6813451532087
A_NA_N2	234	10738	C	171	0	10510	22.1439581351094
A_NA_N2	235	10841	C	68	0	10499	21.7495951995428
A_NA_N2	236	10836	C	73	0	10360	24.1281853281853
A_NA_N2	237	10770	A	139	0	10696	23.1998878085266
A_NA_N2	238	10878	A	31	0	10807	23.6363468122513
A_NA_N2	239	10883	A	24	0	10729	24.3079504147637
A_NA_N2	240	10821	C	86	0	10711	24.5912613201382
A_NA_N2	241	10855	C	51	0	10725	24.1303496503497
A_NA_N2	242	10846	A	59	0	10742	23.1938186557438
A_NA_N2	243	10802	G	102	0	10544	21.7513277693475
A_NA_N2	244	10846	C	58	0	10728	22.0315063385533
A_NA_N2	245	10808	A	96	0	10708	20.9887934254763
A_NA_N2	246	10866	G	38	0	10824	20.335458240946
A_NA_N2	247	10835	A	69	0	10751	21.7519300530183
A_NA_N2	248	10846	A	57	0	10770	22.5444753946147
A_NA_N2	249	10850	T	53	0	10742	23.3539378141873
A_NA_N2	250	10775	A	128	0	10602	25.1721373325788
A_NA_N2	251	10752	C	151	0	10646	24.584069133947
A_NA_N2	252	10537	A	366	0	10405	21.0827486785199
A_NA_N2	253	10807	G	96	0	10744	19.8094750558451
A_NA_N2	254	10513	A	389	0	10376	19.6562259059368
A_NA_N2	255	10824	A	77	0	10692	20.706228956229
A_NA_N2	256	10820	A	81	0	10635	22.6971321109544
A_NA_N2	257	10786	T	115	0	10478	21.891391486925
A_NA_N2	258	10855	T	46	0	10785	23.6407046824293
A_NA_N2	259	10783	G	118	0	10640	22.881484962406
A_NA_N2	260	10848	G	53	0	10645	22.1795209018318
A_NA_N2	261	10867	T	34	0	10740	23.5864059590317
A_NA_N2	262	10841	C	59	0	10727	24.5861843945185
A_NA_N2	263	10466	A	433	0	10362	25.8267708936499
A_NA_N2	264	10873	A	25	0	10835	26.6544531610521
A_NA_N2	265	10876	A	20	0	10821	28.4529156270215
A_NA_N2	266	10849	A	47	0	10704	30.4214312406577
A_NA_N2	267	10691	C	203	0	10629	25.6260231442281
A_NA_N2	268	10824	C	69	0	10689	23.3494246421555
A_NA_N2	269	10787	G	105	0	10425	20.2188009592326
A_NA_N2	270	10822	C	68	0	10684	20.2573942343692
A_NA_N2	271	10785	A	105	0	10697	20.443582312798
A_NA_N2	272	10780	A	110	0	10626	20.7162619988707
A_NA_N2	273	10707	T	183	0	10609	23.646338014893
A_NA_N2	274	10724	G	166	0	10614	23.9784247220652
A_NA_N2	275	10804	T	85	0	10705	22.9778608127043
A_NA_N2	276	10768	G	121	0	10636	22.5514291086875
A_NA_N2	277	10826	G	63	0	10751	21.192261185006
A_NA_N2	278	10821	C	67	0	10729	22.1399944076801
A_NA_N2	279	10793	A	94	0	10691	21.9146010663175
A_NA_N2	280	10790	T	97	0	10603	22.8583419786853
A_NA_N2	281	10827	T	60	0	10745	24.5295486272685
A_NA_N2	282	10682	A	205	0	10489	23.6413385451425
A_NA_N2	283	10691	C	196	0	10609	23.7844283155811
A_NA_N2	284	10794	A	93	0	10519	22.0804258959977
A_NA_N2	285	10734	G	153	0	10608	20.628487933635
A_NA_N2	286	10739	G	147	0	10520	19.2116920152091
A_NA_N2	287	10600	A	286	0	10296	19.4264763014763
A_NA_N2	288	10621	T	265	0	10461	19.9824108593825
A_NA_N2	289	10798	T	88	0	10741	20.0769946932315
A_NA_N2	290	10748	T	137	0	10680	20.8904494382022
A_NA_N2	291	10402	G	481	0	10281	22.6292189475732
A_NA_N2	292	10297	C	585	0	10158	23.1448119708604
A_NA_N2	293	10560	A	322	0	10464	21.5939411314985
A_NA_N2	294	10675	C	207	0	10482	20.6937607326846
A_NA_N2	295	10714	C	167	0	10577	20.3558665027891
A_NA_N2	296	10570	T	311	0	10439	21.2995497653032
A_NA_N2	297	10749	T	132	0	10679	22.8939039235884
A_NA_N2	298	10312	T	568	0	10201	28.1646897363004
A_NA_N2	299	10206	C	674	0	10135	28.8018746916626
A_NA_N2	300	10727	T	152	0	10688	26.5802769461078
A_NA_N2	301	10630	C	249	0	10561	29.674936085598
A_NA_N2	302	10596	T	282	0	10366	25.1913949450125
A_NA_N2	303	10428	A	450	0	10081	20.0046622358893
A_NA_N2	304	10770	A	108	0	10456	19.1973029839327
A_NA_N2	305	10647	G	231	0	10471	17.8186419635183
A_NA_N2	306	10847	G	31	0	10740	18.6772811918063
A_NA_N2	307	10843	A	35	0	10760	19.2293680297398
A_NA_N2	308	10837	C	41	0	10754	20.2217779430909
A_NA_N2	309	10744	A	133	0	10660	21.8612570356473
A_NA_N2	310	10810	A	66	0	10678	24.0432665293126
A_NA_N2	311	10772	T	103	0	10574	24.795914507282
A_NA_N2	312	10808	T	67	0	10537	26.7891240391003
A_NA_N2	313	10692	C	183	0	10393	25.2720100067353
A_NA_N2	314	10813	G	62	0	10647	22.6043956043956
A_NA_N2	315	10799	A	76	0	10642	22.2930840067656
A_NA_N2	316	10811	T	64	0	10738	22.5290556900726
A_NA_N2	317	10841	T	32	0	10749	23.5564238533817
A_NA_N2	318	10735	A	138	0	10442	23.1206665389772
A_NA_N2	319	10734	G	139	0	10442	21.2683393985826
A_NA_N2	320	10820	G	53	0	10625	20.5531294117647
A_NA_N2	321	10806	C	67	0	10701	20.5452761424166
A_NA_N2	322	10679	T	194	0	10597	21.3957723884118
A_NA_N2	323	10738	T	134	0	10690	23.5880261927035
A_NA_N2	324	10727	T	145	0	10625	27.1060705882353
A_NA_N2	325	10632	C	239	0	10569	28.6343078815404
A_NA_N2	326	10768	C	103	0	10630	22.4248353715898
A_NA_N2	327	10669	G	202	0	10399	20.220598134436
A_NA_N2	328	10816	C	55	0	10551	20.9482513505829
A_NA_N2	329	10795	T	76	0	10662	21.5787844682048
A_NA_N2	330	10768	G	103	0	10658	22.9823606680428
A_NA_N2	331	10812	G	59	0	10699	22.468454995794
A_NA_N2	332	10820	T	51	0	10682	22.6418273731511
A_NA_N2	333	10641	G	230	0	10502	24.0621786326414
A_NA_N2	334	10812	G	56	0	10625	23.4280470588235
A_NA_N2	335	10829	G	39	0	10745	22.5593299208934
A_NA_N2	336	10835	G	33	0	10749	23.4145501907154
A_NA_N2	337	10803	A	65	0	10726	23.5372925601343
A_NA_N2	338	10834	C	32	0	10756	23.3611937523243
A_NA_N2	339	10842	A	24	0	10764	23.7455406911929
A_NA_N2	340	10831	T	32	0	10782	24.3266555370061
A_NA_N2	341	10822	C	41	0	10671	24.9452722331553
A_NA_N2	342	10782	T	80	0	10613	23.0887590690662
A_NA_N2	343	10549	G	313	0	10171	22.3620096352374
A_NA_N2	344	10715	G	147	0	10391	21.9519776729862
A_NA_N2	345	10777	G	85	0	10550	20.2779146919431
A_NA_N2	346	10758	T	104	0	10540	19.8567362428842
A_NA_N2	347	10734	G	127	0	10584	20.7888321995465
A_NA_N2	348	10747	A	114	0	10623	22.5439141485456
A_NA_N2	349	10783	C	78	0	10593	23.1185688662324
A_NA_N2	350	10583	A	276	0	10470	22.4421203438395
A_NA_N2	351	10743	A	116	0	10662	20.1181767023073
A_NA_N2	352	10604	G	253	0	10489	16.4125274096673
A_NA_N2	353	10754	A	102	0	10608	21.4861425339367
A_NA_N2	354	10796	G	58	0	10685	34.3374824520356
A_NA_N2	355	10758	A	96	0	10609	24.7705721557168
A_NA_N2	356	10788	A	66	0	10588	21.3572912731394
A_NA_N2	357	10707	C	146	0	10598	21.5117003208152
A_NA_N2	358	10766	C	87	0	10643	21.0692473926524
A_NA_N2	359	10619	T	232	0	10362	21.8132599884192
A_NA_N2	360	10697	T	154	0	10559	23.3503172648925
A_NA_N2	361	10688	A	162	0	10480	22.8761450381679
A_NA_N2	362	10644	T	205	0	10508	23.3216596878569
A_NA_N2	363	10621	G	227	0	10466	24.0244601566979
A_NA_N2	364	10804	T	44	0	10694	24.1291378342996
A_NA_N2	365	10786	G	62	0	10657	26.4179412592662
A_NA_N2	366	10774	T	73	0	10657	29.4212254855963
A_NA_N2	367	10751	C	96	0	10672	25.4304722638681
A_NA_N2	368	10740	A	107	0	10530	24.2218423551757
A_NA_N2	369	10765	T	82	0	10665	24.3434599156118
A_NA_N2	370	10609	G	236	0	10275	23.6345498783455
A_NA_N2	371	10613	C	232	0	10430	21.6208053691275
A_NA_N2	372	10802	G	43	0	10674	20.5730747611017
A_NA_N2	373	10784	A	61	0	10636	20.5568822865739
A_NA_N2	374	10791	T	53	0	10721	21.9822777725958
A_NA_N2	375	10770	C	74	0	10694	23.1362446231532
A_NA_N2	376	10699	T	144	0	10562	24.371047150161
A_NA_N2	377	10799	T	43	0	10685	25.0577445016378
A_NA_N2	378	10794	G	48	0	10733	24.4798285661045
A_NA_N2	379	10808	A	32	0	10699	24.852042246939
A_NA_N2	380	10796	C	43	0	10692	24.27936775159
A_NA_N2	381	10715	A	124	0	10611	23.5504664970314
A_NA_N2	382	10791	A	48	0	10692	23.1472128694351
A_NA_N2	383	10761	G	77	0	10691	21.2824805911514
A_NA_N2	384	10743	T	94	0	10655	22.8969497888315
A_NA_N2	385	10783	G	54	0	10650	23.2401877934272
A_NA_N2	386	10768	T	69	0	10597	23.2370482211947
A_NA_N2	387	10810	T	26	0	10719	24.4365146002426
A_NA_N2	388	10808	A	28	0	10706	23.9117317392117
A_NA_N2	389	10812	T	24	0	10755	25.2000929800093
A_NA_N2	390	10793	C	41	0	10726	25.9599104978557
A_NA_N2	391	10468	A	366	0	10147	19.6277717551986
A_NA_N2	392	10789	G	45	0	10686	18.8444693992139
A_NA_N2	393	10620	T	214	0	10128	20.4335505529226
A_NA_N2	394	10807	T	27	0	10735	20.5556590591523
A_NA_N2	395	10764	T	70	0	10694	21.7878249485693
A_NA_N2	396	10716	G	117	0	10599	22.1534106991226
A_NA_N2	397	10570	C	263	0	10379	24.363715194142
A_NA_N2	398	10758	C	75	0	10507	22.4519843913581
A_NA_N2	399	10737	C	96	0	10570	21.2384105960265
A_NA_N2	400	10683	T	150	0	10383	21.7664451507272
A_NA_N2	401	10721	T	111	0	10587	22.7369415320676
A_NA_N2	402	10451	G	380	0	10242	24.4896504588947
A_NA_N2	403	10802	G	27	0	10754	23.7953319694997
A_NA_N2	404	10793	A	35	0	10713	23.9688229254177
A_NA_N2	405	10791	C	37	0	10674	24.0118043844857
A_NA_N2	406	10407	A	420	0	9540	17.033857442348
A_NA_N2	407	10339	G	487	0	10167	15.6302744172322
A_NA_N2	408	10609	G	217	0	10321	15.6235829861448
A_NA_N2	409	10716	G	107	0	10641	19.1273376562353
A_NA_N2	410	10556	A	267	0	10481	20.5216105333461
A_NA_N2	411	10661	A	162	0	10538	21.6617954070981
A_NA_N2	412	10688	C	135	0	10552	21.5985595147839
A_NA_N2	413	10749	A	72	0	10687	21.9449798820997
A_NA_N2	414	10764	A	57	0	10545	22.5522048364154
A_NA_N2	415	10775	C	46	0	10668	22.9940007499063
A_NA_N2	416	10771	A	50	0	10635	22.5260930888575
A_NA_N2	417	10724	C	97	0	10601	22.1447033298745
A_NA_N2	418	10747	T	74	0	10576	22.9895990922844
A_NA_N2	419	10735	A	86	0	10619	24.5711460589509
A_NA_N2	420	10785	A	36	0	10721	25.2588377949818
A_NA_N2	421	10789	A	32	0	10521	25.6131546430948
A_NA_N2	422	10791	C	30	0	10708	25.3418005229735
A_NA_N2	423	10786	A	33	0	10726	24.2937721424576
A_NA_N2	424	10770	A	49	0	10565	23.1924278277331
A_NA_N2	425	10727	C	92	0	10665	23.2447257383966
A_NA_N2	426	10549	G	270	0	10416	22.3909370199693
A_NA_N2	427	10556	T	263	0	10491	21.9108759889429
A_NA_N2	428	10706	G	113	0	10619	22.8948111874941
A_NA_N2	429	10715	C	104	0	10631	23.714326027655
A_NA_N2	430	10764	A	55	0	10685	25.511277491811
A_NA_N2	431	10764	T	55	0	10677	25.7735318909806
A_NA_N2	432	10764	T	55	0	10573	26.7583467322425
A_NA_N2	433	10715	C	104	0	10475	24.2542243436754
A_NA_N2	434	10744	G	74	0	10502	19.7399542944201
A_NA_N2	435	10728	A	89	0	10532	19.2203759969616
A_NA_N2	436	10757	A	59	0	10631	19.7929639732857
A_NA_N2	437	10761	T	55	0	10616	21.2449133383572
A_NA_N2	438	10679	A	136	0	10622	23.6022406326492
A_NA_N2	439	10637	A	178	0	10488	24.9310640732265
A_NA_N2	440	10637	C	177	0	10532	23.4094189137866
A_NA_N2	441	10760	A	54	0	10631	22.0498541999812
A_NA_N2	442	10758	C	55	0	10646	30.8488634228818
A_NA_N2	443	10755	A	58	0	10546	26.4589417788735
A_NA_N2	444	10751	G	62	0	10619	21.7790752424899
A_NA_N2	445	10741	T	72	0	10660	21.653564727955
A_NA_N2	446	10714	A	99	0	10527	21.7926284791489
A_NA_N2	447	10672	C	141	0	10558	21.8090547452169
A_NA_N2	448	10667	G	146	0	10466	20.6065354481177
A_NA_N2	449	10655	T	157	0	10551	20.6447730072979
A_NA_N2	450	10735	G	77	0	10667	21.3235211399644
A_NA_N2	451	10724	A	88	0	10632	22.4116817155756
A_NA_N2	452	10759	T	53	0	10688	25.0714820359281
A_NA_N2	453	10662	A	150	0	10277	22.2068697090591
A_NA_N2	454	10678	G	134	0	10601	20.1772474294878
A_NA_N2	455	10751	G	60	0	10671	19.8299128479055
A_NA_N2	456	10728	A	83	0	10655	20.2263725950258
A_NA_N2	457	9459	C	1352	0	9332	22.2967209601372
A_NA_N2	458	10574	C	234	0	10494	22.490661330284
A_NA_N2	459	10536	C	271	0	10431	21.8314639056658
A_NA_N2	460	10485	C	321	0	10319	21.4162225021804
A_NA_N2	461	10250	T	556	0	9947	20.8530210113602
A_NA_N2	462	10535	T	271	0	10384	21.0736710323575
A_NA_N2	463	10572	A	233	0	10331	21.6042009486013
A_NA_N2	464	10399	C	406	0	10014	21.544837227881
A_NA_N2	465	10725	C	78	0	10421	19.8179637270895
A_NA_N2	466	10637	G	166	0	10452	18.4216417910448
A_NA_N2	467	10773	G	30	0	10698	18.8806318938119
A_NA_N2	468	10759	A	44	0	10635	19.9027738598966
A_NA_N2	469	10699	C	102	0	10586	21.6937464575855
A_NA_N2	470	10689	T	112	0	10623	22.7990209921868
A_NA_N2	471	10725	C	72	0	10678	22.7684023225323
A_NA_N2	472	10633	T	164	0	10569	22.3251017125556
A_NA_N2	473	10691	A	104	0	10586	22.4696769317967
A_NA_N2	474	10713	T	80	0	10572	23.3968028755202
A_NA_N2	475	10761	T	32	0	10710	24.8638655462185
A_NA_N2	476	10743	G	50	0	10665	23.9295827473043
A_NA_N2	477	10738	A	55	0	10638	24.3082346305697
A_NA_N2	478	10747	T	46	0	10675	25.0139578454333
A_NA_N2	479	10748	G	42	0	10678	24.1046076044203
A_NA_N2	480	10737	A	53	0	10649	24.0616020283595
A_NA_N2	481	10769	A	20	0	10714	24.7144857196192
A_NA_N2	482	10749	T	39	0	10665	25.0180965775902
A_NA_N2	483	10691	G	97	0	10508	23.5939284354777
A_NA_N2	484	10670	A	118	0	10476	23.2972508591065
A_NA_N2	485	10708	G	80	0	10641	22.126867775585
A_NA_N2	486	10682	T	106	0	10526	22.1407942238267
A_NA_N2	487	10689	T	98	0	10624	22.2961219879518
A_NA_N2	488	10440	G	347	0	9972	20.8832731648616
A_NA_N2	489	10635	G	152	0	10405	20.5726093224411
A_NA_N2	490	10719	G	67	0	10508	19.073277502855
A_NA_N2	491	10727	T	59	0	10594	19.1987917689258
A_NA_N2	492	10728	G	58	0	10630	21.7983066792098
A_NA_N2	493	10690	T	96	0	10601	23.5283463824168
A_NA_N2	494	10711	T	74	0	10623	25.8946625247105
A_NA_N2	495	10518	C	266	0	10442	24.8216816701781
A_NA_N2	496	10570	C	214	0	10382	21.5156039298786
A_NA_N2	497	10504	T	279	0	10379	19.5533288370749
A_NA_N2	498	10699	T	84	0	10595	21.4407739499764
A_NA_N2	499	10667	T	116	0	10555	25.8319279962103
A_NA_N2	500	9906	C	876	0	9513	27.1853253442657
A_NA_N2	501	10697	C	85	0	10576	24.0613653555219
A_NA_N2	502	10678	A	104	0	10550	21.5168720379147
A_NA_N2	503	10490	T	292	0	10311	22.5347686936282
A_NA_N2	504	10715	T	65	0	10622	24.7652042929768
A_NA_N2	505	10696	T	83	0	10556	23.554660856385
A_NA_N2	506	10398	G	380	0	10104	20.6651821060966
A_NA_N2	507	10720	G	58	0	10496	19.5665967987805
A_NA_N2	508	10744	G	34	0	10671	18.90656920626
A_NA_N2	509	10737	G	40	0	10685	21.859897051942
A_NA_N2	510	10712	A	63	0	10650	22.7654460093897
A_NA_N2	511	10517	C	258	0	10408	23.1630476556495
A_NA_N2	512	10651	C	122	0	10385	22.826673086182
A_NA_N2	513	10601	A	170	0	10518	23.1615326107625
A_NA_N2	514	10614	A	156	0	10516	23.5780715100799
A_NA_N2	515	10574	G	195	0	10377	23.2817770068421
A_NA_N2	516	10679	C	88	0	10617	23.7092398982763
A_NA_N2	517	10614	A	153	0	10493	23.5383589059373
A_NA_N2	518	10678	A	89	0	10577	22.0991774605276
A_NA_N2	519	10523	G	244	0	10398	21.8077514906713
A_NA_N2	520	10524	T	243	0	10372	22.117142306209
A_NA_N2	521	10684	G	83	0	10566	22.8433655120197
A_NA_N2	522	10662	T	104	0	10554	25.7342239909039
A_NA_N2	523	10541	G	224	0	10351	27.7130712008502
A_NA_N2	524	10555	C	209	0	10407	22.6669549341789
A_NA_N2	525	10554	A	210	0	10420	21.9144913627639
A_NA_N2	526	10599	T	164	0	10416	21.372311827957
A_NA_N2	527	10546	A	217	0	10365	21.7417269657501
A_NA_N2	528	10617	G	146	0	10417	20.9638091581069
A_NA_N2	529	10632	C	130	0	10473	21.665520863172
A_NA_N2	530	10670	A	91	0	10572	22.2394059780552
A_NA_N2	531	10700	T	61	0	10612	22.6894082171127
A_NA_N2	532	10653	G	108	0	10555	24.386451918522
A_NA_N2	533	10722	G	38	0	10608	23.1816553544495
A_NA_N2	534	10721	T	39	0	10616	23.6096458176338
A_NA_N2	535	9700	C	1060	0	9578	24.4342242639382
A_NA_N2	536	10712	C	48	0	10455	20.3004304160689
A_NA_N2	537	10685	A	74	0	10492	17.8846740373618
A_NA_N2	538	10717	G	42	0	10508	18.8432622763609
A_NA_N2	539	10718	T	40	0	10616	22.2048794272796
A_NA_N2	540	10721	T	36	0	10615	23.1436646255299
A_NA_N2	541	10690	C	66	0	10575	24.1444917257683
A_NA_N2	542	10506	A	249	0	10360	24.2198841698842
A_NA_N2	543	10639	A	116	0	10400	22.1913461538462
A_NA_N2	544	10679	G	75	0	10552	21.3782221379833
A_NA_N2	545	10662	T	90	0	10499	21.8436041527765
A_NA_N2	546	10673	T	77	0	10608	22.6516779788839
A_NA_N2	547	10678	G	71	0	10345	22.1220879652006
A_NA_N2	548	10692	T	57	0	10577	23.4176042356056
A_NA_N2	549	10445	C	304	0	10338	23.4004643064423
A_NA_N2	550	10420	A	327	0	10277	21.6706237228763
A_NA_N2	551	10666	C	79	0	10433	21.8497076583916
A_NA_N2	552	10656	G	89	0	10564	20.8811056418023
A_NA_N2	553	10699	A	46	0	10566	21.2301722506152
A_NA_N2	554	10723	T	22	0	10672	22.0730884557721
A_NA_N2	555	10656	G	89	0	10613	23.6190521059078
A_NA_N2	556	10534	G	211	0	10462	23.8253679984707
A_NA_N2	557	10210	A	535	0	10129	23.7903050646658
A_NA_N2	558	10508	A	237	0	10466	25.5337282629467
A_NA_N2	559	10659	A	85	0	10607	27.5857452625625
A_NA_N2	560	10660	A	83	0	10575	28.600756501182
A_NA_N2	561	10612	G	129	0	10487	26.6150472012968
A_NA_N2	562	10682	C	58	0	10611	23.0537178399774
A_NA_N2	563	10672	A	68	0	10574	23.0137128806507
A_NA_N2	564	10649	T	91	0	10531	23.3575159054221
A_NA_N2	565	10618	G	117	0	10525	24.8941567695962
A_NA_N2	566	10645	G	88	0	10564	24.0343619840969
A_NA_N2	567	10663	C	70	0	10564	23.9917644831503
A_NA_N2	568	10649	T	84	0	10502	24.1520662730908
A_NA_N2	569	10657	G	76	0	10548	24.5877891543421
A_NA_N2	570	10661	C	71	0	10554	24.7082622702293
A_NA_N2	571	10629	A	102	0	10578	25.1367933446776
A_NA_N2	572	10673	T	58	0	10555	25.3346281383231
A_NA_N2	573	10686	G	45	0	10634	25.9475268008275
A_NA_N2	574	10636	T	92	0	10539	27.7276781478319
A_NA_N2	575	10699	T	28	0	10645	28.7442930953499
A_NA_N2	576	10650	T	76	0	10598	28.201924891489
A_NA_N2	577	10598	G	127	0	10507	27.8387741505663
A_NA_N2	578	10634	T	91	0	10501	26.7072659746691
A_NA_N2	579	10653	A	71	0	10540	26.022770398482
A_NA_N2	580	10692	T	30	0	10582	26.1652806652807
A_NA_N2	581	10653	A	66	0	10576	26.9891263237519
A_NA_N2	582	10661	A	58	0	10492	26.066526877621
A_NA_N2	583	10612	C	107	0	10523	22.7388577401882
A_NA_N2	584	9524	G	1194	0	8368	16.4230401529637
A_NA_N2	585	10608	G	110	0	10479	15.12291249165
A_NA_N2	586	10691	G	27	0	10473	14.9474840064929
A_NA_N2	587	10673	G	43	0	10580	19.3101134215501
A_NA_N2	588	10612	G	103	0	10553	21.5016582962191
A_NA_N2	589	10599	A	116	0	10544	22.2810128983308
A_NA_N2	590	10633	T	83	0	10556	23.4886320575976
A_NA_N2	591	10659	G	57	0	10549	23.5803393686605
A_NA_N2	592	10657	A	59	0	10551	24.4590086247749
A_NA_N2	593	10665	T	51	0	10566	24.8081582434223
A_NA_N2	594	9906	A	809	0	9826	25.7378383879503
A_NA_N2	595	10456	A	256	0	10386	27.6158290005777
A_NA_N2	596	10656	A	55	0	10598	28.3634648046801
A_NA_N2	597	10656	A	54	0	10596	33.2557568893922
A_NA_N2	598	10623	A	85	0	10516	29.0770254849753
A_NA_N2	599	10599	T	109	0	10517	27.8452030046591
A_NA_N2	600	10626	G	82	0	10446	25.2814474439977
A_NA_N2	601	10643	C	65	0	10506	24.1105082809823
A_NA_N2	602	10636	A	72	0	10566	24.0099375354912
A_NA_N2	603	10663	A	45	0	10333	22.3586567308623
A_NA_N2	604	10648	C	58	0	10581	22.367262073528
A_NA_N2	605	10641	T	65	0	10543	22.3149008821019
A_NA_N2	606	10626	G	80	0	10433	21.5840122687626
A_NA_N2	607	10595	C	111	0	10469	22.4771229343777
A_NA_N2	608	10541	T	165	0	10344	21.9337780355762
A_NA_N2	609	10553	A	153	0	10266	20.3759010325346
A_NA_N2	610	10588	G	118	0	10315	19.4881240911294
A_NA_N2	611	10629	C	77	0	10543	19.4201840083468
A_NA_N2	612	10591	T	113	0	10503	20.8918404265448
A_NA_N2	613	10630	T	73	0	10514	22.7850485067529
A_NA_N2	614	10631	C	72	0	10536	25.6895406226272
A_NA_N2	615	10626	A	76	0	10523	24.9854604200323
A_NA_N2	616	10533	T	168	0	10433	25.5193137160932
A_NA_N2	617	10665	T	36	0	10593	26.6427829698858
A_NA_N2	618	10663	T	37	0	10596	26.0576632691582
A_NA_N2	619	10562	A	138	0	10408	26.0120099923136
A_NA_N2	620	10582	C	116	0	10485	24.4792560801144
A_NA_N2	621	10610	A	88	0	10550	23.9886255924171
A_NA_N2	622	10648	A	49	0	10511	24.0610788697555
A_NA_N2	623	10641	T	53	0	10584	24.6839569160998
A_NA_N2	624	10375	G	314	0	10264	24.448460639127
A_NA_N2	625	10621	G	67	0	10549	23.0527064176699
A_NA_N2	626	10573	G	114	0	10517	22.0812018636493
A_NA_N2	627	10562	A	125	0	10505	23.0875773441218
A_NA_N2	628	10585	G	101	0	10296	21.5628399378399
A_NA_N2	629	10655	G	31	0	10582	20.4715554715555
A_NA_N2	630	10637	C	48	0	10420	19.6098848368522
A_NA_N2	631	10539	T	146	0	10450	20.8488995215311
A_NA_N2	632	10590	T	94	0	10520	23.980608365019
A_NA_N2	633	10592	G	92	0	10463	24.7881104845647
A_NA_N2	634	10626	T	57	0	10463	25.8768995507981
A_NA_N2	635	10563	A	119	0	10382	24.1046041225197
A_NA_N2	636	10640	G	40	0	10511	21.7534963371706
A_NA_N2	637	10631	A	48	0	10527	21.7639403438776
A_NA_N2	638	10644	T	35	0	10543	22.8342976382434
A_NA_N2	639	10638	A	41	0	10386	21.9492586173695
A_NA_N2	640	10582	G	97	0	10385	22.4553683196919
A_NA_N2	641	10637	T	42	0	10536	22.7661351556568
A_NA_N2	642	10623	G	56	0	10456	23.2811782708493
A_NA_N2	643	10610	T	69	0	10457	23.9801090178828
A_NA_N2	644	10532	C	147	0	10346	23.4897544944906
A_NA_N2	645	10592	G	84	0	10338	20.795801895918
A_NA_N2	646	10437	T	235	0	10280	20.7536964980545
A_NA_N2	647	10636	T	36	0	10547	21.4625011851711
A_NA_N2	648	10625	T	47	0	10504	22.1571782178218
A_NA_N2	649	10587	C	84	0	10513	27.2261961381147
A_NA_N2	650	10590	A	81	0	10382	25.4824696590252
A_NA_N2	651	10621	T	49	0	10490	24.6034318398475
A_NA_N2	652	10590	G	80	0	10487	24.0732335272242
A_NA_N2	653	10638	G	32	0	10503	22.3389507759688
A_NA_N2	654	10641	T	29	0	10550	22.7388625592417
A_NA_N2	655	10146	C	524	0	10031	23.23178147742
A_NA_N2	656	10579	C	89	0	10459	21.2369251362463
A_NA_N2	657	10586	A	82	0	10541	20.2407741201025
A_NA_N2	658	10612	A	56	0	10379	20.5329029771654
A_NA_N2	659	10616	C	51	0	10480	22.4520992366412
A_NA_N2	660	10521	G	143	0	10348	21.3825860069579
A_NA_N2	661	10544	A	120	0	10286	21.3296713980167
A_NA_N2	662	10591	T	71	0	10522	21.7741874168409
A_NA_N2	663	10623	A	38	0	10462	22.7075129038425
A_NA_N2	664	10581	T	78	0	10492	24.6302897445673
A_NA_N2	665	10490	T	114	0	10380	26.023506743738
A_NA_N2	666	10490	C	113	0	10403	25.8289916370278
A_NA_N2	667	10531	T	72	0	10442	25.5508523271404
A_NA_N2	668	10441	C	160	0	10372	24.5950636328577
A_NA_N2	669	10458	A	143	0	10071	18.1838943501142
A_NA_N2	670	10432	G	169	0	10329	16.8157614483493
A_NA_N2	671	10571	G	30	0	10499	18.4307076864463
A_NA_N2	672	10548	A	53	0	10458	19.6560527825588
A_NA_N2	673	9799	C	801	0	9675	22.3581395348837
A_NA_N2	674	10080	C	519	0	9920	21.2297379032258
A_NA_N2	675	10438	C	159	0	10184	20.3029261586803
A_NA_N2	676	10383	A	214	0	10167	19.9474771318973
A_NA_N2	677	10284	G	313	0	10147	20.9232285404553
A_NA_N2	678	10505	G	91	0	10421	20.3703099510604
A_NA_N2	679	10487	A	109	0	10406	20.9931770132616
A_NA_N2	680	10561	A	34	0	10475	24.0615751789976
A_NA_N2	681	10553	T	42	0	10484	23.4398130484548
A_NA_N2	682	10541	C	54	0	10456	24.7201606732976
A_NA_N2	683	10454	A	141	0	10275	20.8107055961071
A_NA_N2	684	10442	G	153	0	10279	19.0604144372021
A_NA_N2	685	10502	A	93	0	10388	20.0703696572969
A_NA_N2	686	10542	A	53	0	10342	21.4265132469542
A_NA_N2	687	10526	T	69	0	10439	21.0951240540282
A_NA_N2	688	10448	G	146	0	10130	21.5117472852912
A_NA_N2	689	10441	C	153	0	10255	20.657337883959
A_NA_N2	690	10478	G	116	0	10365	19.9755909310178
A_NA_N2	691	10390	T	203	0	10267	20.1277880588293
A_NA_N2	692	10542	T	51	0	10482	22.2987025376836
A_NA_N2	693	10429	T	164	0	10358	23.700135161228
A_NA_N2	694	10368	G	224	0	10224	25.1142410015649
A_NA_N2	695	10554	T	38	0	10431	24.140734349535
A_NA_N2	696	10548	A	44	0	10494	23.9962835906232
A_NA_N2	697	10557	T	35	0	10478	24.7782973849971
A_NA_N2	698	10527	C	65	0	10473	26.3320920462141
A_NA_N2	699	10521	A	71	0	10466	24.7566405503535
A_NA_N2	700	10562	A	30	0	10442	23.8902509097874
A_NA_N2	701	10560	T	31	0	10489	25.3810658785394
A_NA_N2	702	10461	G	130	0	10390	25.2777670837344
A_NA_N2	703	10572	G	19	0	10506	23.1929373691224
A_NA_N2	704	10543	A	48	0	10482	23.2590154550658
A_NA_N2	705	10559	A	32	0	10492	24.3486465878765
A_NA_N2	706	10541	C	49	0	10491	23.2345820226861
A_NA_N2	707	10304	T	286	0	10143	24.5225278517204
A_NA_N2	708	10459	T	131	0	10333	24.8345107906707
A_NA_N2	709	10480	G	110	0	10292	24.4562767197824
A_NA_N2	710	10396	T	193	0	10166	24.8139878024789
A_NA_N2	711	10390	A	199	0	10093	25.2314475378976
A_NA_N2	712	10481	C	108	0	10383	24.0445921217375
A_NA_N2	713	10359	A	230	0	10045	21.023593827775
A_NA_N2	714	10399	G	190	0	10269	20.4080241503554
A_NA_N2	715	10413	T	176	0	10327	20.861043865595
A_NA_N2	716	10528	A	61	0	10400	22.1714423076923
A_NA_N2	717	10542	G	47	0	10373	22.3122529644269
A_NA_N2	718	10516	T	73	0	10413	22.8007298569096
A_NA_N2	719	10492	A	97	0	10436	23.9313913376773
A_NA_N2	720	10549	A	40	0	10441	24.6530983622258
A_NA_N2	721	10551	T	38	0	10440	25.4471264367816
A_NA_N2	722	10531	G	58	0	10441	25.1151230725026
A_NA_N2	723	10542	A	47	0	10436	25.3374856266769
A_NA_N2	724	10493	C	95	0	10412	25.0188244333461
A_NA_N2	725	10525	C	61	0	10207	22.578524541981
A_NA_N2	726	10509	G	77	0	10401	21.0115373521777
A_NA_N2	727	10527	A	59	0	10455	21.002199904352
A_NA_N2	728	10537	T	49	0	10452	21.1134711060084
A_NA_N2	729	10277	G	309	0	10199	21.9909795077949
A_NA_N2	730	10477	G	109	0	10324	22.0041650523053
A_NA_N2	731	10443	A	143	0	10380	21.6388246628131
A_NA_N2	732	10521	A	65	0	10448	22.9912901990812
A_NA_N2	733	10540	A	45	0	10464	25.3345756880734
A_NA_N2	734	10526	T	59	0	10451	23.7563869486174
A_NA_N2	735	10521	G	64	0	10380	25.0678227360308
A_NA_N2	736	10497	C	88	0	10432	25.212231595092
A_NA_N2	737	10468	A	117	0	10402	26.0555662372621
A_NA_N2	738	10508	A	77	0	10209	23.6485454011167
A_NA_N2	739	10535	C	50	0	10435	23.3094393866794
A_NA_N2	740	10413	A	171	0	10157	20.6290243182042
A_NA_N2	741	10416	G	168	0	10362	19.4715305925497
A_NA_N2	742	10490	G	94	0	10373	19.7249590282464
A_NA_N2	743	10030	A	554	0	9946	19.6921375427307
A_NA_N2	744	10491	A	93	0	10441	23.7391054496696
A_NA_N2	745	10536	A	47	0	10496	25.3376524390244
A_NA_N2	746	10525	A	58	0	10437	26.2535211267606
A_NA_N2	747	10461	G	119	0	10311	24.7791678789642
A_NA_N2	748	10525	C	55	0	10420	22.3970249520154
A_NA_N2	749	10425	T	154	0	10335	22.0835994194485
A_NA_N2	750	10537	G	42	0	10472	22.3625859434683
A_NA_N2	751	10522	A	57	0	10435	24.3193100143747
A_NA_N2	752	10533	T	46	0	10484	24.9484929416253
A_NA_N2	753	10524	A	55	0	10267	24.0297068277004
A_NA_N2	754	10469	C	110	0	10354	22.7681089434035
A_NA_N2	755	10499	T	80	0	10349	22.7105034302831
A_NA_N2	756	10246	A	333	0	10121	23.0360636300761
A_NA_N2	757	10543	A	36	0	10505	24.2689195621133
A_NA_N2	758	10557	A	21	0	10505	25.6591147072822
A_NA_N2	759	10549	A	28	0	10477	26.6209792879641
A_NA_N2	760	10536	T	40	0	10481	28.606812327068
A_NA_N2	761	10533	A	41	0	10330	25.0543078412391
A_NA_N2	762	10508	C	66	0	10413	24.0260251608566
A_NA_N2	763	10507	T	66	0	10372	23.632086386425
A_NA_N2	764	10526	G	47	0	10385	23.5761194029851
A_NA_N2	765	10531	T	40	0	10454	25.1894968433136
A_NA_N2	766	10541	T	30	0	10441	26.5114452638636
A_NA_N2	767	10531	C	40	0	10443	26.355549171694
A_NA_N2	768	10457	A	113	0	10370	25.291899710704
A_NA_N2	769	10503	T	66	0	10354	25.0658682634731
A_NA_N2	770	10528	T	41	0	10474	25.0761886576284
A_NA_N2	771	10433	G	135	0	10373	23.7448182782223
A_NA_N2	772	10448	A	120	0	10340	23.95
A_NA_N2	773	10284	G	284	0	10244	23.1135298711441
A_NA_N2	774	10417	G	151	0	10385	21.4854116514203
A_NA_N2	775	10332	A	235	0	10143	17.195504288672
A_NA_N2	776	7368	G	3199	0	7175	21.1538675958188
A_NA_N2	777	9481	G	1086	0	9273	21.7829181494662
A_NA_N2	778	10487	G	80	0	10413	20.2582348986843
A_NA_N2	779	10451	G	116	0	10317	18.2741106910924
A_NA_N2	780	10349	A	218	0	10312	18.5027152831652
A_NA_N2	781	10535	A	32	0	10508	21.3679101636848
A_NA_N2	782	10554	A	13	0	10512	27.7765410958904
A_NA_N2	783	10546	A	21	0	10500	32.1824761904762
A_NA_N2	784	10538	T	29	0	10469	28.3767313019391
A_NA_N2	785	10493	C	74	0	10418	27.4844499904012
A_NA_N2	786	10518	A	49	0	10296	23.6872571872572
A_NA_N2	787	10519	T	48	0	10417	22.9606412594797
A_NA_N2	788	10527	T	40	0	10423	24.002878250024
A_NA_N2	789	10502	C	65	0	10408	23.8058224442736
A_NA_N2	790	10469	A	98	0	10228	23.801036370747
A_NA_N2	791	10488	T	79	0	10383	23.0310122315323
A_NA_N2	792	10481	A	86	0	10279	22.6804163829166
A_NA_N2	793	10460	C	107	0	10335	21.5599419448476
A_NA_N2	794	10486	T	80	0	10353	20.9603013619241
A_NA_N2	795	10464	A	101	0	10333	20.7492499758057
A_NA_N2	796	10463	G	102	0	10144	19.9403588328076
A_NA_N2	797	10466	C	99	0	10281	20.7156891352981
A_NA_N2	798	10342	A	223	0	10268	21.3791390728477
A_NA_N2	799	10511	A	54	0	10418	21.4886734497984
A_NA_N2	800	10516	A	49	0	10416	24.025153609831
A_NA_N2	801	10502	T	60	0	10374	25.5975515712358
A_NA_N2	802	10543	T	19	0	10462	27.4096731026572
A_NA_N2	803	10540	A	21	0	10394	26.6246873196075
A_NA_N2	804	10531	T	30	0	10476	26.5919243986254
A_NA_N2	805	10477	C	84	0	10401	26.7411787328142
A_NA_N2	806	10325	A	234	0	10104	20.1608273950911
A_NA_N2	807	10082	G	477	0	10009	19.0442601658507
A_NA_N2	808	10436	G	123	0	10368	20.4639274691358
A_NA_N2	809	10453	A	105	0	10374	20.6153846153846
A_NA_N2	810	10517	A	41	0	10373	23.4351682252
A_NA_N2	811	10500	G	56	0	10385	22.473375060183
A_NA_N2	812	10510	T	45	0	10447	22.0737053699627
A_NA_N2	813	10480	G	75	0	10289	22.0229371173097
A_NA_N2	814	10409	C	146	0	10331	21.863227180331
A_NA_N2	815	10473	T	82	0	10408	23.0022098385857
A_NA_N2	816	10463	C	91	0	10375	22.7004337349398
A_NA_N2	817	10462	A	92	0	10327	21.0989638810884
A_NA_N2	818	10442	G	112	0	10238	20.2438952920492
A_NA_N2	819	10511	C	43	0	10306	21.4242189016107
A_NA_N2	820	10507	A	47	0	10396	21.8836090804155
A_NA_N2	821	10492	T	61	0	10395	22.7471861471861
A_NA_N2	822	10472	G	78	0	10314	24.507174713981
A_NA_N2	823	10496	T	52	0	10344	24.2140371229698
A_NA_N2	824	10435	C	113	0	10284	21.4003306106573
A_NA_N2	825	10350	G	197	0	10162	17.3506199567014
A_NA_N2	826	10334	A	212	0	10193	17.3682919650741
A_NA_N2	827	10334	A	212	0	10244	17.5881491604842
A_NA_N2	828	10307	G	238	0	10161	18.6319259915363
A_NA_N2	829	10289	A	255	0	10151	20.0138902571175
A_NA_N2	830	10484	G	60	0	10392	22.5555234795997
A_NA_N2	831	10477	T	66	0	10379	18.2326813758551
A_NA_N2	832	10465	G	78	0	10264	19.9922057677319
A_NA_N2	833	10381	C	162	0	10283	21.6321112515803
A_NA_N2	834	10409	T	132	0	10274	22.7198754136656
A_NA_N2	835	10479	C	62	0	10336	22.453463622291
A_NA_N2	836	10328	T	211	0	10201	23.7192432114499
A_NA_N2	837	10424	T	114	0	10361	25.127497345816
A_NA_N2	838	10369	G	169	0	10150	24.1256157635468
A_NA_N2	839	10389	C	149	0	10216	23.5423844949099
A_NA_N2	840	10443	T	95	0	10283	22.703102207527
A_NA_N2	841	10495	A	42	0	10336	22.0508900928793
A_NA_N2	842	10484	T	51	0	10423	22.8941763407848
A_NA_N2	843	10364	C	170	0	10302	24.3952630557173
A_NA_N2	844	10494	C	40	0	10417	22.3345492944226
A_NA_N2	845	10477	T	53	0	10367	21.3758078518376
A_NA_N2	846	10456	C	73	0	10378	22.1959915205242
A_NA_N2	847	10419	G	110	0	9498	19.3606022320489
A_NA_N2	848	10474	G	54	0	10282	17.826492900214
A_NA_N2	849	10475	T	53	0	10325	17.9554479418886
A_NA_N2	850	10498	A	30	0	10432	18.7453029141104
A_NA_N2	851	10504	T	23	0	10438	23.8936577888484
A_NA_N2	852	10120	C	407	0	10071	24.9216562406911
A_NA_N2	853	10490	C	37	0	10412	22.9604302727622
A_NA_N2	854	10423	T	104	0	10307	22.2996992335306
A_NA_N2	855	10355	G	172	0	10239	23.6105088387538
A_NA_N2	856	10422	G	104	0	10291	24.7917597901079
A_NA_N2	857	10457	T	69	0	10364	24.9082400617522
A_NA_N2	858	10464	G	61	0	10361	25.110221021137
A_NA_N2	859	10430	T	95	0	10264	24.7885814497272
A_NA_N2	860	10473	T	52	0	10389	25.5834055250746
A_NA_N2	861	10412	A	112	0	10239	24.1017677507569
A_NA_N2	862	10478	G	46	0	10355	22.9496861419604
A_NA_N2	863	10459	A	62	0	10374	23.0820320030846
A_NA_N2	864	10230	T	291	0	10167	23.9292810071801
A_NA_N2	865	10252	G	269	0	10097	23.7886500940874
A_NA_N2	866	10465	T	56	0	10387	24.853855781265
A_NA_N2	867	10444	G	77	0	10343	26.5501305230591
A_NA_N2	868	10426	T	95	0	10336	28.9326625386997
A_NA_N2	869	10423	C	97	0	10285	24.9998055420515
A_NA_N2	870	10439	T	81	0	10305	24.488500727802
A_NA_N2	871	10453	G	67	0	10351	23.938846488262
A_NA_N2	872	10455	C	64	0	10389	23.7479064395033
A_NA_N2	873	10388	A	128	0	10294	22.3899358849815
A_NA_N2	874	10451	G	65	0	10415	21.0845895343255
A_NA_N2	875	10452	A	63	0	10298	20.829384346475
A_NA_N2	876	10433	G	81	0	10327	37.9509053936284
A_NA_N2	877	10419	A	95	0	10305	44.488500727802
A_NA_N2	878	10469	C	45	0	10384	21.6987673343606
A_NA_N2	879	10424	A	89	0	10362	21.8495464196101
A_NA_N2	880	10472	A	41	0	10189	22.2939444498969
A_NA_N2	881	10457	C	56	0	10384	22.3161594761171
A_NA_N2	882	10396	T	114	0	10243	21.9773503856292
A_NA_N2	883	10140	G	369	0	10066	21.9442678323068
A_NA_N2	884	10334	G	174	0	10281	22.4311837369906
A_NA_N2	885	10042	A	465	0	9955	21.678453038674
A_NA_N2	886	10458	A	49	0	10360	25.0317567567568
A_NA_N2	887	10451	A	54	0	10363	23.9521374119463
A_NA_N2	888	10333	G	172	0	10186	25.2271745533085
A_NA_N2	889	10413	G	92	0	10309	23.1346396352702
A_NA_N2	890	10362	A	143	0	10278	22.5960303561004
A_NA_N2	891	10433	T	72	0	10353	22.4964744518497
A_NA_N2	892	8764	C	1740	0	8641	24.127878717741
A_NA_N2	893	10356	C	147	0	10239	19.543803105772
A_NA_N2	894	10331	A	172	0	10278	17.1387429460985
A_NA_N2	895	10408	A	94	0	10218	18.1958308866706
A_NA_N2	896	10275	C	227	0	10057	22.5667694143383
A_NA_N2	897	10347	C	154	0	9893	21.1537450722733
A_NA_N2	898	10265	G	235	0	9702	19.3601319315605
A_NA_N2	899	10378	G	122	0	10078	19.5619170470331
A_NA_N2	900	10328	C	172	0	10051	19.8941398865785
A_NA_N2	901	10429	C	70	0	10124	20.7085144211774
A_NA_N2	902	10461	C	37	0	10319	21.4906483186355
A_NA_N2	903	10452	A	46	0	10393	21.6904647358799
A_NA_N2	904	10469	T	28	0	10413	22.3026985498896
A_NA_N2	905	10444	C	51	0	10393	24.2519003175214
A_NA_N2	906	10438	A	57	0	10293	23.8894394248518
A_NA_N2	907	10434	T	61	0	10325	23.3698789346247
A_NA_N2	908	10409	A	85	0	10211	22.9626872980119
A_NA_N2	909	10454	G	40	0	10292	22.1161095996891
A_NA_N2	910	10393	A	100	0	10325	23.1265859564165
A_NA_N2	911	10403	T	90	0	10343	24.1113796770763
A_NA_N2	912	10469	A	24	0	10376	24.2395913646877
A_NA_N2	913	10466	T	27	0	10383	29.4468843301551
A_NA_N2	914	10396	A	97	0	10330	34.7903194578896
A_NA_N2	915	10453	A	40	0	10390	27.479114533205
A_NA_N2	916	10455	A	38	0	10255	26.6061433447099
A_NA_N2	917	10454	C	37	0	10402	25.0605652759085
A_NA_N2	918	10420	A	70	0	10319	23.8261459443745
A_NA_N2	919	10414	T	68	0	10239	23.4406680339877
A_NA_N2	920	10099	A	381	0	9943	24.2413758423011
A_NA_N2	921	10426	A	54	0	10339	25.5825515040139
A_NA_N2	922	10402	A	77	0	10270	23.0826679649464
A_NA_N2	923	10355	G	123	0	10270	26.0558909444985
A_NA_N2	924	10450	G	28	0	10402	23.7374543357047
A_NA_N2	925	10438	A	40	0	10383	23.138784551671
A_NA_N2	926	10446	T	32	0	10394	23.9737348470271
A_NA_N2	927	10407	C	71	0	10359	26.4176078772082
A_NA_N2	928	10327	A	150	0	10035	24.9831589436971
A_NA_N2	929	10353	T	124	0	10226	24.9906121650694
A_NA_N2	930	10371	A	102	0	10196	25.7144958807375
A_NA_N2	931	10374	G	98	0	10239	24.0967867955855
A_NA_N2	932	10383	C	89	0	10313	24.8731697857074
A_NA_N2	933	10399	A	71	0	10317	24.8592614132015
A_NA_N2	934	10401	T	67	0	10320	24.9288759689922
A_NA_N2	935	10439	T	29	0	10403	26.9225223493223
A_NA_N2	936	10439	G	27	0	10369	25.8980615295593
A_NA_N2	937	10363	T	103	0	10272	25.9894859813084
A_NA_N2	938	10434	T	31	0	10379	26.2857693419405
A_NA_N2	939	10425	T	40	0	10358	25.1937632747635
A_NA_N2	940	10187	C	277	0	10076	26.6107582373958
A_NA_N2	941	10410	C	54	0	10270	24.3144109055501
A_NA_N2	942	10375	A	88	0	10217	21.7725359694627
A_NA_N2	943	10412	G	51	0	10307	21.8035315804793
A_NA_N2	944	10398	T	63	0	10295	23.2693540553667
A_NA_N2	945	10383	T	76	0	10317	23.9978675971697
A_NA_N2	946	10376	A	82	0	10235	24.466927210552
A_NA_N2	947	9930	T	526	0	9844	25.2215562779358
A_NA_N2	948	9917	G	538	0	9804	24.8811709506324
A_NA_N2	949	10399	T	54	0	10315	25.5727581192438
A_NA_N2	950	10398	G	54	0	10309	31.1676205257542
A_NA_N2	951	10422	T	29	0	10351	59.8845522171771
A_NA_N2	952	10395	G	56	0	10302	63.9343816734615
A_NA_N2	953	10401	T	50	0	10321	33.5201046410232
A_NA_N2	954	10411	T	39	0	10332	25.7507742934572
A_NA_N2	955	10362	C	84	0	10258	24.2015987521934
A_NA_N2	956	10359	A	86	0	10022	21.0808221911794
A_NA_N2	957	10384	G	60	0	10312	19.817106283941
A_NA_N2	958	10418	G	24	0	10301	20.2379380642656
A_NA_N2	959	10407	T	35	0	10275	21.0487591240876
A_NA_N2	960	10387	C	54	0	10316	23.0604885614579
A_NA_N2	961	10291	T	148	0	10176	24.3611438679245
A_NA_N2	962	10396	T	43	0	10326	25.7562463683905
A_NA_N2	963	10385	G	50	0	10197	24.9636167500245
A_NA_N2	964	10373	T	60	0	10135	24.137839171189
A_NA_N2	965	10399	T	31	0	10316	23.5862737495153
A_NA_N2	966	10077	G	350	0	10017	21.7584107018069
A_NA_N2	967	10258	G	166	0	10176	20.8346108490566
A_NA_N2	968	10287	A	135	0	10179	20.3876608704195
A_NA_N2	969	10139	G	282	0	9976	19.918404170008
A_NA_N2	970	10300	A	120	0	10169	20.2399449306716
A_NA_N2	971	10324	T	94	0	10201	20.254484854426
A_NA_N2	972	10190	A	227	0	10051	20.6857029151328
A_NA_N2	973	10165	C	252	0	10060	22.2468190854871
A_NA_N2	974	10283	A	134	0	10187	21.0785314616668
A_NA_N2	975	9897	C	520	0	9758	21.3189178110269
A_NA_N2	976	10258	C	159	0	10045	20.6836236933798
A_NA_N2	977	10329	C	88	0	10166	19.4656698799921
A_NA_N2	978	10242	A	175	0	10129	19.7570342580709
A_NA_N2	979	10315	G	102	0	10280	19.9559338521401
A_NA_N2	980	9512	A	905	0	9432	20.4688295165394
A_NA_N2	981	10202	A	215	0	10168	24.3293666404406
A_NA_N2	982	10333	A	83	0	10259	26.0246612730286
A_NA_N2	983	10364	A	51	0	10313	27.8142150683603
A_NA_N2	984	10287	A	128	0	10223	27.3759170497897
A_NA_N2	985	10203	G	208	0	10038	25.3566447499502
A_NA_N2	986	10141	C	269	0	9957	21.0290248066687
A_NA_N2	987	10270	G	140	0	10076	19.1562127828503
A_NA_N2	988	10301	A	108	0	9976	18.9913793103448
A_NA_N2	989	10346	C	63	0	10236	19.6264165689723
A_NA_N2	990	10317	A	92	0	10213	20.106237148732
A_NA_N2	991	10299	G	110	0	10157	20.8561583144629
A_NA_N2	992	10253	C	156	0	10131	21.9217253972954
A_NA_N2	993	10266	T	137	0	10188	22.2770906949352
A_NA_N2	994	9794	C	609	0	9652	23.2448197264816
A_NA_N2	995	10286	C	117	0	10063	21.5769651197456
A_NA_N2	996	10265	A	138	0	10144	20.2009069400631
A_NA_N2	997	10247	G	156	0	9990	20.1930930930931
A_NA_N2	998	10326	C	77	0	10218	21.7242121745939
A_NA_N2	999	10297	A	106	0	10148	20.3893378005518
A_NA_N2	1000	10313	G	90	0	10163	20.2295582013185
A_NA_N2	1001	10315	T	87	0	10171	20.9787631501327
A_NA_N2	1002	10306	A	94	0	10205	21.2905438510534
A_NA_N2	1003	10264	G	131	0	9752	20.5676784249385
A_NA_N2	1004	10238	C	157	0	10081	20.5675032238865
A_NA_N2	1005	10291	C	104	0	10129	20.6014414058643
A_NA_N2	1006	10286	A	109	0	10231	20.5563483530447
A_NA_N2	1007	10285	T	109	0	10138	23.5552377194713
A_NA_N2	1008	10338	T	56	0	10257	25.9734815248123
A_NA_N2	1009	10337	G	55	0	10281	24.9258826962358
A_NA_N2	1010	10231	T	161	0	10138	26.0686525942
A_NA_N2	1011	10366	T	26	0	10301	26.0770798951558
A_NA_N2	1012	10369	T	23	0	10285	24.9756927564414
A_NA_N2	1013	10355	G	37	0	10298	24.1610021363372
A_NA_N2	1014	10330	A	62	0	10217	23.3041010081237
A_NA_N2	1015	10341	A	51	0	10218	22.0565668428264
A_NA_N2	1016	9375	C	1015	0	9227	21.9415844803295
A_NA_N2	1017	10287	C	102	0	10186	20.6755350481052
A_NA_N2	1018	10351	C	36	0	10258	17.4094365373367
A_NA_N2	1019	10280	T	107	0	10165	18.2341367437285
A_NA_N2	1020	10277	A	109	0	10206	20.5511463844797
A_NA_N2	1021	10294	A	90	0	10135	20.6512086827824
A_NA_N2	1022	10314	C	67	0	10226	22.8480344220614
A_NA_N2	1023	10305	A	76	0	10246	24.5647081788015
A_NA_N2	1024	10336	A	45	0	10202	24.9267790629288
A_NA_N2	1025	10318	T	62	0	10234	24.9570060582372
A_NA_N2	1026	10293	G	87	0	10213	23.8085773034368
A_NA_N2	1027	8696	A	1684	0	8590	23.9384167636787
A_NA_N2	1028	10248	A	131	0	10199	23.8560643200314
A_NA_N2	1029	10277	A	100	0	10222	27.2828213656819
A_NA_N2	1030	10267	A	110	0	10208	34.1876959247649
A_NA_N2	1031	10236	A	140	0	10158	28.7010238235873
A_NA_N2	1032	10179	G	192	0	10102	28.7681647198575
A_NA_N2	1033	10283	G	88	0	10155	22.3902511078287
A_NA_N2	1034	10280	T	91	0	10113	21.0284781963809
A_NA_N2	1035	10275	A	96	0	9988	20.6583900680817
A_NA_N2	1036	10281	G	89	0	9990	21.4103103103103
A_NA_N2	1037	10313	T	57	0	10219	22.7323612877972
A_NA_N2	1038	10254	C	116	0	9975	23.2595488721805
A_NA_N2	1039	10214	A	156	0	9912	23.1717110573043
A_NA_N2	1040	10225	T	144	0	9995	25.0896448224112
A_NA_N2	1041	10221	G	146	0	10086	25.5875470949831
A_NA_N2	1042	10271	G	96	0	10156	24.559669161087
A_NA_N2	1043	9863	A	504	0	9728	22.0791529605263
A_NA_N2	1044	10267	G	98	0	10211	21.3087846440114
A_NA_N2	1045	10083	T	282	0	9963	20.7527853056308
A_NA_N2	1046	10254	G	110	0	10104	20.4675376088678
A_NA_N2	1047	9976	A	388	0	9875	23.8365569620253
A_NA_N2	1048	10201	A	162	0	10092	23.3619698771304
A_NA_N2	1049	10197	A	166	0	10062	21.6234347048301
A_NA_N2	1050	10161	G	202	0	10047	24.1086891609436
A_NA_N2	1051	10280	G	82	0	10223	23.0470507678764
A_NA_N2	1052	10278	C	84	0	10163	21.8748401062678
A_NA_N2	1053	10276	T	85	0	10143	22.0213940648723
A_NA_N2	1054	10172	G	184	0	10063	24.1145781576071
A_NA_N2	1055	10278	G	77	0	10146	22.657500492805
A_NA_N2	1056	10289	G	65	0	10195	21.7253555664541
A_NA_N2	1057	10251	C	103	0	10180	21.6577603143418
A_NA_N2	1058	10215	C	139	0	10108	21.3326078353779
A_NA_N2	1059	10012	T	342	0	9862	22.0573920097343
A_NA_N2	1060	10182	T	172	0	10075	23.6912158808933
A_NA_N2	1061	10177	T	177	0	10084	27.0806227687426
A_NA_N2	1062	10168	G	186	0	10108	25.9256034823902
A_NA_N2	1063	10188	A	165	0	9998	25.5778155631126
A_NA_N2	1064	10324	T	28	0	10245	25.4504636408004
A_NA_N2	1065	10311	G	41	0	10239	25.0376989940424
A_NA_N2	1066	10307	A	45	0	10177	24.4597622089024
A_NA_N2	1067	10295	T	56	0	10218	24.8288314738696
A_NA_N2	1068	10123	G	227	0	10046	24.428926936094
A_NA_N2	1069	10305	G	45	0	10133	22.5079443402744
A_NA_N2	1070	10255	A	90	0	10190	22.2695780176644
A_NA_N2	1071	10314	A	30	0	10259	23.2566526951945
A_NA_N2	1072	10318	A	26	0	10226	25.9242127909251
A_NA_N2	1073	10283	T	61	0	10166	22.6417469998033
A_NA_N2	1074	10296	G	48	0	10222	25.2598317354725
A_NA_N2	1075	10304	A	38	0	10206	25.3241230648638
A_NA_N2	1076	10295	C	47	0	10233	22.1228378774553
A_NA_N2	1077	9955	G	387	0	9723	19.6368404813329
A_NA_N2	1078	9969	T	374	0	9880	18.9688259109312
A_NA_N2	1079	10237	G	108	0	10131	19.9025762511105
A_NA_N2	1080	10257	T	86	0	10161	22.5682511563822
A_NA_N2	1081	10215	G	126	0	10175	30.2792137592138
A_NA_N2	1082	10301	G	39	0	10259	23.5408909250414
A_NA_N2	1083	10293	A	46	0	10240	24.02666015625
A_NA_N2	1084	10303	T	36	0	10262	24.1374975638277
A_NA_N2	1085	9288	G	1051	0	9186	22.5951447855432
A_NA_N2	1086	10143	G	195	0	9949	21.55764398432
A_NA_N2	1087	10232	G	105	0	10024	20.0735235434956
A_NA_N2	1088	10241	G	95	0	10068	19.6610051648788
A_NA_N2	1089	10212	A	124	0	10144	20.5119282334385
A_NA_N2	1090	10241	G	94	0	10111	20.45277420631
A_NA_N2	1091	10249	A	86	0	10156	21.8578180385979
A_NA_N2	1092	10288	A	47	0	10089	21.8972147883834
A_NA_N2	1093	10251	C	82	0	10064	21.9828100158983
A_NA_N2	1094	10249	A	84	0	10167	22.8568899380348
A_NA_N2	1095	10270	A	61	0	10174	23.4749361116572
A_NA_N2	1096	10227	T	103	0	10141	23.9719948723006
A_NA_N2	1097	10259	C	71	0	10180	25.1001964636542
A_NA_N2	1098	10199	A	129	0	10086	22.2008724965298
A_NA_N2	1099	10277	A	51	0	10035	21.7855505729945
A_NA_N2	1100	10245	T	82	0	10035	23.5630293971101
A_NA_N2	1101	10227	G	97	0	10111	23.8378004153892
A_NA_N2	1102	10179	A	143	0	9999	23.3957395739574
A_NA_N2	1103	10275	G	47	0	10216	22.0351409553641
A_NA_N2	1104	10268	A	54	0	10157	22.2286108102786
A_NA_N2	1105	10231	C	91	0	10104	20.6340063341251
A_NA_N2	1106	10249	G	73	0	9982	19.726507713885
A_NA_N2	1107	10250	T	71	0	10143	19.7862565315981
A_NA_N2	1108	10170	C	151	0	10097	19.9148261859958
A_NA_N2	1109	10149	A	172	0	10024	19.7763367916999
A_NA_N2	1110	10113	C	208	0	10017	20.7412398921833
A_NA_N2	1111	9881	G	440	0	9539	18.6078205262606
A_NA_N2	1112	10190	C	130	0	10131	18.1638535189024
A_NA_N2	1113	10032	T	287	0	9850	18.6069035532995
A_NA_N2	1114	10127	T	191	0	9962	19.3653884762096
A_NA_N2	1115	10119	A	197	0	9772	20.3601105198526
A_NA_N2	1116	9605	G	710	0	9380	18.8457356076759
A_NA_N2	1117	10247	G	67	0	10012	17.836795844986
A_NA_N2	1118	10219	G	94	0	9958	18.5275155653746
A_NA_N2	1119	10177	T	136	0	9966	18.2560706401766
A_NA_N2	1120	10186	A	127	0	9979	18.9460867822427
A_NA_N2	1121	10218	T	92	0	9984	20.181891025641
A_NA_N2	1122	10237	G	72	0	10101	21.2161172161172
A_NA_N2	1123	10197	A	111	0	10050	20.2271641791045
A_NA_N2	1124	10252	A	55	0	10166	20.6552232933307
A_NA_N2	1125	10243	A	64	0	9994	24.5358214928957
A_NA_N2	1126	10207	C	100	0	10115	22.8361838853188
A_NA_N2	1127	10165	C	142	0	10071	22.8594975672724
A_NA_N2	1128	10094	T	213	0	9984	22.869391025641
A_NA_N2	1129	10181	T	125	0	10015	24.8492261607589
A_NA_N2	1130	10218	C	87	0	10082	26.0613965483039
A_NA_N2	1131	10099	A	205	0	9948	23.9418978689184
A_NA_N2	1132	10229	A	75	0	10116	23.5729537366548
A_NA_N2	1133	10272	A	32	0	10162	23.9460736075576
A_NA_N2	1134	10252	G	52	0	10171	25.5775243338905
A_NA_N2	1135	10275	T	28	0	10193	25.0967330520946
A_NA_N2	1136	10251	C	52	0	10157	22.7945259426996
A_NA_N2	1137	10267	G	33	0	10151	21.0178307555906
A_NA_N2	1138	10269	T	30	0	10061	21.6276712056456
A_NA_N2	1139	10274	T	25	0	10226	22.017699980442
A_NA_N2	1140	10201	G	97	0	10149	22.3828948664893
A_NA_N2	1141	10172	A	121	0	9948	22.5908725371934
A_NA_N2	1142	9440	G	852	0	9324	21.710531960532
A_NA_N2	1143	10205	G	87	0	10117	21.0364732628249
A_NA_N2	1144	10235	G	57	0	10131	21.1294047971572
A_NA_N2	1145	10204	C	85	0	10051	19.5846184459258
A_NA_N2	1146	10245	T	43	0	10156	22.3006104765656
A_NA_N2	1147	10159	G	128	0	10052	23.2754675686431
A_NA_N2	1148	10253	G	33	0	10051	22.1776937618147
A_NA_N2	1149	10247	T	38	0	10144	21.9558359621451
A_NA_N2	1150	9789	C	495	0	9636	22.9031755915318
A_NA_N2	1151	9967	C	316	0	9785	20.2209504343383
A_NA_N2	1152	9852	A	431	0	9770	19.135516888434
A_NA_N2	1153	10196	A	87	0	9894	19.01283606226
A_NA_N2	1154	9146	C	1136	0	8655	21.0911611785095
A_NA_N2	1155	10151	C	130	0	10045	20.1341961174714
A_NA_N2	1156	10188	C	93	0	10035	16.774389636273
A_NA_N2	1157	10106	T	174	0	9792	17.4735498366013
A_NA_N2	1158	10131	A	149	0	9946	20.8491856022522
A_NA_N2	1159	10225	A	55	0	10122	20.1019561351512
A_NA_N2	1160	10208	G	72	0	10055	19.6851317752362
A_NA_N2	1161	10240	T	40	0	10158	20.9001772002363
A_NA_N2	1162	8631	C	1649	0	8504	22.4594308560677
A_NA_N2	1163	10142	C	136	0	9911	18.9519725557461
A_NA_N2	1164	10025	A	253	0	9951	17.169028238368
A_NA_N2	1165	10180	A	98	0	10113	18.8193414417087
A_NA_N2	1166	10225	A	51	0	10127	25.2327441493038
A_NA_N2	1167	10219	T	56	0	10054	25.7131489954247
A_NA_N2	1168	10240	T	35	0	10185	27.432498772705
A_NA_N2	1169	10221	G	53	0	10007	24.5637054062157
A_NA_N2	1170	10217	C	56	0	10096	24.1406497622821
A_NA_N2	1171	10198	A	75	0	9979	23.3167652069346
A_NA_N2	1172	10241	G	32	0	10070	21.9217477656405
A_NA_N2	1173	10229	A	44	0	10173	22.8543202595105
A_NA_N2	1174	10221	T	50	0	10162	23.9367250541232
A_NA_N2	1175	10135	A	134	0	10051	24.3760819818923
A_NA_N2	1176	10232	A	35	0	10192	27.328885400314
A_NA_N2	1177	10227	A	40	0	10152	27.3640661938534
A_NA_N2	1178	10214	T	51	0	10061	27.7828247689097
A_NA_N2	1179	10193	A	70	0	9897	24.0346569667576
A_NA_N2	1180	10167	G	93	0	9939	21.613844451152
A_NA_N2	1181	10199	G	60	0	10060	20.9444333996024
A_NA_N2	1182	10171	C	88	0	10025	21.016957605985
A_NA_N2	1183	10110	A	149	0	9982	21.7557603686636
A_NA_N2	1184	10220	A	39	0	10088	23.7780531324346
A_NA_N2	1185	10204	G	54	0	10092	23.7600079270709
A_NA_N2	1186	10230	T	28	0	10181	24.6852961398684
A_NA_N2	1187	10211	C	46	0	10167	25.2943837906954
A_NA_N2	1188	10187	A	65	0	10082	24.0688355485023
A_NA_N2	1189	10141	T	108	0	10036	25.5484256675967
A_NA_N2	1190	10153	T	96	0	10099	25.9140508961283
A_NA_N2	1191	10149	G	97	0	10080	25.0676587301587
A_NA_N2	1192	10211	T	35	0	9904	24.6438812600969
A_NA_N2	1193	10228	T	16	0	10166	24.351564036986
A_NA_N2	1194	10193	G	48	0	10155	24.5686853766617
A_NA_N2	1195	10192	A	48	0	10099	25.3450836716507
A_NA_N2	1196	10165	C	75	0	10079	25.9115983728544
A_NA_N2	1197	10097	A	142	0	9970	24.2841524573721
A_NA_N2	1198	10111	G	128	0	10046	22.5470834162851
A_NA_N2	1199	10110	A	129	0	9983	21.5688670740258
A_NA_N2	1200	10128	G	109	0	9931	22.080153056087
A_NA_N2	1201	10144	G	91	0	9979	20.8491832848983
A_NA_N2	1202	10129	T	106	0	10036	20.5116580310881
A_NA_N2	1203	10177	G	57	0	10103	21.3801841037316
A_NA_N2	1204	10194	A	39	0	10114	23.0406367411509
A_NA_N2	1205	10192	T	37	0	10126	24.9738297452103
A_NA_N2	1206	10134	A	91	0	9821	22.9715914876286
A_NA_N2	1207	10113	G	111	0	9807	20.4526358723361
A_NA_N2	1208	10201	G	22	0	10065	19.7242921013413
A_NA_N2	1209	10201	T	21	0	10125	20.466962962963
A_NA_N2	1210	9883	C	337	0	9818	21.5448156447342
A_NA_N2	1211	10178	C	40	0	9988	21.2947537044453
A_NA_N2	1212	10110	G	108	0	9680	19.3163223140496
A_NA_N2	1213	10166	G	51	0	10009	18.9722249975022
A_NA_N2	1214	10125	T	92	0	10031	19.8170670920148
A_NA_N2	1215	10162	T	54	0	10108	21.1690740007915
A_NA_N2	1216	10164	A	52	0	9992	24.3132506004804
A_NA_N2	1217	10169	T	45	0	10097	26.2856293948698
A_NA_N2	1218	10139	T	74	0	10069	26.7052338861853
A_NA_N2	1219	10092	C	121	0	9990	26.1670670670671
A_NA_N2	1220	10119	T	95	0	10011	23.7811407451803
A_NA_N2	1221	10010	G	204	0	9884	23.2696276811008
A_NA_N2	1222	10139	G	75	0	9981	22.8226630598136
A_NA_N2	1223	10150	T	62	0	10028	23.4040686078979
A_NA_N2	1224	10149	A	63	0	10030	23.8449651046859
A_NA_N2	1225	10018	T	193	0	9930	24.6259818731118
A_NA_N2	1226	10187	T	24	0	10131	26.3303721251604
A_NA_N2	1227	10157	T	54	0	10137	28.0720134161981
A_NA_N2	1228	9863	T	348	0	9821	29.511760513186
A_NA_N2	1229	9789	C	415	0	9746	31.1403652780628
A_NA_N2	1230	10138	T	65	0	10093	26.8876449024076
A_NA_N2	1231	10129	C	72	0	10068	28.3561779896702
A_NA_N2	1232	10124	T	78	0	10039	33.538798685128
A_NA_N2	1233	10148	G	54	0	9984	25.1042668269231
A_NA_N2	1234	10131	T	68	0	9937	25.2164637214451
A_NA_N2	1235	10167	T	31	0	10090	25.3973240832507
A_NA_N2	1236	10122	G	76	0	10058	24.3515609465102
A_NA_N2	1237	10067	A	131	0	9976	25.5862068965517
A_NA_N2	1238	10066	A	131	0	9832	24.1571399511798
A_NA_N2	1239	9997	G	200	0	9796	22.5600244997958
A_NA_N2	1240	10081	G	115	0	9897	21.9291704556936
A_NA_N2	1241	10058	C	138	0	9940	20.8700201207243
A_NA_N2	1242	9346	A	850	0	9244	20.8407615750757
A_NA_N2	1243	10004	A	191	0	9929	22.3543156410515
A_NA_N2	1244	10091	A	103	0	9955	24.6109492717228
A_NA_N2	1245	10122	A	66	0	9990	26.3265265265265
A_NA_N2	1246	10070	G	116	0	9996	25.9895958383353
A_NA_N2	1247	10097	C	89	0	10047	22.7225042301184
A_NA_N2	1248	10026	T	159	0	9908	22.75
A_NA_N2	1249	10112	G	73	0	9958	22.5271138782888
A_NA_N2	1250	10087	C	98	0	9972	23.4047332531087
A_NA_N2	1251	10102	A	83	0	9998	23.2723544708942
A_NA_N2	1252	10111	T	71	0	10017	23.5612458820006
A_NA_N2	1253	10125	C	53	0	10049	25.029953229177
A_NA_N2	1254	10130	A	48	0	10084	22.8460928203094
A_NA_N2	1255	10150	A	28	0	10063	23.0349796283414
A_NA_N2	1256	10134	T	43	0	10081	25.9415732566214
A_NA_N2	1257	10108	C	68	0	10020	25.2915169660679
A_NA_N2	1258	10125	G	49	0	9797	20.0724711646422
A_NA_N2	1259	10145	G	29	0	9913	19.3911025925552
A_NA_N2	1260	10141	T	33	0	10052	19.2472144846797
A_NA_N2	1261	10135	G	39	0	10071	19.8023036441267
A_NA_N2	1262	10120	C	53	0	10069	21.9665309365379
A_NA_N2	1263	9601	T	572	0	9542	24.5063927897715
A_NA_N2	1264	9942	T	231	0	9888	24.9816949838188
A_NA_N2	1265	9988	T	183	0	9895	28.1504800404245
A_NA_N2	1266	9961	T	210	0	9837	28.8849242655281
A_NA_N2	1267	9949	A	221	0	9804	27.1496328029376
A_NA_N2	1268	9847	T	323	0	9724	26.1290621143562
A_NA_N2	1269	9804	G	366	0	9683	25.4518227821956
A_NA_N2	1270	10041	T	128	0	9904	25.2797859450727
A_NA_N2	1271	9934	G	233	0	9754	23.8544187000205
A_NA_N2	1272	10053	G	112	0	9985	21.842063094642
A_NA_N2	1273	9854	A	311	0	9738	20.8906346272335
A_NA_N2	1274	10088	G	75	0	9987	20.5386001802343
A_NA_N2	1275	10029	T	133	0	9834	20.1819198698393
A_NA_N2	1276	10119	T	43	0	9986	20.7407370318446
A_NA_N2	1277	10094	G	68	0	10010	22.5323676323676
A_NA_N2	1278	10085	A	76	0	9966	24.1234196267309
A_NA_N2	1279	10098	T	62	0	10038	24.5789998007571
A_NA_N2	1280	10085	T	75	0	10032	24.5534290271132
A_NA_N2	1281	9818	A	342	0	9660	21.5761904761905
A_NA_N2	1282	8022	G	2138	0	7881	18.7689379520365
A_NA_N2	1283	9846	G	312	0	9768	18.6141482391482
A_NA_N2	1284	9997	G	161	0	9968	20.6312199036918
A_NA_N2	1285	9911	G	246	0	9755	20.3374679651461
A_NA_N2	1286	9799	A	357	0	9762	21.9956976029502
A_NA_N2	1287	9750	A	406	0	9691	19.1365184191518
A_NA_N2	1288	9645	G	510	0	9590	19.8611053180396
A_NA_N2	1289	8268	A	1886	0	8191	21.6852643144915
A_NA_N2	1290	9527	A	624	0	9465	21.2768092974115
A_NA_N2	1291	9445	A	703	0	9373	19.8840285927665
A_NA_N2	1292	8766	A	1377	0	8678	16.6972804793731
A_NA_N2	1293	8569	G	1569	0	8475	18.2318584070796
A_NA_N2	1294	9184	A	953	0	9082	17.8370402994935
A_NA_N2	1295	9183	G	952	0	8950	16.3175418994413
A_NA_N2	1296	9939	G	196	0	9841	15.2672492632863
A_NA_N2	1297	9808	A	325	0	9731	14.6428938444148
A_NA_N2	1298	9903	A	230	0	9823	16.8511656316808
A_NA_N2	1299	9897	A	236	0	9662	19.8330573380253
A_NA_N2	1300	10039	C	87	0	9982	20.338308956121
A_NA_N2	1301	9963	T	160	0	9728	22.2852590460526
A_NA_N2	1302	9976	G	147	0	9854	22.1651106149787
A_NA_N2	1303	9934	A	188	0	9800	22.8254081632653
A_NA_N2	1304	9976	A	144	0	9892	23.1999595632835
A_NA_N2	1305	10003	G	115	0	9914	22.6497881783337
A_NA_N2	1306	10034	T	84	0	9949	22.6519248165645
A_NA_N2	1307	10041	C	74	0	9989	23.1892081289418
A_NA_N2	1308	9926	T	186	0	9818	23.1820126298635
A_NA_N2	1309	9993	T	119	0	9875	25.3498734177215
A_NA_N2	1310	9988	G	124	0	9856	25.0238433441558
A_NA_N2	1311	10064	T	42	0	9949	24.5690019097397
A_NA_N2	1312	9963	G	141	0	9887	24.7232729847274
A_NA_N2	1313	10083	G	20	0	10030	23.933000997009
A_NA_N2	1314	10088	A	15	0	10020	24.8324351297405
A_NA_N2	1315	9966	C	133	0	9887	24.0720137554364
A_NA_N2	1316	10076	C	23	0	9997	22.9127738321496
A_NA_N2	1317	10063	T	36	0	9920	22.4473790322581
A_NA_N2	1318	10055	C	43	0	10003	22.6713985804259
A_NA_N2	1319	9983	A	115	0	9915	23.1450327786183
A_NA_N2	1320	10058	A	39	0	9986	25.1148608051272
A_NA_N2	1321	10058	A	38	0	9900	25.510404040404
A_NA_N2	1322	10060	C	36	0	9993	24.7338136695687
A_NA_N2	1323	10056	A	38	0	9811	21.5413311589033
A_NA_N2	1324	10045	G	47	0	9973	20.6291988368595
A_NA_N2	1325	10033	T	58	0	9955	20.6068307383225
A_NA_N2	1326	10057	A	33	0	9987	21.409632522279
A_NA_N2	1327	10022	T	66	0	9958	24.6132757581844
A_NA_N2	1328	9983	T	105	0	9940	26.3804828973843
A_NA_N2	1329	9982	G	106	0	9880	25.3944331983806
A_NA_N2	1330	10035	T	51	0	9906	25.1359781950333
A_NA_N2	1331	10014	T	68	0	9957	24.8217334538516
A_NA_N2	1332	10009	G	73	0	9937	24.1268994666398
A_NA_N2	1333	10033	T	49	0	9964	25.9998996386993
A_NA_N2	1334	10016	G	66	0	9953	29.3997789611172
A_NA_N2	1335	9135	T	947	0	9054	33.0124806715264
A_NA_N2	1336	10033	T	49	0	9976	27.6180834001604
A_NA_N2	1337	10040	T	41	0	9996	27.8265306122449
A_NA_N2	1338	9953	T	125	0	9856	27.6937905844156
A_NA_N2	1339	9899	G	175	0	9778	26.8812640621804
A_NA_N2	1340	10025	T	47	0	9936	25.5623993558776
A_NA_N2	1341	9949	G	123	0	9775	24.2902301790281
A_NA_N2	1342	10035	G	37	0	9931	22.0897190615245
A_NA_N2	1343	10016	A	53	0	9894	22.181220941985
A_NA_N2	1344	10043	A	24	0	9883	23.172822017606
A_NA_N2	1345	9991	C	76	0	9931	21.3900916322626
A_NA_N2	1346	10008	C	52	0	9952	21.5633038585209
A_NA_N2	1347	9993	T	65	0	9929	21.7916205055897
A_NA_N2	1348	10012	C	46	0	9946	22.4773778403378
A_NA_N2	1349	9989	A	68	0	9591	19.9565217391304
A_NA_N2	1350	9970	G	86	0	9871	19.1600648363894
A_NA_N2	1351	10024	G	30	0	9939	18.8190964885803
A_NA_N2	1352	9953	T	99	0	9806	18.9220885172343
A_NA_N2	1353	9937	A	114	0	9815	22.6377992868059
A_NA_N2	1354	9969	C	80	0	9861	23.4856505425413
A_NA_N2	1355	9873	A	173	0	9793	23.9247421627693
A_NA_N2	1356	9884	T	159	0	9799	24.2469639759159
A_NA_N2	1357	10010	A	33	0	9913	23.9966710380309
A_NA_N2	1358	9990	T	49	0	9904	24.2442447495961
A_NA_N2	1359	9913	G	126	0	9850	24.4844670050761
A_NA_N2	1360	10009	G	30	0	9918	23.6958056059689
A_NA_N2	1361	9988	A	49	0	9865	23.767156614293
A_NA_N2	1362	10008	A	29	0	9884	25.7039660056657
A_NA_N2	1363	9992	C	44	0	9829	23.8726218333503
A_NA_N2	1364	9988	A	48	0	9795	22.23797856049
A_NA_N2	1365	9901	G	135	0	9774	20.9071004706364
A_NA_N2	1366	9999	G	37	0	9887	20.2924041670881
A_NA_N2	1367	9953	C	81	0	9899	20.1123345792504
A_NA_N2	1368	9966	T	66	0	9861	21.2149883378968
A_NA_N2	1369	9999	C	32	0	9940	23.6360160965795
A_NA_N2	1370	9930	A	96	0	9752	23.5510664479081
A_NA_N2	1371	9965	T	61	0	9815	23.9270504330107
A_NA_N2	1372	9952	G	74	0	9887	23.8339233336705
A_NA_N2	1373	9990	G	33	0	9926	23.0465444287729
A_NA_N2	1374	9817	C	203	0	9732	23.3481298808056
A_NA_N2	1375	9986	C	31	0	9910	23.3079717457114
A_NA_N2	1376	9962	T	53	0	9803	23.4138529021728
A_NA_N2	1377	9972	G	42	0	9908	24.0963867581752
A_NA_N2	1378	9972	A	40	0	9901	25.7955762044238
A_NA_N2	1379	9980	T	31	0	9934	25.8012885041272
A_NA_N2	1380	9529	G	481	0	9408	24.8660714285714
A_NA_N2	1381	9941	G	67	0	9812	23.1399306971056
A_NA_N2	1382	9952	G	53	0	9789	21.8685258964143
A_NA_N2	1383	9925	G	78	0	9696	22.7162747524752
A_NA_N2	1384	9877	C	123	0	9602	20.6645490522808
A_NA_N2	1385	9950	G	49	0	8996	18.0233437083148
A_NA_N2	1386	9973	G	25	0	9834	17.2807606263982
A_NA_N2	1387	9961	A	37	0	9848	18.2051177904143
A_NA_N2	1388	9736	C	259	0	9608	18.7104496253122
A_NA_N2	1389	9873	C	115	0	9692	20.1879900949236
A_NA_N2	1390	9859	T	128	0	9748	19.8311448502257
A_NA_N2	1391	9885	C	94	0	9758	21.0424267267883
A_NA_N2	1392	9883	A	94	0	9818	20.9997962925239
A_NA_N2	1393	9931	A	43	0	9832	21.2144019528072
A_NA_N2	1394	9718	T	247	0	9620	23.5129937629938
A_NA_N2	1395	9638	C	307	0	9544	25.3129715004191
A_NA_N2	1396	9876	T	62	0	9790	23.9966292134831
A_NA_N2	1397	9870	C	57	0	9777	25.4345913879513
A_NA_N2	1398	9851	A	49	0	9670	24.3699069286453
A_NA_N2	1399	9843	T	41	0	9755	24.7699641209636
A_NA_N2	1400	9829	G	45	0	9711	25.0075172484811
A_NA_N2	1401	9799	C	47	0	9667	24.4015723595738
A_NA_N2	1402	9773	A	50	0	9693	23.9989683276591
A_NA_N2	1403	9771	T	23	0	9712	23.3702635914333
A_NA_N2	1404	9720	G	2	0	9644	23.305267523849
A_NA_N2	1405	9634	T	8	0	9578	23.3826477343913
A_NA_N2	1406	9600	A	0	0	9534	24.1835535976505
A_NA_N2	1407	9457	T	0	0	9431	24.9192026296257
A_NA_N2	1408	9351	A	0	0	9351	26.5401561330339
A_NA_N2	1409	9023	A	0	0	9023	24.7747977391112
