Reference_Name	Position	Coverage Depth	Consensus	Deletions	Ambiguous	Consensus_Count	Consensus_Average_Quality
A_NP	1	12082	A	0	0	12082	22.2098990233405
A_NP	2	12305	T	0	0	12305	22.3643234457538
A_NP	3	12435	G	0	0	12357	21.9005422028
A_NP	4	12572	G	0	0	12555	21.531421744325
A_NP	5	12601	C	0	0	12566	21.8581887633296
A_NP	6	12703	G	23	0	12573	21.109122723296
A_NP	7	12710	T	68	0	12625	22.417900990099
A_NP	8	12746	C	71	0	12714	22.949347176341
A_NP	9	12805	T	44	0	12704	23.2851070528967
A_NP	10	12845	C	44	0	12813	26.1970654803715
A_NP	11	12627	A	275	0	12508	24.2750239846498
A_NP	12	12851	A	63	0	12681	24.2188313224509
A_NP	13	12835	G	85	0	12714	22.2148812332861
A_NP	14	12877	G	54	0	12795	22.7197342711997
A_NP	15	12840	C	92	0	12753	21.7129302909119
A_NP	16	12586	A	349	0	12389	21.0639276777787
A_NP	17	12718	C	224	0	12345	22.1562575941677
A_NP	18	12881	C	74	0	12701	22.3658767026218
A_NP	19	12758	A	209	0	12661	21.7171629413159
A_NP	20	12933	A	36	0	12779	22.4980827920808
A_NP	21	12945	A	26	0	12652	24.2820897881758
A_NP	22	12947	C	27	0	12845	23.158349552355
A_NP	23	12943	G	38	0	12829	21.7486164159327
A_NP	24	12891	A	91	0	12774	21.7036167214655
A_NP	25	12938	T	44	0	12901	22.2050228664445
A_NP	26	12934	C	48	0	12877	23.5611555486526
A_NP	27	12830	T	152	0	12704	24.5726542821159
A_NP	28	12916	T	67	0	12805	26.0459976571652
A_NP	29	12917	A	66	0	12744	26.1793785310734
A_NP	30	12946	T	38	0	12740	27.6580062794349
A_NP	31	12957	G	27	0	12868	26.4949487099782
A_NP	32	12946	A	39	0	12844	26.5151043288695
A_NP	33	12957	A	28	0	12858	26.3750194431482
A_NP	34	12946	C	40	0	12888	26.9408752327747
A_NP	35	12935	A	51	0	12813	24.5798017638336
A_NP	36	12943	G	43	0	12876	23.5965361913638
A_NP	37	12951	A	35	0	12866	24.0417379138815
A_NP	38	12953	T	33	0	12909	25.3018049422883
A_NP	39	12193	G	793	0	12127	25.6771666529232
A_NP	40	12898	G	106	0	12833	21.1838229564404
A_NP	41	12787	A	252	0	12722	18.6993397264581
A_NP	42	12980	A	59	0	12902	20.899395442567
A_NP	43	12984	A	56	0	12582	23.7388332538547
A_NP	44	12968	C	73	0	12805	21.8677079265912
A_NP	45	12826	T	215	0	12309	23.2918189942319
A_NP	46	12944	G	97	0	12854	22.3346040143146
A_NP	47	12814	A	227	0	12565	23.0933545563072
A_NP	48	13003	T	40	0	12921	23.4435415215541
A_NP	49	12883	G	160	0	12836	23.7924587098785
A_NP	50	12979	G	65	0	12858	21.7050085549852
A_NP	51	12956	A	88	0	12842	22.5188444167575
A_NP	52	12663	G	381	0	12454	21.7025855146941
A_NP	53	12933	A	111	0	12713	21.8484228742232
A_NP	54	12990	T	54	0	12854	21.6274311498366
A_NP	55	12811	C	233	0	12697	21.9493581160904
A_NP	56	12719	G	325	0	12345	22.2044552450385
A_NP	57	12756	C	288	0	12391	22.3236219836978
A_NP	58	12898	C	159	0	12367	22.4907414894477
A_NP	59	12815	A	242	0	12413	21.3837106259567
A_NP	60	12880	G	177	0	12679	20.4651786418487
A_NP	61	12832	A	225	0	12597	20.3507184250218
A_NP	62	12932	A	125	0	12655	21.0030817858554
A_NP	63	12953	T	105	0	12758	20.4751528452736
A_NP	64	12951	G	107	0	12379	20.0296469827934
A_NP	65	12958	C	100	0	12705	19.9874852420307
A_NP	66	12939	A	119	0	12851	19.8112987316162
A_NP	67	12969	A	89	0	12511	17.7881863959715
A_NP	68	12946	C	112	0	12881	18.2654297026628
A_NP	69	12643	T	415	0	12271	18.0722842474126
A_NP	70	12755	G	303	0	12576	17.3912213740458
A_NP	71	12790	A	268	0	12624	19.7774873257288
A_NP	72	12595	G	463	0	12262	18.4496003914533
A_NP	73	12912	A	147	0	12549	20.2196987807793
A_NP	74	12953	T	106	0	12839	18.5020640236779
A_NP	75	13002	T	57	0	12850	19.1487159533074
A_NP	76	12911	A	148	0	12149	18.5130463412627
A_NP	77	12561	G	498	0	12373	18.4930897922897
A_NP	78	12966	G	93	0	12787	17.8055837960429
A_NP	79	13022	G	37	0	12882	20.7626145008539
A_NP	80	13015	C	44	0	12871	20.4949110403232
A_NP	81	13011	A	48	0	12913	22.3771393169674
A_NP	82	13016	T	43	0	12933	24.1512410113663
A_NP	83	12922	C	137	0	12864	25.7220149253731
A_NP	84	13028	C	31	0	12855	24.3649941656943
A_NP	85	13011	G	48	0	12839	23.4538515460706
A_NP	86	13025	T	34	0	12933	23.5339055130287
A_NP	87	12955	C	104	0	12854	23.8743581764431
A_NP	88	12482	G	577	0	11234	16.6562221826598
A_NP	89	12993	G	66	0	12815	15.8240343347639
A_NP	90	12979	G	80	0	12884	15.9033685190934
A_NP	91	12872	A	187	0	12795	17.5963266901133
A_NP	92	13023	A	36	0	12920	21.5767027863777
A_NP	93	12994	G	65	0	12888	21.8722842954687
A_NP	94	12976	A	83	0	12895	24.076075998449
A_NP	95	12973	T	86	0	12881	22.9158450430867
A_NP	96	13007	G	52	0	12959	24.4502662242457
A_NP	97	12995	A	64	0	12916	26.8250232270053
A_NP	98	13007	T	52	0	12944	27.403739184178
A_NP	99	13040	T	19	0	12967	28.097092619727
A_NP	100	13023	G	36	0	12952	27.2801111797406
A_NP	101	13018	A	41	0	12880	27.6840062111801
A_NP	102	13018	T	41	0	12936	26.9265615337044
A_NP	103	12880	G	179	0	12810	26.375644028103
A_NP	104	12972	G	86	0	12887	24.0956002172732
A_NP	105	12845	A	213	0	12738	23.1296906892762
A_NP	106	12941	A	117	0	12814	23.0643046667707
A_NP	107	12902	T	156	0	12746	21.6746430252628
A_NP	108	12969	T	89	0	12823	22.194494268112
A_NP	109	12368	G	690	0	12082	21.7570766429399
A_NP	110	12914	G	143	0	12843	21.5081367281788
A_NP	111	12897	G	161	0	12790	21.1250977326036
A_NP	112	12869	A	189	0	12748	22.449325384374
A_NP	113	12779	G	278	0	12451	21.8793671191069
A_NP	114	12903	A	154	0	12797	21.4070485269985
A_NP	115	12937	T	119	0	12763	21.5483036903549
A_NP	116	12957	T	99	0	12853	23.0368007469073
A_NP	117	12718	C	337	0	12588	25.5456784238958
A_NP	118	12671	T	384	0	12515	23.9830603276069
A_NP	119	12684	A	371	0	12463	23.5546016207976
A_NP	120	12922	C	133	0	12695	23.3128790862544
A_NP	121	12970	A	85	0	12812	23.2588198563846
A_NP	122	13007	T	48	0	12872	23.6884711000622
A_NP	123	12442	C	613	0	12180	25.0806239737274
A_NP	124	12947	C	108	0	12716	21.8797577854671
A_NP	125	12867	A	188	0	12806	21.2465250663751
A_NP	126	12975	A	80	0	12903	22.6696892195613
A_NP	127	12973	A	82	0	12849	26.6582613432952
A_NP	128	12630	T	425	0	12537	26.9052404881551
A_NP	129	12621	G	434	0	12370	25.6898140662894
A_NP	130	12950	T	104	0	12848	23.9975871731009
A_NP	131	12750	G	304	0	12607	22.9700959784247
A_NP	132	12723	C	330	0	12615	22.5052715021799
A_NP	133	12838	A	214	0	12624	22.568124207858
A_NP	134	12926	C	125	0	12834	21.502025868786
A_NP	135	12929	T	122	0	12662	21.5219554572737
A_NP	136	13013	G	38	0	12920	21.5089009287926
A_NP	137	12971	A	80	0	12861	23.1554311484332
A_NP	138	12998	A	53	0	12904	25.2116398016119
A_NP	139	12979	C	72	0	12911	26.3589962047866
A_NP	140	12737	T	314	0	12530	25.5962490023943
A_NP	141	12869	T	182	0	12561	25.19902873975
A_NP	142	12867	A	184	0	12732	25.1868520263902
A_NP	143	13014	A	37	0	12904	25.0134841909485
A_NP	144	13017	A	34	0	12735	24.2579505300353
A_NP	145	12996	C	54	0	12946	24.3557855708327
A_NP	146	12924	T	126	0	12758	24.4938078068663
A_NP	147	13012	C	38	0	12913	24.1180980407341
A_NP	148	12975	A	75	0	12085	17.9664873810509
A_NP	149	12985	G	64	0	12864	16.9685945273632
A_NP	150	12967	T	82	0	12846	17.537287871711
A_NP	151	13007	G	42	0	12955	19.7445001929757
A_NP	152	12992	A	55	0	12910	24.3607281177382
A_NP	153	12993	T	53	0	12876	26.6367660764212
A_NP	154	12946	C	100	0	12818	26.7200031206116
A_NP	155	12964	A	81	0	12683	24.0786880075692
A_NP	156	12940	T	105	0	12697	24.2621879184059
A_NP	157	12972	G	72	0	12899	24.3101790836499
A_NP	158	12959	A	85	0	12831	25.0577507598784
A_NP	159	12969	A	75	0	12844	26.3779975085643
A_NP	160	12936	G	108	0	12863	26.1688564098577
A_NP	161	13012	G	32	0	12917	23.5169931098552
A_NP	162	13016	A	28	0	12915	22.8970963995354
A_NP	163	13003	C	40	0	12889	22.6781751881449
A_NP	164	12963	G	80	0	11263	17.5550031075202
A_NP	165	13005	G	37	0	12550	16.4999203187251
A_NP	166	12981	T	61	0	12662	16.3501816458695
A_NP	167	13014	T	28	0	12893	17.3113317303963
A_NP	168	13009	G	33	0	12946	20.7617797002935
A_NP	169	13001	A	36	0	12932	24.0054902567275
A_NP	170	13010	T	27	0	12938	24.2348121811717
A_NP	171	12481	C	556	0	12393	25.8396675542645
A_NP	172	12852	C	185	0	12531	21.6962732423589
A_NP	173	12208	A	829	0	12069	20.1014168530947
A_NP	174	12921	A	116	0	12831	21.7716467929234
A_NP	175	13003	A	33	0	12920	24.671439628483
A_NP	176	13016	A	20	0	12758	26.2856247060668
A_NP	177	13010	C	26	0	12910	24.8207591014717
A_NP	178	12973	A	63	0	12801	21.792672447465
A_NP	179	12930	G	106	0	12448	20.1009800771208
A_NP	180	12907	C	129	0	12767	19.9179916973447
A_NP	181	12524	T	511	0	12307	20.8318842934915
A_NP	182	12700	T	335	0	12491	22.1538707869666
A_NP	183	12945	G	90	0	12831	23.4409632920271
A_NP	184	12967	A	68	0	12838	23.0539803707743
A_NP	185	12998	C	37	0	12910	22.6650658404338
A_NP	186	12964	A	71	0	12903	23.7265752150663
A_NP	187	12968	A	67	0	12890	24.4401861908456
A_NP	188	12955	T	80	0	12804	25.4680568572321
A_NP	189	12484	A	551	0	12366	23.1249393498302
A_NP	190	12476	G	559	0	12343	20.6738232196387
A_NP	191	12901	A	134	0	12841	20.638190172105
A_NP	192	12378	G	657	0	12187	26.8646098301469
A_NP	193	12839	A	196	0	12732	23.8491203267358
A_NP	194	13015	A	17	0	12954	23.139802377644
A_NP	195	13019	A	13	0	12951	29.5415798007876
A_NP	196	13012	A	20	0	12954	30.0280222325151
A_NP	197	12991	T	41	0	12897	26.885322167946
A_NP	198	12948	G	83	0	12858	26.2455280759061
A_NP	199	12969	G	62	0	12738	23.3694457528654
A_NP	200	12970	T	61	0	12828	22.5166822575616
A_NP	201	12948	G	83	0	12748	22.9221838719799
A_NP	202	12496	C	535	0	12388	22.9867613819826
A_NP	203	12506	T	524	0	12413	25.4086844437284
A_NP	204	12907	C	121	0	12715	25.1339362957137
A_NP	205	12911	T	117	0	12815	31.2468981662115
A_NP	206	12895	C	133	0	12807	59.0456000624658
A_NP	207	12790	T	237	0	12662	34.3576844100458
A_NP	208	12902	G	125	0	12738	25.8290940493013
A_NP	209	12935	C	92	0	12792	25.76110068793
A_NP	210	12303	T	724	0	12203	26.7545685487175
A_NP	211	12838	T	189	0	12733	27.4257441294275
A_NP	212	12914	T	112	0	12794	31.0027356573394
A_NP	213	12954	T	72	0	12788	30.4733343759775
A_NP	214	12974	G	50	0	12896	29.676023573201
A_NP	215	12993	A	30	0	12874	27.8954481901507
A_NP	216	12995	T	28	0	12893	27.1377491662142
A_NP	217	12946	G	77	0	12901	26.9622509882955
A_NP	218	12134	A	889	0	12063	26.8885849291221
A_NP	219	12884	A	139	0	12810	26.3788446526151
A_NP	220	12816	A	207	0	12739	22.5570295941597
A_NP	221	12786	G	237	0	12716	24.1193771626298
A_NP	222	12768	A	255	0	12661	25.1045730984914
A_NP	223	12857	A	166	0	12780	24.3130672926448
A_NP	224	12692	G	330	0	12602	25.138073321695
A_NP	225	12910	G	111	0	12805	23.9750878563061
A_NP	226	12822	A	199	0	12742	22.7210798932664
A_NP	227	12907	A	114	0	12808	24.1214084946908
A_NP	228	12898	T	123	0	12686	24.5855273529875
A_NP	229	12829	A	191	0	12703	26.7984728017004
A_NP	230	12962	A	57	0	12897	27.130650538885
A_NP	231	12930	A	89	0	12833	26.3037481493026
A_NP	232	12892	T	127	0	12761	28.1547684350756
A_NP	233	12908	A	111	0	12580	25.6248012718601
A_NP	234	12819	C	200	0	12728	24.2362507856694
A_NP	235	12824	C	194	0	12712	23.57009125236
A_NP	236	12783	T	234	0	12563	23.548356284327
A_NP	237	12550	G	466	0	12391	25.8685336131063
A_NP	238	12914	G	99	0	12769	25.3235178949017
A_NP	239	12901	A	110	0	12853	24.563992842138
A_NP	240	12920	A	91	0	12831	27.070610240823
A_NP	241	12939	G	71	0	12784	24.5516270337922
A_NP	242	12932	A	77	0	12809	25.4667811694902
A_NP	243	12937	A	72	0	12751	25.1317543722061
A_NP	244	12786	C	222	0	12631	23.8979494893516
A_NP	245	12789	A	219	0	12679	23.347661487499
A_NP	246	12095	C	913	0	11966	24.4825338458967
A_NP	247	12582	C	425	0	12418	22.9953293606056
A_NP	248	12768	C	239	0	12355	23.4253338729259
A_NP	249	12863	C	144	0	12454	23.5614260478561
A_NP	250	12851	A	156	0	12622	22.1329424813817
A_NP	251	12734	G	273	0	12555	21.4798088410992
A_NP	252	12772	C	235	0	12595	21.6803493449782
A_NP	253	12782	G	224	0	12556	21.7435489009239
A_NP	254	12820	C	186	0	12588	28.4896727041627
A_NP	255	11404	G	1602	0	10826	23.81396637724
A_NP	256	12761	G	243	0	12348	17.4260609005507
A_NP	257	12914	G	90	0	12814	16.6690338692056
A_NP	258	12796	G	204	0	12347	18.0029966793553
A_NP	259	12385	A	614	0	12225	19.5533742331288
A_NP	260	12960	A	39	0	12910	21.4348567002324
A_NP	261	12974	A	25	0	12829	20.5412736768259
A_NP	262	12956	G	41	0	12812	23.1745238838589
A_NP	263	12927	A	70	0	12825	24.0102923976608
A_NP	264	12943	T	52	0	12863	22.478815206406
A_NP	265	12651	C	343	0	12615	22.3892984542212
A_NP	266	12822	C	172	0	12749	22.9286218526943
A_NP	267	12754	C	240	0	12534	21.683820009574
A_NP	268	12318	A	676	0	12171	22.6052091036069
A_NP	269	12499	A	494	0	12367	21.5647287135118
A_NP	270	12616	G	377	0	12423	17.7984383804234
A_NP	271	12373	A	619	0	12232	20.5326193590582
A_NP	272	12914	A	78	0	12861	21.1555866573361
A_NP	273	12927	A	65	0	12855	23.0726565538701
A_NP	274	12903	A	88	0	12570	25.8380270485282
A_NP	275	12890	C	101	0	12779	24.2262305344706
A_NP	276	12793	T	198	0	12625	23.6376237623762
A_NP	277	10042	G	2948	0	9885	23.8321699544765
A_NP	278	12203	G	787	0	12078	23.511839708561
A_NP	279	12891	G	99	0	12747	22.1485055307131
A_NP	280	12910	G	80	0	12679	22.8521965454689
A_NP	281	12800	G	190	0	12433	22.1297353816456
A_NP	282	12441	G	547	0	11989	21.0747351739094
A_NP	283	12312	C	676	0	12157	19.8873077239451
A_NP	284	12830	C	158	0	12619	20.0429511054759
A_NP	285	12745	C	241	0	12551	20.0351366424986
A_NP	286	12534	A	452	0	11809	19.1083072233043
A_NP	287	12538	T	447	0	12298	18.654740608229
A_NP	288	12789	A	195	0	12542	19.065539786318
A_NP	289	12751	T	233	0	12493	21.9025854478508
A_NP	290	12624	A	360	0	12104	24.3970588235294
A_NP	291	12616	C	368	0	12431	21.5709114310997
A_NP	292	12676	A	306	0	12329	20.1376429556331
A_NP	293	12638	G	343	0	12530	19.0319233838787
A_NP	294	12724	G	257	0	12609	19.1856610357681
A_NP	295	12825	A	156	0	12706	19.7529513615615
A_NP	296	12596	G	384	0	12386	20.7045050863879
A_NP	297	12903	A	77	0	12839	23.0625438118233
A_NP	298	12918	G	61	0	12772	35.2200125274037
A_NP	299	12951	T	27	0	12813	21.084913759463
A_NP	300	12936	C	41	0	12814	22.5437802403621
A_NP	301	12921	G	56	0	12851	21.9104349856042
A_NP	302	12924	A	53	0	12836	22.799002804612
A_NP	303	12930	T	47	0	12836	23.5844499844188
A_NP	304	12154	G	823	0	12087	24.8375941093737
A_NP	305	12546	G	431	0	12486	24.2328207592504
A_NP	306	12912	G	64	0	12819	22.924019034246
A_NP	307	12860	A	116	0	12803	23.9136921034133
A_NP	308	12931	A	45	0	12860	22.7077760497667
A_NP	309	12941	A	35	0	12826	23.3904568844535
A_NP	310	12940	T	34	0	12852	24.6005291005291
A_NP	311	12845	G	128	0	12790	25.846520719312
A_NP	312	12929	G	43	0	12883	26.2764107738881
A_NP	313	12915	A	57	0	12846	26.1836369297836
A_NP	314	12890	T	82	0	12785	26.7762221353148
A_NP	315	12503	G	467	0	12348	23.935860058309
A_NP	316	11492	A	1478	0	11294	19.5056667256951
A_NP	317	11461	G	1507	0	11334	17.6377271925181
A_NP	318	12852	G	116	0	12664	17.2589229311434
A_NP	319	12841	G	126	0	12744	17.4844632768362
A_NP	320	12732	A	235	0	12614	18.2682733470747
A_NP	321	12879	A	88	0	12714	22.2047349378638
A_NP	322	12877	C	90	0	12765	22.8947904426165
A_NP	323	12855	T	111	0	12647	23.1645449513719
A_NP	324	12762	C	204	0	12550	23.5956972111554
A_NP	325	12913	G	53	0	12735	22.7660777385159
A_NP	326	12925	T	41	0	12843	23.6863661138363
A_NP	327	12820	C	146	0	12754	24.578798808217
A_NP	328	12867	C	99	0	12741	22.959971744761
A_NP	329	12494	T	473	0	12267	23.6077280508682
A_NP	330	12690	T	277	0	12512	24.6511349104859
A_NP	331	12813	T	154	0	12604	27.4927800698191
A_NP	332	12836	A	131	0	12549	26.6347916168619
A_NP	333	12898	T	69	0	12667	25.6177469013973
A_NP	334	12910	G	56	0	12848	25.6014943960149
A_NP	335	12915	A	51	0	12781	25.967216962679
A_NP	336	12923	C	43	0	12772	25.2880519887253
A_NP	337	12114	A	851	0	12007	23.5854085117015
A_NP	338	12678	A	287	0	12636	22.8490028490029
A_NP	339	12572	A	393	0	12355	18.8599757183327
A_NP	340	12569	G	394	0	12196	19.8136274188258
A_NP	341	12825	A	138	0	12699	22.0021261516655
A_NP	342	12808	A	155	0	12765	22.0676850763807
A_NP	343	12678	G	284	0	12625	18.9912079207921
A_NP	344	12846	A	116	0	12776	20.7166562304321
A_NP	345	12933	A	29	0	12872	21.8071783716594
A_NP	346	12915	A	44	0	12743	22.7952601428235
A_NP	347	12885	T	73	0	12613	23.3024657099818
A_NP	348	12832	A	124	0	12592	24.2476175349428
A_NP	349	12871	A	83	0	12701	23.586095583025
A_NP	350	12721	G	231	0	12508	20.6016149664215
A_NP	351	12846	G	104	0	12697	21.7670315822635
A_NP	352	12836	C	114	0	12657	19.3852413684127
A_NP	353	12888	G	62	0	12595	19.9092497022628
A_NP	354	12858	A	91	0	12619	20.9795546398288
A_NP	355	12912	A	37	0	12839	21.842978425111
A_NP	356	12881	T	68	0	12792	23.0724671669794
A_NP	357	12849	C	100	0	12751	25.3402086110893
A_NP	358	12736	T	213	0	12572	26.0601336302895
A_NP	359	12734	G	214	0	12556	24.229372411596
A_NP	360	12781	G	165	0	12626	23.4322825914779
A_NP	361	12782	C	162	0	12606	23.4094875456132
A_NP	362	12801	G	143	0	12637	22.9866265727625
A_NP	363	12783	C	161	0	12648	23.9703510436433
A_NP	364	12830	C	114	0	12670	24.9825572217837
A_NP	365	12755	A	189	0	12654	24.3651019440493
A_NP	366	12842	A	102	0	12715	24.505230043256
A_NP	367	12852	G	92	0	12683	22.7187573917843
A_NP	368	12851	C	93	0	12681	23.5345004337197
A_NP	369	12836	C	103	0	12661	24.0423347286944
A_NP	370	12808	A	127	0	12731	23.7894902207211
A_NP	371	12842	A	93	0	12463	22.6516087619353
A_NP	372	12904	C	30	0	12814	22.1609177462151
A_NP	373	12878	A	56	0	12815	22.2451033944596
A_NP	374	12906	A	28	0	12784	22.7205100125156
A_NP	375	12857	T	77	0	12789	25.640785049652
A_NP	376	12788	G	145	0	12490	23.6727782225781
A_NP	377	12836	G	96	0	12650	21.1951778656126
A_NP	378	12872	T	58	0	12715	20.4851749901691
A_NP	379	12800	G	130	0	12736	20.5723146984925
A_NP	380	12807	A	122	0	12631	21.9103792257145
A_NP	381	12460	G	468	0	12306	20.7415894685519
A_NP	382	12877	G	50	0	12817	20.6006085667473
A_NP	383	12877	A	49	0	12803	20.2440834179489
A_NP	384	12830	T	94	0	12738	21.8419689119171
A_NP	385	12779	G	144	0	12432	23.715250965251
A_NP	386	12770	C	153	0	12624	23.0407953105196
A_NP	387	12645	T	278	0	12316	22.1396557323806
A_NP	388	12686	A	236	0	12338	21.7557140541417
A_NP	389	12814	C	108	0	12708	22.9654548316021
A_NP	390	12847	A	74	0	12664	22.9404611497157
A_NP	391	12824	T	97	0	12705	23.7303423848878
A_NP	392	12843	C	76	0	12773	24.6210757065685
A_NP	393	12825	T	93	0	12619	23.0124415563832
A_NP	394	12760	G	159	0	12611	23.5397668701927
A_NP	395	12853	G	65	0	12566	23.2451854209772
A_NP	396	12872	T	46	0	12727	22.8302035043608
A_NP	397	12816	C	101	0	12634	23.7752889029603
A_NP	398	12785	T	131	0	12491	21.3685053238332
A_NP	399	12748	A	168	0	12611	21.7575925779082
A_NP	400	12785	A	131	0	12517	23.0436206758808
A_NP	401	12595	C	321	0	12444	22.6366923818708
A_NP	402	12760	C	156	0	12566	22.6593187967531
A_NP	403	12760	C	156	0	12519	21.7205847112389
A_NP	404	12763	A	152	0	12594	22.5447038272193
A_NP	405	12306	C	608	0	12076	23.3180688969858
A_NP	406	12842	C	72	0	12631	21.182091679202
A_NP	407	12740	T	172	0	12438	17.291847563917
A_NP	408	12801	A	111	0	12601	20.9536544718673
A_NP	409	12840	A	71	0	12581	22.6070264684842
A_NP	410	12846	T	65	0	12580	23.8431637519873
A_NP	411	12820	G	91	0	12742	24.6328676816826
A_NP	412	12759	A	151	0	12626	24.5713606843022
A_NP	413	12721	T	189	0	12543	25.7504584230248
A_NP	414	12807	T	103	0	12742	26.1765029037828
A_NP	415	12876	T	34	0	12741	24.7631269131151
A_NP	416	12744	G	166	0	12615	24.586761791518
A_NP	417	12868	G	42	0	12789	23.4944874501525
A_NP	418	12847	C	63	0	12765	23.3280846063455
A_NP	419	12836	A	73	0	12717	23.4209326098923
A_NP	420	12811	T	98	0	12703	24.4068330315673
A_NP	421	12846	T	62	0	12744	26.9198838669178
A_NP	422	11946	C	962	0	11749	26.6123074304196
A_NP	423	12815	C	93	0	12558	22.0201465201465
A_NP	424	12735	A	173	0	12636	19.6047008547009
A_NP	425	12819	A	88	0	12671	20.3946018467366
A_NP	426	12767	T	140	0	12562	23.49347237701
A_NP	427	12849	T	58	0	12659	25.4459277984043
A_NP	428	12859	T	47	0	12683	25.9527714263187
A_NP	429	12843	G	62	0	12698	25.8376122223972
A_NP	430	12832	A	71	0	12641	24.1878015979748
A_NP	431	12817	A	86	0	12733	23.1696379486374
A_NP	432	12809	T	93	0	12694	24.0645186702379
A_NP	433	12787	G	115	0	12675	23.6607495069034
A_NP	434	12839	A	63	0	12696	26.2136105860113
A_NP	435	12847	T	52	0	12765	25.7343517430474
A_NP	436	12811	G	88	0	12460	24.2731942215088
A_NP	437	12802	C	96	0	12682	24.069074278505
A_NP	438	12770	A	128	0	12654	24.7029397818871
A_NP	439	12813	A	84	0	12642	24.0408954279386
A_NP	440	12829	C	67	0	12681	25.9084457061746
A_NP	441	12722	A	174	0	12614	25.3342318059299
A_NP	442	12728	T	168	0	12622	24.8078751386468
A_NP	443	12684	A	212	0	12318	22.7233317096931
A_NP	444	12762	C	133	0	12513	22.2655638136338
A_NP	445	12761	C	133	0	12595	22.055180627233
A_NP	446	11956	A	937	0	11799	22.2743452834986
A_NP	447	12768	A	125	0	12594	23.6422899793552
A_NP	448	12786	A	106	0	12601	21.706055074994
A_NP	449	12757	G	135	0	12701	22.8997716715219
A_NP	450	12852	G	40	0	12809	23.825903661488
A_NP	451	12839	A	53	0	12761	23.1425436877988
A_NP	452	12850	C	42	0	12781	24.2093732884751
A_NP	453	12422	A	467	0	12277	24.084222529934
A_NP	454	12743	A	144	0	12637	23.8268576402627
A_NP	455	12753	G	134	0	12488	20.7286995515695
A_NP	456	12745	A	142	0	12500	24.124
A_NP	457	12816	G	71	0	12712	24.2167243549402
A_NP	458	12739	C	148	0	12662	23.2400094771758
A_NP	459	12752	T	135	0	12614	24.1611701284287
A_NP	460	12812	C	75	0	12648	25.7716635041113
A_NP	461	12660	T	226	0	12541	26.2972649708955
A_NP	462	12815	T	71	0	12706	26.2706595309303
A_NP	463	12833	G	53	0	12743	27.1531036647571
A_NP	464	12819	T	66	0	12676	26.9662354054907
A_NP	465	12849	T	36	0	12712	27.269509125236
A_NP	466	12818	C	65	0	12741	27.1585432854564
A_NP	467	12691	G	191	0	12552	23.7356596558317
A_NP	468	12846	G	35	0	12744	22.77565913371
A_NP	469	12820	A	61	0	12728	23.9556096794469
A_NP	470	12843	C	38	0	12742	24.6462878668969
A_NP	471	12722	T	158	0	12522	24.2410158121706
A_NP	472	12519	G	358	0	12372	24.8549143226641
A_NP	473	12821	G	56	0	12643	24.2039073004825
A_NP	474	12787	A	90	0	12696	23.5422967863894
A_NP	475	12824	A	53	0	12729	26.7939351088067
A_NP	476	12837	T	40	0	12744	24.7917451349655
A_NP	477	12580	G	296	0	12474	24.182379349046
A_NP	478	12839	G	37	0	12682	23.6471376754455
A_NP	479	12826	A	50	0	12769	23.5507870624168
A_NP	480	12828	T	48	0	12783	23.2786513338027
A_NP	481	12065	C	811	0	12027	23.6317452398769
A_NP	482	12576	C	300	0	12506	23.7625939549016
A_NP	483	12756	C	119	0	12457	21.7822108051698
A_NP	484	12670	A	205	0	12440	21.4166398713826
A_NP	485	12773	G	100	0	12670	20.2801104972376
A_NP	486	12694	A	179	0	12559	19.8161477824668
A_NP	487	12801	A	71	0	12685	22.4055971620024
A_NP	488	12487	T	385	0	12382	22.6057179777096
A_NP	489	12492	G	380	0	12368	23.9184184993532
A_NP	490	12725	T	147	0	12597	24.1170913709613
A_NP	491	12688	G	179	0	12463	23.2259488084731
A_NP	492	12377	C	490	0	12308	22.6793955151121
A_NP	493	12368	T	499	0	12214	23.8786638283936
A_NP	494	12774	C	91	0	12634	23.9969922431534
A_NP	495	12759	T	106	0	12656	31.6170195954488
A_NP	496	12687	C	178	0	12597	66.248471858379
A_NP	497	12671	T	193	0	12425	32.2836217303823
A_NP	498	12801	G	63	0	12712	26.3209565764632
A_NP	499	12813	A	50	0	12657	27.268152010745
A_NP	500	12789	T	74	0	12703	27.0673069353696
A_NP	501	12751	G	111	0	12579	26.0170124811193
A_NP	502	12705	C	155	0	12575	24.9334393638171
A_NP	503	12592	A	267	0	11328	17.9055437853107
A_NP	504	12491	G	368	0	12339	16.5016613988168
A_NP	505	12778	G	80	0	12557	16.3058055267978
A_NP	506	12772	G	84	0	12530	20.4988028731045
A_NP	507	12730	C	126	0	12569	20.5568462089267
A_NP	508	12735	T	118	0	12461	21.8245726667202
A_NP	509	12733	C	118	0	12475	23.344368737475
A_NP	510	12759	G	91	0	12486	21.4760531795611
A_NP	511	12747	A	103	0	12456	21.2904624277457
A_NP	512	12593	C	257	0	12439	22.1065198167055
A_NP	513	12491	T	359	0	12361	23.4815953401828
A_NP	514	12577	C	273	0	12492	24.1942042907461
A_NP	515	12608	T	240	0	12516	28.6788111217641
A_NP	516	10299	C	2549	0	10110	31.028684470821
A_NP	517	12526	C	322	0	12440	25.0561897106109
A_NP	518	12621	C	226	0	12409	17.5894914981062
A_NP	519	12576	T	269	0	12344	16.7151652624757
A_NP	520	12606	A	239	0	12428	21.4043289346637
A_NP	521	12687	G	157	0	12536	21.2681876196554
A_NP	522	12442	A	402	0	12293	21.4700235906614
A_NP	523	12692	A	152	0	12584	20.7515098537826
A_NP	524	12667	G	176	0	12579	17.4345337467207
A_NP	525	12784	G	59	0	12637	20.4317480414655
A_NP	526	12778	T	65	0	12633	20.8846671416132
A_NP	527	12224	C	619	0	12143	22.7900024705592
A_NP	528	12707	C	136	0	12408	18.9718729851709
A_NP	529	12426	G	417	0	12215	16.8234957020057
A_NP	530	12431	G	411	0	12318	18.7358337392434
A_NP	531	12123	A	716	0	11912	20.5106615177972
A_NP	532	12615	G	223	0	12509	22.0101526900632
A_NP	533	12616	C	222	0	12485	22.0933920704846
A_NP	534	12572	T	266	0	11719	22.3399607475041
A_NP	535	12728	G	110	0	12584	24.7747139224412
A_NP	536	12573	C	260	0	12499	25.4012320985679
A_NP	537	12746	C	84	0	12387	24.3519819165254
A_NP	538	12723	G	107	0	12487	22.0404420597421
A_NP	539	12770	G	60	0	12414	21.0092637344933
A_NP	540	12643	T	187	0	12503	21.1242101895545
A_NP	541	12636	G	194	0	12521	22.0817027393978
A_NP	542	12619	C	211	0	12500	23.42376
A_NP	543	12651	T	179	0	12472	24.369547787043
A_NP	544	12739	G	91	0	12623	23.2139744910085
A_NP	545	12748	C	81	0	12611	23.3416065339783
A_NP	546	12757	A	72	0	12324	20.0395163907822
A_NP	547	12792	G	37	0	12606	19.4531175630652
A_NP	548	12793	T	36	0	12654	19.2184289552711
A_NP	549	12784	C	43	0	12723	19.5831957871571
A_NP	550	12251	A	574	0	12125	21.3512577319588
A_NP	551	12683	A	142	0	12544	22.1896524234694
A_NP	552	12660	A	165	0	12470	20.0718524458701
A_NP	553	12611	G	213	0	12543	21.3893805309735
A_NP	554	12645	G	179	0	12588	21.4663171274229
A_NP	555	12641	A	183	0	12538	19.4099537406285
A_NP	556	12706	A	118	0	12613	22.7446285578372
A_NP	557	12755	T	68	0	12678	23.2748856286481
A_NP	558	12734	C	89	0	12640	23.8995253164557
A_NP	559	12591	G	232	0	12309	22.2248761069136
A_NP	560	12797	G	26	0	12664	21.9899715729627
A_NP	561	12724	A	98	0	12547	22.9367179405436
A_NP	562	12771	A	51	0	12624	25.248257287706
A_NP	563	12777	C	42	0	12682	25.9299794985018
A_NP	564	12761	A	58	0	12702	26.1614706345457
A_NP	565	12762	A	57	0	12666	27.4514448128849
A_NP	566	12731	T	88	0	12658	27.1732501185021
A_NP	567	12718	G	101	0	12621	27.2642421361223
A_NP	568	12752	G	65	0	12664	24.7331017056222
A_NP	569	12761	T	56	0	12573	24.8687664041995
A_NP	570	12767	G	50	0	12698	25.1895574106158
A_NP	571	12783	A	34	0	12659	26.1361086973695
A_NP	572	12786	T	30	0	12731	27.2189930091902
A_NP	573	12676	G	140	0	12624	26.8765050697085
A_NP	574	12789	G	26	0	12714	24.7869277961303
A_NP	575	12764	A	51	0	12643	25.0661235466266
A_NP	576	12788	A	26	0	12521	26.7905119399409
A_NP	577	12777	C	37	0	12688	24.905580075662
A_NP	578	12701	T	113	0	12399	24.9659649971772
A_NP	579	12783	G	31	0	12678	24.7498028080139
A_NP	580	12689	A	125	0	12553	25.220664383016
A_NP	581	12748	T	66	0	12671	25.9983426722437
A_NP	582	12780	C	33	0	12682	27.0486516322347
A_NP	583	12656	A	155	0	12382	24.0915037958327
A_NP	584	12721	G	88	0	12574	22.4036106250994
A_NP	585	12718	A	91	0	12521	22.4475680856162
A_NP	586	12772	A	37	0	12627	23.7571869802804
A_NP	587	12762	T	47	0	12580	24.2964228934817
A_NP	588	12768	G	38	0	12683	26.0833399038082
A_NP	589	12756	A	50	0	12648	27.3909709044908
A_NP	590	12776	T	29	0	12721	27.0137567801273
A_NP	591	12769	C	36	0	12703	27.9681964890183
A_NP	592	12715	A	90	0	12593	25.2584769316287
A_NP	593	12747	A	57	0	12620	24.9584786053883
A_NP	594	12690	A	111	0	12421	24.9715803880525
A_NP	595	12660	C	139	0	12532	24.0710979891478
A_NP	596	11104	G	1695	0	10470	19.2432664756447
A_NP	597	12481	G	317	0	12251	17.9446575789731
A_NP	598	12732	G	60	0	12373	16.820415420674
A_NP	599	12749	G	39	0	12325	19.1680324543611
A_NP	600	12734	G	54	0	12577	19.5922716069015
A_NP	601	12702	A	84	0	12647	20.7919664742627
A_NP	602	12754	T	32	0	12682	21.8188771487147
A_NP	603	12693	C	90	0	12628	23.3162020905923
A_NP	604	12656	A	126	0	12569	19.9606173919962
A_NP	605	12718	A	63	0	12487	19.5388003523665
A_NP	606	12717	C	59	0	12555	23.3669454400637
A_NP	607	12718	G	57	0	12604	22.3062519834973
A_NP	608	12723	A	52	0	12594	22.267667143084
A_NP	609	12742	T	32	0	12649	22.928848130287
A_NP	610	12730	C	44	0	12637	23.8540001582654
A_NP	611	12530	G	244	0	12361	17.9080980503196
A_NP	612	12593	A	181	0	12418	17.7633274279272
A_NP	613	12666	A	108	0	12508	18.4434761752478
A_NP	614	12619	A	155	0	12476	22.2390189163193
A_NP	615	10391	T	2383	0	10092	22.3221363456203
A_NP	616	12631	T	141	0	12499	25.1117689415153
A_NP	617	12681	T	91	0	12540	26.1616427432217
A_NP	618	12697	T	75	0	12531	32.5235815178358
A_NP	619	12577	T	192	0	12375	26.8936565656566
A_NP	620	12430	G	339	0	12357	25.0240349599417
A_NP	621	12292	G	475	0	12224	24.5083442408377
A_NP	622	12350	A	415	0	12231	24.090589485733
A_NP	623	12588	G	177	0	12502	24.8045112781955
A_NP	624	12623	A	142	0	12512	24.3585358056266
A_NP	625	12604	G	161	0	12378	29.061641622233
A_NP	626	12614	G	151	0	12492	21.4111431316042
A_NP	627	12582	T	183	0	12470	21.0285485164395
A_NP	628	12608	G	157	0	12565	22.3547950656586
A_NP	629	12638	A	127	0	12568	23.9547262889879
A_NP	630	12643	G	122	0	12550	23.3545019920319
A_NP	631	12693	A	70	0	12612	22.482159847764
A_NP	632	12718	A	45	0	12633	23.1222195836302
A_NP	633	12705	T	57	0	12621	24.222644798352
A_NP	634	12576	G	186	0	12495	25.7268507402961
A_NP	635	12678	G	83	0	12595	25.2728860658992
A_NP	636	12675	G	86	0	12562	23.3119726158255
A_NP	637	12665	C	95	0	12496	22.9302176696543
A_NP	638	12670	G	90	0	12488	20.6739269698911
A_NP	639	12665	G	94	0	12537	20.5873813512004
A_NP	640	12425	A	331	0	12354	20.6588149587178
A_NP	641	12656	A	99	0	12562	22.6631905747492
A_NP	642	12702	A	52	0	12620	27.8499207606973
A_NP	643	12685	A	69	0	12404	28.0837633021606
A_NP	644	12676	C	76	0	12531	26.072380496369
A_NP	645	11716	A	1032	0	11624	23.8477288368892
A_NP	646	12063	A	684	0	11965	21.2895946510656
A_NP	647	12025	G	722	0	11836	18.2169651909429
A_NP	648	12625	A	121	0	12485	19.9453744493392
A_NP	649	12683	A	63	0	12520	20.5492811501597
A_NP	650	12616	G	130	0	12419	21.4586520653837
A_NP	651	12542	T	204	0	12382	22.0785818123082
A_NP	652	12577	G	169	0	12390	23.3705407586764
A_NP	653	12439	C	306	0	12217	22.7662273880658
A_NP	654	12170	T	565	0	11982	23.1817726589885
A_NP	655	12411	T	324	0	12063	22.9596286164304
A_NP	656	12474	A	260	0	12167	23.0798882222405
A_NP	657	12585	T	149	0	12125	23.3736907216495
A_NP	658	12413	G	321	0	12314	23.8704726327757
A_NP	659	12431	A	303	0	12304	25.1356469440832
A_NP	660	12479	G	254	0	12363	22.9453207150368
A_NP	661	12585	A	147	0	12430	28.4082864038616
A_NP	662	12594	G	136	0	12455	47.0529907667603
A_NP	663	12550	A	180	0	12344	26.4506642903435
A_NP	664	12651	A	79	0	12533	22.8493576956834
A_NP	665	12343	T	387	0	12228	23.1105659142951
A_NP	666	12282	G	448	0	12113	24.3009163708412
A_NP	667	12609	T	121	0	12454	23.8121888549863
A_NP	668	12600	G	130	0	12147	21.8672923355561
A_NP	669	12571	C	153	0	12468	21.590632017966
A_NP	670	12563	A	160	0	12471	22.88525378879
A_NP	671	12648	A	74	0	11971	21.6544983710634
A_NP	672	12670	C	52	0	12568	21.8985518777849
A_NP	673	12667	A	55	0	12583	21.7268536914885
A_NP	674	12663	T	59	0	12578	21.8085546191763
A_NP	675	12641	T	81	0	12538	25.6847982134312
A_NP	676	12616	C	106	0	12544	25.8828125
A_NP	677	12671	T	51	0	12551	25.8580989562585
A_NP	678	12651	C	70	0	12582	26.7102209505643
A_NP	679	11529	A	1192	0	11376	25.1617440225035
A_NP	680	12508	A	213	0	12389	26.3807409799015
A_NP	681	12404	A	315	0	11546	21.0368092846007
A_NP	682	12353	G	366	0	12207	20.4275415745064
A_NP	683	12532	G	186	0	12033	18.9334330590875
A_NP	684	12331	A	387	0	12103	16.4930182599356
A_NP	685	12550	A	168	0	12396	18.2259599870926
A_NP	686	12556	A	161	0	12417	18.9203511315132
A_NP	687	12529	A	188	0	12390	18.3868442292171
A_NP	688	12383	T	329	0	11855	18.9411218894981
A_NP	689	12572	T	139	0	12195	21.2066420664207
A_NP	690	12586	T	125	0	12267	21.3261596152278
A_NP	691	12585	C	123	0	12345	22.8566221142163
A_NP	692	12547	A	156	0	12438	20.6512301013025
A_NP	693	12659	A	42	0	12579	20.6998171555768
A_NP	694	12654	A	47	0	12353	22.7681534849834
A_NP	695	12650	C	51	0	12569	23.285305115761
A_NP	696	12650	A	50	0	12487	21.9639625210219
A_NP	697	12608	G	91	0	12442	20.994534640733
A_NP	698	12629	C	70	0	12558	21.7611084567606
A_NP	699	12605	T	92	0	12484	22.3324255046459
A_NP	700	12596	G	101	0	12523	23.2939391519604
A_NP	701	12521	C	176	0	12445	25.0941743672158
A_NP	702	12429	A	268	0	12308	24.5296555086123
A_NP	703	12554	C	142	0	12436	23.873512383403
A_NP	704	11317	A	1379	0	11224	25.263720598717
A_NP	705	12375	A	318	0	12311	25.3324668995208
A_NP	706	12515	A	178	0	12470	26.3221331194868
A_NP	707	12635	A	56	0	12557	31.7763000716732
A_NP	708	12643	A	45	0	12548	31.853522473701
A_NP	709	12589	G	98	0	12433	28.2494973055578
A_NP	710	12617	C	66	0	12523	23.3359418669648
A_NP	711	12561	A	121	0	12503	23.2803327201472
A_NP	712	12600	A	82	0	12420	23.5205314009662
A_NP	713	12546	T	136	0	12468	26.2852101379532
A_NP	714	12460	G	222	0	12360	26.2604368932039
A_NP	715	12508	G	174	0	12348	23.514091350826
A_NP	716	12609	T	73	0	12460	23.4959871589085
A_NP	717	12603	G	79	0	12513	23.2062654838967
A_NP	718	12657	G	25	0	12606	22.7378232587657
A_NP	719	12649	A	31	0	12596	24.1704509368053
A_NP	720	12623	T	49	0	12529	24.8738925692394
A_NP	721	12539	C	133	0	12457	25.3034438468331
A_NP	722	12186	A	486	0	11980	24.8843906510851
A_NP	723	12375	A	297	0	12092	22.7248594111809
A_NP	724	12524	G	146	0	12399	22.0350028228083
A_NP	725	12393	T	277	0	12039	22.9354597557937
A_NP	726	12479	T	190	0	12278	23.8564912852256
A_NP	727	10401	A	2268	0	10238	22.3174448134401
A_NP	728	10384	G	2283	0	10234	19.7991987492671
A_NP	729	12064	A	603	0	11946	18.868658965344
A_NP	730	12009	G	655	0	11872	21.3606805929919
A_NP	731	12039	A	624	0	11911	22.8393921585089
A_NP	732	12530	A	133	0	12444	17.4399710703954
A_NP	733	12544	A	118	0	12409	18.0211137077927
A_NP	734	12459	G	203	0	12305	18.158147094677
A_NP	735	12180	C	482	0	11956	18.4636165941787
A_NP	736	12506	C	152	0	11899	16.8986469451214
A_NP	737	12462	G	196	0	12256	14.5630711488251
A_NP	738	12413	A	245	0	12296	14.8283994795055
A_NP	739	12479	A	179	0	12339	15.2762784666505
A_NP	740	12429	A	228	0	12248	20.9405617243632
A_NP	741	11847	C	809	0	11460	20.9821116928447
A_NP	742	12466	C	190	0	11968	20.668449197861
A_NP	743	12441	C	215	0	11631	18.0643108933024
A_NP	744	12170	A	485	0	11860	18.0419055649241
A_NP	745	12121	G	534	0	11845	19.1121992401857
A_NP	746	12555	G	100	0	12408	18.2039813023856
A_NP	747	12507	A	148	0	12376	18.2735940530058
A_NP	748	12571	A	78	0	12497	22.1346723213571
A_NP	749	12493	A	156	0	12276	24.3268980123819
A_NP	750	12301	C	348	0	12147	22.1029883921956
A_NP	751	12148	G	497	0	11809	19.7274112964688
A_NP	752	12552	C	92	0	12290	18.7893409275834
A_NP	753	12551	T	91	0	12344	18.1960466623461
A_NP	754	12571	G	70	0	12483	18.338860850757
A_NP	755	12533	A	107	0	12396	20.1236689254598
A_NP	756	12425	G	214	0	12335	20.0980137819214
A_NP	757	12595	A	44	0	12525	21.2269860279441
A_NP	758	12600	T	38	0	12516	20.5953978906999
A_NP	759	12565	C	73	0	12401	20.3427142972341
A_NP	760	12371	G	266	0	12024	15.1719893546241
A_NP	761	12365	A	272	0	12136	14.7350032959789
A_NP	762	12367	A	269	0	12219	15.104263851379
A_NP	763	12370	G	266	0	12197	16.9207182093958
A_NP	764	12546	A	90	0	12400	19.1986290322581
A_NP	765	12506	T	130	0	12421	18.9672329120039
A_NP	766	11990	C	645	0	11902	20.1908922870106
A_NP	767	12518	T	117	0	12379	22.5700783585104
A_NP	768	12485	C	150	0	12337	23.9331279889762
A_NP	769	12301	A	333	0	11898	21.3324928559422
A_NP	770	12315	T	318	0	12111	21.5769135496656
A_NP	771	12463	A	170	0	12137	20.7485375298673
A_NP	772	11110	T	1523	0	10824	21.2505543237251
A_NP	773	12331	T	301	0	12067	22.1579514378056
A_NP	774	12466	T	165	0	12148	22.7546098123148
A_NP	775	12508	T	121	0	12011	22.9001748397302
A_NP	776	12361	T	267	0	11914	20.5872083263388
A_NP	777	12137	A	491	0	11914	18.5090649655867
A_NP	778	12160	G	465	0	8460	15.9709219858156
A_NP	779	12270	C	355	0	11979	14.6296018031555
A_NP	780	12219	A	406	0	11992	14.9723148765844
A_NP	781	12537	A	88	0	12382	15.14456469068
A_NP	782	12542	G	81	0	12427	18.8283576084333
A_NP	783	12574	A	49	0	12481	22.5929813316241
A_NP	784	12561	T	62	0	12509	22.6081221520505
A_NP	785	12516	C	107	0	12462	22.5029690258385
A_NP	786	12494	T	127	0	12368	23.0426099611902
A_NP	787	12392	G	228	0	12309	22.1073198472662
A_NP	788	12073	C	547	0	11966	22.5656025405315
A_NP	789	12123	A	491	0	12045	21.6082191780822
A_NP	790	12555	C	59	0	12442	21.2993087927986
A_NP	791	12537	T	77	0	12344	21.5588950097213
A_NP	792	12556	G	58	0	12438	22.5274159832771
A_NP	793	12525	A	88	0	12439	24.9627783583889
A_NP	794	12507	T	106	0	12417	25.9522428928082
A_NP	795	12476	A	136	0	12260	24.9844208809135
A_NP	796	12490	T	112	0	12274	24.4329476943132
A_NP	797	12555	T	45	0	12479	24.3130859844539
A_NP	798	12376	G	223	0	12290	23.7247355573637
A_NP	799	12381	A	216	0	12210	22.9264537264537
A_NP	800	12455	G	141	0	12340	22.269205834684
A_NP	801	12478	A	118	0	12236	26.275171624714
A_NP	802	12418	G	178	0	12336	23.7052529182879
A_NP	803	12548	G	48	0	12474	20.6841430174764
A_NP	804	12530	A	65	0	12443	19.5146668809773
A_NP	805	12475	T	119	0	12386	21.8108348134991
A_NP	806	12531	C	63	0	12422	22.3760264047657
A_NP	807	12505	A	88	0	12302	19.6987481710291
A_NP	808	12527	G	66	0	12424	19.1481004507405
A_NP	809	12511	T	81	0	12248	21.5577237099935
A_NP	810	12551	T	41	0	12472	22.4604714560616
A_NP	811	12480	G	111	0	12259	22.3329798515376
A_NP	812	12399	C	190	0	12248	22.7801273677335
A_NP	813	12475	T	114	0	12299	23.2214814212538
A_NP	814	12384	C	205	0	12229	23.0597759424319
A_NP	815	12364	A	225	0	12024	21.3781603459747
A_NP	816	12504	C	84	0	12227	21.7441727324773
A_NP	817	12375	A	211	0	12262	22.028217256565
A_NP	818	12534	A	51	0	12415	22.5140555779299
A_NP	819	12525	A	59	0	12371	23.8926521703985
A_NP	820	12500	T	83	0	12427	24.4157882031061
A_NP	821	12494	C	88	0	12427	24.2682063249376
A_NP	822	12140	T	438	0	11998	23.2085347557926
A_NP	823	12441	T	134	0	12347	22.5134850570989
A_NP	824	12357	G	214	0	12037	20.8679072858686
A_NP	825	12325	C	245	0	12178	20.7025784201018
A_NP	826	12391	C	179	0	12257	20.5985967202415
A_NP	827	12351	T	218	0	12190	19.5643150123052
A_NP	828	12437	A	132	0	12252	20.7117205354228
A_NP	829	12268	C	301	0	12173	21.1663517620964
A_NP	830	12362	C	207	0	12253	20.7825022443483
A_NP	831	12339	T	229	0	12234	20.990681706719
A_NP	832	12322	G	243	0	12137	21.8064595863887
A_NP	833	12171	C	394	0	12048	22.2373837981408
A_NP	834	12445	C	119	0	12101	20.2608048921577
A_NP	835	12289	T	273	0	11999	19.5274606217185
A_NP	836	12284	G	278	0	11541	20.3060393380123
A_NP	837	12440	T	122	0	12299	20.5661435889097
A_NP	838	12387	G	175	0	12142	20.9599736451985
A_NP	839	12438	C	122	0	12337	20.5868525573478
A_NP	840	12359	A	200	0	12245	23.5291139240506
A_NP	841	12418	T	141	0	12320	23.3157467532468
A_NP	842	12507	A	51	0	12405	24.1635630794035
A_NP	843	12504	T	53	0	12408	24.5255480335268
A_NP	844	12475	G	82	0	12432	24.8480534105534
A_NP	845	12528	G	29	0	12480	23.3484775641026
A_NP	846	12522	A	32	0	12415	23.1039871123641
A_NP	847	12382	C	170	0	12271	23.0295004482112
A_NP	848	12466	C	82	0	12298	21.7128801431127
A_NP	849	12435	T	112	0	12261	21.8284805480793
A_NP	850	12441	G	104	0	12222	21.5190639829815
A_NP	851	12417	C	128	0	12269	21.6139049637297
A_NP	852	12403	A	142	0	12085	20.1394290442698
A_NP	853	12449	G	94	0	12320	19.1058441558442
A_NP	854	12416	T	126	0	12296	19.6099544567339
A_NP	855	12474	A	67	0	12365	20.6632430246664
A_NP	856	12480	T	58	0	12355	23.3213273978146
A_NP	857	11627	C	910	0	11512	25.1788568450313
A_NP	858	12489	C	46	0	12251	20.3337686719451
A_NP	859	12479	A	55	0	12330	18.2150851581509
A_NP	860	12467	G	67	0	12367	18.9056359666855
A_NP	861	12460	T	73	0	12399	20.526736027099
A_NP	862	12422	G	108	0	12316	22.9881455017863
A_NP	863	12457	G	71	0	12274	22.9837053935147
A_NP	864	12425	T	102	0	12171	22.0020540629365
A_NP	865	12461	T	63	0	12263	21.7709369648536
A_NP	866	12266	A	258	0	11928	21.326626425218
A_NP	867	12344	C	179	0	11860	19.6206576728499
A_NP	868	12404	G	117	0	12272	17.7763200782269
A_NP	869	12476	A	45	0	12335	17.9253344142683
A_NP	870	12485	C	35	0	12396	18.2203130041949
A_NP	871	12376	T	144	0	12296	20.4952830188679
A_NP	872	12459	T	60	0	12397	24.4110671936759
A_NP	873	12436	T	83	0	12350	26.4244534412955
A_NP	874	12392	G	127	0	12275	24.9917718940937
A_NP	875	9462	A	3056	0	9248	24.023464532872
A_NP	876	12112	A	405	0	11953	21.8154438216347
A_NP	877	12378	A	137	0	12309	23.3120480948899
A_NP	878	12338	A	177	0	12218	24.7689474545752
A_NP	879	12121	A	391	0	11983	20.8852541099892
A_NP	880	12026	G	480	0	11943	21.8765804236791
A_NP	881	11978	A	524	0	11768	21.8065091774303
A_NP	882	10977	G	1525	0	10864	21.5777798232695
A_NP	883	12399	G	103	0	12330	19.6188158961882
A_NP	884	12398	G	102	0	12328	19.7975340687865
A_NP	885	12369	A	131	0	12260	18.2473898858075
A_NP	886	12399	T	101	0	12294	22.3661135513258
A_NP	887	12421	A	79	0	12256	22.9419875979112
A_NP	888	12377	T	123	0	12237	24.5243932336357
A_NP	889	12384	T	116	0	12274	25.0678670360111
A_NP	890	11944	C	554	0	11866	25.0476993089499
A_NP	891	12282	C	215	0	12034	21.4592820342363
A_NP	892	12129	T	364	0	11737	20.8329215302036
A_NP	893	12303	T	188	0	12052	21.4946067042814
A_NP	894	12180	G	311	0	11977	21.6808048760124
A_NP	895	12305	G	185	0	12189	20.1580113216835
A_NP	896	12338	T	152	0	12079	20.3547479095952
A_NP	897	11689	G	801	0	11283	20.875210493663
A_NP	898	12245	G	244	0	11862	20.6041139774068
A_NP	899	12438	G	50	0	12264	19.5938519243314
A_NP	900	12320	A	167	0	12162	20.1747245518829
A_NP	901	12421	A	65	0	12235	21.6286881896199
A_NP	902	12429	T	57	0	12189	21.6052178193453
A_NP	903	12337	A	147	0	11967	19.9401687975265
A_NP	904	12398	G	85	0	12130	19.1390766694147
A_NP	905	12312	A	171	0	12094	19.5203406647925
A_NP	906	12086	C	397	0	11920	19.6817953020134
A_NP	907	12378	C	105	0	12207	19.1281232079954
A_NP	908	12316	C	166	0	12125	18.9481237113402
A_NP	909	12146	T	335	0	11945	19.812641272499
A_NP	910	12303	T	170	0	12162	20.7948528202598
A_NP	911	12379	T	94	0	12220	24.6796235679214
A_NP	912	12381	C	90	0	12221	24.0726618116357
A_NP	913	12264	A	206	0	12165	19.8541718043568
A_NP	914	12381	A	88	0	12281	18.5985668919469
A_NP	915	12362	A	107	0	12052	18.8157152339861
A_NP	916	12285	C	184	0	12138	18.3696655132641
A_NP	917	12285	T	184	0	12158	17.6289685803586
A_NP	918	12337	A	131	0	12116	17.4792835919445
A_NP	919	12226	C	241	0	12125	19.5311340206186
A_NP	920	12110	T	356	0	12001	21.5477043579702
A_NP	921	12272	T	194	0	12096	22.7846395502646
A_NP	922	12292	C	174	0	12162	24.0430850189114
A_NP	923	12119	A	347	0	12015	21.8273824386184
A_NP	924	12391	A	74	0	12349	21.9535185035226
A_NP	925	12417	A	47	0	12372	25.7001293242806
A_NP	926	12410	A	53	0	12316	29.56706722962
A_NP	927	12388	T	75	0	12223	26.6813384602798
A_NP	928	12360	A	103	0	12284	25.0254802995767
A_NP	929	12337	G	124	0	12028	21.5635184569338
A_NP	930	12325	C	136	0	12114	21.2845468053492
A_NP	931	12364	C	97	0	12181	21.2819144569411
A_NP	932	12282	A	179	0	12235	21.4952186350633
A_NP	933	12405	A	55	0	12342	24.4271592934695
A_NP	934	12366	A	93	0	12257	26.3231622746186
A_NP	935	12350	T	108	0	12160	27.3344572368421
A_NP	936	12415	A	41	0	12273	26.9920149922594
A_NP	937	12401	T	54	0	12258	34.3986784140969
A_NP	938	12374	A	80	0	11942	24.4170993133478
A_NP	939	12366	C	88	0	12225	21.1665439672802
A_NP	940	12375	A	78	0	12233	19.9702444208289
A_NP	941	12365	G	88	0	12036	19.3720505151213
A_NP	942	12336	C	117	0	12266	19.6096526985162
A_NP	943	11481	T	972	0	11267	21.1172450519215
A_NP	944	11682	T	770	0	11356	21.1798168369144
A_NP	945	12396	A	54	0	12301	21.5394683359076
A_NP	946	12423	A	26	0	12360	21.8245954692557
A_NP	947	12409	T	40	0	12313	22.1373345244863
A_NP	948	12403	C	44	0	12303	26.9525319027879
A_NP	949	12394	A	51	0	12202	21.9423045402393
A_NP	950	12399	G	45	0	12298	20.5739957716702
A_NP	951	12383	A	59	0	12269	22.4387480642269
A_NP	952	12095	C	347	0	11946	23.272141302528
A_NP	953	12383	C	59	0	12179	22.6671319484358
A_NP	954	12286	T	148	0	12108	22.1031549388834
A_NP	955	12297	A	137	0	12184	24.3525935653316
A_NP	956	12373	A	60	0	12122	24.5650057746246
A_NP	957	12354	T	79	0	12164	24.1671325221966
A_NP	958	12221	G	212	0	12036	23.8141409106015
A_NP	959	12304	A	129	0	12183	23.615037347123
A_NP	960	12255	G	178	0	12117	21.6534620780721
A_NP	961	12363	A	70	0	12256	21.2624836814621
A_NP	962	12383	A	50	0	12325	22.0218255578093
A_NP	963	12305	T	126	0	12220	23.0405073649755
A_NP	964	12098	C	331	0	11988	25.5560560560561
A_NP	965	12358	C	67	0	12228	22.9088158325155
A_NP	966	12311	A	108	0	12215	22.010560785919
A_NP	967	12249	G	170	0	12017	21.5403178829991
A_NP	968	11928	C	491	0	11810	22.211600338696
A_NP	969	11931	A	487	0	11805	22.365861922914
A_NP	970	12322	C	95	0	12216	22.367223313687
A_NP	971	12260	A	155	0	12111	30.0904962430848
A_NP	972	12271	C	141	0	12121	56.1090669086709
A_NP	973	11555	A	856	0	11394	36.0610847814639
A_NP	974	12268	A	143	0	12094	20.1358524888374
A_NP	975	12229	G	181	0	12001	17.211732355637
A_NP	976	12314	A	96	0	12171	18.4790074767891
A_NP	977	12350	G	60	0	12185	21.6572835453426
A_NP	978	12350	T	60	0	12238	20.4374080732146
A_NP	979	12343	C	67	0	12210	22.2405405405405
A_NP	980	12337	A	73	0	12101	21.7459714073217
A_NP	981	12230	G	179	0	12093	21.4147854130489
A_NP	982	12305	C	103	0	12037	22.1835174877461
A_NP	983	12291	T	117	0	12196	22.594129222696
A_NP	984	12245	G	163	0	12123	23.541532623938
A_NP	985	12120	G	288	0	11928	23.0080482897384
A_NP	986	12120	T	288	0	11981	23.0257073700025
A_NP	987	12275	G	132	0	12139	23.955680039542
A_NP	988	12203	T	204	0	12070	26.5426677713339
A_NP	989	12158	G	247	0	12092	31.6036222295733
A_NP	990	12352	G	53	0	12267	26.2738240808674
A_NP	991	12341	A	64	0	12246	26.0195982361587
A_NP	992	12354	T	51	0	12290	25.3287225386493
A_NP	993	12198	G	202	0	11991	23.7265449086815
A_NP	994	12239	G	159	0	12099	22.9189189189189
A_NP	995	12223	C	173	0	11947	22.4743450238554
A_NP	996	12262	A	134	0	12174	21.6497453589617
A_NP	997	12236	T	160	0	12131	21.9546616107493
A_NP	998	12236	G	160	0	11705	20.9758222981632
A_NP	999	12166	C	230	0	12017	19.9876008987268
A_NP	1000	12303	C	92	0	12089	19.5371825626603
A_NP	1001	12310	A	85	0	12238	19.0111129269488
A_NP	1002	12297	T	98	0	12190	21.4105004101723
A_NP	1003	12311	T	84	0	12210	24.3397215397215
A_NP	1004	12163	C	232	0	12102	25.1763344901669
A_NP	1005	12143	T	252	0	12062	25.4189189189189
A_NP	1006	12128	G	266	0	11913	23.9875765969949
A_NP	1007	12302	C	92	0	12176	22.9593462549277
A_NP	1008	12244	T	150	0	12144	22.0643115942029
A_NP	1009	12254	G	140	0	12119	21.4441785625877
A_NP	1010	12304	C	90	0	12220	22.5049099836334
A_NP	1011	12285	A	109	0	12245	23.4516129032258
A_NP	1012	12081	T	310	0	11972	24.0882893417975
A_NP	1013	12313	T	73	0	12240	25.6162581699346
A_NP	1014	12324	T	62	0	12213	25.1172521084091
A_NP	1015	12281	G	104	0	12184	23.7662508207485
A_NP	1016	12265	A	118	0	12172	24.7465494577719
A_NP	1017	12228	A	155	0	12146	23.8973324551293
A_NP	1018	12230	G	152	0	12149	23.2897357807227
A_NP	1019	12312	A	70	0	12231	24.560461123375
A_NP	1020	12237	T	145	0	12137	23.5796325286315
A_NP	1021	12343	T	39	0	12280	24.3443811074919
A_NP	1022	12319	T	62	0	12198	24.4915559927857
A_NP	1023	12130	A	251	0	11968	24.9451871657754
A_NP	1024	12266	A	114	0	12115	24.0051176227817
A_NP	1025	12276	G	102	0	12123	20.3680607110451
A_NP	1026	12285	A	89	0	12109	22.4845156495169
A_NP	1027	12295	T	77	0	12102	22.9172037679722
A_NP	1028	12310	T	62	0	12212	23.0969538159188
A_NP	1029	12299	G	73	0	12087	23.6953751964921
A_NP	1030	12279	T	86	0	12029	23.336104414332
A_NP	1031	12297	T	67	0	12146	24.1525605137494
A_NP	1032	11942	A	420	0	11789	23.8038849775214
A_NP	1033	12154	A	208	0	12059	22.9734638029687
A_NP	1034	12264	G	95	0	12014	20.4372398867987
A_NP	1035	12234	C	124	0	12131	21.5842057538538
A_NP	1036	12109	T	249	0	12009	22.0681155799817
A_NP	1037	12169	T	181	0	12032	23.188829787234
A_NP	1038	12233	C	117	0	12159	25.7989143844066
A_NP	1039	12280	A	66	0	12189	26.0837640495529
A_NP	1040	12299	T	47	0	12187	26.4378436038402
A_NP	1041	12299	C	47	0	12205	27.3542810323638
A_NP	1042	12271	A	75	0	12176	24.5219283837056
A_NP	1043	12220	G	126	0	12170	22.6079704190633
A_NP	1044	12257	A	89	0	12151	23.1810550571969
A_NP	1045	12067	G	279	0	11914	24.374769179117
A_NP	1046	12281	G	64	0	12223	22.3391965965802
A_NP	1047	12197	A	148	0	12118	21.2988942069648
A_NP	1048	12274	A	71	0	12143	23.0038705426995
A_NP	1049	12272	C	73	0	12152	22.220292955892
A_NP	1050	10902	A	1442	0	10773	23.1611435997401
A_NP	1051	12053	A	289	0	11951	23.6448832733662
A_NP	1052	12262	A	78	0	12177	23.0029563932003
A_NP	1053	12282	A	55	0	12161	22.9588849601184
A_NP	1054	12221	G	114	0	11985	23.1304130162703
A_NP	1055	12225	T	109	0	11857	21.1789660116387
A_NP	1056	12280	A	53	0	12112	21.6155052840159
A_NP	1057	12168	T	165	0	12010	21.9864279766861
A_NP	1058	12066	C	264	0	11909	23.7668150138551
A_NP	1059	12225	T	103	0	12128	24.149323878628
A_NP	1060	12011	C	317	0	11941	24.5406582363286
A_NP	1061	12215	C	112	0	12168	22.4113247863248
A_NP	1062	12180	T	147	0	12087	21.5481095391743
A_NP	1063	12006	C	321	0	11903	20.5692682517013
A_NP	1064	9211	G	3116	0	8429	16.8896666271207
A_NP	1065	10966	G	1361	0	10516	15.7364016736402
A_NP	1066	11585	G	739	0	11066	15.5073197180553
A_NP	1067	12168	G	154	0	12043	17.5918790998921
A_NP	1068	12198	G	122	0	11996	18.3003501167056
A_NP	1069	12156	A	164	0	12117	18.722043410085
A_NP	1070	12263	A	55	0	12203	19.1239859051053
A_NP	1071	12267	A	50	0	12065	21.0453377538334
A_NP	1072	12271	C	44	0	12213	21.6251535249325
A_NP	1073	12231	T	80	0	12073	23.5406278472625
A_NP	1074	12237	G	70	0	12078	23.4853452558371
A_NP	1075	12265	T	41	0	12132	23.7631882624464
A_NP	1076	12248	C	58	0	12170	23.9986031224322
A_NP	1077	12215	A	89	0	12107	20.444701412406
A_NP	1078	12239	A	62	0	11718	18.3641406383342
A_NP	1079	12191	C	107	0	12067	19.3646308113036
A_NP	1080	12128	T	168	0	11858	19.0815483218081
A_NP	1081	11716	A	579	0	11598	17.8865321607174
A_NP	1082	11761	G	532	0	11682	18.3059407635679
A_NP	1083	12054	A	237	0	11794	18.3775648634899
A_NP	1084	11680	G	611	0	11594	21.440055200966
A_NP	1085	11931	G	360	0	11263	17.7300896741543
A_NP	1086	11965	A	326	0	11789	16.1754177623208
A_NP	1087	12174	G	117	0	11492	17.5597807170205
A_NP	1088	12145	T	143	0	11892	17.5053817692566
A_NP	1089	12130	A	158	0	11867	18.4592567624505
A_NP	1090	12137	C	150	0	12008	19.6635576282478
A_NP	1091	11990	A	296	0	11891	22.5798503069548
A_NP	1092	12203	A	82	0	12096	22.9293154761905
A_NP	1093	12213	A	70	0	12059	22.8874699394643
A_NP	1094	12176	T	105	0	11945	22.597990791126
A_NP	1095	12212	T	69	0	12071	24.4253168751553
A_NP	1096	12175	G	105	0	11974	21.7906296976783
A_NP	1097	12143	C	136	0	11919	21.3931537880695
A_NP	1098	12013	T	266	0	11866	21.5510702848475
A_NP	1099	12083	T	196	0	11877	21.9150458870085
A_NP	1100	12097	C	182	0	11876	23.0919501515662
A_NP	1101	12116	A	158	0	12046	21.3150423377055
A_NP	1102	12213	A	61	0	12141	21.4431265958323
A_NP	1103	12207	A	66	0	12018	22.8883341654185
A_NP	1104	12195	T	78	0	12058	24.7619837452314
A_NP	1105	12127	G	146	0	11972	23.9128800534581
A_NP	1106	12133	A	140	0	12030	23.8394846217789
A_NP	1107	12207	G	64	0	12086	21.9678967400298
A_NP	1108	12183	A	87	0	12018	22.3168580462639
A_NP	1109	12235	A	35	0	12094	23.0033074251695
A_NP	1110	12242	C	27	0	12100	23.7147107438017
A_NP	1111	12231	A	35	0	12135	25.071116604862
A_NP	1112	12218	T	47	0	12142	25.8905452149564
A_NP	1113	12179	G	85	0	12127	25.1298754844562
A_NP	1114	12221	G	43	0	12131	23.7954002143269
A_NP	1115	12170	A	94	0	12090	23.6680727874276
A_NP	1116	12173	T	91	0	12046	23.7841607172505
A_NP	1117	12145	A	118	0	12055	24.5467440895894
A_NP	1118	12214	A	48	0	12047	25.7381090727982
A_NP	1119	12185	T	73	0	11982	26.0658487731597
A_NP	1120	12204	A	54	0	12090	27.0775847808106
A_NP	1121	12037	T	220	0	11848	28.1144496961513
A_NP	1122	11728	G	526	0	11408	25.0120091164095
A_NP	1123	12148	G	106	0	12078	22.4903129657228
A_NP	1124	12224	G	30	0	12133	21.3739388444737
A_NP	1125	12224	A	28	0	12136	22.1863876071193
A_NP	1126	12204	T	45	0	12106	23.149760449364
A_NP	1127	12194	C	53	0	12107	24.8546295531511
A_NP	1128	12049	A	194	0	11895	23.9285414039512
A_NP	1129	12103	A	140	0	11977	23.1494531184771
A_NP	1130	12053	G	179	0	11754	20.6075378594521
A_NP	1131	12151	C	80	0	12044	22.4633012288276
A_NP	1132	12152	A	78	0	12037	22.2453269086982
A_NP	1133	12034	C	194	0	11940	22.044472361809
A_NP	1134	11956	T	272	0	11786	24.6892075343628
A_NP	1135	12098	C	130	0	11940	24.9680904522613
A_NP	1136	11907	T	317	0	11769	25.5288469708556
A_NP	1137	12168	T	56	0	12006	26.104281192737
A_NP	1138	12159	G	62	0	12048	25.3391434262948
A_NP	1139	12163	A	58	0	11995	24.9460608586911
A_NP	1140	12176	A	45	0	12016	24.5208888149134
A_NP	1141	12162	C	59	0	12083	24.7393859140942
A_NP	1142	12036	T	184	0	11869	23.5619681523296
A_NP	1143	11910	G	309	0	11776	22.9971976902174
A_NP	1144	11937	A	281	0	11819	22.7857686775531
A_NP	1145	12067	G	151	0	12002	21.3061156473921
A_NP	1146	12080	A	138	0	11891	20.6108821797998
A_NP	1147	12114	A	104	0	12027	21.0179595909204
A_NP	1148	11803	G	415	0	11709	21.5080707148347
A_NP	1149	11771	C	446	0	11497	20.1952683308689
A_NP	1150	11823	G	391	0	11096	17.4894556596972
A_NP	1151	12123	G	91	0	11938	16.376109901156
A_NP	1152	12155	G	59	0	11871	16.0328531715946
A_NP	1153	12134	T	80	0	11861	16.4120225950594
A_NP	1154	12144	A	70	0	11943	20.0150715900528
A_NP	1155	12090	C	124	0	11939	20.8385124382277
A_NP	1156	12117	T	97	0	11936	22.0387064343164
A_NP	1157	12015	G	198	0	11760	22.1260204081633
A_NP	1158	12089	G	123	0	11870	21.1659646166807
A_NP	1159	12081	G	129	0	11900	20.9316806722689
A_NP	1160	12064	C	144	0	11926	20.9879255408351
A_NP	1161	12104	C	102	0	11990	21.6642201834862
A_NP	1162	11808	A	396	0	11598	21.2535782031385
A_NP	1163	11974	T	226	0	11496	21.0752435629784
A_NP	1164	11582	A	618	0	11094	21.2499549305931
A_NP	1165	12115	A	83	0	11648	20.1022493131868
A_NP	1166	12104	G	94	0	11848	19.2298278190412
A_NP	1167	12152	G	46	0	12048	19.1955511288181
A_NP	1168	12149	A	44	0	12037	19.4187920578217
A_NP	1169	12041	C	151	0	11922	21.2659788626069
A_NP	1170	12133	C	55	0	12001	21.3629697525206
A_NP	1171	11973	A	214	0	11673	20.3980981752763
A_NP	1172	11812	G	375	0	11724	19.6244455817127
A_NP	1173	11835	G	352	0	11387	17.9266707649073
A_NP	1174	11512	A	673	0	11261	16.2799928958352
A_NP	1175	11870	G	314	0	11493	16.7464543635256
A_NP	1176	11784	T	400	0	11640	16.1585051546392
A_NP	1177	11976	G	208	0	11926	17.0162669797082
A_NP	1178	12029	G	155	0	11998	19.187031171862
A_NP	1179	11980	A	203	0	11574	19.1489545533091
A_NP	1180	9624	G	2559	0	9086	20.8853180717587
A_NP	1181	11823	G	356	0	11292	17.1525859015232
A_NP	1182	11880	A	299	0	11796	14.6569175991862
A_NP	1183	11989	A	189	0	11887	16.1625304954993
A_NP	1184	12059	A	118	0	11710	18.8695986336465
A_NP	1185	12079	C	96	0	11894	18.8560618799395
A_NP	1186	12071	A	102	0	11941	18.9472405996148
A_NP	1187	12052	C	117	0	11900	19.0555462184874
A_NP	1188	12036	T	129	0	11832	20.6030256930358
A_NP	1189	12048	A	117	0	11838	22.6942051022132
A_NP	1190	12126	A	39	0	11947	23.040679668536
A_NP	1191	12104	T	59	0	11977	23.5017116139267
A_NP	1192	12074	C	88	0	12016	24.7247003994674
A_NP	1193	12074	A	88	0	11986	21.6302352744869
A_NP	1194	12090	A	69	0	11657	19.2711675388179
A_NP	1195	12093	C	63	0	12007	20.1010244024319
A_NP	1196	11836	A	320	0	11711	19.3131244129451
A_NP	1197	11826	G	329	0	11784	18.6844874405974
A_NP	1198	12015	A	140	0	11778	19.8456444218034
A_NP	1199	11644	G	510	0	11544	23.1684857934858
A_NP	1200	12071	G	80	0	11934	19.5345232109938
A_NP	1201	12054	G	96	0	11937	21.3749685850716
A_NP	1202	11910	C	240	0	11740	20.5805792163543
A_NP	1203	12051	C	99	0	11913	21.46159657517
A_NP	1204	12040	T	106	0	11974	22.2901286119926
A_NP	1205	11687	C	458	0	11598	23.2035695809622
A_NP	1206	11868	C	277	0	11638	21.1481354184568
A_NP	1207	11992	G	151	0	11500	17.7465217391304
A_NP	1208	12044	C	99	0	11760	18.4076530612245
A_NP	1209	12028	A	113	0	11797	17.394422310757
A_NP	1210	11982	G	158	0	11748	17.698076268301
A_NP	1211	12039	G	101	0	11822	18.4538995093893
A_NP	1212	10476	C	1662	0	10022	18.5241468768709
A_NP	1213	11990	C	143	0	11128	16.6673256649892
A_NP	1214	11833	A	297	0	11313	14.8375320427826
A_NP	1215	12059	A	70	0	11719	15.7695195835822
A_NP	1216	12064	A	62	0	11115	17.7517768780927
A_NP	1217	12006	C	120	0	11796	18.0513733468973
A_NP	1218	12072	C	54	0	11903	17.8825506174914
A_NP	1219	12043	A	82	0	11900	16.7121008403361
A_NP	1220	11827	G	297	0	11694	19.124166239097
A_NP	1221	11870	T	254	0	11793	19.689646400407
A_NP	1222	12007	G	116	0	11883	21.3154085668602
A_NP	1223	11998	T	119	0	11919	23.2607601308835
A_NP	1224	11984	G	132	0	11718	23.9006656426011
A_NP	1225	12021	C	95	0	11860	21.3046374367622
A_NP	1226	11988	A	127	0	11891	22.3966865696745
A_NP	1227	12056	A	58	0	11855	21.472711935892
A_NP	1228	11924	C	189	0	11717	22.0408807715285
A_NP	1229	12070	C	43	0	11851	22.351362754198
A_NP	1230	12057	A	54	0	11997	21.9659081437026
A_NP	1231	12057	A	54	0	11810	22.4160033869602
A_NP	1232	12040	C	70	0	11949	22.4010377437442
A_NP	1233	12008	G	100	0	11869	22.0180301626085
A_NP	1234	11492	T	609	0	11360	22.5506161971831
A_NP	1235	12032	T	69	0	11964	23.9983283182882
A_NP	1236	12013	T	86	0	11939	26.0461512689505
A_NP	1237	11985	T	112	0	11855	28.510670603121
A_NP	1238	11978	C	119	0	11905	30.9156656866863
A_NP	1239	11847	T	250	0	11667	25.4306162681066
A_NP	1240	11979	G	117	0	11839	24.4485176112847
A_NP	1241	11908	T	187	0	11596	24.1572093825457
A_NP	1242	11917	A	178	0	11578	23.0413715667646
A_NP	1243	11991	C	103	0	11882	22.3989227402794
A_NP	1244	11501	A	593	0	11358	22.4738510301109
A_NP	1245	11770	A	321	0	11632	23.4390474552957
A_NP	1246	11631	A	459	0	11470	21.9142981691369
A_NP	1247	11602	G	486	0	11511	23.517504995222
A_NP	1248	11767	A	317	0	11667	21.7545212993914
A_NP	1249	11862	A	220	0	11763	21.3573918218142
A_NP	1250	11853	A	229	0	11539	23.3487303925817
A_NP	1251	11912	C	170	0	11764	21.7611356681401
A_NP	1252	11977	C	104	0	11887	21.0967443425591
A_NP	1253	11966	T	115	0	11899	20.7514076813178
A_NP	1254	11217	C	864	0	11143	22.6362738939244
A_NP	1255	11979	C	102	0	11901	23.4418116124695
A_NP	1256	12028	C	53	0	11916	22.1047331319235
A_NP	1257	12005	A	76	0	11881	20.743624274051
A_NP	1258	11925	T	155	0	11827	23.0127673966348
A_NP	1259	12006	T	70	0	11928	24.488430583501
A_NP	1260	12027	T	48	0	11938	25.8515664265371
A_NP	1261	12021	G	49	0	11944	25.3888144675151
A_NP	1262	11745	A	323	0	11644	26.1592236344899
A_NP	1263	11995	A	68	0	11947	25.5262408972964
A_NP	1264	12031	A	32	0	11947	27.6517117267933
A_NP	1265	12028	A	35	0	11962	28.3056345092794
A_NP	1266	11987	G	64	0	11845	27.0383284086112
A_NP	1267	12002	T	49	0	11914	24.5757931844888
A_NP	1268	12016	C	35	0	11933	24.5695131148915
A_NP	1269	11979	A	72	0	11909	24.0593668653959
A_NP	1270	12014	A	34	0	11783	23.6925231265382
A_NP	1271	11961	C	87	0	11826	23.5033823778116
A_NP	1272	11984	C	62	0	11854	23.5124852370508
A_NP	1273	11984	A	62	0	11926	23.6126949522053
A_NP	1274	11973	T	71	0	11894	24.9361863124264
A_NP	1275	11962	C	79	0	11885	26.7746739587716
A_NP	1276	11933	A	108	0	11703	24.7704007519439
A_NP	1277	11899	T	140	0	11808	24.351033197832
A_NP	1278	11874	G	165	0	11722	24.2248763009725
A_NP	1279	11849	G	190	0	11781	22.9450810627281
A_NP	1280	11883	C	155	0	11805	24.0919949174079
A_NP	1281	11877	A	161	0	11712	23.2643442622951
A_NP	1282	11990	G	48	0	11800	22.0994915254237
A_NP	1283	11997	C	40	0	11873	22.4594458013981
A_NP	1284	11966	A	71	0	11894	22.7595426265344
A_NP	1285	11965	T	65	0	11903	23.8019826934386
A_NP	1286	11974	T	55	0	11894	27.3603497561796
A_NP	1287	11829	C	200	0	11757	28.5539678489411
A_NP	1288	11826	A	203	0	11713	26.0277469478357
A_NP	1289	11956	C	73	0	11857	25.3769081555199
A_NP	1290	11920	T	106	0	11781	24.6381461675579
A_NP	1291	11636	G	391	0	11522	24.5808887345947
A_NP	1292	11925	G	102	0	11794	23.5785992877734
A_NP	1293	11925	A	100	0	11863	23.3362555845907
A_NP	1294	11969	A	55	0	11892	25.4523208879919
A_NP	1295	11976	A	48	0	11856	25.8997132253711
A_NP	1296	11964	T	59	0	11804	25.1844290071162
A_NP	1297	11889	A	134	0	11728	25.0886766712142
A_NP	1298	11871	C	150	0	11567	22.8970346675888
A_NP	1299	11802	G	219	0	11698	20.4500769362284
A_NP	1300	11869	G	152	0	11795	19.9759220008478
A_NP	1301	11838	A	183	0	11747	20.1167957776454
A_NP	1302	11877	A	141	0	11809	22.1122872385469
A_NP	1303	11861	G	156	0	11823	24.3805294764442
A_NP	1304	11928	G	89	0	11869	22.5901086864942
A_NP	1305	11852	A	163	0	11804	20.3885123686886
A_NP	1306	11931	A	84	0	11857	22.682972084001
A_NP	1307	11955	G	56	0	11891	22.0742578420654
A_NP	1308	11943	A	67	0	11835	24.1615547106041
A_NP	1309	11951	A	55	0	11827	24.3886023505538
A_NP	1310	11899	C	106	0	11841	23.6405708977282
A_NP	1311	11775	T	229	0	11627	24.6312032338522
A_NP	1312	11808	T	194	0	11593	24.6029500560683
A_NP	1313	11835	C	167	0	11647	25.0447325491543
A_NP	1314	11849	A	152	0	11502	22.0544253173361
A_NP	1315	11916	G	84	0	11735	21.1913932680017
A_NP	1316	11932	A	67	0	11825	22.3811416490486
A_NP	1317	11943	C	56	0	11835	22.8300802703845
A_NP	1318	11903	A	95	0	11666	21.8964512257843
A_NP	1319	11839	T	159	0	11616	22.9092630853994
A_NP	1320	11846	G	151	0	11731	22.0005114653482
A_NP	1321	11857	A	140	0	11421	21.7411785307766
A_NP	1322	11464	G	532	0	11384	20.5088721011947
A_NP	1323	11933	G	63	0	11846	20.2039507006584
A_NP	1324	11905	G	88	0	11760	20.8747448979592
A_NP	1325	11874	C	116	0	11745	19.9306087696892
A_NP	1326	11709	A	281	0	11550	20.5049350649351
A_NP	1327	11900	G	89	0	11841	20.2732032767503
A_NP	1328	11909	A	78	0	11847	20.6585633493711
A_NP	1329	11963	A	23	0	11914	22.419086788652
A_NP	1330	11939	A	46	0	11858	26.308905380334
A_NP	1331	11919	T	65	0	11831	24.907531062463
A_NP	1332	11915	C	68	0	11836	26.018249408584
A_NP	1333	11796	A	184	0	11377	22.2887404412411
A_NP	1334	11876	T	102	0	11462	21.3221950793928
A_NP	1335	11737	A	240	0	11434	21.6280391813888
A_NP	1336	11890	A	85	0	11667	21.3626467815205
A_NP	1337	11855	G	118	0	11699	21.4243097700658
A_NP	1338	11900	G	73	0	11831	22.6060349928155
A_NP	1339	11899	A	74	0	11836	23.1430381885772
A_NP	1340	11886	T	87	0	11782	23.7337463928026
A_NP	1341	11930	G	43	0	11865	25.5308891698272
A_NP	1342	11940	A	33	0	11861	26.3156563527527
A_NP	1343	11921	T	45	0	11859	25.9759676195295
A_NP	1344	11826	G	139	0	11796	26.2992539844015
A_NP	1345	11889	G	76	0	11834	24.9098360655738
A_NP	1346	11822	A	143	0	11762	24.7794592756334
A_NP	1347	11883	A	81	0	11780	25.5968590831919
A_NP	1348	11841	G	122	0	11745	24.9972754363559
A_NP	1349	11864	G	98	0	11710	23.2216908625107
A_NP	1350	11856	T	105	0	11772	21.8657832144071
A_NP	1351	11807	G	154	0	11642	22.1295310084178
A_NP	1352	11817	C	144	0	11713	22.9143686502177
A_NP	1353	11522	A	435	0	11443	23.5943371493489
A_NP	1354	11897	A	60	0	11837	24.3836276083467
A_NP	1355	11914	A	42	0	11859	28.5223037355595
A_NP	1356	11894	A	58	0	11709	32.3598086941669
A_NP	1357	11807	C	142	0	11689	25.8378817691847
A_NP	1358	11885	C	63	0	11809	24.6480650351427
A_NP	1359	11614	A	334	0	11491	23.2748237751284
A_NP	1360	11640	G	308	0	11603	21.3101784021374
A_NP	1361	11542	A	406	0	11441	21.8327943361594
A_NP	1362	11594	A	351	0	11517	23.5215767995138
A_NP	1363	11544	G	401	0	11466	22.3906331763475
A_NP	1364	11783	A	160	0	11600	21.9035344827586
A_NP	1365	11883	A	56	0	11762	20.8242645808536
A_NP	1366	11825	G	114	0	11690	20.7499572284003
A_NP	1367	11830	T	109	0	11706	20.8687852383393
A_NP	1368	11912	G	27	0	11814	22.2997291349247
A_NP	1369	11875	T	60	0	11769	22.9972809924378
A_NP	1370	11837	C	97	0	11769	25.1407086413459
A_NP	1371	11846	A	87	0	11744	25.3762772479564
A_NP	1372	11856	T	76	0	11786	26.2538605124724
A_NP	1373	11833	T	99	0	11793	27.1266853218011
A_NP	1374	11139	C	788	0	11047	27.612745541776
A_NP	1375	11376	C	548	0	11124	21.9398597626753
A_NP	1376	9580	G	2340	0	9107	18.3451191391237
A_NP	1377	11154	G	763	0	11054	18.911163379772
A_NP	1378	11558	G	357	0	11457	20.2372348782404
A_NP	1379	11023	G	891	0	10878	22.6182202610774
A_NP	1380	10391	G	1523	0	10286	20.5571650787478
A_NP	1381	10369	A	1544	0	10177	23.2571484720448
A_NP	1382	9249	G	2664	0	8206	22.9748964172557
A_NP	1383	10978	G	935	0	10488	22.6809687261632
A_NP	1384	11480	G	431	0	11239	20.9414538660023
A_NP	1385	11273	G	637	0	11186	19.1801358841409
A_NP	1386	10901	A	1008	0	10811	19.7446119692905
A_NP	1387	11547	G	361	0	11411	19.3276662869161
A_NP	1388	10870	T	1035	0	10535	19.5339345040342
A_NP	1389	11732	T	173	0	11636	20.1088002750086
A_NP	1390	11467	T	438	0	11366	24.5469822276966
A_NP	1391	11440	T	465	0	11195	23.3998213488164
A_NP	1392	11401	C	500	0	11196	23.6137906395141
A_NP	1393	11572	G	328	0	10967	17.8136226862405
A_NP	1394	11689	A	211	0	11154	17.0514613591537
A_NP	1395	11705	G	195	0	11595	18.0369124622682
A_NP	1396	11582	C	317	0	11365	17.7494940607127
A_NP	1397	11607	T	292	0	11421	19.110060415025
A_NP	1398	11701	C	197	0	11355	23.2180537208278
A_NP	1399	11792	T	104	0	11650	29.3772532188841
A_NP	1400	11762	C	133	0	11600	61.4998275862069
A_NP	1401	11649	T	242	0	11325	30.398233995585
A_NP	1402	11814	G	75	0	11755	22.1062526584432
A_NP	1403	11804	A	82	0	11632	23.1581843191197
A_NP	1404	11806	C	80	0	11674	21.6684084289875
A_NP	1405	11010	G	875	0	10887	19.7184715715992
A_NP	1406	11032	A	850	0	10871	19.1139729555699
A_NP	1407	11675	G	201	0	11593	17.3905805227292
A_NP	1408	11492	A	377	0	11352	17.2131782945736
A_NP	1409	11719	A	147	0	11558	16.6219934244679
A_NP	1410	11651	G	213	0	11485	15.5702220287331
A_NP	1411	11651	G	211	0	11514	16.9260899774188
A_NP	1412	11658	C	202	0	11539	17.09489557154
A_NP	1413	11618	A	234	0	11284	15.8430521091811
A_NP	1414	11705	G	144	0	11246	15.9151698381647
A_NP	1415	11697	C	149	0	11371	16.1011344648668
A_NP	1416	11532	G	299	0	10878	13.8980511123368
A_NP	1417	11601	A	227	0	10918	14.6056054222385
A_NP	1418	11537	A	287	0	11141	15.4094785028274
A_NP	1419	11329	C	494	0	10902	16.6573105852137
A_NP	1420	11535	C	286	0	11044	16.4746468670771
A_NP	1421	11730	C	81	0	11254	18.1044961791363
A_NP	1422	11661	G	95	0	11544	18.6442307692308
A_NP	1423	11662	A	91	0	11551	19.4484460219894
A_NP	1424	11696	T	56	0	11629	20.488004127612
A_NP	1425	11666	C	84	0	11582	22.332844068382
A_NP	1426	11623	G	127	0	11379	20.76184198963
A_NP	1427	11636	T	112	0	11512	20.8716122307158
A_NP	1428	11625	G	123	0	11398	21.3927882084576
A_NP	1429	11199	C	549	0	11055	21.5506105834464
A_NP	1430	11628	C	119	0	11501	22.8514911746805
A_NP	1431	10863	C	881	0	10747	20.24341676747
A_NP	1432	10503	T	1241	0	10397	20.9114167548331
A_NP	1433	11240	C	503	0	11115	21.62114260009
A_NP	1434	10654	T	1088	0	10505	24.0230366492147
A_NP	1435	11476	T	263	0	11363	25.7480418903459
A_NP	1436	11678	T	57	0	11549	27.3627153866136
A_NP	1437	11675	T	59	0	11518	25.3114255947213
A_NP	1438	11664	G	67	0	11595	24.665028029323
A_NP	1439	11625	A	103	0	11524	24.5038181187088
A_NP	1440	11649	T	78	0	11525	23.6628199566161
A_NP	1441	11699	A	27	0	11580	23.1009499136442
A_NP	1442	11660	T	64	0	11521	22.8411596215606
A_NP	1443	11596	G	120	0	11464	22.312805303559
A_NP	1444	11405	A	310	0	11251	22.331259443605
A_NP	1445	11521	G	190	0	11445	21.1876802096986
A_NP	1446	11622	T	78	0	11477	20.4055066655049
A_NP	1447	11616	A	84	0	11525	21.1455965292842
A_NP	1448	11620	A	80	0	11489	21.8183479850292
A_NP	1449	11602	C	82	0	11425	21.7350547045952
A_NP	1450	11544	G	139	0	11371	18.5089262158122
A_NP	1451	11498	A	185	0	11345	17.8887615689731
A_NP	1452	11580	A	102	0	11449	17.4672023757533
A_NP	1453	11567	G	115	0	11480	19.0406794425087
A_NP	1454	11666	G	15	0	11607	21.2448522443353
A_NP	1455	11645	A	36	0	11539	21.13623364243
A_NP	1456	11648	T	33	0	11569	22.3403924280405
A_NP	1457	11632	C	48	0	11544	23.6224012474012
A_NP	1458	11508	T	172	0	11394	24.7362647007197
A_NP	1459	11603	T	74	0	11484	25.3083420411007
A_NP	1460	11559	A	116	0	11391	25.0024580809411
A_NP	1461	11577	T	93	0	11389	25.6087452805338
A_NP	1462	11591	T	75	0	11514	25.6968907417058
A_NP	1463	11486	T	178	0	11403	26.4240112251162
A_NP	1464	11447	C	213	0	11387	28.0715728462282
A_NP	1465	11574	T	85	0	11493	29.0511615766119
A_NP	1466	11549	T	106	0	11463	28.3252202739248
A_NP	1467	11508	C	145	0	11410	24.8904469763365
A_NP	1468	11234	G	416	0	11080	19.7205776173285
A_NP	1469	11538	G	112	0	11497	19.1934417674176
A_NP	1470	11561	A	85	0	11437	19.2553991431319
A_NP	1471	11470	G	173	0	11372	21.3263278227225
A_NP	1472	11563	A	78	0	11423	23.7177624091745
A_NP	1473	11581	C	56	0	11450	22.868384279476
A_NP	1474	11562	A	74	0	11498	23.1139328578883
A_NP	1475	11580	A	55	0	11448	24.1021139063592
A_NP	1476	11564	T	67	0	11479	24.1755379388448
A_NP	1477	11529	G	102	0	11365	24.1458864936208
A_NP	1478	11530	C	92	0	11405	23.4111354669005
A_NP	1479	11092	A	522	0	10921	20.117388517535
A_NP	1480	11474	G	138	0	11367	17.6031494677575
A_NP	1481	11429	A	180	0	11368	18.0957072484166
A_NP	1482	11562	A	43	0	11488	19.3326949860724
A_NP	1483	11509	G	81	0	11321	18.4948326119601
A_NP	1484	11533	A	51	0	11436	20.8539699195523
A_NP	1485	11555	A	18	0	11435	21.5765631832094
A_NP	1486	11536	T	21	0	11384	21.5080815179199
A_NP	1487	11456	A	74	0	11311	23.1093625674123
A_NP	1488	11399	C	112	0	11266	21.3619740813066
A_NP	1489	11416	G	64	0	11308	20.1300848956491
A_NP	1490	11451	A	15	0	11321	20.6545358183906
A_NP	1491	11441	C	9	0	11359	21.495025970596
A_NP	1492	11401	A	12	0	11365	21.8192696876375
A_NP	1493	11265	A	0	0	11240	24.2881672597865
A_NP	1494	11210	T	0	0	11197	25.2088059301599
A_NP	1495	11173	T	0	0	11171	26.4702354310268
A_NP	1496	10920	A	0	0	10920	26.0744505494505
A_NP	1497	10405	A	0	0	10405	23.5418548774628
