Reference_Name	Position	Coverage Depth	Consensus	Deletions	Ambiguous	Consensus_Count	Consensus_Average_Quality
A_NS	1	4643	A	0	0	4643	22.8602196855481
A_NS	2	4719	T	0	0	4719	23.3026064844247
A_NS	3	4757	G	0	0	4745	25.2642781875659
A_NS	4	4840	G	0	0	4830	23.4561076604555
A_NS	5	4838	A	7	0	4817	23.5376790533527
A_NS	6	4878	T	6	0	4855	24.0006179196704
A_NS	7	4881	T	3	0	4864	24.9636101973684
A_NS	8	4938	C	120	0	4907	27.3397187691054
A_NS	9	5065	C	14	0	5017	24.7735698624676
A_NS	10	5104	A	11	0	5092	23.5453652788688
A_NS	11	5109	A	9	0	5068	23.947316495659
A_NS	12	5111	C	8	0	5092	25.4287117046347
A_NS	13	5113	A	10	0	5067	24.9623051115058
A_NS	14	5114	C	13	0	5081	24.392442432592
A_NS	15	4987	T	141	0	4932	25.1832927818329
A_NS	16	4986	G	142	0	4925	26.1707614213198
A_NS	17	5114	T	20	0	5079	25.8974207521166
A_NS	18	5106	G	28	0	5053	26.0847021571344
A_NS	19	5116	T	21	0	5054	31.6135734072022
A_NS	20	5108	C	30	0	5067	25.1334122755082
A_NS	21	5048	A	90	0	4985	23.79037111334
A_NS	22	5109	A	30	0	5029	22.08729369656
A_NS	23	5117	G	23	0	5043	21.6283957961531
A_NS	24	5004	T	138	0	4940	23.3303643724696
A_NS	25	5117	T	27	0	5094	24.634079308991
A_NS	26	5126	T	18	0	5101	25.4234463830621
A_NS	27	5126	T	19	0	5024	27.5097531847134
A_NS	28	5111	C	35	0	5070	26.6936883629191
A_NS	29	5089	A	57	0	4978	20.2689835275211
A_NS	30	5084	G	62	0	5007	18.4725384461754
A_NS	31	5122	G	24	0	5071	19.5066061920726
A_NS	32	5109	T	37	0	5025	20.5323383084577
A_NS	33	5029	A	119	0	4911	20.8678476888617
A_NS	34	5126	G	24	0	5046	20.3820848196591
A_NS	35	5007	A	145	0	4890	19.818200408998
A_NS	36	5083	T	75	0	4870	20.7371663244353
A_NS	37	5139	T	20	0	5116	20.1030101641908
A_NS	38	5123	G	36	0	5041	19.7367585796469
A_NS	39	5076	C	83	0	5018	19.9914308489438
A_NS	40	5018	T	141	0	4983	22.5444511338551
A_NS	41	4981	T	178	0	4945	23.1514661274014
A_NS	42	5006	T	159	0	4954	27.1154622527251
A_NS	43	5052	C	114	0	5026	28.149621965778
A_NS	44	4980	T	187	0	4944	25.4801779935275
A_NS	45	5098	T	69	0	5066	25.6997631267272
A_NS	46	5112	T	55	0	5070	26.8591715976331
A_NS	47	5099	G	68	0	5036	24.7178316123908
A_NS	48	5114	G	53	0	5084	23.1319826907947
A_NS	49	5112	C	55	0	5033	23.3111464335386
A_NS	50	5109	A	58	0	5033	23.757798529704
A_NS	51	5155	T	13	0	5114	24.3992960500587
A_NS	52	5150	A	18	0	5109	24.7919357995694
A_NS	53	5147	T	21	0	5128	24.9102964118565
A_NS	54	5081	C	87	0	5045	26.4491575817641
A_NS	55	5132	C	36	0	5080	22.3090551181102
A_NS	56	4898	G	270	0	4830	21.1863354037267
A_NS	57	5098	G	70	0	5027	20.6652078774617
A_NS	58	5077	A	91	0	5026	19.8052128929566
A_NS	59	5132	A	36	0	5092	23.0176747839749
A_NS	60	5149	A	19	0	4980	23.5471887550201
A_NS	61	5145	C	23	0	5112	21.2020735524257
A_NS	62	5050	A	118	0	4983	22.6116797110175
A_NS	63	5150	A	18	0	5083	21.824316348613
A_NS	64	5143	G	25	0	5079	21.2207127387281
A_NS	65	5144	T	24	0	5095	23.0013738959764
A_NS	66	5134	T	34	0	5106	24.0611045828437
A_NS	67	5132	G	36	0	5043	22.9886972040452
A_NS	68	5132	T	36	0	4991	24.1382488479263
A_NS	69	5105	A	64	0	4891	21.8157840932325
A_NS	70	5158	G	11	0	5001	20.6066786642671
A_NS	71	5093	A	76	0	5035	20.8617676266137
A_NS	72	4956	C	213	0	4870	21.7096509240246
A_NS	73	5145	C	24	0	5040	20.5202380952381
A_NS	74	4902	A	267	0	4840	21.6452479338843
A_NS	75	5145	A	24	0	5112	23.4753521126761
A_NS	76	5157	A	12	0	5109	26.2828342141319
A_NS	77	5153	A	16	0	5074	28.1893969255026
A_NS	78	5121	C	48	0	5080	24.5372047244094
A_NS	79	5114	C	55	0	5062	22.9990122481233
A_NS	80	5086	T	83	0	4821	21.5364032358432
A_NS	81	5111	G	58	0	5025	22.3828855721393
A_NS	82	4761	A	408	0	4705	19.6837407013815
A_NS	83	5118	G	51	0	5069	18.3075557309134
A_NS	84	5127	T	42	0	5091	18.3464938126105
A_NS	85	5119	G	50	0	5099	19.6158070209845
A_NS	86	5129	A	40	0	5087	23.5594653037154
A_NS	87	5143	T	26	0	5126	25.6033944596176
A_NS	88	5107	G	62	0	4943	23.7505563423022
A_NS	89	4893	C	276	0	4852	22.8122423742786
A_NS	90	5110	C	59	0	5053	21.6744508212943
A_NS	91	5131	C	38	0	5043	20.9553837001785
A_NS	92	5129	C	40	0	5004	23.2342126298961
A_NS	93	5126	A	43	0	5072	22.5571766561514
A_NS	94	5109	T	60	0	5056	22.6892800632911
A_NS	95	5127	T	42	0	5052	23.6696357878068
A_NS	96	5145	C	24	0	5079	25.5002953337271
A_NS	97	5139	A	30	0	5032	24.375
A_NS	98	5141	T	28	0	4975	24.5700502512563
A_NS	99	5115	C	54	0	4968	23.2695249597424
A_NS	100	5128	G	41	0	4984	18.5993178170144
A_NS	101	5147	A	22	0	5033	18.6338168090602
A_NS	102	5114	T	55	0	4979	19.8437437236393
A_NS	103	4988	C	181	0	4597	21.3241244289754
A_NS	104	5093	G	76	0	4716	17.6441899915182
A_NS	105	5113	G	56	0	4990	17.4861723446894
A_NS	106	5122	C	47	0	5052	17.6266825019794
A_NS	107	5071	T	98	0	5023	18.4369898467052
A_NS	108	5062	T	107	0	4982	22.5993576876756
A_NS	109	5073	C	96	0	4995	23.5931931931932
A_NS	110	5083	G	86	0	5017	21.7237392864262
A_NS	111	5078	C	91	0	4969	22.0627892936204
A_NS	112	5096	C	73	0	4881	22.5847162466708
A_NS	113	4987	G	182	0	4815	20.0066458982347
A_NS	114	5059	A	110	0	4974	17.5581021310816
A_NS	115	4969	G	200	0	4901	16.2442358702306
A_NS	116	5119	A	50	0	5047	16.5567663958787
A_NS	117	5138	T	31	0	5098	18.9409572381326
A_NS	118	5148	C	21	0	5106	20.2140618879749
A_NS	119	5049	A	120	0	4958	18.2573618394514
A_NS	120	5025	G	144	0	4948	16.198464025869
A_NS	121	5049	A	120	0	4916	15.3177379983727
A_NS	122	5027	G	142	0	4745	16.5159114857745
A_NS	123	5131	G	38	0	4768	15.6654781879195
A_NS	124	5127	T	42	0	4818	15.0898713158987
A_NS	125	4918	C	251	0	4862	17.9323323735088
A_NS	126	5096	C	73	0	5056	19.9586629746835
A_NS	127	5117	C	52	0	5061	17.4927879865639
A_NS	128	5057	T	112	0	4874	18.5724251128437
A_NS	129	4995	A	174	0	4879	19.1149825783972
A_NS	130	5018	A	151	0	4954	17.3578926120307
A_NS	131	3680	G	1489	0	3591	19.0016708437761
A_NS	132	5035	G	133	0	4980	20.1777108433735
A_NS	133	5123	G	45	0	5083	21.5034428487114
A_NS	134	5085	G	83	0	4979	19.8045792327777
A_NS	135	5072	A	96	0	5049	21.3093681917211
A_NS	136	5081	A	87	0	5044	20.3009516256939
A_NS	137	5079	G	89	0	4968	20.2665056360709
A_NS	138	5085	A	83	0	5022	19.9143767423337
A_NS	139	5048	G	119	0	4962	18.34482063684
A_NS	140	5092	G	75	0	4985	17.2894684052156
A_NS	141	5085	C	82	0	5015	17.5353938185444
A_NS	142	5047	A	120	0	4989	19.1417117658849
A_NS	143	5080	A	87	0	4995	21.1923923923924
A_NS	144	5096	T	71	0	5006	22.6673991210547
A_NS	145	5104	A	63	0	4941	21.2985225662821
A_NS	146	4816	C	351	0	4779	20.9460138104206
A_NS	147	4782	T	384	0	4734	21.3536121673004
A_NS	148	5106	C	60	0	5053	21.3601820700574
A_NS	149	5109	T	57	0	5080	33.325
A_NS	150	5123	C	43	0	5069	29.427895048333
A_NS	151	5137	G	29	0	5013	19.7741871135049
A_NS	152	5152	G	14	0	5072	19.5524447949527
A_NS	153	5145	T	21	0	5088	21.2081367924528
A_NS	154	5133	C	33	0	5061	22.3949812290061
A_NS	155	5113	T	51	0	5001	23.6114777044591
A_NS	156	5105	A	58	0	4733	20.6672300866258
A_NS	157	5142	G	21	0	4841	20.6325139434001
A_NS	158	5129	A	34	0	5055	20.5792284866469
A_NS	159	5141	C	22	0	5104	20.855407523511
A_NS	160	5146	A	17	0	5068	20.9883583267561
A_NS	161	5147	T	16	0	5112	24.1934663536776
A_NS	162	5141	C	22	0	5106	25.6989815902859
A_NS	163	5063	A	100	0	5019	22.6298067344092
A_NS	164	5138	A	25	0	5102	23.297530380243
A_NS	165	5147	A	16	0	5080	25.3051181102362
A_NS	166	5139	T	24	0	5098	25.9358571989015
A_NS	167	5126	C	36	0	5106	26.686643164904
A_NS	168	5124	A	38	0	5037	22.7685130037721
A_NS	169	5080	G	81	0	4885	19.7735926305015
A_NS	170	5113	C	48	0	5031	19.6348638441662
A_NS	171	5099	C	62	0	5022	19.7005177220231
A_NS	172	5111	A	49	0	5075	19.8045320197044
A_NS	173	5091	C	69	0	5052	22.8596595407759
A_NS	174	5132	C	28	0	5063	23.1532688129567
A_NS	175	5119	C	41	0	5051	22.6812512373787
A_NS	176	5111	A	49	0	5052	23.5859065716548
A_NS	177	5122	T	38	0	5091	23.8283244942055
A_NS	178	5132	G	28	0	5091	24.7273620113927
A_NS	179	5121	C	39	0	5079	24.8865918487891
A_NS	180	5121	T	39	0	5074	25.0459203783997
A_NS	181	5006	G	154	0	4970	24.7237424547284
A_NS	182	5061	G	99	0	5028	23.0501193317422
A_NS	183	5015	A	145	0	4966	21.9202577527185
A_NS	184	5120	A	40	0	5095	23.2555446516192
A_NS	185	5130	A	30	0	5081	23.9687069474513
A_NS	186	5131	G	28	0	4999	24.127825565113
A_NS	187	5103	C	56	0	5036	21.4632644956315
A_NS	188	4989	A	170	0	4955	21.1091826437941
A_NS	189	5132	A	27	0	5083	21.5961046626008
A_NS	190	5133	A	26	0	5045	25.4360753221011
A_NS	191	5130	T	29	0	5084	27.0773013375295
A_NS	192	5112	C	47	0	5079	26.4617050600512
A_NS	193	5111	G	48	0	4980	21.7957831325301
A_NS	194	5115	T	44	0	5020	22.2966135458167
A_NS	195	4948	A	211	0	4748	21.1006739679865
A_NS	196	5086	G	73	0	4894	19.2928075194115
A_NS	197	4925	A	234	0	4863	20.3865926382891
A_NS	198	5098	A	61	0	5076	23.7369976359338
A_NS	199	5133	A	26	0	5110	27.3005870841487
A_NS	200	5131	A	28	0	5097	26.1648028251913
A_NS	201	5090	G	69	0	5069	29.3900177549813
A_NS	202	5124	A	35	0	5093	24.3037502454349
A_NS	203	5128	T	31	0	5089	23.9357437610533
A_NS	204	5118	T	40	0	5085	24.2971484759095
A_NS	205	5097	C	60	0	5051	26.8455751336369
A_NS	206	5110	T	47	0	5024	24.5507563694268
A_NS	207	5103	G	54	0	5060	24.4237154150198
A_NS	208	4828	A	329	0	4777	24.7605191542809
A_NS	209	5067	A	90	0	5027	23.7304555400836
A_NS	210	5059	A	98	0	5000	21.391
A_NS	211	5035	G	122	0	5011	22.7088405507883
A_NS	212	5084	G	73	0	5061	19.6463149575183
A_NS	213	5117	A	40	0	5080	18.8956692913386
A_NS	214	5134	G	23	0	5101	21.0909625563615
A_NS	215	5121	A	36	0	5068	23.8691791633781
A_NS	216	5142	A	15	0	5106	23.5329024676851
A_NS	217	5136	T	21	0	5103	23.798353909465
A_NS	218	5134	C	23	0	5112	24.9555946791862
A_NS	219	5105	T	52	0	5012	23.6310853950519
A_NS	220	5134	G	23	0	5090	23.6705304518664
A_NS	221	5127	A	30	0	5064	24.4486571879937
A_NS	222	5140	T	17	0	5095	24.7315014720314
A_NS	223	5144	G	13	0	5114	23.800547516621
A_NS	224	5117	A	40	0	5063	22.51530713016
A_NS	225	5106	G	51	0	5049	20.6284412755001
A_NS	226	5123	G	33	0	5082	20.0157418339237
A_NS	227	5116	C	40	0	5065	19.2647581441264
A_NS	228	5089	A	67	0	4958	19.6609519967729
A_NS	229	4761	C	395	0	4695	20.2457933972311
A_NS	230	4631	T	525	0	4528	21.4975706713781
A_NS	231	5047	T	109	0	4931	20.5447170959237
A_NS	232	5006	A	150	0	4906	21.4160211985324
A_NS	233	5121	A	35	0	5076	21.5352639873916
A_NS	234	5133	A	23	0	5093	23.6345965050069
A_NS	235	5124	A	32	0	5063	31.1684771874383
A_NS	236	5109	T	47	0	5039	26.9837269299464
A_NS	237	5112	G	43	0	5062	25.7427894112999
A_NS	238	5123	A	32	0	5049	25.1976629035453
A_NS	239	5089	C	66	0	5047	23.5228848821082
A_NS	240	5137	C	18	0	5061	22.9762892708951
A_NS	241	5118	A	37	0	5007	21.5943678849611
A_NS	242	5116	T	38	0	5068	21.284135753749
A_NS	243	5093	G	61	0	4979	20.8369150431814
A_NS	244	5120	G	34	0	5085	19.9622418879056
A_NS	245	5002	C	152	0	4957	20.927577163607
A_NS	246	5132	C	22	0	5017	20.2423759218657
A_NS	247	5124	T	30	0	5028	20.9771280827367
A_NS	248	5075	C	79	0	4954	21.2460637868389
A_NS	249	5099	G	55	0	4984	20.8533306581059
A_NS	250	5099	A	55	0	5011	21.265216523648
A_NS	251	5109	C	45	0	5020	21.2695219123506
A_NS	252	5120	A	34	0	5056	21.090585443038
A_NS	253	5063	C	91	0	4967	22.8351117374673
A_NS	254	5101	C	53	0	4953	22.4310518877448
A_NS	255	5081	T	73	0	4972	22.7497988736927
A_NS	256	5103	G	51	0	5003	23.4843094143514
A_NS	257	5108	C	46	0	5035	23.651638530288
A_NS	258	5083	T	71	0	5044	23.8808485329104
A_NS	259	5099	T	53	0	5020	24.2043824701195
A_NS	260	5079	C	73	0	4977	23.7836045810729
A_NS	261	5078	G	74	0	4678	18.8576314664386
A_NS	262	5099	C	53	0	4728	18.7288494077834
A_NS	263	5119	G	33	0	5067	18.9808565225972
A_NS	264	5108	A	44	0	5041	19.5836143622297
A_NS	265	5110	T	42	0	5038	21.3699880905121
A_NS	266	5085	A	67	0	4986	24.2986361813077
A_NS	267	5094	C	58	0	5060	24.598023715415
A_NS	268	5096	A	56	0	5008	23.8136980830671
A_NS	269	5093	T	59	0	4917	22.8517388651617
A_NS	270	5109	A	43	0	5034	22.8422725466826
A_NS	271	5122	A	30	0	4954	22.2714977795721
A_NS	272	5123	C	28	0	5056	22.0292721518987
A_NS	273	5080	T	71	0	4968	22.7316827697262
A_NS	274	5132	G	19	0	5109	22.3323546682325
A_NS	275	5117	A	34	0	5048	23.7337559429477
A_NS	276	5129	C	22	0	5075	24.4419704433498
A_NS	277	5112	A	39	0	5019	24.2273361227336
A_NS	278	5104	T	47	0	5037	23.2759579114552
A_NS	279	5126	G	25	0	5104	23.5818965517241
A_NS	280	5124	A	27	0	5069	24.3915959755376
A_NS	281	5120	C	31	0	5083	25.032067676569
A_NS	282	5108	T	43	0	5064	24.9648499210111
A_NS	283	5096	A	55	0	5011	24.1368988225903
A_NS	284	5105	T	46	0	5035	24.2313803376365
A_NS	285	5121	T	30	0	5069	24.6164924048136
A_NS	286	5111	G	40	0	5085	23.6688298918387
A_NS	287	5005	A	143	0	4945	23.0725985844287
A_NS	288	4925	G	223	0	4878	22.1927019270193
A_NS	289	4994	G	154	0	4935	21.1321175278622
A_NS	290	4822	A	326	0	4788	19.9724310776942
A_NS	291	4870	A	278	0	4803	21.1093066833229
A_NS	292	4989	T	159	0	4792	21.7742070116861
A_NS	293	5116	T	32	0	5072	22.2184542586751
A_NS	294	5119	G	28	0	5080	22.8013779527559
A_NS	295	5122	T	25	0	5060	23.353557312253
A_NS	296	5116	C	30	0	5077	25.7112467992909
A_NS	297	4981	A	165	0	4888	21.7534779050736
A_NS	298	5010	A	135	0	4934	20.7227401702473
A_NS	299	4972	G	173	0	4827	19.9898487673503
A_NS	300	5056	A	89	0	4971	21.3954938644136
A_NS	301	5092	A	53	0	5041	22.306486808173
A_NS	302	5083	A	62	0	4911	23.1327631846874
A_NS	303	5104	C	40	0	5071	21.6324196410964
A_NS	304	5046	T	98	0	4961	21.3543640395082
A_NS	305	5067	G	77	0	4774	19.8477167993297
A_NS	306	5112	G	32	0	5021	19.7327225652261
A_NS	307	5105	T	39	0	5039	20.0172653304227
A_NS	308	5118	T	26	0	5063	20.9182302982422
A_NS	309	5099	C	45	0	5036	23.4531374106434
A_NS	310	5080	A	64	0	4999	23.3836767353471
A_NS	311	5086	T	58	0	5052	23.1688440221694
A_NS	312	5089	G	55	0	4987	23.5895327852416
A_NS	313	5064	C	79	0	5029	23.1771724000795
A_NS	314	5095	T	48	0	5028	23.2595465393795
A_NS	315	5075	A	68	0	5023	23.2741389607804
A_NS	316	5111	A	32	0	5027	24.2086731649095
A_NS	317	5111	T	30	0	5082	25.1192443919717
A_NS	318	5104	G	37	0	5026	25.3404297652209
A_NS	319	5007	C	134	0	4984	24.2361556982343
A_NS	320	5094	C	47	0	5047	22.5409153952843
A_NS	321	5092	C	49	0	4988	21.981555733761
A_NS	322	5047	A	94	0	5006	23.1839792249301
A_NS	323	5084	A	57	0	5026	23.366892160764
A_NS	324	5072	G	69	0	5008	23.8696086261981
A_NS	325	5097	C	43	0	5065	25.2157946692991
A_NS	326	5021	A	119	0	4941	23.6956081764825
A_NS	327	5089	G	51	0	5060	22.6444664031621
A_NS	328	5049	A	90	0	5023	23.132191917181
A_NS	329	5092	A	47	0	5063	23.6614655342682
A_NS	330	5107	A	32	0	5065	25.0817374136229
A_NS	331	5077	G	62	0	4990	23.5006012024048
A_NS	332	5086	T	53	0	5039	22.0871204604088
A_NS	333	5055	G	84	0	5019	22.2620043833433
A_NS	334	5089	G	50	0	5061	22.077059869591
A_NS	335	5071	A	68	0	5029	22.6472459733545
A_NS	336	5087	A	52	0	5054	24.1341511673922
A_NS	337	5083	G	56	0	5054	22.0645033636723
A_NS	338	5105	G	34	0	5051	21.2110473173629
A_NS	339	5112	A	27	0	5067	19.8902703769489
A_NS	340	5032	C	107	0	4989	20.3219081980357
A_NS	341	5040	C	97	0	4964	19.0695004029009
A_NS	342	5011	T	126	0	4941	19.7607771706132
A_NS	343	5076	C	61	0	5022	20.2150537634409
A_NS	344	4845	T	292	0	4772	22.9712908633697
A_NS	345	5067	T	70	0	5041	26.3479468359452
A_NS	346	5086	T	52	0	5062	27.309166337416
A_NS	347	5080	G	58	0	5015	26.5479561316052
A_NS	348	5082	C	56	0	5036	26.167791898332
A_NS	349	5080	A	58	0	5022	25.7584627638391
A_NS	350	5099	T	39	0	5052	25.9536817102138
A_NS	351	5097	C	41	0	5069	26.4493983034129
A_NS	352	5061	A	77	0	4982	20.1945002007226
A_NS	353	5087	G	51	0	5046	19.0325009908839
A_NS	354	5087	A	51	0	5056	21.739121835443
A_NS	355	5108	A	30	0	5053	24.8137739956462
A_NS	356	5114	T	24	0	5084	24.7946498819827
A_NS	357	5072	G	65	0	5043	25.4856236367242
A_NS	358	5114	G	23	0	5085	24.419075712881
A_NS	359	5109	A	28	0	5056	24.182753164557
A_NS	360	4924	C	213	0	4850	23.9325773195876
A_NS	361	5107	C	29	0	4993	22.6553174444222
A_NS	362	5099	A	35	0	4985	21.3005015045135
A_NS	363	5060	G	74	0	4970	21.0523138832998
A_NS	364	5096	G	38	0	5027	21.9061070220808
A_NS	365	5094	C	37	0	5033	22.2517385257302
A_NS	366	5093	A	38	0	5053	23.5086087472788
A_NS	367	5103	A	29	0	5046	25.9419342053111
A_NS	368	5100	T	32	0	5062	27.7192809166337
A_NS	369	5087	C	44	0	5053	28.5855927171977
A_NS	370	4980	A	151	0	4835	23.0798345398139
A_NS	371	4982	T	149	0	4847	23.0280585929441
A_NS	372	4350	A	781	0	4267	21.1708460276541
A_NS	373	4660	G	471	0	4605	18.5218241042345
A_NS	374	4963	A	168	0	4924	18.1179935012185
A_NS	375	4939	G	192	0	4840	27.0030991735537
A_NS	376	4825	A	306	0	4780	28.9284518828452
A_NS	377	5030	A	101	0	4989	23.0992182802165
A_NS	378	5116	A	15	0	5081	29.9378075182051
A_NS	379	5117	A	13	0	5102	33.9921599372795
A_NS	380	5117	A	13	0	5048	30.6067749603803
A_NS	381	5110	C	20	0	5087	26.8940436406526
A_NS	382	5109	A	21	0	5076	25.1036249014972
A_NS	383	5100	T	29	0	5064	25.1427725118483
A_NS	384	5101	C	27	0	5062	26.0975898854208
A_NS	385	5086	A	42	0	5014	25.8173115277224
A_NS	386	5087	T	41	0	5045	26.4398414271556
A_NS	387	5084	G	43	0	5003	26.5976414151509
A_NS	388	5086	T	41	0	5035	26.862959285005
A_NS	389	5088	T	39	0	5052	27.6207442596991
A_NS	390	4318	A	809	0	4275	27.4545029239766
A_NS	391	4891	A	236	0	4844	28.0858794384806
A_NS	392	5089	A	38	0	5046	25.4449068569164
A_NS	393	5083	A	43	0	5040	25.8446428571429
A_NS	394	5073	G	52	0	5015	25.8939182452642
A_NS	395	5075	C	50	0	5033	22.9417842241208
A_NS	396	5034	G	91	0	4912	20.1368078175896
A_NS	397	5053	A	72	0	4969	19.9140672167438
A_NS	398	5075	A	50	0	5045	19.9516352824579
A_NS	399	5061	T	64	0	4999	21.373274654931
A_NS	400	5094	T	30	0	5065	25.1214215202369
A_NS	401	5094	T	30	0	5041	26.4647887323944
A_NS	402	5094	C	30	0	5068	28.7778216258879
A_NS	403	5086	A	38	0	5053	27.3340589748664
A_NS	404	5097	A	27	0	5031	25.4957264957265
A_NS	405	5057	T	67	0	5016	26.7888755980861
A_NS	406	5064	G	60	0	5005	26.7556443556444
A_NS	407	5081	T	43	0	5019	25.6770272962742
A_NS	408	5090	G	34	0	5061	25.6781268524007
A_NS	409	5088	A	36	0	5049	26.0005941770648
A_NS	410	4561	T	563	0	4526	28.9399027839152
A_NS	411	5088	T	35	0	5054	30.1721408785121
A_NS	412	5095	T	28	0	5085	29.5193706981318
A_NS	413	5098	T	25	0	5074	39.4917225068979
A_NS	414	5088	T	33	0	5040	31.8325396825397
A_NS	415	5041	G	80	0	4988	27.7770649558941
A_NS	416	5074	G	47	0	5013	24.4821464193098
A_NS	417	5058	C	62	0	4993	23.6901662327258
A_NS	418	5084	C	36	0	4974	22.6982308001608
A_NS	419	5062	G	58	0	5007	21.5188735769922
A_NS	420	5087	A	32	0	5045	21.9004955401388
A_NS	421	5090	C	29	0	5009	22.0986224795368
A_NS	422	5064	T	55	0	5012	22.9846368715084
A_NS	423	5044	A	75	0	4968	24.4156602254428
A_NS	424	5068	G	51	0	5011	23.0959888245859
A_NS	425	5063	A	56	0	4980	21.8064257028112
A_NS	426	4965	G	154	0	4901	26.9946949602122
A_NS	427	5071	A	48	0	5000	42.1158
A_NS	428	5044	C	75	0	4972	19.5247385358005
A_NS	429	5092	C	27	0	4964	19.4431909750201
A_NS	430	5076	A	43	0	4993	21.0440616863609
A_NS	431	5059	T	60	0	4991	21.9014225606091
A_NS	432	5067	A	52	0	4954	22.2943076301978
A_NS	433	5057	G	62	0	4960	21.745564516129
A_NS	434	5075	T	44	0	5002	22.4456217512995
A_NS	435	5080	A	39	0	5007	23.0786898342321
A_NS	436	5066	T	53	0	4975	24.2118592964824
A_NS	437	5066	T	53	0	5030	25.6178926441352
A_NS	438	5054	G	65	0	4964	24.1488718775181
A_NS	439	5034	C	85	0	4971	23.6984510158922
A_NS	440	5036	T	83	0	4944	23.0056634304207
A_NS	441	4869	A	249	0	4758	22.3972257250946
A_NS	442	5023	A	94	0	4879	20.2295552367288
A_NS	443	4908	G	209	0	4827	17.634141288585
A_NS	444	5083	G	34	0	5004	19.666067146283
A_NS	445	5068	G	49	0	5000	20.8432
A_NS	446	5070	C	47	0	5030	19.9600397614314
A_NS	447	5048	T	69	0	5018	22.2417297728179
A_NS	448	5056	T	61	0	5032	24.0528616852146
A_NS	449	5070	T	47	0	5021	27.2591117307309
A_NS	450	5029	C	88	0	4982	30.4032517061421
A_NS	451	5040	A	76	0	4975	25.6727638190955
A_NS	452	5016	C	100	0	4951	24.4778832559079
A_NS	453	5051	C	64	0	4891	22.9783275403803
A_NS	454	4976	G	139	0	4939	21.3956266450699
A_NS	455	4937	A	177	0	4919	21.0121976011384
A_NS	456	4828	A	286	0	4787	18.7612283267182
A_NS	457	4717	G	397	0	4678	16.9707139803335
A_NS	458	4808	A	305	0	4758	16.9918032786885
A_NS	459	3919	G	1194	0	3852	16.6238317757009
A_NS	460	4861	G	252	0	4750	16.6149473684211
A_NS	461	4950	G	162	0	4912	16.8735749185668
A_NS	462	4910	A	199	0	4838	15.6581231914014
A_NS	463	5039	G	70	0	4781	18.0158962560134
A_NS	464	5027	C	81	0	4945	18.2347826086957
A_NS	465	5020	A	88	0	4975	18.9051256281407
A_NS	466	5062	A	46	0	5017	21.3667530396651
A_NS	467	5041	T	67	0	4952	25.3861066235864
A_NS	468	5055	T	53	0	5015	26.9447657028913
A_NS	469	5056	G	51	0	4993	25.1612257160024
A_NS	470	5058	T	49	0	4962	24.4171704957678
A_NS	471	5076	T	31	0	5037	24.4196942624578
A_NS	472	5006	G	101	0	4931	22.9144189819509
A_NS	473	5062	G	44	0	4998	21.7959183673469
A_NS	474	5055	C	50	0	4225	21.901775147929
A_NS	475	5046	G	59	0	4961	19.2205200564402
A_NS	476	5022	A	83	0	4984	19.1695425361156
A_NS	477	5063	A	41	0	5040	19.1170634920635
A_NS	478	5066	A	37	0	5039	24.2691010121056
A_NS	479	5010	T	92	0	4971	23.4828002414001
A_NS	480	5003	C	99	0	4952	25.6690226171244
A_NS	481	5059	T	43	0	5012	23.7567837190742
A_NS	482	4946	C	155	0	4915	23.7194303153611
A_NS	483	4997	A	104	0	4935	21.9963525835866
A_NS	484	4964	C	137	0	4909	22.003259319617
A_NS	485	4980	C	120	0	4939	22.1024498886414
A_NS	486	4937	A	163	0	4874	20.6118178087813
A_NS	487	5018	C	82	0	4980	21.0664658634538
A_NS	488	5003	T	97	0	4949	21.1788240048495
A_NS	489	5018	G	82	0	4923	21.2177534023969
A_NS	490	5033	C	67	0	5003	21.8368978612832
A_NS	491	4982	C	118	0	4883	21.2344869956994
A_NS	492	4947	T	153	0	4861	20.9528903517795
A_NS	493	4970	T	130	0	4920	24.4321138211382
A_NS	494	5032	C	68	0	4999	25.2914582916583
A_NS	495	4808	T	292	0	4755	25.5554153522608
A_NS	496	5032	T	67	0	5000	25.8026
A_NS	497	5040	T	59	0	5015	29.6851445663011
A_NS	498	4954	T	145	0	4894	26.2664487127094
A_NS	499	4215	C	884	0	3995	30.580225281602
A_NS	500	5037	C	62	0	4975	18.5461306532663
A_NS	501	5031	A	65	0	4937	15.1193032205793
A_NS	502	5041	G	55	0	5011	16.41847934544
A_NS	503	5077	G	18	0	5051	21.491981785785
A_NS	504	5068	A	27	0	5035	22.5171797418074
A_NS	505	5069	C	26	0	5052	24.1583531274743
A_NS	506	5020	A	74	0	4959	23.9907239362775
A_NS	507	5033	T	58	0	4976	25.2628617363344
A_NS	508	5061	A	30	0	4967	24.7211596537145
A_NS	509	5059	C	30	0	5013	24.1520047875524
A_NS	510	5052	T	37	0	4971	24.4729430698049
A_NS	511	5021	A	68	0	4901	24.0503978779841
A_NS	512	5052	T	37	0	4907	23.7267169349908
A_NS	513	5072	T	15	0	5023	24.0328488950826
A_NS	514	5062	G	25	0	5037	23.2449870954934
A_NS	515	5069	A	18	0	4943	22.6200687841392
A_NS	516	5033	G	54	0	5018	21.8373854125149
A_NS	517	5075	G	12	0	5054	21.6549267906609
A_NS	518	5067	A	20	0	5047	20.9044977214187
A_NS	519	5068	T	19	0	5048	23.6996830427892
A_NS	520	5059	G	28	0	4980	25.1692771084337
A_NS	521	5055	T	32	0	5010	26.3269461077844
A_NS	522	5051	C	36	0	5017	26.2830376719155
A_NS	523	4634	A	453	0	4574	24.8937472671622
A_NS	524	4967	A	120	0	4942	26.0236746256576
A_NS	525	5050	A	37	0	5017	27.0434522623082
A_NS	526	5051	A	36	0	5022	33.768219832736
A_NS	527	5032	A	55	0	4946	27.7080469065912
A_NS	528	5009	T	76	0	4963	24.0856336893008
A_NS	529	5020	G	65	0	4809	22.0278644208775
A_NS	530	5036	C	49	0	4758	21.1567885666246
A_NS	531	4604	A	481	0	4517	20.4367943325216
A_NS	532	5052	A	31	0	4921	17.375127006706
A_NS	533	5011	T	72	0	4400	18.5377272727273
A_NS	534	5022	T	61	0	4945	17.9654196157735
A_NS	535	4865	G	216	0	4513	14.8994017283404
A_NS	536	5030	G	51	0	4792	14.6452420701169
A_NS	537	5063	G	18	0	4980	15.9919678714859
A_NS	538	5047	G	34	0	4982	19.084704937776
A_NS	539	5025	T	55	0	4968	19.6262077294686
A_NS	540	4926	C	153	0	4862	23.2513368983957
A_NS	541	5030	C	49	0	4975	21.9849246231156
A_NS	542	5051	T	27	0	4971	21.4834037417019
A_NS	543	5047	C	31	0	5016	22.4170653907496
A_NS	544	5056	A	22	0	5002	22.9600159936026
A_NS	545	5060	T	18	0	5020	24.440438247012
A_NS	546	5044	C	34	0	4997	24.3522113267961
A_NS	547	4979	G	99	0	4915	20.9627670396745
A_NS	548	5038	G	40	0	5011	20.795450009978
A_NS	549	5045	A	33	0	5001	21.8316336732653
A_NS	550	5021	G	57	0	4985	23.4940822467402
A_NS	551	5065	G	12	0	5045	23.3417244796829
A_NS	552	5059	A	18	0	5027	22.1394469862741
A_NS	553	5061	C	16	0	5032	22.7066772655008
A_NS	554	4978	T	97	0	4928	24.1243912337662
A_NS	555	5027	T	48	0	4970	25.8277665995976
A_NS	556	5040	G	31	0	5004	25.9856115107914
A_NS	557	5049	A	22	0	4954	25.0710536939847
A_NS	558	5056	A	15	0	5007	24.4487717195926
A_NS	559	5054	T	17	0	5012	25.0945730247406
A_NS	560	4986	G	85	0	4928	24.5304383116883
A_NS	561	5051	G	19	0	5006	24.1450259688374
A_NS	562	5027	A	43	0	4987	22.8644475636655
A_NS	563	4981	A	89	0	4933	23.3154267180215
A_NS	564	4966	T	104	0	4906	22.2128006522625
A_NS	565	4972	G	94	0	4851	21.6615130900845
A_NS	566	5025	A	41	0	4938	23.7746051032807
A_NS	567	5031	T	35	0	4974	23.464817048653
A_NS	568	5017	A	49	0	4968	24.3397745571659
A_NS	569	5011	A	55	0	4927	24.8922265070022
A_NS	570	5014	C	52	0	4955	25.2284561049445
A_NS	571	5037	A	29	0	4954	23.2583770690351
A_NS	572	5047	C	19	0	4990	30.6440881763527
A_NS	573	5043	A	23	0	4957	26.6965906798467
A_NS	574	5039	G	26	0	5020	21.6131474103586
A_NS	575	5054	T	11	0	5023	22.5924746167629
A_NS	576	5056	T	9	0	5022	23.2383512544803
A_NS	577	5038	C	27	0	4984	24.0435393258427
A_NS	578	4909	G	155	0	4768	19.1033976510067
A_NS	579	5046	A	18	0	5011	18.1885851127519
A_NS	580	5011	G	53	0	4918	19.2100447336316
A_NS	581	4999	T	65	0	4951	20.8018582104625
A_NS	582	4988	C	76	0	4952	22.9226575121163
A_NS	583	5028	T	36	0	4974	22.8254925613189
A_NS	584	5034	C	29	0	5015	36.0277168494516
A_NS	585	4996	T	66	0	4941	29.572151386359
A_NS	586	4720	A	341	0	4650	23.52
A_NS	587	4992	A	69	0	4938	27.0101255569056
A_NS	588	5044	A	15	0	5022	27.3797291915571
A_NS	589	5042	A	17	0	5018	34.7016739736947
A_NS	590	5039	A	20	0	4994	31.2535042050461
A_NS	591	5029	T	29	0	5010	27.3726546906188
A_NS	592	5027	C	29	0	4968	27.1811594202899
A_NS	593	5003	T	53	0	4925	25.3005076142132
A_NS	594	4970	A	85	0	4831	23.1328917408404
A_NS	595	4984	C	71	0	4931	23.2616102210505
A_NS	596	4926	A	128	0	4872	23.1697454844007
A_NS	597	4998	G	54	0	4971	22.9907463287065
A_NS	598	5017	A	35	0	4937	22.9679967591655
A_NS	599	4994	G	58	0	4926	47.4080389768575
A_NS	600	5014	A	38	0	4975	48.21608040201
A_NS	601	5010	T	42	0	4967	21.5667404872156
A_NS	602	5033	T	19	0	4978	22.9883487344315
A_NS	603	4984	C	68	0	4897	24.2722074739637
A_NS	604	4956	G	96	0	4898	21.7666394446713
A_NS	605	5028	C	24	0	5002	20.9470211915234
A_NS	606	4931	T	121	0	4900	20.800612244898
A_NS	607	4956	T	95	0	4899	21.7313737497448
A_NS	608	4770	G	281	0	4724	23.6881879762913
A_NS	609	4825	G	226	0	4794	22.5150187734668
A_NS	610	4776	A	275	0	4741	21.7825353300991
A_NS	611	4898	G	153	0	4871	21.5992609320468
A_NS	612	4963	A	86	0	4921	20.8179231863442
A_NS	613	4970	A	79	0	4919	20.8729416548079
A_NS	614	5012	G	37	0	4709	19.0545763431726
A_NS	615	5007	C	42	0	4948	17.9240097008892
A_NS	616	4947	A	102	0	4819	17.4615065366259
A_NS	617	4956	G	93	0	4809	17.0309835724683
A_NS	618	4957	T	91	0	4880	19.5481557377049
A_NS	619	4962	A	86	0	4900	20.6332653061224
A_NS	620	5035	A	13	0	4926	21.5066991473812
A_NS	621	5028	T	20	0	4946	23.6484027496967
A_NS	622	4964	G	84	0	4924	24.1856214459789
A_NS	623	4974	A	74	0	4913	24.7541217178913
A_NS	624	5009	G	38	0	4947	22.4394582575298
A_NS	625	5018	A	29	0	4957	21.888440589066
A_NS	626	5027	A	20	0	4982	21.9975913287836
A_NS	627	5018	T	29	0	4968	22.8643317230274
A_NS	628	4296	G	751	0	4214	23.9800664451827
A_NS	629	4938	G	109	0	4886	21.6887024150634
A_NS	630	5029	G	18	0	4950	20.3193939393939
A_NS	631	5032	G	15	0	4975	21.3975879396985
A_NS	632	4998	G	48	0	4929	21.5581253804017
A_NS	633	4986	A	60	0	4933	21.948307318062
A_NS	634	4958	C	88	0	4867	21.7326895418122
A_NS	635	4979	C	67	0	4913	19.7545288011398
A_NS	636	4959	T	87	0	4904	19.1596655791191
A_NS	637	4786	C	260	0	4723	20.4910014821088
A_NS	638	4955	C	91	0	4916	20.139951179821
A_NS	639	4908	A	138	0	4671	18.4504388781845
A_NS	640	4979	C	67	0	4918	18.4231394875966
A_NS	641	4727	T	319	0	4666	20.1858122588941
A_NS	642	4793	T	253	0	4728	20.8083756345178
A_NS	643	4785	A	261	0	4637	21.3127021781324
A_NS	644	4962	C	83	0	4924	20.96283509342
A_NS	645	4981	T	64	0	4914	21.2584452584453
A_NS	646	4883	C	162	0	4852	23.0210222588623
A_NS	647	5010	C	35	0	4951	22.5744294082004
A_NS	648	4900	A	143	0	4853	21.1463012569545
A_NS	649	5014	A	29	0	4989	23.9414712367208
A_NS	650	5024	A	17	0	5003	27.245252848291
A_NS	651	5021	A	18	0	4876	29.2635356849877
A_NS	652	5010	C	29	0	4953	26.0369473046638
A_NS	653	4961	A	78	0	4921	23.9995935785409
A_NS	654	4964	G	75	0	4945	22.9146612740142
A_NS	655	4999	A	39	0	4965	23.236253776435
A_NS	656	5026	A	12	0	5005	25.1140859140859
A_NS	657	5005	A	33	0	4776	24.1312814070352
A_NS	658	4991	C	47	0	4936	20.7753241491086
A_NS	659	4468	G	568	0	3998	17.044272136068
A_NS	660	4925	G	111	0	4820	16.4670124481328
A_NS	661	5017	G	18	0	4952	16.2265751211632
A_NS	662	5002	A	33	0	4981	17.1521782774543
A_NS	663	5025	A	7	0	4999	22.4500900180036
A_NS	664	5019	A	12	0	4981	24.8243324633608
A_NS	665	5008	T	23	0	4970	25.9857142857143
A_NS	666	4927	G	103	0	4880	25.4143442622951
A_NS	667	4953	G	76	0	4915	23.9766022380468
A_NS	668	4962	C	67	0	4892	23.045380212592
A_NS	669	4958	G	67	0	4855	19.3849639546859
A_NS	670	5000	A	25	0	4948	19.1380355699272
A_NS	671	4965	G	58	0	4917	19.1330079316656
A_NS	672	4994	A	29	0	4945	21.1362992922144
A_NS	673	5008	A	15	0	4921	25.1241617557407
A_NS	674	5003	C	20	0	4964	24.1444399677679
A_NS	675	4995	A	27	0	4961	23.5881878653497
A_NS	676	4973	G	48	0	4858	21.823795800741
A_NS	677	4993	C	28	0	4917	21.6520235916209
A_NS	678	4991	T	30	0	4953	21.8796688875429
A_NS	679	4987	A	34	0	4799	21.0729318608043
A_NS	680	4963	G	58	0	4846	21.3644242674371
A_NS	681	5001	G	19	0	4918	20.7797885319235
A_NS	682	4990	T	30	0	4933	21.5159132373809
A_NS	683	4989	C	31	0	4941	22.7081562436754
A_NS	684	4688	A	332	0	4635	22.4299892125135
A_NS	685	4713	G	307	0	4668	20.159383033419
A_NS	686	4938	A	82	0	4891	21.1402576160294
A_NS	687	5008	A	12	0	4959	20.893325267191
A_NS	688	5010	G	10	0	4975	21.6574874371859
A_NS	689	4989	T	31	0	4953	23.4318594791036
A_NS	690	5012	T	8	0	4993	25.6765471660324
A_NS	691	5014	T	6	0	4989	26.7083583884546
A_NS	692	5005	G	15	0	4991	28.3838910038069
A_NS	693	4988	A	32	0	4970	28.8527162977867
A_NS	694	4909	A	110	0	4869	27.0016430478538
A_NS	695	4890	G	129	0	4873	25.9214036527806
A_NS	696	4984	A	35	0	4923	25.5929311395491
A_NS	697	4946	G	71	0	4874	31.7039392695938
A_NS	698	4990	A	27	0	4955	46.0740665993945
A_NS	699	4994	T	23	0	4931	23.0077063475968
A_NS	700	4940	A	76	0	4878	23.5483804838048
A_NS	701	5000	A	15	0	4961	25.8586978431768
A_NS	702	4997	G	17	0	4943	22.4570099130083
A_NS	703	5003	A	10	0	4963	23.943179528511
A_NS	704	4987	T	25	0	4968	23.9134460547504
A_NS	705	4965	G	46	0	4921	23.3822393822394
A_NS	706	4963	G	42	0	4922	24.7667614790735
A_NS	707	4960	C	45	0	4891	24.3786546718462
A_NS	708	4979	T	21	0	4931	23.5503954573109
A_NS	709	4954	A	42	0	4901	24.3423791063048
A_NS	710	4971	A	6	0	4935	24.2624113475177
A_NS	711	4952	T	20	0	4858	24.6237134623302
A_NS	712	4965	T	6	0	4932	25.4347120843471
A_NS	713	4909	G	39	0	4888	25.2598199672668
A_NS	714	4863	A	43	0	4841	25.7791778558149
A_NS	715	4784	A	82	0	4769	26.4202138813168
A_NS	716	2970	G	80	0	2958	23.1463826910074
A_NS	717	2987	A	44	0	2889	20.8764278296989
A_NS	718	2973	G	48	0	2790	20.2659498207885
A_NS	719	2991	G	29	0	2872	19.45856545961
A_NS	720	2985	T	35	0	2942	18.8392250169952
A_NS	721	2979	G	41	0	2942	20.0431679129844
A_NS	722	2973	A	47	0	2865	21.2321116928447
A_NS	723	2968	G	51	0	2930	22.479180887372
A_NS	724	2966	A	53	0	2893	24.6799170411338
A_NS	725	2958	C	61	0	2892	23.1300138312586
A_NS	726	2993	A	26	0	2928	22.5925546448087
A_NS	727	2996	C	23	0	2929	33.3881870945715
A_NS	728	2990	A	28	0	2919	29.7502569373073
A_NS	729	2991	G	27	0	2970	22.8333333333333
A_NS	730	2999	A	18	0	2967	23.4930906639703
A_NS	731	3003	T	13	0	2979	24.3074857334676
A_NS	732	3004	T	11	0	2962	24.3588791357191
A_NS	733	2943	A	72	0	2884	25.5665742024965
A_NS	734	2999	A	16	0	2960	23.4483108108108
A_NS	735	2989	G	23	0	2927	22.2531602323198
A_NS	736	2996	A	16	0	2959	23.8019601216627
A_NS	737	3009	A	3	0	2955	24.8074450084602
A_NS	738	3007	C	4	0	2968	23.8133423180593
A_NS	739	3004	A	7	0	2971	24.308650286099
A_NS	740	3008	A	3	0	2955	23.2636209813875
A_NS	741	3007	C	4	0	2991	22.6559679037111
A_NS	742	2987	T	24	0	2934	22.7941376959782
A_NS	743	2995	G	16	0	2975	22.9452100840336
A_NS	744	2954	A	57	0	2913	24.745623069001
A_NS	745	3000	A	10	0	2977	25.2851864292912
A_NS	746	3002	A	8	0	2994	28.2411489645959
A_NS	747	2996	A	14	0	2957	28.6452485627325
A_NS	748	2988	T	22	0	2941	26.8357701462088
A_NS	749	2985	A	24	0	2936	24.4012261580381
A_NS	750	2980	G	29	0	2889	22.2734510211146
A_NS	751	2961	C	46	0	2913	21.8949536560247
A_NS	752	2885	T	121	0	2869	22.4837922621122
A_NS	753	2953	T	52	0	2929	23.6865824513486
A_NS	754	2996	T	9	0	2953	27.027768371148
A_NS	755	2991	G	13	0	2962	25.3349088453747
A_NS	756	2993	A	11	0	2971	25.157522719623
A_NS	757	2993	A	9	0	2959	24.9148360932748
A_NS	758	2977	C	18	0	2946	24.9752206381534
A_NS	759	2972	A	23	0	2890	22.8107266435986
A_NS	760	2982	G	11	0	2897	22.0738695201933
A_NS	761	2984	A	9	0	2957	22.049036185323
A_NS	762	2987	T	6	0	2955	22.3996615905245
A_NS	763	2978	A	15	0	2946	22.2712152070604
A_NS	764	2973	A	20	0	2899	23.1431528113142
A_NS	765	2963	C	30	0	2830	22.6992932862191
A_NS	766	2985	A	8	0	2951	22.5442222975263
A_NS	767	2974	T	18	0	2945	22.9629881154499
A_NS	768	2981	T	11	0	2917	24.810764484059
A_NS	769	2968	C	24	0	2889	25.7573554863274
A_NS	770	2970	A	22	0	2901	24.5125818683213
A_NS	771	2975	T	17	0	2945	24.5538200339559
A_NS	772	2957	G	35	0	2884	24.0086685159501
A_NS	773	2959	C	30	0	2924	23.9705882352941
A_NS	774	2934	A	54	0	2909	24.3661051907872
A_NS	775	2960	A	28	0	2931	24.108154213579
A_NS	776	2947	G	41	0	2879	22.7318513372699
A_NS	777	2976	C	12	0	2950	23.44
A_NS	778	2964	A	24	0	2932	23.2527285129604
A_NS	779	2954	T	29	0	2922	23.4613278576318
A_NS	780	2966	T	17	0	2950	25.708813559322
A_NS	781	2949	G	34	0	2871	23.7384186694532
A_NS	782	2956	C	26	0	2907	23.9755761953904
A_NS	783	2957	A	25	0	2939	23.8795508676421
A_NS	784	2969	A	13	0	2879	23.1042028482112
A_NS	785	2971	C	11	0	2946	22.8319755600815
A_NS	786	2969	T	13	0	2936	22.5817438692098
A_NS	787	2975	A	7	0	2891	21.4877205119336
A_NS	788	2972	C	10	0	2942	21.9000679809653
A_NS	789	2961	T	21	0	2901	22.8121337469838
A_NS	790	2970	G	11	0	2906	23.4948382656573
A_NS	791	2859	T	122	0	2794	24.5873299928418
A_NS	792	2973	T	8	0	2956	24.6197564276049
A_NS	793	2971	T	10	0	2943	22.8491335372069
A_NS	794	2887	G	91	0	2836	22.2034555712271
A_NS	795	2898	A	80	0	2863	22.6922808243102
A_NS	796	2949	A	29	0	2925	21.3558974358974
A_NS	797	2937	G	41	0	2904	20.952479338843
A_NS	798	2938	T	40	0	2856	21.5549719887955
A_NS	799	2921	G	57	0	2892	22.5204011065007
A_NS	800	2966	G	12	0	2938	21.9458815520762
A_NS	801	2959	A	17	0	2935	23.1614991482112
A_NS	802	2965	A	11	0	2927	24.1171848308849
A_NS	803	2961	C	15	0	2922	22.5876112251882
A_NS	804	2923	A	52	0	2824	20.7546033994334
A_NS	805	2834	G	141	0	2799	19.9914255091104
A_NS	806	2944	G	31	0	2924	20.3495212038304
A_NS	807	2944	A	31	0	2913	20.0669412976313
A_NS	808	2930	G	45	0	2883	22.6833159902879
A_NS	809	2961	A	14	0	2948	23.1146540027137
A_NS	810	2957	T	18	0	2910	23.2701030927835
A_NS	811	2853	A	120	0	2805	23.3044563279857
A_NS	812	2951	A	22	0	2924	21.9825581395349
A_NS	813	2932	G	40	0	2907	20.1327829377365
A_NS	814	2960	A	12	0	2937	21.4330949948927
A_NS	815	2968	A	4	0	2934	22.5419222903885
A_NS	816	2962	C	8	0	2951	21.8749576414775
A_NS	817	2935	T	34	0	2914	22.6921757035003
A_NS	818	2949	T	20	0	2937	23.1198501872659
A_NS	819	2765	T	204	0	2744	25.7299562682216
A_NS	820	2709	C	258	0	2694	27.3444691907944
A_NS	821	2947	T	18	0	2929	24.5838170023899
A_NS	822	2906	C	57	0	2888	25.0138504155125
A_NS	823	2939	A	22	0	2911	24.9003778770182
A_NS	824	2916	T	42	0	2892	25.9194329183956
A_NS	825	2945	T	12	0	2926	26.4935064935065
A_NS	826	2944	T	10	0	2912	25.4611950549451
A_NS	827	2927	C	19	0	2910	25.3034364261168
A_NS	828	2921	A	13	0	2889	22.6884735202492
A_NS	829	2899	G	16	0	2854	21.2613875262789
A_NS	830	2904	C	9	0	2891	22.2895191975095
A_NS	831	2852	T	54	0	2838	23.9326990838619
A_NS	832	2879	T	22	0	2861	25.3173715484096
A_NS	833	2889	A	2	0	2830	26.1159010600707
A_NS	834	2886	T	0	0	2879	26.2723167766586
A_NS	835	2882	T	0	0	2879	26.6325112886419
A_NS	836	2825	T	0	0	2824	27.2131728045326
A_NS	837	2775	A	0	0	2775	27.3621621621622
A_NS	838	2734	A	0	0	2734	27.3043160204828
