Reference_Name	Position	Coverage Depth	Consensus	Deletions	Ambiguous	Consensus_Count	Consensus_Average_Quality
A_PA	1	3107	A	0	0	3107	35.088187962665
A_PA	2	3124	T	0	0	3124	31.1501280409731
A_PA	3	3145	G	0	0	3143	29.1034043907095
A_PA	4	3196	G	0	0	3188	26.9538895859473
A_PA	5	3188	A	14	0	3182	26.1228786926461
A_PA	6	3205	A	2	0	3192	26.1776315789474
A_PA	7	3200	G	11	0	3181	24.2719270669601
A_PA	8	3213	A	5	0	3198	25.9055659787367
A_PA	9	3123	T	96	0	3106	24.6719253058596
A_PA	10	3212	T	8	0	3206	26.3259513412352
A_PA	11	3217	T	4	0	3205	29.4439937597504
A_PA	12	3203	T	19	0	3187	31.281769689363
A_PA	13	3193	G	30	0	3148	26.5864040660737
A_PA	14	3219	T	9	0	3178	24.4795468848332
A_PA	15	3212	G	20	0	3156	23.4340937896071
A_PA	16	3214	C	19	0	3174	23.4086326402016
A_PA	17	3220	G	19	0	3180	23.8377358490566
A_PA	18	3226	A	13	0	3185	23.8684458398744
A_PA	19	3226	C	14	0	3193	24.5217663639211
A_PA	20	3227	A	13	0	3201	24.3808184942206
A_PA	21	3230	A	10	0	3163	24.5599114764464
A_PA	22	3221	T	28	0	3177	23.5974189486937
A_PA	23	3181	G	69	0	3029	21.8570485308683
A_PA	24	3216	C	34	0	3173	20.2716671919319
A_PA	25	3188	T	62	0	3151	20.2973659155824
A_PA	26	3198	T	52	0	3162	21.0126502213789
A_PA	27	3199	C	51	0	3172	24.4955863808323
A_PA	28	3220	A	30	0	3202	23.3082448469706
A_PA	29	3227	A	23	0	3179	21.1487889273356
A_PA	30	3168	C	82	0	3130	22.6498402555911
A_PA	31	3222	C	28	0	3167	22.7316071992422
A_PA	32	3231	C	20	0	3115	20.6529695024077
A_PA	33	3214	G	37	0	3149	21.4849158463004
A_PA	34	3227	A	25	0	3164	21.6529709228824
A_PA	35	3232	T	20	0	3212	22.1481942714819
A_PA	36	3246	G	6	0	3220	24.2968944099379
A_PA	37	3241	A	11	0	3215	25.4407465007776
A_PA	38	3250	T	2	0	3233	27.3145685122178
A_PA	39	3248	T	4	0	3238	27.3693638048178
A_PA	40	3244	G	8	0	3198	26.2582864290181
A_PA	41	3246	T	6	0	3219	26.7872009940975
A_PA	42	3218	C	34	0	3180	24.9091194968553
A_PA	43	3232	G	20	0	3158	20.6320455984801
A_PA	44	3231	A	21	0	3160	20.7670886075949
A_PA	45	3240	A	12	0	3195	21.3696400625978
A_PA	46	3237	C	15	0	3219	22.9493631562597
A_PA	47	3218	T	34	0	3195	25.2184663536776
A_PA	48	3236	T	16	0	3209	28.381427235899
A_PA	49	3228	G	24	0	3181	26.1210311222886
A_PA	50	3233	C	19	0	3186	25.5269930947897
A_PA	51	3178	A	74	0	3115	22.5056179775281
A_PA	52	3217	G	35	0	3169	20.3815083622594
A_PA	53	3081	A	171	0	3059	20.5998692383132
A_PA	54	3216	A	37	0	3208	23.7649625935162
A_PA	55	3231	A	22	0	3219	28.2149735942839
A_PA	56	3233	A	20	0	3221	33.2157714995343
A_PA	57	3235	A	18	0	3208	32.0994389027431
A_PA	58	3212	G	41	0	3047	27.7938956350509
A_PA	59	3236	C	17	0	3202	21.9150530918176
A_PA	60	3216	A	37	0	3207	20.9663236669785
A_PA	61	3229	A	24	0	3200	21.398125
A_PA	62	3236	T	17	0	3212	26.1002490660025
A_PA	63	3238	G	15	0	3224	26.431141439206
A_PA	64	3043	A	210	0	3030	27.7250825082508
A_PA	65	3229	A	24	0	3215	26.2143079315708
A_PA	66	3208	A	45	0	3179	22.3557722554262
A_PA	67	3174	G	79	0	3116	23.5064184852375
A_PA	68	3227	A	26	0	3211	23.5577701650576
A_PA	69	3235	G	18	0	3169	21.4786999053329
A_PA	70	3231	T	22	0	3176	20.1171284634761
A_PA	71	3238	A	15	0	3220	22.7630434782609
A_PA	72	3221	T	32	0	3191	23.4315261673457
A_PA	73	2768	G	485	0	2720	23.2805147058824
A_PA	74	3214	G	39	0	3130	22.2725239616613
A_PA	75	3230	G	23	0	3197	21.6108852048796
A_PA	76	3231	G	22	0	3206	22.3736743605739
A_PA	77	3225	A	28	0	3193	23.4359536486063
A_PA	78	3235	G	18	0	3212	24.0529265255293
A_PA	79	3245	G	8	0	3225	23.1051162790698
A_PA	80	3243	A	10	0	3236	21.451174289246
A_PA	81	3235	T	18	0	3218	23.0425730267247
A_PA	82	3237	C	16	0	3223	24.1337263419175
A_PA	83	3208	T	45	0	3148	23.1839263024142
A_PA	84	3214	G	39	0	3185	21.9277864992151
A_PA	85	3112	A	142	0	3078	23.4246263807667
A_PA	86	3203	A	51	0	3171	23.1936297697887
A_PA	87	3221	A	33	0	3196	23.412703379224
A_PA	88	3233	A	21	0	3184	22.4299623115578
A_PA	89	3236	T	18	0	3126	20.0239923224568
A_PA	90	3246	T	8	0	3213	21.0009337068161
A_PA	91	3232	G	21	0	3199	19.5645514223195
A_PA	92	3227	A	26	0	3201	18.1865042174321
A_PA	93	3237	A	16	0	3215	19.8519440124417
A_PA	94	3240	A	13	0	3188	26.8638644918444
A_PA	95	3205	C	48	0	3169	25.2940990848848
A_PA	96	3240	C	13	0	3194	26.9906073888541
A_PA	97	3239	A	14	0	3226	26.9318040917545
A_PA	98	3241	A	12	0	3175	24.9477165354331
A_PA	99	3242	C	11	0	3221	24.5482769326296
A_PA	100	3206	A	47	0	3184	24.8341708542714
A_PA	101	3235	A	18	0	3215	24.6556765163297
A_PA	102	3223	A	30	0	3198	28.088492808005
A_PA	103	3201	T	52	0	3170	28.5662460567823
A_PA	104	3245	T	8	0	3218	31.1948415164699
A_PA	105	3246	T	7	0	3234	29.3713667285096
A_PA	106	3217	G	35	0	3185	27.5164835164835
A_PA	107	3218	C	34	0	3185	26.2602825745683
A_PA	108	3211	A	41	0	3156	23.9692648922687
A_PA	109	3230	G	22	0	3152	21.4152918781726
A_PA	110	3239	C	13	0	3209	21.4057338734808
A_PA	111	3218	A	34	0	3200	21.5975
A_PA	112	3236	A	16	0	3204	23.0333957553059
A_PA	113	3230	T	22	0	3202	25.6686445971268
A_PA	114	3235	A	17	0	3213	28.1238717709306
A_PA	115	3217	T	33	0	3188	27.0351317440402
A_PA	116	3198	G	52	0	3163	25.4214353461903
A_PA	117	3204	C	46	0	3173	25.1799558777182
A_PA	118	3197	A	53	0	3167	23.4790022102937
A_PA	119	3204	C	46	0	3190	22.0880877742947
A_PA	120	3209	T	41	0	3181	22.9270669600754
A_PA	121	3181	C	69	0	3157	23.8305353183402
A_PA	122	3166	A	84	0	3081	21.8987341772152
A_PA	123	3198	C	52	0	3178	21.9480805538074
A_PA	124	3134	T	115	0	3100	23.2003225806452
A_PA	125	3158	T	91	0	3111	23.3072966891675
A_PA	126	3121	G	128	0	3087	23.2086167800454
A_PA	127	3079	G	170	0	3024	22.6669973544974
A_PA	128	3102	A	147	0	3083	21.2474862147259
A_PA	129	3196	G	53	0	3096	22.015180878553
A_PA	130	3189	G	59	0	3134	20.6075303126994
A_PA	131	3185	T	62	0	3157	19.9363319607222
A_PA	132	3235	G	12	0	3203	22.0518264127381
A_PA	133	3229	T	18	0	3210	27.9218068535826
A_PA	134	3226	G	20	0	3187	61.7922811421399
A_PA	135	3186	T	61	0	3158	34.5180493983534
A_PA	136	3234	T	13	0	3212	26.9782067247821
A_PA	137	3226	T	21	0	3191	25.7314321529301
A_PA	138	3214	C	33	0	3183	28.6094879044926
A_PA	139	3208	A	39	0	3156	25.9011406844106
A_PA	140	3193	T	54	0	3171	24.9918006937875
A_PA	141	3212	G	35	0	3178	25.040276903713
A_PA	142	3224	T	23	0	3188	25.0489335006274
A_PA	143	3229	A	18	0	3174	25.1367359798362
A_PA	144	3230	T	17	0	3203	25.5991258195442
A_PA	145	3236	T	11	0	3205	26.7897035881435
A_PA	146	3217	C	30	0	3188	26.7434127979925
A_PA	147	3177	A	70	0	3073	21.7904328018223
A_PA	148	3198	G	49	0	3136	20.2857142857143
A_PA	149	3225	A	22	0	3184	21.0040829145729
A_PA	150	3224	T	23	0	3172	22.3527742749054
A_PA	151	3235	T	12	0	3217	23.4140503574759
A_PA	152	3222	T	25	0	3200	27.6896875
A_PA	153	3123	C	124	0	3082	30.6541207008436
A_PA	154	3197	C	50	0	3169	25.9340485957715
A_PA	155	3213	A	32	0	3181	23.3794404275385
A_PA	156	3213	T	32	0	3177	24.0418633931382
A_PA	157	3234	T	11	0	3202	26.8688319800125
A_PA	158	3234	T	11	0	3210	27.6084112149533
A_PA	159	3223	C	22	0	3198	29.7073170731707
A_PA	160	3233	A	12	0	3208	27.8307356608479
A_PA	161	3236	T	9	0	3213	27.1338313103019
A_PA	162	3230	C	15	0	3209	27.6036148332814
A_PA	163	3212	A	33	0	3195	24.660406885759
A_PA	164	3222	A	23	0	3187	24.5983683715093
A_PA	165	3221	T	24	0	3194	26.2927363807138
A_PA	166	3227	G	17	0	3188	24.4893350062735
A_PA	167	3230	A	13	0	3188	24.6800501882058
A_PA	168	3232	A	11	0	3204	24.7868289637953
A_PA	169	3227	C	16	0	3190	25.346394984326
A_PA	170	3201	A	42	0	3152	25.6018401015228
A_PA	171	3230	A	12	0	3183	27.420986490732
A_PA	172	3181	G	61	0	3132	23.5194763729247
A_PA	173	3214	G	28	0	3165	23.79336492891
A_PA	174	3212	C	30	0	3167	21.9576886643511
A_PA	175	3224	G	18	0	3134	20.5172303765156
A_PA	176	3210	A	32	0	3140	21.5143312101911
A_PA	177	3227	A	14	0	3210	21.9021806853583
A_PA	178	3228	T	13	0	3210	22.8485981308411
A_PA	179	3223	C	18	0	3214	25.6907280647169
A_PA	180	3207	A	32	0	3197	25.6693775414451
A_PA	181	3219	A	18	0	3182	25.1436203645506
A_PA	182	3183	T	54	0	3147	27.7683508102955
A_PA	183	3197	A	39	0	3152	26.6376903553299
A_PA	184	3190	G	43	0	3152	24.5672588832487
A_PA	185	3226	T	7	0	3197	24.4207069127307
A_PA	186	3215	A	17	0	3173	24.0687046958714
A_PA	187	3207	G	22	0	3170	23.4678233438486
A_PA	188	3209	T	20	0	3161	23.9383106611832
A_PA	189	3157	A	71	0	3124	23.3313060179257
A_PA	190	3208	G	19	0	3178	21.576777847703
A_PA	191	3202	A	25	0	3180	21.4547169811321
A_PA	192	3214	A	13	0	3168	23.1802398989899
A_PA	193	3203	C	24	0	3172	23.4013240857503
A_PA	194	3124	T	102	0	3084	25.2166018158236
A_PA	195	3168	T	58	0	3117	25.7192813602823
A_PA	196	3185	G	41	0	3155	25.2231378763867
A_PA	197	3187	A	38	0	3137	25.3133567102327
A_PA	198	3185	C	39	0	3139	23.8585536795158
A_PA	199	3184	G	40	0	3159	22.5308641975309
A_PA	200	3198	A	26	0	3176	22.1366498740554
A_PA	201	3212	T	12	0	3170	22.4675078864353
A_PA	202	3086	C	138	0	3042	23.7718606180145
A_PA	203	3207	C	17	0	3153	20.9058039961941
A_PA	204	3195	G	29	0	3106	19.2817128139086
A_PA	205	3186	A	38	0	3101	20.3540793292486
A_PA	206	3207	A	17	0	3186	22.1503452605148
A_PA	207	3206	T	17	0	3183	24.0339302544769
A_PA	208	3170	G	53	0	3116	26.3270218228498
A_PA	209	3144	C	79	0	3116	28.2336328626444
A_PA	210	3169	A	53	0	3135	26.4494417862839
A_PA	211	3205	C	17	0	3179	25.2475621264549
A_PA	212	3204	T	18	0	3182	25.4745443117536
A_PA	213	3204	G	18	0	3145	25.1529411764706
A_PA	214	3198	T	24	0	3167	25.2068203347016
A_PA	215	3206	T	16	0	3196	25.1179599499374
A_PA	216	3161	A	60	0	3123	24.5891770733269
A_PA	217	3187	A	32	0	3168	26.0694444444444
A_PA	218	3191	A	27	0	3166	27.2059380922299
A_PA	219	3177	A	38	0	3126	29.3208573256558
A_PA	220	3175	C	40	0	3136	27.1036352040816
A_PA	221	3195	A	20	0	3155	24.4329635499208
A_PA	222	3198	C	17	0	3173	36.5707532303813
A_PA	223	3191	A	24	0	3147	32.5392437241818
A_PA	224	3198	G	17	0	3189	22.6083411727814
A_PA	225	3179	A	34	0	3154	23.3725428027901
A_PA	226	3176	T	37	0	3159	24.4495093383982
A_PA	227	3202	T	11	0	3186	25.2172002510986
A_PA	228	3204	T	9	0	3181	27.1927066960075
A_PA	229	3198	G	14	0	3174	25.6014492753623
A_PA	230	3174	A	32	0	3158	23.3438885370488
A_PA	231	3185	A	21	0	3161	22.6558051249605
A_PA	232	3191	A	14	0	3163	28.2263673727474
A_PA	233	3195	T	10	0	3155	25.7958795562599
A_PA	234	3197	A	7	0	3180	28.2327044025157
A_PA	235	3197	A	6	0	3188	27.4419698870765
A_PA	236	3189	T	13	0	3172	28.4095208070618
A_PA	237	3189	C	13	0	3170	27.5760252365931
A_PA	238	2994	G	207	0	2963	21.0715491056362
A_PA	239	3023	A	178	0	3003	19.3316683316683
A_PA	240	2283	G	918	0	2249	19.4779902178746
A_PA	241	2757	G	444	0	2732	19.0080527086384
A_PA	242	3115	G	86	0	3062	18.4229261920314
A_PA	243	3108	G	93	0	3089	17.7999352541276
A_PA	244	3090	A	111	0	3064	18.4885770234987
A_PA	245	3130	G	70	0	3090	21.2563106796117
A_PA	246	3110	A	90	0	3063	24.2984002611818
A_PA	247	3106	G	94	0	3077	56.0802729931752
A_PA	248	3162	A	38	0	3090	47.8116504854369
A_PA	249	3177	C	23	0	3136	19.8529974489796
A_PA	250	3164	A	36	0	3123	20.223823246878
A_PA	251	3180	G	20	0	3165	21.0875197472354
A_PA	252	3178	A	22	0	3150	22.2765079365079
A_PA	253	3188	A	12	0	3141	24.5354982489653
A_PA	254	3184	C	16	0	3124	24.8402688860435
A_PA	255	3164	A	36	0	3144	26.1377226463104
A_PA	256	3188	A	12	0	3144	26.6851145038168
A_PA	257	3184	T	16	0	3139	26.2108951895508
A_PA	258	3172	G	28	0	3134	24.8915124441608
A_PA	259	3176	G	24	0	3148	23.8916772554003
A_PA	260	3085	C	115	0	3049	23.706789111184
A_PA	261	3182	C	18	0	3120	23.45
A_PA	262	3180	T	20	0	3121	23.8756808715155
A_PA	263	3093	G	107	0	3016	24.2350795755968
A_PA	264	3190	G	10	0	3150	23.9892063492063
A_PA	265	3191	A	9	0	3175	24.5477165354331
A_PA	266	3188	C	11	0	3161	24.9405251502689
A_PA	267	3161	A	38	0	3073	22.625122030589
A_PA	268	3165	G	34	0	3130	22.1571884984026
A_PA	269	3163	T	35	0	3138	22.0433397068196
A_PA	270	3170	A	28	0	3115	21.6173354735152
A_PA	271	3171	G	26	0	3123	22.2017291066282
A_PA	272	3172	T	25	0	3131	22.5145320983711
A_PA	273	3156	A	41	0	3118	22.9887748556767
A_PA	274	3178	A	19	0	3156	24.3304816223067
A_PA	275	3174	A	22	0	3069	23.8608667318345
A_PA	276	3171	C	23	0	3145	22.8044515103339
A_PA	277	3175	A	19	0	3013	18.7358114835712
A_PA	278	3175	G	19	0	3101	18.3134472750726
A_PA	279	3178	T	16	0	3146	19.2898919262556
A_PA	280	3185	A	9	0	3162	20.9617330803289
A_PA	281	3162	T	32	0	3135	25.4322169059011
A_PA	282	3149	C	43	0	3115	27.3540930979133
A_PA	283	3152	T	39	0	3102	25.8942617666022
A_PA	284	3154	G	37	0	3073	24.2912463390823
A_PA	285	3156	C	34	0	3126	24.0588611644274
A_PA	286	3148	A	42	0	3128	25.256074168798
A_PA	287	3153	A	36	0	3077	24.9964250893728
A_PA	288	3152	C	36	0	3117	25.097850497273
A_PA	289	3152	A	36	0	3113	24.6235142948924
A_PA	290	3149	C	37	0	3106	23.6844816484224
A_PA	291	3146	T	40	0	3126	23.9072296865003
A_PA	292	3170	A	16	0	3099	23.4972571797354
A_PA	293	3168	C	18	0	3149	23.3636074944427
A_PA	294	3156	T	30	0	3115	23.691492776886
A_PA	295	3107	G	79	0	3080	24.025
A_PA	296	3163	G	22	0	3149	23.6795808193077
A_PA	297	3117	A	68	0	3093	22.5974781765276
A_PA	298	3171	G	13	0	3155	22.6675118858954
A_PA	299	3168	C	16	0	3151	22.5985401459854
A_PA	300	3164	T	20	0	3141	23.1913403374721
A_PA	301	3164	G	20	0	3144	24.2802162849873
A_PA	302	2875	A	309	0	2848	25.6450140449438
A_PA	303	3135	A	48	0	3114	26.956326268465
A_PA	304	3166	A	16	0	3150	30.1425396825397
A_PA	305	3168	A	14	0	3153	37.3279416428798
A_PA	306	3156	A	26	0	3084	32.4539559014267
A_PA	307	3107	C	71	0	3045	24.8794745484401
A_PA	308	3138	C	40	0	2974	22.2723604572966
A_PA	309	3038	G	140	0	2965	18.1807757166948
A_PA	310	3054	A	124	0	3008	17.9494680851064
A_PA	311	3115	A	63	0	3045	17.2899835796388
A_PA	312	3127	G	51	0	3084	19.3154993514916
A_PA	313	2608	T	570	0	2508	21.7025518341308
A_PA	314	3118	T	60	0	3086	22.5871678548283
A_PA	315	3145	T	32	0	3130	23.5226837060703
A_PA	316	3152	T	25	0	3128	31.0997442455243
A_PA	317	3104	T	72	0	3074	29.8474300585556
A_PA	318	3089	A	87	0	3031	26.3952490927087
A_PA	319	3075	C	98	0	3012	24.7051792828685
A_PA	320	3122	C	51	0	3021	21.1837140019861
A_PA	321	3120	G	52	0	2921	18.8411502909962
A_PA	322	3098	G	74	0	3057	18.8662087013412
A_PA	323	2890	A	282	0	2841	19.3453009503696
A_PA	324	3075	T	96	0	3047	18.7679684936003
A_PA	325	3154	T	16	0	3141	18.8376313276027
A_PA	326	3143	T	27	0	3122	19.3090967328635
A_PA	327	3138	G	30	0	3090	23.0847896440129
A_PA	328	3128	T	26	0	3083	24.7521894258839
A_PA	329	3123	A	31	0	3067	24.6566677535051
A_PA	330	3130	T	20	0	3084	24.9137483787289
A_PA	331	3133	G	17	0	3116	25.915917843389
A_PA	332	3134	A	16	0	3110	27.111575562701
A_PA	333	3131	T	19	0	3108	27.6373873873874
A_PA	334	3139	T	11	0	3117	28.2547321142124
A_PA	335	3114	A	36	0	3086	27.3813998703824
A_PA	336	3114	C	34	0	3091	27.5373665480427
A_PA	337	2976	A	172	0	2960	27.8925675675676
A_PA	338	3026	A	122	0	3009	29.5643070787637
A_PA	339	3031	A	114	0	2989	25.7557711609234
A_PA	340	3052	G	91	0	3029	27.8788379002971
A_PA	341	3067	A	75	0	3051	25.8725008194035
A_PA	342	3102	A	36	0	3088	24.9203367875648
A_PA	343	3106	A	28	0	3098	26.6520335700452
A_PA	344	3107	A	27	0	3054	27.7311722331369
A_PA	345	3120	C	13	0	3089	25.6587892521852
A_PA	346	3106	A	27	0	3041	22.9316014468925
A_PA	347	3118	G	15	0	3083	21.922153746351
A_PA	348	3116	A	17	0	3093	23.2069188490139
A_PA	349	3120	T	13	0	3102	24.7685364281109
A_PA	350	3127	T	6	0	3105	26.7684380032206
A_PA	351	3121	C	12	0	3099	29.8877057115198
A_PA	352	3122	A	11	0	3098	29.3011620400258
A_PA	353	3124	T	9	0	3093	28.3469123827999
A_PA	354	3105	C	25	0	3068	26.3135593220339
A_PA	355	3057	G	73	0	3021	20.9470374048328
A_PA	356	3052	A	78	0	3021	20.2466070837471
A_PA	357	3088	A	42	0	3047	19.7663275352806
A_PA	358	3117	A	13	0	3098	23.614590058102
A_PA	359	3112	T	15	0	3021	22.5067858325058
A_PA	360	3111	T	16	0	3100	24.0748387096774
A_PA	361	2897	G	230	0	2872	22.6451949860724
A_PA	362	3107	G	20	0	3077	22.9132271693208
A_PA	363	3008	A	119	0	2970	22.2508417508418
A_PA	364	3112	G	15	0	3092	21.896830530401
A_PA	365	3031	T	96	0	2995	21.257429048414
A_PA	366	3100	G	27	0	3059	22.0771493952272
A_PA	367	3101	A	26	0	3067	24.0381480273883
A_PA	368	3102	C	24	0	3063	24.1700946784199
A_PA	369	3008	A	118	0	2984	24.7570375335121
A_PA	370	3022	A	103	0	2989	23.1177651388424
A_PA	371	3005	G	120	0	2984	19.5080428954424
A_PA	372	2865	G	260	0	2846	21.327828531272
A_PA	373	2901	A	224	0	2856	19.2895658263305
A_PA	374	3081	G	44	0	3075	21.1882926829268
A_PA	375	3070	A	55	0	3043	31.2389089714098
A_PA	376	3021	G	104	0	3011	46.5463301228828
A_PA	377	2967	A	158	0	2932	30.081173260573
A_PA	378	3078	A	47	0	3022	18.8881535407015
A_PA	379	3043	G	81	0	2974	18.8315400134499
A_PA	380	3075	T	49	0	3008	18.9793882978723
A_PA	381	2884	C	240	0	2774	21.317591925018
A_PA	382	3009	C	115	0	2984	19.4175603217158
A_PA	383	2986	A	138	0	2918	18.9588759424263
A_PA	384	3097	C	27	0	3063	19.0088148873653
A_PA	385	2999	A	125	0	2956	20.6826792963464
A_PA	386	3012	T	112	0	2982	21.5238095238095
A_PA	387	3109	A	15	0	3076	25.1989596879064
A_PA	388	3102	T	22	0	3080	34.2350649350649
A_PA	389	3094	A	30	0	3052	62.1969200524246
A_PA	390	3092	T	32	0	3052	40.6458060288336
A_PA	391	3111	T	13	0	3089	30.177727419877
A_PA	392	3086	A	34	0	3025	30.7477685950413
A_PA	393	3053	C	67	0	3019	30.9261344816164
A_PA	394	3056	C	63	0	2996	28.6121495327103
A_PA	395	3021	T	98	0	2903	27.6059249052704
A_PA	396	3079	T	40	0	2988	26.5552208835341
A_PA	397	3097	G	22	0	3068	23.5645371577575
A_PA	398	3013	A	106	0	2980	23.5332214765101
A_PA	399	3099	A	20	0	3081	23.6718597857838
A_PA	400	3093	A	21	0	3065	29.0825448613377
A_PA	401	3086	A	26	0	3054	27.7491814014407
A_PA	402	3063	G	48	0	3017	29.4683460391117
A_PA	403	3079	G	30	0	3030	23.1534653465347
A_PA	404	3055	C	54	0	3009	22.3735460285809
A_PA	405	3087	C	22	0	3036	22.4137022397892
A_PA	406	3074	A	34	0	3045	24.5133004926108
A_PA	407	3093	A	14	0	3054	26.3729535036018
A_PA	408	3086	T	20	0	3024	26.3250661375661
A_PA	409	3017	A	89	0	2956	26.0798376184032
A_PA	410	3094	A	12	0	3050	23.2449180327869
A_PA	411	3072	G	34	0	3040	19.3335526315789
A_PA	412	3085	A	21	0	3033	22.4836795252226
A_PA	413	3063	T	43	0	3022	22.8858371939113
A_PA	414	3088	T	18	0	3037	22.8827790582812
A_PA	415	3072	A	34	0	3053	24.8932197838192
A_PA	416	3097	A	9	0	3081	25.2560856864654
A_PA	417	3095	A	9	0	3078	25.0818713450292
A_PA	418	3089	T	15	0	3073	26.7995444191344
A_PA	419	3093	C	10	0	3083	26.1534219915667
A_PA	420	3061	T	42	0	3001	24.437187604132
A_PA	421	3071	G	32	0	3032	23.957783641161
A_PA	422	3065	A	36	0	3041	23.9473857283788
A_PA	423	3069	G	31	0	3041	22.5508056560342
A_PA	424	3069	A	31	0	3043	23.3006901084456
A_PA	425	2803	A	296	0	2770	24.2888086642599
A_PA	426	2806	C	293	0	2759	24.8042769119246
A_PA	427	3041	A	58	0	3019	26.1361377939715
A_PA	428	3044	C	55	0	3023	41.9030764141581
A_PA	429	3082	A	17	0	3068	63.5221642764016
A_PA	430	3081	C	18	0	3057	66.4278704612365
A_PA	431	3088	A	11	0	3051	65.3995411340544
A_PA	432	3080	C	19	0	3056	62.8278795811518
A_PA	433	3086	A	13	0	3052	36.006880733945
A_PA	434	3079	T	20	0	3060	24.2846405228758
A_PA	435	3083	T	16	0	3052	25.5589777195282
A_PA	436	3019	C	80	0	2997	25.2045378712045
A_PA	437	3013	A	86	0	2973	22.7023208879919
A_PA	438	3021	C	78	0	3006	21.5389221556886
A_PA	439	3017	A	81	0	2991	22.8147776663323
A_PA	440	2145	T	953	0	2129	22.6416157820573
A_PA	441	2897	T	201	0	2871	24.2713340299547
A_PA	442	3081	T	16	0	3073	27.1451350471852
A_PA	443	3085	T	11	0	3076	32.7708062418726
A_PA	444	3083	T	12	0	3075	33.5226016260163
A_PA	445	3075	T	19	0	3033	30.2077151335312
A_PA	446	3072	C	21	0	3056	30.4476439790576
A_PA	447	3081	A	12	0	3053	26.2689158205044
A_PA	448	3082	T	9	0	3057	24.8819103696434
A_PA	449	3080	T	10	0	3060	26.5575163398693
A_PA	450	3063	C	27	0	3048	27.5656167979003
A_PA	451	3070	A	19	0	3039	25.8450148075025
A_PA	452	3062	C	27	0	3044	25.1031537450723
A_PA	453	3055	T	34	0	3027	24.9091509745623
A_PA	454	2457	G	632	0	2399	24.5185493955815
A_PA	455	3001	G	88	0	2961	23.2526173590003
A_PA	456	2996	G	93	0	2975	22.5321008403361
A_PA	457	2946	G	142	0	2897	21.8312046945116
A_PA	458	2938	A	149	0	2880	22.8760416666667
A_PA	459	2978	G	109	0	2887	21.9587807412539
A_PA	460	3061	G	26	0	3040	19.6815789473684
A_PA	461	3054	A	33	0	3034	17.3569545154911
A_PA	462	3074	A	11	0	3048	20.754593175853
A_PA	463	3074	A	11	0	3037	22.9789265722753
A_PA	464	3067	T	18	0	3047	22.4348539547095
A_PA	465	3038	G	47	0	3011	25.6094320823647
A_PA	466	3050	G	33	0	3036	24.2888669301713
A_PA	467	3016	C	51	0	2975	23.4426890756303
A_PA	468	3007	C	57	0	2938	22.1167460857726
A_PA	469	2996	A	68	0	2969	20.2020882452004
A_PA	470	3027	C	37	0	2974	20.2626092804304
A_PA	471	2806	A	258	0	2752	20.4454941860465
A_PA	472	3016	A	48	0	2838	17.815362931642
A_PA	473	2974	G	85	0	2894	15.383206634416
A_PA	474	3033	G	26	0	2983	16.82333221589
A_PA	475	3034	G	25	0	2977	18.1346993617736
A_PA	476	3034	C	25	0	2991	17.5991307255099
A_PA	477	3035	A	24	0	2909	17.9951873496047
A_PA	478	3036	G	23	0	2954	18.5697359512525
A_PA	479	3028	A	31	0	2975	19.9684033613445
A_PA	480	3027	C	30	0	2990	20.6110367892977
A_PA	481	2985	T	72	0	2935	20.618398637138
A_PA	482	3005	A	52	0	2945	22.9049235993209
A_PA	483	3022	C	34	0	3008	22.8680186170213
A_PA	484	2988	A	67	0	2934	21.5848670756646
A_PA	485	2899	C	156	0	2882	21.2411519777932
A_PA	486	2886	T	169	0	2847	21.7327010888655
A_PA	487	3028	C	27	0	2993	23.0551286334781
A_PA	488	3012	T	43	0	2977	30.9580114208935
A_PA	489	3013	C	40	0	2972	28.3421938088829
A_PA	490	3026	G	26	0	2977	21.6808867987907
A_PA	491	3030	A	22	0	2974	21.873907195696
A_PA	492	3032	T	20	0	2998	22.1470980653769
A_PA	493	2931	G	121	0	2898	21.3961352657005
A_PA	494	2928	A	124	0	2865	21.5322862129145
A_PA	495	2761	G	291	0	2729	20.7969952363503
A_PA	496	2999	G	53	0	2990	18.7769230769231
A_PA	497	3005	A	47	0	2979	16.9023162134945
A_PA	498	2981	G	71	0	2935	20.3137989778535
A_PA	499	2994	A	58	0	2977	28.6352032247229
A_PA	500	3030	G	22	0	2934	29.3142467620995
A_PA	501	3031	C	20	0	2997	19.9786453119786
A_PA	502	3027	A	23	0	2913	19.6028149673876
A_PA	503	2945	G	103	0	2932	19.1163028649386
A_PA	504	3021	G	26	0	2991	18.8676028084253
A_PA	505	3032	G	15	0	3011	21.2427764862172
A_PA	506	3018	C	28	0	2987	20.8928690994309
A_PA	507	3008	T	37	0	2970	21.3454545454545
A_PA	508	2982	A	62	0	2922	21.6420260095825
A_PA	509	3001	G	43	0	2961	20.0587639311044
A_PA	510	3020	A	24	0	2994	20.2839011356045
A_PA	511	3022	A	22	0	2976	22.1444892473118
A_PA	512	3009	T	35	0	2986	21.4256530475553
A_PA	513	3021	C	23	0	3002	24.6119253830779
A_PA	514	2830	A	213	0	2799	23.6941764916041
A_PA	515	3022	A	21	0	3012	24.1457503320053
A_PA	516	3034	A	9	0	3018	26.4884029158383
A_PA	517	3023	A	16	0	2967	27.6268958543984
A_PA	518	2987	C	51	0	2941	24.154709282557
A_PA	519	3026	C	11	0	2979	23.0127559583753
A_PA	520	3024	A	13	0	2929	19.8859679071355
A_PA	521	3006	G	30	0	2974	19.4502353732347
A_PA	522	3029	G	7	0	3010	19.3365448504983
A_PA	523	3027	C	9	0	2999	19.6945648549517
A_PA	524	3020	T	16	0	2988	21.8440428380187
A_PA	525	3018	G	18	0	2970	23.3848484848485
A_PA	526	2980	T	54	0	2928	24.3763661202186
A_PA	527	3017	T	17	0	3004	25.1338215712384
A_PA	528	3004	T	22	0	2976	24.8037634408602
A_PA	529	2981	A	44	0	2943	25.2106693849813
A_PA	530	2978	C	47	0	2956	23.2851826792963
A_PA	531	2993	C	32	0	2950	22.1684745762712
A_PA	532	2991	A	34	0	2923	22.0078686281218
A_PA	533	2996	T	29	0	2936	21.8225476839237
A_PA	534	2988	A	37	0	2946	23.4161575016972
A_PA	535	3003	A	22	0	2970	23.6138047138047
A_PA	536	3003	G	22	0	2983	22.1454911163258
A_PA	537	3000	A	25	0	2968	23.7267520215633
A_PA	538	3007	C	18	0	2972	23.0548452220727
A_PA	539	2824	A	201	0	2789	21.8963786303335
A_PA	540	2956	A	69	0	2922	20.7221081451061
A_PA	541	2970	G	55	0	2941	19.790547432846
A_PA	542	2980	A	45	0	2959	21.9036836769179
A_PA	543	3006	A	19	0	2994	24.7064128256513
A_PA	544	2997	A	27	0	2964	28.2405533063428
A_PA	545	2989	T	35	0	2970	26.4609427609428
A_PA	546	2975	G	47	0	2949	26.2251610715497
A_PA	547	2998	G	23	0	2967	25.0953825412875
A_PA	548	2985	C	33	0	2950	24.2864406779661
A_PA	549	2991	C	27	0	2960	24.3929054054054
A_PA	550	2977	A	41	0	2957	24.349678728441
A_PA	551	2985	A	29	0	2920	23.922602739726
A_PA	552	2987	C	26	0	2955	23.7952622673435
A_PA	553	2941	A	71	0	2899	22.5974473956537
A_PA	554	2962	G	47	0	2949	21.1492031197016
A_PA	555	2958	A	49	0	2905	20.6602409638554
A_PA	556	2919	G	88	0	2877	22.6364268335071
A_PA	557	2964	G	43	0	2931	20.1821903787103
A_PA	558	2931	C	75	0	2880	19.2541666666667
A_PA	559	2982	C	24	0	2910	20.2247422680412
A_PA	560	2969	T	36	0	2922	22.4236824093087
A_PA	561	2963	C	42	0	2927	23.4287666552784
A_PA	562	2933	T	72	0	2857	23.6674833741687
A_PA	563	2854	G	151	0	2719	22.7988230967267
A_PA	564	2965	G	40	0	2859	22.0856942987058
A_PA	565	2972	G	32	0	2865	20.3431064572426
A_PA	566	2923	A	80	0	2839	21.7287777386404
A_PA	567	2961	T	42	0	2931	20.4302285909246
A_PA	568	2947	T	55	0	2912	20.9213598901099
A_PA	569	2892	C	110	0	2836	22.6262341325811
A_PA	570	2928	C	74	0	2901	22.4667356084109
A_PA	571	2874	T	128	0	2816	20.1793323863636
A_PA	572	2949	T	53	0	2907	22.8792569659443
A_PA	573	2971	T	30	0	2928	26.9706284153005
A_PA	574	2976	C	25	0	2939	27.1769309288874
A_PA	575	2978	G	23	0	2917	23.5224545766198
A_PA	576	2988	T	13	0	2956	23.2222598105548
A_PA	577	2985	C	15	0	2955	23.6805414551607
A_PA	578	2973	A	27	0	2892	19.8440525587828
A_PA	579	2964	G	35	0	2934	19.945466939332
A_PA	580	2976	T	21	0	2950	21.8766101694915
A_PA	581	2775	C	222	0	2757	22.8258977149075
A_PA	582	2947	C	50	0	2869	20.2112234227954
A_PA	583	2928	G	69	0	2889	18.3939079266182
A_PA	584	2812	A	185	0	2781	19.7946781733189
A_PA	585	2947	A	49	0	2935	21.5427597955707
A_PA	586	2934	A	62	0	2910	21.3085910652921
A_PA	587	2924	G	72	0	2886	22.1898821898822
A_PA	588	2945	A	50	0	2899	20.7733701276302
A_PA	589	2868	G	126	0	2814	19.1393034825871
A_PA	590	2974	G	19	0	2920	17.9167808219178
A_PA	591	2973	C	20	0	2901	17.5897966218545
A_PA	592	2950	G	42	0	2922	16.8860369609856
A_PA	593	2938	A	53	0	2916	18.2969821673525
A_PA	594	2934	A	57	0	2917	18.5893040795338
A_PA	595	2905	G	86	0	2875	21.1982608695652
A_PA	596	2952	A	38	0	2942	22.7256968048946
A_PA	597	2970	A	18	0	2951	23.3361572348356
A_PA	598	2973	A	15	0	2906	24.0337233310392
A_PA	599	2971	C	15	0	2949	22.9372668701255
A_PA	600	2945	A	40	0	2929	22.6889723455104
A_PA	601	2970	A	15	0	2927	22.6668944311582
A_PA	602	2954	T	30	0	2908	24.3015818431912
A_PA	603	2963	T	21	0	2944	24.7924592391304
A_PA	604	2938	G	46	0	2925	24.2998290598291
A_PA	605	2920	A	63	0	2902	25.2060647829083
A_PA	606	2923	A	60	0	2911	25.4568876674682
A_PA	607	2937	G	45	0	2927	20.9815510761872
A_PA	608	2759	A	223	0	2741	23.2593943816126
A_PA	609	2959	A	23	0	2952	23.3729674796748
A_PA	610	2956	A	26	0	2923	25.4669859733151
A_PA	611	2956	A	25	0	2939	26.8860156515822
A_PA	612	2951	A	30	0	2918	25.8612063056888
A_PA	613	2934	T	47	0	2903	24.4805373751292
A_PA	614	2957	T	23	0	2927	25.8223436966177
A_PA	615	2963	T	17	0	2923	25.5460143687992
A_PA	616	2945	G	34	0	2932	24.1101637107776
A_PA	617	2946	A	32	0	2934	22.5947511929107
A_PA	618	2954	A	24	0	2939	21.5216059884314
A_PA	619	2957	A	21	0	2944	24.2092391304348
A_PA	620	2957	T	21	0	2939	23.1476692752637
A_PA	621	2910	C	68	0	2893	25.3048738333909
A_PA	622	2909	A	69	0	2843	22.138937741822
A_PA	623	2957	C	21	0	2919	21.5889003083248
A_PA	624	2940	A	38	0	2853	21.5310199789695
A_PA	625	2908	G	70	0	2880	20.5784722222222
A_PA	626	2957	G	21	0	2938	20.0823689584752
A_PA	627	2954	A	23	0	2936	20.4329019073569
A_PA	628	2959	A	18	0	2937	22.8580183861083
A_PA	629	2948	C	29	0	2916	23.0301783264746
A_PA	630	2928	T	48	0	2867	22.6445762120684
A_PA	631	2940	A	36	0	2902	22.2070985527223
A_PA	632	2923	T	50	0	2876	22.0643254520167
A_PA	633	2890	G	82	0	2843	22.7281041153711
A_PA	634	2885	C	87	0	2846	22.1669009135629
A_PA	635	2866	G	105	0	2729	18.3492121656284
A_PA	636	2901	C	69	0	2808	18.3226495726496
A_PA	637	2901	A	69	0	2766	16.6417208966016
A_PA	638	2904	G	66	0	2774	16.7245854361932
A_PA	639	2933	G	37	0	2881	17.4949670253384
A_PA	640	2923	C	47	0	2878	17.7769284225156
A_PA	641	2881	T	89	0	2835	19.6793650793651
A_PA	642	2907	T	63	0	2881	23.4849010760153
A_PA	643	2890	G	80	0	2836	24.8370944992948
A_PA	644	2872	C	98	0	2809	25.6076895692417
A_PA	645	2900	C	70	0	2767	23.8774846404048
A_PA	646	2909	G	61	0	2862	21.1834381551363
A_PA	647	2910	A	60	0	2835	21.0179894179894
A_PA	648	2858	C	112	0	2766	20.649313087491
A_PA	649	2919	C	51	0	2849	20.0561600561601
A_PA	650	2699	A	271	0	2618	19.9549274255157
A_PA	651	2914	A	56	0	2861	20.6721426074799
A_PA	652	2918	A	52	0	2894	19.3586731167934
A_PA	653	2908	G	62	0	2858	20.500699790063
A_PA	654	2892	T	78	0	2858	21.3883834849545
A_PA	655	2897	C	73	0	2869	22.0198675496689
A_PA	656	2914	T	56	0	2875	21.9060869565217
A_PA	657	2634	C	333	0	2614	24.3504208110176
A_PA	658	2864	C	102	0	2821	22.5303084012761
A_PA	659	2882	C	84	0	2855	19.1495621716287
A_PA	660	2860	A	106	0	2822	18.0978029766123
A_PA	661	2898	C	65	0	2833	20.5524179315214
A_PA	662	2921	C	42	0	2827	20.3229571984436
A_PA	663	2901	G	62	0	2838	18.2262156448203
A_PA	664	2883	A	80	0	2812	18.8645092460882
A_PA	665	2912	A	50	0	1747	19.0125930165999
A_PA	666	2905	C	56	0	2886	19.9941094941095
A_PA	667	2898	T	63	0	2875	21.1899130434783
A_PA	668	2873	T	88	0	2746	21.0134741442098
A_PA	669	2865	C	96	0	2856	21.1446078431373
A_PA	670	2909	T	52	0	2883	20.3995837669095
A_PA	671	2808	C	153	0	2794	20.6195418754474
A_PA	672	2920	C	39	0	2904	21.9979338842975
A_PA	673	2904	T	54	0	2847	20.2894274675097
A_PA	674	2918	G	40	0	2869	21.383408853259
A_PA	675	2901	C	57	0	2885	23.0991334488735
A_PA	676	2903	C	55	0	2868	21.2193165969317
A_PA	677	2874	T	84	0	2804	20.8537803138374
A_PA	678	2893	T	65	0	2831	22.5824796891558
A_PA	679	2898	G	60	0	2868	21.3228730822873
A_PA	680	2889	A	69	0	2816	21.0181107954545
A_PA	681	2836	G	122	0	2773	18.6538045438154
A_PA	682	2908	A	50	0	2862	18.2375960866527
A_PA	683	2921	A	37	0	2882	18.324774462179
A_PA	684	2866	T	92	0	2820	20.0177304964539
A_PA	685	2922	T	34	0	2898	22.743961352657
A_PA	686	2929	T	27	0	2869	24.2457302195887
A_PA	687	2928	T	28	0	2856	24.7990196078431
A_PA	688	2899	A	57	0	2856	22.4765406162465
A_PA	689	2919	G	36	0	2885	20.1975736568458
A_PA	690	2909	A	46	0	2881	19.884762235335
A_PA	691	2914	G	41	0	2881	21.5147518222839
A_PA	692	2906	C	49	0	2872	21.1702646239554
A_PA	693	2914	C	41	0	2883	21.5667707249393
A_PA	694	2898	T	57	0	2860	21.9608391608392
A_PA	695	2909	A	46	0	2873	23.5589975635224
A_PA	696	2880	T	75	0	2851	24.1308312872676
A_PA	697	2880	G	75	0	2846	24.8872101194659
A_PA	698	2898	T	57	0	2858	24.2645206438069
A_PA	699	2906	G	49	0	2887	23.7738136473848
A_PA	700	2924	G	31	0	2910	22.6632302405498
A_PA	701	2925	A	30	0	2901	23.6056532230265
A_PA	702	2933	T	21	0	2909	23.9109659676865
A_PA	703	2918	G	35	0	2895	23.1913644214162
A_PA	704	2930	G	21	0	2915	22.8730703259005
A_PA	705	2910	A	41	0	2893	23.037331489803
A_PA	706	2911	T	40	0	2903	23.2662762659318
A_PA	707	2920	T	31	0	2883	24.7363857093306
A_PA	708	2906	C	45	0	2841	24.4206265399507
A_PA	709	2911	G	40	0	2805	20.3122994652406
A_PA	710	2911	A	40	0	2824	19.9815864022663
A_PA	711	2899	A	52	0	2823	20.3694651080411
A_PA	712	2885	C	64	0	2847	21.1275026343519
A_PA	713	2913	C	36	0	2803	20.4209775240813
A_PA	714	2903	G	46	0	2811	19.3134115972963
A_PA	715	2897	A	51	0	2801	19.6876115672974
A_PA	716	2913	A	35	0	2853	19.9702067998598
A_PA	717	2908	C	40	0	2853	20.8131791097091
A_PA	718	2887	G	60	0	2755	19.3858439201452
A_PA	719	2893	G	53	0	2842	19.0052779732583
A_PA	720	2909	C	37	0	2862	18.8106219426974
A_PA	721	2902	T	44	0	2859	20.3606155998601
A_PA	722	2903	G	42	0	2839	22.3490665727369
A_PA	723	2909	C	36	0	2885	22.6859618717504
A_PA	724	2859	A	85	0	2842	22.40851513019
A_PA	725	2884	T	60	0	2790	22.6695340501792
A_PA	726	2909	T	34	0	2880	23.3777777777778
A_PA	727	2898	G	45	0	2868	22.3389121338912
A_PA	728	2899	A	43	0	2844	21.4423347398031
A_PA	729	2781	G	161	0	2712	20.7518436578171
A_PA	730	2897	G	45	0	2835	20.0458553791887
A_PA	731	2899	G	43	0	2821	19.9369018078695
A_PA	732	2891	C	51	0	2817	18.7745828895989
A_PA	733	2851	A	89	0	2809	20.1755072979708
A_PA	734	2907	A	33	0	2881	20.6070808746963
A_PA	735	2891	G	49	0	2837	19.0585125132182
A_PA	736	2893	C	47	0	2878	20.501042390549
A_PA	737	2814	T	126	0	2792	21.1432664756447
A_PA	738	2865	T	75	0	2829	21.7274655355249
A_PA	739	2792	T	148	0	2763	25.5038002171553
A_PA	740	2778	C	160	0	2761	27.1224194132561
A_PA	741	2874	T	64	0	2854	24.4831814996496
A_PA	742	2902	C	35	0	2878	24.1490618485059
A_PA	743	2891	A	46	0	2872	21.091573816156
A_PA	744	2915	A	22	0	2900	21.5065517241379
A_PA	745	2912	A	25	0	2891	24.5057073676928
A_PA	746	2911	T	26	0	2892	25.2299446749654
A_PA	747	2901	G	35	0	2876	24.9933936022253
A_PA	748	2905	T	30	0	2876	24.8706536856745
A_PA	749	2762	C	173	0	2746	24.8525127458121
A_PA	750	2766	C	168	0	2683	18.7413343272456
A_PA	751	2542	A	392	0	2517	17.8605482717521
A_PA	752	2782	A	152	0	2765	19.1916817359855
A_PA	753	2684	A	250	0	2662	19.2802404207363
A_PA	754	2663	G	271	0	2543	20.6511993708219
A_PA	755	2790	A	144	0	2738	18.9349890430972
A_PA	756	2894	A	39	0	2878	17.505211952745
A_PA	757	2889	G	44	0	2861	17.4505417686124
A_PA	758	2877	T	56	0	2854	19.1292922214436
A_PA	759	2889	G	44	0	2828	21.460396039604
A_PA	760	2874	A	59	0	2824	21.8760623229462
A_PA	761	2896	A	36	0	2862	23.3651292802236
A_PA	762	2894	T	37	0	2879	23.9510246613407
A_PA	763	2887	G	44	0	2768	23.2962427745665
A_PA	764	2836	C	94	0	2814	22.4015636105188
A_PA	765	2885	C	45	0	2831	21.1416460614624
A_PA	766	2885	C	45	0	2835	20.8098765432099
A_PA	767	2869	A	61	0	2840	22.8235915492958
A_PA	768	2888	A	42	0	2865	23.2143106457243
A_PA	769	2898	A	32	0	2852	23.3551893408135
A_PA	770	2896	T	34	0	2845	23.5760984182777
A_PA	771	2907	T	23	0	2881	24.7657063519611
A_PA	772	2908	G	22	0	2861	22.8441104508913
A_PA	773	2903	A	27	0	2850	22.7284210526316
A_PA	774	2906	A	23	0	2877	22.7984011122697
A_PA	775	2871	C	58	0	2854	22.1068675543097
A_PA	776	2881	C	47	0	2851	20.4987723605752
A_PA	777	2577	T	351	0	2526	20.8946951702296
A_PA	778	2868	T	60	0	2833	21.8291563713378
A_PA	779	2873	T	54	0	2842	24.7410274454609
A_PA	780	2875	T	52	0	2794	24.0246957766643
A_PA	781	2867	C	58	0	2836	25.4795486600846
A_PA	782	2866	T	58	0	2722	21.0194709772226
A_PA	783	2885	G	39	0	2835	18.2613756613757
A_PA	784	2882	A	42	0	2855	18.24588441331
A_PA	785	2873	A	51	0	2807	17.5546847167795
A_PA	786	2862	G	60	0	2787	19.5252960172228
A_PA	787	2882	A	40	0	2841	20.277367124252
A_PA	788	2878	C	42	0	2839	18.8957379358929
A_PA	789	2874	A	46	0	2848	19.3883426966292
A_PA	790	2892	A	28	0	2858	22.0619314205738
A_PA	791	2883	C	37	0	2855	22.3625218914186
A_PA	792	2878	A	42	0	2840	22.568661971831
A_PA	793	2830	C	90	0	2797	23.3164104397569
A_PA	794	2866	C	54	0	2826	22.32661004954
A_PA	795	2820	A	100	0	2794	22.2415891195419
A_PA	796	2890	A	30	0	2849	22.018603018603
A_PA	797	2883	G	36	0	2854	21.6331464611072
A_PA	798	2883	A	36	0	2843	22.071403447063
A_PA	799	2865	C	54	0	2822	21.3540042523033
A_PA	800	2891	C	27	0	2840	21.6130281690141
A_PA	801	2881	A	37	0	2868	22.8957461645746
A_PA	802	2893	A	25	0	2863	23.567586447782
A_PA	803	2891	T	27	0	2873	24.515489035851
A_PA	804	2885	C	32	0	2861	25.3624606780846
A_PA	805	2857	A	59	0	2830	23.4819787985866
A_PA	806	2886	A	30	0	2857	23.1134056702835
A_PA	807	2879	A	36	0	2813	24.1475293281194
A_PA	808	2865	C	50	0	2840	24.2341549295775
A_PA	809	2848	T	67	0	2817	24.2445864394746
A_PA	810	2856	T	59	0	2817	23.9559815406461
A_PA	811	2760	C	154	0	2740	25.2872262773723
A_PA	812	2857	C	56	0	2828	21.3666902404526
A_PA	813	2860	T	53	0	2790	18.7232974910394
A_PA	814	2884	A	29	0	2839	20.9686509334273
A_PA	815	2874	G	39	0	2818	21.2885024840312
A_PA	816	2878	T	33	0	2863	21.1435557107929
A_PA	817	2868	G	42	0	2860	22.1527972027972
A_PA	818	2887	G	23	0	2868	21.452580195258
A_PA	819	2884	A	26	0	2861	22.8912967493883
A_PA	820	2856	C	54	0	2824	22.1310198300283
A_PA	821	2865	C	45	0	2835	19.7640211640212
A_PA	822	2860	T	48	0	2844	19.8498593530239
A_PA	823	2829	C	78	0	2802	20.163454675232
A_PA	824	2856	C	51	0	2809	20.7102171591314
A_PA	825	2784	T	123	0	2729	20.3235617442287
A_PA	826	2853	T	54	0	2812	22.7425320056899
A_PA	827	2852	G	55	0	2774	23.0299206921413
A_PA	828	2866	T	39	0	2788	22.4250358680057
A_PA	829	2876	T	29	0	2846	22.2565003513703
A_PA	830	2875	A	29	0	2862	22.3176100628931
A_PA	831	2873	T	30	0	2860	24.3437062937063
A_PA	832	2860	C	43	0	2843	25.468519169891
A_PA	833	2859	A	43	0	2822	20.7207654145996
A_PA	834	2845	G	56	0	2609	17.8440015331545
A_PA	835	2844	C	57	0	2740	17.2010948905109
A_PA	836	2839	G	58	0	2777	16.2596326971552
A_PA	837	2866	A	31	0	2820	16.4070921985816
A_PA	838	2879	T	18	0	2827	17.7435443933498
A_PA	839	2667	C	230	0	2623	20.2588638963019
A_PA	840	2857	C	40	0	2813	18.402417348027
A_PA	841	2793	A	104	0	2767	17.7264185037947
A_PA	842	2853	A	43	0	2843	19.038691523039
A_PA	843	2870	A	25	0	2847	22.1074815595364
A_PA	844	2867	T	26	0	2841	22.4033790918691
A_PA	845	2861	T	32	0	2847	24.8071654373024
A_PA	846	2782	C	110	0	2743	24.8031352533722
A_PA	847	2843	C	48	0	2817	21.8746893858715
A_PA	848	2845	T	45	0	2817	20.5701100461484
A_PA	849	2587	C	303	0	2562	21.0858704137393
A_PA	850	2865	C	25	0	2854	18.5066573230554
A_PA	851	2845	T	44	0	2814	16.7224591329069
A_PA	852	2857	G	32	0	2839	18.9591405424445
A_PA	853	2851	A	38	0	2832	23.5660310734463
A_PA	854	2858	T	30	0	2848	24.4891151685393
A_PA	855	2851	G	37	0	2840	24.4492957746479
A_PA	856	2864	G	24	0	2850	23.6877192982456
A_PA	857	2860	A	28	0	2840	24.1422535211268
A_PA	858	2851	T	36	0	2839	24.5984501585065
A_PA	859	2845	G	42	0	2816	24.0205965909091
A_PA	860	2843	C	44	0	2826	23.6454352441614
A_PA	861	2739	T	147	0	2715	24.0353591160221
A_PA	862	2788	T	98	0	2759	23.8927147517216
A_PA	863	2851	T	35	0	2817	26.3020944266951
A_PA	864	2835	G	51	0	2811	24.7018854500178
A_PA	865	2805	A	81	0	2773	23.2949873782907
A_PA	866	2833	A	53	0	2799	22.0289389067524
A_PA	867	2832	A	51	0	2794	23.4863994273443
A_PA	868	2839	T	43	0	2749	22.3197526373227
A_PA	869	2856	T	26	0	2825	24.372389380531
A_PA	870	2836	G	44	0	2799	22.5512683101108
A_PA	871	2798	A	81	0	2749	22.514005092761
A_PA	872	2803	G	76	0	2767	20.3733285146368
A_PA	873	2837	C	42	0	2777	20.2470291681671
A_PA	874	2833	A	46	0	2810	20.611743772242
A_PA	875	2827	T	52	0	2721	21.4571848585079
A_PA	876	2840	T	39	0	2821	23.4228996809642
A_PA	877	2822	G	57	0	2793	22.7490153956319
A_PA	878	2809	A	70	0	2792	22.6167621776504
A_PA	879	2831	A	48	0	2763	22.3706116539993
A_PA	880	2830	G	43	0	2796	21.5990701001431
A_PA	881	2791	A	82	0	2731	22.81252288539
A_PA	882	2771	C	100	0	2709	22.0299003322259
A_PA	883	2837	C	34	0	2806	21.4219529579473
A_PA	884	2831	C	39	0	2786	22.0796841349605
A_PA	885	2792	A	78	0	2775	22.9837837837838
A_PA	886	2825	A	45	0	2810	22.5612099644128
A_PA	887	2829	G	41	0	2797	21.0690025026814
A_PA	888	2838	T	32	0	2826	22.0541401273885
A_PA	889	2829	C	41	0	2817	23.1629392971246
A_PA	890	2810	A	60	0	2770	21.3682310469314
A_PA	891	2827	C	43	0	2745	21.1256830601093
A_PA	892	2802	G	68	0	2751	18.9494729189386
A_PA	893	2776	A	94	0	2754	18.5729847494553
A_PA	894	2800	A	70	0	2775	18.1531531531532
A_PA	895	2795	G	75	0	2779	19.7776178481468
A_PA	896	2788	G	81	0	2773	20.7793003966823
A_PA	897	2776	A	92	0	2754	20.0944081336238
A_PA	898	2761	G	107	0	2744	21.1876822157434
A_PA	899	2775	A	93	0	2745	22.1544626593807
A_PA	900	2770	A	98	0	2732	21.6519033674963
A_PA	901	2617	G	249	0	2574	19.9125874125874
A_PA	902	2841	G	25	0	2824	20.1657223796034
A_PA	903	2835	G	31	0	2824	19.9628186968839
A_PA	904	2830	A	36	0	2821	19.4998227578873
A_PA	905	2837	T	29	0	2824	21.4157223796034
A_PA	906	2664	C	202	0	2642	23.2471612414837
A_PA	907	2780	C	86	0	2727	21.8184818481848
A_PA	908	2815	C	50	0	2763	19.1950778139703
A_PA	909	2787	A	76	0	2727	18.1892189218922
A_PA	910	2799	T	63	0	2677	18.7964138961524
A_PA	911	2662	T	200	0	2612	20.3571975497703
A_PA	912	2668	A	193	0	2631	21.0136830102623
A_PA	913	2829	T	32	0	2808	22.0338319088319
A_PA	914	2824	A	36	0	2790	23.0910394265233
A_PA	915	2823	T	37	0	2798	24.0811293781272
A_PA	916	2818	G	42	0	2789	21.7400501972033
A_PA	917	2831	A	29	0	2788	22.8328550932568
A_PA	918	2826	T	34	0	2806	23.2059871703493
A_PA	919	2801	G	58	0	2663	21.3728877206158
A_PA	920	2819	C	40	0	2778	20.2721382289417
A_PA	921	2825	A	34	0	2811	20.2849519743863
A_PA	922	2832	A	27	0	2813	20.1894774262353
A_PA	923	2832	T	26	0	2816	23.3064630681818
A_PA	924	2826	C	32	0	2813	25.199075719872
A_PA	925	2801	A	57	0	2773	24.5546339704291
A_PA	926	2801	A	57	0	2770	22.343321299639
A_PA	927	2797	G	61	0	2728	20.3361436950147
A_PA	928	2797	T	61	0	2775	21.0742342342342
A_PA	929	2810	G	48	0	2777	21.49693914296
A_PA	930	2806	C	52	0	2774	21.3864455659697
A_PA	931	2791	A	66	0	2764	22.8907380607815
A_PA	932	2809	T	48	0	2779	22.3198992443325
A_PA	933	2823	G	34	0	2801	21.5191003213138
A_PA	934	2801	A	56	0	2780	22.0705035971223
A_PA	935	2817	A	40	0	2801	23.236344162799
A_PA	936	2822	A	34	0	2807	28.6369789811186
A_PA	937	2825	A	31	0	2783	30.098095580309
A_PA	938	2824	C	31	0	2812	26.0970839260313
A_PA	939	2823	A	31	0	2811	24.3308431163287
A_PA	940	2798	T	55	0	2779	24.2943504857863
A_PA	941	2803	T	50	0	2780	24.5543165467626
A_PA	942	2818	C	35	0	2807	25.9622372639829
A_PA	943	2747	T	106	0	2719	26.6807649871276
A_PA	944	2798	T	55	0	2763	26.5273253709736
A_PA	945	2791	T	60	0	2768	26.0382947976879
A_PA	946	2642	G	209	0	2606	24.7716807367613
A_PA	947	2813	G	38	0	2790	23.315770609319
A_PA	948	2813	A	38	0	2793	23.281775868242
A_PA	949	2822	T	29	0	2813	23.3949520085318
A_PA	950	2793	G	58	0	2786	23.1195262024408
A_PA	951	2817	G	34	0	2808	22.2863247863248
A_PA	952	2729	A	122	0	2714	21.7509211495947
A_PA	953	2821	A	30	0	2810	24.5462633451957
A_PA	954	2822	A	28	0	2803	24.5768819122369
A_PA	955	2818	G	31	0	2785	24.8840215439856
A_PA	956	2815	A	34	0	2786	23.3036611629576
A_PA	957	2822	A	27	0	2766	22.3774403470716
A_PA	958	2787	C	60	0	2759	20.741935483871
A_PA	959	2764	C	83	0	2715	20.2920810313075
A_PA	960	2710	T	137	0	2666	20.3514628657164
A_PA	961	2772	T	75	0	2727	21.5075174184085
A_PA	962	2762	G	82	0	2711	22.7288823312431
A_PA	963	2782	T	62	0	2694	23.4068299925761
A_PA	964	2786	A	57	0	2767	23.7094325984821
A_PA	965	2802	T	41	0	2770	23.75559566787
A_PA	966	2798	A	45	0	2753	22.7584453323647
A_PA	967	2800	G	43	0	2735	21.9243144424132
A_PA	968	2814	T	29	0	2767	21.7293097217203
A_PA	969	2810	C	33	0	2784	22.1217672413793
A_PA	970	2812	A	31	0	2800	20.6507142857143
A_PA	971	2819	A	24	0	2804	21.8609129814551
A_PA	972	2812	A	30	0	2778	25.1306695464363
A_PA	973	2803	C	39	0	2780	25.3705035971223
A_PA	974	2762	C	80	0	2736	24.9448099415205
A_PA	975	2748	A	94	0	2737	24.5239313116551
A_PA	976	2800	C	42	0	2761	25.1300253531329
A_PA	977	2789	A	52	0	2774	28.4008651766402
A_PA	978	2767	C	74	0	2700	27.7696296296296
A_PA	979	2753	G	88	0	2728	18.1114369501466
A_PA	980	2618	A	223	0	2597	17.9957643434732
A_PA	981	2733	A	106	0	2716	18.0916789396171
A_PA	982	2730	A	109	0	2705	22.0306839186691
A_PA	983	2678	A	160	0	2656	18.3844126506024
A_PA	984	2453	G	384	0	2387	18.2258064516129
A_PA	985	2758	G	79	0	2708	19.0764401772526
A_PA	986	2782	G	55	0	2757	18.0660137830976
A_PA	987	2763	A	74	0	2743	18.5523149835946
A_PA	988	2789	A	48	0	2755	21.8264972776769
A_PA	989	2790	T	47	0	2731	22.2522885389967
A_PA	990	2779	A	58	0	2748	23.3133187772926
A_PA	991	2802	A	33	0	2764	21.5481186685962
A_PA	992	2796	A	39	0	2759	21.3783979702791
A_PA	993	2784	T	50	0	2766	22.2313810556761
A_PA	994	2794	T	40	0	2763	24.5342019543974
A_PA	995	2780	C	52	0	2749	25.6947981084031
A_PA	996	2762	A	69	0	2742	25.6721371261853
A_PA	997	2791	A	40	0	2771	25.300252616384
A_PA	998	2794	A	36	0	2771	24.8065680259834
A_PA	999	2782	T	48	0	2738	25.2837837837838
A_PA	1000	2788	T	37	0	2762	26.7516292541636
A_PA	1001	2783	A	41	0	2753	25.5281511078823
A_PA	1002	2755	C	68	0	2736	23.9228801169591
A_PA	1003	2752	C	71	0	2722	22.8071271124173
A_PA	1004	2746	T	76	0	2715	22.8180478821363
A_PA	1005	2755	G	67	0	2692	23.2526002971768
A_PA	1006	2779	C	43	0	2737	23.4632809645597
A_PA	1007	2781	T	40	0	2746	23.3692643845594
A_PA	1008	2786	G	34	0	2743	23.4553408676631
A_PA	1009	2787	T	33	0	2756	24.4669811320755
A_PA	1010	2777	C	43	0	2756	25.6168359941945
A_PA	1011	2780	A	40	0	2749	24.9701709712623
A_PA	1012	2782	T	38	0	2762	25.6086169442433
A_PA	1013	2744	G	74	0	2725	25.2495412844037
A_PA	1014	2779	G	39	0	2763	22.6062251176258
A_PA	1015	2763	A	52	0	2738	21.7702702702703
A_PA	1016	2766	A	49	0	2749	23.3528555838487
A_PA	1017	2770	G	45	0	2707	22.3084595493166
A_PA	1018	2764	C	51	0	2731	21.6078359575247
A_PA	1019	2749	A	66	0	2714	21.4019896831245
A_PA	1020	2782	A	31	0	2763	20.4755700325733
A_PA	1021	2765	G	48	0	2676	19.2372944693572
A_PA	1022	2774	T	39	0	2729	20.3722975448882
A_PA	1023	2780	A	33	0	2731	20.6140607835958
A_PA	1024	2774	C	39	0	2745	20.2714025500911
A_PA	1025	2769	T	43	0	2739	22.4457831325301
A_PA	1026	2775	G	37	0	2728	22.4435483870968
A_PA	1027	2774	T	38	0	2734	23.1543525969276
A_PA	1028	2764	C	46	0	2733	23.6095865349433
A_PA	1029	2688	A	122	0	2654	21.836850037679
A_PA	1030	2636	G	173	0	2557	19.9034024247165
A_PA	1031	2743	A	66	0	2708	19.5125553914328
A_PA	1032	2753	A	56	0	2703	19.7199408065113
A_PA	1033	2745	T	64	0	2602	20.4830899308224
A_PA	1034	2766	T	41	0	2745	21.9173041894353
A_PA	1035	2781	G	43	0	2698	20.4540400296516
A_PA	1036	2778	C	46	0	2732	20.4216691068814
A_PA	1037	2771	A	53	0	2723	20.7451340433346
A_PA	1038	2764	G	59	0	2751	19.6713922210105
A_PA	1039	2795	G	27	0	2778	20.1774658027358
A_PA	1040	2792	A	29	0	2782	21.4252336448598
A_PA	1041	2791	C	30	0	2773	23.2672196177425
A_PA	1042	2762	A	59	0	2734	22.7662765179225
A_PA	1043	2782	T	39	0	2725	24.0763302752294
A_PA	1044	2791	T	30	0	2769	23.8335139039364
A_PA	1045	2787	G	33	0	2769	23.5214879017696
A_PA	1046	2752	A	68	0	2709	24.391288298265
A_PA	1047	2785	A	34	0	2771	25.3251533742331
A_PA	1048	2791	A	28	0	2775	28.1632432432432
A_PA	1049	2783	A	36	0	2760	29.5836956521739
A_PA	1050	2775	T	44	0	2749	25.6620589305202
A_PA	1051	2703	G	116	0	2665	22.8889305816135
A_PA	1052	2719	A	99	0	2678	21.13928304705
A_PA	1053	2523	G	295	0	2493	18.4420377055756
A_PA	1054	2665	G	150	0	2650	16.9905660377358
A_PA	1055	2653	A	161	0	2627	14.9154929577465
A_PA	1056	2718	G	96	0	2696	16.5790059347181
A_PA	1057	2761	A	53	0	2750	19.5589090909091
A_PA	1058	2779	A	35	0	2765	18.8528028933092
A_PA	1059	2768	G	46	0	2731	16.1709996338338
A_PA	1060	2779	A	34	0	2765	20.9985533453888
A_PA	1061	2777	T	35	0	2761	20.6360014487505
A_PA	1062	2779	T	33	0	2749	21.5271007639142
A_PA	1063	2556	C	256	0	2521	23.7409758032527
A_PA	1064	2703	C	107	0	2656	18.5873493975904
A_PA	1065	2611	A	199	0	2593	16.7493251060548
A_PA	1066	2779	A	31	0	2747	16.8245358572989
A_PA	1067	2781	G	29	0	2768	17.6647398843931
A_PA	1068	2773	A	37	0	2756	20.4267053701016
A_PA	1069	2782	A	28	0	2759	23.3171438927148
A_PA	1070	2780	C	30	0	2765	22.5978300180832
A_PA	1071	2764	T	46	0	2728	22.8310117302053
A_PA	1072	2607	A	203	0	2580	23.1414728682171
A_PA	1073	2746	A	64	0	2726	22.4479090242113
A_PA	1074	2781	A	28	0	2763	23.4726746290264
A_PA	1075	2784	A	22	0	2774	26.7656813266042
A_PA	1076	2782	A	24	0	2738	25.3904309715121
A_PA	1077	2779	C	26	0	2765	23.9367088607595
A_PA	1078	2772	A	33	0	2752	23.2925145348837
A_PA	1079	2762	T	42	0	2740	23.0883211678832
A_PA	1080	2727	G	77	0	2715	21.6758747697974
A_PA	1081	2695	A	109	0	2673	22.1466517022073
A_PA	1082	2717	A	87	0	2701	22.1044057756387
A_PA	1083	2757	G	47	0	2740	22.9470802919708
A_PA	1084	2725	A	79	0	2696	23.6390949554896
A_PA	1085	2776	A	28	0	2762	24.1611151339609
A_PA	1086	2777	A	26	0	2764	26.4956584659913
A_PA	1087	2767	A	36	0	2713	28.16771102101
A_PA	1088	2756	C	47	0	2730	22.1897435897436
A_PA	1089	2733	G	67	0	2418	17.3535980148883
A_PA	1090	2769	G	31	0	2736	16.1827485380117
A_PA	1091	2775	G	25	0	2718	16.2214863870493
A_PA	1092	2774	T	26	0	2749	17.4921789741724
A_PA	1093	2772	C	28	0	2742	22.9850474106492
A_PA	1094	2763	A	35	0	2745	22.6251366120219
A_PA	1095	2764	A	33	0	2708	22.7448301329394
A_PA	1096	2739	C	56	0	2689	23.8244700632205
A_PA	1097	2738	T	57	0	2700	22.9340740740741
A_PA	1098	2666	G	129	0	2613	20.9284347493303
A_PA	1099	2650	A	144	0	2613	20.8097971680061
A_PA	1100	2722	A	70	0	2696	20.5307863501484
A_PA	1101	2700	G	91	0	2655	19.7182674199623
A_PA	1102	2729	T	62	0	2698	19.4651593773165
A_PA	1103	2732	G	59	0	2684	20.3617734724292
A_PA	1104	2761	G	30	0	2717	19.4376150165624
A_PA	1105	2755	G	36	0	2713	19.6107629929967
A_PA	1106	2742	C	49	0	2711	19.2648469199557
A_PA	1107	2737	T	54	0	2700	20.3607407407407
A_PA	1108	2750	C	41	0	2707	21.6985592907277
A_PA	1109	2641	T	149	0	2607	23.7913310318374
A_PA	1110	2735	T	54	0	2704	25.3609467455621
A_PA	1111	2732	G	57	0	2696	24.7666913946588
A_PA	1112	2743	G	46	0	2713	21.8009583486915
A_PA	1113	2744	T	45	0	2703	21.1572327044025
A_PA	1114	2745	G	44	0	2715	21.5745856353591
A_PA	1115	2716	A	73	0	2678	22.7613890963406
A_PA	1116	2738	A	51	0	2708	24.5738552437223
A_PA	1117	2743	A	46	0	2719	27.9569694740714
A_PA	1118	2748	A	41	0	2685	28.7467411545624
A_PA	1119	2747	C	39	0	2719	26.080176535491
A_PA	1120	2741	A	45	0	2706	24.2564671101256
A_PA	1121	2725	T	61	0	2713	23.2322152598599
A_PA	1122	2673	G	113	0	2617	22.1799770729843
A_PA	1123	2717	G	69	0	2682	21.0313199105145
A_PA	1124	2725	C	60	0	2685	20.9664804469274
A_PA	1125	2726	A	57	0	2696	20.7971068249258
A_PA	1126	2703	C	80	0	2628	20.4627092846271
A_PA	1127	2730	C	52	0	2700	20.1077777777778
A_PA	1128	2431	A	351	0	2406	20.0116375727348
A_PA	1129	2413	G	368	0	2385	18.7622641509434
A_PA	1130	2704	A	77	0	2688	19.9880952380952
A_PA	1131	2694	G	86	0	2678	29.6732636295743
A_PA	1132	2636	A	144	0	2607	26.2907556578443
A_PA	1133	2737	A	43	0	2693	19.6587448941701
A_PA	1134	2720	G	60	0	2686	18.5465376023827
A_PA	1135	2740	G	40	0	2712	19.6891592920354
A_PA	1136	2738	T	42	0	2678	19.6075429424944
A_PA	1137	2734	A	44	0	2666	19.185296324081
A_PA	1138	2753	G	25	0	2714	19.9543109801032
A_PA	1139	2725	A	53	0	2693	21.5243223171185
A_PA	1140	2747	C	31	0	2736	21.7839912280702
A_PA	1141	2682	T	96	0	2664	22.2533783783784
A_PA	1142	2733	T	45	0	2712	24.6349557522124
A_PA	1143	2736	T	42	0	2704	24.7163461538462
A_PA	1144	2697	G	81	0	2659	22.2437006393381
A_PA	1145	2635	A	142	0	2597	21.8186368887178
A_PA	1146	2712	A	63	0	2693	21.4578536947642
A_PA	1147	2737	A	38	0	2711	25.1958686831428
A_PA	1148	2737	A	36	0	2647	25.1552701171137
A_PA	1149	2734	C	39	0	2713	21.7887946922226
A_PA	1150	2731	T	42	0	2706	20.9922394678492
A_PA	1151	2730	G	42	0	2493	19.1387886081027
A_PA	1152	2729	C	42	0	2703	18.975952645209
A_PA	1153	2718	A	53	0	2635	19.0402277039848
A_PA	1154	2723	G	47	0	2700	18.0296296296296
A_PA	1155	2730	A	40	0	2623	19.3907739229889
A_PA	1156	2657	G	113	0	2583	38.0491676345335
A_PA	1157	2737	A	33	0	2695	37.4972170686456
A_PA	1158	2741	C	29	0	2719	18.9672673777124
A_PA	1159	2724	A	45	0	2699	18.8910707669507
A_PA	1160	2724	T	45	0	2674	21.705684367988
A_PA	1161	2692	A	77	0	2655	21.9713747645951
A_PA	1162	2722	A	46	0	2683	21.7256802087216
A_PA	1163	2709	G	59	0	2647	19.8791084246317
A_PA	1164	2715	C	53	0	2638	19.0223654283548
A_PA	1165	2713	G	55	0	2681	17.313315926893
A_PA	1166	2716	A	52	0	2689	17.1245816288583
A_PA	1167	2713	T	55	0	2672	17.876871257485
A_PA	1168	2737	T	31	0	2724	20.0315712187959
A_PA	1169	2741	T	27	0	2718	24.2928623988227
A_PA	1170	2731	G	36	0	2707	23.4344292574806
A_PA	1171	2706	A	59	0	2691	22.9498327759197
A_PA	1172	2714	A	51	0	2688	21.5524553571429
A_PA	1173	2720	G	45	0	2632	20.3936170212766
A_PA	1174	2737	C	28	0	2695	19.7962894248609
A_PA	1175	2719	A	46	0	2706	19.7649667405765
A_PA	1176	2715	A	49	0	2688	19.71875
A_PA	1177	2714	T	50	0	2667	22.0536182977128
A_PA	1178	2730	A	34	0	2712	22.2942477876106
A_PA	1179	2724	T	40	0	2685	21.9690875232775
A_PA	1180	2730	G	33	0	2710	21.829889298893
A_PA	1181	2735	A	28	0	2704	22.0369822485207
A_PA	1182	2725	T	38	0	2693	22.0111399925733
A_PA	1183	2720	A	43	0	2647	20.0846241027578
A_PA	1184	2716	G	47	0	2661	19.2848553175498
A_PA	1185	2729	T	34	0	2705	19.9049907578558
A_PA	1186	2722	G	41	0	2696	19.5385756676558
A_PA	1187	2717	A	45	0	2691	20.6692679301375
A_PA	1188	2729	A	33	0	2715	22.2865561694291
A_PA	1189	2732	G	30	0	2706	21.2793791574279
A_PA	1190	2721	A	39	0	2698	23.3439584877687
A_PA	1191	2727	A	32	0	2692	23.9320208023774
A_PA	1192	2693	C	64	0	2668	22.5498500749625
A_PA	1193	2731	C	26	0	2702	22.6236121391562
A_PA	1194	2715	T	42	0	2655	21.6112994350282
A_PA	1195	2710	G	45	0	2679	21.8611422172452
A_PA	1196	2693	A	62	0	2656	22.9457831325301
A_PA	1197	2711	A	42	0	2677	23.5745237205827
A_PA	1198	2706	T	47	0	2664	23.5045045045045
A_PA	1199	2716	T	37	0	2665	23.5947467166979
A_PA	1200	2649	A	104	0	2586	24.9129930394432
A_PA	1201	2706	A	47	0	2670	21.7048689138577
A_PA	1202	2704	G	49	0	2670	16.4213483146067
A_PA	1203	2722	G	31	0	2679	20.2015677491601
A_PA	1204	2716	T	37	0	2685	19.6696461824953
A_PA	1205	2695	C	58	0	2669	21.3383289621581
A_PA	1206	2661	A	92	0	2629	21.4811715481172
A_PA	1207	2701	C	51	0	2682	21.6815809097688
A_PA	1208	2664	T	87	0	2644	22.6316187594554
A_PA	1209	2651	T	99	0	2625	23.2838095238095
A_PA	1210	2675	T	75	0	2638	25.5416982562547
A_PA	1211	2671	C	78	0	2644	25.5385779122542
A_PA	1212	2610	A	139	0	2577	23.2537834691502
A_PA	1213	2676	A	73	0	2601	22.0738177623991
A_PA	1214	2688	G	60	0	2654	21.1348907309721
A_PA	1215	2673	C	75	0	2504	22.5774760383387
A_PA	1216	2710	T	35	0	2696	23.3067507418398
A_PA	1217	2661	G	83	0	2609	23.0517439632043
A_PA	1218	2717	G	26	0	2696	22.7181008902077
A_PA	1219	2712	A	31	0	2702	22.9304219096965
A_PA	1220	2707	T	35	0	2688	23.2842261904762
A_PA	1221	2696	A	45	0	2631	23.4614215127328
A_PA	1222	2690	C	50	0	2665	24.3001876172608
A_PA	1223	2663	A	76	0	2642	22.7937168811506
A_PA	1224	2605	G	134	0	2550	19.0447058823529
A_PA	1225	2673	A	66	0	2640	17.7375
A_PA	1226	2698	G	41	0	2658	18.663280662152
A_PA	1227	2680	T	59	0	2657	18.5302973278133
A_PA	1228	2712	G	27	0	2675	19.647476635514
A_PA	1229	2703	A	36	0	2643	19.4487325009459
A_PA	1230	2695	G	45	0	2664	19.4545795795796
A_PA	1231	2711	T	29	0	2678	20.386855862584
A_PA	1232	2713	T	27	0	2674	21.7217651458489
A_PA	1233	2703	C	37	0	2672	23.060254491018
A_PA	1234	2709	A	31	0	2690	25.9702602230483
A_PA	1235	2710	A	30	0	2647	24.1790706460144
A_PA	1236	2713	C	27	0	2696	23.5118694362018
A_PA	1237	2674	A	66	0	2653	23.4896343761779
A_PA	1238	2711	A	29	0	2666	22.8638409602401
A_PA	1239	2696	G	44	0	2644	20.8309379727685
A_PA	1240	2713	G	26	0	2672	21.061377245509
A_PA	1241	2698	C	41	0	2654	19.8379804069329
A_PA	1242	2709	C	30	0	2682	20.1923937360179
A_PA	1243	2681	T	57	0	2650	21.5249056603774
A_PA	1244	2685	G	52	0	2608	22.6786809815951
A_PA	1245	2706	T	31	0	2653	22.9811534112326
A_PA	1246	2702	G	35	0	2664	21.649024024024
A_PA	1247	2699	A	37	0	2655	20.7148775894539
A_PA	1248	2685	G	51	0	2643	19.8547105561862
A_PA	1249	2695	C	41	0	2668	18.777736131934
A_PA	1250	2699	T	37	0	2664	18.6182432432432
A_PA	1251	2690	A	46	0	2662	20.9252441773103
A_PA	1252	2702	A	34	0	2634	22.8572513287775
A_PA	1253	2702	C	34	0	2682	22.6573452647278
A_PA	1254	2695	T	40	0	2644	21.9322995461422
A_PA	1255	2702	G	33	0	2680	20.8466417910448
A_PA	1256	2686	A	47	0	2644	21.6308623298033
A_PA	1257	2700	T	33	0	2680	23.1951492537313
A_PA	1258	2707	T	26	0	2686	23.5130305286672
A_PA	1259	2710	C	23	0	2687	23.2374395236323
A_PA	1260	2708	A	25	0	2668	20.643928035982
A_PA	1261	2698	G	35	0	2668	19.6952773613193
A_PA	1262	2685	T	48	0	2656	20.5244728915663
A_PA	1263	2685	C	48	0	2675	21.268785046729
A_PA	1264	2699	T	34	0	2672	21.4835329341317
A_PA	1265	2534	G	198	0	2510	22.4521912350598
A_PA	1266	2702	G	29	0	2687	22.108671380722
A_PA	1267	2702	A	29	0	2685	22.2975791433892
A_PA	1268	2704	T	27	0	2674	22.9622288706058
A_PA	1269	2646	A	85	0	2612	22.0065084226646
A_PA	1270	2702	G	29	0	2673	20.8424990647213
A_PA	1271	2698	A	33	0	2678	21.1829723674384
A_PA	1272	2708	A	23	0	2692	21.9179049034175
A_PA	1273	2702	C	29	0	2692	22.2384843982169
A_PA	1274	2699	T	32	0	2667	24.2309711286089
A_PA	1275	2681	C	49	0	2638	23.5526914329037
A_PA	1276	2665	G	65	0	2595	19.7772639691715
A_PA	1277	2687	A	42	0	2614	19.5615914307575
A_PA	1278	2690	T	39	0	2662	19.3906836964688
A_PA	1279	2682	G	47	0	2638	19.5564821834723
A_PA	1280	2637	A	91	0	2592	21.9197530864198
A_PA	1281	2675	A	53	0	2629	21.4290604792697
A_PA	1282	2666	A	61	0	2610	21.8666666666667
A_PA	1283	2658	T	68	0	2536	20.7271293375394
A_PA	1284	2676	T	47	0	2630	21.7460076045627
A_PA	1285	2537	G	186	0	2480	20.8241935483871
A_PA	1286	2632	G	91	0	2607	21.2704257767549
A_PA	1287	2632	A	91	0	2615	22.7154875717017
A_PA	1288	2620	G	103	0	2570	21.8610894941634
A_PA	1289	2658	A	64	0	2616	25.9583333333333
A_PA	1290	2647	G	75	0	2624	29.5609756097561
A_PA	1291	2689	G	33	0	2678	20.2595220313667
A_PA	1292	2686	A	36	0	2666	21.0348837209302
A_PA	1293	2685	C	37	0	2653	21.8884281944968
A_PA	1294	2632	G	90	0	2517	19.1636869288836
A_PA	1295	2625	T	97	0	2578	18.6947245927075
A_PA	1296	2647	A	75	0	2583	18.650406504065
A_PA	1297	2661	G	60	0	2629	18.5956637504755
A_PA	1298	2564	C	156	0	2510	20.4637450199203
A_PA	1299	2631	C	89	0	2572	20.7531104199067
A_PA	1300	2672	C	48	0	2568	20.6160436137072
A_PA	1301	2681	C	39	0	2548	21.8740188383046
A_PA	1302	2631	A	88	0	2585	21.5992263056093
A_PA	1303	2684	A	35	0	2634	21.2490508731967
A_PA	1304	2683	T	35	0	2574	21.4864024864025
A_PA	1305	2694	T	24	0	2664	23.2969219219219
A_PA	1306	2677	G	41	0	2610	21.3329501915709
A_PA	1307	2677	A	41	0	2600	21.3446153846154
A_PA	1308	2626	A	92	0	2598	21.9591993841416
A_PA	1309	2621	C	97	0	2582	22.4837335398916
A_PA	1310	2679	A	38	0	2651	21.7491512636741
A_PA	1311	2669	C	48	0	2648	32.9792296072508
A_PA	1312	2669	A	48	0	2647	28.1650925576124
A_PA	1313	2654	T	63	0	2630	23.4832699619772
A_PA	1314	2673	T	43	0	2654	24.3801808590806
A_PA	1315	2658	G	57	0	2567	21.9435138293728
A_PA	1316	2666	C	49	0	2619	21.9045437189767
A_PA	1317	2650	A	65	0	2632	22.2188449848024
A_PA	1318	2672	A	41	0	2647	21.9743105402342
A_PA	1319	2663	G	50	0	2601	21.803537101115
A_PA	1320	2679	C	34	0	2648	22.5347432024169
A_PA	1321	2669	A	44	0	2653	22.5778364116095
A_PA	1322	2657	T	56	0	2627	22.6928054815379
A_PA	1323	2563	G	150	0	2537	24.093023255814
A_PA	1324	2561	A	150	0	2531	24.6451995258791
A_PA	1325	2643	G	68	0	2632	21.4099544072948
A_PA	1326	2649	A	62	0	2612	19.542113323124
A_PA	1327	2664	A	47	0	2646	19.9780801209373
A_PA	1328	2623	G	88	0	2577	20.8393480791618
A_PA	1329	2637	G	74	0	2561	19.0527137836783
A_PA	1330	2510	A	201	0	2432	17.6525493421053
A_PA	1331	2584	A	127	0	2533	18.1519936833794
A_PA	1332	2636	T	75	0	2516	18.70826709062
A_PA	1333	2666	T	45	0	2651	19.3708034703885
A_PA	1334	2656	A	55	0	2621	20.4540251812285
A_PA	1335	2666	T	45	0	2626	21.3880426504189
A_PA	1336	2675	T	36	0	2652	24.8627450980392
A_PA	1337	2665	T	45	0	2640	25.6340909090909
A_PA	1338	2623	C	87	0	2600	26.9815384615385
A_PA	1339	2642	A	68	0	2603	25.8190549366116
A_PA	1340	2651	C	59	0	2600	24.0646153846154
A_PA	1341	2649	A	61	0	2612	23.624808575804
A_PA	1342	2638	G	72	0	2568	21.3929127725857
A_PA	1343	2652	C	58	0	2633	21.2134447398405
A_PA	1344	2637	A	73	0	2595	20.8023121387283
A_PA	1345	2631	G	79	0	2605	19.5051823416507
A_PA	1346	2615	A	93	0	2543	19.5721588674794
A_PA	1347	2638	G	70	0	2554	22.3931088488645
A_PA	1348	2668	G	40	0	2612	18.478943338438
A_PA	1349	2669	T	39	0	2652	17.1489441930618
A_PA	1350	2677	G	31	0	2635	19.5134724857685
A_PA	1351	2674	T	34	0	2648	21.1151812688822
A_PA	1352	2492	C	216	0	2467	22.9282529387921
A_PA	1353	2661	C	47	0	2633	21.8902392707938
A_PA	1354	2657	C	49	0	2619	20.6124474990454
A_PA	1355	2656	A	49	0	2637	19.9192263936291
A_PA	1356	2662	T	43	0	2626	21.6629855293222
A_PA	1357	2669	T	36	0	2645	23.4797731568998
A_PA	1358	2661	G	43	0	2608	22.1016104294479
A_PA	1359	2667	T	37	0	2579	22.3544009305933
A_PA	1360	2619	A	85	0	2546	20.4485467399843
A_PA	1361	2672	G	32	0	2619	18.8384879725086
A_PA	1362	2647	A	55	0	2630	18.9243346007605
A_PA	1363	2652	G	50	0	2579	20.0717332299341
A_PA	1364	2667	C	35	0	2644	18.5419818456884
A_PA	1365	2658	T	43	0	2625	19.2099047619048
A_PA	1366	2668	A	32	0	2628	19.6651445966514
A_PA	1367	2666	C	32	0	2651	21.2055827989438
A_PA	1368	2666	T	32	0	2631	21.6693272519954
A_PA	1369	2660	G	38	0	2635	21.6592030360531
A_PA	1370	2651	A	47	0	2621	23.081648225868
A_PA	1371	2667	A	31	0	2651	23.8189362504715
A_PA	1372	2664	T	34	0	2629	24.4861163940662
A_PA	1373	2666	A	32	0	2619	24.721267659412
A_PA	1374	2665	C	33	0	2655	24.5065913370998
A_PA	1375	2653	A	45	0	2625	23.6019047619048
A_PA	1376	2646	T	51	0	2605	23.1143953934741
A_PA	1377	2653	A	44	0	2633	23.6278009874668
A_PA	1378	2655	A	42	0	2625	23.9238095238095
A_PA	1379	2648	T	49	0	2621	24.2003052270126
A_PA	1380	2639	G	58	0	2619	23.1725849560901
A_PA	1381	2571	A	126	0	2540	22.6897637795276
A_PA	1382	2629	A	68	0	2604	22.081797235023
A_PA	1383	2557	A	140	0	2533	20.0663245163837
A_PA	1384	2196	G	500	0	2139	21.2519869097709
A_PA	1385	2510	G	186	0	2457	19.952380952381
A_PA	1386	2642	G	54	0	2569	19.4289606850915
A_PA	1387	2636	G	60	0	2577	19.2060535506403
A_PA	1388	2624	T	74	0	2562	18.515612802498
A_PA	1389	2625	A	73	0	2588	20.015455950541
A_PA	1390	2653	T	45	0	2613	20.8779181017987
A_PA	1391	2651	A	47	0	2581	22.4684230918249
A_PA	1392	2658	C	40	0	2620	22.2843511450382
A_PA	1393	2649	A	49	0	2598	21.562740569669
A_PA	1394	2640	T	58	0	2589	21.6840478949401
A_PA	1395	2631	T	67	0	2598	22.6054657428791
A_PA	1396	2620	A	78	0	2592	23.6161265432099
A_PA	1397	2636	A	62	0	2572	23.6687402799378
A_PA	1398	2636	T	62	0	2594	23.9437162683115
A_PA	1399	2642	A	56	0	2576	22.8532608695652
A_PA	1400	2621	C	77	0	2597	21.9691952252599
A_PA	1401	2623	T	75	0	2598	22.2609699769053
A_PA	1402	2625	G	72	0	2587	22.2759953614225
A_PA	1403	2460	C	237	0	2436	22.9663382594417
A_PA	1404	2637	C	59	0	2599	22.3986148518661
A_PA	1405	2652	C	44	0	2608	20.5302914110429
A_PA	1406	2640	T	56	0	2600	21.1692307692308
A_PA	1407	2645	G	51	0	2465	21.8738336713996
A_PA	1408	2628	C	66	0	2583	21.3844367015099
A_PA	1409	2637	T	57	0	2591	21.712080277885
A_PA	1410	2648	C	45	0	2613	21.6972828166858
A_PA	1411	2639	A	53	0	2623	22.2489515821578
A_PA	1412	2643	A	49	0	2609	21.9896512073591
A_PA	1413	2645	T	46	0	2630	23.1239543726236
A_PA	1414	2655	G	35	0	2601	23.2210688196847
A_PA	1415	2659	C	31	0	2627	22.3311762466692
A_PA	1416	2655	A	33	0	2638	22.1523881728582
A_PA	1417	2657	T	29	0	2645	22.3833648393195
A_PA	1418	2588	C	98	0	2565	24.188693957115
A_PA	1419	2658	C	27	0	2627	21.9341454130187
A_PA	1420	2629	T	55	0	2593	20.9880447358272
A_PA	1421	2630	G	54	0	2581	21.989926385122
A_PA	1422	2645	T	39	0	2625	23.5085714285714
A_PA	1423	2630	G	56	0	2586	24.0657385924207
A_PA	1424	2644	C	42	0	2610	22.3781609195402
A_PA	1425	2641	A	45	0	2612	23.06202143951
A_PA	1426	2656	G	30	0	2612	21.4199846860643
A_PA	1427	2657	C	29	0	2632	21.6428571428571
A_PA	1428	2654	A	31	0	2648	22.6797583081571
A_PA	1429	2659	A	26	0	2642	23.1347464042392
A_PA	1430	2659	T	26	0	2646	24.8586545729403
A_PA	1431	2646	G	38	0	2634	24.8454821564161
A_PA	1432	2657	G	27	0	2641	22.8667171525937
A_PA	1433	2653	A	31	0	2631	22.9091600152033
A_PA	1434	2653	C	31	0	2615	21.3713193116635
A_PA	1435	2638	G	46	0	2623	19.0346930995044
A_PA	1436	2611	A	73	0	2597	19.0681555641124
A_PA	1437	2570	T	113	0	2549	19.3342487249902
A_PA	1438	2653	T	30	0	2635	21.2333965844402
A_PA	1439	2662	T	21	0	2639	26.6153846153846
A_PA	1440	2655	T	28	0	2598	27.4114703618168
A_PA	1441	2647	C	35	0	2625	27.1005714285714
A_PA	1442	2636	A	44	0	2620	24.0198473282443
A_PA	1443	2650	A	30	0	2583	20.4703832752613
A_PA	1444	2632	C	48	0	2612	20.2645482388974
A_PA	1445	2630	T	50	0	2579	19.5443970531214
A_PA	1446	2638	A	42	0	2614	19.0899005355777
A_PA	1447	2650	A	30	0	2625	21.2792380952381
A_PA	1448	2643	T	37	0	2616	22.3203363914373
A_PA	1449	2654	T	26	0	2625	23.9059047619048
A_PA	1450	2516	C	164	0	2489	24.1426275612696
A_PA	1451	2643	C	36	0	2586	23.677494199536
A_PA	1452	2645	C	33	0	2579	21.6669251647926
A_PA	1453	2641	A	37	0	2594	21.5146491904395
A_PA	1454	2640	T	38	0	2612	22.916921898928
A_PA	1455	2641	G	37	0	2616	23.9908256880734
A_PA	1456	2641	A	37	0	2609	24.8110387121502
A_PA	1457	2647	T	31	0	2629	25.2761506276151
A_PA	1458	2607	A	71	0	2585	25.2885880077369
A_PA	1459	2633	A	43	0	2612	24.7484686064319
A_PA	1460	2610	G	66	0	2550	22.4513725490196
A_PA	1461	2630	C	46	0	2608	22.5429447852761
A_PA	1462	2614	A	62	0	2590	22.9111969111969
A_PA	1463	2638	A	36	0	2602	21.9354342813221
A_PA	1464	2628	G	46	0	2569	21.4655507979759
A_PA	1465	2631	T	42	0	2605	22.2963531669866
A_PA	1466	2638	G	36	0	2584	22.1749226006192
A_PA	1467	2629	C	45	0	2603	21.5885516711487
A_PA	1468	2634	A	39	0	2613	21.6486796785304
A_PA	1469	2638	G	35	0	2620	20.225572519084
A_PA	1470	2652	A	21	0	2633	21.7816179263198
A_PA	1471	2654	A	18	0	2625	24.2129523809524
A_PA	1472	2645	C	27	0	2626	24.044935262757
A_PA	1473	2639	T	32	0	2588	24.4300618238022
A_PA	1474	2432	A	237	0	2402	24.46253122398
A_PA	1475	2613	A	53	0	2592	24.0042438271605
A_PA	1476	2559	A	107	0	2535	20.2122287968442
A_PA	1477	2506	G	160	0	2490	21.3606425702811
A_PA	1478	2520	A	146	0	2494	20.0549318364074
A_PA	1479	2055	G	611	0	2015	22.1965260545906
A_PA	1480	2598	G	68	0	2580	20.1697674418605
A_PA	1481	2591	G	75	0	2544	17.6022012578616
A_PA	1482	2570	A	96	0	2538	16.8991331757289
A_PA	1483	2607	A	58	0	2583	18.5160665892373
A_PA	1484	2596	G	68	0	2561	18.1483795392425
A_PA	1485	2617	G	46	0	2574	18.7214452214452
A_PA	1486	2603	C	60	0	2553	17.1374853113984
A_PA	1487	2573	G	91	0	2491	15.4849458048976
A_PA	1488	2362	A	302	0	2295	15.557734204793
A_PA	1489	2572	A	92	0	2557	16.1818537348455
A_PA	1490	2605	A	59	0	2590	22.7073359073359
A_PA	1491	2623	A	41	0	2603	24.3968497887053
A_PA	1492	2626	A	38	0	2587	24.1236954000773
A_PA	1493	2585	C	79	0	2518	22.6092136616362
A_PA	1494	2628	C	36	0	2577	21.1986806363989
A_PA	1495	2610	A	53	0	2589	20.6431054461182
A_PA	1496	2620	A	43	0	2567	20.5212310089599
A_PA	1497	2600	T	62	0	2557	22.1572154868987
A_PA	1498	2614	T	48	0	2581	23.2518403719489
A_PA	1499	2593	T	69	0	2555	23.6183953033268
A_PA	1500	2593	A	68	0	2552	24.9467084639498
A_PA	1501	2630	T	31	0	2607	25.2263137706176
A_PA	1502	2627	A	34	0	2579	30.3489724699496
A_PA	1503	2621	T	40	0	2607	31.4526275412351
A_PA	1504	2600	G	60	0	2586	25.2853828306264
A_PA	1505	2630	G	30	0	2622	24.2307398932113
A_PA	1506	2621	A	39	0	2529	24.3368920521945
A_PA	1507	2639	T	21	0	2626	24.7650418888043
A_PA	1508	2640	T	20	0	2627	25.5473924628854
A_PA	1509	2636	C	24	0	2616	26.0294342507645
A_PA	1510	2640	A	20	0	2621	25.9000381533766
A_PA	1511	2640	T	20	0	2614	26.2379495026779
A_PA	1512	2628	C	30	0	2601	25.7185697808535
A_PA	1513	2613	A	44	0	2560	24.244140625
A_PA	1514	2616	T	41	0	2566	23.6808261886204
A_PA	1515	2504	A	152	0	2475	23.270303030303
A_PA	1516	2591	A	64	0	2564	23.295631825273
A_PA	1517	2564	A	90	0	2513	19.1623557500995
A_PA	1518	2322	G	332	0	2266	20.0653133274492
A_PA	1519	2615	G	38	0	2597	20.0161725067385
A_PA	1520	2616	G	36	0	2560	18.367578125
A_PA	1521	2613	A	39	0	2598	18.5739030023095
A_PA	1522	2622	A	30	0	2606	20.3702993092863
A_PA	1523	2621	G	31	0	2594	19.7409406322282
A_PA	1524	2607	A	45	0	2580	22.1321705426357
A_PA	1525	2594	T	57	0	2572	21.0062208398134
A_PA	1526	2585	C	65	0	2559	21.4841735052755
A_PA	1527	2624	T	24	0	2598	22.6335642802156
A_PA	1528	2610	C	38	0	2595	24.1210019267823
A_PA	1529	2621	A	25	0	2590	24.0459459459459
A_PA	1530	2615	T	31	0	2604	25.4746543778802
A_PA	1531	2619	C	27	0	2599	25.8872643324356
A_PA	1532	2595	T	50	0	2561	23.2928543537681
A_PA	1533	2602	G	43	0	2588	22.3361669242658
A_PA	1534	2598	A	47	0	2573	23.1519626894675
A_PA	1535	2538	G	107	0	2509	22.1323236349143
A_PA	1536	2616	G	27	0	2583	21.3643050716221
A_PA	1537	2610	A	33	0	2577	20.5324020178502
A_PA	1538	2619	A	24	0	2577	22.988746604579
A_PA	1539	2619	T	24	0	2597	24.0157874470543
A_PA	1540	2616	G	26	0	2585	24.1806576402321
A_PA	1541	2593	A	47	0	2557	24.6441141963238
A_PA	1542	2592	C	47	0	2574	24.0058275058275
A_PA	1543	2613	A	25	0	2586	24.5831399845321
A_PA	1544	2617	C	21	0	2590	32.4328185328185
A_PA	1545	2613	A	25	0	2569	30.4433631763332
A_PA	1546	2608	G	30	0	2580	23.0589147286822
A_PA	1547	2612	A	26	0	2598	23.391454965358
A_PA	1548	2577	T	61	0	2564	24.1751170046802
A_PA	1549	2571	G	67	0	2544	23.684748427673
A_PA	1550	2595	T	43	0	2574	24.2898212898213
A_PA	1551	2591	G	47	0	2526	21.929532858274
A_PA	1552	2605	G	32	0	2565	19.8296296296296
A_PA	1553	2596	T	41	0	2541	19.866194411649
A_PA	1554	2574	A	65	0	2552	20.230407523511
A_PA	1555	2614	A	24	0	2588	21.5258887171561
A_PA	1556	2613	A	25	0	2482	21.4665592264303
A_PA	1557	2612	C	25	0	2596	21.3794298921418
A_PA	1558	2507	T	130	0	2468	21.6170988654781
A_PA	1559	2570	T	66	0	2534	21.5591949486977
A_PA	1560	2580	T	55	0	2546	23.2022780832679
A_PA	1561	2570	G	64	0	2499	22.7290916366547
A_PA	1562	2601	T	33	0	2529	21.6801107156979
A_PA	1563	2592	G	42	0	2556	22.1709702660407
A_PA	1564	2590	A	44	0	2570	21.6513618677043
A_PA	1565	2573	G	61	0	2546	21.3436763550668
A_PA	1566	2611	C	23	0	2572	20.7639968895801
A_PA	1567	2613	A	21	0	2596	21.2384437596302
A_PA	1568	2608	T	26	0	2586	22.6589327146172
A_PA	1569	2563	G	71	0	2542	23.9520062942565
A_PA	1570	2575	G	59	0	2564	23.3884555382215
A_PA	1571	2410	A	224	0	2364	19.5583756345178
A_PA	1572	2607	G	27	0	2573	19.314807617567
A_PA	1573	2511	T	122	0	2448	19.1196895424837
A_PA	1574	2612	T	21	0	2595	20.1279383429672
A_PA	1575	2606	T	28	0	2585	25.3922630560928
A_PA	1576	2521	T	113	0	2504	25.9592651757189
A_PA	1577	2501	C	133	0	2493	28.6582430806258
A_PA	1578	2565	T	72	0	2539	26.6770382040173
A_PA	1579	2612	C	25	0	2599	35.3932281646787
A_PA	1580	2611	T	27	0	2588	58.339258114374
A_PA	1581	2568	C	73	0	2550	37.6125490196078
A_PA	1582	2583	A	58	0	2530	23.5458498023715
A_PA	1583	2607	C	34	0	2561	23.4006247559547
A_PA	1584	2612	A	27	0	2582	23.3388845855926
A_PA	1585	2616	G	23	0	2601	22.0630526720492
A_PA	1586	2652	A	20	0	2637	24.0322335987865
A_PA	1587	2648	T	25	0	2637	24.9768676526356
A_PA	1588	2568	C	105	0	2513	24.4058893752487
A_PA	1589	2642	C	33	0	2528	18.9865506329114
A_PA	1590	2624	G	51	0	2595	15.9510597302505
A_PA	1591	2649	A	26	0	2613	16.0478377344049
A_PA	1592	2658	G	17	0	2642	17.2581377744133
A_PA	1593	2659	A	16	0	2633	22.0330421572351
A_PA	1594	2653	C	22	0	2631	22.2607373622197
A_PA	1595	2614	T	61	0	2586	23.0808197989172
A_PA	1596	2645	T	30	0	2618	24.2459893048128
A_PA	1597	2651	G	25	0	2623	23.2508577964163
A_PA	1598	2648	A	28	0	2611	23.4136346227499
A_PA	1599	2652	A	24	0	2632	23.3411854103343
A_PA	1600	2623	C	53	0	2602	23.7106072252114
A_PA	1601	2598	C	79	0	2568	23.3598130841122
A_PA	1602	2572	A	105	0	2548	23.4513343799058
A_PA	1603	2654	C	23	0	2625	22.9699047619048
A_PA	1604	2621	A	56	0	2585	23.6553191489362
A_PA	1605	2626	T	53	0	2587	23.0819482025512
A_PA	1606	2636	A	46	0	2615	23.8795411089866
A_PA	1607	2662	A	20	0	2646	23.8881330309902
A_PA	1608	2665	A	18	0	2640	24.7689393939394
A_PA	1609	2664	T	19	0	2649	26.5541713854285
A_PA	1610	2614	G	68	0	2588	25.0842349304482
A_PA	1611	2642	G	40	0	2631	22.9570505511212
A_PA	1612	2618	G	62	0	2601	21.6113033448674
A_PA	1613	2594	A	87	0	2577	22.639891346527
A_PA	1614	2610	G	71	0	2599	22.1115813774529
A_PA	1615	2618	A	63	0	2584	24.0042569659443
A_PA	1616	2658	A	23	0	2641	23.7625899280576
A_PA	1617	2659	A	22	0	2641	24.2934494509655
A_PA	1618	2649	T	31	0	2619	24.1729667812142
A_PA	1619	2645	A	34	0	2562	22.9375487900078
A_PA	1620	2633	T	45	0	2600	22.5330769230769
A_PA	1621	2528	T	149	0	2503	22.7291250499401
A_PA	1622	2521	G	157	0	2427	21.536876802637
A_PA	1623	2649	T	29	0	2614	22.0960214231064
A_PA	1624	2638	G	39	0	2589	23.474314407107
A_PA	1625	2644	T	33	0	2612	24.1209800918836
A_PA	1626	2585	C	92	0	2548	23.7162480376766
A_PA	1627	2639	C	37	0	2599	21.2412466333205
A_PA	1628	2613	T	62	0	2504	19.7687699680511
A_PA	1629	2646	T	29	0	2608	21.1326687116564
A_PA	1630	2645	G	30	0	2622	20.6979405034325
A_PA	1631	2647	A	28	0	2605	21.0809980806142
A_PA	1632	2647	G	28	0	2619	22.1252386407026
A_PA	1633	2657	A	17	0	2632	23.4608662613982
A_PA	1634	2653	T	21	0	2617	22.8272831486435
A_PA	1635	2625	A	49	0	2556	22.0046948356808
A_PA	1636	2565	G	109	0	2546	21.6311861743912
A_PA	1637	2639	G	35	0	2614	20.3829380260138
A_PA	1638	2646	A	26	0	2626	20.1488956587967
A_PA	1639	2629	G	41	0	2588	21.0969860896445
A_PA	1640	2629	A	41	0	2588	22.3319165378671
A_PA	1641	2641	T	29	0	2613	22.0868733256793
A_PA	1642	2662	A	10	0	2630	21.9095057034221
A_PA	1643	2645	T	27	0	2635	23.6265654648956
A_PA	1644	2630	G	41	0	2586	23.6423047177108
A_PA	1645	2632	T	39	0	2601	23.5509419454056
A_PA	1646	2645	T	26	0	2614	24.1583779648049
A_PA	1647	2631	A	39	0	2567	23.5375925204519
A_PA	1648	2594	C	75	0	2537	23.1064249113126
A_PA	1649	2610	T	59	0	2565	22.6198830409357
A_PA	1650	2550	A	121	0	2505	22.2243512974052
A_PA	1651	2581	A	91	0	2527	20.1753066877721
A_PA	1652	2524	G	147	0	2452	18.5966557911909
A_PA	1653	2550	G	120	0	2436	18.2344006568145
A_PA	1654	2578	A	90	0	2496	17.4643429487179
A_PA	1655	2637	G	30	0	2565	17.7001949317739
A_PA	1656	2628	T	39	0	2605	17.6978886756238
A_PA	1657	2629	G	38	0	2557	19.0101681658193
A_PA	1658	2618	C	49	0	2574	21.001554001554
A_PA	1659	2641	C	27	0	2586	21.684068058778
A_PA	1660	2629	A	39	0	2588	20.895285935085
A_PA	1661	2629	T	39	0	2573	20.9654100272056
A_PA	1662	2616	A	54	0	2535	19.4347140039448
A_PA	1663	2606	G	64	0	2548	18.5310047095761
A_PA	1664	2612	G	59	0	2515	18.8556660039761
A_PA	1665	2519	C	152	0	2458	19.2587469487388
A_PA	1666	2595	C	76	0	2485	18.5243460764588
A_PA	1667	2550	A	121	0	2492	17.7191011235955
A_PA	1668	2583	A	88	0	2522	17.5059476605868
A_PA	1669	2608	A	63	0	2555	18.0767123287671
A_PA	1670	2591	T	80	0	2531	19.5705254839984
A_PA	1671	2622	T	49	0	2582	22.3067389620449
A_PA	1672	2647	T	22	0	2572	22.7449455676516
A_PA	1673	2633	C	36	0	2596	23.8220338983051
A_PA	1674	2603	A	65	0	2554	20.4244322631167
A_PA	1675	2630	A	37	0	2530	19.3940711462451
A_PA	1676	2616	G	53	0	2503	19.7926488214143
A_PA	1677	2639	G	30	0	2590	21.6131274131274
A_PA	1678	2609	C	60	0	2569	20.8470221876216
A_PA	1679	2653	C	16	0	2601	21.0849673202614
A_PA	1680	2637	A	32	0	2620	23.1450381679389
A_PA	1681	2652	A	17	0	2623	24.0278307281738
A_PA	1682	2647	T	20	0	2628	25.0913242009132
A_PA	1683	2647	G	21	0	2610	26.2969348659004
A_PA	1684	2638	T	29	0	2615	26.3326959847036
A_PA	1685	2641	T	26	0	2618	27.9942704354469
A_PA	1686	2644	C	24	0	2622	27.2704042715484
A_PA	1687	2609	T	60	0	2583	26.7375145180023
A_PA	1688	2607	T	65	0	2576	26.6649844720497
A_PA	1689	2602	G	71	0	2560	24.946484375
A_PA	1690	2626	T	46	0	2554	24.3727486296006
A_PA	1691	2633	A	43	0	2607	23.7859608745685
A_PA	1692	2618	T	60	0	2590	23.7660231660232
A_PA	1693	2611	G	67	0	2576	23.5368788819876
A_PA	1694	2647	T	31	0	2622	23.6891685736079
A_PA	1695	2637	G	42	0	2622	22.9954233409611
A_PA	1696	2643	A	36	0	2603	22.4671532846715
A_PA	1697	2632	G	47	0	2590	21.5996138996139
A_PA	1698	2650	G	29	0	2624	20.4820884146341
A_PA	1699	2641	A	38	0	2608	19.5694018404908
A_PA	1700	2647	C	32	0	2622	20.8032036613272
A_PA	1701	2638	A	41	0	2621	22.2224341854254
A_PA	1702	2648	A	31	0	2625	24.6209523809524
A_PA	1703	2644	A	35	0	2608	24.3753834355828
A_PA	1704	2640	C	38	0	2587	20.8766911480479
A_PA	1705	2633	G	46	0	2534	18.353591160221
A_PA	1706	2648	G	31	0	2609	17.8098888463013
A_PA	1707	2627	A	52	0	2586	18.1415313225058
A_PA	1708	2653	A	26	0	2619	19.7197403589156
A_PA	1709	2655	C	24	0	2632	22.4433890577508
A_PA	1710	2655	A	24	0	2630	23.1125475285171
A_PA	1711	2657	T	25	0	2646	23.791761148904
A_PA	1712	2643	C	39	0	2633	24.107102164831
A_PA	1713	2392	A	291	0	2358	22.3015267175573
A_PA	1714	2655	A	29	0	2631	22.1980235651843
A_PA	1715	2667	A	17	0	2639	23.2114437286851
A_PA	1716	2669	A	15	0	2641	24.6126467247255
A_PA	1717	2668	G	15	0	2631	24.6826301786393
A_PA	1718	2666	T	16	0	2644	22.3195915279879
A_PA	1719	2658	C	24	0	2641	22.7493373722075
A_PA	1720	2496	A	186	0	2467	21.738954195379
A_PA	1721	2662	A	22	0	2651	23.4168238400604
A_PA	1722	2674	A	19	0	2659	26.1124482888304
A_PA	1723	2664	A	28	0	2642	28.9193792581378
A_PA	1724	2860	T	37	0	2843	26.9887442842068
A_PA	1725	2873	G	30	0	2839	24.983444874956
A_PA	1726	2875	A	30	0	2849	24.0944190944191
A_PA	1727	2887	A	20	0	2859	23.637635536901
A_PA	1728	2884	A	23	0	2861	26.9377839916113
A_PA	1729	2876	T	32	0	2855	26.0732049036778
A_PA	1730	2572	G	338	0	2533	25.5140150019739
A_PA	1731	2864	G	45	0	2828	23.1796322489392
A_PA	1732	2883	G	24	0	2838	22.2956307258633
A_PA	1733	2888	G	19	0	2852	22.3390603085554
A_PA	1734	2883	A	25	0	2864	23.2877094972067
A_PA	1735	2885	A	23	0	2862	23.1160027952481
A_PA	1736	2885	T	25	0	2871	23.2169975618251
A_PA	1737	2828	G	83	0	2811	24.4742084667378
A_PA	1738	2870	G	41	0	2856	24.0164565826331
A_PA	1739	2859	A	45	0	2839	23.2162733356816
A_PA	1740	2850	G	54	0	2832	22.0455508474576
A_PA	1741	2860	A	41	0	2832	22.2524717514124
A_PA	1742	2860	T	41	0	2830	22.8197879858657
A_PA	1743	2862	G	39	0	2838	22.8424947145877
A_PA	1744	2849	A	52	0	2786	23.7447954055994
A_PA	1745	2869	G	32	0	2839	22.7210285311729
A_PA	1746	2876	A	25	0	2817	23.4671636492723
A_PA	1747	2868	C	33	0	2817	21.2839900603479
A_PA	1748	2866	G	35	0	2759	19.9496194273287
A_PA	1749	2865	T	36	0	2781	20.1488673139159
A_PA	1750	2879	T	24	0	2866	20.1186322400558
A_PA	1751	2869	G	34	0	2826	19.985491861288
A_PA	1752	2843	C	60	0	2817	22.6524671636493
A_PA	1753	2854	C	49	0	2834	21.2219477769936
A_PA	1754	2839	T	64	0	2817	20.4174653887114
A_PA	1755	2834	C	69	0	2809	21.1744393022428
A_PA	1756	2869	C	33	0	2831	20.7827622748146
A_PA	1757	2856	T	44	0	2820	19.2783687943262
A_PA	1758	2874	T	26	0	2823	21.6656039674106
A_PA	1759	2874	C	27	0	2825	22.7812389380531
A_PA	1760	2861	A	39	0	2795	18.4826475849732
A_PA	1761	2856	G	43	0	2692	18.2403417533432
A_PA	1762	2869	T	30	0	2842	19.1414496833216
A_PA	1763	2835	C	64	0	2807	20.0377627360171
A_PA	1764	2665	A	234	0	2609	19.2338060559601
A_PA	1765	2878	C	21	0	2866	18.9228890439637
A_PA	1766	2862	T	38	0	2847	19.5005268703899
A_PA	1767	2515	C	385	0	2494	22.3636728147554
A_PA	1768	2865	C	35	0	2831	19.8993288590604
A_PA	1769	2864	A	36	0	2847	18.7435897435897
A_PA	1770	2856	G	44	0	2726	19.1386647101981
A_PA	1771	2878	C	23	0	2856	21.5749299719888
A_PA	1772	2879	A	23	0	2864	21.9123603351955
A_PA	1773	2878	G	25	0	2868	22.1307531380753
A_PA	1774	2880	A	24	0	2859	25.9031129765652
A_PA	1775	2885	T	19	0	2858	27.9776067179846
A_PA	1776	2879	C	24	0	2831	28.2370187212999
A_PA	1777	2521	G	379	0	2434	26.2255546425637
A_PA	1778	2650	A	250	0	2613	24.8117106773823
A_PA	1779	2849	G	50	0	2816	23.7769886363636
A_PA	1780	2783	A	125	0	2740	24.3459854014599
A_PA	1781	2891	G	18	0	2852	29.859747545582
A_PA	1782	2891	C	18	0	2839	19.7537865445579
A_PA	1783	2887	A	28	0	2866	20.4745289602233
A_PA	1784	2878	T	37	0	2841	23.1819781766983
A_PA	1785	2884	G	32	0	2863	24.4641983932937
A_PA	1786	2896	A	20	0	2847	25.1250439058658
A_PA	1787	2893	T	23	0	2872	24.8300835654596
A_PA	1788	2899	T	18	0	2886	25.017325017325
A_PA	1789	2874	G	44	0	2843	23.7544846992613
A_PA	1790	2868	A	53	0	2839	23.4945403311025
A_PA	1791	2867	A	54	0	2825	22.7253097345133
A_PA	1792	2863	G	58	0	2796	22.0371959942775
A_PA	1793	2816	C	106	0	2759	21.614715476622
A_PA	1794	2860	C	61	0	2736	19.7119883040936
A_PA	1795	2853	G	68	0	2772	17.5663780663781
A_PA	1796	2883	A	39	0	2830	17.4805653710247
A_PA	1797	2901	G	21	0	2875	17.696347826087
A_PA	1798	2908	T	14	0	2889	19.0792661820699
A_PA	1799	2864	C	57	0	2842	20.8497536945813
A_PA	1800	2906	C	15	0	2888	20.8195983379501
A_PA	1801	2899	T	21	0	2868	20.9253835425384
A_PA	1802	2901	C	19	0	2883	21.6101283385362
A_PA	1803	2891	A	29	0	2849	20.9020709020709
A_PA	1804	2896	G	24	0	2879	21.1104550191039
A_PA	1805	2893	T	29	0	2871	22.8648554510623
A_PA	1806	2894	T	26	0	2866	23.4508025122121
A_PA	1807	2790	A	135	0	2762	24.5963070238957
A_PA	1808	2837	A	88	0	2812	24.4445234708393
A_PA	1809	2299	A	632	0	2283	20.6780551905388
A_PA	1810	2192	G	741	0	2165	22.2605080831409
A_PA	1811	2804	A	131	0	2771	22.1028509563335
A_PA	1812	2818	G	117	0	2802	44.8244111349036
A_PA	1813	2875	A	60	0	2828	51.1152758132956
A_PA	1814	2850	G	85	0	2838	57.1205073995772
A_PA	1815	2869	A	66	0	2830	59.5480565371025
A_PA	1816	2869	G	65	0	2832	58.9756355932203
A_PA	1817	2885	A	48	0	2825	50.0562831858407
A_PA	1818	2901	C	32	0	2867	20.7610742936868
A_PA	1819	2889	A	45	0	2839	20.885170834801
A_PA	1820	2900	T	44	0	2863	21.8012574222843
A_PA	1821	2913	G	31	0	2881	22.1516834432489
A_PA	1822	2906	A	38	0	2871	22.8634622082898
A_PA	1823	2850	C	94	0	2812	23.4662162162162
A_PA	1824	2888	C	60	0	2842	21.6548205489092
A_PA	1825	2720	A	232	0	2697	21.5847237671487
A_PA	1826	2912	A	42	0	2890	22.2871972318339
A_PA	1827	2884	A	69	0	2841	18.8321013727561
A_PA	1828	2858	G	94	0	2816	20.2457386363636
A_PA	1829	2864	A	88	0	2828	21.007072135785
A_PA	1830	2873	G	79	0	2844	24.9732770745429
A_PA	1831	1651	T	1300	0	1520	20.4184210526316
A_PA	1832	2729	T	222	0	2689	20.6671625139457
A_PA	1833	2917	T	35	0	2902	22.4593383873191
A_PA	1834	2935	T	18	0	2920	25.977397260274
A_PA	1835	2932	T	22	0	2910	28.7147766323024
A_PA	1836	2921	T	33	0	2870	26.3219512195122
A_PA	1837	2918	G	36	0	2899	24.2331838565022
A_PA	1838	2927	A	27	0	2905	23.9373493975904
A_PA	1839	2926	G	33	0	2904	22.4559228650138
A_PA	1840	2928	A	31	0	2894	21.3835521769178
A_PA	1841	2934	A	25	0	2882	21.94240111034
A_PA	1842	2958	T	27	0	2914	22.9505833905285
A_PA	1843	2942	A	42	0	2910	24.2360824742268
A_PA	1844	2964	A	20	0	2948	24.8076662143826
A_PA	1845	2957	A	27	0	2931	25.0238826339133
A_PA	1846	2954	T	29	0	2934	26.7116564417178
A_PA	1847	2953	C	30	0	2936	26.1607629427793
A_PA	1848	2868	A	113	0	2826	23.7455767869781
A_PA	1849	2890	G	91	0	2859	21.069604756908
A_PA	1850	2935	A	46	0	2906	21.5488644184446
A_PA	1851	2967	A	17	0	2921	22.9828825744608
A_PA	1852	2972	G	12	0	2890	23.1968858131488
A_PA	1853	2959	C	23	0	2916	23.0442386831276
A_PA	1854	2958	A	24	0	2922	23.2799452429843
A_PA	1855	2952	T	31	0	2924	22.5112859097127
A_PA	1856	2932	G	51	0	2888	22.5100415512465
A_PA	1857	2943	G	39	0	2912	21.6761675824176
A_PA	1858	2861	C	121	0	2829	21.7843761046306
A_PA	1859	2952	C	29	0	2896	21.4851519337017
A_PA	1860	2939	C	40	0	2883	20.4987859868193
A_PA	1861	2918	A	60	0	2874	20.0835073068894
A_PA	1862	2922	T	56	0	2842	21.0531315974666
A_PA	1863	2926	T	54	0	2889	21.9792315680166
A_PA	1864	2706	G	272	0	2618	19.2639419404125
A_PA	1865	2890	G	88	0	2829	18.2955107811948
A_PA	1866	2930	G	48	0	2849	18.1937521937522
A_PA	1867	2950	G	27	0	2894	19.7035245335176
A_PA	1868	2946	A	31	0	2904	20.9452479338843
A_PA	1869	2946	A	30	0	2900	21.1386206896552
A_PA	1870	2938	T	38	0	2908	20.9088720770289
A_PA	1871	2055	C	920	0	2017	22.1606346058503
A_PA	1872	2700	C	275	0	2687	22.1287681429103
A_PA	1873	2928	C	47	0	2907	22.3670450636395
A_PA	1874	2922	C	53	0	2879	22.4397360194512
A_PA	1875	2871	C	103	0	2759	20.0695904313157
A_PA	1876	2821	A	152	0	2799	19.0646659521258
A_PA	1877	2915	A	58	0	2884	19.624133148405
A_PA	1878	2873	A	99	0	2820	18.2531914893617
A_PA	1879	2855	G	117	0	2823	21.4580233793836
A_PA	1880	2851	G	122	0	2787	19.1223537854324
A_PA	1881	2840	A	134	0	2776	16.3858069164265
A_PA	1882	2921	G	53	0	2886	16.7678447678448
A_PA	1883	2897	T	77	0	2857	16.347217360868
A_PA	1884	2914	G	60	0	2887	17.72462764115
A_PA	1885	2932	G	44	0	2920	21.4287671232877
A_PA	1886	2925	A	51	0	2907	21.2930856553148
A_PA	1887	2924	A	51	0	2896	22.6733425414365
A_PA	1888	2946	G	29	0	2921	18.8904484765491
A_PA	1889	2926	A	49	0	2890	21.5792387543253
A_PA	1890	2946	A	29	0	2923	20.0390010263428
A_PA	1891	2932	G	43	0	2872	17.4181754874652
A_PA	1892	2965	G	10	0	2924	20.0010259917921
A_PA	1893	2959	T	15	0	2930	19.8754266211604
A_PA	1894	2962	T	12	0	2940	20.6993197278912
A_PA	1895	2899	C	75	0	2863	23.9434159972057
A_PA	1896	2957	C	17	0	2923	22.3626411221348
A_PA	1897	2949	A	22	0	2917	21.576962632842
A_PA	1898	2942	T	29	0	2895	21.8044905008636
A_PA	1899	2946	T	25	0	2931	24.0556124189696
A_PA	1900	2860	G	107	0	2777	22.5938062657544
A_PA	1901	2926	G	40	0	2900	21.9134482758621
A_PA	1902	2932	G	33	0	2896	21.3283839779006
A_PA	1903	2915	A	50	0	2882	22.3056904927134
A_PA	1904	2936	A	29	0	2905	23.4919104991394
A_PA	1905	2936	A	29	0	2888	23.8036703601108
A_PA	1906	2926	G	39	0	2872	25.4474233983287
A_PA	1907	2927	T	38	0	2904	22.7062672176309
A_PA	1908	2926	C	39	0	2911	22.5142562693233
A_PA	1909	2914	T	51	0	2882	21.9319916724497
A_PA	1910	2908	G	57	0	2870	22.8466898954704
A_PA	1911	2894	T	71	0	2812	22.9754623044097
A_PA	1912	2871	A	93	0	2716	20.2382179675994
A_PA	1913	2919	G	45	0	2870	19.4285714285714
A_PA	1914	2949	G	16	0	2904	19.5981404958678
A_PA	1915	2944	A	21	0	2900	20.2937931034483
A_PA	1916	2931	C	34	0	2911	22.5884575747166
A_PA	1917	2926	T	39	0	2911	23.8210237031948
A_PA	1918	2927	C	38	0	2909	24.1354417325541
A_PA	1919	2865	T	100	0	2835	23.6003527336861
A_PA	1920	2913	A	53	0	2836	21.9806064880113
A_PA	1921	2923	T	42	0	2856	22.2612044817927
A_PA	1922	2923	T	41	0	2902	22.8476912474156
A_PA	1923	2897	G	66	0	2787	21.5880875493362
A_PA	1924	2922	G	41	0	2876	21.2058414464534
A_PA	1925	2921	C	41	0	2874	21.6374391092554
A_PA	1926	2924	T	40	0	2864	21.1421089385475
A_PA	1927	2903	A	60	0	2866	22.3063503140265
A_PA	1928	2931	A	32	0	2880	21.3083333333333
A_PA	1929	2927	G	35	0	2774	21.0176640230714
A_PA	1930	2935	T	27	0	2900	21.2634482758621
A_PA	1931	2931	C	32	0	2910	21.4512027491409
A_PA	1932	2941	A	34	0	2857	19.0703535176759
A_PA	1933	2942	G	33	0	2903	19.2834998277644
A_PA	1934	2945	T	32	0	2923	20.1676359904208
A_PA	1935	2954	A	24	0	2901	20.5773871078938
A_PA	1936	2949	T	28	0	2922	22.5287474332649
A_PA	1937	2947	T	31	0	2923	24.8771809784468
A_PA	1938	2924	C	54	0	2901	26.1806273698725
A_PA	1939	2908	A	70	0	2887	25.3737443713197
A_PA	1940	2938	A	40	0	2861	23.5774204823488
A_PA	1941	2936	T	41	0	2848	23.2240168539326
A_PA	1942	2969	A	21	0	2893	21.6107846526097
A_PA	1943	2960	G	29	0	2912	19.7888049450549
A_PA	1944	2926	C	63	0	2890	20.1162629757785
A_PA	1945	2963	C	26	0	2912	20.2561813186813
A_PA	1946	3010	T	108	0	2952	21.309620596206
A_PA	1947	3028	A	103	0	2991	23.0645269140756
A_PA	1948	3098	T	33	0	3072	24.2158203125
A_PA	1949	3105	A	30	0	3030	27.8917491749175
A_PA	1950	3108	T	30	0	3063	28.9846555664381
A_PA	1951	3101	G	39	0	3024	22.8045634920635
A_PA	1952	3110	C	32	0	3084	22.4588197146563
A_PA	1953	3117	A	31	0	3094	22.6170006464124
A_PA	1954	3124	T	24	0	3106	22.8013522215068
A_PA	1955	3070	C	78	0	3054	24.8932547478716
A_PA	1956	3078	A	69	0	3027	22.4535844070036
A_PA	1957	3081	C	67	0	3055	21.6271685761047
A_PA	1958	3095	C	57	0	3032	21.2325197889182
A_PA	1959	3087	A	68	0	3051	20.6004588659456
A_PA	1960	3123	C	32	0	3081	20.8763388510224
A_PA	1961	3088	A	67	0	3056	22.5035994764398
A_PA	1962	3119	A	36	0	3072	22.9274088541667
A_PA	1963	3118	T	37	0	3046	23.1556139198949
A_PA	1964	3135	T	20	0	3117	23.330125120308
A_PA	1965	3057	G	98	0	3030	21.780198019802
A_PA	1966	3122	G	32	0	3092	20.9453428201811
A_PA	1967	3101	A	53	0	3078	21.5100714749838
A_PA	1968	3141	A	13	0	3103	23.0921688688366
A_PA	1969	3122	G	32	0	3082	23.309863724854
A_PA	1970	3140	G	14	0	3109	21.5644901897716
A_PA	1971	3118	A	36	0	3081	20.7588445309964
A_PA	1972	3074	T	80	0	3054	21.0779305828422
A_PA	1973	3144	T	9	0	3129	22.3640140620006
A_PA	1974	3139	T	12	0	3123	23.5190521934038
A_PA	1975	3134	T	17	0	3099	26.6030977734753
A_PA	1976	3115	C	34	0	3096	26.2713178294574
A_PA	1977	3111	A	36	0	3054	22.0140798952194
A_PA	1978	3111	G	36	0	3045	19.5238095238095
A_PA	1979	3122	C	24	0	3067	20.3498532768177
A_PA	1980	3093	A	53	0	3053	20.0072060268588
A_PA	1981	3047	G	99	0	3017	18.9801126947299
A_PA	1982	3114	A	31	0	3095	18.9373182552504
A_PA	1983	3126	G	20	0	3098	19.947708198838
A_PA	1984	3131	T	15	0	3098	20.0216268560362
A_PA	1985	3119	C	28	0	3099	21.9670861568248
A_PA	1986	2809	A	337	0	2776	21.3004322766571
A_PA	1987	2939	A	206	0	2890	18.9242214532872
A_PA	1988	2956	G	188	0	2913	15.6951596292482
A_PA	1989	2971	A	173	0	2939	19.5916978564137
A_PA	1990	3099	A	45	0	3078	19.8216374269006
A_PA	1991	3101	A	37	0	3080	20.7633116883117
A_PA	1992	3111	A	27	0	2974	21.8917283120377
A_PA	1993	3115	C	23	0	3082	20.9156391953277
A_PA	1994	3107	T	35	0	3070	20.8371335504886
A_PA	1995	3115	G	27	0	3055	20.0085106382979
A_PA	1996	3058	C	84	0	2984	20.156836461126
A_PA	1997	3102	T	40	0	3077	20.9818004549886
A_PA	1998	3043	C	99	0	3005	21.0798668885191
A_PA	1999	3081	C	60	0	2996	20.1375166889186
A_PA	2000	3034	T	107	0	2898	19.2770876466529
A_PA	2001	3082	T	58	0	3015	21.4116086235489
A_PA	2002	3072	A	66	0	3036	21.2341897233202
A_PA	2003	3115	T	23	0	3064	21.9050261096606
A_PA	2004	3123	T	15	0	3098	23.7543576500968
A_PA	2005	3117	G	21	0	3080	23.4207792207792
A_PA	2006	3123	T	14	0	3084	23.6728274967575
A_PA	2007	3125	T	11	0	3097	24.9618986115596
A_PA	2008	3117	C	19	0	3083	23.7758676613688
A_PA	2009	3113	A	22	0	3047	21.0259271414506
A_PA	2010	3099	G	35	0	3043	19.8107131120605
A_PA	2011	3122	G	12	0	3072	20.34375
A_PA	2012	3097	C	35	0	3080	20.4435064935065
A_PA	2013	3077	T	55	0	3050	21.2603278688525
A_PA	2014	3103	C	27	0	3080	24.2243506493507
A_PA	2015	3046	T	83	0	2998	24.8725817211474
A_PA	2016	3087	T	42	0	3042	25.0621301775148
A_PA	2017	3041	A	88	0	2888	21.4840720221607
A_PA	2018	2964	G	165	0	2869	19.205298013245
A_PA	2019	3107	G	22	0	3073	18.6739342661894
A_PA	2020	3116	G	12	0	3100	20.9151612903226
A_PA	2021	3103	A	25	0	3073	21.7640741945981
A_PA	2022	3115	C	12	0	3065	22.7944535073409
A_PA	2023	3093	A	34	0	3077	23.2281442963926
A_PA	2024	3119	A	8	0	3104	24.2490335051546
A_PA	2025	3113	A	12	0	3033	23.7969007583251
A_PA	2026	3092	C	33	0	3082	23.6817001946788
A_PA	2027	3090	T	35	0	3045	23.2935960591133
A_PA	2028	3054	C	71	0	2999	20.5805268422808
A_PA	2029	3102	G	23	0	2945	17.2339558573854
A_PA	2030	3110	A	15	0	2970	16.9525252525253
A_PA	2031	3115	A	10	0	3074	17.3571893298634
A_PA	2032	3088	C	37	0	3072	18.5608723958333
A_PA	2033	3100	C	24	0	3054	20.7046496398166
A_PA	2034	3089	T	35	0	3034	22.3124588002637
A_PA	2035	3047	G	76	0	2950	22.9613559322034
A_PA	2036	3097	G	26	0	3086	22.2955281918341
A_PA	2037	3116	G	6	0	3107	21.7132281943997
A_PA	2038	3114	A	8	0	3099	22.8009035172636
A_PA	2039	3113	C	9	0	3096	23.7874677002584
A_PA	2040	2970	T	152	0	2951	24.9803456455439
A_PA	2041	3104	T	18	0	3090	26.6770226537217
A_PA	2042	3108	T	13	0	3091	28.4574571336137
A_PA	2043	3103	T	18	0	3076	28.0598179453836
A_PA	2044	3102	G	19	0	3078	26.2361923326836
A_PA	2045	3101	A	19	0	3069	25.0348647768003
A_PA	2046	3096	T	24	0	3083	24.596821277976
A_PA	2047	3101	C	19	0	3087	25.0310981535471
A_PA	2048	3077	T	43	0	3060	25.3656862745098
A_PA	2049	3068	T	53	0	3055	26.4576104746317
A_PA	2050	2511	G	610	0	2463	23.9695493300853
A_PA	2051	3009	G	111	0	2948	21.0881953867028
A_PA	2052	3097	G	22	0	3034	19.7485168094924
A_PA	2053	3106	G	12	0	3056	20.886780104712
A_PA	2054	3102	G	15	0	2927	21.6586949094636
A_PA	2055	3062	G	55	0	3013	19.742449385994
A_PA	2056	3059	C	57	0	3012	18.5517928286853
A_PA	2057	2884	T	232	0	2840	18.7144366197183
A_PA	2058	2923	A	192	0	2853	21.6947073256222
A_PA	2059	3093	T	21	0	3056	22.6861910994764
A_PA	2060	3069	A	44	0	3011	20.3351046164065
A_PA	2061	3063	T	50	0	2995	20.9495826377295
A_PA	2062	3059	G	52	0	3021	19.277391592188
A_PA	2063	3047	A	64	0	3017	20.0354656943984
A_PA	2064	3080	A	31	0	3023	20.3384055573933
A_PA	2065	3081	G	30	0	2991	20.9682380474758
A_PA	2066	3082	C	28	0	3037	19.9045110306223
A_PA	2067	3050	A	61	0	3012	20.4754316069057
A_PA	2068	3090	A	21	0	3006	20.0326014637392
A_PA	2069	3075	T	35	0	2973	21.7117389841911
A_PA	2070	3091	T	18	0	3062	22.6051600261267
A_PA	2071	3060	G	49	0	3038	21.3903884134299
A_PA	2072	3048	A	60	0	2986	21.1644340254521
A_PA	2073	2943	G	164	0	2919	20.861596437136
A_PA	2074	2958	G	147	0	2869	19.0766817706518
A_PA	2075	2929	A	175	0	2876	15.9381084840056
A_PA	2076	3071	G	33	0	3020	17.8490066225166
A_PA	2077	3044	T	60	0	3023	17.9586503473371
A_PA	2078	3038	G	65	0	2960	19.4368243243243
A_PA	2079	3011	C	91	0	2972	22.2510094212651
A_PA	2080	3074	C	28	0	3041	22.009865175929
A_PA	2081	3064	T	38	0	3012	20.6235059760956
A_PA	2082	3079	G	20	0	3045	22.352380952381
A_PA	2083	3074	A	25	0	3045	23.8522167487685
A_PA	2084	3073	T	26	0	3059	24.9607714939523
A_PA	2085	3065	T	31	0	3046	25.8739330269206
A_PA	2086	3068	A	28	0	3025	25.3659504132231
A_PA	2087	3079	A	15	0	3004	24.7390146471372
A_PA	2088	3068	T	26	0	3007	23.8543398736282
A_PA	2089	3068	G	25	0	3019	22.5544882411394
A_PA	2090	3082	A	11	0	3041	22.3880302532062
A_PA	2091	3083	T	9	0	3059	22.3530565544296
A_PA	2092	2762	C	329	0	2747	22.2457226064798
A_PA	2093	3044	C	47	0	3024	21.5714285714286
A_PA	2094	3047	C	43	0	2988	18.2801204819277
A_PA	2095	3027	T	59	0	2951	18.4628939342596
A_PA	2096	2938	G	147	0	2767	20.5066859414528
A_PA	2097	3003	G	82	0	2928	21.0959699453552
A_PA	2098	3036	G	47	0	2978	21.1823371390195
A_PA	2099	2717	T	366	0	2672	22.563248502994
A_PA	2100	3054	T	29	0	3033	25.1394658753709
A_PA	2101	3066	T	16	0	3048	26.5508530183727
A_PA	2102	3057	T	23	0	3014	27.2249502322495
A_PA	2103	3039	G	41	0	2927	26.3477963785446
A_PA	2104	3042	C	36	0	2996	23.7957276368491
A_PA	2105	3048	T	30	0	2997	22.9389389389389
A_PA	2106	3059	C	18	0	3013	23.4354463989379
A_PA	2107	3053	A	24	0	3030	22.7392739273927
A_PA	2108	3046	A	30	0	2990	21.9688963210702
A_PA	2109	3035	T	40	0	3008	23.0392287234043
A_PA	2110	3032	G	42	0	2949	22.7843336724313
A_PA	2111	3032	C	42	0	2986	20.4611520428667
A_PA	2112	3047	G	27	0	3003	19.2703962703963
A_PA	2113	3053	T	21	0	3024	18.9338624338624
A_PA	2114	3058	C	14	0	3035	19.9107084019769
A_PA	2115	3041	T	31	0	3014	21.3692767086928
A_PA	2116	3055	T	14	0	3031	24.5945232596503
A_PA	2117	3029	G	39	0	2993	23.7484129635817
A_PA	2118	3061	G	7	0	3034	23.2290705339486
A_PA	2119	3053	T	13	0	3024	22.7989417989418
A_PA	2120	3059	T	7	0	3023	23.4799867681111
A_PA	2121	3044	C	21	0	3018	23.8508946322068
A_PA	2122	3028	A	37	0	3001	22.5771409530157
A_PA	2123	3047	A	16	0	2966	20.7747808496291
A_PA	2124	3026	C	36	0	2998	21.1651100733823
A_PA	2125	3027	T	35	0	2992	21.2159090909091
A_PA	2126	2966	C	96	0	2940	21.0874149659864
A_PA	2127	3032	C	29	0	2996	21.1084779706275
A_PA	2128	3026	T	32	0	3011	19.7137163732979
A_PA	2129	3042	T	15	0	3013	21.9498838367076
A_PA	2130	2936	C	119	0	2892	24.6825726141079
A_PA	2131	3020	C	29	0	2999	22.5301767255752
A_PA	2132	3011	T	35	0	2938	20.5891763104152
A_PA	2133	3020	G	25	0	2973	22.4335687857383
A_PA	2134	2894	A	151	0	2860	24.2433566433566
A_PA	2135	2911	C	132	0	2867	24.0645273805371
A_PA	2136	3027	A	13	0	2993	23.9181423321083
A_PA	2137	3018	C	19	0	2996	31.4158878504673
A_PA	2138	3015	A	22	0	2985	31.1862646566164
A_PA	2139	3009	T	27	0	2994	24.1646626586506
A_PA	2140	2990	G	44	0	2937	23.4899557371467
A_PA	2141	2991	C	42	0	2972	22.9848586810229
A_PA	2142	3004	A	29	0	2981	22.3794028849379
A_PA	2143	3014	C	16	0	2997	21.6122789456123
A_PA	2144	3022	T	8	0	2989	22.3542990966879
A_PA	2145	3018	A	3	0	2991	23.349715814109
A_PA	2146	3013	A	0	0	3004	24.8721704394141
A_PA	2147	3009	A	0	0	3003	27.3493173493173
A_PA	2148	2946	A	0	0	2937	33.3323118828737
A_PA	2149	2877	T	0	0	2865	28.7287958115183
A_PA	2150	2820	A	0	0	2820	25.2734042553192
A_PA	2151	2754	G	0	0	2754	24.2668845315904
