Reference_Name	Position	Coverage Depth	Consensus	Deletions	Ambiguous	Consensus_Count	Consensus_Average_Quality
A_PB1	1	278	A	0	0	278	25.2374100719424
A_PB1	2	278	T	0	0	278	26.1870503597122
A_PB1	3	282	G	0	0	280	24.7892857142857
A_PB1	4	284	G	0	0	281	23.8576512455516
A_PB1	5	283	A	1	0	283	23.9752650176678
A_PB1	6	282	T	2	0	281	24.5480427046263
A_PB1	7	282	G	2	0	278	23.910071942446
A_PB1	8	285	T	0	0	284	24.7957746478873
A_PB1	9	285	C	0	0	282	24.436170212766
A_PB1	10	286	A	0	0	284	22.6338028169014
A_PB1	11	285	A	1	0	283	23.1978798586572
A_PB1	12	272	T	14	0	270	24.2296296296296
A_PB1	13	279	C	7	0	279	25.089605734767
A_PB1	14	284	C	2	0	260	20.5269230769231
A_PB1	15	282	G	4	0	269	17.2118959107807
A_PB1	16	283	A	3	0	275	17.0109090909091
A_PB1	17	284	C	2	0	281	17.2491103202847
A_PB1	18	282	T	4	0	279	18.0465949820789
A_PB1	19	278	C	8	0	277	20.6028880866426
A_PB1	20	276	T	10	0	275	21.0145454545455
A_PB1	21	279	A	7	0	268	19.5970149253731
A_PB1	22	285	C	1	0	285	19.6491228070175
A_PB1	23	284	T	2	0	281	20.3701067615658
A_PB1	24	285	G	1	0	278	21.2985611510791
A_PB1	25	284	T	2	0	280	24.3071428571429
A_PB1	26	284	T	2	0	282	24.8262411347518
A_PB1	27	285	C	1	0	284	24.806338028169
A_PB1	28	279	T	7	0	279	25.9749103942652
A_PB1	29	283	T	3	0	280	25.875
A_PB1	30	267	A	19	0	264	26.4015151515152
A_PB1	31	280	A	6	0	280	25.9678571428571
A_PB1	32	285	A	1	0	282	24.3617021276596
A_PB1	33	285	A	1	0	284	25.7288732394366
A_PB1	34	283	G	3	0	281	25.8078291814947
A_PB1	35	283	T	3	0	282	24.258865248227
A_PB1	36	284	T	2	0	281	24.4555160142349
A_PB1	37	276	C	10	0	270	23.9777777777778
A_PB1	38	285	C	1	0	285	22.3438596491228
A_PB1	39	285	A	1	0	285	20.7614035087719
A_PB1	40	278	G	8	0	276	20.304347826087
A_PB1	41	279	C	7	0	277	19.3537906137184
A_PB1	42	285	G	1	0	281	17.2526690391459
A_PB1	43	284	C	2	0	284	16.9753521126761
A_PB1	44	271	A	15	0	270	17.8740740740741
A_PB1	45	285	A	1	0	284	19.9260563380282
A_PB1	46	285	A	1	0	282	24.7340425531915
A_PB1	47	282	A	4	0	280	29.8535714285714
A_PB1	48	280	T	6	0	279	28.2043010752688
A_PB1	49	282	G	4	0	279	24.8781362007168
A_PB1	50	281	C	5	0	279	23.7275985663082
A_PB1	51	281	C	5	0	278	23.0323741007194
A_PB1	52	280	A	6	0	273	21.9340659340659
A_PB1	53	282	T	4	0	274	22.0401459854015
A_PB1	54	280	A	6	0	275	22.5745454545455
A_PB1	55	279	A	7	0	277	20.956678700361
A_PB1	56	279	G	7	0	278	18.7122302158273
A_PB1	57	279	C	7	0	276	20.7826086956522
A_PB1	58	283	A	3	0	276	21.0797101449275
A_PB1	59	284	C	2	0	279	21.1290322580645
A_PB1	60	283	A	3	0	278	23.7158273381295
A_PB1	61	284	A	2	0	276	21.4891304347826
A_PB1	62	286	C	0	0	281	20.5373665480427
A_PB1	63	286	A	0	0	280	21.2285714285714
A_PB1	64	285	T	1	0	282	20.8333333333333
A_PB1	65	285	T	1	0	283	23.6325088339223
A_PB1	66	268	C	18	0	264	23.7689393939394
A_PB1	67	285	C	1	0	281	23.1601423487544
A_PB1	68	284	C	2	0	276	19.9492753623188
A_PB1	69	280	T	6	0	263	19.4752851711027
A_PB1	70	282	T	4	0	279	20.820788530466
A_PB1	71	283	A	3	0	280	21.0821428571429
A_PB1	72	285	T	2	0	283	21.3745583038869
A_PB1	73	284	A	4	0	280	23.3571428571429
A_PB1	74	285	C	3	0	282	22.354609929078
A_PB1	75	287	T	1	0	280	22.1928571428571
A_PB1	76	274	G	14	0	272	21.7867647058824
A_PB1	77	287	G	1	0	286	21.4475524475524
A_PB1	78	285	A	3	0	284	20.7183098591549
A_PB1	79	282	G	6	0	272	20.7977941176471
A_PB1	80	285	A	3	0	274	20.7518248175182
A_PB1	81	286	T	2	0	285	19.9684210526316
A_PB1	82	283	C	5	0	282	20.6347517730496
A_PB1	83	288	C	0	0	288	20.3055555555556
A_PB1	84	288	T	0	0	285	19.9157894736842
A_PB1	85	280	C	8	0	279	20.8781362007168
A_PB1	86	287	C	1	0	286	21.527972027972
A_PB1	87	284	A	4	0	279	21.7491039426523
A_PB1	88	284	T	4	0	277	21.3212996389892
A_PB1	89	284	A	4	0	276	20.4710144927536
A_PB1	90	285	C	3	0	282	19.936170212766
A_PB1	91	287	A	1	0	281	20.0569395017794
A_PB1	92	287	G	1	0	285	20.4771929824561
A_PB1	93	287	C	1	0	283	22.0282685512367
A_PB1	94	285	C	3	0	280	22.2892857142857
A_PB1	95	284	A	4	0	283	21.9681978798587
A_PB1	96	285	T	3	0	284	23.137323943662
A_PB1	97	285	G	3	0	281	24.0213523131673
A_PB1	98	288	G	0	0	286	22.7202797202797
A_PB1	99	287	A	1	0	284	24.1161971830986
A_PB1	100	288	A	0	0	285	25.5298245614035
A_PB1	101	288	C	0	0	287	24.6341463414634
A_PB1	102	286	A	2	0	285	23.9368421052632
A_PB1	103	272	G	16	0	269	23.275092936803
A_PB1	104	286	G	2	0	286	22.3741258741259
A_PB1	105	288	G	0	0	285	23.6982456140351
A_PB1	106	288	A	0	0	286	22.7062937062937
A_PB1	107	288	C	0	0	285	23.6070175438596
A_PB1	108	285	A	3	0	277	19.9891696750903
A_PB1	109	281	G	7	0	279	19.4516129032258
A_PB1	110	286	G	2	0	283	18.1731448763251
A_PB1	111	286	G	2	0	281	21.0604982206406
A_PB1	112	285	T	3	0	277	20.870036101083
A_PB1	113	286	A	2	0	278	20.6762589928058
A_PB1	114	287	C	1	0	285	21.9333333333333
A_PB1	115	284	A	4	0	280	22.6607142857143
A_PB1	116	284	C	4	0	279	23.6523297491039
A_PB1	117	280	T	8	0	268	22.6492537313433
A_PB1	118	283	A	5	0	276	24.6086956521739
A_PB1	119	288	T	0	0	285	22.1859649122807
A_PB1	120	286	G	2	0	280	21.6142857142857
A_PB1	121	288	G	0	0	288	21.8402777777778
A_PB1	122	287	A	1	0	283	23.0388692579505
A_PB1	123	285	C	3	0	280	23.9214285714286
A_PB1	124	285	A	3	0	281	23.4163701067616
A_PB1	125	286	C	2	0	282	42.241134751773
A_PB1	126	286	A	2	0	282	32.2836879432624
A_PB1	127	285	G	3	0	281	23.2384341637011
A_PB1	128	287	T	1	0	284	23.693661971831
A_PB1	129	288	C	0	0	287	25.0104529616725
A_PB1	130	285	A	3	0	283	24.9151943462898
A_PB1	131	286	A	2	0	278	25.3489208633094
A_PB1	132	287	C	1	0	283	26.8445229681979
A_PB1	133	286	A	2	0	283	26.9929328621908
A_PB1	134	285	G	3	0	282	25.5921985815603
A_PB1	135	288	A	0	0	284	24.7464788732394
A_PB1	136	280	A	8	0	275	23.5381818181818
A_PB1	137	278	C	10	0	275	22.9927272727273
A_PB1	138	287	A	1	0	285	22.259649122807
A_PB1	139	287	C	1	0	286	41.041958041958
A_PB1	140	282	A	6	0	281	57.5516014234875
A_PB1	141	284	C	4	0	278	28.9712230215827
A_PB1	142	287	C	1	0	285	21.4982456140351
A_PB1	143	287	A	1	0	286	21.9195804195804
A_PB1	144	287	A	1	0	285	22.1473684210526
A_PB1	145	285	T	3	0	280	23.5285714285714
A_PB1	146	288	A	0	0	280	22.225
A_PB1	147	285	C	3	0	284	21.3028169014085
A_PB1	148	282	T	6	0	281	21.4804270462633
A_PB1	149	288	C	0	0	286	21.8881118881119
A_PB1	150	248	A	40	0	248	19.8387096774194
A_PB1	151	247	G	41	0	245	19.3551020408163
A_PB1	152	277	A	11	0	277	21.7111913357401
A_PB1	153	260	G	28	0	260	43.2423076923077
A_PB1	154	266	A	22	0	266	50.7330827067669
A_PB1	155	244	G	44	0	243	53.3333333333333
A_PB1	156	245	A	43	0	242	50.3223140495868
A_PB1	157	218	G	70	0	216	31.4675925925926
A_PB1	158	271	G	17	0	269	19.7546468401487
A_PB1	159	280	G	8	0	279	16.426523297491
A_PB1	160	282	A	6	0	281	16.373665480427
A_PB1	161	288	A	0	0	287	17.808362369338
A_PB1	162	287	G	1	0	286	18.7097902097902
A_PB1	163	286	T	2	0	282	19.4609929078014
A_PB1	164	285	G	3	0	284	20.4084507042254
A_PB1	165	287	G	1	0	286	20.1118881118881
A_PB1	166	286	A	2	0	283	21.5547703180212
A_PB1	167	286	C	2	0	281	20.0996441281139
A_PB1	168	286	G	2	0	284	17.2781690140845
A_PB1	169	285	A	3	0	280	17.3535714285714
A_PB1	170	286	C	2	0	282	17.613475177305
A_PB1	171	280	A	8	0	280	18.9892857142857
A_PB1	172	280	A	8	0	279	24.2043010752688
A_PB1	173	283	A	5	0	280	25.3607142857143
A_PB1	174	283	T	5	0	277	26.8736462093863
A_PB1	175	284	A	4	0	276	22.6268115942029
A_PB1	176	285	C	3	0	284	21.4542253521127
A_PB1	177	282	A	6	0	279	20.3763440860215
A_PB1	178	285	G	3	0	285	19.6245614035088
A_PB1	179	285	A	3	0	284	20.362676056338
A_PB1	180	287	A	1	0	287	21.2857142857143
A_PB1	181	288	A	0	0	279	22.5304659498208
A_PB1	182	288	C	0	0	288	21.53125
A_PB1	183	284	T	4	0	278	21.1618705035971
A_PB1	184	274	G	14	0	267	21.0861423220974
A_PB1	185	283	G	5	0	276	19.6086956521739
A_PB1	186	284	G	4	0	279	17.8996415770609
A_PB1	187	285	G	3	0	283	18.4275618374558
A_PB1	188	284	C	4	0	283	18.1201413427562
A_PB1	189	283	T	5	0	281	19.3274021352313
A_PB1	190	223	C	65	0	221	21.9592760180995
A_PB1	191	279	C	9	0	277	22.0361010830325
A_PB1	192	285	C	3	0	277	22.4440433212996
A_PB1	193	286	C	2	0	275	21.1854545454545
A_PB1	194	286	A	2	0	284	20.2781690140845
A_PB1	195	286	G	2	0	279	19.0860215053763
A_PB1	196	282	C	6	0	278	19.8093525179856
A_PB1	197	284	T	4	0	279	20.6881720430108
A_PB1	198	285	C	3	0	285	20.7508771929825
A_PB1	199	280	A	8	0	279	19.9856630824373
A_PB1	200	284	A	4	0	261	17.2490421455939
A_PB1	201	278	C	10	0	269	17.2936802973978
A_PB1	202	286	C	2	0	278	17.0755395683453
A_PB1	203	287	C	1	0	278	16.9640287769784
A_PB1	204	281	A	7	0	278	21.2338129496403
A_PB1	205	285	A	3	0	281	21.0427046263345
A_PB1	206	281	T	7	0	276	21.1557971014493
A_PB1	207	283	T	5	0	282	22.8652482269504
A_PB1	208	283	G	5	0	279	22.8458781362007
A_PB1	209	287	A	1	0	278	23.568345323741
A_PB1	210	287	T	1	0	286	24.3146853146853
A_PB1	211	287	G	1	0	287	23.8780487804878
A_PB1	212	288	G	0	0	285	22.2175438596491
A_PB1	213	288	A	0	0	283	23.2862190812721
A_PB1	214	286	C	2	0	281	23.017793594306
A_PB1	215	287	C	1	0	282	21.2730496453901
A_PB1	216	286	A	2	0	284	21.8767605633803
A_PB1	217	285	C	3	0	283	21.6643109540636
A_PB1	218	284	T	4	0	282	21.8936170212766
A_PB1	219	283	A	5	0	281	22.982206405694
A_PB1	220	283	C	5	0	282	23.563829787234
A_PB1	221	286	C	2	0	283	22.9081272084806
A_PB1	222	283	T	5	0	269	22.542750929368
A_PB1	223	281	G	7	0	278	22.3381294964029
A_PB1	224	283	A	5	0	269	20.1895910780669
A_PB1	225	284	G	4	0	284	18.4647887323944
A_PB1	226	284	G	3	0	283	18.6819787985866
A_PB1	227	281	A	6	0	281	18.067615658363
A_PB1	228	281	T	6	0	279	21.989247311828
A_PB1	229	278	A	9	0	277	22.9638989169675
A_PB1	230	284	A	3	0	281	23.6548042704626
A_PB1	231	286	T	1	0	282	23.9716312056738
A_PB1	232	286	G	1	0	276	22.1449275362319
A_PB1	233	286	A	1	0	279	21.9498207885305
A_PB1	234	281	A	6	0	278	22.4280575539568
A_PB1	235	274	C	13	0	271	22.1734317343173
A_PB1	236	287	C	0	0	281	21.5444839857651
A_PB1	237	287	A	0	0	284	22.7359154929577
A_PB1	238	286	A	1	0	283	23.2579505300353
A_PB1	239	285	G	2	0	281	23.1423487544484
A_PB1	240	286	T	1	0	284	25.5985915492958
A_PB1	241	286	G	1	0	285	25.4280701754386
A_PB1	242	287	G	0	0	285	22.3929824561404
A_PB1	243	286	A	1	0	284	23.6760563380282
A_PB1	244	286	T	1	0	284	23.3556338028169
A_PB1	245	286	A	1	0	282	23.4397163120567
A_PB1	246	285	T	2	0	283	24.8904593639576
A_PB1	247	284	G	3	0	280	22.3892857142857
A_PB1	248	278	C	9	0	277	21.9061371841155
A_PB1	249	280	A	7	0	279	21.8602150537634
A_PB1	250	285	C	2	0	282	21.5709219858156
A_PB1	251	285	A	2	0	285	23.8526315789474
A_PB1	252	286	A	1	0	284	23.4260563380282
A_PB1	253	286	A	1	0	285	23.859649122807
A_PB1	254	286	C	1	0	285	23.8947368421053
A_PB1	255	286	A	1	0	284	22.6619718309859
A_PB1	256	287	G	0	0	287	21.7560975609756
A_PB1	257	286	A	1	0	282	22.8368794326241
A_PB1	258	287	T	0	0	282	23.3085106382979
A_PB1	259	275	T	12	0	271	23.5055350553506
A_PB1	260	274	G	13	0	271	23.450184501845
A_PB1	261	286	T	1	0	285	23.1824561403509
A_PB1	262	284	G	3	0	282	24.241134751773
A_PB1	263	285	T	2	0	284	24.3380281690141
A_PB1	264	274	C	13	0	273	23.6813186813187
A_PB1	265	286	C	1	0	283	22.2155477031802
A_PB1	266	283	T	4	0	278	21.8057553956835
A_PB1	267	279	G	8	0	278	23.5503597122302
A_PB1	268	284	G	3	0	282	24.8687943262411
A_PB1	269	283	A	4	0	280	23.3607142857143
A_PB1	270	281	G	6	0	272	22.7757352941176
A_PB1	271	282	G	5	0	279	21.3906810035842
A_PB1	272	283	C	4	0	280	20.2642857142857
A_PB1	273	283	T	4	0	279	20.4408602150538
A_PB1	274	284	A	3	0	276	21.5072463768116
A_PB1	275	285	T	2	0	281	21.576512455516
A_PB1	276	284	G	3	0	278	19.8741007194245
A_PB1	277	285	G	2	0	283	19.3462897526502
A_PB1	278	280	C	7	0	275	19.9636363636364
A_PB1	279	284	C	3	0	282	18.8262411347518
A_PB1	280	285	T	2	0	282	19.7304964539007
A_PB1	281	284	T	3	0	280	20.9428571428571
A_PB1	282	270	C	17	0	265	22.5169811320755
A_PB1	283	282	C	5	0	280	19.5714285714286
A_PB1	284	275	T	12	0	260	18.1153846153846
A_PB1	285	284	T	3	0	276	19.4202898550725
A_PB1	286	284	G	3	0	282	19.3829787234043
A_PB1	287	278	A	9	0	277	19.1805054151625
A_PB1	288	284	A	3	0	283	18.7067137809187
A_PB1	289	284	G	3	0	280	18.9535714285714
A_PB1	290	283	A	4	0	279	19.9605734767025
A_PB1	291	286	A	1	0	284	21.0070422535211
A_PB1	292	285	T	2	0	281	19.8754448398576
A_PB1	293	221	C	66	0	219	21.1278538812785
A_PB1	294	270	C	17	0	266	20.4661654135338
A_PB1	295	272	C	15	0	265	16.1358490566038
A_PB1	296	273	A	14	0	269	15.4237918215613
A_PB1	297	275	C	12	0	266	18.109022556391
A_PB1	298	281	C	6	0	269	18.1263940520446
A_PB1	299	284	C	3	0	281	17.3879003558719
A_PB1	300	284	A	3	0	276	17.2173913043478
A_PB1	301	286	G	1	0	283	18.416961130742
A_PB1	302	286	G	1	0	279	18.9426523297491
A_PB1	303	284	T	3	0	276	19.3260869565217
A_PB1	304	286	A	1	0	282	20.1808510638298
A_PB1	305	283	T	4	0	282	21.5886524822695
A_PB1	306	284	C	3	0	283	23.0141342756184
A_PB1	307	280	T	7	0	276	23.7427536231884
A_PB1	308	285	T	2	0	282	24.4929078014184
A_PB1	309	286	T	1	0	281	26.2989323843416
A_PB1	310	282	G	5	0	279	24.0286738351254
A_PB1	311	283	A	4	0	281	22.7366548042705
A_PB1	312	284	G	3	0	283	21.4240282685512
A_PB1	313	285	A	2	0	282	21.4078014184397
A_PB1	314	285	A	2	0	284	21.8415492957746
A_PB1	315	286	C	1	0	283	22.6148409893993
A_PB1	316	285	T	2	0	285	23.3859649122807
A_PB1	317	278	C	9	0	278	23.0647482014388
A_PB1	318	282	C	5	0	281	21.5658362989324
A_PB1	319	281	T	6	0	279	19.8243727598566
A_PB1	320	281	G	6	0	279	21.5412186379928
A_PB1	321	285	C	2	0	283	23.5017667844523
A_PB1	322	282	C	5	0	280	22.8285714285714
A_PB1	323	280	T	7	0	271	22.5387453874539
A_PB1	324	284	T	3	0	275	24.7054545454545
A_PB1	325	285	G	2	0	282	23.6276595744681
A_PB1	326	283	A	4	0	282	23.2765957446809
A_PB1	327	286	A	1	0	284	22.5774647887324
A_PB1	328	286	A	1	0	283	25.208480565371
A_PB1	329	285	C	2	0	283	23.7950530035336
A_PB1	330	286	A	1	0	286	23.7062937062937
A_PB1	331	285	A	2	0	284	23.4366197183099
A_PB1	332	284	T	3	0	284	23.6584507042254
A_PB1	333	284	G	3	0	284	23.7147887323944
A_PB1	334	283	G	4	0	282	20.6879432624113
A_PB1	335	285	A	2	0	282	19.4645390070922
A_PB1	336	285	A	2	0	285	21.0421052631579
A_PB1	337	287	G	0	0	283	20.3144876325088
A_PB1	338	287	C	0	0	283	20.2226148409894
A_PB1	339	286	C	1	0	280	18.5214285714286
A_PB1	340	286	G	1	0	276	15.4275362318841
A_PB1	341	286	T	1	0	285	15.6736842105263
A_PB1	342	286	T	1	0	286	15.8251748251748
A_PB1	343	287	C	0	0	287	16.9268292682927
A_PB1	344	286	A	1	0	283	24.3851590106007
A_PB1	345	285	A	2	0	277	23.3862815884477
A_PB1	346	286	C	1	0	284	22.7992957746479
A_PB1	347	284	A	3	0	277	21.3321299638989
A_PB1	348	285	G	2	0	281	19.8576512455516
A_PB1	349	285	A	2	0	281	20.288256227758
A_PB1	350	286	C	1	0	282	20.7021276595745
A_PB1	351	276	A	11	0	275	20.4836363636364
A_PB1	352	275	A	12	0	274	20.6569343065693
A_PB1	353	277	G	10	0	265	17.9358490566038
A_PB1	354	285	A	2	0	281	18.0569395017794
A_PB1	355	281	G	5	0	276	16.8297101449275
A_PB1	356	277	T	9	0	276	17.0833333333333
A_PB1	357	286	G	0	0	286	18.7937062937063
A_PB1	358	286	G	0	0	286	18.993006993007
A_PB1	359	284	A	2	0	281	20.8505338078292
A_PB1	360	285	C	1	0	281	21.2669039145907
A_PB1	361	278	A	8	0	275	21.7636363636364
A_PB1	362	284	A	2	0	282	24.1560283687943
A_PB1	363	283	A	3	0	278	24.2230215827338
A_PB1	364	278	C	8	0	277	24.2346570397112
A_PB1	365	281	T	5	0	265	22.6339622641509
A_PB1	366	281	A	5	0	278	22.6079136690647
A_PB1	367	277	A	9	0	274	23.1167883211679
A_PB1	368	277	C	9	0	271	23.5793357933579
A_PB1	369	282	C	4	0	269	22.5873605947955
A_PB1	370	283	C	3	0	272	20.2316176470588
A_PB1	371	283	A	3	0	279	20.6953405017921
A_PB1	372	283	A	3	0	279	21.2795698924731
A_PB1	373	283	G	3	0	275	19.6218181818182
A_PB1	374	285	G	1	0	274	21.6569343065693
A_PB1	375	284	T	2	0	279	20.3978494623656
A_PB1	376	282	C	4	0	274	20.4379562043796
A_PB1	377	282	G	4	0	272	18.5036764705882
A_PB1	378	285	C	1	0	274	18.5401459854015
A_PB1	379	286	C	0	0	273	18.7289377289377
A_PB1	380	285	A	1	0	280	18.7357142857143
A_PB1	381	281	G	5	0	280	20.1178571428571
A_PB1	382	286	A	0	0	282	20.9078014184397
A_PB1	383	285	C	1	0	284	21.8204225352113
A_PB1	384	283	T	3	0	278	21.8201438848921
A_PB1	385	283	T	3	0	278	23.6618705035971
A_PB1	386	285	A	1	0	282	23.5425531914894
A_PB1	387	282	T	4	0	274	23.7226277372263
A_PB1	388	285	G	1	0	281	22.6085409252669
A_PB1	389	283	A	3	0	276	22.9710144927536
A_PB1	390	285	T	1	0	285	22.1649122807018
A_PB1	391	285	T	1	0	285	21.9157894736842
A_PB1	392	281	G	5	0	276	20.3442028985507
A_PB1	393	286	G	0	0	278	19.3525179856115
A_PB1	394	286	A	0	0	283	19.5441696113074
A_PB1	395	286	C	0	0	284	19.7183098591549
A_PB1	396	285	A	1	0	284	20.7852112676056
A_PB1	397	280	T	6	0	276	23.7572463768116
A_PB1	398	285	T	1	0	280	23.8571428571429
A_PB1	399	286	A	0	0	285	23.6912280701754
A_PB1	400	284	A	1	0	284	23.9964788732394
A_PB1	401	283	A	2	0	279	22.7956989247312
A_PB1	402	283	C	2	0	281	22.3879003558719
A_PB1	403	280	A	5	0	277	18.9025270758123
A_PB1	404	277	G	8	0	273	17.970695970696
A_PB1	405	283	G	2	0	275	18.1309090909091
A_PB1	406	282	A	3	0	279	18.741935483871
A_PB1	407	282	A	3	0	280	22.3214285714286
A_PB1	408	282	C	3	0	279	22.15770609319
A_PB1	409	282	C	3	0	277	22.3032490974729
A_PB1	410	282	A	3	0	282	22.9148936170213
A_PB1	411	284	A	1	0	280	22.4821428571429
A_PB1	412	280	C	4	0	274	22.9525547445255
A_PB1	413	281	C	3	0	263	20.532319391635
A_PB1	414	279	G	5	0	261	16.8084291187739
A_PB1	415	276	G	8	0	271	16.2361623616236
A_PB1	416	279	C	5	0	272	15.9154411764706
A_PB1	417	278	A	6	0	274	16.6459854014599
A_PB1	418	284	G	0	0	277	18.1516245487365
A_PB1	419	282	C	2	0	279	18.5412186379928
A_PB1	420	281	A	3	0	281	18.7615658362989
A_PB1	421	281	A	3	0	278	18.7302158273381
A_PB1	422	283	C	1	0	282	21.709219858156
A_PB1	423	284	A	0	0	282	22.2021276595745
A_PB1	424	283	G	1	0	280	21.3178571428571
A_PB1	425	283	C	1	0	282	21.709219858156
A_PB1	426	283	A	1	0	278	22.3956834532374
A_PB1	427	283	T	1	0	280	22.7607142857143
A_PB1	428	283	T	1	0	281	23.2562277580071
A_PB1	429	280	A	4	0	275	21.4290909090909
A_PB1	430	281	G	3	0	276	19.304347826087
A_PB1	431	282	C	2	0	276	18.8949275362319
A_PB1	432	282	C	2	0	277	18.7689530685921
A_PB1	433	279	A	5	0	277	19.2707581227437
A_PB1	434	282	A	2	0	275	19.9745454545455
A_PB1	435	280	C	3	0	277	20.812274368231
A_PB1	436	280	A	3	0	278	20.931654676259
A_PB1	437	275	C	8	0	274	20.3029197080292
A_PB1	438	279	C	4	0	278	20.5467625899281
A_PB1	439	279	A	4	0	277	20.4620938628159
A_PB1	440	280	T	3	0	276	19.5398550724638
A_PB1	441	272	A	11	0	264	20.0795454545455
A_PB1	442	274	G	9	0	270	18.1259259259259
A_PB1	443	280	A	3	0	279	18.1827956989247
A_PB1	444	282	A	1	0	278	18.8525179856115
A_PB1	445	281	G	2	0	274	19.6204379562044
A_PB1	446	283	T	0	0	282	21.5177304964539
A_PB1	447	282	C	1	0	280	21.9857142857143
A_PB1	448	275	T	8	0	270	21.9037037037037
A_PB1	449	279	T	4	0	274	24.7810218978102
A_PB1	450	279	T	4	0	274	26.9124087591241
A_PB1	451	277	A	6	0	276	23.9166666666667
A_PB1	452	281	G	2	0	279	19.3118279569892
A_PB1	453	282	A	1	0	280	18.9821428571429
A_PB1	454	282	T	1	0	278	21.6258992805755
A_PB1	455	279	C	4	0	274	20.0656934306569
A_PB1	456	281	G	2	0	263	16.4904942965779
A_PB1	457	281	A	2	0	266	16.3308270676692
A_PB1	458	281	A	2	0	279	16.2724014336918
A_PB1	459	282	C	1	0	279	16.326164874552
A_PB1	460	281	G	2	0	273	16.4065934065934
A_PB1	461	283	G	0	0	279	16.8100358422939
A_PB1	462	278	A	5	0	275	17.4836363636364
A_PB1	463	281	T	2	0	279	19.3620071684588
A_PB1	464	281	T	2	0	278	20.3884892086331
A_PB1	465	279	A	4	0	278	22.3489208633094
A_PB1	466	281	A	2	0	279	23.3727598566308
A_PB1	467	280	C	3	0	277	23.0216606498195
A_PB1	468	280	A	3	0	277	22.8014440433213
A_PB1	469	278	G	5	0	271	20.1734317343173
A_PB1	470	279	C	4	0	274	19.985401459854
A_PB1	471	282	C	1	0	276	20.1847826086957
A_PB1	472	283	A	0	0	282	20.2659574468085
A_PB1	473	283	A	0	0	280	22.3321428571429
A_PB1	474	283	C	0	0	282	21.2021276595745
A_PB1	475	282	G	1	0	268	18.5410447761194
A_PB1	476	280	A	3	0	267	18.1498127340824
A_PB1	477	283	A	0	0	282	17.854609929078
A_PB1	478	283	T	0	0	282	18.386524822695
A_PB1	479	277	C	6	0	275	19.6872727272727
A_PB1	480	267	G	16	0	206	14.2766990291262
A_PB1	481	279	G	4	0	273	14.1648351648352
A_PB1	482	280	G	3	0	278	14.3381294964029
A_PB1	483	277	A	6	0	277	16.1371841155235
A_PB1	484	282	A	1	0	278	19.8129496402878
A_PB1	485	277	G	6	0	272	19.2830882352941
A_PB1	486	279	G	4	0	272	19.2683823529412
A_PB1	487	279	C	4	0	272	18.6397058823529
A_PB1	488	281	T	2	0	273	18.4835164835165
A_PB1	489	283	A	0	0	278	20.2230215827338
A_PB1	490	283	A	0	0	274	22.3503649635037
A_PB1	491	282	T	1	0	271	23.690036900369
A_PB1	492	279	A	4	0	270	23.5407407407407
A_PB1	493	283	G	0	0	280	20.8285714285714
A_PB1	494	282	A	1	0	282	21.3617021276596
A_PB1	495	280	T	3	0	274	22.8102189781022
A_PB1	496	283	T	0	0	282	22.9042553191489
A_PB1	497	277	T	6	0	273	24.5091575091575
A_PB1	498	259	C	24	0	255	27.1254901960784
A_PB1	499	274	C	9	0	272	21.9191176470588
A_PB1	500	278	T	5	0	274	20.7481751824818
A_PB1	501	281	C	2	0	279	21.494623655914
A_PB1	502	281	A	2	0	279	21.8458781362007
A_PB1	503	282	A	1	0	278	23.2589928057554
A_PB1	504	282	G	1	0	278	21.3093525179856
A_PB1	505	282	G	1	0	282	21.6170212765957
A_PB1	506	282	A	1	0	281	21.6797153024911
A_PB1	507	275	T	8	0	275	22.2509090909091
A_PB1	508	275	G	8	0	269	23.2304832713755
A_PB1	509	280	T	3	0	278	24.8165467625899
A_PB1	510	279	G	4	0	277	26.8086642599278
A_PB1	511	278	T	5	0	273	29.1758241758242
A_PB1	512	281	T	2	0	279	25.7992831541219
A_PB1	513	273	G	10	0	271	25.0110701107011
A_PB1	514	282	G	1	0	281	23.1957295373665
A_PB1	515	281	A	2	0	279	22.8637992831541
A_PB1	516	282	A	1	0	281	24.7544483985765
A_PB1	517	282	T	1	0	277	22.7978339350181
A_PB1	518	283	C	0	0	282	24.9645390070922
A_PB1	519	282	A	1	0	280	25.3571428571429
A_PB1	520	283	A	0	0	280	24.675
A_PB1	521	282	T	1	0	280	26.2035714285714
A_PB1	522	282	G	1	0	282	26.6382978723404
A_PB1	523	283	G	0	0	282	25.1560283687943
A_PB1	524	283	A	0	0	283	24.9929328621908
A_PB1	525	283	T	0	0	282	25.6808510638298
A_PB1	526	276	A	7	0	275	24.8036363636364
A_PB1	527	274	A	9	0	271	25.5645756457565
A_PB1	528	275	G	8	0	270	23.1222222222222
A_PB1	529	275	G	8	0	273	26.2454212454212
A_PB1	530	280	A	3	0	279	22.0035842293907
A_PB1	531	258	G	25	0	256	21.66796875
A_PB1	532	274	G	8	0	274	20.2919708029197
A_PB1	533	271	A	11	0	271	18.1512915129151
A_PB1	534	282	A	0	0	280	20.0857142857143
A_PB1	535	282	A	0	0	281	22.423487544484
A_PB1	536	282	T	0	0	281	23.5978647686833
A_PB1	537	280	G	2	0	280	24.9821428571429
A_PB1	538	281	G	1	0	281	25.1672597864769
A_PB1	539	280	A	2	0	279	25.0215053763441
A_PB1	540	277	G	5	0	274	22.9452554744526
A_PB1	541	279	A	3	0	278	23.1834532374101
A_PB1	542	279	T	3	0	276	23.195652173913
A_PB1	543	278	A	4	0	273	23.9340659340659
A_PB1	544	279	A	2	0	274	25.8029197080292
A_PB1	545	279	C	2	0	274	24
A_PB1	546	280	A	1	0	276	23.1847826086957
A_PB1	547	267	A	14	0	265	22.1811320754717
A_PB1	548	267	C	14	0	263	22.5171102661597
A_PB1	549	280	A	1	0	277	22.2057761732852
A_PB1	550	280	C	1	0	280	35.25
A_PB1	551	279	A	2	0	279	53.7777777777778
A_PB1	552	279	C	2	0	277	28.3140794223827
A_PB1	553	278	T	3	0	277	21.7978339350181
A_PB1	554	280	T	1	0	274	22.1824817518248
A_PB1	555	279	T	2	0	277	24.4584837545126
A_PB1	556	280	C	1	0	276	24.713768115942
A_PB1	557	259	A	22	0	257	22.556420233463
A_PB1	558	278	A	3	0	276	23.1557971014493
A_PB1	559	278	A	3	0	273	19.6043956043956
A_PB1	560	278	G	3	0	270	20.7296296296296
A_PB1	561	248	A	33	0	243	20.5925925925926
A_PB1	562	276	A	5	0	274	21.2518248175182
A_PB1	563	278	A	3	0	277	23.2021660649819
A_PB1	564	278	A	3	0	275	24.6472727272727
A_PB1	565	276	A	5	0	273	21.6593406593407
A_PB1	566	273	G	8	0	268	21.634328358209
A_PB1	567	275	A	5	0	274	24.992700729927
A_PB1	568	275	A	5	0	273	21.9084249084249
A_PB1	569	273	G	7	0	271	18.9963099630996
A_PB1	570	275	A	5	0	272	21.6213235294118
A_PB1	571	277	G	3	0	277	21.8050541516245
A_PB1	572	273	T	7	0	266	20.8571428571429
A_PB1	573	266	A	14	0	257	20.9066147859922
A_PB1	574	270	A	10	0	242	18.9710743801653
A_PB1	575	257	G	23	0	235	17.7489361702128
A_PB1	576	276	G	4	0	273	17.5787545787546
A_PB1	577	277	G	3	0	270	19.4925925925926
A_PB1	578	276	A	4	0	271	18.1992619926199
A_PB1	579	279	C	1	0	273	22.4432234432234
A_PB1	580	280	A	0	0	276	23.981884057971
A_PB1	581	279	A	0	0	276	25.963768115942
A_PB1	582	279	C	0	0	274	26.0474452554745
A_PB1	583	279	A	0	0	278	25.3956834532374
A_PB1	584	278	T	1	0	276	24.195652173913
A_PB1	585	277	G	2	0	276	24.1884057971014
A_PB1	586	279	A	0	0	276	24.9855072463768
A_PB1	587	278	C	1	0	276	25.213768115942
A_PB1	588	278	C	1	0	277	24.927797833935
A_PB1	589	270	A	9	0	269	25.9405204460967
A_PB1	590	274	A	5	0	274	24.1496350364963
A_PB1	591	275	G	4	0	274	20.2591240875912
A_PB1	592	271	A	8	0	268	23.6753731343284
A_PB1	593	278	A	1	0	278	24.2553956834532
A_PB1	594	278	A	1	0	277	24.1046931407942
A_PB1	595	277	A	2	0	275	26.7054545454545
A_PB1	596	277	T	2	0	275	24.5636363636364
A_PB1	597	276	G	3	0	273	25.5934065934066
A_PB1	598	276	G	3	0	275	24.4254545454545
A_PB1	599	276	T	3	0	273	24.1831501831502
A_PB1	600	272	C	7	0	271	24.7047970479705
A_PB1	601	273	A	6	0	270	24.0296296296296
A_PB1	602	277	C	2	0	273	24.7106227106227
A_PB1	603	276	A	3	0	274	27.3467153284672
A_PB1	604	278	C	1	0	272	52.9522058823529
A_PB1	605	271	A	8	0	267	36.876404494382
A_PB1	606	277	A	2	0	275	23.1818181818182
A_PB1	607	275	A	4	0	273	22.3479853479853
A_PB1	608	275	G	4	0	269	26.6022304832714
A_PB1	609	275	A	4	0	271	23.1476014760148
A_PB1	610	278	A	1	0	271	23.280442804428
A_PB1	611	278	C	1	0	272	21.5955882352941
A_PB1	612	278	A	1	0	277	22.0649819494585
A_PB1	613	277	A	2	0	274	22.4744525547445
A_PB1	614	277	T	2	0	276	22.8623188405797
A_PB1	615	276	A	3	0	273	22.3992673992674
A_PB1	616	240	G	39	0	228	20.2061403508772
A_PB1	617	276	G	3	0	276	19.2427536231884
A_PB1	618	275	G	4	0	272	19.7426470588235
A_PB1	619	272	A	7	0	272	20.1176470588235
A_PB1	620	272	A	7	0	272	22.2316176470588
A_PB1	621	275	G	4	0	274	21.4379562043796
A_PB1	622	227	A	52	0	224	23.8839285714286
A_PB1	623	266	A	13	0	265	26.2037735849057
A_PB1	624	277	A	2	0	276	27.5289855072464
A_PB1	625	279	A	0	0	277	28.7545126353791
A_PB1	626	279	A	0	0	278	28.0071942446043
A_PB1	627	274	A	5	0	264	25.9848484848485
A_PB1	628	271	C	7	0	261	23.2452107279693
A_PB1	629	261	A	17	0	251	20.9163346613546
A_PB1	630	276	A	2	0	274	20.521897810219
A_PB1	631	267	A	11	0	263	17.0304182509506
A_PB1	632	262	G	16	0	260	18.3461538461538
A_PB1	633	274	A	3	0	273	18.4908424908425
A_PB1	634	275	G	2	0	274	21.9671532846715
A_PB1	635	272	T	5	0	272	18.4963235294118
A_PB1	636	275	G	1	0	273	21.2564102564103
A_PB1	637	275	A	1	0	271	22.9594095940959
A_PB1	638	275	A	1	0	273	25
A_PB1	639	275	T	1	0	271	24.719557195572
A_PB1	640	261	A	15	0	258	25.2170542635659
A_PB1	641	256	A	20	0	253	22.1699604743083
A_PB1	642	250	G	26	0	246	19.849593495935
A_PB1	643	274	A	2	0	273	21.7875457875458
A_PB1	644	270	G	6	0	268	39.3246268656716
A_PB1	645	268	A	8	0	265	36.2452830188679
A_PB1	646	270	G	6	0	266	30.0300751879699
A_PB1	647	274	G	2	0	272	19.3161764705882
A_PB1	648	274	C	2	0	265	18.8830188679245
A_PB1	649	275	T	1	0	272	20.1948529411765
A_PB1	650	274	A	2	0	273	22.7619047619048
A_PB1	651	265	C	11	0	261	23.7126436781609
A_PB1	652	272	C	4	0	268	22.6417910447761
A_PB1	653	269	T	7	0	262	20.236641221374
A_PB1	654	270	A	6	0	269	23.3345724907063
A_PB1	655	273	A	3	0	268	24.0074626865672
A_PB1	656	274	T	2	0	264	23.625
A_PB1	657	269	A	7	0	266	23.4887218045113
A_PB1	658	269	A	7	0	267	22.5093632958801
A_PB1	659	269	G	7	0	264	20.1856060606061
A_PB1	660	274	A	2	0	269	22.4163568773234
A_PB1	661	273	G	3	0	268	21.9179104477612
A_PB1	662	274	C	2	0	274	20.3430656934307
A_PB1	663	269	T	7	0	268	21.0783582089552
A_PB1	664	275	C	1	0	275	22.5745454545455
A_PB1	665	275	T	1	0	274	22.9197080291971
A_PB1	666	274	G	1	0	272	23.0183823529412
A_PB1	667	273	A	2	0	271	23.9483394833948
A_PB1	668	274	C	1	0	271	24.0442804428044
A_PB1	669	273	A	2	0	271	23.3542435424354
A_PB1	670	272	T	2	0	265	24.1056603773585
A_PB1	671	273	T	1	0	270	25.4407407407407
A_PB1	672	273	G	1	0	269	24.635687732342
A_PB1	673	272	A	2	0	260	25.2576923076923
A_PB1	674	270	A	3	0	266	26.6992481203008
A_PB1	675	268	C	5	0	267	30.4644194756554
A_PB1	676	270	A	3	0	267	29.0786516853933
A_PB1	677	270	C	3	0	267	27.9250936329588
A_PB1	678	269	G	4	0	262	21.2099236641221
A_PB1	679	271	A	2	0	267	19.8164794007491
A_PB1	680	271	T	2	0	270	19.3777777777778
A_PB1	681	272	G	1	0	271	20.2250922509225
A_PB1	682	271	A	2	0	271	22.9409594095941
A_PB1	683	268	C	5	0	265	24.2566037735849
A_PB1	684	272	C	1	0	271	23.8560885608856
A_PB1	685	270	A	3	0	268	25.4067164179104
A_PB1	686	271	A	2	0	268	24.5410447761194
A_PB1	687	269	G	3	0	269	22.1412639405204
A_PB1	688	270	G	2	0	269	22.5724907063197
A_PB1	689	270	A	2	0	269	22.5130111524164
A_PB1	690	270	T	1	0	269	23.3048327137546
A_PB1	691	269	G	2	0	269	24.8773234200744
A_PB1	692	268	C	3	0	268	25.2313432835821
A_PB1	693	220	A	51	0	220	23.3545454545455
A_PB1	694	221	G	50	0	220	21.8227272727273
A_PB1	695	264	A	7	0	262	22.9961832061069
A_PB1	696	259	G	12	0	258	40.1279069767442
A_PB1	697	264	A	7	0	264	50.5265151515151
A_PB1	698	257	G	14	0	254	48.6338582677165
A_PB1	699	268	A	3	0	264	36.2727272727273
A_PB1	700	266	G	5	0	260	29.4730769230769
A_PB1	701	269	G	2	0	262	17.0687022900763
A_PB1	702	266	C	5	0	262	18.1335877862595
A_PB1	703	263	A	8	0	261	18.9540229885057
A_PB1	704	266	A	5	0	265	21.3283018867925
A_PB1	705	266	A	5	0	265	24.2075471698113
A_PB1	706	265	T	6	0	263	25.1749049429658
A_PB1	707	265	T	6	0	263	25.5627376425856
A_PB1	708	176	A	95	0	173	24.9075144508671
A_PB1	709	244	A	27	0	241	24.7344398340249
A_PB1	710	266	A	5	0	262	24.1793893129771
A_PB1	711	263	A	8	0	260	24.0230769230769
A_PB1	712	262	A	9	0	262	19.5076335877863
A_PB1	713	257	G	14	0	256	19.90234375
A_PB1	714	263	A	8	0	260	22.7615384615385
A_PB1	715	268	A	3	0	267	22.059925093633
A_PB1	716	269	G	2	0	264	19.3409090909091
A_PB1	717	268	A	3	0	261	22.9157088122605
A_PB1	718	270	G	1	0	268	21.9477611940299
A_PB1	719	268	C	3	0	265	20.3320754716981
A_PB1	720	269	T	2	0	264	20.9772727272727
A_PB1	721	267	A	4	0	261	22.9693486590038
A_PB1	722	268	T	3	0	261	23.6130268199234
A_PB1	723	268	T	3	0	264	23.4659090909091
A_PB1	724	265	G	6	0	262	21.7022900763359
A_PB1	725	265	C	6	0	261	21.9808429118774
A_PB1	726	264	A	7	0	262	22.7824427480916
A_PB1	727	263	A	8	0	258	22.3023255813953
A_PB1	728	263	C	8	0	258	23.6201550387597
A_PB1	729	265	A	5	0	262	22.6106870229008
A_PB1	730	234	C	36	0	229	22.1266375545852
A_PB1	731	261	C	9	0	255	21
A_PB1	732	262	C	8	0	255	17.4156862745098
A_PB1	733	258	G	12	0	235	16.4553191489362
A_PB1	734	264	G	6	0	260	16.0846153846154
A_PB1	735	268	G	2	0	265	16.6415094339623
A_PB1	736	268	A	2	0	268	18.4328358208955
A_PB1	737	266	T	3	0	264	22.6893939393939
A_PB1	738	266	G	3	0	259	23.0926640926641
A_PB1	739	265	C	4	0	263	22.574144486692
A_PB1	740	262	A	7	0	260	21.7615384615385
A_PB1	741	265	A	4	0	263	21.3650190114068
A_PB1	742	266	A	3	0	258	23.2131782945736
A_PB1	743	266	T	3	0	263	23.2509505703422
A_PB1	744	264	T	5	0	260	26.0730769230769
A_PB1	745	260	A	9	0	258	22.3139534883721
A_PB1	746	259	G	10	0	256	20.28125
A_PB1	747	262	A	7	0	257	19.7782101167315
A_PB1	748	245	G	24	0	243	20.1893004115226
A_PB1	749	261	G	8	0	259	19.7451737451737
A_PB1	750	262	G	6	0	260	19.1115384615385
A_PB1	751	261	T	7	0	256	17.96484375
A_PB1	752	260	T	8	0	259	21.4247104247104
A_PB1	753	256	C	12	0	253	22.9565217391304
A_PB1	754	254	G	14	0	245	19.865306122449
A_PB1	755	256	T	12	0	253	19.5928853754941
A_PB1	756	264	G	4	0	258	19.9147286821705
A_PB1	757	264	T	4	0	259	20.5250965250965
A_PB1	758	263	A	5	0	256	21.3515625
A_PB1	759	265	C	3	0	262	20.3473282442748
A_PB1	760	264	T	4	0	261	21.3831417624521
A_PB1	761	263	T	5	0	255	21.9921568627451
A_PB1	762	262	C	6	0	255	22.7764705882353
A_PB1	763	262	G	6	0	253	20.6521739130435
A_PB1	764	264	T	4	0	257	19.8171206225681
A_PB1	765	265	T	3	0	264	20.5416666666667
A_PB1	766	263	G	5	0	258	18.7984496124031
A_PB1	767	261	A	7	0	260	19.9538461538462
A_PB1	768	262	A	6	0	261	19.904214559387
A_PB1	769	264	A	4	0	260	23.2807692307692
A_PB1	770	264	C	4	0	264	22.4507575757576
A_PB1	771	258	T	10	0	256	24.01953125
A_PB1	772	261	T	7	0	259	24.4980694980695
A_PB1	773	263	T	5	0	263	25.5095057034221
A_PB1	774	259	A	9	0	252	22.468253968254
A_PB1	775	263	G	5	0	261	20.5555555555556
A_PB1	776	263	C	5	0	261	20.0268199233716
A_PB1	777	262	T	6	0	257	20.6264591439689
A_PB1	778	253	A	15	0	249	21.8755020080321
A_PB1	779	254	G	14	0	249	20.4899598393574
A_PB1	780	262	A	6	0	260	20.85
A_PB1	781	257	A	10	0	254	23.0472440944882
A_PB1	782	258	G	9	0	251	21.8964143426295
A_PB1	783	261	C	6	0	256	21.6875
A_PB1	784	260	A	7	0	256	21.59375
A_PB1	785	254	T	13	0	250	21.952
A_PB1	786	264	T	3	0	261	24.2222222222222
A_PB1	787	264	T	3	0	261	23.8582375478927
A_PB1	788	257	G	10	0	253	22.2332015810277
A_PB1	789	257	C	10	0	251	21.3784860557769
A_PB1	790	251	G	16	0	246	17.150406504065
A_PB1	791	242	A	25	0	240	16.5875
A_PB1	792	251	A	16	0	249	17.1285140562249
A_PB1	793	251	A	16	0	248	20.4677419354839
A_PB1	794	260	A	7	0	259	20.5868725868726
A_PB1	795	260	G	7	0	257	20.2178988326848
A_PB1	796	262	C	5	0	258	18.8914728682171
A_PB1	797	246	T	21	0	243	19.4855967078189
A_PB1	798	251	T	16	0	246	19.8658536585366
A_PB1	799	260	G	7	0	256	20.51171875
A_PB1	800	263	A	4	0	255	20.121568627451
A_PB1	801	261	A	6	0	258	20.1821705426357
A_PB1	802	261	C	6	0	259	21.6100386100386
A_PB1	803	262	A	5	0	260	21.1923076923077
A_PB1	804	261	A	6	0	258	23.453488372093
A_PB1	805	259	T	8	0	259	23.2277992277992
A_PB1	806	260	C	7	0	257	24.2607003891051
A_PB1	807	261	T	6	0	258	21.953488372093
A_PB1	808	256	G	11	0	252	21.8253968253968
A_PB1	809	263	G	4	0	259	22.3590733590734
A_PB1	810	263	A	4	0	262	23.3702290076336
A_PB1	811	263	C	4	0	262	23.6564885496183
A_PB1	812	262	T	5	0	259	24.3397683397683
A_PB1	813	260	T	7	0	259	25.8880308880309
A_PB1	814	244	C	23	0	242	26.3512396694215
A_PB1	815	263	C	4	0	253	21.7628458498024
A_PB1	816	260	G	7	0	257	17.6108949416342
A_PB1	817	261	G	6	0	258	17.937984496124
A_PB1	818	261	T	6	0	260	19.0730769230769
A_PB1	819	259	T	8	0	259	20.1698841698842
A_PB1	820	214	G	53	0	206	21.6601941747573
A_PB1	821	258	G	9	0	253	20.7154150197628
A_PB1	822	260	G	7	0	254	20.4094488188976
A_PB1	823	260	G	7	0	257	21.5175097276265
A_PB1	824	260	G	7	0	255	21.1098039215686
A_PB1	825	261	T	6	0	259	19.0579150579151
A_PB1	826	261	A	6	0	257	19.9182879377432
A_PB1	827	264	A	3	0	260	21.0653846153846
A_PB1	828	264	T	3	0	260	22.8653846153846
A_PB1	829	262	G	5	0	260	23.9807692307692
A_PB1	830	213	A	54	0	213	24.2863849765258
A_PB1	831	256	A	11	0	255	24.0705882352941
A_PB1	832	256	A	11	0	254	25.2204724409449
A_PB1	833	251	A	16	0	250	19.728
A_PB1	834	251	G	16	0	244	20.5286885245902
A_PB1	835	256	A	11	0	244	22.0901639344262
A_PB1	836	261	A	6	0	259	18.8996138996139
A_PB1	837	259	G	8	0	257	17.2178988326848
A_PB1	838	264	G	3	0	259	18.5868725868726
A_PB1	839	256	C	11	0	252	19.8650793650794
A_PB1	840	263	C	4	0	256	20.32421875
A_PB1	841	264	A	3	0	264	21.5
A_PB1	842	265	A	2	0	264	23.1174242424242
A_PB1	843	264	A	3	0	260	24.8538461538462
A_PB1	844	264	C	3	0	261	25.007662835249
A_PB1	845	261	T	6	0	259	24.2818532818533
A_PB1	846	261	G	6	0	258	23.3488372093023
A_PB1	847	263	G	4	0	258	23.3953488372093
A_PB1	848	263	C	4	0	260	23.8038461538462
A_PB1	849	261	A	6	0	260	23.4269230769231
A_PB1	850	262	A	5	0	261	24.3409961685824
A_PB1	851	262	A	5	0	261	25.0842911877395
A_PB1	852	261	T	6	0	260	26.15
A_PB1	853	261	G	6	0	258	23.7364341085271
A_PB1	854	258	T	9	0	255	23.1411764705882
A_PB1	855	258	T	9	0	254	23.511811023622
A_PB1	856	256	G	11	0	249	21.6666666666667
A_PB1	857	256	T	11	0	252	22.047619047619
A_PB1	858	245	G	22	0	239	19.8995815899582
A_PB1	859	247	A	20	0	246	19.6341463414634
A_PB1	860	252	G	15	0	237	18.4767932489451
A_PB1	861	235	A	32	0	232	20.1465517241379
A_PB1	862	260	A	7	0	257	21.0933852140078
A_PB1	863	261	A	5	0	261	26.9501915708812
A_PB1	864	261	A	5	0	261	28.5134099616858
A_PB1	865	262	A	4	0	262	29.0038167938931
A_PB1	866	262	T	4	0	259	26.7413127413127
A_PB1	867	262	G	4	0	258	25.9922480620155
A_PB1	868	262	A	4	0	262	24.8549618320611
A_PB1	869	261	T	5	0	261	24.0421455938697
A_PB1	870	260	G	6	0	257	23.3696498054475
A_PB1	871	261	A	5	0	258	23.6472868217054
A_PB1	872	261	C	5	0	258	23.6279069767442
A_PB1	873	262	T	4	0	259	22.2432432432432
A_PB1	874	259	A	7	0	258	22.546511627907
A_PB1	875	263	A	3	0	259	24.1776061776062
A_PB1	876	262	T	4	0	260	25.0230769230769
A_PB1	877	263	T	3	0	259	27.6795366795367
A_PB1	878	256	C	10	0	253	26.99604743083
A_PB1	879	257	A	9	0	255	24.3921568627451
A_PB1	880	260	C	6	0	257	24.1284046692607
A_PB1	881	258	A	8	0	254	23.8425196850394
A_PB1	882	263	A	3	0	263	23.4372623574144
A_PB1	883	263	G	3	0	262	22.1908396946565
A_PB1	884	261	A	5	0	257	23.6614785992218
A_PB1	885	260	C	6	0	257	23.295719844358
A_PB1	886	261	A	5	0	257	22.7782101167315
A_PB1	887	263	C	3	0	260	40.9923076923077
A_PB1	888	263	A	3	0	257	29.8677042801556
A_PB1	889	263	G	3	0	259	19.4903474903475
A_PB1	890	260	A	6	0	259	19.6409266409266
A_PB1	891	259	G	7	0	254	20.1929133858268
A_PB1	892	257	C	9	0	257	19.8326848249027
A_PB1	893	253	T	13	0	252	20.8968253968254
A_PB1	894	255	T	11	0	252	22.1626984126984
A_PB1	895	256	T	10	0	255	28.5686274509804
A_PB1	896	259	C	7	0	258	31.0348837209302
A_PB1	897	250	T	16	0	245	26.330612244898
A_PB1	898	260	T	6	0	256	25.328125
A_PB1	899	258	T	8	0	256	26.54296875
A_PB1	900	256	C	10	0	256	27.79296875
A_PB1	901	258	A	8	0	253	22.5415019762846
A_PB1	902	261	C	5	0	256	21.359375
A_PB1	903	258	A	8	0	256	22.39453125
A_PB1	904	261	A	5	0	255	22.5372549019608
A_PB1	905	262	T	4	0	261	23.5363984674329
A_PB1	906	253	C	13	0	252	25.297619047619
A_PB1	907	255	A	11	0	252	23.2460317460317
A_PB1	908	261	C	5	0	260	23.0576923076923
A_PB1	909	261	T	5	0	259	22.1737451737452
A_PB1	910	256	G	9	0	253	21.5889328063241
A_PB1	911	260	G	5	0	259	21.3861003861004
A_PB1	912	261	A	4	0	257	21.715953307393
A_PB1	913	253	G	12	0	248	21.366935483871
A_PB1	914	260	A	5	0	256	21.53125
A_PB1	915	261	C	4	0	257	21.3112840466926
A_PB1	916	262	A	3	0	262	21.5801526717557
A_PB1	917	261	A	4	0	251	23.1792828685259
A_PB1	918	261	C	4	0	258	22.9457364341085
A_PB1	919	259	A	6	0	255	22.6274509803922
A_PB1	920	259	C	6	0	255	21.8078431372549
A_PB1	921	257	T	8	0	250	21.82
A_PB1	922	260	A	5	0	257	22.0428015564202
A_PB1	923	256	A	9	0	254	20.9055118110236
A_PB1	924	256	G	9	0	251	19.7808764940239
A_PB1	925	259	T	6	0	258	20.8682170542636
A_PB1	926	258	G	7	0	256	21.390625
A_PB1	927	262	G	3	0	261	20.1226053639847
A_PB1	928	262	A	3	0	260	22.2807692307692
A_PB1	929	262	A	3	0	261	24.6819923371648
A_PB1	930	262	T	3	0	262	23.675572519084
A_PB1	931	261	G	4	0	259	23.4440154440154
A_PB1	932	252	A	13	0	249	23.6787148594378
A_PB1	933	260	A	5	0	259	23.2277992277992
A_PB1	934	262	A	3	0	260	27.8692307692308
A_PB1	935	262	A	3	0	260	27.8115384615385
A_PB1	936	261	T	4	0	258	24.9418604651163
A_PB1	937	261	C	4	0	259	24.1621621621622
A_PB1	938	247	A	18	0	246	22.869918699187
A_PB1	939	262	A	3	0	262	23.763358778626
A_PB1	940	260	A	4	0	258	26.2674418604651
A_PB1	941	253	A	11	0	247	30.4898785425101
A_PB1	942	229	C	35	0	224	26.2589285714286
A_PB1	943	257	C	7	0	254	24.6181102362205
A_PB1	944	259	C	5	0	256	23.953125
A_PB1	945	258	C	6	0	253	24.7826086956522
A_PB1	946	257	C	7	0	237	23.1940928270042
A_PB1	947	256	G	8	0	248	19.1612903225806
A_PB1	948	257	A	7	0	251	18.6294820717131
A_PB1	949	260	A	4	0	260	18.6115384615385
A_PB1	950	260	T	4	0	258	20.4108527131783
A_PB1	951	259	G	5	0	257	22.7937743190661
A_PB1	952	234	T	30	0	231	24.6753246753247
A_PB1	953	258	T	6	0	257	24.5875486381323
A_PB1	954	258	T	6	0	258	25.7480620155039
A_PB1	955	260	T	4	0	259	34.015444015444
A_PB1	956	261	T	3	0	260	30.3423076923077
A_PB1	957	258	G	6	0	257	26.5875486381323
A_PB1	958	261	G	3	0	259	24.4787644787645
A_PB1	959	261	C	3	0	260	24.2692307692308
A_PB1	960	259	A	5	0	259	24.2702702702703
A_PB1	961	258	A	6	0	257	25.6498054474708
A_PB1	962	258	T	6	0	254	26.6377952755906
A_PB1	963	260	G	4	0	258	26.4612403100775
A_PB1	964	261	A	3	0	258	25.7054263565891
A_PB1	965	260	T	4	0	259	26.046332046332
A_PB1	966	260	T	4	0	259	26.7915057915058
A_PB1	967	260	A	4	0	254	24.8031496062992
A_PB1	968	259	C	5	0	255	24.1843137254902
A_PB1	969	253	A	11	0	248	22.9274193548387
A_PB1	970	251	T	13	0	244	22.3237704918033
A_PB1	971	256	A	8	0	247	22.8744939271255
A_PB1	972	259	C	5	0	256	23.12109375
A_PB1	973	258	A	6	0	256	22.62890625
A_PB1	974	258	T	6	0	256	23.16796875
A_PB1	975	257	C	7	0	255	24.0549019607843
A_PB1	976	258	A	6	0	254	22.7795275590551
A_PB1	977	258	C	6	0	256	22.9375
A_PB1	978	258	A	6	0	253	23.4229249011858
A_PB1	979	261	A	3	0	258	23.422480620155
A_PB1	980	261	A	3	0	256	22.2890625
A_PB1	981	261	G	3	0	260	24.8923076923077
A_PB1	982	257	A	7	0	256	24.23828125
A_PB1	983	258	A	6	0	256	24.44921875
A_PB1	984	257	C	7	0	254	23.488188976378
A_PB1	985	260	C	4	0	256	23.3671875
A_PB1	986	260	A	4	0	260	23.2192307692308
A_PB1	987	259	A	5	0	256	21.76953125
A_PB1	988	259	C	5	0	257	21.9688715953307
A_PB1	989	260	C	4	0	256	22.109375
A_PB1	990	261	T	3	0	255	21.8549019607843
A_PB1	991	261	G	3	0	260	23.5230769230769
A_PB1	992	261	A	3	0	259	25.1776061776062
A_PB1	993	261	A	3	0	261	25.5402298850575
A_PB1	994	260	T	4	0	259	25.8841698841699
A_PB1	995	258	G	5	0	256	24.375
A_PB1	996	260	G	3	0	258	22.3100775193798
A_PB1	997	258	T	5	0	258	21.6356589147287
A_PB1	998	260	T	3	0	258	22.1395348837209
A_PB1	999	258	C	5	0	257	22.8132295719844
A_PB1	1000	250	A	13	0	248	21.0846774193548
A_PB1	1001	252	G	11	0	246	18.4715447154472
A_PB1	1002	257	A	6	0	256	19.0703125
A_PB1	1003	260	A	3	0	259	22.5405405405405
A_PB1	1004	260	A	3	0	257	24.7743190661479
A_PB1	1005	260	C	3	0	258	23.3062015503876
A_PB1	1006	260	A	3	0	259	23.2007722007722
A_PB1	1007	258	T	4	0	253	23.2885375494071
A_PB1	1008	243	C	19	0	241	23.954356846473
A_PB1	1009	259	C	3	0	250	20.788
A_PB1	1010	257	T	5	0	247	18.2307692307692
A_PB1	1011	256	A	6	0	252	20.8095238095238
A_PB1	1012	256	A	6	0	254	22.2992125984252
A_PB1	1013	252	G	10	0	241	19.103734439834
A_PB1	1014	258	C	4	0	257	20.7587548638132
A_PB1	1015	258	A	4	0	256	20.79296875
A_PB1	1016	258	T	3	0	254	21.8464566929134
A_PB1	1017	249	C	12	0	247	24.1619433198381
A_PB1	1018	249	G	12	0	235	19.531914893617
A_PB1	1019	255	C	6	0	252	19.3888888888889
A_PB1	1020	256	A	5	0	251	19.3665338645418
A_PB1	1021	253	C	8	0	251	20.3306772908367
A_PB1	1022	258	C	3	0	255	22.9450980392157
A_PB1	1023	257	A	4	0	257	23.3813229571984
A_PB1	1024	257	A	4	0	257	23.6420233463035
A_PB1	1025	256	T	5	0	254	23.3661417322835
A_PB1	1026	258	A	3	0	258	23.6821705426357
A_PB1	1027	258	A	3	0	257	22.84046692607
A_PB1	1028	257	T	4	0	257	23.5875486381323
A_PB1	1029	257	G	4	0	255	25.0274509803922
A_PB1	1030	256	T	5	0	256	24.76171875
A_PB1	1031	255	T	5	0	254	25.6377952755906
A_PB1	1032	255	C	5	0	254	25.1889763779528
A_PB1	1033	255	T	5	0	254	25.5944881889764
A_PB1	1034	256	C	4	0	253	25.5454545454545
A_PB1	1035	254	A	6	0	252	24.3412698412698
A_PB1	1036	256	A	4	0	252	25.6388888888889
A_PB1	1037	255	A	5	0	248	26.0766129032258
A_PB1	1038	256	C	4	0	255	25.6745098039216
A_PB1	1039	246	A	14	0	243	24.7777777777778
A_PB1	1040	256	A	4	0	256	24.4296875
A_PB1	1041	257	A	3	0	256	26.75390625
A_PB1	1042	257	A	3	0	256	31.52734375
A_PB1	1043	256	T	4	0	252	27.1388888888889
A_PB1	1044	255	G	5	0	251	26.0398406374502
A_PB1	1045	256	G	4	0	253	24.2094861660079
A_PB1	1046	256	C	4	0	254	23.8070866141732
A_PB1	1047	256	A	4	0	252	23.9722222222222
A_PB1	1048	257	A	3	0	255	23.7647058823529
A_PB1	1049	256	G	4	0	255	21.6078431372549
A_PB1	1050	256	A	4	0	256	22.78515625
A_PB1	1051	256	C	4	0	253	21.3083003952569
A_PB1	1052	254	T	6	0	249	22.0200803212851
A_PB1	1053	250	G	10	0	247	23.0769230769231
A_PB1	1054	253	G	7	0	252	22.8769841269841
A_PB1	1055	254	G	6	0	247	21.1943319838057
A_PB1	1056	248	A	12	0	246	22.8373983739837
A_PB1	1057	253	A	7	0	251	22.7330677290837
A_PB1	1058	256	A	4	0	253	24.1106719367589
A_PB1	1059	256	A	4	0	252	24.9325396825397
A_PB1	1060	256	G	4	0	252	27.75
A_PB1	1061	256	G	4	0	255	26.4
A_PB1	1062	253	A	7	0	251	23.2629482071713
A_PB1	1063	256	T	4	0	251	22.6135458167331
A_PB1	1064	254	A	6	0	247	24.0485829959514
A_PB1	1065	254	C	6	0	251	22.8605577689243
A_PB1	1066	256	A	4	0	254	21.744094488189
A_PB1	1067	256	T	4	0	253	21.7430830039526
A_PB1	1068	255	G	4	0	252	21.6626984126984
A_PB1	1069	255	T	4	0	252	22.4285714285714
A_PB1	1070	255	T	3	0	250	23.78
A_PB1	1071	254	C	4	0	248	22.9758064516129
A_PB1	1072	216	G	42	0	213	17.8591549295775
A_PB1	1073	219	A	39	0	217	17.6359447004608
A_PB1	1074	249	G	9	0	245	17.2612244897959
A_PB1	1075	247	A	11	0	246	17.3414634146341
A_PB1	1076	247	G	11	0	242	23.9710743801653
A_PB1	1077	247	T	11	0	242	18.1198347107438
A_PB1	1078	246	A	12	0	242	19.2231404958678
A_PB1	1079	246	A	12	0	240	18.3833333333333
A_PB1	1080	242	G	16	0	234	17.2179487179487
A_PB1	1081	253	A	5	0	247	19.004048582996
A_PB1	1082	253	G	5	0	246	27.9065040650407
A_PB1	1083	253	A	5	0	247	23.4412955465587
A_PB1	1084	255	A	3	0	253	21.0909090909091
A_PB1	1085	255	T	3	0	252	21.1626984126984
A_PB1	1086	249	G	9	0	246	21.1910569105691
A_PB1	1087	237	A	21	0	234	20.9957264957265
A_PB1	1088	239	A	19	0	235	19.9446808510638
A_PB1	1089	249	G	9	0	247	19.2429149797571
A_PB1	1090	244	C	14	0	238	18.6680672268908
A_PB1	1091	247	T	11	0	244	20.1967213114754
A_PB1	1092	170	C	88	0	164	23.0609756097561
A_PB1	1093	251	C	7	0	239	18.7698744769874
A_PB1	1094	247	G	11	0	236	14.9745762711864
A_PB1	1095	254	G	4	0	252	15.5873015873016
A_PB1	1096	254	A	4	0	251	17.9442231075697
A_PB1	1097	253	C	5	0	251	19.2788844621514
A_PB1	1098	253	A	5	0	246	21.1544715447154
A_PB1	1099	250	C	8	0	245	33.8489795918367
A_PB1	1100	247	A	11	0	242	37.7107438016529
A_PB1	1101	252	A	6	0	252	21.6428571428571
A_PB1	1102	249	A	9	0	246	22.6056910569106
A_PB1	1103	248	T	10	0	246	24.1747967479675
A_PB1	1104	250	A	8	0	238	23.0504201680672
A_PB1	1105	249	C	9	0	245	21.4857142857143
A_PB1	1106	249	C	9	0	243	20.0658436213992
A_PB1	1107	252	T	6	0	248	19.3024193548387
A_PB1	1108	250	G	8	0	236	19.2881355932203
A_PB1	1109	254	C	4	0	250	19
A_PB1	1110	242	A	16	0	240	18.075
A_PB1	1111	243	G	15	0	240	16.1
A_PB1	1112	252	A	6	0	251	17.0637450199203
A_PB1	1113	254	A	4	0	254	19.5866141732283
A_PB1	1114	254	A	4	0	254	21.5275590551181
A_PB1	1115	254	T	4	0	252	22.1269841269841
A_PB1	1116	255	G	3	0	249	22.433734939759
A_PB1	1117	248	C	10	0	245	21.2367346938776
A_PB1	1118	255	T	3	0	252	20.7420634920635
A_PB1	1119	247	A	11	0	238	20.3529411764706
A_PB1	1120	244	G	14	0	241	20.2282157676349
A_PB1	1121	246	C	12	0	240	21.0833333333333
A_PB1	1122	245	A	13	0	243	21.7201646090535
A_PB1	1123	252	A	6	0	249	21.9799196787149
A_PB1	1124	250	G	8	0	249	20.6586345381526
A_PB1	1125	250	C	8	0	246	22.2886178861789
A_PB1	1126	247	A	10	0	246	22.1016260162602
A_PB1	1127	243	T	14	0	237	22.3544303797468
A_PB1	1128	248	T	9	0	246	24.2926829268293
A_PB1	1129	251	G	5	0	245	24.3877551020408
A_PB1	1130	253	A	3	0	251	24.5896414342629
A_PB1	1131	248	C	8	0	244	24.8770491803279
A_PB1	1132	253	C	3	0	250	23.62
A_PB1	1133	252	T	4	0	250	22.772
A_PB1	1134	250	G	6	0	248	22.2459677419355
A_PB1	1135	242	A	14	0	238	21.9327731092437
A_PB1	1136	239	A	17	0	236	20.4110169491525
A_PB1	1137	243	G	13	0	236	19.0423728813559
A_PB1	1138	252	T	4	0	249	18.6104417670683
A_PB1	1139	251	A	5	0	249	20.0321285140562
A_PB1	1140	250	T	6	0	246	20.7845528455285
A_PB1	1141	252	T	4	0	245	24.2122448979592
A_PB1	1142	252	T	4	0	252	24.452380952381
A_PB1	1143	250	C	6	0	248	24.3951612903226
A_PB1	1144	252	A	4	0	252	23.7222222222222
A_PB1	1145	253	A	3	0	250	23.196
A_PB1	1146	253	T	3	0	249	24.2931726907631
A_PB1	1147	253	G	3	0	248	23.3225806451613
A_PB1	1148	252	A	4	0	248	23.0443548387097
A_PB1	1149	253	A	3	0	250	24.108
A_PB1	1150	253	T	3	0	250	24.864
A_PB1	1151	253	C	3	0	251	25.5338645418327
A_PB1	1152	253	A	3	0	253	25.5928853754941
A_PB1	1153	253	A	3	0	250	23.636
A_PB1	1154	253	C	3	0	251	24.3027888446215
A_PB1	1155	246	A	10	0	245	24.4081632653061
A_PB1	1156	251	A	5	0	250	22.52
A_PB1	1157	245	G	11	0	244	19.4713114754098
A_PB1	1158	246	G	10	0	245	20.330612244898
A_PB1	1159	246	A	10	0	246	19.130081300813
A_PB1	1160	246	A	10	0	243	20.4197530864198
A_PB1	1161	248	G	8	0	248	18.1733870967742
A_PB1	1162	249	A	7	0	248	20.633064516129
A_PB1	1163	253	A	3	0	250	21.132
A_PB1	1164	253	A	3	0	251	23.6215139442231
A_PB1	1165	252	A	4	0	251	26.0996015936255
A_PB1	1166	251	T	5	0	244	23.9098360655738
A_PB1	1167	252	T	4	0	248	24.2701612903226
A_PB1	1168	237	G	19	0	233	23.0042918454936
A_PB1	1169	239	A	17	0	238	23.3823529411765
A_PB1	1170	246	G	10	0	241	19.7178423236515
A_PB1	1171	244	A	12	0	241	19.1908713692946
A_PB1	1172	252	A	4	0	252	19.8055555555556
A_PB1	1173	252	A	4	0	251	23.7330677290837
A_PB1	1174	251	A	5	0	248	23.7217741935484
A_PB1	1175	251	T	5	0	249	22.8795180722892
A_PB1	1176	247	A	9	0	246	22.5447154471545
A_PB1	1177	252	A	4	0	252	21.047619047619
A_PB1	1178	251	G	5	0	247	17.8097165991903
A_PB1	1179	252	G	4	0	250	20.04
A_PB1	1180	250	C	6	0	243	18.7407407407407
A_PB1	1181	250	C	6	0	248	18.9435483870968
A_PB1	1182	248	T	8	0	246	19.8292682926829
A_PB1	1183	250	C	6	0	247	20.9473684210526
A_PB1	1184	251	T	5	0	251	23.0916334661355
A_PB1	1185	251	T	5	0	248	25.7258064516129
A_PB1	1186	249	C	7	0	248	26.2338709677419
A_PB1	1187	242	T	14	0	241	25.1784232365145
A_PB1	1188	250	A	6	0	249	23.9397590361446
A_PB1	1189	251	A	5	0	245	24.0612244897959
A_PB1	1190	251	T	5	0	247	23.7854251012146
A_PB1	1191	253	A	3	0	250	22.88
A_PB1	1192	253	G	3	0	252	20.9484126984127
A_PB1	1193	251	A	5	0	249	21.7469879518072
A_PB1	1194	252	T	4	0	252	22.3333333333333
A_PB1	1195	252	G	4	0	250	21.996
A_PB1	1196	251	G	5	0	248	22.4677419354839
A_PB1	1197	251	C	5	0	248	22.8427419354839
A_PB1	1198	249	A	7	0	248	22.7701612903226
A_PB1	1199	250	C	6	0	248	22.8266129032258
A_PB1	1200	248	A	8	0	245	23.0897959183673
A_PB1	1201	248	G	7	0	245	21.0408163265306
A_PB1	1202	246	C	8	0	245	21.1428571428571
A_PB1	1203	246	A	8	0	244	21.8852459016393
A_PB1	1204	248	T	6	0	248	21.9838709677419
A_PB1	1205	248	C	6	0	247	24.7125506072875
A_PB1	1206	244	A	10	0	239	21.1924686192469
A_PB1	1207	251	T	3	0	239	20.9121338912134
A_PB1	1208	250	T	4	0	245	21.4775510204082
A_PB1	1209	249	G	5	0	247	18.9433198380567
A_PB1	1210	251	A	3	0	249	19.7510040160643
A_PB1	1211	247	G	7	0	243	19.7654320987654
A_PB1	1212	242	C	12	0	238	20.0882352941176
A_PB1	1213	250	C	4	0	247	19.4251012145749
A_PB1	1214	250	C	4	0	247	18.9554655870445
A_PB1	1215	249	T	5	0	244	21.266393442623
A_PB1	1216	232	G	22	0	225	22.1333333333333
A_PB1	1217	245	G	8	0	244	23.5819672131148
A_PB1	1218	244	A	9	0	239	24.5690376569038
A_PB1	1219	248	A	5	0	247	26.9352226720648
A_PB1	1220	249	T	4	0	247	25.004048582996
A_PB1	1221	249	G	4	0	247	25.5627530364372
A_PB1	1222	249	A	4	0	247	25.9878542510121
A_PB1	1223	250	T	3	0	249	25.5943775100402
A_PB1	1224	250	G	3	0	248	24.8145161290323
A_PB1	1225	250	A	3	0	246	24.3170731707317
A_PB1	1226	250	T	3	0	248	24.1935483870968
A_PB1	1227	248	G	5	0	247	23.3765182186235
A_PB1	1228	248	G	4	0	247	21.7732793522267
A_PB1	1229	247	G	5	0	247	21.6234817813765
A_PB1	1230	247	C	5	0	245	21.8530612244898
A_PB1	1231	246	A	6	0	245	22.3591836734694
A_PB1	1232	246	T	6	0	244	23.8237704918033
A_PB1	1233	245	G	7	0	239	23.1924686192469
A_PB1	1234	247	T	5	0	241	23.2697095435685
A_PB1	1235	247	T	5	0	244	23.2049180327869
A_PB1	1236	246	C	6	0	243	22.8148148148148
A_PB1	1237	242	A	10	0	239	23.4267782426778
A_PB1	1238	245	A	7	0	239	19.4560669456067
A_PB1	1239	247	C	5	0	236	18.4830508474576
A_PB1	1240	245	A	7	0	242	18.0537190082645
A_PB1	1241	248	T	4	0	247	18.0931174089069
A_PB1	1242	246	G	6	0	239	19.5523012552301
A_PB1	1243	245	C	7	0	244	22.4385245901639
A_PB1	1244	246	T	6	0	244	21.0819672131148
A_PB1	1245	244	A	8	0	242	20.7520661157025
A_PB1	1246	247	A	5	0	247	21.1214574898785
A_PB1	1247	245	G	7	0	240	20.925
A_PB1	1248	248	T	4	0	244	22.1475409836066
A_PB1	1249	248	A	4	0	245	21.9918367346939
A_PB1	1250	248	C	4	0	248	21.1814516129032
A_PB1	1251	245	A	7	0	240	20.8541666666667
A_PB1	1252	246	G	6	0	243	20.6337448559671
A_PB1	1253	238	T	14	0	232	21.5344827586207
A_PB1	1254	247	T	5	0	246	22.3536585365854
A_PB1	1255	246	T	5	0	244	25.0409836065574
A_PB1	1256	243	T	8	0	239	26.0251046025105
A_PB1	1257	238	A	12	0	234	22.6794871794872
A_PB1	1258	232	G	18	0	226	21.2256637168142
A_PB1	1259	241	G	9	0	238	17.9915966386555
A_PB1	1260	241	A	9	0	239	17.234309623431
A_PB1	1261	246	G	4	0	242	18.8553719008264
A_PB1	1262	243	T	7	0	243	18.7407407407407
A_PB1	1263	245	C	5	0	243	20.4362139917695
A_PB1	1264	245	T	4	0	244	22.594262295082
A_PB1	1265	241	C	8	0	239	24.0878661087866
A_PB1	1266	246	G	3	0	240	20.5541666666667
A_PB1	1267	245	A	4	0	241	20.7095435684647
A_PB1	1268	246	T	3	0	243	20.9876543209877
A_PB1	1269	246	A	3	0	233	20.4978540772532
A_PB1	1270	244	C	5	0	242	20.5454545454545
A_PB1	1271	244	T	5	0	240	20.7333333333333
A_PB1	1272	244	G	5	0	241	20.4688796680498
A_PB1	1273	243	A	6	0	240	21.6458333333333
A_PB1	1274	246	A	3	0	244	23.077868852459
A_PB1	1275	245	T	4	0	242	23.5702479338843
A_PB1	1276	245	C	4	0	244	23.5901639344262
A_PB1	1277	242	T	7	0	241	25.49377593361
A_PB1	1278	245	T	4	0	245	25.1632653061224
A_PB1	1279	232	G	17	0	228	25.6929824561403
A_PB1	1280	246	G	3	0	243	23.1028806584362
A_PB1	1281	246	A	3	0	244	23.0819672131148
A_PB1	1282	245	C	4	0	244	22.5532786885246
A_PB1	1283	204	A	45	0	200	21.875
A_PB1	1284	229	A	20	0	228	23.2149122807018
A_PB1	1285	239	A	10	0	239	21.18410041841
A_PB1	1286	237	A	12	0	235	19.8936170212766
A_PB1	1287	236	G	13	0	235	20.8042553191489
A_PB1	1288	244	A	5	0	241	20.0165975103734
A_PB1	1289	244	A	5	0	244	20.2868852459016
A_PB1	1290	245	A	4	0	240	20.2041666666667
A_PB1	1291	245	T	4	0	242	21.1528925619835
A_PB1	1292	240	A	9	0	236	21.9745762711864
A_PB1	1293	240	C	9	0	237	21.8016877637131
A_PB1	1294	241	A	8	0	239	19.5690376569038
A_PB1	1295	241	C	8	0	235	20.4595744680851
A_PB1	1296	245	C	4	0	240	20.1916666666667
A_PB1	1297	244	A	5	0	241	21.5269709543568
A_PB1	1298	246	A	3	0	240	21.5833333333333
A_PB1	1299	246	G	3	0	241	21.7634854771784
A_PB1	1300	245	A	4	0	243	21.9259259259259
A_PB1	1301	244	C	5	0	244	21.6270491803279
A_PB1	1302	245	A	4	0	245	21.6040816326531
A_PB1	1303	245	A	4	0	242	23.0330578512397
A_PB1	1304	244	C	5	0	243	21.0699588477366
A_PB1	1305	244	G	5	0	237	19.8438818565401
A_PB1	1306	243	T	6	0	240	19.5416666666667
A_PB1	1307	243	A	6	0	238	19.546218487395
A_PB1	1308	243	C	6	0	237	20.5907172995781
A_PB1	1309	243	T	6	0	242	21.8842975206612
A_PB1	1310	244	G	5	0	240	22.4416666666667
A_PB1	1311	244	G	5	0	239	21.9748953974895
A_PB1	1312	245	T	4	0	243	22.4650205761317
A_PB1	1313	234	G	15	0	230	22.3434782608696
A_PB1	1314	245	G	4	0	245	21.9183673469388
A_PB1	1315	246	G	3	0	246	21.4715447154472
A_PB1	1316	246	A	3	0	242	22.8305785123967
A_PB1	1317	245	T	4	0	245	22.9836734693878
A_PB1	1318	243	G	6	0	241	22.7427385892116
A_PB1	1319	244	G	5	0	238	21.9075630252101
A_PB1	1320	240	G	9	0	232	19.1896551724138
A_PB1	1321	239	C	10	0	235	18.3106382978723
A_PB1	1322	240	T	9	0	231	18.7835497835498
A_PB1	1323	194	C	54	0	192	19.7447916666667
A_PB1	1324	245	C	3	0	234	17.1538461538462
A_PB1	1325	245	A	3	0	242	14.6818181818182
A_PB1	1326	245	A	3	0	243	16.1646090534979
A_PB1	1327	240	T	8	0	236	21.5508474576271
A_PB1	1328	237	C	11	0	235	24.3191489361702
A_PB1	1329	241	C	7	0	240	22.0041666666667
A_PB1	1330	243	T	5	0	241	21.597510373444
A_PB1	1331	243	C	5	0	240	21.7333333333333
A_PB1	1332	242	A	6	0	234	20.2735042735043
A_PB1	1333	241	G	7	0	239	20.0376569037657
A_PB1	1334	239	A	9	0	235	21.8
A_PB1	1335	242	C	6	0	239	20.6610878661088
A_PB1	1336	242	G	6	0	240	19.8
A_PB1	1337	241	A	7	0	238	20.281512605042
A_PB1	1338	236	T	12	0	235	20.4851063829787
A_PB1	1339	244	T	4	0	243	23.0452674897119
A_PB1	1340	244	T	4	0	241	26.9875518672199
A_PB1	1341	244	T	4	0	241	26.804979253112
A_PB1	1342	241	G	7	0	234	26.0042735042735
A_PB1	1343	203	C	45	0	192	24.03125
A_PB1	1344	241	C	7	0	238	22.3067226890756
A_PB1	1345	244	C	4	0	240	18.0166666666667
A_PB1	1346	237	T	10	0	230	17.8869565217391
A_PB1	1347	237	A	10	0	236	21.0084745762712
A_PB1	1348	240	A	7	0	237	20.7341772151899
A_PB1	1349	243	T	4	0	241	22.7842323651452
A_PB1	1350	242	A	5	0	233	22.0600858369099
A_PB1	1351	241	G	6	0	237	19.9029535864979
A_PB1	1352	240	T	7	0	239	19.5606694560669
A_PB1	1353	240	G	6	0	234	20.1794871794872
A_PB1	1354	240	A	6	0	236	21.1822033898305
A_PB1	1355	242	A	4	0	239	22.9456066945607
A_PB1	1356	242	T	4	0	239	22.8075313807531
A_PB1	1357	241	G	5	0	238	22.2142857142857
A_PB1	1358	234	C	12	0	232	22.7284482758621
A_PB1	1359	229	A	17	0	228	19.8815789473684
A_PB1	1360	238	C	8	0	229	19.0480349344978
A_PB1	1361	242	C	4	0	235	18.6
A_PB1	1362	241	A	5	0	239	18.6234309623431
A_PB1	1363	243	A	3	0	241	19.5103734439834
A_PB1	1364	243	A	3	0	238	21.6974789915966
A_PB1	1365	243	C	3	0	241	21.6680497925311
A_PB1	1366	241	C	4	0	238	21.5252100840336
A_PB1	1367	239	A	6	0	237	20.8945147679325
A_PB1	1368	239	T	6	0	238	21.9957983193277
A_PB1	1369	239	G	6	0	235	22.9829787234043
A_PB1	1370	238	A	7	0	235	23.8978723404255
A_PB1	1371	239	A	6	0	236	24
A_PB1	1372	238	G	7	0	237	25.042194092827
A_PB1	1373	241	G	4	0	238	20.7563025210084
A_PB1	1374	242	A	3	0	239	19.7364016736402
A_PB1	1375	240	A	3	0	237	21.126582278481
A_PB1	1376	240	T	3	0	237	20.8902953586498
A_PB1	1377	239	A	4	0	237	22.7299578059072
A_PB1	1378	239	C	4	0	236	22.9237288135593
A_PB1	1379	301	A	4	0	297	23.026936026936
A_PB1	1380	299	A	6	0	293	25.4778156996587
A_PB1	1381	300	G	6	0	300	23.7333333333333
A_PB1	1382	300	C	7	0	297	23.1481481481481
A_PB1	1383	302	A	6	0	298	21.3859060402685
A_PB1	1384	294	G	12	0	291	20.5910652920962
A_PB1	1385	295	G	11	0	286	18.972027972028
A_PB1	1386	294	A	12	0	290	17.551724137931
A_PB1	1387	299	G	7	0	293	18.2764505119454
A_PB1	1388	293	T	16	0	290	17.2413793103448
A_PB1	1389	302	G	7	0	302	17.9337748344371
A_PB1	1390	304	G	5	0	303	19.7227722772277
A_PB1	1391	303	A	6	0	301	23.4518272425249
A_PB1	1392	304	T	5	0	299	24.6755852842809
A_PB1	1393	305	A	4	0	295	21.8135593220339
A_PB1	1394	304	G	5	0	294	20.421768707483
A_PB1	1395	304	G	5	0	302	19.546357615894
A_PB1	1396	302	T	7	0	297	19.9158249158249
A_PB1	1397	304	T	5	0	299	21.2876254180602
A_PB1	1398	303	C	6	0	300	23.8933333333333
A_PB1	1399	299	T	9	0	297	24.3030303030303
A_PB1	1400	299	A	9	0	294	24.078231292517
A_PB1	1401	302	T	6	0	298	23.5738255033557
A_PB1	1402	302	A	6	0	286	21.7657342657343
A_PB1	1403	294	G	14	0	289	20.2456747404844
A_PB1	1404	304	G	4	0	302	19.7715231788079
A_PB1	1405	302	A	6	0	299	20.7023411371237
A_PB1	1406	302	C	6	0	297	21.9461279461279
A_PB1	1407	304	C	4	0	300	22.17
A_PB1	1408	300	T	8	0	296	22.7364864864865
A_PB1	1409	298	G	10	0	293	23.1877133105802
A_PB1	1410	299	C	9	0	297	23.6161616161616
A_PB1	1411	299	A	9	0	297	23.7575757575758
A_PB1	1412	304	A	4	0	297	22.4276094276094
A_PB1	1413	302	G	6	0	300	21.6066666666667
A_PB1	1414	300	T	8	0	292	22.3116438356164
A_PB1	1415	302	T	6	0	298	23.5268456375839
A_PB1	1416	300	A	8	0	286	20.4825174825175
A_PB1	1417	294	G	14	0	283	21.2756183745583
A_PB1	1418	297	T	11	0	293	20.8566552901024
A_PB1	1419	285	G	23	0	274	20.8941605839416
A_PB1	1420	298	G	10	0	294	20.5748299319728
A_PB1	1421	302	G	7	0	294	20.5442176870748
A_PB1	1422	304	G	5	0	300	21.5
A_PB1	1423	304	A	5	0	302	22.0728476821192
A_PB1	1424	305	T	4	0	303	22.6204620462046
A_PB1	1425	302	C	6	0	302	24.341059602649
A_PB1	1426	302	A	6	0	300	23.1233333333333
A_PB1	1427	304	A	4	0	300	23.2733333333333
A_PB1	1428	301	C	7	0	300	24.32
A_PB1	1429	303	A	5	0	300	26.81
A_PB1	1430	302	T	6	0	298	25.9731543624161
A_PB1	1431	302	G	6	0	302	23.4801324503311
A_PB1	1432	303	A	5	0	297	23.3670033670034
A_PB1	1433	299	G	9	0	297	22.8215488215488
A_PB1	1434	301	C	7	0	295	22
A_PB1	1435	221	A	87	0	218	22.4633027522936
A_PB1	1436	276	A	32	0	275	23.36
A_PB1	1437	290	A	18	0	287	23.2439024390244
A_PB1	1438	291	A	17	0	289	23.5882352941176
A_PB1	1439	287	A	20	0	283	21
A_PB1	1440	283	G	24	0	281	21.5160142348754
A_PB1	1441	294	A	13	0	287	22.383275261324
A_PB1	1442	299	A	8	0	298	19.4765100671141
A_PB1	1443	300	G	7	0	296	19.3648648648649
A_PB1	1444	301	T	6	0	301	20.0265780730897
A_PB1	1445	287	C	20	0	283	22.452296819788
A_PB1	1446	298	C	9	0	296	21.2162162162162
A_PB1	1447	289	T	18	0	285	20.9684210526316
A_PB1	1448	293	A	14	0	291	22.0893470790378
A_PB1	1449	303	T	4	0	300	25.0933333333333
A_PB1	1450	299	A	8	0	295	31.5762711864407
A_PB1	1451	301	T	6	0	295	62.6169491525424
A_PB1	1452	295	A	12	0	294	33.4489795918367
A_PB1	1453	301	A	6	0	299	25.876254180602
A_PB1	1454	300	A	7	0	293	25.8873720136519
A_PB1	1455	301	T	6	0	295	26.3966101694915
A_PB1	1456	296	A	11	0	292	24.9965753424658
A_PB1	1457	302	A	4	0	302	24.6953642384106
A_PB1	1458	302	A	4	0	301	25.6378737541528
A_PB1	1459	302	A	4	0	296	26.1554054054054
A_PB1	1460	302	C	4	0	300	24.2133333333333
A_PB1	1461	301	A	5	0	294	20.812925170068
A_PB1	1462	286	G	20	0	280	20.3678571428571
A_PB1	1463	300	G	6	0	299	18.9899665551839
A_PB1	1464	300	G	6	0	298	20.8255033557047
A_PB1	1465	299	A	7	0	297	20.952861952862
A_PB1	1466	300	C	6	0	298	22.4093959731544
A_PB1	1467	299	A	7	0	298	23.4261744966443
A_PB1	1468	297	T	9	0	297	25.1683501683502
A_PB1	1469	300	T	6	0	299	25.6822742474916
A_PB1	1470	301	T	5	0	298	26.2348993288591
A_PB1	1471	301	G	5	0	294	24.0136054421769
A_PB1	1472	299	A	7	0	293	23.2423208191126
A_PB1	1473	302	A	4	0	298	22.5536912751678
A_PB1	1474	302	T	4	0	299	22.742474916388
A_PB1	1475	301	T	5	0	300	24.2766666666667
A_PB1	1476	294	C	12	0	289	25.681660899654
A_PB1	1477	296	A	10	0	294	23.2244897959184
A_PB1	1478	299	C	7	0	294	21.921768707483
A_PB1	1479	299	T	7	0	295	20.7661016949153
A_PB1	1480	298	A	8	0	295	20.5389830508475
A_PB1	1481	297	G	9	0	292	19.9143835616438
A_PB1	1482	293	C	13	0	290	19.4827586206897
A_PB1	1483	289	T	17	0	287	20.4634146341463
A_PB1	1484	290	T	16	0	285	21.2350877192982
A_PB1	1485	298	C	8	0	292	23.2876712328767
A_PB1	1486	275	T	31	0	273	24.4578754578755
A_PB1	1487	296	T	10	0	296	24.5844594594595
A_PB1	1488	298	T	8	0	298	28.7986577181208
A_PB1	1489	297	T	8	0	294	30.6190476190476
A_PB1	1490	299	A	6	0	296	28.3277027027027
A_PB1	1491	298	T	7	0	296	27.5371621621622
A_PB1	1492	295	C	10	0	293	23.7883959044369
A_PB1	1493	296	G	8	0	292	21.3698630136986
A_PB1	1494	294	A	10	0	289	21.0311418685121
A_PB1	1495	297	T	7	0	293	21.2627986348123
A_PB1	1496	300	A	4	0	293	21.4778156996587
A_PB1	1497	297	T	7	0	294	23.0680272108844
A_PB1	1498	295	G	9	0	292	23.6986301369863
A_PB1	1499	297	G	7	0	296	22.4560810810811
A_PB1	1500	289	A	15	0	287	21.3170731707317
A_PB1	1501	291	T	13	0	290	21.0275862068966
A_PB1	1502	300	T	4	0	298	20.9697986577181
A_PB1	1503	293	T	11	0	290	22.4344827586207
A_PB1	1504	293	G	11	0	291	22.8316151202749
A_PB1	1505	296	T	8	0	293	22.938566552901
A_PB1	1506	295	G	9	0	291	20.9243986254296
A_PB1	1507	295	G	9	0	293	20.6689419795222
A_PB1	1508	296	C	8	0	291	21.7835051546392
A_PB1	1509	298	T	6	0	292	21.2808219178082
A_PB1	1510	298	A	6	0	298	22.1140939597315
A_PB1	1511	297	A	7	0	295	23.6440677966102
A_PB1	1512	290	T	14	0	288	24.9618055555556
A_PB1	1513	298	T	6	0	296	27.3716216216216
A_PB1	1514	298	T	6	0	297	28.4107744107744
A_PB1	1515	295	T	9	0	293	29.4880546075085
A_PB1	1516	289	A	15	0	279	23.9068100358423
A_PB1	1517	291	G	13	0	290	21.2586206896552
A_PB1	1518	296	C	8	0	291	20.7697594501718
A_PB1	1519	298	A	6	0	296	21.3310810810811
A_PB1	1520	299	T	5	0	297	22.1683501683502
A_PB1	1521	297	G	7	0	294	22.3673469387755
A_PB1	1522	299	G	5	0	298	22.4697986577181
A_PB1	1523	293	A	11	0	289	22.2664359861592
A_PB1	1524	298	G	6	0	296	20.9560810810811
A_PB1	1525	299	C	5	0	294	20.391156462585
A_PB1	1526	299	T	5	0	297	21.1279461279461
A_PB1	1527	300	G	4	0	289	22.0865051903114
A_PB1	1528	296	C	8	0	295	23.2813559322034
A_PB1	1529	298	C	6	0	293	23.2627986348123
A_PB1	1530	295	A	9	0	292	22.6678082191781
A_PB1	1531	298	A	6	0	295	23.0406779661017
A_PB1	1532	297	G	7	0	294	22.5238095238095
A_PB1	1533	287	T	17	0	281	23.3416370106762
A_PB1	1534	300	T	4	0	298	24.0805369127517
A_PB1	1535	298	T	6	0	297	24.7239057239057
A_PB1	1536	295	T	9	0	293	25.3378839590444
A_PB1	1537	293	G	10	0	281	23.8434163701068
A_PB1	1538	299	G	4	0	296	22.0608108108108
A_PB1	1539	295	A	8	0	283	20.1696113074205
A_PB1	1540	301	G	2	0	297	19.5824915824916
A_PB1	1541	299	T	4	0	296	19.3513513513514
A_PB1	1542	300	G	3	0	295	20.6983050847458
A_PB1	1543	298	T	5	0	296	23.4797297297297
A_PB1	1544	298	C	5	0	297	24.1649831649832
A_PB1	1545	301	T	2	0	297	24.6599326599327
A_PB1	1546	292	G	11	0	289	25.6193771626298
A_PB1	1547	302	G	1	0	298	24.4261744966443
A_PB1	1548	301	A	2	0	299	25.190635451505
A_PB1	1549	302	A	1	0	299	28.133779264214
A_PB1	1550	302	T	1	0	295	26.4406779661017
A_PB1	1551	298	A	5	0	296	27.2905405405405
A_PB1	1552	302	A	1	0	299	28.1505016722408
A_PB1	1553	302	A	1	0	296	25.8817567567568
A_PB1	1554	302	C	1	0	300	23.2633333333333
A_PB1	1555	300	G	2	0	289	19.878892733564
A_PB1	1556	297	A	5	0	287	20.006968641115
A_PB1	1557	301	A	1	0	299	20.1204013377926
A_PB1	1558	301	T	1	0	300	21.82
A_PB1	1559	300	C	2	0	299	23.304347826087
A_PB1	1560	297	A	4	0	294	23.687074829932
A_PB1	1561	296	G	5	0	286	21.8636363636364
A_PB1	1562	300	C	1	0	290	22.3965517241379
A_PB1	1563	299	T	2	0	294	22.469387755102
A_PB1	1564	299	G	2	0	297	22.952861952862
A_PB1	1565	299	A	2	0	294	26.4591836734694
A_PB1	1566	296	C	5	0	293	26.5733788395904
A_PB1	1567	296	A	5	0	289	24.8615916955017
A_PB1	1568	293	T	8	0	289	23.7958477508651
A_PB1	1569	296	G	5	0	293	23.6211604095563
A_PB1	1570	296	A	5	0	291	24.3951890034364
A_PB1	1571	294	G	7	0	287	23.5853658536585
A_PB1	1572	300	C	1	0	300	22.78
A_PB1	1573	299	A	2	0	297	22.7811447811448
A_PB1	1574	300	T	1	0	296	23.9256756756757
A_PB1	1575	300	T	1	0	299	25.8227424749164
A_PB1	1576	288	G	13	0	279	24.6344086021505
A_PB1	1577	300	G	1	0	297	22.6531986531987
A_PB1	1578	300	A	1	0	300	21.8733333333333
A_PB1	1579	294	G	7	0	293	22.2047781569966
A_PB1	1580	302	T	1	0	295	21.6779661016949
A_PB1	1581	302	A	1	0	297	23.6363636363636
A_PB1	1582	302	A	1	0	297	23.6464646464646
A_PB1	1583	301	C	2	0	295	24.6610169491525
A_PB1	1584	303	A	0	0	297	22.3636363636364
A_PB1	1585	301	G	2	0	296	21.4222972972973
A_PB1	1586	302	T	1	0	300	21.87
A_PB1	1587	300	G	2	0	300	22.0833333333333
A_PB1	1588	301	A	1	0	300	24.2166666666667
A_PB1	1589	302	T	0	0	299	25.752508361204
A_PB1	1590	300	A	2	0	297	25.3872053872054
A_PB1	1591	301	A	0	0	298	25.1979865771812
A_PB1	1592	300	A	1	0	296	23.7972972972973
A_PB1	1593	300	G	1	0	299	26.4682274247492
A_PB1	1594	299	A	2	0	299	23.180602006689
A_PB1	1595	300	A	1	0	297	23.6565656565657
A_PB1	1596	299	C	2	0	298	23
A_PB1	1597	300	A	1	0	298	23.9395973154362
A_PB1	1598	300	A	1	0	293	23.6484641638225
A_PB1	1599	301	C	0	0	298	23.1275167785235
A_PB1	1600	299	A	2	0	296	23.0101351351351
A_PB1	1601	300	T	1	0	297	22.8821548821549
A_PB1	1602	300	G	1	0	299	23.819397993311
A_PB1	1603	301	A	0	0	298	25.2684563758389
A_PB1	1604	301	T	0	0	298	26.0167785234899
A_PB1	1605	298	A	3	0	295	26.5457627118644
A_PB1	1606	301	A	0	0	301	27.6013289036545
A_PB1	1607	301	A	0	0	299	27.4080267558528
A_PB1	1608	300	T	1	0	298	27.5906040268456
A_PB1	1609	299	A	2	0	298	26.5234899328859
A_PB1	1610	299	A	2	0	295	25.2847457627119
A_PB1	1611	299	T	2	0	299	25.5250836120401
A_PB1	1612	299	G	2	0	298	25.1275167785235
A_PB1	1613	300	A	1	0	299	25.5451505016722
A_PB1	1614	299	C	2	0	298	24.8859060402685
A_PB1	1615	298	C	2	0	297	23.5488215488216
A_PB1	1616	296	T	4	0	293	23.3720136518771
A_PB1	1617	298	T	2	0	296	24.1013513513514
A_PB1	1618	287	G	13	0	281	25.4519572953737
A_PB1	1619	300	G	0	0	299	22.8528428093645
A_PB1	1620	300	A	0	0	298	22.5402684563758
A_PB1	1621	298	C	2	0	294	22.8639455782313
A_PB1	1622	297	C	3	0	291	22.4364261168385
A_PB1	1623	293	A	6	0	288	23.4201388888889
A_PB1	1624	295	G	4	0	281	21.2419928825623
A_PB1	1625	296	C	3	0	290	21.2931034482759
A_PB1	1626	295	A	4	0	295	22.1491525423729
A_PB1	1627	296	A	3	0	290	21.1172413793103
A_PB1	1628	294	C	5	0	288	22.6527777777778
A_PB1	1629	294	A	5	0	286	22.4615384615385
A_PB1	1630	297	G	2	0	287	20.801393728223
A_PB1	1631	292	C	7	0	283	21.5795053003534
A_PB1	1632	298	C	1	0	291	21.1615120274914
A_PB1	1633	297	C	2	0	292	20.8801369863014
A_PB1	1634	295	A	4	0	294	22.8027210884354
A_PB1	1635	298	A	1	0	295	24.3491525423729
A_PB1	1636	299	A	0	0	296	25.5101351351351
A_PB1	1637	298	T	1	0	297	26.6734006734007
A_PB1	1638	294	G	5	0	290	26.5275862068966
A_PB1	1639	295	G	4	0	287	24.8362369337979
A_PB1	1640	284	C	15	0	280	23.6928571428571
A_PB1	1641	294	C	5	0	291	23.2061855670103
A_PB1	1642	289	C	10	0	286	21.986013986014
A_PB1	1643	288	T	11	0	279	21.8709677419355
A_PB1	1644	245	C	54	0	229	23.3755458515284
A_PB1	1645	298	C	1	0	294	19.5680272108844
A_PB1	1646	297	A	2	0	296	17.3175675675676
A_PB1	1647	299	A	0	0	295	17.9898305084746
A_PB1	1648	298	T	1	0	295	25.1220338983051
A_PB1	1649	298	T	1	0	298	27.2147651006711
A_PB1	1650	299	G	1	0	290	26.2620689655172
A_PB1	1651	300	T	0	0	297	26.0841750841751
A_PB1	1652	300	T	0	0	296	27.2871621621622
A_PB1	1653	300	C	0	0	297	26.8316498316498
A_PB1	1654	298	A	2	0	293	26.6245733788396
A_PB1	1655	301	T	0	0	301	26.156146179402
A_PB1	1656	298	C	3	0	296	27.4290540540541
A_PB1	1657	291	A	10	0	288	26.1493055555556
A_PB1	1658	295	A	6	0	293	25.7713310580205
A_PB1	1659	297	A	4	0	293	25.1433447098976
A_PB1	1660	296	G	5	0	294	26.8843537414966
A_PB1	1661	300	A	1	0	296	27.1824324324324
A_PB1	1662	297	T	4	0	294	25.8197278911565
A_PB1	1663	300	T	1	0	299	25.0167224080268
A_PB1	1664	301	A	0	0	288	26.5381944444444
A_PB1	1665	300	C	1	0	296	25.9966216216216
A_PB1	1666	298	A	3	0	286	24.8461538461538
A_PB1	1667	296	G	5	0	289	24.1522491349481
A_PB1	1668	300	A	1	0	298	23.5671140939597
A_PB1	1669	299	T	2	0	296	24.3344594594595
A_PB1	1670	290	A	11	0	284	23.9823943661972
A_PB1	1671	291	C	10	0	290	24.8379310344828
A_PB1	1672	299	A	2	0	295	23.6271186440678
A_PB1	1673	299	C	2	0	296	22.9527027027027
A_PB1	1674	298	G	3	0	293	22.5119453924915
A_PB1	1675	298	T	3	0	295	23.4610169491525
A_PB1	1676	300	A	1	0	297	26.2390572390572
A_PB1	1677	299	T	2	0	297	26.7239057239057
A_PB1	1678	301	C	0	0	296	26.5945945945946
A_PB1	1679	298	G	2	0	294	23.969387755102
A_PB1	1680	297	A	3	0	294	22.8231292517007
A_PB1	1681	300	T	0	0	299	22.6254180602007
A_PB1	1682	298	G	2	0	294	23.5170068027211
A_PB1	1683	298	C	2	0	296	24.6790540540541
A_PB1	1684	297	C	2	0	292	24.1643835616438
A_PB1	1685	296	A	3	0	293	22.7235494880546
A_PB1	1686	297	T	2	0	292	23.3630136986301
A_PB1	1687	282	A	17	0	281	21.8042704626335
A_PB1	1688	284	G	15	0	283	18.9434628975265
A_PB1	1689	294	A	5	0	288	18.84375
A_PB1	1690	287	G	12	0	287	20.8048780487805
A_PB1	1691	285	G	13	0	285	20.1298245614035
A_PB1	1692	287	A	11	0	279	19.6666666666667
A_PB1	1693	293	G	5	0	284	21.0316901408451
A_PB1	1694	287	A	12	0	283	21.547703180212
A_PB1	1695	289	C	10	0	284	21.4295774647887
A_PB1	1696	296	A	3	0	290	21.1793103448276
A_PB1	1697	295	C	4	0	292	39.3047945205479
A_PB1	1698	295	A	4	0	289	53.5121107266436
A_PB1	1699	296	C	3	0	289	54.4498269896194
A_PB1	1700	295	A	4	0	295	34.3627118644068
A_PB1	1701	298	A	1	0	298	23.5369127516779
A_PB1	1702	294	A	5	0	292	24.6712328767123
A_PB1	1703	292	T	7	0	289	24.8062283737024
A_PB1	1704	290	C	9	0	285	25.6035087719298
A_PB1	1705	297	C	2	0	292	21.4520547945205
A_PB1	1706	296	A	3	0	294	21.0612244897959
A_PB1	1707	297	A	2	0	296	22.8716216216216
A_PB1	1708	297	A	2	0	295	24.9864406779661
A_PB1	1709	299	C	0	0	296	23.8851351351351
A_PB1	1710	286	G	13	0	284	21.2852112676056
A_PB1	1711	289	A	10	0	285	20.7859649122807
A_PB1	1712	298	G	1	0	298	19.3859060402685
A_PB1	1713	298	A	1	0	295	21.0067796610169
A_PB1	1714	298	A	1	0	293	21.4266211604096
A_PB1	1715	297	G	2	0	292	19.2705479452055
A_PB1	1716	298	A	1	0	296	22.0236486486486
A_PB1	1717	298	T	1	0	297	20.983164983165
A_PB1	1718	297	C	2	0	297	22.040404040404
A_PB1	1719	296	A	3	0	293	22.9761092150171
A_PB1	1720	296	T	3	0	293	24.0921501706485
A_PB1	1721	296	T	3	0	293	26.0955631399317
A_PB1	1722	296	C	3	0	290	25.2827586206897
A_PB1	1723	294	G	5	0	293	20.8907849829352
A_PB1	1724	297	A	2	0	292	19.7739726027397
A_PB1	1725	296	G	3	0	294	20.1020408163265
A_PB1	1726	297	T	2	0	290	19.7586206896552
A_PB1	1727	299	T	0	0	291	20.6872852233677
A_PB1	1728	295	A	4	0	292	22.4760273972603
A_PB1	1729	285	A	14	0	283	25.0459363957597
A_PB1	1730	281	A	18	0	278	22.4604316546763
A_PB1	1731	278	G	21	0	272	25.7794117647059
A_PB1	1732	291	A	9	0	286	20.7692307692308
A_PB1	1733	293	A	7	0	290	19.3
A_PB1	1734	289	G	11	0	280	19.1214285714286
A_PB1	1735	292	C	8	0	279	18.2401433691756
A_PB1	1736	285	T	15	0	278	16.6115107913669
A_PB1	1737	284	G	16	0	250	15.472
A_PB1	1738	287	T	13	0	278	15.4064748201439
A_PB1	1739	283	G	17	0	267	15.8052434456929
A_PB1	1740	294	G	6	0	294	16.1156462585034
A_PB1	1741	299	G	1	0	298	19.1409395973154
A_PB1	1742	300	A	0	0	299	20.5819397993311
A_PB1	1743	300	T	0	0	299	23.257525083612
A_PB1	1744	297	C	3	0	296	25.152027027027
A_PB1	1745	292	A	8	0	287	23.0209059233449
A_PB1	1746	299	A	1	0	296	22.3783783783784
A_PB1	1747	300	A	0	0	291	22.7800687285223
A_PB1	1748	292	C	8	0	286	22.8566433566434
A_PB1	1749	296	C	4	0	289	21.6539792387543
A_PB1	1750	300	C	0	0	289	19.9930795847751
A_PB1	1751	300	A	0	0	300	21.44
A_PB1	1752	300	A	0	0	293	22.8907849829352
A_PB1	1753	299	T	1	0	298	23.6241610738255
A_PB1	1754	300	C	0	0	298	26.5167785234899
A_PB1	1755	292	A	8	0	288	24.3993055555556
A_PB1	1756	296	A	4	0	292	23.5787671232877
A_PB1	1757	293	G	7	0	288	21.6666666666667
A_PB1	1758	299	G	1	0	296	22.8547297297297
A_PB1	1759	299	A	1	0	298	22.9362416107383
A_PB1	1760	299	C	1	0	291	23.1855670103093
A_PB1	1761	298	A	2	0	285	20.5649122807018
A_PB1	1762	289	G	11	0	287	20.2439024390244
A_PB1	1763	294	G	6	0	286	19.0909090909091
A_PB1	1764	299	G	1	0	293	21.0034129692833
A_PB1	1765	298	C	2	0	293	20.8805460750853
A_PB1	1766	298	T	2	0	293	20.9761092150171
A_PB1	1767	298	A	2	0	296	22.1858108108108
A_PB1	1768	299	C	0	0	296	24.0168918918919
A_PB1	1769	298	T	1	0	294	24.1734693877551
A_PB1	1770	294	G	4	0	293	24.2730375426621
A_PB1	1771	295	G	3	0	292	24.0650684931507
A_PB1	1772	294	T	4	0	290	24.5689655172414
A_PB1	1773	294	A	4	0	293	24.8634812286689
A_PB1	1774	293	T	5	0	292	25.3219178082192
A_PB1	1775	293	C	5	0	291	26.2027491408935
A_PB1	1776	293	A	5	0	286	22.1328671328671
A_PB1	1777	296	G	2	0	293	21.1126279863481
A_PB1	1778	297	A	1	0	296	22.5067567567568
A_PB1	1779	295	T	3	0	294	23.7448979591837
A_PB1	1780	263	G	35	0	259	24.2818532818533
A_PB1	1781	289	G	9	0	287	22.4529616724739
A_PB1	1782	296	G	1	0	292	20.7876712328767
A_PB1	1783	295	G	2	0	292	21.0924657534247
A_PB1	1784	292	G	5	0	291	21.0790378006873
A_PB1	1785	293	A	4	0	290	21.5103448275862
A_PB1	1786	292	C	5	0	286	21.6048951048951
A_PB1	1787	296	C	1	0	291	21.0171821305842
A_PB1	1788	295	A	2	0	291	21.2199312714777
A_PB1	1789	296	A	1	0	295	21.9728813559322
A_PB1	1790	296	A	1	0	288	23.28125
A_PB1	1791	296	C	1	0	294	22.9183673469388
A_PB1	1792	279	T	18	0	276	22.6666666666667
A_PB1	1793	285	T	12	0	282	22.113475177305
A_PB1	1794	293	A	4	0	288	22.3506944444444
A_PB1	1795	296	T	1	0	290	21.6586206896552
A_PB1	1796	295	A	2	0	291	20.8041237113402
A_PB1	1797	296	C	1	0	293	22.0750853242321
A_PB1	1798	290	A	7	0	288	22.28125
A_PB1	1799	295	A	2	0	293	22.7064846416382
A_PB1	1800	295	T	2	0	287	24.5923344947735
A_PB1	1801	296	A	1	0	291	25.1546391752577
A_PB1	1802	296	T	1	0	293	25.382252559727
A_PB1	1803	284	C	13	0	280	26.9785714285714
A_PB1	1804	295	C	2	0	284	21.0035211267606
A_PB1	1805	282	G	15	0	279	18.8709677419355
A_PB1	1806	293	G	4	0	291	19.6563573883162
A_PB1	1807	291	A	6	0	288	20.4375
A_PB1	1808	293	A	4	0	290	22.7758620689655
A_PB1	1809	292	T	5	0	289	22.6643598615917
A_PB1	1810	292	C	5	0	287	23.0836236933798
A_PB1	1811	293	T	4	0	291	23.9518900343643
A_PB1	1812	295	T	2	0	295	24.2203389830508
A_PB1	1813	287	C	10	0	281	25.0996441281139
A_PB1	1814	287	A	10	0	281	23.508896797153
A_PB1	1815	293	C	4	0	289	21.7820069204152
A_PB1	1816	293	A	4	0	291	22.4123711340206
A_PB1	1817	292	T	5	0	290	22.5793103448276
A_PB1	1818	274	C	23	0	272	23.875
A_PB1	1819	290	C	7	0	286	22.3671328671329
A_PB1	1820	290	C	7	0	287	19.808362369338
A_PB1	1821	287	T	10	0	278	19.3597122302158
A_PB1	1822	291	G	6	0	284	20.443661971831
A_PB1	1823	294	A	3	0	292	21.3904109589041
A_PB1	1824	293	A	4	0	291	20.6151202749141
A_PB1	1825	293	G	4	0	292	21.9794520547945
A_PB1	1826	295	T	2	0	291	23.1786941580756
A_PB1	1827	294	C	3	0	291	24.4329896907216
A_PB1	1828	291	T	6	0	288	23.7534722222222
A_PB1	1829	294	G	3	0	288	24.9513888888889
A_PB1	1830	290	C	6	0	287	24.0174216027875
A_PB1	1831	288	T	7	0	287	23.7770034843206
A_PB1	1832	292	T	3	0	290	22.948275862069
A_PB1	1833	286	A	8	0	282	24.2765957446809
A_PB1	1834	290	A	4	0	288	23.8472222222222
A_PB1	1835	290	A	4	0	288	23.1215277777778
A_PB1	1836	288	G	6	0	281	24.9430604982206
A_PB1	1837	286	T	8	0	279	23.15770609319
A_PB1	1838	281	G	13	0	275	23.2472727272727
A_PB1	1839	292	G	2	0	288	22.3784722222222
A_PB1	1840	292	G	2	0	290	23.2724137931034
A_PB1	1841	288	A	6	0	287	24.7247386759582
A_PB1	1842	292	G	2	0	287	23.1672473867596
A_PB1	1843	292	C	2	0	288	23.1597222222222
A_PB1	1844	289	T	5	0	283	23.6325088339223
A_PB1	1845	292	G	3	0	289	24.7923875432526
A_PB1	1846	294	A	2	0	290	26.5275862068966
A_PB1	1847	294	T	2	0	291	26.8522336769759
A_PB1	1848	291	G	5	0	290	26.4206896551724
A_PB1	1849	293	G	3	0	291	24.8831615120275
A_PB1	1850	294	A	2	0	291	24.680412371134
A_PB1	1851	293	T	3	0	286	25.1503496503496
A_PB1	1852	294	G	2	0	290	23.2310344827586
A_PB1	1853	291	A	5	0	288	23.3541666666667
A_PB1	1854	283	G	13	0	280	20.3785714285714
A_PB1	1855	285	A	11	0	281	20.4128113879004
A_PB1	1856	290	A	6	0	280	20.1428571428571
A_PB1	1857	290	T	6	0	278	21.3057553956835
A_PB1	1858	295	T	1	0	292	22.6541095890411
A_PB1	1859	295	A	1	0	287	22.801393728223
A_PB1	1860	294	T	2	0	290	23.1310344827586
A_PB1	1861	290	C	6	0	288	24.6493055555556
A_PB1	1862	263	G	33	0	233	16.1931330472103
A_PB1	1863	289	G	7	0	278	14.9172661870504
A_PB1	1864	292	G	4	0	285	15.5684210526316
A_PB1	1865	294	G	2	0	288	18.7152777777778
A_PB1	1866	293	A	3	0	289	19.6055363321799
A_PB1	1867	291	A	5	0	288	18.8645833333333
A_PB1	1868	291	G	5	0	280	19.7928571428571
A_PB1	1869	292	A	4	0	287	21.8850174216028
A_PB1	1870	291	C	5	0	288	21.28125
A_PB1	1871	284	T	12	0	281	21.3594306049822
A_PB1	1872	291	T	5	0	288	24.2673611111111
A_PB1	1873	286	T	10	0	280	25.2821428571429
A_PB1	1874	287	G	9	0	277	23.4187725631769
A_PB1	1875	290	T	7	0	278	21.8884892086331
A_PB1	1876	290	A	9	0	286	21.5489510489511
A_PB1	1877	292	A	7	0	291	21.6769759450172
A_PB1	1878	287	T	12	0	282	22.6063829787234
A_PB1	1879	197	C	102	0	193	25.2538860103627
A_PB1	1880	261	C	38	0	258	24.5271317829457
A_PB1	1881	277	C	22	0	269	22.996282527881
A_PB1	1882	295	C	4	0	294	21.0510204081633
A_PB1	1883	286	T	13	0	282	19.7978723404255
A_PB1	1884	292	G	7	0	287	21.205574912892
A_PB1	1885	296	A	3	0	290	23.6689655172414
A_PB1	1886	296	A	3	0	294	23.4897959183673
A_PB1	1887	295	T	4	0	293	24.061433447099
A_PB1	1888	259	C	40	0	259	24.2934362934363
A_PB1	1889	298	C	1	0	292	22.8835616438356
A_PB1	1890	295	C	4	0	289	19.4809688581315
A_PB1	1891	280	T	19	0	276	18.8659420289855
A_PB1	1892	295	T	4	0	288	21.8645833333333
A_PB1	1893	296	T	3	0	295	24.7694915254237
A_PB1	1894	297	G	2	0	289	22.8615916955017
A_PB1	1895	296	T	3	0	282	22.6560283687943
A_PB1	1896	290	A	9	0	282	22.4645390070922
A_PB1	1897	291	A	8	0	285	22.7263157894737
A_PB1	1898	292	G	7	0	283	21.1554770318021
A_PB1	1899	296	C	3	0	290	21.3310344827586
A_PB1	1900	295	C	4	0	289	21.5640138408305
A_PB1	1901	291	A	8	0	288	21.3125
A_PB1	1902	290	T	9	0	287	23.0418118466899
A_PB1	1903	286	A	13	0	284	24.2288732394366
A_PB1	1904	290	A	9	0	287	25.0383275261324
A_PB1	1905	287	A	12	0	282	23.3120567375887
A_PB1	1906	288	G	11	0	288	24.5138888888889
A_PB1	1907	292	A	7	0	287	19.2787456445993
A_PB1	1908	294	A	5	0	293	18.7098976109215
A_PB1	1909	297	A	2	0	294	19.8231292517007
A_PB1	1910	296	T	3	0	292	19.8356164383562
A_PB1	1911	297	T	2	0	294	22.9013605442177
A_PB1	1912	296	G	3	0	295	22.4
A_PB1	1913	298	A	1	0	295	23.3254237288136
A_PB1	1914	298	A	1	0	297	24.2323232323232
A_PB1	1915	297	T	2	0	295	25.2508474576271
A_PB1	1916	298	C	1	0	295	25.0745762711864
A_PB1	1917	292	T	7	0	291	24.9347079037801
A_PB1	1918	296	G	3	0	288	23.3194444444444
A_PB1	1919	295	T	4	0	288	22.9930555555556
A_PB1	1920	294	A	5	0	292	23.4828767123288
A_PB1	1921	298	A	1	0	294	24.1632653061224
A_PB1	1922	298	A	1	0	290	24.9724137931034
A_PB1	1923	298	C	1	0	295	24.6338983050847
A_PB1	1924	296	A	3	0	292	24.6746575342466
A_PB1	1925	294	A	5	0	292	24.5616438356164
A_PB1	1926	291	T	8	0	291	26.3505154639175
A_PB1	1927	292	G	7	0	292	26.5239726027397
A_PB1	1928	293	C	5	0	264	26.0075757575758
A_PB1	1929	290	T	8	0	289	24.8650519031142
A_PB1	1930	288	G	10	0	286	24.1293706293706
A_PB1	1931	288	T	10	0	282	22.9468085106383
A_PB1	1932	287	A	11	0	282	21.1560283687943
A_PB1	1933	292	G	6	0	283	19.6360424028269
A_PB1	1934	293	T	5	0	285	19.9508771929825
A_PB1	1935	295	A	3	0	293	20.9726962457338
A_PB1	1936	294	A	4	0	291	22.0171821305842
A_PB1	1937	295	T	3	0	291	24.0790378006873
A_PB1	1938	295	G	3	0	287	24.7491289198606
A_PB1	1939	291	C	7	0	289	23.0726643598616
A_PB1	1940	293	C	5	0	287	22.8710801393728
A_PB1	1941	293	A	5	0	287	21.0731707317073
A_PB1	1942	290	G	8	0	285	20.5824561403509
A_PB1	1943	287	C	11	0	280	20.8928571428571
A_PB1	1944	294	C	4	0	288	20.8611111111111
A_PB1	1945	295	C	3	0	287	20.801393728223
A_PB1	1946	295	A	3	0	293	21.4061433447099
A_PB1	1947	292	T	6	0	290	21.1068965517241
A_PB1	1948	295	G	3	0	292	22.9349315068493
A_PB1	1949	296	G	2	0	286	23.506993006993
A_PB1	1950	297	T	1	0	292	25.4212328767123
A_PB1	1951	287	C	11	0	278	24.8956834532374
A_PB1	1952	296	C	2	0	284	22.6514084507042
A_PB1	1953	296	G	2	0	280	20.45
A_PB1	1954	296	G	2	0	290	19.7689655172414
A_PB1	1955	296	C	2	0	295	19.6949152542373
A_PB1	1956	295	C	3	0	292	19.4452054794521
A_PB1	1957	279	A	19	0	277	20.7978339350181
A_PB1	1958	290	A	8	0	288	21.8472222222222
A_PB1	1959	294	A	3	0	294	23.4285714285714
A_PB1	1960	294	A	3	0	288	24.7986111111111
A_PB1	1961	295	G	2	0	293	25.1638225255973
A_PB1	1962	293	T	4	0	288	23.1666666666667
A_PB1	1963	292	A	5	0	289	23.5432525951557
A_PB1	1964	293	T	4	0	291	23.8281786941581
A_PB1	1965	285	G	12	0	281	24.4697508896797
A_PB1	1966	296	G	1	0	293	22.7269624573379
A_PB1	1967	295	A	2	0	291	24.7182130584192
A_PB1	1968	296	A	1	0	295	26.3254237288136
A_PB1	1969	296	T	1	0	294	29.2857142857143
A_PB1	1970	296	A	1	0	294	27.5612244897959
A_PB1	1971	295	T	2	0	291	26.2233676975945
A_PB1	1972	296	G	1	0	295	25.8203389830508
A_PB1	1973	296	A	1	0	293	25.6621160409556
A_PB1	1974	296	T	1	0	293	25.2935153583618
A_PB1	1975	296	G	1	0	290	24.7172413793103
A_PB1	1976	294	C	3	0	291	23.8487972508591
A_PB1	1977	296	C	1	0	287	22.9337979094077
A_PB1	1978	295	G	2	0	286	21.7447552447552
A_PB1	1979	295	T	2	0	292	22.9486301369863
A_PB1	1980	293	T	3	0	290	23.8034482758621
A_PB1	1981	291	G	5	0	287	22.3031358885017
A_PB1	1982	288	C	8	0	276	23.7028985507246
A_PB1	1983	285	G	11	0	280	20.9714285714286
A_PB1	1984	288	A	8	0	283	20.9363957597173
A_PB1	1985	291	C	5	0	280	22.0142857142857
A_PB1	1986	291	T	5	0	283	22.7879858657244
A_PB1	1987	278	A	18	0	272	23.0625
A_PB1	1988	276	C	20	0	271	23.0664206642066
A_PB1	1989	287	A	9	0	285	22.5649122807018
A_PB1	1990	288	C	8	0	279	32.9641577060932
A_PB1	1991	281	A	15	0	274	41.6094890510949
A_PB1	1992	290	C	6	0	286	26.2552447552448
A_PB1	1993	284	T	12	0	276	19.5144927536232
A_PB1	1994	274	C	22	0	263	21.0950570342205
A_PB1	1995	292	C	4	0	290	20.5413793103448
A_PB1	1996	293	T	3	0	289	18.7301038062284
A_PB1	1997	278	G	18	0	271	21.1549815498155
A_PB1	1998	295	G	1	0	294	23.6190476190476
A_PB1	1999	294	A	2	0	292	23.1267123287671
A_PB1	2000	291	T	5	0	289	24.1868512110727
A_PB1	2001	290	T	6	0	289	24.318339100346
A_PB1	2002	280	C	16	0	279	25.5519713261649
A_PB1	2003	289	C	7	0	287	24.5156794425087
A_PB1	2004	290	C	6	0	285	23.1789473684211
A_PB1	2005	258	A	38	0	256	22.64453125
A_PB1	2006	294	A	2	0	292	22.9794520547945
A_PB1	2007	296	A	0	0	295	22.7389830508475
A_PB1	2008	294	A	2	0	291	22.3814432989691
A_PB1	2009	292	G	4	0	289	25.2595155709343
A_PB1	2010	295	G	1	0	294	22.0714285714286
A_PB1	2011	292	A	4	0	289	21.2629757785467
A_PB1	2012	292	A	4	0	285	22.1929824561403
A_PB1	2013	289	C	7	0	288	23.3611111111111
A_PB1	2014	296	C	0	0	284	21.9295774647887
A_PB1	2015	294	G	2	0	283	20.8374558303887
A_PB1	2016	291	A	5	0	282	21.4503546099291
A_PB1	2017	291	T	5	0	290	21.6586206896552
A_PB1	2018	293	C	3	0	292	21.8047945205479
A_PB1	2019	294	T	3	0	291	20.4432989690722
A_PB1	2020	294	A	3	0	292	20.6986301369863
A_PB1	2021	293	T	4	0	289	22.8927335640138
A_PB1	2022	296	T	1	0	292	24.1472602739726
A_PB1	2023	295	C	4	0	293	24.0955631399317
A_PB1	2024	294	T	5	0	288	22.8888888888889
A_PB1	2025	295	A	4	0	292	22.5616438356164
A_PB1	2026	299	A	1	0	298	23.1677852348993
A_PB1	2027	296	A	4	0	290	23.548275862069
A_PB1	2028	297	C	4	0	294	23.9557823129252
A_PB1	2029	298	A	3	0	288	23.4791666666667
A_PB1	2030	296	C	4	0	292	28.9623287671233
A_PB1	2031	297	A	3	0	289	34.0415224913495
A_PB1	2032	299	A	1	0	293	24.6587030716724
A_PB1	2033	295	G	5	0	288	22.3784722222222
A_PB1	2034	293	C	7	0	287	22.5191637630662
A_PB1	2035	298	C	2	0	291	22.192439862543
A_PB1	2036	270	A	30	0	267	21.7191011235955
A_PB1	2037	294	A	6	0	291	23.0481099656357
A_PB1	2038	256	A	44	0	253	18.3162055335968
A_PB1	2039	213	G	87	0	196	18.765306122449
A_PB1	2040	288	G	12	0	285	18.1298245614035
A_PB1	2041	294	G	6	0	292	19.4006849315068
A_PB1	2042	295	G	5	0	292	19.7568493150685
A_PB1	2043	296	A	4	0	292	21.3938356164384
A_PB1	2044	297	A	3	0	296	20.6621621621622
A_PB1	2045	291	T	9	0	290	21.5275862068966
A_PB1	2046	285	C	15	0	282	24.2978723404255
A_PB1	2047	295	C	5	0	282	22.0390070921986
A_PB1	2048	289	T	11	0	272	21.4448529411765
A_PB1	2049	295	T	5	0	284	22.2147887323944
A_PB1	2050	297	G	3	0	297	22.4612794612795
A_PB1	2051	299	A	1	0	290	22.3068965517241
A_PB1	2052	296	G	4	0	295	21.5423728813559
A_PB1	2053	299	G	1	0	298	22.1375838926174
A_PB1	2054	300	A	0	0	298	21.493288590604
A_PB1	2055	299	T	1	0	297	24.2760942760943
A_PB1	2056	299	G	1	0	297	24.973063973064
A_PB1	2057	299	A	1	0	299	25.3311036789298
A_PB1	2058	300	A	0	0	297	25.3232323232323
A_PB1	2059	300	C	0	0	299	25.3511705685619
A_PB1	2060	300	A	0	0	299	25.2307692307692
A_PB1	2061	300	A	0	0	300	26.97
A_PB1	2062	299	A	1	0	297	27.0942760942761
A_PB1	2063	298	T	2	0	297	27.5218855218855
A_PB1	2064	300	G	0	0	296	26.8108108108108
A_PB1	2065	299	T	1	0	294	25.5850340136054
A_PB1	2066	300	A	1	0	297	24.4276094276094
A_PB1	2067	298	C	3	0	292	23.972602739726
A_PB1	2068	299	C	2	0	298	23.7315436241611
A_PB1	2069	253	A	48	0	250	22.988
A_PB1	2070	255	G	46	0	255	18.6470588235294
A_PB1	2071	297	A	4	0	295	19.2338983050847
A_PB1	2072	300	A	1	0	295	19.8610169491525
A_PB1	2073	297	G	4	0	290	20.9103448275862
A_PB1	2074	296	T	5	0	293	22.2047781569966
A_PB1	2075	298	G	4	0	292	24.0719178082192
A_PB1	2076	297	C	5	0	291	24.5429553264605
A_PB1	2077	295	T	7	0	292	24.8184931506849
A_PB1	2078	299	G	3	0	293	23.3139931740614
A_PB1	2079	297	C	5	0	293	23.037542662116
A_PB1	2080	298	A	4	0	297	23.4915824915825
A_PB1	2081	299	A	3	0	294	23.2619047619048
A_PB1	2082	301	C	1	0	301	23.3089700996678
A_PB1	2083	297	T	4	0	292	23.5753424657534
A_PB1	2084	297	T	4	0	296	23.9662162162162
A_PB1	2085	299	G	2	0	298	26.0503355704698
A_PB1	2086	299	T	2	0	295	26.4508474576271
A_PB1	2087	299	T	2	0	293	27.0682593856655
A_PB1	2088	296	C	5	0	291	25.5463917525773
A_PB1	2089	272	G	29	0	265	20.3849056603774
A_PB1	2090	284	A	17	0	279	19.2222222222222
A_PB1	2091	292	G	9	0	290	18.6862068965517
A_PB1	2092	298	A	3	0	294	18.6938775510204
A_PB1	2093	300	A	1	0	296	20.2804054054054
A_PB1	2094	295	A	5	0	292	22.6849315068493
A_PB1	2095	246	T	54	0	239	22.3096234309623
A_PB1	2096	299	T	1	0	296	24.5101351351351
A_PB1	2097	300	T	0	0	297	26.2592592592593
A_PB1	2098	300	T	0	0	299	30.5852842809365
A_PB1	2099	296	T	3	0	287	24.6968641114983
A_PB1	2100	282	C	17	0	277	24.4945848375451
A_PB1	2101	295	C	4	0	292	23.0787671232877
A_PB1	2102	294	C	5	0	289	19.6505190311419
A_PB1	2103	290	T	9	0	284	20.2922535211268
A_PB1	2104	297	A	2	0	292	21.0993150684932
A_PB1	2105	299	G	0	0	295	22.1016949152542
A_PB1	2106	299	T	0	0	292	23.0205479452055
A_PB1	2107	299	A	0	0	290	23.0103448275862
A_PB1	2108	299	G	0	0	294	22.9625850340136
A_PB1	2109	299	T	0	0	298	24.0201342281879
A_PB1	2110	299	T	0	0	296	25.0608108108108
A_PB1	2111	297	C	2	0	296	25.3513513513514
A_PB1	2112	289	A	10	0	282	25.145390070922
A_PB1	2113	289	T	10	0	287	24.8048780487805
A_PB1	2114	299	A	0	0	295	24.2949152542373
A_PB1	2115	299	T	0	0	293	29.1092150170648
A_PB1	2116	292	A	7	0	284	27.9647887323944
A_PB1	2117	292	G	7	0	291	22.7250859106529
A_PB1	2118	297	G	2	0	294	20.7993197278912
A_PB1	2119	297	A	2	0	294	19.5102040816327
A_PB1	2120	296	G	3	0	294	21.8027210884354
A_PB1	2121	297	A	2	0	294	23.3197278911565
A_PB1	2122	298	C	1	0	293	23.3924914675768
A_PB1	2123	297	C	2	0	291	22.7903780068729
A_PB1	2124	297	G	2	0	294	22.8537414965986
A_PB1	2125	297	A	2	0	292	22.8527397260274
A_PB1	2126	296	T	3	0	296	23.152027027027
A_PB1	2127	298	T	1	0	296	24.1081081081081
A_PB1	2128	288	G	11	0	287	25.6202090592334
A_PB1	2129	291	G	8	0	290	24.0793103448276
A_PB1	2130	290	A	9	0	290	23.9034482758621
A_PB1	2131	298	A	1	0	296	24.7297297297297
A_PB1	2132	295	T	4	0	291	24.5360824742268
A_PB1	2133	298	T	1	0	297	26.7441077441077
A_PB1	2134	291	T	8	0	287	27.5783972125436
A_PB1	2135	287	C	12	0	285	29.2631578947368
A_PB1	2136	292	T	7	0	286	25.8496503496504
A_PB1	2137	292	A	7	0	285	24.6701754385965
A_PB1	2138	293	G	6	0	291	23.6632302405498
A_PB1	2139	298	C	1	0	292	23.0342465753425
A_PB1	2140	297	A	2	0	297	23.3569023569024
A_PB1	2141	298	T	1	0	296	23.847972972973
A_PB1	2142	296	G	3	0	296	24.6418918918919
A_PB1	2143	297	G	3	0	296	22.8344594594595
A_PB1	2144	299	T	1	0	296	22.4662162162162
A_PB1	2145	298	G	2	0	296	23.1418918918919
A_PB1	2146	298	G	2	0	296	23.2635135135135
A_PB1	2147	299	A	1	0	296	22.1216216216216
A_PB1	2148	297	G	3	0	292	22.3527397260274
A_PB1	2149	300	G	0	0	293	21.6587030716724
A_PB1	2150	300	C	0	0	295	21.135593220339
A_PB1	2151	299	C	1	0	293	21.5938566552901
A_PB1	2152	299	A	1	0	295	22.8169491525424
A_PB1	2153	298	T	1	0	293	23.1467576791809
A_PB1	2154	298	G	1	0	292	23.8972602739726
A_PB1	2155	298	G	1	0	294	22.4013605442177
A_PB1	2156	298	T	1	0	289	22.7024221453287
A_PB1	2157	297	A	2	0	292	22.8493150684932
A_PB1	2158	299	T	0	0	294	24.265306122449
A_PB1	2159	297	C	2	0	294	25.1020408163265
A_PB1	2160	295	T	4	0	288	24.5381944444444
A_PB1	2161	293	A	6	0	277	21.1083032490975
A_PB1	2162	292	G	7	0	284	20.1654929577465
A_PB1	2163	297	G	2	0	291	18.7044673539519
A_PB1	2164	296	G	3	0	288	19.9479166666667
A_PB1	2165	252	C	47	0	244	19.9262295081967
A_PB1	2166	289	C	10	0	275	18.5745454545455
A_PB1	2167	296	C	2	0	274	16.9014598540146
A_PB1	2168	294	G	4	0	269	15.6431226765799
A_PB1	2169	291	G	7	0	289	16.5778546712803
A_PB1	2170	279	A	19	0	276	18
A_PB1	2171	294	T	4	0	291	19.5773195876289
A_PB1	2172	298	T	0	0	296	21.0472972972973
A_PB1	2173	298	G	0	0	296	22.2094594594595
A_PB1	2174	298	A	0	0	293	26.1092150170648
A_PB1	2175	298	T	0	0	297	25.6363636363636
A_PB1	2176	294	G	4	0	293	23.7576791808874
A_PB1	2177	279	C	19	0	277	22.4332129963899
A_PB1	2178	297	C	1	0	294	20.9013605442177
A_PB1	2179	291	A	7	0	288	19.34375
A_PB1	2180	292	G	6	0	291	17.9381443298969
A_PB1	2181	293	A	5	0	291	19.0343642611684
A_PB1	2182	297	A	1	0	291	22.0996563573883
A_PB1	2183	295	T	3	0	288	22.5208333333333
A_PB1	2184	297	T	1	0	295	24.6237288135593
A_PB1	2185	295	G	3	0	294	25.3639455782313
A_PB1	2186	295	A	3	0	293	25.9829351535836
A_PB1	2187	295	C	2	0	291	25.4020618556701
A_PB1	2188	291	T	6	0	285	25.1543859649123
A_PB1	2189	294	T	3	0	290	25.2310344827586
A_PB1	2190	293	C	4	0	287	23.8466898954704
A_PB1	2191	292	G	5	0	287	18.5331010452962
A_PB1	2192	294	A	3	0	289	18.3840830449827
A_PB1	2193	296	A	1	0	292	20.4554794520548
A_PB1	2194	297	T	0	0	295	21.8474576271186
A_PB1	2195	297	C	0	0	296	23.3952702702703
A_PB1	2196	293	T	4	0	291	25.1305841924399
A_PB1	2197	284	G	13	0	283	25.583038869258
A_PB1	2198	294	G	3	0	294	24.0340136054422
A_PB1	2199	294	A	3	0	292	24.0547945205479
A_PB1	2200	296	A	1	0	294	25.6496598639456
A_PB1	2201	294	G	3	0	291	25.7525773195876
A_PB1	2202	294	G	3	0	289	22.2456747404844
A_PB1	2203	292	A	5	0	289	21.9065743944637
A_PB1	2204	292	T	5	0	289	21.9688581314879
A_PB1	2205	296	T	1	0	292	22.9383561643836
A_PB1	2206	270	A	27	0	269	23.7397769516729
A_PB1	2207	288	A	9	0	285	22.6526315789474
A_PB1	2208	289	G	8	0	287	19.7177700348432
A_PB1	2209	294	A	3	0	289	22.2179930795848
A_PB1	2210	294	A	3	0	294	22.5068027210884
A_PB1	2211	287	G	10	0	287	22.2648083623693
A_PB1	2212	294	G	2	0	294	22.0204081632653
A_PB1	2213	294	A	2	0	293	20.9249146757679
A_PB1	2214	296	A	0	0	294	22.4591836734694
A_PB1	2215	285	G	11	0	284	21.556338028169
A_PB1	2216	292	A	4	0	289	21.363321799308
A_PB1	2217	294	G	1	0	290	21.3137931034483
A_PB1	2218	292	T	3	0	288	19.8090277777778
A_PB1	2219	289	T	6	0	288	22.8854166666667
A_PB1	2220	290	C	5	0	287	24.9094076655052
A_PB1	2221	294	T	1	0	292	26.4657534246575
A_PB1	2222	294	C	1	0	290	30.9586206896552
A_PB1	2223	291	T	4	0	285	28.9473684210526
A_PB1	2224	291	G	4	0	288	25.2604166666667
A_PB1	2225	294	A	1	0	291	25.5154639175258
A_PB1	2226	280	G	15	0	277	23.3140794223827
A_PB1	2227	294	A	1	0	292	23.3493150684932
A_PB1	2228	294	T	1	0	293	23.6621160409556
A_PB1	2229	293	C	2	0	292	24.6267123287671
A_PB1	2230	290	A	5	0	288	26.1319444444444
A_PB1	2231	291	T	4	0	291	25.1512027491409
A_PB1	2232	290	G	5	0	290	24.7034482758621
A_PB1	2233	290	A	4	0	284	24.8908450704225
A_PB1	2234	288	A	6	0	286	25.7447552447552
A_PB1	2235	289	G	5	0	287	23.5679442508711
A_PB1	2236	292	A	2	0	287	23.4773519163763
A_PB1	2237	294	T	0	0	293	21.7713310580205
A_PB1	2238	294	C	0	0	288	22.4930555555556
A_PB1	2239	291	T	2	0	278	23.0035971223022
A_PB1	2240	293	G	0	0	289	24.0726643598616
A_PB1	2241	292	T	1	0	290	25.2379310344828
A_PB1	2242	293	T	0	0	287	26.7421602787456
A_PB1	2243	291	C	2	0	288	27.2881944444444
A_PB1	2244	291	C	2	0	289	25.5259515570934
A_PB1	2245	291	A	2	0	289	24.1833910034602
A_PB1	2246	292	C	1	0	288	24.2361111111111
A_PB1	2247	291	C	2	0	289	25.1072664359862
A_PB1	2248	291	A	2	0	291	24.8900343642612
A_PB1	2249	291	T	2	0	288	25.3611111111111
A_PB1	2250	292	T	1	0	291	26.7938144329897
A_PB1	2251	293	G	0	0	291	25.1237113402062
A_PB1	2252	292	A	1	0	289	25.7785467128028
A_PB1	2253	293	A	0	0	292	26.0376712328767
A_PB1	2254	292	G	1	0	288	24.3055555555556
A_PB1	2255	293	A	0	0	292	26.7842465753425
A_PB1	2256	293	A	0	0	291	27.0790378006873
A_PB1	2257	290	C	3	0	288	26.9583333333333
A_PB1	2258	292	T	1	0	287	27.5679442508711
A_PB1	2259	293	C	0	0	292	27.6301369863014
A_PB1	2260	286	A	6	0	284	26.1232394366197
A_PB1	2261	292	A	0	0	286	25.8566433566434
A_PB1	2262	291	A	1	0	285	25.2245614035088
A_PB1	2263	291	C	1	0	288	22.9479166666667
A_PB1	2264	288	G	4	0	277	20.4187725631769
A_PB1	2265	289	G	2	0	288	18.7569444444444
A_PB1	2266	289	C	2	0	288	19.5868055555556
A_PB1	2267	290	A	1	0	289	20.5397923875433
A_PB1	2268	290	A	0	0	289	23.0692041522491
A_PB1	2269	289	A	0	0	288	25.2743055555556
A_PB1	2270	289	A	0	0	289	36.6608996539792
A_PB1	2271	276	A	0	0	274	33.8065693430657
A_PB1	2272	262	T	0	0	261	29.4099616858238
A_PB1	2273	262	A	0	0	262	26.7328244274809
A_PB1	2274	261	A	0	0	261	26.0153256704981
