Reference_Name	Position	Coverage Depth	Consensus	Deletions	Ambiguous	Consensus_Count	Consensus_Average_Quality
A_HA_H1	1	133	A	0	0	133	19.4887218045113
A_HA_H1	2	133	T	0	0	133	18.9097744360902
A_HA_H1	3	137	G	0	0	137	17.2554744525547
A_HA_H1	4	138	A	0	0	137	17.0510948905109
A_HA_H1	5	139	A	0	0	138	16.7028985507246
A_HA_H1	6	139	G	0	0	139	16.6690647482014
A_HA_H1	7	139	G	0	0	138	18.4130434782609
A_HA_H1	8	139	C	0	0	138	17.3840579710145
A_HA_H1	9	140	A	0	0	138	17.3695652173913
A_HA_H1	10	140	A	0	0	140	17.5142857142857
A_HA_H1	11	140	T	0	0	139	16.6762589928058
A_HA_H1	12	140	A	0	0	134	16.4253731343284
A_HA_H1	13	140	C	0	0	138	15.7101449275362
A_HA_H1	14	139	T	1	0	137	15.7299270072993
A_HA_H1	15	139	A	1	0	132	15.4469696969697
A_HA_H1	16	140	G	0	0	137	14.8394160583942
A_HA_H1	17	139	T	1	0	138	15.4275362318841
A_HA_H1	18	138	A	2	0	136	15.5514705882353
A_HA_H1	19	139	G	1	0	138	15.7028985507246
A_HA_H1	20	139	T	1	0	134	16.0223880597015
A_HA_H1	21	140	T	0	0	139	16.3453237410072
A_HA_H1	22	139	C	1	0	136	17.0367647058824
A_HA_H1	23	140	T	0	0	140	17.4285714285714
A_HA_H1	24	140	G	0	0	140	18.6
A_HA_H1	25	140	C	0	0	140	18.7285714285714
A_HA_H1	26	140	T	0	0	140	18.85
A_HA_H1	27	140	A	0	0	138	17.7391304347826
A_HA_H1	28	140	T	0	0	140	17.15
A_HA_H1	29	139	A	1	0	139	17.6474820143885
A_HA_H1	30	138	T	2	0	137	28.4890510948905
A_HA_H1	31	139	A	1	0	138	18.231884057971
A_HA_H1	32	139	C	1	0	139	17.0287769784173
A_HA_H1	33	138	A	2	0	135	16.3407407407407
A_HA_H1	34	136	T	4	0	134	16.6417910447761
A_HA_H1	35	138	T	2	0	136	16.6691176470588
A_HA_H1	36	138	T	2	0	138	17.2608695652174
A_HA_H1	37	135	A	5	0	133	17.3007518796992
A_HA_H1	38	136	C	4	0	135	17.1481481481481
A_HA_H1	39	137	A	3	0	136	16.25
A_HA_H1	40	140	A	0	0	139	15.7410071942446
A_HA_H1	41	140	C	0	0	138	15.5724637681159
A_HA_H1	42	140	C	0	0	137	14.9197080291971
A_HA_H1	43	140	G	0	0	138	12.9275362318841
A_HA_H1	44	140	C	0	0	139	12.9352517985612
A_HA_H1	45	136	A	4	0	135	12.8740740740741
A_HA_H1	46	140	A	0	0	139	13.4964028776978
A_HA_H1	47	140	A	0	0	139	17.3165467625899
A_HA_H1	48	140	T	0	0	140	18.3285714285714
A_HA_H1	49	140	G	0	0	140	17.4857142857143
A_HA_H1	50	139	C	1	0	137	18.2992700729927
A_HA_H1	51	140	A	0	0	140	18.1928571428571
A_HA_H1	52	140	G	0	0	140	16.9928571428571
A_HA_H1	53	140	A	0	0	140	16.95
A_HA_H1	54	139	C	1	0	138	17.2826086956522
A_HA_H1	55	140	A	0	0	140	17.4214285714286
A_HA_H1	56	140	C	0	0	140	23.35
A_HA_H1	57	140	A	0	0	140	19.1
A_HA_H1	58	139	T	1	0	137	17.4671532846715
A_HA_H1	59	139	T	1	0	139	17.5467625899281
A_HA_H1	60	140	A	0	0	139	16.7985611510791
A_HA_H1	61	140	T	0	0	138	16.8985507246377
A_HA_H1	62	140	G	0	0	139	17.589928057554
A_HA_H1	63	140	T	0	0	137	16.6788321167883
A_HA_H1	64	140	A	0	0	140	16.95
A_HA_H1	65	139	T	1	0	138	16.2608695652174
A_HA_H1	66	139	A	1	0	139	16.1654676258993
A_HA_H1	67	138	G	2	0	137	16.3868613138686
A_HA_H1	68	140	G	0	0	136	16.7647058823529
A_HA_H1	69	140	T	0	0	140	17.65
A_HA_H1	70	140	T	0	0	138	18.0942028985507
A_HA_H1	71	140	A	0	0	139	17.6690647482014
A_HA_H1	72	140	T	0	0	140	17.6428571428571
A_HA_H1	73	140	C	0	0	134	17.1791044776119
A_HA_H1	74	140	A	0	0	139	16.5971223021583
A_HA_H1	75	140	T	0	0	139	16.6115107913669
A_HA_H1	76	140	G	0	0	138	16.7028985507246
A_HA_H1	77	140	C	0	0	135	16.2814814814815
A_HA_H1	78	138	G	2	0	126	13.7698412698413
A_HA_H1	79	139	A	1	0	138	13.2101449275362
A_HA_H1	80	139	A	1	0	138	13.1376811594203
A_HA_H1	81	138	C	2	0	132	13.8409090909091
A_HA_H1	82	138	A	2	0	136	17.3235294117647
A_HA_H1	83	139	A	1	0	135	17.2296296296296
A_HA_H1	84	139	T	1	0	139	16.7769784172662
A_HA_H1	85	139	T	1	0	138	17.768115942029
A_HA_H1	86	137	C	3	0	134	17.5074626865672
A_HA_H1	87	136	A	4	0	134	17.589552238806
A_HA_H1	88	140	A	0	0	140	18.3214285714286
A_HA_H1	89	140	C	0	0	136	18.7720588235294
A_HA_H1	90	140	A	0	0	140	18.6857142857143
A_HA_H1	91	140	G	0	0	135	18.3259259259259
A_HA_H1	92	137	A	3	0	137	18.7810218978102
A_HA_H1	93	135	C	5	0	134	17.8582089552239
A_HA_H1	94	137	A	3	0	136	18.5735294117647
A_HA_H1	95	136	C	4	0	134	18.9328358208955
A_HA_H1	96	138	T	2	0	135	19.1555555555556
A_HA_H1	97	140	G	0	0	135	18.8888888888889
A_HA_H1	98	139	T	1	0	138	17.8333333333333
A_HA_H1	99	138	A	2	0	137	16.6423357664234
A_HA_H1	100	136	G	4	0	132	16.1818181818182
A_HA_H1	101	140	A	0	0	140	15.7142857142857
A_HA_H1	102	140	C	0	0	139	16.8776978417266
A_HA_H1	103	140	A	0	0	140	17.55
A_HA_H1	104	140	C	0	0	138	22.8188405797101
A_HA_H1	105	140	A	0	0	138	19.3840579710145
A_HA_H1	106	139	G	1	0	138	18.3550724637681
A_HA_H1	107	140	T	0	0	139	16.5827338129496
A_HA_H1	108	140	A	0	0	140	16.5785714285714
A_HA_H1	109	139	C	1	0	136	16.6764705882353
A_HA_H1	110	140	T	0	0	137	16.2043795620438
A_HA_H1	111	137	A	3	0	135	17.1037037037037
A_HA_H1	112	138	G	2	0	136	16.4044117647059
A_HA_H1	113	135	A	5	0	134	16.5522388059701
A_HA_H1	114	138	A	2	0	135	17.5259259259259
A_HA_H1	115	138	A	2	0	136	17.8161764705882
A_HA_H1	116	139	A	1	0	135	18.8962962962963
A_HA_H1	117	139	G	1	0	133	18.3984962406015
A_HA_H1	118	138	A	2	0	135	18.0888888888889
A_HA_H1	119	139	A	1	0	139	17.9712230215827
A_HA_H1	120	139	T	1	0	138	17.5434782608696
A_HA_H1	121	138	G	2	0	136	18.6029411764706
A_HA_H1	122	136	T	4	0	134	16.8805970149254
A_HA_H1	123	136	A	4	0	136	16.2941176470588
A_HA_H1	124	137	A	3	0	137	15.963503649635
A_HA_H1	125	139	C	1	0	138	16.1304347826087
A_HA_H1	126	139	A	1	0	139	17.0431654676259
A_HA_H1	127	139	G	1	0	134	16.6641791044776
A_HA_H1	128	136	T	4	0	133	15.4887218045113
A_HA_H1	129	138	A	2	0	137	15.6058394160584
A_HA_H1	130	139	A	1	0	138	15.6666666666667
A_HA_H1	131	138	C	2	0	136	15.8308823529412
A_HA_H1	132	138	A	2	0	131	17.1679389312977
A_HA_H1	133	138	C	2	0	135	24.8
A_HA_H1	134	138	A	2	0	134	19.634328358209
A_HA_H1	135	138	C	2	0	134	17.6940298507463
A_HA_H1	136	140	T	0	0	139	17.1798561151079
A_HA_H1	137	140	C	0	0	138	17.5217391304348
A_HA_H1	138	140	T	0	0	140	18.1357142857143
A_HA_H1	139	140	G	0	0	139	18.6402877697842
A_HA_H1	140	138	T	2	0	138	17.8768115942029
A_HA_H1	141	139	T	1	0	139	17.0791366906475
A_HA_H1	142	139	A	1	0	138	16.1666666666667
A_HA_H1	143	139	A	1	0	139	16.7194244604317
A_HA_H1	144	139	C	1	0	138	17.7898550724638
A_HA_H1	145	139	C	1	0	137	17.6715328467153
A_HA_H1	146	140	T	0	0	139	17.5179856115108
A_HA_H1	147	140	T	0	0	140	19.2428571428571
A_HA_H1	148	138	C	2	0	138	17.5869565217391
A_HA_H1	149	139	T	1	0	139	18.6546762589928
A_HA_H1	150	138	G	2	0	138	19.0217391304348
A_HA_H1	151	139	G	1	0	138	18.7173913043478
A_HA_H1	152	137	A	3	0	137	19.1751824817518
A_HA_H1	153	139	A	1	0	138	19.6159420289855
A_HA_H1	154	138	G	2	0	135	18.4518518518519
A_HA_H1	155	138	A	2	0	138	18.0217391304348
A_HA_H1	156	140	C	0	0	140	17.4857142857143
A_HA_H1	157	140	A	0	0	139	17.2661870503597
A_HA_H1	158	140	A	0	0	140	17.7214285714286
A_HA_H1	159	140	G	0	0	138	17.6231884057971
A_HA_H1	160	139	C	1	0	137	17.8248175182482
A_HA_H1	161	140	A	0	0	139	17.863309352518
A_HA_H1	162	140	T	0	0	139	16.2877697841727
A_HA_H1	163	139	A	1	0	139	16.2589928057554
A_HA_H1	164	138	A	2	0	138	16.3260869565217
A_HA_H1	165	137	C	3	0	137	16.2773722627737
A_HA_H1	166	140	G	0	0	134	15.7835820895522
A_HA_H1	167	140	G	0	0	139	15.6043165467626
A_HA_H1	168	139	A	1	0	137	15.6642335766423
A_HA_H1	169	140	A	0	0	139	16.5323741007194
A_HA_H1	170	140	A	0	0	138	19.3913043478261
A_HA_H1	171	140	A	0	0	138	20.0144927536232
A_HA_H1	172	140	C	0	0	139	19.4028776978417
A_HA_H1	173	139	T	1	0	138	18.5072463768116
A_HA_H1	174	139	A	1	0	137	17.4233576642336
A_HA_H1	175	140	T	0	0	139	17.0503597122302
A_HA_H1	176	140	G	0	0	140	16.7857142857143
A_HA_H1	177	139	C	1	0	139	17.0287769784173
A_HA_H1	178	139	A	1	0	139	18.3597122302158
A_HA_H1	179	140	A	0	0	139	18.3237410071942
A_HA_H1	180	140	A	0	0	138	18.6086956521739
A_HA_H1	181	140	C	0	0	137	18.2481751824818
A_HA_H1	182	140	T	0	0	138	17
A_HA_H1	183	133	A	7	0	131	16.1908396946565
A_HA_H1	184	134	A	6	0	134	15.1044776119403
A_HA_H1	185	135	G	5	0	134	14.7462686567164
A_HA_H1	186	137	A	3	0	136	15.6397058823529
A_HA_H1	187	138	G	2	0	137	16.1094890510949
A_HA_H1	188	140	G	0	0	139	16.7697841726619
A_HA_H1	189	139	G	1	0	139	18.0575539568345
A_HA_H1	190	139	G	1	0	139	18.5323741007194
A_HA_H1	191	139	T	1	0	137	16.7737226277372
A_HA_H1	192	138	A	2	0	136	16.1691176470588
A_HA_H1	193	138	G	2	0	135	16.0666666666667
A_HA_H1	194	136	C	4	0	135	15.9333333333333
A_HA_H1	195	139	C	1	0	135	16.6740740740741
A_HA_H1	196	139	C	1	0	138	17.1304347826087
A_HA_H1	197	138	C	2	0	136	19.2867647058824
A_HA_H1	198	138	A	2	0	138	18.768115942029
A_HA_H1	199	140	T	0	0	138	18.0797101449275
A_HA_H1	200	140	T	0	0	140	18.0642857142857
A_HA_H1	201	138	G	2	0	138	17.7753623188406
A_HA_H1	202	139	C	1	0	139	18.1798561151079
A_HA_H1	203	140	A	0	0	139	18.2086330935252
A_HA_H1	204	138	T	2	0	137	17.5401459854015
A_HA_H1	205	140	T	0	0	140	17.9285714285714
A_HA_H1	206	140	T	0	0	140	18.1785714285714
A_HA_H1	207	140	G	0	0	140	18.0642857142857
A_HA_H1	208	140	G	0	0	140	18.8357142857143
A_HA_H1	209	140	G	0	0	140	18.9
A_HA_H1	210	140	T	0	0	139	18.0359712230216
A_HA_H1	211	139	A	1	0	137	17.3795620437956
A_HA_H1	212	140	A	0	0	138	16.9855072463768
A_HA_H1	213	140	A	0	0	140	16.8571428571429
A_HA_H1	214	140	T	0	0	140	17.8285714285714
A_HA_H1	215	140	G	0	0	138	17.3260869565217
A_HA_H1	216	140	T	0	0	140	16.5928571428571
A_HA_H1	217	140	A	0	0	138	15.4057971014493
A_HA_H1	218	140	A	0	0	139	15.2014388489209
A_HA_H1	219	140	C	0	0	140	15.2857142857143
A_HA_H1	220	139	A	1	0	137	16.3649635036496
A_HA_H1	221	138	T	2	0	134	15.910447761194
A_HA_H1	222	139	T	1	0	138	15.7246376811594
A_HA_H1	223	138	G	2	0	134	15.2537313432836
A_HA_H1	224	138	C	2	0	138	15.4420289855072
A_HA_H1	225	140	T	0	0	139	16.9928057553957
A_HA_H1	226	138	G	2	0	133	17.0225563909774
A_HA_H1	227	140	G	0	0	137	17.2262773722628
A_HA_H1	228	139	C	1	0	138	17.5652173913043
A_HA_H1	229	139	T	1	0	139	18.2805755395683
A_HA_H1	230	137	G	3	0	135	19.0666666666667
A_HA_H1	231	138	G	2	0	132	19.0075757575758
A_HA_H1	232	137	A	3	0	135	18.3333333333333
A_HA_H1	233	137	T	3	0	135	17.8740740740741
A_HA_H1	234	136	C	4	0	133	18.2706766917293
A_HA_H1	235	139	C	1	0	136	18.5514705882353
A_HA_H1	236	140	T	0	0	139	18.6258992805755
A_HA_H1	237	137	G	3	0	135	20.1259259259259
A_HA_H1	238	140	G	0	0	139	19.7913669064748
A_HA_H1	239	139	G	1	0	139	19.0791366906475
A_HA_H1	240	138	A	2	0	138	19.5652173913043
A_HA_H1	241	139	A	1	0	138	19.195652173913
A_HA_H1	242	140	A	0	0	140	18.4
A_HA_H1	243	140	T	0	0	139	17.9784172661871
A_HA_H1	244	137	C	3	0	133	17.0827067669173
A_HA_H1	245	140	C	0	0	138	16.7753623188406
A_HA_H1	246	140	A	0	0	140	17.2928571428571
A_HA_H1	247	137	G	3	0	135	16.5851851851852
A_HA_H1	248	138	A	2	0	138	15.8913043478261
A_HA_H1	249	138	G	2	0	138	15.6304347826087
A_HA_H1	250	138	T	2	0	138	15.2898550724638
A_HA_H1	251	140	G	0	0	138	15.963768115942
A_HA_H1	252	140	T	0	0	138	18.4927536231884
A_HA_H1	253	139	G	1	0	134	17.0074626865672
A_HA_H1	254	139	A	1	0	138	16.0289855072464
A_HA_H1	255	140	A	0	0	139	15.8057553956835
A_HA_H1	256	140	T	0	0	139	16.3021582733813
A_HA_H1	257	140	C	0	0	137	16.6204379562044
A_HA_H1	258	140	A	0	0	138	16.7246376811594
A_HA_H1	259	140	C	0	0	139	17.2517985611511
A_HA_H1	260	140	T	0	0	140	18.5642857142857
A_HA_H1	261	140	C	0	0	137	17.6423357664234
A_HA_H1	262	140	T	0	0	139	18.9280575539568
A_HA_H1	263	136	C	4	0	136	19.7941176470588
A_HA_H1	264	140	C	0	0	140	19.1785714285714
A_HA_H1	265	140	A	0	0	140	18.8785714285714
A_HA_H1	266	140	C	0	0	139	19.9784172661871
A_HA_H1	267	140	A	0	0	140	18.7285714285714
A_HA_H1	268	140	G	0	0	140	18.0285714285714
A_HA_H1	269	139	C	1	0	139	18.0287769784173
A_HA_H1	270	139	A	1	0	136	17.8014705882353
A_HA_H1	271	140	A	0	0	140	17.5
A_HA_H1	272	140	G	0	0	138	17.3188405797101
A_HA_H1	273	140	T	0	0	138	16.7173913043478
A_HA_H1	274	140	T	0	0	140	16.6571428571429
A_HA_H1	275	140	C	0	0	140	16.9
A_HA_H1	276	140	A	0	0	137	16.5109489051095
A_HA_H1	277	140	T	0	0	140	16.9428571428571
A_HA_H1	278	140	G	0	0	136	16.8602941176471
A_HA_H1	279	140	G	0	0	139	15.9712230215827
A_HA_H1	280	139	T	1	0	136	16.1838235294118
A_HA_H1	281	137	C	3	0	134	16.4850746268657
A_HA_H1	282	139	C	1	0	137	16.4963503649635
A_HA_H1	283	139	T	1	0	134	16.8582089552239
A_HA_H1	284	139	A	1	0	138	17.6739130434783
A_HA_H1	285	140	C	0	0	139	17.3237410071942
A_HA_H1	286	140	A	0	0	139	17.0431654676259
A_HA_H1	287	139	T	1	0	137	16.7518248175182
A_HA_H1	288	140	T	0	0	137	17.014598540146
A_HA_H1	289	140	G	0	0	140	16.9071428571429
A_HA_H1	290	140	T	0	0	140	17.9642857142857
A_HA_H1	291	140	G	0	0	140	19.1857142857143
A_HA_H1	292	140	G	0	0	140	18.3357142857143
A_HA_H1	293	138	A	2	0	138	18.8768115942029
A_HA_H1	294	138	A	2	0	137	20.0510948905109
A_HA_H1	295	138	A	2	0	137	19.6861313868613
A_HA_H1	296	139	C	1	0	137	19.956204379562
A_HA_H1	297	139	A	1	0	139	18.6762589928058
A_HA_H1	298	140	T	0	0	139	17.410071942446
A_HA_H1	299	140	C	0	0	135	17.0592592592593
A_HA_H1	300	139	T	1	0	139	16.568345323741
A_HA_H1	301	139	A	1	0	136	16.2941176470588
A_HA_H1	302	139	A	1	0	138	16.5
A_HA_H1	303	139	T	1	0	138	16.0217391304348
A_HA_H1	304	140	T	0	0	139	16.7985611510791
A_HA_H1	305	140	C	0	0	136	16.7058823529412
A_HA_H1	306	140	A	0	0	138	17.0797101449275
A_HA_H1	307	140	G	0	0	137	17.7080291970803
A_HA_H1	308	140	A	0	0	140	17.1642857142857
A_HA_H1	309	138	C	2	0	135	16.9925925925926
A_HA_H1	310	140	A	0	0	138	16.6594202898551
A_HA_H1	311	139	A	1	0	137	16.6788321167883
A_HA_H1	312	139	T	1	0	135	17.2592592592593
A_HA_H1	313	138	G	2	0	136	18.0808823529412
A_HA_H1	314	140	G	0	0	140	18.7
A_HA_H1	315	139	A	1	0	135	18.5851851851852
A_HA_H1	316	140	A	0	0	140	19.05
A_HA_H1	317	140	C	0	0	139	18.1294964028777
A_HA_H1	318	140	G	0	0	135	17.0962962962963
A_HA_H1	319	140	T	0	0	138	17.5434782608696
A_HA_H1	320	140	G	0	0	135	18.2740740740741
A_HA_H1	321	139	T	1	0	138	18.4057971014493
A_HA_H1	322	140	T	0	0	140	19.2642857142857
A_HA_H1	323	140	A	0	0	139	19.0359712230216
A_HA_H1	324	138	C	2	0	137	18.0583941605839
A_HA_H1	325	140	C	0	0	137	19.3576642335766
A_HA_H1	326	140	C	0	0	137	19.6861313868613
A_HA_H1	327	137	A	3	0	137	19.8175182481752
A_HA_H1	328	138	G	2	0	137	19.7956204379562
A_HA_H1	329	140	G	0	0	138	18.6376811594203
A_HA_H1	330	140	A	0	0	139	18.294964028777
A_HA_H1	331	140	G	0	0	139	16.8345323741007
A_HA_H1	332	140	A	0	0	138	16.9782608695652
A_HA_H1	333	135	T	5	0	133	17.2857142857143
A_HA_H1	334	140	T	0	0	138	16.231884057971
A_HA_H1	335	140	T	0	0	134	16.6641791044776
A_HA_H1	336	140	C	0	0	140	16.4857142857143
A_HA_H1	337	140	A	0	0	140	16.8
A_HA_H1	338	140	T	0	0	140	16.6714285714286
A_HA_H1	339	140	C	0	0	138	16.6014492753623
A_HA_H1	340	139	A	1	0	138	16.2173913043478
A_HA_H1	341	138	A	2	0	138	16.1739130434783
A_HA_H1	342	138	T	2	0	138	16.0942028985507
A_HA_H1	343	140	T	0	0	138	16.3913043478261
A_HA_H1	344	140	A	0	0	139	15.5539568345324
A_HA_H1	345	140	T	0	0	140	15.6214285714286
A_HA_H1	346	137	G	3	0	136	15.5147058823529
A_HA_H1	347	137	A	3	0	137	15.7737226277372
A_HA_H1	348	139	G	1	0	139	16.8489208633094
A_HA_H1	349	140	G	0	0	140	17.3357142857143
A_HA_H1	350	139	A	1	0	138	17.3260869565217
A_HA_H1	351	138	G	2	0	137	17.7226277372263
A_HA_H1	352	140	C	0	0	140	17.3857142857143
A_HA_H1	353	140	T	0	0	140	17.0571428571429
A_HA_H1	354	123	A	17	0	122	17.0491803278689
A_HA_H1	355	136	A	4	0	135	16.037037037037
A_HA_H1	356	136	G	4	0	134	15.2164179104478
A_HA_H1	357	139	A	1	0	137	15.9416058394161
A_HA_H1	358	139	G	1	0	139	19
A_HA_H1	359	139	A	1	0	139	20.6474820143885
A_HA_H1	360	139	G	1	0	137	17.3357664233577
A_HA_H1	361	139	C	1	0	139	17.3812949640288
A_HA_H1	362	140	A	0	0	139	18.0791366906475
A_HA_H1	363	140	A	0	0	139	17.5467625899281
A_HA_H1	364	139	T	1	0	138	16.6376811594203
A_HA_H1	365	140	T	0	0	140	17.1428571428571
A_HA_H1	366	139	G	1	0	136	16.5661764705882
A_HA_H1	367	140	A	0	0	140	17.0142857142857
A_HA_H1	368	139	G	1	0	137	18.0656934306569
A_HA_H1	369	139	C	1	0	139	17.4676258992806
A_HA_H1	370	140	T	0	0	140	17.5928571428571
A_HA_H1	371	137	C	3	0	136	17.8455882352941
A_HA_H1	372	140	A	0	0	140	17.8214285714286
A_HA_H1	373	140	G	0	0	139	17.9136690647482
A_HA_H1	374	140	T	0	0	139	18.0215827338129
A_HA_H1	375	140	G	0	0	139	17.9424460431655
A_HA_H1	376	139	T	1	0	139	16.9712230215827
A_HA_H1	377	139	C	1	0	139	17.2446043165468
A_HA_H1	378	138	A	2	0	138	17.3768115942029
A_HA_H1	379	139	T	1	0	137	17.4817518248175
A_HA_H1	380	140	C	0	0	139	18.2158273381295
A_HA_H1	381	140	A	0	0	140	17.6
A_HA_H1	382	140	T	0	0	140	17.6071428571429
A_HA_H1	383	140	T	0	0	139	18.4244604316547
A_HA_H1	384	140	T	0	0	139	18.7122302158273
A_HA_H1	385	140	G	0	0	140	18.75
A_HA_H1	386	138	A	2	0	138	18.463768115942
A_HA_H1	387	140	A	0	0	138	17.7971014492754
A_HA_H1	388	140	A	0	0	139	17.4028776978417
A_HA_H1	389	139	G	1	0	138	17.5579710144928
A_HA_H1	390	140	G	0	0	139	17.3812949640288
A_HA_H1	391	140	T	0	0	139	16.3597122302158
A_HA_H1	392	140	T	0	0	139	16.0287769784173
A_HA_H1	393	139	T	1	0	136	16.25
A_HA_H1	394	137	G	3	0	136	15.6691176470588
A_HA_H1	395	137	A	3	0	135	15.8740740740741
A_HA_H1	396	138	G	2	0	134	15.6044776119403
A_HA_H1	397	138	A	2	0	135	15.4148148148148
A_HA_H1	398	138	T	2	0	135	14.8148148148148
A_HA_H1	399	137	A	3	0	132	14.5454545454545
A_HA_H1	400	137	T	3	0	135	13.6962962962963
A_HA_H1	401	138	T	2	0	138	13.7898550724638
A_HA_H1	402	120	C	20	0	118	14.6016949152542
A_HA_H1	403	140	C	0	0	135	15.437037037037
A_HA_H1	404	140	C	0	0	138	18.0217391304348
A_HA_H1	405	137	C	3	0	135	18.8888888888889
A_HA_H1	406	136	A	4	0	135	18.4814814814815
A_HA_H1	407	136	A	4	0	136	18.0441176470588
A_HA_H1	408	139	G	1	0	137	17.029197080292
A_HA_H1	409	138	A	2	0	138	17.0797101449275
A_HA_H1	410	139	C	1	0	137	16.7007299270073
A_HA_H1	411	139	A	1	0	139	16.4388489208633
A_HA_H1	412	140	A	0	0	138	16.7826086956522
A_HA_H1	413	139	G	1	0	136	16.6691176470588
A_HA_H1	414	137	T	3	0	133	16.6766917293233
A_HA_H1	415	140	T	0	0	136	16.9044117647059
A_HA_H1	416	140	C	0	0	137	16.9416058394161
A_HA_H1	417	140	A	0	0	139	16.6978417266187
A_HA_H1	418	139	T	1	0	139	17.3093525179856
A_HA_H1	419	139	G	1	0	134	17.2014925373134
A_HA_H1	420	140	G	0	0	139	16.4172661870504
A_HA_H1	421	138	C	2	0	138	17.2898550724638
A_HA_H1	422	140	C	0	0	140	17.8785714285714
A_HA_H1	423	140	C	0	0	139	19.0719424460432
A_HA_H1	424	140	A	0	0	137	18.8394160583942
A_HA_H1	425	140	A	0	0	138	18.8550724637681
A_HA_H1	426	140	T	0	0	140	17.0428571428571
A_HA_H1	427	140	C	0	0	137	17.3357664233577
A_HA_H1	428	139	A	1	0	138	16.9347826086957
A_HA_H1	429	139	T	1	0	138	16.5869565217391
A_HA_H1	430	138	G	2	0	135	16.1259259259259
A_HA_H1	431	139	A	1	0	138	16.1739130434783
A_HA_H1	432	139	C	1	0	137	17.1386861313869
A_HA_H1	433	139	T	1	0	138	17.1231884057971
A_HA_H1	434	136	C	4	0	136	16.7058823529412
A_HA_H1	435	135	G	5	0	132	15.030303030303
A_HA_H1	436	139	A	1	0	138	14.5797101449275
A_HA_H1	437	139	A	1	0	139	14.5395683453237
A_HA_H1	438	138	C	2	0	137	15.4233576642336
A_HA_H1	439	132	A	8	0	130	17.9846153846154
A_HA_H1	440	140	A	0	0	140	17.7
A_HA_H1	441	140	A	0	0	140	18.4714285714286
A_HA_H1	442	140	G	0	0	140	18.7285714285714
A_HA_H1	443	140	G	0	0	139	18.4964028776978
A_HA_H1	444	140	T	0	0	138	18.3623188405797
A_HA_H1	445	140	G	0	0	140	18.0714285714286
A_HA_H1	446	140	T	0	0	139	16.5971223021583
A_HA_H1	447	139	A	1	0	139	16.4532374100719
A_HA_H1	448	139	A	1	0	138	16.4782608695652
A_HA_H1	449	138	C	2	0	135	15.8222222222222
A_HA_H1	450	139	G	1	0	131	14.9007633587786
A_HA_H1	451	138	G	2	0	138	14.5072463768116
A_HA_H1	452	137	C	3	0	137	14.5985401459854
A_HA_H1	453	139	A	1	0	139	15.5035971223022
A_HA_H1	454	140	G	0	0	140	17.9714285714286
A_HA_H1	455	140	C	0	0	140	18.1642857142857
A_HA_H1	456	140	A	0	0	140	17.5571428571429
A_HA_H1	457	140	T	0	0	139	16.9568345323741
A_HA_H1	458	140	G	0	0	138	17.1884057971014
A_HA_H1	459	138	T	2	0	137	16.4306569343066
A_HA_H1	460	138	C	2	0	138	16.1231884057971
A_HA_H1	461	139	C	1	0	139	16.6330935251799
A_HA_H1	462	140	T	0	0	140	17.6571428571429
A_HA_H1	463	140	C	0	0	137	17.8540145985401
A_HA_H1	464	140	A	0	0	138	17.6521739130435
A_HA_H1	465	140	C	0	0	138	17.4855072463768
A_HA_H1	466	140	G	0	0	138	15.8913043478261
A_HA_H1	467	140	C	0	0	140	16.25
A_HA_H1	468	139	T	1	0	139	16.7625899280576
A_HA_H1	469	138	G	2	0	136	16.8014705882353
A_HA_H1	470	139	G	1	0	136	17.8308823529412
A_HA_H1	471	139	A	1	0	138	17.2246376811594
A_HA_H1	472	139	G	1	0	139	17.2014388489209
A_HA_H1	473	139	C	1	0	137	17.7445255474453
A_HA_H1	474	133	A	7	0	133	17.5338345864662
A_HA_H1	475	138	A	2	0	138	17.6884057971014
A_HA_H1	476	139	A	1	0	137	18.6569343065693
A_HA_H1	477	140	A	0	0	140	20.0357142857143
A_HA_H1	478	140	A	0	0	140	19.5928571428571
A_HA_H1	479	140	G	0	0	139	18.3309352517986
A_HA_H1	480	140	C	0	0	140	17.7214285714286
A_HA_H1	481	140	T	0	0	139	18.2446043165468
A_HA_H1	482	140	T	0	0	139	18.5755395683453
A_HA_H1	483	140	C	0	0	136	19.1470588235294
A_HA_H1	484	140	T	0	0	138	18.8260869565217
A_HA_H1	485	139	A	1	0	137	18.6350364963504
A_HA_H1	486	139	C	1	0	139	18.7697841726619
A_HA_H1	487	137	A	3	0	137	18.5255474452555
A_HA_H1	488	140	A	0	0	140	18.35
A_HA_H1	489	140	A	0	0	140	18.5142857142857
A_HA_H1	490	140	A	0	0	140	19.2357142857143
A_HA_H1	491	140	A	0	0	139	18.5251798561151
A_HA_H1	492	139	C	1	0	138	17.804347826087
A_HA_H1	493	139	T	1	0	137	17.8248175182482
A_HA_H1	494	139	T	1	0	137	18.5912408759124
A_HA_H1	495	139	G	1	0	136	18.5367647058824
A_HA_H1	496	139	A	1	0	138	18.1594202898551
A_HA_H1	497	138	T	2	0	138	16.9782608695652
A_HA_H1	498	140	A	0	0	137	16.3284671532847
A_HA_H1	499	140	T	0	0	140	16.5214285714286
A_HA_H1	500	140	G	0	0	140	16.4
A_HA_H1	501	140	G	0	0	140	17.5857142857143
A_HA_H1	502	140	C	0	0	140	18.25
A_HA_H1	503	140	T	0	0	137	18.5547445255474
A_HA_H1	504	140	A	0	0	139	18.0863309352518
A_HA_H1	505	140	G	0	0	140	17.4142857142857
A_HA_H1	506	140	T	0	0	139	16.294964028777
A_HA_H1	507	140	T	0	0	139	16.3525179856115
A_HA_H1	508	131	A	9	0	130	16.0692307692308
A_HA_H1	509	135	A	5	0	134	16.3283582089552
A_HA_H1	510	135	A	5	0	134	17.5298507462687
A_HA_H1	511	136	A	4	0	134	19.134328358209
A_HA_H1	512	137	A	3	0	137	18.6131386861314
A_HA_H1	513	136	A	4	0	136	18.2205882352941
A_HA_H1	514	136	G	4	0	136	17.6323529411765
A_HA_H1	515	137	G	3	0	137	17.036496350365
A_HA_H1	516	138	A	2	0	135	16.4814814814815
A_HA_H1	517	139	A	1	0	137	16.8978102189781
A_HA_H1	518	139	A	1	0	139	17.3165467625899
A_HA_H1	519	139	T	1	0	137	17.8467153284672
A_HA_H1	520	140	T	0	0	137	17.985401459854
A_HA_H1	521	140	C	1	0	132	17.280303030303
A_HA_H1	522	141	A	0	0	137	17.1824817518248
A_HA_H1	523	141	T	0	0	140	16.2285714285714
A_HA_H1	524	138	A	3	0	137	15.8686131386861
A_HA_H1	525	139	C	2	0	139	16.294964028777
A_HA_H1	526	141	C	0	0	140	17.1214285714286
A_HA_H1	527	141	C	0	0	140	18.7285714285714
A_HA_H1	528	136	A	5	0	136	19.4632352941176
A_HA_H1	529	138	A	3	0	138	19.4492753623188
A_HA_H1	530	141	A	0	0	140	19.25
A_HA_H1	531	141	G	0	0	138	18.2028985507246
A_HA_H1	532	140	C	1	0	136	17.0073529411765
A_HA_H1	533	137	T	4	0	136	16.8308823529412
A_HA_H1	534	138	T	3	0	137	16.4014598540146
A_HA_H1	535	140	A	1	0	136	15.4411764705882
A_HA_H1	536	140	A	1	0	140	15.9785714285714
A_HA_H1	537	141	C	0	0	139	16.2302158273381
A_HA_H1	538	141	C	0	0	140	17.2714285714286
A_HA_H1	539	139	A	2	0	139	16.9784172661871
A_HA_H1	540	139	A	2	0	137	17.9124087591241
A_HA_H1	541	139	T	2	0	139	16.7841726618705
A_HA_H1	542	139	C	2	0	138	16.5507246376812
A_HA_H1	543	138	C	3	0	137	16.6058394160584
A_HA_H1	544	139	T	2	0	137	17.0656934306569
A_HA_H1	545	139	A	2	0	137	18.0948905109489
A_HA_H1	546	141	C	0	0	141	17.9503546099291
A_HA_H1	547	141	A	0	0	141	17.3191489361702
A_HA_H1	548	139	T	2	0	138	16.695652173913
A_HA_H1	549	141	T	0	0	140	16.3714285714286
A_HA_H1	550	140	A	1	0	138	16.1304347826087
A_HA_H1	551	140	A	1	0	140	16.2285714285714
A_HA_H1	552	141	T	0	0	140	17.0571428571429
A_HA_H1	553	141	G	0	0	141	16.9929078014184
A_HA_H1	554	141	A	0	0	141	16.5886524822695
A_HA_H1	555	141	T	0	0	140	15.6928571428571
A_HA_H1	556	138	A	3	0	137	15.4890510948905
A_HA_H1	557	140	A	1	0	140	15.7714285714286
A_HA_H1	558	140	A	1	0	138	16.4202898550725
A_HA_H1	559	139	G	2	0	138	18.6086956521739
A_HA_H1	560	140	G	1	0	140	18.7357142857143
A_HA_H1	561	141	G	0	0	137	17.7445255474453
A_HA_H1	562	139	A	2	0	137	18.0656934306569
A_HA_H1	563	140	A	1	0	140	18.5214285714286
A_HA_H1	564	140	A	1	0	137	18.3576642335766
A_HA_H1	565	141	G	0	0	135	18.2444444444444
A_HA_H1	566	140	A	1	0	139	17.9352517985612
A_HA_H1	567	139	A	2	0	138	16.9057971014493
A_HA_H1	568	138	G	3	0	134	16.3432835820896
A_HA_H1	569	141	T	0	0	138	15.3333333333333
A_HA_H1	570	141	C	0	0	138	15.1594202898551
A_HA_H1	571	140	C	1	0	139	15.3884892086331
A_HA_H1	572	140	T	1	0	139	16.5611510791367
A_HA_H1	573	140	C	1	0	134	16.8880597014925
A_HA_H1	574	140	G	1	0	139	13.9928057553957
A_HA_H1	575	141	T	0	0	139	13.9496402877698
A_HA_H1	576	140	G	1	0	140	13.9714285714286
A_HA_H1	577	140	C	1	0	140	15.3285714285714
A_HA_H1	578	141	T	0	0	140	19.4571428571429
A_HA_H1	579	141	G	0	0	141	20.2765957446809
A_HA_H1	580	141	T	0	0	140	19.65
A_HA_H1	581	139	G	2	0	136	18.9264705882353
A_HA_H1	582	141	G	0	0	140	18.3285714285714
A_HA_H1	583	141	G	0	0	140	18.4571428571429
A_HA_H1	584	140	G	1	0	136	19.6544117647059
A_HA_H1	585	140	C	1	0	139	18.6258992805755
A_HA_H1	586	140	A	1	0	137	18.3503649635037
A_HA_H1	587	140	T	1	0	140	17.5071428571429
A_HA_H1	588	139	T	2	0	139	17.6330935251799
A_HA_H1	589	139	C	2	0	139	18.0503597122302
A_HA_H1	590	139	A	2	0	139	17
A_HA_H1	591	139	C	2	0	139	18.0431654676259
A_HA_H1	592	138	C	3	0	136	17.75
A_HA_H1	593	138	A	3	0	137	16.970802919708
A_HA_H1	594	138	T	3	0	137	16.6131386861314
A_HA_H1	595	124	C	17	0	124	16.7983870967742
A_HA_H1	596	124	C	17	0	123	16.5934959349593
A_HA_H1	597	124	A	17	0	122	16.8770491803279
A_HA_H1	598	123	T	18	0	122	17.6065573770492
A_HA_H1	599	122	C	19	0	122	17.4344262295082
A_HA_H1	600	123	T	18	0	121	17.2727272727273
A_HA_H1	601	124	A	17	0	124	17.3548387096774
A_HA_H1	602	125	C	16	0	123	17.8211382113821
A_HA_H1	603	125	T	16	0	121	16.3140495867769
A_HA_H1	604	124	A	17	0	124	16.2338709677419
A_HA_H1	605	124	C	17	0	123	16.2113821138211
A_HA_H1	606	124	T	17	0	122	16.9098360655738
A_HA_H1	607	123	G	18	0	122	18.6475409836066
A_HA_H1	608	123	C	18	0	123	19.1219512195122
A_HA_H1	609	123	T	18	0	123	19.2764227642276
A_HA_H1	610	122	G	19	0	122	18.9426229508197
A_HA_H1	611	123	A	18	0	123	17.8617886178862
A_HA_H1	612	122	C	19	0	122	17.6475409836066
A_HA_H1	613	124	C	17	0	123	17.520325203252
A_HA_H1	614	124	A	17	0	123	17.6747967479675
A_HA_H1	615	124	A	17	0	123	18.2926829268293
A_HA_H1	616	125	C	16	0	124	17.6774193548387
A_HA_H1	617	125	A	16	0	125	17.728
A_HA_H1	618	125	A	16	0	123	17.7723577235772
A_HA_H1	619	125	A	16	0	124	18.5241935483871
A_HA_H1	620	124	G	17	0	123	18.2357723577236
A_HA_H1	621	122	T	19	0	120	17.5333333333333
A_HA_H1	622	123	C	18	0	122	17.4754098360656
A_HA_H1	623	120	T	21	0	120	17.1583333333333
A_HA_H1	624	120	C	21	0	117	17.6752136752137
A_HA_H1	625	118	T	23	0	117	18.034188034188
A_HA_H1	626	124	A	17	0	123	16.5365853658537
A_HA_H1	627	124	T	17	0	123	16.4552845528455
A_HA_H1	628	122	C	19	0	121	16.099173553719
A_HA_H1	629	124	A	17	0	121	15.9669421487603
A_HA_H1	630	124	G	17	0	123	15.3414634146341
A_HA_H1	631	122	A	19	0	121	16
A_HA_H1	632	124	A	17	0	123	15.6178861788618
A_HA_H1	633	124	T	17	0	123	15.4552845528455
A_HA_H1	634	124	G	17	0	124	16.25
A_HA_H1	635	123	C	18	0	123	16.9349593495935
A_HA_H1	636	124	A	17	0	124	17.4758064516129
A_HA_H1	637	124	G	17	0	123	17.3739837398374
A_HA_H1	638	124	A	17	0	124	17
A_HA_H1	639	124	T	17	0	120	16.475
A_HA_H1	640	124	G	17	0	123	17.2764227642276
A_HA_H1	641	123	C	18	0	123	17.7154471544715
A_HA_H1	642	123	A	18	0	123	17.9268292682927
A_HA_H1	643	123	T	18	0	121	16.4710743801653
A_HA_H1	644	124	A	17	0	123	15.9268292682927
A_HA_H1	645	124	T	17	0	118	15.9152542372881
A_HA_H1	646	124	G	17	0	123	15.6829268292683
A_HA_H1	647	117	T	24	0	116	16.6206896551724
A_HA_H1	648	121	T	20	0	119	17.453781512605
A_HA_H1	649	124	T	17	0	123	17.5121951219512
A_HA_H1	650	124	T	17	0	124	18.7741935483871
A_HA_H1	651	123	T	18	0	121	18.7685950413223
A_HA_H1	652	123	G	18	0	122	17.3770491803279
A_HA_H1	653	123	T	18	0	123	17.390243902439
A_HA_H1	654	121	G	20	0	121	17.6859504132231
A_HA_H1	655	122	G	19	0	121	17.4793388429752
A_HA_H1	656	123	G	18	0	122	17.8852459016393
A_HA_H1	657	123	G	18	0	120	18.9166666666667
A_HA_H1	658	123	A	18	0	121	18.3223140495868
A_HA_H1	659	123	C	18	0	122	18.172131147541
A_HA_H1	660	123	A	18	0	121	17.396694214876
A_HA_H1	661	123	T	18	0	123	16.2926829268293
A_HA_H1	662	122	C	19	0	120	15.6666666666667
A_HA_H1	663	119	A	22	0	118	15.8135593220339
A_HA_H1	664	123	A	18	0	121	15.3057851239669
A_HA_H1	665	124	G	17	0	120	16.475
A_HA_H1	666	118	A	23	0	118	16.1101694915254
A_HA_H1	667	122	T	19	0	120	14.2916666666667
A_HA_H1	668	121	A	20	0	117	14.2564102564103
A_HA_H1	669	119	C	22	0	117	14.4529914529915
A_HA_H1	670	121	A	20	0	117	15.1452991452991
A_HA_H1	671	121	G	20	0	121	15.8760330578512
A_HA_H1	672	121	C	20	0	115	16.5391304347826
A_HA_H1	673	122	A	19	0	120	17.1916666666667
A_HA_H1	674	121	A	20	0	120	17.0833333333333
A_HA_H1	675	121	G	20	0	117	17.4957264957265
A_HA_H1	676	121	A	20	0	119	17.3613445378151
A_HA_H1	677	123	A	18	0	121	17.6776859504132
A_HA_H1	678	123	G	18	0	118	17.0254237288136
A_HA_H1	679	123	T	18	0	122	16.1639344262295
A_HA_H1	680	122	T	19	0	120	15.6916666666667
A_HA_H1	681	122	C	19	0	113	15.3893805309735
A_HA_H1	682	123	A	18	0	121	15.2892561983471
A_HA_H1	683	124	A	17	0	124	15.3225806451613
A_HA_H1	684	123	G	18	0	121	15.4214876033058
A_HA_H1	685	122	C	19	0	120	15.65
A_HA_H1	686	123	C	18	0	118	14.7881355932203
A_HA_H1	687	123	G	18	0	122	13.8196721311475
A_HA_H1	688	124	G	17	0	124	14.2016129032258
A_HA_H1	689	122	A	19	0	122	14.1475409836066
A_HA_H1	690	124	A	17	0	123	15.9674796747967
A_HA_H1	691	124	A	17	0	123	18.6260162601626
A_HA_H1	692	123	T	18	0	123	16.8292682926829
A_HA_H1	693	124	A	17	0	122	16.016393442623
A_HA_H1	694	124	G	17	0	122	16.1393442622951
A_HA_H1	695	124	C	17	0	124	16
A_HA_H1	696	124	A	17	0	124	17.3709677419355
A_HA_H1	697	124	A	17	0	124	17.1048387096774
A_HA_H1	698	124	C	17	0	121	17.3471074380165
A_HA_H1	699	124	A	17	0	121	17.0165289256198
A_HA_H1	700	124	A	17	0	124	16.2903225806452
A_HA_H1	701	124	G	17	0	120	16.1666666666667
A_HA_H1	702	123	A	18	0	123	16.8048780487805
A_HA_H1	703	122	C	19	0	122	16.4754098360656
A_HA_H1	704	124	C	17	0	124	16.7903225806452
A_HA_H1	705	124	C	17	0	122	18.0081967213115
A_HA_H1	706	124	A	17	0	124	19.1048387096774
A_HA_H1	707	124	A	17	0	124	18.6612903225806
A_HA_H1	708	124	A	17	0	124	18.6451612903226
A_HA_H1	709	124	G	17	0	124	18.1451612903226
A_HA_H1	710	124	T	17	0	124	17.0322580645161
A_HA_H1	711	124	G	17	0	121	16.7933884297521
A_HA_H1	712	124	A	17	0	123	16.8943089430894
A_HA_H1	713	120	G	21	0	119	18.1512605042017
A_HA_H1	714	123	G	18	0	110	16.2727272727273
A_HA_H1	715	124	G	17	0	123	16.4552845528455
A_HA_H1	716	124	A	17	0	123	15.2276422764228
A_HA_H1	717	124	T	17	0	122	14.5655737704918
A_HA_H1	718	98	C	43	0	84	14.25
A_HA_H1	719	118	G	23	0	114	11.719298245614
A_HA_H1	720	123	A	18	0	122	11.655737704918
A_HA_H1	721	123	G	18	0	123	12.1382113821138
A_HA_H1	722	122	A	19	0	120	14.45
A_HA_H1	723	123	A	18	0	120	15.4833333333333
A_HA_H1	724	117	G	24	0	114	15.3421052631579
A_HA_H1	725	124	G	17	0	124	15.9677419354839
A_HA_H1	726	124	G	17	0	123	17.1382113821138
A_HA_H1	727	123	A	18	0	120	17.05
A_HA_H1	728	121	G	20	0	120	16.925
A_HA_H1	729	124	A	17	0	124	16.9032258064516
A_HA_H1	730	124	A	17	0	123	17.1056910569106
A_HA_H1	731	125	T	16	0	122	15.7377049180328
A_HA_H1	732	124	G	17	0	114	15.6140350877193
A_HA_H1	733	125	A	16	0	123	15.1056910569106
A_HA_H1	734	124	A	17	0	123	15.1869918699187
A_HA_H1	735	124	C	17	0	121	15.8347107438017
A_HA_H1	736	123	T	18	0	122	16.6229508196721
A_HA_H1	737	124	A	17	0	122	16.2459016393443
A_HA_H1	738	124	T	17	0	121	15.5537190082645
A_HA_H1	739	123	T	18	0	122	15.2704918032787
A_HA_H1	740	119	A	22	0	114	15.6666666666667
A_HA_H1	741	119	C	22	0	118	15.3050847457627
A_HA_H1	742	120	T	21	0	120	16.3583333333333
A_HA_H1	743	120	G	21	0	120	16.2416666666667
A_HA_H1	744	119	G	22	0	119	16.6134453781513
A_HA_H1	745	119	A	22	0	119	16.7563025210084
A_HA_H1	746	118	C	23	0	118	17.0169491525424
A_HA_H1	747	119	A	22	0	118	16.6440677966102
A_HA_H1	748	119	C	22	0	117	17.0683760683761
A_HA_H1	749	118	T	23	0	116	16.4310344827586
A_HA_H1	750	118	A	23	0	110	15.5
A_HA_H1	751	118	G	23	0	117	15.034188034188
A_HA_H1	752	119	T	22	0	119	14.4201680672269
A_HA_H1	753	118	A	23	0	116	14.2586206896552
A_HA_H1	754	111	G	30	0	109	14.3669724770642
A_HA_H1	755	119	A	22	0	119	13.4873949579832
A_HA_H1	756	118	G	23	0	114	14.2368421052632
A_HA_H1	757	119	C	22	0	119	14.3109243697479
A_HA_H1	758	119	C	22	0	115	15.3565217391304
A_HA_H1	759	110	G	31	0	107	13.3364485981308
A_HA_H1	760	119	G	22	0	119	13.9747899159664
A_HA_H1	761	119	G	22	0	117	13.7606837606838
A_HA_H1	762	119	A	22	0	119	15.563025210084
A_HA_H1	763	118	G	23	0	116	17.0862068965517
A_HA_H1	764	118	A	23	0	118	16.3813559322034
A_HA_H1	765	118	C	23	0	113	16.2389380530973
A_HA_H1	766	116	A	25	0	111	16.2162162162162
A_HA_H1	767	117	A	24	0	116	17.301724137931
A_HA_H1	768	116	A	25	0	115	18.4260869565217
A_HA_H1	769	116	A	25	0	115	19.1826086956522
A_HA_H1	770	116	T	25	0	111	16.5855855855856
A_HA_H1	771	117	A	24	0	113	16.4336283185841
A_HA_H1	772	118	A	23	0	116	15.1293103448276
A_HA_H1	773	119	C	22	0	117	14.9487179487179
A_HA_H1	774	119	A	22	0	117	15.974358974359
A_HA_H1	775	119	T	22	0	119	14.8319327731092
A_HA_H1	776	119	T	22	0	118	15.3135593220339
A_HA_H1	777	117	C	24	0	111	15.2522522522523
A_HA_H1	778	118	G	23	0	116	13.6724137931034
A_HA_H1	779	118	A	23	0	118	13.9237288135593
A_HA_H1	780	119	A	22	0	117	14.2478632478632
A_HA_H1	781	119	G	22	0	119	15.1764705882353
A_HA_H1	782	119	C	22	0	117	17.8974358974359
A_HA_H1	783	119	A	22	0	119	17.8739495798319
A_HA_H1	784	124	A	17	0	124	18.1935483870968
A_HA_H1	785	124	C	17	0	124	18.8629032258065
A_HA_H1	786	124	T	17	0	124	19.2741935483871
A_HA_H1	787	124	G	17	0	124	19.8145161290323
A_HA_H1	788	123	G	18	0	123	20
A_HA_H1	789	122	A	19	0	120	19.9083333333333
A_HA_H1	790	123	A	18	0	123	20.4065040650407
A_HA_H1	791	122	A	19	0	120	19.275
A_HA_H1	792	122	T	19	0	120	19
A_HA_H1	793	122	C	19	0	116	17.3362068965517
A_HA_H1	794	124	T	17	0	119	16.8655462184874
A_HA_H1	795	124	A	17	0	121	16.0578512396694
A_HA_H1	796	123	G	18	0	120	16
A_HA_H1	797	123	T	18	0	123	15.6260162601626
A_HA_H1	798	124	G	17	0	118	16.0593220338983
A_HA_H1	799	124	G	17	0	114	16.359649122807
A_HA_H1	800	124	T	17	0	122	14.8852459016393
A_HA_H1	801	122	A	19	0	116	15.0344827586207
A_HA_H1	802	118	C	23	0	116	14.9310344827586
A_HA_H1	803	114	C	27	0	111	14.963963963964
A_HA_H1	804	111	G	30	0	99	13.8787878787879
A_HA_H1	805	123	A	18	0	122	13.0901639344262
A_HA_H1	806	124	G	17	0	122	13.2704918032787
A_HA_H1	807	121	A	20	0	120	14.275
A_HA_H1	808	123	T	18	0	122	15.2868852459016
A_HA_H1	809	124	A	17	0	123	15.3658536585366
A_HA_H1	810	124	T	17	0	124	15.3225806451613
A_HA_H1	811	124	G	17	0	123	15.2520325203252
A_HA_H1	812	124	C	17	0	123	16.650406504065
A_HA_H1	813	124	A	17	0	122	17.1229508196721
A_HA_H1	814	124	T	17	0	124	16.8387096774194
A_HA_H1	815	124	T	17	0	123	17.0894308943089
A_HA_H1	816	123	C	18	0	121	16.9669421487603
A_HA_H1	817	123	A	18	0	122	17.7950819672131
A_HA_H1	818	124	C	17	0	123	18.8130081300813
A_HA_H1	819	124	A	17	0	122	18.5327868852459
A_HA_H1	820	124	A	17	0	123	18.3414634146341
A_HA_H1	821	124	T	17	0	124	17.991935483871
A_HA_H1	822	123	G	18	0	123	18.3658536585366
A_HA_H1	823	122	G	19	0	122	18.1803278688525
A_HA_H1	824	121	A	20	0	121	18.3388429752066
A_HA_H1	825	120	A	21	0	120	19.5833333333333
A_HA_H1	826	120	A	21	0	118	18.5254237288136
A_HA_H1	827	121	G	20	0	113	19.0088495575221
A_HA_H1	828	124	A	17	0	124	18.2661290322581
A_HA_H1	829	124	A	17	0	121	18.3388429752066
A_HA_H1	830	124	A	17	0	123	19.0162601626016
A_HA_H1	831	124	T	17	0	124	19.1370967741935
A_HA_H1	832	123	G	18	0	121	18.2809917355372
A_HA_H1	833	123	C	18	0	121	18.1818181818182
A_HA_H1	834	124	T	17	0	124	18.2016129032258
A_HA_H1	835	122	G	19	0	122	18.5573770491803
A_HA_H1	836	124	G	17	0	122	18.1885245901639
A_HA_H1	837	124	A	17	0	124	17.6854838709677
A_HA_H1	838	123	T	18	0	123	17.1056910569106
A_HA_H1	839	123	C	18	0	122	16.6967213114754
A_HA_H1	840	123	T	18	0	123	16.9268292682927
A_HA_H1	841	123	G	18	0	122	16.8524590163934
A_HA_H1	842	124	G	17	0	123	17.3577235772358
A_HA_H1	843	122	T	19	0	119	17.1848739495798
A_HA_H1	844	123	A	18	0	121	16.9090909090909
A_HA_H1	845	124	T	17	0	121	16.1322314049587
A_HA_H1	846	123	T	18	0	121	16.3223140495868
A_HA_H1	847	122	A	19	0	122	16.1803278688525
A_HA_H1	848	124	T	17	0	121	16.2231404958678
A_HA_H1	849	124	C	17	0	122	16.4180327868852
A_HA_H1	850	124	A	17	0	122	16.3770491803279
A_HA_H1	851	121	T	20	0	120	16.475
A_HA_H1	852	123	T	18	0	121	16.9173553719008
A_HA_H1	853	124	T	17	0	123	17.6260162601626
A_HA_H1	854	124	C	17	0	122	17.8114754098361
A_HA_H1	855	123	A	18	0	121	18
A_HA_H1	856	123	G	18	0	119	18.1428571428571
A_HA_H1	857	124	A	17	0	122	16.9590163934426
A_HA_H1	858	123	T	18	0	121	16.0578512396694
A_HA_H1	859	123	A	18	0	121	16
A_HA_H1	860	124	C	17	0	120	16.0416666666667
A_HA_H1	861	124	A	17	0	120	16.5416666666667
A_HA_H1	862	123	C	18	0	122	18
A_HA_H1	863	123	C	18	0	121	17.4380165289256
A_HA_H1	864	121	A	20	0	119	16.9831932773109
A_HA_H1	865	122	G	19	0	121	16.801652892562
A_HA_H1	866	123	T	18	0	119	16.4453781512605
A_HA_H1	867	123	C	18	0	119	16.5210084033613
A_HA_H1	868	121	C	20	0	120	16.4333333333333
A_HA_H1	869	121	A	20	0	121	16.8925619834711
A_HA_H1	870	121	C	20	0	120	17.875
A_HA_H1	871	120	G	21	0	113	14.4778761061947
A_HA_H1	872	121	A	20	0	121	13.9586776859504
A_HA_H1	873	120	T	21	0	119	13.5714285714286
A_HA_H1	874	121	T	20	0	120	13.6416666666667
A_HA_H1	875	120	G	21	0	118	16.1949152542373
A_HA_H1	876	120	C	21	0	120	16.6583333333333
A_HA_H1	877	119	A	22	0	117	18.1452991452991
A_HA_H1	878	120	A	21	0	120	17.9333333333333
A_HA_H1	879	120	T	21	0	120	17
A_HA_H1	880	119	A	22	0	117	17.1452991452991
A_HA_H1	881	119	C	22	0	118	17.2542372881356
A_HA_H1	882	119	A	22	0	119	17.4033613445378
A_HA_H1	883	120	A	21	0	119	18.2605042016807
A_HA_H1	884	120	C	21	0	118	18.6694915254237
A_HA_H1	885	119	T	22	0	119	18.4789915966387
A_HA_H1	886	120	T	21	0	114	19.0350877192982
A_HA_H1	887	120	G	21	0	117	19.1282051282051
A_HA_H1	888	120	T	21	0	120	18.3166666666667
A_HA_H1	889	120	C	21	0	118	18.2796610169492
A_HA_H1	890	121	A	20	0	120	17.975
A_HA_H1	891	121	G	20	0	118	17.6610169491525
A_HA_H1	892	120	A	21	0	120	18.3416666666667
A_HA_H1	893	120	C	21	0	117	18.7948717948718
A_HA_H1	894	120	A	21	0	116	18.9224137931034
A_HA_H1	895	119	C	22	0	118	19.2033898305085
A_HA_H1	896	120	C	21	0	119	19.5882352941176
A_HA_H1	897	120	C	21	0	119	18.6050420168067
A_HA_H1	898	109	G	32	0	107	16.9252336448598
A_HA_H1	899	119	A	22	0	119	16.6974789915966
A_HA_H1	900	120	G	21	0	118	16.3983050847458
A_HA_H1	901	120	G	21	0	120	17.1583333333333
A_HA_H1	902	119	G	22	0	119	18.6638655462185
A_HA_H1	903	118	T	23	0	111	18.045045045045
A_HA_H1	904	120	G	21	0	120	18.3166666666667
A_HA_H1	905	120	C	21	0	118	18.2203389830508
A_HA_H1	906	119	T	22	0	115	18.7913043478261
A_HA_H1	907	119	A	22	0	119	18.2016806722689
A_HA_H1	908	117	T	24	0	117	17.6752136752137
A_HA_H1	909	118	A	23	0	115	16.9913043478261
A_HA_H1	910	120	A	21	0	119	16.7983193277311
A_HA_H1	911	120	A	21	0	120	17.325
A_HA_H1	912	119	C	22	0	118	18.5
A_HA_H1	913	119	A	22	0	118	17.5593220338983
A_HA_H1	914	119	C	22	0	119	17.8235294117647
A_HA_H1	915	119	C	22	0	116	18.301724137931
A_HA_H1	916	120	A	21	0	119	17.8487394957983
A_HA_H1	917	119	G	22	0	119	18.6386554621849
A_HA_H1	918	120	C	21	0	120	18.425
A_HA_H1	919	120	C	21	0	119	18.9831932773109
A_HA_H1	920	120	T	21	0	119	19.4705882352941
A_HA_H1	921	116	C	25	0	116	20.5603448275862
A_HA_H1	922	120	C	21	0	120	20.35
A_HA_H1	923	120	C	21	0	119	21.3781512605042
A_HA_H1	924	120	A	21	0	119	19.453781512605
A_HA_H1	925	117	T	24	0	117	19.6495726495727
A_HA_H1	926	120	T	21	0	120	18.7166666666667
A_HA_H1	927	120	T	21	0	120	18.3333333333333
A_HA_H1	928	115	C	26	0	115	18.3739130434783
A_HA_H1	929	119	A	22	0	118	19.3389830508475
A_HA_H1	930	119	G	22	0	118	18.9491525423729
A_HA_H1	931	117	A	24	0	117	18.7264957264957
A_HA_H1	932	119	A	22	0	117	18.7777777777778
A_HA_H1	933	119	T	22	0	117	17.4786324786325
A_HA_H1	934	119	A	22	0	119	17.2521008403361
A_HA_H1	935	119	T	22	0	119	18.6302521008403
A_HA_H1	936	119	A	22	0	119	17.1260504201681
A_HA_H1	937	119	C	22	0	119	17.3529411764706
A_HA_H1	938	120	A	21	0	120	17.225
A_HA_H1	939	120	T	21	0	120	17.7666666666667
A_HA_H1	940	120	C	21	0	120	17.875
A_HA_H1	941	120	C	21	0	117	17.3162393162393
A_HA_H1	942	117	G	24	0	115	15.9652173913043
A_HA_H1	943	119	A	22	0	119	16.453781512605
A_HA_H1	944	120	T	21	0	120	16
A_HA_H1	945	120	C	21	0	120	16.9916666666667
A_HA_H1	946	120	A	21	0	118	19.2966101694915
A_HA_H1	947	120	C	21	0	120	19.375
A_HA_H1	948	119	A	22	0	119	20.1512605042017
A_HA_H1	949	119	A	22	0	118	19.2881355932203
A_HA_H1	950	119	T	22	0	119	18.3865546218487
A_HA_H1	951	119	T	22	0	118	18.9661016949153
A_HA_H1	952	119	G	22	0	118	18.2796610169492
A_HA_H1	953	120	G	21	0	119	18.327731092437
A_HA_H1	954	117	A	24	0	116	19.3793103448276
A_HA_H1	955	120	A	21	0	120	19.975
A_HA_H1	956	120	A	21	0	118	20.5338983050847
A_HA_H1	957	120	A	21	0	120	21.0666666666667
A_HA_H1	958	120	T	21	0	120	20.8833333333333
A_HA_H1	959	120	G	21	0	120	19.8916666666667
A_HA_H1	960	120	T	21	0	120	19.025
A_HA_H1	961	120	C	21	0	119	18.8235294117647
A_HA_H1	962	120	C	21	0	119	18.6806722689076
A_HA_H1	963	116	A	25	0	115	19.1217391304348
A_HA_H1	964	119	A	22	0	118	20.2372881355932
A_HA_H1	965	119	A	22	0	118	20.4067796610169
A_HA_H1	966	119	G	22	0	119	19.4621848739496
A_HA_H1	967	118	T	23	0	118	18.135593220339
A_HA_H1	968	119	A	22	0	119	17.563025210084
A_HA_H1	969	120	T	21	0	120	17.3916666666667
A_HA_H1	970	120	G	21	0	118	17.5084745762712
A_HA_H1	971	120	T	21	0	117	17.3846153846154
A_HA_H1	972	118	A	23	0	116	17.1379310344828
A_HA_H1	973	119	A	22	0	119	16.8739495798319
A_HA_H1	974	120	A	21	0	119	17.2100840336134
A_HA_H1	975	120	A	21	0	118	19.8220338983051
A_HA_H1	976	120	A	21	0	119	19.5378151260504
A_HA_H1	977	120	G	21	0	119	18.6386554621849
A_HA_H1	978	119	C	22	0	119	18.563025210084
A_HA_H1	979	119	A	22	0	119	18.4285714285714
A_HA_H1	980	120	C	21	0	119	18.3361344537815
A_HA_H1	981	120	A	21	0	119	18.2016806722689
A_HA_H1	982	120	A	21	0	120	17.7666666666667
A_HA_H1	983	120	A	21	0	119	18.2268907563025
A_HA_H1	984	120	A	21	0	118	18.5762711864407
A_HA_H1	985	120	T	21	0	118	17.0084745762712
A_HA_H1	986	120	T	21	0	117	16.9401709401709
A_HA_H1	987	119	G	22	0	113	15.6283185840708
A_HA_H1	988	119	A	22	0	118	15.4576271186441
A_HA_H1	989	119	G	22	0	117	15.6410256410256
A_HA_H1	990	120	A	21	0	117	15.9145299145299
A_HA_H1	991	119	C	22	0	114	16.140350877193
A_HA_H1	992	120	T	21	0	120	16.2916666666667
A_HA_H1	993	120	G	21	0	119	17.4285714285714
A_HA_H1	994	120	G	21	0	120	17.775
A_HA_H1	995	119	C	22	0	119	18.7142857142857
A_HA_H1	996	119	C	22	0	118	19.4152542372881
A_HA_H1	997	119	A	22	0	119	19.2773109243697
A_HA_H1	998	121	C	21	0	119	19.7563025210084
A_HA_H1	999	120	A	22	0	118	18.8983050847458
A_HA_H1	1000	120	G	22	0	120	18.575
A_HA_H1	1001	120	G	22	0	119	17.8067226890756
A_HA_H1	1002	120	A	22	0	120	16.775
A_HA_H1	1003	121	T	21	0	118	16.0254237288136
A_HA_H1	1004	121	T	21	0	117	16.1025641025641
A_HA_H1	1005	121	G	21	0	117	15.4786324786325
A_HA_H1	1006	121	A	21	0	121	15.8677685950413
A_HA_H1	1007	121	G	21	0	119	17.109243697479
A_HA_H1	1008	120	G	22	0	118	17.2372881355932
A_HA_H1	1009	115	A	27	0	114	16.9298245614035
A_HA_H1	1010	121	A	21	0	118	17.8474576271186
A_HA_H1	1011	120	T	22	0	120	16.3666666666667
A_HA_H1	1012	120	G	22	0	116	16.6034482758621
A_HA_H1	1013	116	T	26	0	116	16.2758620689655
A_HA_H1	1014	121	T	21	0	117	16.4615384615385
A_HA_H1	1015	120	C	22	0	117	16.2478632478632
A_HA_H1	1016	119	C	23	0	114	16.8333333333333
A_HA_H1	1017	119	G	23	0	114	15.9385964912281
A_HA_H1	1018	118	T	24	0	115	15.6
A_HA_H1	1019	119	C	23	0	116	15.2327586206897
A_HA_H1	1020	119	T	23	0	117	15.4529914529915
A_HA_H1	1021	118	A	24	0	116	16.551724137931
A_HA_H1	1022	120	T	22	0	115	16.7130434782609
A_HA_H1	1023	121	T	21	0	119	16.8403361344538
A_HA_H1	1024	121	C	21	0	114	16.5701754385965
A_HA_H1	1025	121	A	21	0	120	16.5166666666667
A_HA_H1	1026	121	A	21	0	120	17.2416666666667
A_HA_H1	1027	121	T	21	0	120	17.2333333333333
A_HA_H1	1028	121	C	21	0	115	17.3913043478261
A_HA_H1	1029	121	T	21	0	118	17.9830508474576
A_HA_H1	1030	119	A	23	0	118	17.9237288135593
A_HA_H1	1031	119	G	23	0	118	18
A_HA_H1	1032	119	A	23	0	119	18.0672268907563
A_HA_H1	1033	120	G	22	0	120	18.375
A_HA_H1	1034	121	G	21	0	119	18.6470588235294
A_HA_H1	1035	120	C	22	0	120	18.8666666666667
A_HA_H1	1036	121	C	21	0	119	19.4873949579832
A_HA_H1	1037	119	T	23	0	119	20.4705882352941
A_HA_H1	1038	120	A	22	0	115	18.7130434782609
A_HA_H1	1039	119	T	23	0	118	17.6610169491525
A_HA_H1	1040	119	T	23	0	116	17.7241379310345
A_HA_H1	1041	114	C	28	0	107	17.3831775700935
A_HA_H1	1042	120	G	22	0	119	15.8739495798319
A_HA_H1	1043	121	G	21	0	121	16.2892561983471
A_HA_H1	1044	121	G	21	0	119	16.4201680672269
A_HA_H1	1045	121	G	21	0	120	19.3333333333333
A_HA_H1	1046	121	C	21	0	121	19.1818181818182
A_HA_H1	1047	121	C	21	0	119	19.1764705882353
A_HA_H1	1048	119	A	23	0	116	18.5775862068966
A_HA_H1	1049	118	T	24	0	117	18.2136752136752
A_HA_H1	1050	121	T	21	0	121	17.6363636363636
A_HA_H1	1051	120	G	22	0	115	17.1391304347826
A_HA_H1	1052	121	C	21	0	121	17.2479338842975
A_HA_H1	1053	121	C	21	0	120	17.0333333333333
A_HA_H1	1054	118	G	24	0	116	16.3965517241379
A_HA_H1	1055	120	G	22	0	120	16.5166666666667
A_HA_H1	1056	119	C	23	0	119	16.9243697478992
A_HA_H1	1057	119	T	23	0	119	17.1680672268908
A_HA_H1	1058	121	T	21	0	120	20.2416666666667
A_HA_H1	1059	121	C	21	0	120	20.225
A_HA_H1	1060	121	A	21	0	119	18.6302521008403
A_HA_H1	1061	121	T	21	0	119	17.8739495798319
A_HA_H1	1062	121	T	21	0	121	18.0165289256198
A_HA_H1	1063	121	G	21	0	120	17.25
A_HA_H1	1064	118	A	24	0	118	17.5762711864407
A_HA_H1	1065	116	A	26	0	115	17.8869565217391
A_HA_H1	1066	111	G	31	0	111	17.8738738738739
A_HA_H1	1067	120	G	22	0	120	18.4166666666667
A_HA_H1	1068	120	G	22	0	120	18.9833333333333
A_HA_H1	1069	121	G	21	0	120	19.9083333333333
A_HA_H1	1070	121	G	21	0	120	19.725
A_HA_H1	1071	120	G	22	0	118	19.5677966101695
A_HA_H1	1072	120	T	22	0	118	18.771186440678
A_HA_H1	1073	120	G	22	0	119	19.1596638655462
A_HA_H1	1074	121	G	21	0	117	19.6068376068376
A_HA_H1	1075	121	A	21	0	119	18.7394957983193
A_HA_H1	1076	121	C	21	0	120	18.6666666666667
A_HA_H1	1077	119	A	23	0	118	18.5508474576271
A_HA_H1	1078	118	G	24	0	118	18.7118644067797
A_HA_H1	1079	121	G	21	0	120	19.6333333333333
A_HA_H1	1080	121	G	21	0	118	20.3220338983051
A_HA_H1	1081	120	A	22	0	117	21.3162393162393
A_HA_H1	1082	121	T	21	0	120	20.325
A_HA_H1	1083	121	G	21	0	121	20.3636363636364
A_HA_H1	1084	120	T	22	0	98	18.8469387755102
A_HA_H1	1085	121	T	21	0	115	18.6347826086957
A_HA_H1	1086	120	A	22	0	120	17.925
A_HA_H1	1087	121	G	21	0	117	17.6666666666667
A_HA_H1	1088	121	A	21	0	120	18.0916666666667
A_HA_H1	1089	119	T	23	0	119	19.0168067226891
A_HA_H1	1090	120	G	22	0	118	19.228813559322
A_HA_H1	1091	121	G	21	0	120	19.7166666666667
A_HA_H1	1092	121	A	21	0	121	19.8760330578512
A_HA_H1	1093	121	T	21	0	121	19.5289256198347
A_HA_H1	1094	121	G	21	0	118	19.8813559322034
A_HA_H1	1095	118	G	24	0	116	19.4827586206897
A_HA_H1	1096	118	T	24	0	117	18.6581196581197
A_HA_H1	1097	120	A	22	0	119	18.4705882352941
A_HA_H1	1098	121	C	21	0	116	17.7241379310345
A_HA_H1	1099	121	G	21	0	121	16.9669421487603
A_HA_H1	1100	121	G	21	0	121	17.495867768595
A_HA_H1	1101	121	T	21	0	121	17.0578512396694
A_HA_H1	1102	121	T	21	0	121	17.6363636363636
A_HA_H1	1103	121	A	21	0	121	18.7520661157025
A_HA_H1	1104	125	T	19	0	125	18.192
A_HA_H1	1105	126	C	19	0	126	18.1031746031746
A_HA_H1	1106	126	A	19	0	126	17.7777777777778
A_HA_H1	1107	128	C	18	0	109	18.9908256880734
A_HA_H1	1108	495	C	18	0	495	22.989898989899
A_HA_H1	1109	507	A	18	0	507	22.414201183432
A_HA_H1	1110	518	G	18	0	395	23.4126582278481
A_HA_H1	1111	532	C	5	0	531	23.638418079096
A_HA_H1	1112	530	A	7	0	479	23.972860125261
A_HA_H1	1113	531	A	6	0	531	24.7401129943503
A_HA_H1	1114	513	A	24	0	512	25.015625
A_HA_H1	1115	145	A	392	0	143	21.4685314685315
A_HA_H1	1116	137	T	400	0	137	20.8321167883212
A_HA_H1	1117	139	G	399	0	138	20.0797101449275
A_HA_H1	1118	549	A	8	0	547	25.0822669104205
A_HA_H1	1119	550	G	8	0	548	25.2810218978102
A_HA_H1	1120	554	C	5	0	551	25.4029038112523
A_HA_H1	1121	555	A	12	0	550	24.3981818181818
A_HA_H1	1122	549	G	19	0	546	24.2564102564103
A_HA_H1	1123	565	G	4	0	563	23.639431616341
A_HA_H1	1124	566	G	4	0	563	23.7104795737123
A_HA_H1	1125	565	G	5	0	564	25.218085106383
A_HA_H1	1126	562	T	8	0	554	24.4891696750903
A_HA_H1	1127	560	C	10	0	548	23.6222627737226
A_HA_H1	1128	564	A	6	0	558	23.9928315412186
A_HA_H1	1129	563	G	7	0	561	24.1247771836007
A_HA_H1	1130	563	G	7	0	560	24.4410714285714
A_HA_H1	1131	559	A	11	0	555	24.9099099099099
A_HA_H1	1132	560	T	10	0	551	24.5771324863884
A_HA_H1	1133	566	A	5	0	563	23.4689165186501
A_HA_H1	1134	563	T	8	0	554	23.7346570397112
A_HA_H1	1135	563	G	8	0	554	24.2725631768953
A_HA_H1	1136	561	C	10	0	556	24.8956834532374
A_HA_H1	1137	564	A	7	0	557	25.1113105924596
A_HA_H1	1138	566	G	5	0	564	24.8173758865248
A_HA_H1	1139	564	C	7	0	562	25.5498220640569
A_HA_H1	1140	566	C	5	0	565	24.9982300884956
A_HA_H1	1141	563	G	8	0	541	21.4547134935305
A_HA_H1	1142	567	A	4	0	563	20.9769094138544
A_HA_H1	1143	567	C	5	0	565	20.4637168141593
A_HA_H1	1144	568	C	4	0	568	20.9947183098592
A_HA_H1	1145	567	T	5	0	564	25.0709219858156
A_HA_H1	1146	566	G	6	0	562	25.9056939501779
A_HA_H1	1147	567	A	5	0	563	26.1438721136767
A_HA_H1	1148	566	A	6	0	564	26.2198581560284
A_HA_H1	1149	564	G	8	0	558	26.1756272401434
A_HA_H1	1150	566	A	6	0	562	26.3042704626335
A_HA_H1	1151	561	G	11	0	556	26.2589928057554
A_HA_H1	1152	560	C	12	0	559	25.95885509839
A_HA_H1	1153	562	A	10	0	558	26.0304659498208
A_HA_H1	1154	565	C	7	0	558	26.0591397849462
A_HA_H1	1155	565	A	7	0	558	28.2186379928315
A_HA_H1	1156	565	C	7	0	563	46.5808170515098
A_HA_H1	1157	557	A	15	0	555	28.7927927927928
A_HA_H1	1158	566	A	6	0	564	26.2606382978723
A_HA_H1	1159	566	A	6	0	561	26.9964349376114
A_HA_H1	1160	566	A	6	0	553	28.1139240506329
A_HA_H1	1161	566	T	6	0	563	27.4067495559503
A_HA_H1	1162	566	G	6	0	564	26.281914893617
A_HA_H1	1163	566	C	6	0	564	25.6808510638298
A_HA_H1	1164	567	C	5	0	562	25.3078291814947
A_HA_H1	1165	567	A	5	0	564	25.790780141844
A_HA_H1	1166	566	T	6	0	563	25.0621669626998
A_HA_H1	1167	568	T	4	0	560	24.6714285714286
A_HA_H1	1168	567	G	5	0	560	24.0517857142857
A_HA_H1	1169	567	A	5	0	564	23.854609929078
A_HA_H1	1170	567	C	5	0	565	24.8725663716814
A_HA_H1	1171	564	A	8	0	563	24.4067495559503
A_HA_H1	1172	563	A	9	0	558	24.3405017921147
A_HA_H1	1173	563	G	9	0	545	23.4990825688073
A_HA_H1	1174	566	A	6	0	561	23.5383244206774
A_HA_H1	1175	566	T	6	0	564	23.2996453900709
A_HA_H1	1176	564	T	8	0	556	23.2158273381295
A_HA_H1	1177	564	A	8	0	555	22.7693693693694
A_HA_H1	1178	562	C	10	0	556	23.2320143884892
A_HA_H1	1179	568	T	4	0	560	23.0017857142857
A_HA_H1	1180	564	A	8	0	559	23.0966010733453
A_HA_H1	1181	565	A	7	0	564	23.1755319148936
A_HA_H1	1182	564	C	8	0	558	24.7849462365591
A_HA_H1	1183	565	A	7	0	558	24.7043010752688
A_HA_H1	1184	567	A	5	0	564	24.8670212765957
A_HA_H1	1185	567	A	5	0	564	25.7570921985816
A_HA_H1	1186	566	G	6	0	558	25.8154121863799
A_HA_H1	1187	568	T	4	0	560	24.3875
A_HA_H1	1188	565	A	7	0	562	24.3914590747331
A_HA_H1	1189	567	A	5	0	564	24.5992907801418
A_HA_H1	1190	567	A	5	0	564	24.1187943262411
A_HA_H1	1191	565	T	7	0	562	25.2402135231317
A_HA_H1	1192	565	T	7	0	563	25.3854351687389
A_HA_H1	1193	562	C	10	0	556	24.9604316546763
A_HA_H1	1194	564	T	8	0	559	26.1234347048301
A_HA_H1	1195	564	G	8	0	557	27.6588868940754
A_HA_H1	1196	561	T	11	0	557	26.3177737881508
A_HA_H1	1197	566	T	6	0	561	25.030303030303
A_HA_H1	1198	564	A	8	0	563	24.1705150976909
A_HA_H1	1199	562	T	10	0	558	24.6236559139785
A_HA_H1	1200	567	T	5	0	561	24.7379679144385
A_HA_H1	1201	567	G	5	0	561	23.9910873440285
A_HA_H1	1202	562	A	10	0	561	24.7682709447415
A_HA_H1	1203	566	A	6	0	565	24.9398230088496
A_HA_H1	1204	567	A	5	0	565	25.4265486725664
A_HA_H1	1205	568	A	4	0	563	26.3996447602131
A_HA_H1	1206	567	G	5	0	552	26.1539855072464
A_HA_H1	1207	568	A	4	0	564	26.2216312056738
A_HA_H1	1208	567	T	5	0	562	26.491103202847
A_HA_H1	1209	567	G	5	0	551	25.7259528130671
A_HA_H1	1210	567	A	5	0	564	26.0921985815603
A_HA_H1	1211	568	A	4	0	563	26.7033747779751
A_HA_H1	1212	568	T	4	0	563	26.6198934280639
A_HA_H1	1213	567	A	5	0	565	26.258407079646
A_HA_H1	1214	565	C	7	0	563	26.8596802841918
A_HA_H1	1215	565	A	7	0	561	25.969696969697
A_HA_H1	1216	565	C	7	0	562	28.6459074733096
A_HA_H1	1217	566	A	6	0	565	26.1150442477876
A_HA_H1	1218	567	G	5	0	563	24.9005328596803
A_HA_H1	1219	568	T	4	0	565	24.9185840707965
A_HA_H1	1220	568	T	4	0	565	25.3309734513274
A_HA_H1	1221	567	C	5	0	560	25.6357142857143
A_HA_H1	1222	568	A	5	0	565	25.6920353982301
A_HA_H1	1223	565	C	8	0	560	26.5767857142857
A_HA_H1	1224	564	A	9	0	560	26.4910714285714
A_HA_H1	1225	563	G	10	0	563	25.7673179396092
A_HA_H1	1226	565	C	8	0	564	25.5957446808511
A_HA_H1	1227	565	A	8	0	562	25.4430604982206
A_HA_H1	1228	565	G	8	0	564	25.2677304964539
A_HA_H1	1229	565	T	8	0	563	25.2255772646536
A_HA_H1	1230	563	G	10	0	561	24.2762923351159
A_HA_H1	1231	567	G	6	0	565	23.9309734513274
A_HA_H1	1232	567	G	6	0	564	24.2003546099291
A_HA_H1	1233	567	T	6	0	564	23.8351063829787
A_HA_H1	1234	561	A	12	0	555	24.7441441441441
A_HA_H1	1235	569	A	4	0	562	24.6565836298932
A_HA_H1	1236	569	A	4	0	561	24.6755793226381
A_HA_H1	1237	566	G	7	0	553	25.9240506329114
A_HA_H1	1238	567	A	6	0	564	24.6932624113475
A_HA_H1	1239	560	G	13	0	536	24.365671641791
A_HA_H1	1240	564	T	9	0	556	23.7374100719424
A_HA_H1	1241	566	T	7	0	560	23.5678571428571
A_HA_H1	1242	560	C	13	0	533	22.9474671669794
A_HA_H1	1243	561	A	12	0	553	23.5135623869801
A_HA_H1	1244	566	A	7	0	561	24.3868092691622
A_HA_H1	1245	566	C	7	0	564	24.177304964539
A_HA_H1	1246	568	C	5	0	554	26.0361010830325
A_HA_H1	1247	568	A	5	0	556	25.5071942446043
A_HA_H1	1248	556	C	17	0	553	25.3942133815552
A_HA_H1	1249	566	C	7	0	562	25.3718861209964
A_HA_H1	1250	566	T	7	0	563	25.9271758436945
A_HA_H1	1251	560	G	13	0	559	26.7728085867621
A_HA_H1	1252	558	G	15	0	557	25.9174147217235
A_HA_H1	1253	534	A	39	0	531	25.3653483992467
A_HA_H1	1254	558	A	15	0	557	25.7091561938959
A_HA_H1	1255	562	A	11	0	559	25.9606440071556
A_HA_H1	1256	567	A	6	0	566	28.0088339222615
A_HA_H1	1257	568	A	5	0	561	28.0998217468806
A_HA_H1	1258	567	A	6	0	566	26.5441696113074
A_HA_H1	1259	563	G	10	0	561	25.8039215686275
A_HA_H1	1260	558	A	15	0	550	22.8072727272727
A_HA_H1	1261	565	A	8	0	556	22.660071942446
A_HA_H1	1262	566	T	7	0	561	20.5204991087344
A_HA_H1	1263	547	A	26	0	534	20.8314606741573
A_HA_H1	1264	551	G	22	0	540	20.5703703703704
A_HA_H1	1265	564	A	9	0	557	20.4344703770197
A_HA_H1	1266	565	G	8	0	562	26.017793594306
A_HA_H1	1267	566	A	7	0	564	25.5070921985816
A_HA_H1	1268	568	A	5	0	565	23.3380530973451
A_HA_H1	1269	567	T	6	0	567	23.1463844797178
A_HA_H1	1270	565	C	8	0	548	24.0875912408759
A_HA_H1	1271	568	T	5	0	563	23.7211367673179
A_HA_H1	1272	565	A	8	0	560	23.8392857142857
A_HA_H1	1273	568	A	5	0	567	23.968253968254
A_HA_H1	1274	569	A	4	0	562	25.0409252669039
A_HA_H1	1275	568	T	5	0	561	24.9964349376114
A_HA_H1	1276	557	A	16	0	557	23.3985637342908
A_HA_H1	1277	567	A	6	0	566	23.9469964664311
A_HA_H1	1278	568	A	4	0	566	24.1537102473498
A_HA_H1	1279	568	A	4	0	568	26.7658450704225
A_HA_H1	1280	568	A	4	0	567	28.1040564373898
A_HA_H1	1281	567	A	5	0	565	27.1061946902655
A_HA_H1	1282	567	G	5	0	565	25.7823008849558
A_HA_H1	1283	567	T	5	0	564	25.75
A_HA_H1	1284	567	T	5	0	557	25.8617594254937
A_HA_H1	1285	566	G	6	0	558	25.4086021505376
A_HA_H1	1286	567	A	5	0	567	25.2186948853616
A_HA_H1	1287	568	T	4	0	563	25.7246891651865
A_HA_H1	1288	568	G	4	0	559	25.6243291592129
A_HA_H1	1289	567	A	5	0	562	25.2989323843416
A_HA_H1	1290	567	T	5	0	558	25.3297491039427
A_HA_H1	1291	568	G	4	0	558	24.6379928315412
A_HA_H1	1292	567	G	5	0	560	24.1678571428571
A_HA_H1	1293	565	T	7	0	560	24.3464285714286
A_HA_H1	1294	566	T	6	0	561	24.1336898395722
A_HA_H1	1295	563	T	9	0	558	24.8924731182796
A_HA_H1	1296	553	C	19	0	547	25.4351005484461
A_HA_H1	1297	564	C	8	0	561	25.8966131907308
A_HA_H1	1298	564	T	8	0	559	24.6887298747764
A_HA_H1	1299	557	G	15	0	554	25.0252707581227
A_HA_H1	1300	567	G	5	0	554	25.3592057761733
A_HA_H1	1301	568	A	4	0	566	25.8798586572438
A_HA_H1	1302	566	C	6	0	563	26.4849023090586
A_HA_H1	1303	566	A	6	0	565	26.6530973451327
A_HA_H1	1304	564	T	8	0	562	26.6761565836299
A_HA_H1	1305	568	T	4	0	566	26.9770318021201
A_HA_H1	1306	568	T	4	0	563	27.2504440497336
A_HA_H1	1307	567	G	5	0	563	26.6429840142096
A_HA_H1	1308	568	G	4	0	560	26.2714285714286
A_HA_H1	1309	566	A	6	0	565	26.3469026548673
A_HA_H1	1310	564	C	8	0	554	25.6913357400722
A_HA_H1	1311	562	T	10	0	556	24.9334532374101
A_HA_H1	1312	566	T	6	0	557	25.4165170556553
A_HA_H1	1313	567	A	5	0	561	24.5115864527629
A_HA_H1	1314	565	C	7	0	562	24.8185053380783
A_HA_H1	1315	566	A	5	0	559	24.2128801431127
A_HA_H1	1316	566	A	5	0	563	23.7868561278863
A_HA_H1	1317	566	T	5	0	564	23.8776595744681
A_HA_H1	1318	565	G	6	0	563	23.7033747779751
A_HA_H1	1319	563	C	8	0	559	24.5831842576029
A_HA_H1	1320	560	C	11	0	556	24.5701438848921
A_HA_H1	1321	543	G	28	0	536	21.8992537313433
A_HA_H1	1322	566	A	5	0	560	21.1625
A_HA_H1	1323	566	A	5	0	560	20.825
A_HA_H1	1324	566	C	5	0	563	21.3428063943162
A_HA_H1	1325	562	T	9	0	557	25.8402154398564
A_HA_H1	1326	560	G	11	0	560	26.2
A_HA_H1	1327	560	T	11	0	559	25.5420393559928
A_HA_H1	1328	564	T	7	0	560	25.3857142857143
A_HA_H1	1329	563	G	8	0	560	24.5178571428571
A_HA_H1	1330	565	G	6	0	562	23.567615658363
A_HA_H1	1331	563	T	8	0	558	23.7204301075269
A_HA_H1	1332	565	T	6	0	559	23.8568872987478
A_HA_H1	1333	562	C	9	0	550	23.7909090909091
A_HA_H1	1334	558	T	13	0	553	24.6998191681736
A_HA_H1	1335	561	A	10	0	556	24.3848920863309
A_HA_H1	1336	562	T	9	0	560	23.8642857142857
A_HA_H1	1337	565	T	6	0	561	25.3725490196078
A_HA_H1	1338	562	G	9	0	561	25.1532976827094
A_HA_H1	1339	564	G	7	0	561	25.4224598930481
A_HA_H1	1340	551	A	20	0	539	26.7866419294991
A_HA_H1	1341	564	A	7	0	559	28.0715563506261
A_HA_H1	1342	567	A	4	0	565	27.5734513274336
A_HA_H1	1343	567	A	4	0	563	28.3232682060391
A_HA_H1	1344	566	T	5	0	562	27.6939501779359
A_HA_H1	1345	565	G	6	0	559	25.9982110912343
A_HA_H1	1346	560	A	11	0	558	25.7222222222222
A_HA_H1	1347	565	A	6	0	563	25.9023090586146
A_HA_H1	1348	564	A	7	0	559	26.3738819320215
A_HA_H1	1349	564	G	6	0	553	27.1844484629295
A_HA_H1	1350	563	A	7	0	562	26.1548042704626
A_HA_H1	1351	563	A	7	0	563	25.8223801065719
A_HA_H1	1352	563	C	7	0	556	25.3992805755396
A_HA_H1	1353	554	T	16	0	550	25.5436363636364
A_HA_H1	1354	566	T	4	0	564	26.3723404255319
A_HA_H1	1355	564	T	6	0	552	27.9420289855072
A_HA_H1	1356	555	G	15	0	549	25.7941712204007
A_HA_H1	1357	565	G	5	0	561	25.2513368983957
A_HA_H1	1358	565	A	5	0	563	24.7921847246892
A_HA_H1	1359	565	C	5	0	559	24.9660107334526
A_HA_H1	1360	565	T	5	0	564	25.3173758865248
A_HA_H1	1361	564	A	6	0	561	25.5454545454545
A_HA_H1	1362	565	T	5	0	561	25.5864527629234
A_HA_H1	1363	568	C	2	0	568	25.705985915493
A_HA_H1	1364	569	A	1	0	563	25.8454706927176
A_HA_H1	1365	566	C	4	0	563	25.696269982238
A_HA_H1	1366	568	G	2	0	542	22.7656826568266
A_HA_H1	1367	569	A	1	0	568	22.1073943661972
A_HA_H1	1368	569	T	1	0	567	22.1164021164021
A_HA_H1	1369	569	T	1	0	567	22.4197530864198
A_HA_H1	1370	569	C	1	0	554	26.4963898916968
A_HA_H1	1371	568	A	2	0	558	26.9301075268817
A_HA_H1	1372	570	A	0	0	567	26.8871252204586
A_HA_H1	1373	569	A	1	0	562	27.1548042704626
A_HA_H1	1374	568	T	2	0	567	27.7125220458554
A_HA_H1	1375	568	G	2	0	566	26.8127208480565
A_HA_H1	1376	570	T	0	0	566	27.2932862190813
A_HA_H1	1377	567	G	3	0	565	26.7610619469027
A_HA_H1	1378	567	A	3	0	567	25.7671957671958
A_HA_H1	1379	569	A	1	0	569	26.6731107205624
A_HA_H1	1380	569	G	1	0	560	25.8982142857143
A_HA_H1	1381	568	A	2	0	566	25.856890459364
A_HA_H1	1382	569	A	1	0	561	26.2424242424242
A_HA_H1	1383	569	C	1	0	565	25.7769911504425
A_HA_H1	1384	565	T	5	0	548	27.2810218978102
A_HA_H1	1385	567	T	3	0	561	27.4670231729055
A_HA_H1	1386	564	G	6	0	556	26.7068345323741
A_HA_H1	1387	568	T	2	0	562	25.4590747330961
A_HA_H1	1388	569	A	1	0	565	24.4637168141593
A_HA_H1	1389	570	T	0	0	569	23.8664323374341
A_HA_H1	1390	566	G	4	0	563	24.2326820603908
A_HA_H1	1391	530	A	40	0	525	25.0952380952381
A_HA_H1	1392	560	A	10	0	559	25.0572450805009
A_HA_H1	1393	560	A	10	0	556	26.0305755395683
A_HA_H1	1394	561	A	9	0	544	27.8841911764706
A_HA_H1	1395	558	A	12	0	555	26.7081081081081
A_HA_H1	1396	557	G	13	0	545	25.1339449541284
A_HA_H1	1397	560	T	10	0	543	23.7274401473296
A_HA_H1	1398	553	A	17	0	540	23.3259259259259
A_HA_H1	1399	557	A	12	0	552	22.7952898550725
A_HA_H1	1400	555	G	14	0	546	23.032967032967
A_HA_H1	1401	567	A	2	0	554	23.85559566787
A_HA_H1	1402	569	A	0	0	561	24.2691622103387
A_HA_H1	1403	568	A	1	0	563	24.5666074600355
A_HA_H1	1404	567	C	2	0	563	24.8454706927176
A_HA_H1	1405	569	C	0	0	542	24.7140221402214
A_HA_H1	1406	566	A	3	0	554	24.4169675090253
A_HA_H1	1407	568	G	1	0	562	23.7366548042705
A_HA_H1	1408	568	T	1	0	564	23.531914893617
A_HA_H1	1409	567	T	2	0	564	23.7234042553191
A_HA_H1	1410	548	A	21	0	545	23.4128440366972
A_HA_H1	1411	565	A	3	0	562	24.94128113879
A_HA_H1	1412	566	A	2	0	564	25.5053191489362
A_HA_H1	1413	566	A	2	0	562	27.7455516014235
A_HA_H1	1414	567	A	1	0	561	26.7183600713012
A_HA_H1	1415	567	A	1	0	563	25.5222024866785
A_HA_H1	1416	567	C	1	0	567	24.1428571428571
A_HA_H1	1417	567	A	1	0	564	24.0372340425532
A_HA_H1	1418	568	A	0	0	567	24.3174603174603
A_HA_H1	1419	568	T	0	0	566	23.3639575971731
A_HA_H1	1420	568	G	0	0	561	24.4741532976827
A_HA_H1	1421	566	C	2	0	564	24.6666666666667
A_HA_H1	1422	567	C	1	0	566	25.9434628975265
A_HA_H1	1423	566	A	2	0	564	25.7358156028369
A_HA_H1	1424	566	A	2	0	564	26.1294326241135
A_HA_H1	1425	565	G	3	0	564	26.2358156028369
A_HA_H1	1426	567	G	1	0	567	26.8959435626102
A_HA_H1	1427	566	A	2	0	560	25.9785714285714
A_HA_H1	1428	566	A	2	0	564	25.5053191489362
A_HA_H1	1429	566	A	2	0	565	25.2088495575221
A_HA_H1	1430	565	T	3	0	564	24.313829787234
A_HA_H1	1431	568	T	0	0	566	24.7685512367491
A_HA_H1	1432	564	G	4	0	564	24.4556737588652
A_HA_H1	1433	567	G	1	0	567	24.5661375661376
A_HA_H1	1434	567	A	1	0	565	24.9238938053097
A_HA_H1	1435	567	A	1	0	567	25.8624338624339
A_HA_H1	1436	567	A	1	0	566	25.726148409894
A_HA_H1	1437	564	C	4	0	558	24.9856630824373
A_HA_H1	1438	562	G	6	0	549	22.1457194899818
A_HA_H1	1439	563	G	5	0	562	22.0480427046263
A_HA_H1	1440	567	C	1	0	565	22.6017699115044
A_HA_H1	1441	566	T	1	0	560	22.6803571428571
A_HA_H1	1442	563	G	4	0	556	26.0017985611511
A_HA_H1	1443	564	C	3	0	560	26.0321428571429
A_HA_H1	1444	543	T	24	0	540	25.7462962962963
A_HA_H1	1445	561	T	6	0	555	24.7171171171171
A_HA_H1	1446	567	T	0	0	559	25.602862254025
A_HA_H1	1447	564	G	3	0	553	23.493670886076
A_HA_H1	1448	565	A	2	0	564	23.9698581560284
A_HA_H1	1449	565	A	2	0	554	23.8628158844765
A_HA_H1	1450	565	T	2	0	560	23.4053571428571
A_HA_H1	1451	565	T	2	0	561	24.8128342245989
A_HA_H1	1452	567	T	0	0	566	24.8639575971731
A_HA_H1	1453	565	T	2	0	558	26.8118279569892
A_HA_H1	1454	563	A	4	0	549	24.7285974499089
A_HA_H1	1455	563	C	4	0	561	23.8003565062389
A_HA_H1	1456	562	C	5	0	559	23.8175313059034
A_HA_H1	1457	563	A	4	0	560	23.6125
A_HA_H1	1458	565	C	2	0	562	24.6886120996441
A_HA_H1	1459	564	A	3	0	561	25.1622103386809
A_HA_H1	1460	566	A	1	0	562	25.355871886121
A_HA_H1	1461	566	A	1	0	565	26.0619469026549
A_HA_H1	1462	566	T	1	0	563	26.0621669626998
A_HA_H1	1463	566	G	1	0	564	25.7765957446809
A_HA_H1	1464	567	C	0	0	559	24.3756708407871
A_HA_H1	1465	567	G	0	0	562	22.8701067615658
A_HA_H1	1466	567	A	0	0	565	22.8300884955752
A_HA_H1	1467	567	T	0	0	564	22.5585106382979
A_HA_H1	1468	566	A	1	0	559	22.8944543828265
A_HA_H1	1469	565	A	2	0	564	23.9929078014184
A_HA_H1	1470	566	C	1	0	563	24.7477797513321
A_HA_H1	1471	564	A	3	0	561	25.7112299465241
A_HA_H1	1472	565	C	2	0	563	26.0426287744227
A_HA_H1	1473	566	G	1	0	561	23.7308377896613
A_HA_H1	1474	566	T	1	0	563	23.6198934280639
A_HA_H1	1475	565	G	2	0	557	23.8043087971275
A_HA_H1	1476	566	C	1	0	566	23.8021201413428
A_HA_H1	1477	566	A	1	0	561	25.0766488413547
A_HA_H1	1478	567	T	0	0	565	24.8318584070796
A_HA_H1	1479	565	G	2	0	560	24.9589285714286
A_HA_H1	1480	566	G	1	0	561	24.6898395721925
A_HA_H1	1481	564	A	3	0	557	24.7289048473968
A_HA_H1	1482	566	A	1	0	566	25.0583038869258
A_HA_H1	1483	564	A	3	0	558	25.4068100358423
A_HA_H1	1484	562	G	5	0	543	25.0920810313076
A_HA_H1	1485	564	T	3	0	560	23.9410714285714
A_HA_H1	1486	565	G	2	0	556	24.2625899280576
A_HA_H1	1487	565	T	2	0	562	23.5978647686833
A_HA_H1	1488	563	C	5	0	552	23.768115942029
A_HA_H1	1489	556	A	12	0	549	23.1621129326047
A_HA_H1	1490	566	A	2	0	563	23.5612788632327
A_HA_H1	1491	567	A	1	0	552	24.7336956521739
A_HA_H1	1492	568	A	0	0	559	26.4025044722719
A_HA_H1	1493	568	A	0	0	560	25.8714285714286
A_HA_H1	1494	568	T	0	0	565	25.8884955752212
A_HA_H1	1495	551	G	17	0	543	25.2633517495396
A_HA_H1	1496	568	G	0	0	565	24.446017699115
A_HA_H1	1497	567	G	1	0	509	23.811394891945
A_HA_H1	1498	567	A	1	0	559	24.7048300536673
A_HA_H1	1499	567	C	1	0	546	24.0805860805861
A_HA_H1	1500	562	T	6	0	556	23.4982014388489
A_HA_H1	1501	566	T	2	0	552	23.5996376811594
A_HA_H1	1502	567	A	1	0	559	23.345259391771
A_HA_H1	1503	565	T	3	0	552	24.1304347826087
A_HA_H1	1504	563	G	5	0	542	23.5461254612546
A_HA_H1	1505	563	A	5	0	554	23.1895306859206
A_HA_H1	1506	561	C	7	0	557	23.149012567325
A_HA_H1	1507	636	T	3	0	633	23.1864139020537
A_HA_H1	1508	637	A	3	0	633	23.5687203791469
A_HA_H1	1509	617	C	26	0	613	24.3849918433931
A_HA_H1	1510	643	C	2	0	641	24.3650546021841
A_HA_H1	1511	644	C	1	0	633	25.1390205371248
A_HA_H1	1512	635	A	10	0	629	25.6216216216216
A_HA_H1	1513	645	A	0	0	641	27.1107644305772
A_HA_H1	1514	645	A	0	0	642	26.6666666666667
A_HA_H1	1515	643	A	2	0	636	28.0723270440252
A_HA_H1	1516	643	T	2	0	640	26.5046875
A_HA_H1	1517	640	A	5	0	629	24.577106518283
A_HA_H1	1518	637	C	8	0	632	23.7215189873418
A_HA_H1	1519	641	T	4	0	638	23.2789968652038
A_HA_H1	1520	635	C	10	0	617	22.6564019448947
A_HA_H1	1521	623	A	22	0	616	23.2061688311688
A_HA_H1	1522	623	G	22	0	618	23.626213592233
A_HA_H1	1523	643	A	2	0	640	23.946875
A_HA_H1	1524	643	G	2	0	642	23.5591900311526
A_HA_H1	1525	644	G	1	0	640	24.396875
A_HA_H1	1526	644	A	1	0	635	24.2708661417323
A_HA_H1	1527	643	A	2	0	638	25.3887147335423
A_HA_H1	1528	641	G	4	0	630	23.9761904761905
A_HA_H1	1529	642	C	3	0	631	23.5768621236133
A_HA_H1	1530	633	A	12	0	627	23.0574162679426
A_HA_H1	1531	641	A	4	0	637	22.574568288854
A_HA_H1	1532	641	A	4	0	637	24.2354788069074
A_HA_H1	1533	640	A	5	0	627	25.5614035087719
A_HA_H1	1534	639	T	6	0	628	24.6194267515924
A_HA_H1	1535	639	T	6	0	628	24.0127388535032
A_HA_H1	1536	632	A	13	0	613	22.8825448613377
A_HA_H1	1537	640	A	5	0	630	22.5301587301587
A_HA_H1	1538	640	A	5	0	635	22.9307086614173
A_HA_H1	1539	642	C	3	0	634	23.1451104100946
A_HA_H1	1540	615	A	30	0	608	23.2483552631579
A_HA_H1	1541	614	G	31	0	609	22.6305418719212
A_HA_H1	1542	632	A	13	0	631	21.9144215530903
A_HA_H1	1543	632	G	13	0	624	28.7820512820513
A_HA_H1	1544	621	A	24	0	617	30.6839546191248
A_HA_H1	1545	639	A	6	0	636	23.3254716981132
A_HA_H1	1546	642	A	3	0	640	24.671875
A_HA_H1	1547	639	A	6	0	631	26.3296354992076
A_HA_H1	1548	632	A	13	0	630	26.3174603174603
A_HA_H1	1549	631	A	14	0	624	25.1426282051282
A_HA_H1	1550	631	T	14	0	622	23.9405144694534
A_HA_H1	1551	638	A	7	0	619	22.6284329563813
A_HA_H1	1552	635	G	10	0	619	21.5250403877221
A_HA_H1	1553	640	A	5	0	638	21.1332288401254
A_HA_H1	1554	639	T	6	0	626	21.9408945686901
A_HA_H1	1555	610	G	35	0	594	21.8653198653199
A_HA_H1	1556	630	G	14	0	624	22.3525641025641
A_HA_H1	1557	640	G	4	0	639	22.5195618153365
A_HA_H1	1558	640	G	4	0	635	24.2645669291339
A_HA_H1	1559	636	T	8	0	624	22.3910256410256
A_HA_H1	1560	641	A	3	0	637	22.0298273155416
A_HA_H1	1561	642	A	2	0	639	21.1737089201878
A_HA_H1	1562	641	A	3	0	635	21.9889763779528
A_HA_H1	1563	637	G	7	0	629	22.8553259141494
A_HA_H1	1564	638	C	6	0	576	22.0434027777778
A_HA_H1	1565	641	T	3	0	637	23.2919937205651
A_HA_H1	1566	638	G	6	0	636	22.2672955974843
A_HA_H1	1567	641	G	3	0	627	21.4960127591707
A_HA_H1	1568	640	A	4	0	636	21.1556603773585
A_HA_H1	1569	644	A	0	0	640	22.5890625
A_HA_H1	1570	643	T	1	0	639	21.6932707355243
A_HA_H1	1571	642	C	2	0	624	21.7788461538462
A_HA_H1	1572	643	A	1	0	637	21.4175824175824
A_HA_H1	1573	640	A	4	0	629	21.3704292527822
A_HA_H1	1574	640	C	4	0	633	22.519747235387
A_HA_H1	1575	638	A	6	0	626	22.6773162939297
A_HA_H1	1576	641	A	3	0	638	22.6457680250784
A_HA_H1	1577	642	G	2	0	635	23.0031496062992
A_HA_H1	1578	640	G	4	0	634	23.7350157728707
A_HA_H1	1579	635	A	9	0	626	23.9424920127796
A_HA_H1	1580	636	T	8	0	628	24.2882165605096
A_HA_H1	1581	639	T	5	0	633	24.1769352290679
A_HA_H1	1582	640	T	4	0	638	24.4796238244514
A_HA_H1	1583	638	A	6	0	632	24.0443037974684
A_HA_H1	1584	636	C	8	0	635	24.1653543307087
A_HA_H1	1585	636	C	8	0	634	24.3044164037855
A_HA_H1	1586	635	A	9	0	632	24.0506329113924
A_HA_H1	1587	625	G	19	0	618	24.121359223301
A_HA_H1	1588	639	A	5	0	636	22.9811320754717
A_HA_H1	1589	633	T	11	0	630	23.1539682539683
A_HA_H1	1590	642	T	2	0	638	22.2789968652038
A_HA_H1	1591	643	T	1	0	641	24.4399375975039
A_HA_H1	1592	643	T	1	0	631	25.1727416798732
A_HA_H1	1593	639	G	5	0	624	21.9086538461538
A_HA_H1	1594	641	G	3	0	637	22.0235478806907
A_HA_H1	1595	641	C	3	0	628	20.5414012738853
A_HA_H1	1596	641	G	3	0	608	20.0065789473684
A_HA_H1	1597	643	A	1	0	638	19.7288401253918
A_HA_H1	1598	637	T	7	0	631	19.4580031695721
A_HA_H1	1599	633	C	11	0	596	19.7080536912752
A_HA_H1	1600	640	T	4	0	633	19.9241706161137
A_HA_H1	1601	639	A	5	0	627	20.1275917065391
A_HA_H1	1602	638	T	6	0	628	19.4426751592357
A_HA_H1	1603	642	T	2	0	632	20.7879746835443
A_HA_H1	1604	641	C	3	0	617	20.9286871961102
A_HA_H1	1605	644	A	0	0	618	21.8187702265372
A_HA_H1	1606	643	A	1	0	637	22.1412872841444
A_HA_H1	1607	643	C	1	0	637	22.3908948194662
A_HA_H1	1608	640	T	4	0	632	22.9841772151899
A_HA_H1	1609	642	G	2	0	640	23.771875
A_HA_H1	1610	644	T	0	0	642	22.9906542056075
A_HA_H1	1611	644	C	0	0	610	21.2852459016393
A_HA_H1	1612	643	G	1	0	635	19.9354330708661
A_HA_H1	1613	643	C	1	0	643	20.298600311042
A_HA_H1	1614	644	C	0	0	642	21.4423676012461
A_HA_H1	1615	643	A	1	0	638	22.4075235109718
A_HA_H1	1616	643	G	1	0	636	25.1776729559748
A_HA_H1	1617	643	T	1	0	639	24.433489827856
A_HA_H1	1618	643	T	1	0	639	24.5133020344288
A_HA_H1	1619	643	C	1	0	634	24.2192429022082
A_HA_H1	1620	643	A	1	0	638	24.2586206896552
A_HA_H1	1621	641	T	3	0	640	24.7140625
A_HA_H1	1622	639	T	5	0	635	24.0803149606299
A_HA_H1	1623	634	G	10	0	630	23.168253968254
A_HA_H1	1624	640	G	4	0	639	24.3067292644757
A_HA_H1	1625	642	T	2	0	635	24.4393700787402
A_HA_H1	1626	641	A	3	0	634	23.6845425867508
A_HA_H1	1627	634	C	10	0	623	23.3354735152488
A_HA_H1	1628	639	T	5	0	632	23.5917721518987
A_HA_H1	1629	631	G	13	0	620	24.4774193548387
A_HA_H1	1630	641	G	3	0	636	24.8474842767296
A_HA_H1	1631	624	T	20	0	600	24.995
A_HA_H1	1632	635	A	9	0	623	24.5810593900482
A_HA_H1	1633	640	G	4	0	611	24.1849427168576
A_HA_H1	1634	619	T	25	0	590	23.4745762711864
A_HA_H1	1635	628	C	16	0	600	24.03
A_HA_H1	1636	638	T	6	0	630	24.3666666666667
A_HA_H1	1637	606	C	38	0	569	24.0369068541301
A_HA_H1	1638	639	C	5	0	636	25.2562893081761
A_HA_H1	1639	624	C	20	0	621	27.7471819645733
A_HA_H1	1640	608	T	36	0	605	27.2165289256198
A_HA_H1	1641	562	G	82	0	552	26.286231884058
A_HA_H1	1642	621	G	23	0	619	26.8739903069467
A_HA_H1	1643	629	G	15	0	626	26.6869009584665
A_HA_H1	1644	632	G	12	0	631	27.6228209191759
A_HA_H1	1645	640	G	4	0	639	27.7699530516432
A_HA_H1	1646	639	C	5	0	635	26.6787401574803
A_HA_H1	1647	643	A	1	0	640	26.2640625
A_HA_H1	1648	643	A	1	0	641	25.7347893915757
A_HA_H1	1649	643	T	1	0	643	24.5660964230171
A_HA_H1	1650	639	C	5	0	619	23.1583198707593
A_HA_H1	1651	644	A	0	0	636	22.6415094339623
A_HA_H1	1652	640	G	3	0	639	22.0312989045383
A_HA_H1	1653	641	C	2	0	639	22.5179968701095
A_HA_H1	1654	641	T	2	0	639	23.0109546165884
A_HA_H1	1655	642	T	1	0	636	23.4842767295597
A_HA_H1	1656	640	C	3	0	633	23.9036334913112
A_HA_H1	1657	640	T	3	0	635	24.488188976378
A_HA_H1	1658	643	G	0	0	635	24.4267716535433
A_HA_H1	1659	643	G	0	0	630	23.6412698412698
A_HA_H1	1660	643	A	0	0	641	23.5522620904836
A_HA_H1	1661	641	T	2	0	637	23.7299843014129
A_HA_H1	1662	641	G	2	0	638	23.858934169279
A_HA_H1	1663	640	T	3	0	598	24.3612040133779
A_HA_H1	1664	642	G	1	0	638	24.9984326018809
A_HA_H1	1665	637	C	6	0	629	24.906200317965
A_HA_H1	1666	639	T	4	0	628	25.1449044585987
A_HA_H1	1667	634	C	9	0	622	25.0627009646302
A_HA_H1	1668	633	T	10	0	625	24.6032
A_HA_H1	1669	638	A	5	0	631	24.3755942947702
A_HA_H1	1670	642	A	1	0	639	24.0970266040689
A_HA_H1	1671	642	T	1	0	633	24.3127962085308
A_HA_H1	1672	638	G	5	0	623	23.892455858748
A_HA_H1	1673	641	G	2	0	639	23.6447574334898
A_HA_H1	1674	639	G	4	0	638	24.0423197492163
A_HA_H1	1675	608	T	35	0	598	24.3795986622074
A_HA_H1	1676	607	C	36	0	593	24.0185497470489
A_HA_H1	1677	640	T	3	0	638	23.3824451410658
A_HA_H1	1678	611	C	31	0	599	23.661101836394
A_HA_H1	1679	637	T	5	0	617	24.9416531604538
A_HA_H1	1680	637	A	5	0	632	23.3227848101266
A_HA_H1	1681	642	C	0	0	640	23.49375
A_HA_H1	1682	640	A	2	0	631	23.2773375594295
A_HA_H1	1683	636	G	6	0	636	22.7955974842767
A_HA_H1	1684	637	T	5	0	628	23.375796178344
A_HA_H1	1685	638	G	4	0	636	23.5786163522013
A_HA_H1	1686	636	T	6	0	633	23.7109004739336
A_HA_H1	1687	630	A	12	0	627	22.7862838915471
A_HA_H1	1688	637	G	4	0	633	21.7582938388626
A_HA_H1	1689	637	A	4	0	630	22.0730158730159
A_HA_H1	1690	637	A	1	0	632	23.8655063291139
A_HA_H1	1691	637	T	1	0	630	22.8507936507937
A_HA_H1	1692	638	A	0	0	633	23.2069510268562
A_HA_H1	1693	637	T	0	0	630	23.3396825396825
A_HA_H1	1694	635	G	0	0	632	23.2373417721519
A_HA_H1	1695	634	T	0	0	631	23.1774960380349
A_HA_H1	1696	632	A	1	0	629	23.9761526232114
A_HA_H1	1697	632	T	0	0	625	23.2848
A_HA_H1	1698	632	T	0	0	629	24.1653418124006
A_HA_H1	1699	623	T	0	0	619	24.1453957996769
A_HA_H1	1700	620	A	0	0	620	24.091935483871
A_HA_H1	1701	617	A	0	0	617	24.5996758508914
