Reference_Name	Position	Coverage Depth	Consensus	Deletions	Ambiguous	Consensus_Count	Consensus_Average_Quality
A_MP	1	1579	A	0	0	1579	17.1785940468651
A_MP	2	1595	T	0	0	1595	16.894670846395
A_MP	3	1606	G	0	0	1572	16.3899491094148
A_MP	4	1647	A	0	0	1642	16.0840438489647
A_MP	5	1655	G	2	0	1654	15.9365175332527
A_MP	6	1657	T	14	0	1652	15.6731234866828
A_MP	7	1663	C	8	0	1649	15.7428744693754
A_MP	8	1659	T	24	0	1651	15.8049666868565
A_MP	9	1675	T	14	0	1664	16.5168269230769
A_MP	10	1635	C	54	0	1612	17.5316377171216
A_MP	11	1678	T	14	0	1625	17.6073846153846
A_MP	12	1690	A	4	0	1653	16.956442831216
A_MP	13	1686	A	8	0	1673	16.7405857740586
A_MP	14	1683	C	13	0	1676	17.3377088305489
A_MP	15	1690	C	6	0	1669	17.3828639904134
A_MP	16	1684	G	12	0	1620	16.0969135802469
A_MP	17	1694	A	2	0	1675	16.0459701492537
A_MP	18	1679	G	18	0	1652	16.0157384987893
A_MP	19	1689	G	9	0	1665	16.1381381381381
A_MP	20	1689	T	9	0	1667	16.2789442111578
A_MP	21	1688	C	10	0	1572	15.9033078880407
A_MP	22	1573	G	125	0	1511	15.0264725347452
A_MP	23	1672	A	27	0	1645	14.4018237082067
A_MP	24	1688	A	11	0	1667	14.7420515896821
A_MP	25	1682	A	17	0	1645	16.8334346504559
A_MP	26	1672	C	27	0	1592	17.6325376884422
A_MP	27	1669	G	30	0	1544	16.2227979274611
A_MP	28	1676	T	23	0	1639	15.6345332519829
A_MP	29	1682	A	17	0	1620	15.4345679012346
A_MP	30	1671	C	28	0	1595	15.4789968652038
A_MP	31	1673	G	26	0	1589	15.6803020767778
A_MP	32	1634	T	65	0	1610	15.9372670807453
A_MP	33	1663	T	36	0	1639	16.306894447834
A_MP	34	1653	C	47	0	1590	16.6037735849057
A_MP	35	1667	T	33	0	1643	17.9446135118685
A_MP	36	1673	T	27	0	1659	18.506329113924
A_MP	37	1666	T	35	0	1638	18.7704517704518
A_MP	38	1658	C	43	0	1601	18.578388507183
A_MP	39	1677	T	25	0	1648	17.8052184466019
A_MP	40	1699	A	3	0	1675	17.324776119403
A_MP	41	1699	T	3	0	1690	16.4940828402367
A_MP	42	1695	C	7	0	1659	16.8185654008439
A_MP	43	1695	A	7	0	1657	16.3596861798431
A_MP	44	1697	T	5	0	1679	16.1488981536629
A_MP	45	1666	C	36	0	1644	16.7846715328467
A_MP	46	1694	C	8	0	1683	16.6482471776589
A_MP	47	1697	C	5	0	1659	17.9469559975889
A_MP	48	1697	G	6	0	1644	16.9732360097324
A_MP	49	1700	T	3	0	1692	16.2925531914894
A_MP	50	1664	C	39	0	1642	15.9890377588307
A_MP	51	1698	A	5	0	1688	16.0373222748815
A_MP	52	1694	G	9	0	1690	17.2195266272189
A_MP	53	1689	G	14	0	1675	17.2059701492537
A_MP	54	1590	C	113	0	1580	17.1417721518987
A_MP	55	1686	C	19	0	1673	18.2863120143455
A_MP	56	1701	C	4	0	1698	19.1383981154299
A_MP	57	1704	C	1	0	1698	20.4305064782097
A_MP	58	1677	C	28	0	1669	21.6686638705812
A_MP	59	1673	T	32	0	1661	21.0903070439494
A_MP	60	1678	C	27	0	1625	18.8787692307692
A_MP	61	1694	A	11	0	1633	18.3000612369871
A_MP	62	1703	A	2	0	1690	17.4082840236686
A_MP	63	1703	A	2	0	1691	17.742755765819
A_MP	64	1704	G	1	0	1699	17.8163625662154
A_MP	65	1700	C	5	0	1694	18.4244391971665
A_MP	66	1703	C	3	0	1693	17.9474305965741
A_MP	67	1656	G	50	0	1629	16.5985267034991
A_MP	68	1681	A	25	0	1666	16.3781512605042
A_MP	69	1658	G	48	0	1612	16.3343672456576
A_MP	70	1703	A	4	0	1696	16.3932783018868
A_MP	71	1705	T	2	0	1694	16.5365997638725
A_MP	72	1697	C	10	0	1575	16.5511111111111
A_MP	73	1696	G	11	0	1671	14.9102333931777
A_MP	74	1696	C	11	0	1687	14.8512151748666
A_MP	75	1698	A	9	0	1679	15.3228111971412
A_MP	76	1702	C	5	0	1693	16.7914943886592
A_MP	77	1690	A	17	0	1680	20.0410714285714
A_MP	78	1687	G	20	0	1673	19.5212193664076
A_MP	79	1699	A	8	0	1696	19.4516509433962
A_MP	80	1694	G	13	0	1677	19.7096004770423
A_MP	81	1698	A	9	0	1679	19.3883263847528
A_MP	82	1691	C	17	0	1681	19.2379535990482
A_MP	83	1697	T	11	0	1688	19.3672985781991
A_MP	84	1691	G	17	0	1683	19.843137254902
A_MP	85	1699	G	9	0	1687	19.8032009484292
A_MP	86	1664	A	44	0	1653	19.9975801572898
A_MP	87	1691	A	17	0	1685	20.560237388724
A_MP	88	1703	A	5	0	1667	19.6472705458908
A_MP	89	1697	G	11	0	1680	19.1196428571429
A_MP	90	1703	T	5	0	1686	18.6091340450771
A_MP	91	1702	G	6	0	1691	18.3193376700177
A_MP	92	1691	T	17	0	1671	17.7492519449431
A_MP	93	1698	C	10	0	1684	17.8931116389549
A_MP	94	1695	T	13	0	1673	17.9324566646742
A_MP	95	1703	T	5	0	1677	17.8223017292785
A_MP	96	1698	T	10	0	1678	20.6513706793802
A_MP	97	1694	G	14	0	1674	19.4301075268817
A_MP	98	1696	C	12	0	1667	19.6400719856029
A_MP	99	1692	A	16	0	1676	19.2476133651551
A_MP	100	1685	G	23	0	1677	18.6094215861658
A_MP	101	1565	G	143	0	1560	18.8211538461538
A_MP	102	1546	A	163	0	1526	18.0635648754915
A_MP	103	1694	A	15	0	1687	17.9264967397747
A_MP	104	1700	A	9	0	1663	18.173180998196
A_MP	105	1698	G	11	0	1662	17.6281588447653
A_MP	106	1618	A	91	0	1585	18.1570977917981
A_MP	107	1691	A	18	0	1679	17.3519952352591
A_MP	108	1685	C	24	0	1660	15.8
A_MP	109	1695	A	14	0	1640	15.6756097560976
A_MP	110	1695	C	14	0	1675	21.084776119403
A_MP	111	1688	A	21	0	1673	17.3610280932457
A_MP	112	1683	G	26	0	1634	16.1364749082007
A_MP	113	1687	A	22	0	1649	16.1685870224378
A_MP	114	1685	T	24	0	1661	15.2059000602047
A_MP	115	1699	C	10	0	1669	15.0545236668664
A_MP	116	1646	T	63	0	1628	15.5995085995086
A_MP	117	1702	T	7	0	1686	15.8861209964413
A_MP	118	1696	G	13	0	1676	15.6581145584726
A_MP	119	1707	A	2	0	1698	16.1643109540636
A_MP	120	1703	G	6	0	1699	17.7704532077693
A_MP	121	1705	G	4	0	1705	18.092082111437
A_MP	122	1686	C	23	0	1677	18.4877757901014
A_MP	123	1704	T	5	0	1694	18.9787485242031
A_MP	124	1707	C	2	0	1693	19.126993502658
A_MP	125	1699	T	10	0	1688	21.0444312796209
A_MP	126	1702	C	7	0	1678	20.0268176400477
A_MP	127	1704	A	5	0	1689	18.4819419775015
A_MP	128	1701	T	8	0	1685	18.3388724035608
A_MP	129	1674	G	35	0	1655	18.3148036253776
A_MP	130	1703	G	6	0	1673	17.9210998206814
A_MP	131	1699	A	10	0	1679	18.6968433591423
A_MP	132	1702	A	7	0	1690	19.4461538461538
A_MP	133	1702	T	7	0	1683	18.2483660130719
A_MP	134	1705	G	4	0	1673	18.0944411237298
A_MP	135	1698	G	11	0	1689	17.8478389579633
A_MP	136	1690	C	19	0	1668	18.1918465227818
A_MP	137	1643	T	66	0	1564	18.962915601023
A_MP	138	1665	A	45	0	1576	18.7785532994924
A_MP	139	1696	A	14	0	1670	18.2562874251497
A_MP	140	1698	A	12	0	1681	18.3842950624628
A_MP	141	1704	G	6	0	1685	18.5014836795252
A_MP	142	1693	A	17	0	1676	18.159307875895
A_MP	143	1705	C	5	0	1690	18.0272189349112
A_MP	144	1671	A	39	0	1655	17.7570996978852
A_MP	145	1706	A	4	0	1689	17.2279455298993
A_MP	146	1702	G	8	0	1672	17.1232057416268
A_MP	147	1697	A	13	0	1679	17.0673019654556
A_MP	148	1700	C	10	0	1689	17.1894612196566
A_MP	149	1708	C	2	0	1695	17.3120943952802
A_MP	150	1708	A	2	0	1690	17.3923076923077
A_MP	151	1709	A	1	0	1700	17.7958823529412
A_MP	152	1701	T	9	0	1688	16.5402843601896
A_MP	153	1706	C	4	0	1679	16.65812983919
A_MP	154	1671	T	39	0	1657	16.7923958961979
A_MP	155	1704	T	6	0	1690	17.5852071005917
A_MP	156	1705	G	5	0	1699	18.7204237786933
A_MP	157	1703	T	7	0	1687	18.1031416716064
A_MP	158	1707	C	3	0	1699	18.3366686286051
A_MP	159	1708	A	2	0	1695	17.9769911504425
A_MP	160	1708	C	2	0	1705	18.3495601173021
A_MP	161	1707	C	3	0	1704	19.868544600939
A_MP	162	1704	T	6	0	1693	19.9054932073243
A_MP	163	1701	C	9	0	1692	20.0195035460993
A_MP	164	1704	T	6	0	1689	20.1480165778567
A_MP	165	1702	G	8	0	1685	19.7839762611276
A_MP	166	1705	A	5	0	1689	18.6281823564239
A_MP	167	1706	C	4	0	1693	18.1175428233904
A_MP	168	1707	T	3	0	1695	16.682005899705
A_MP	169	1683	A	27	0	1667	15.7234553089382
A_MP	170	1688	A	22	0	1677	15.6678592725104
A_MP	171	1679	G	31	0	1666	16.2707082833133
A_MP	172	1704	G	6	0	1701	17.2139917695473
A_MP	173	1703	G	7	0	1672	17.7912679425837
A_MP	174	1701	A	9	0	1682	18.5434007134364
A_MP	175	1700	A	10	0	1665	17.8684684684685
A_MP	176	1686	T	24	0	1653	16.9237749546279
A_MP	177	1699	T	11	0	1681	17.7346817370613
A_MP	178	1703	T	7	0	1679	18.0166765932102
A_MP	179	1693	T	17	0	1657	19.1025950512975
A_MP	180	1670	A	40	0	1625	16.1852307692308
A_MP	181	1703	G	7	0	1679	15.8159618820727
A_MP	182	1692	G	18	0	1679	15.8898153662895
A_MP	183	1688	A	22	0	1617	17.4298082869511
A_MP	184	1683	T	27	0	1655	16.8888217522659
A_MP	185	1703	T	7	0	1678	16.8039332538737
A_MP	186	1703	T	7	0	1664	17.7746394230769
A_MP	187	1699	G	11	0	1658	17.9083232810615
A_MP	188	1698	T	12	0	1663	18.6969332531569
A_MP	189	1694	G	16	0	1660	21.5144578313253
A_MP	190	1636	T	74	0	1615	21.1609907120743
A_MP	191	1703	T	7	0	1683	16.7278669043375
A_MP	192	1689	C	21	0	1628	16.2100737100737
A_MP	193	1697	A	13	0	1670	16.2047904191617
A_MP	194	1701	C	9	0	1619	17.2310067943175
A_MP	195	1702	G	8	0	1679	16.0547945205479
A_MP	196	1699	C	11	0	1689	15.6915334517466
A_MP	197	1704	T	6	0	1697	15.8874484384207
A_MP	198	1679	C	31	0	1634	16.1695226438188
A_MP	199	1708	A	2	0	1686	17.726571767497
A_MP	200	1700	C	10	0	1693	18.060838747785
A_MP	201	1706	C	4	0	1682	16.897146254459
A_MP	202	1704	G	6	0	1684	15.4471496437055
A_MP	203	1707	T	3	0	1698	15.5624263839812
A_MP	204	1686	G	24	0	1672	15.75
A_MP	205	1692	C	18	0	1669	16.9143199520671
A_MP	206	1706	C	4	0	1701	19.0646678424456
A_MP	207	1707	C	3	0	1690	19.8177514792899
A_MP	208	1697	A	13	0	1681	19.1195716835217
A_MP	209	1697	G	13	0	1694	18.7384887839433
A_MP	210	1702	T	8	0	1693	17.7099822799764
A_MP	211	1685	G	25	0	1642	16.4658952496955
A_MP	212	1677	A	33	0	1665	16.003003003003
A_MP	213	1697	G	13	0	1693	15.7849970466627
A_MP	214	1699	C	11	0	1673	15.8732815301853
A_MP	215	1677	G	33	0	1615	14.5603715170279
A_MP	216	1691	A	19	0	1684	14.29216152019
A_MP	217	1688	G	22	0	1671	14.5523638539797
A_MP	218	1689	G	21	0	1669	14.9706411024566
A_MP	219	1672	A	38	0	1656	16.7910628019324
A_MP	220	1695	C	15	0	1686	16.6678529062871
A_MP	221	1700	T	10	0	1683	17.156862745098
A_MP	222	1664	G	46	0	1637	17.4447159437996
A_MP	223	1673	C	37	0	1658	17.8407720144753
A_MP	224	1701	A	9	0	1680	17.1339285714286
A_MP	225	1703	G	7	0	1684	16.896674584323
A_MP	226	1703	C	7	0	1679	16.9315068493151
A_MP	227	1700	G	10	0	1684	15.9400237529691
A_MP	228	1701	T	9	0	1688	15.8068720379147
A_MP	229	1687	A	23	0	1652	15.4594430992736
A_MP	230	1688	G	22	0	1649	15.516070345664
A_MP	231	1702	A	8	0	1686	16.0925266903915
A_MP	232	1700	C	10	0	1653	16.9915305505142
A_MP	233	1710	G	1	0	1685	15.9014836795252
A_MP	234	1703	C	8	0	1694	16.2190082644628
A_MP	235	1696	T	15	0	1684	16.2197149643705
A_MP	236	1706	T	5	0	1690	16.4260355029586
A_MP	237	1707	T	4	0	1655	19.3123867069486
A_MP	238	1707	A	4	0	1694	17.7697756788666
A_MP	239	1710	T	1	0	1703	16.6453317674692
A_MP	240	1701	C	10	0	1691	16.6688350088705
A_MP	241	1707	C	4	0	1697	16.7866823806718
A_MP	242	1681	A	30	0	1666	17.156662665066
A_MP	243	1701	A	10	0	1693	19.1405788541051
A_MP	244	1707	A	4	0	1692	18.7559101654846
A_MP	245	1708	A	3	0	1691	18.9479597871082
A_MP	246	1708	T	3	0	1698	17.8138987043581
A_MP	247	1707	G	4	0	1699	17.0829899941142
A_MP	248	1698	C	13	0	1693	17.0667454223272
A_MP	249	1705	C	6	0	1698	17.3745583038869
A_MP	250	1706	C	5	0	1688	18.7464454976303
A_MP	251	1699	T	12	0	1675	18.8859701492537
A_MP	252	1684	A	27	0	1662	17.5667870036101
A_MP	253	1709	A	2	0	1698	17.2579505300353
A_MP	254	1709	A	2	0	1694	17.6434474616293
A_MP	255	1709	T	2	0	1695	17.9091445427729
A_MP	256	1683	G	28	0	1672	18.0143540669856
A_MP	257	1710	G	1	0	1704	17.9284037558685
A_MP	258	1703	G	7	0	1616	16.9183168316832
A_MP	259	1698	A	11	0	1678	18.7139451728248
A_MP	260	1700	A	6	0	1657	17.2757996378998
A_MP	261	1697	T	9	0	1651	16.2640823743186
A_MP	262	1625	G	81	0	1538	16.2958387516255
A_MP	263	1692	G	16	0	1582	16.2932996207333
A_MP	264	1696	G	12	0	1621	16.2967304133251
A_MP	265	1693	G	15	0	1490	17.3798657718121
A_MP	266	1693	A	15	0	1617	16.6666666666667
A_MP	267	1662	C	46	0	1421	16.3610133708656
A_MP	268	1645	C	63	0	1457	16.627316403569
A_MP	269	1615	C	93	0	1499	16.0240160106738
A_MP	270	1497	G	211	0	1303	15.296239447429
A_MP	271	1679	A	29	0	1663	14.2321106434155
A_MP	272	1694	A	14	0	1681	14.308744794765
A_MP	273	1695	C	13	0	1679	15.1625967837999
A_MP	274	1702	A	6	0	1669	17.3085680047933
A_MP	275	1706	A	2	0	1688	17.0349526066351
A_MP	276	1706	C	2	0	1689	17.0592066311427
A_MP	277	1705	A	3	0	1697	17.100766057749
A_MP	278	1704	T	4	0	1694	17.745572609209
A_MP	279	1697	G	11	0	1653	17.4379915305505
A_MP	280	1705	G	3	0	1673	17.2875074716079
A_MP	281	1703	A	5	0	1699	17.5773984696881
A_MP	282	1705	T	3	0	1688	16.803317535545
A_MP	283	1626	A	82	0	1618	17.0735475896168
A_MP	284	1679	G	29	0	1623	16.4842883548983
A_MP	285	1701	A	7	0	1687	16.4238292827504
A_MP	286	1707	G	1	0	1701	17.0135214579659
A_MP	287	1708	C	0	0	1704	17.5428403755869
A_MP	288	1707	A	1	0	1690	18.5230769230769
A_MP	289	1703	G	5	0	1686	18.3973902728351
A_MP	290	1702	T	6	0	1687	17.5192649673977
A_MP	291	1704	T	4	0	1686	17.438315539739
A_MP	292	1692	A	16	0	1636	17.3954767726161
A_MP	293	1704	A	4	0	1639	17.5954850518609
A_MP	294	1704	A	4	0	1670	18.5383233532934
A_MP	295	1701	C	7	0	1667	18.620875824835
A_MP	296	1696	T	12	0	1682	18.8864447086801
A_MP	297	1682	A	26	0	1574	18.2674714104193
A_MP	298	1692	T	16	0	1679	17.2668254913639
A_MP	299	1662	A	46	0	1634	16.4400244798042
A_MP	300	1680	C	28	0	1671	16.131657690006
A_MP	301	1673	A	35	0	1647	16.301153612629
A_MP	302	1679	A	29	0	1668	17.0773381294964
A_MP	303	1685	G	23	0	1680	17.0416666666667
A_MP	304	1691	A	17	0	1673	16.9210998206814
A_MP	305	1701	A	7	0	1692	17.612293144208
A_MP	306	1683	G	25	0	1676	17.2923627684964
A_MP	307	1701	C	7	0	1697	17.5804360636417
A_MP	308	1700	T	8	0	1694	17.9634002361275
A_MP	309	1670	C	38	0	1638	18.1214896214896
A_MP	310	1551	A	157	0	1506	18.4807436918991
A_MP	311	1680	A	28	0	1663	18.5550210463019
A_MP	312	1697	A	11	0	1694	19.3388429752066
A_MP	313	1694	A	14	0	1671	20.657091561939
A_MP	314	1690	G	18	0	1666	19.9957983193277
A_MP	315	1695	A	13	0	1683	19.6209150326797
A_MP	316	1689	G	19	0	1646	20.726609963548
A_MP	317	1674	A	34	0	1631	20.1753525444513
A_MP	318	1691	A	17	0	1677	19.1836612999404
A_MP	319	1694	A	14	0	1663	19.6440168370415
A_MP	320	1694	T	14	0	1666	18.2863145258103
A_MP	321	1693	A	15	0	1675	17.3349253731343
A_MP	322	1690	A	18	0	1677	17.2379248658318
A_MP	323	1686	C	22	0	1647	16.6751669702489
A_MP	324	1699	G	9	0	1665	15.5453453453453
A_MP	325	1698	T	10	0	1684	15.2119952494062
A_MP	326	1700	T	8	0	1683	15.2685680332739
A_MP	327	1686	C	22	0	1667	15.7312537492502
A_MP	328	1702	C	6	0	1686	18.2846975088968
A_MP	329	1706	A	3	0	1699	17.9841082989994
A_MP	330	1706	T	3	0	1696	17.6450471698113
A_MP	331	1686	G	23	0	1680	17.447619047619
A_MP	332	1699	G	10	0	1240	16.975
A_MP	333	1704	G	5	0	1700	17.3676470588235
A_MP	334	1703	G	6	0	1699	18.2895821071218
A_MP	335	1701	C	8	0	1688	17.9259478672986
A_MP	336	1703	C	6	0	1691	18.5960969840331
A_MP	337	1674	A	35	0	1657	18.7073023536512
A_MP	338	1697	A	12	0	1691	19.043169722058
A_MP	339	1699	G	10	0	1696	18.7641509433962
A_MP	340	1701	G	8	0	1697	18.8031820860342
A_MP	341	1702	A	7	0	1666	18.9765906362545
A_MP	342	1701	G	8	0	1667	19.2393521295741
A_MP	343	1702	G	7	0	1682	18.1165279429251
A_MP	344	1703	T	6	0	1685	17.8379821958457
A_MP	345	1701	G	8	0	1685	17.7964391691395
A_MP	346	1701	T	8	0	1692	17.3492907801418
A_MP	347	1700	C	9	0	1669	17.5020970641102
A_MP	348	1703	A	6	0	1663	17.3421527360192
A_MP	349	1698	C	11	0	1686	17.3629893238434
A_MP	350	1694	T	15	0	1684	17.3853919239905
A_MP	351	1636	A	73	0	1569	17.3964308476737
A_MP	352	1704	A	5	0	1660	17.1584337349398
A_MP	353	1698	G	11	0	1672	17.0311004784689
A_MP	354	1704	C	5	0	1677	17.9481216457961
A_MP	355	1704	T	5	0	1676	18.3066825775656
A_MP	356	1702	A	7	0	1662	17.8610108303249
A_MP	357	1702	T	7	0	1661	17.1384708007225
A_MP	358	1702	T	7	0	1676	17.5011933174224
A_MP	359	1691	C	18	0	1641	17.8519195612431
A_MP	360	1701	A	8	0	1666	18.1110444177671
A_MP	361	1707	A	2	0	1699	19.1547969393761
A_MP	362	1705	C	4	0	1690	19.5082840236686
A_MP	363	1702	T	7	0	1683	19.8562091503268
A_MP	364	1700	G	9	0	1691	20.8107628622117
A_MP	365	1708	G	1	0	1703	20.093951849677
A_MP	366	1708	T	1	0	1699	19.7898763978811
A_MP	367	1700	G	9	0	1682	19.3947681331748
A_MP	368	1699	C	10	0	1688	19.3394549763033
A_MP	369	1692	A	17	0	1668	18.9928057553957
A_MP	370	1695	C	14	0	1666	18.6620648259304
A_MP	371	1668	T	41	0	1632	18.172181372549
A_MP	372	1697	T	12	0	1688	17.7665876777251
A_MP	373	1696	G	13	0	1676	17.804892601432
A_MP	374	1692	C	17	0	1687	17.901007705987
A_MP	375	1704	C	5	0	1686	19.1209964412811
A_MP	376	1707	A	2	0	1690	18.2260355029586
A_MP	377	1705	G	4	0	1694	18.3299881936246
A_MP	378	1703	T	6	0	1647	16.7632058287796
A_MP	379	1707	T	2	0	1693	16.8210277613703
A_MP	380	1698	G	11	0	1644	16.8771289537713
A_MP	381	1695	C	14	0	1688	16.7612559241706
A_MP	382	1698	A	11	0	1662	17.5276774969916
A_MP	383	1704	T	5	0	1701	16.8794826572604
A_MP	384	1701	G	7	0	1695	16.7002949852507
A_MP	385	1707	G	1	0	1705	16.6375366568915
A_MP	386	1700	G	8	0	1667	18.5338932213557
A_MP	387	1697	C	11	0	1687	19.8737403675163
A_MP	388	1697	C	11	0	1691	19.6558249556475
A_MP	389	1694	T	14	0	1682	18.5564803804994
A_MP	390	1702	C	6	0	1669	19.0311563810665
A_MP	391	1692	A	16	0	1677	18.4633273703041
A_MP	392	1691	T	17	0	1680	17.5904761904762
A_MP	393	1704	A	4	0	1684	17.1300475059382
A_MP	394	1703	T	5	0	1691	17.1070372560615
A_MP	395	1696	A	12	0	1666	16.563025210084
A_MP	396	1698	C	10	0	1688	16.6759478672986
A_MP	397	1704	A	4	0	1685	16.8979228486647
A_MP	398	1707	A	1	0	1698	18.1383981154299
A_MP	399	1707	C	1	0	1704	18.8843896713615
A_MP	400	1706	A	3	0	1700	19.2376470588235
A_MP	401	1705	G	4	0	1702	19.9388954171563
A_MP	402	1705	G	4	0	1697	19.674720094284
A_MP	403	1707	A	2	0	1703	19.223135642983
A_MP	404	1707	T	2	0	1701	19.3180482069371
A_MP	405	1643	G	66	0	1636	19.2334963325183
A_MP	406	1703	G	6	0	1701	19.7219282774838
A_MP	407	1703	G	6	0	1679	20.117927337701
A_MP	408	1693	A	16	0	1676	21.2971360381862
A_MP	409	1701	A	8	0	1683	20.787284610814
A_MP	410	1701	C	8	0	1685	20.293175074184
A_MP	411	1704	A	5	0	1701	20.3139329805996
A_MP	412	1707	G	2	0	1698	20.1325088339223
A_MP	413	1704	T	5	0	1694	20.0997638724911
A_MP	414	1697	G	12	0	1655	19.6592145015106
A_MP	415	1700	A	9	0	1654	19.3784764207981
A_MP	416	1703	C	6	0	1695	19.3150442477876
A_MP	417	1702	C	7	0	1695	20.0837758112094
A_MP	418	1701	A	8	0	1694	19.3695395513577
A_MP	419	1707	C	2	0	1697	20.2934590453742
A_MP	420	1690	A	19	0	1677	20.1419200954085
A_MP	421	1702	G	7	0	1695	19.7103244837758
A_MP	422	1703	A	6	0	1695	19.4017699115044
A_MP	423	1704	A	5	0	1684	19.313539192399
A_MP	424	1700	G	9	0	1692	19.5851063829787
A_MP	425	1699	C	10	0	1691	19.8332347723241
A_MP	426	1702	T	7	0	1692	20.2913711583924
A_MP	427	1698	G	11	0	1679	21.0738534842168
A_MP	428	1697	C	12	0	1690	20.9041420118343
A_MP	429	1645	T	64	0	1638	21.0128205128205
A_MP	430	1688	T	21	0	1683	20.1675579322638
A_MP	431	1707	T	2	0	1703	19.9089841456254
A_MP	432	1705	T	4	0	1701	19.9288653733098
A_MP	433	1701	G	8	0	1687	19.3248369887374
A_MP	434	1704	G	5	0	1697	19.2816735415439
A_MP	435	1696	T	13	0	1686	18.6992882562278
A_MP	436	1692	C	17	0	1678	18.3760429082241
A_MP	437	1637	T	72	0	1620	18.0993827160494
A_MP	438	1701	A	8	0	1684	17.8657957244656
A_MP	439	1686	G	23	0	1676	18.3096658711217
A_MP	440	1691	T	18	0	1672	18.4019138755981
A_MP	441	1702	G	7	0	1697	18.9664113140837
A_MP	442	1705	T	4	0	1698	21.989988221437
A_MP	443	1703	G	6	0	1689	26.5523978685613
A_MP	444	1706	T	3	0	1700	33.9564705882353
A_MP	445	1692	G	17	0	1688	20.3815165876777
A_MP	446	1689	C	20	0	1684	19.604513064133
A_MP	447	1703	C	6	0	1698	20.1466431095406
A_MP	448	1708	A	1	0	1688	20.2511848341232
A_MP	449	1709	C	0	0	1699	20.4867569158328
A_MP	450	1703	T	6	0	1689	19.8685612788632
A_MP	451	1705	T	4	0	1689	20.0296033155713
A_MP	452	1701	G	8	0	1698	19.8934040047114
A_MP	453	1702	T	7	0	1684	20.2256532066508
A_MP	454	1709	G	0	0	1690	20.2662721893491
A_MP	455	1700	A	9	0	1685	19.6551928783383
A_MP	456	1709	A	0	0	1698	19.7473498233216
A_MP	457	1705	C	4	0	1661	19.8350391330524
A_MP	458	1704	A	5	0	1695	19.9752212389381
A_MP	459	1699	G	10	0	1643	19.284236153378
A_MP	460	1707	A	2	0	1700	18.8864705882353
A_MP	461	1703	T	6	0	1686	18.1975088967972
A_MP	462	1704	T	5	0	1697	18.1826753093695
A_MP	463	1693	G	16	0	1680	18.25
A_MP	464	1697	C	12	0	1673	18.7746563060371
A_MP	465	1704	T	5	0	1693	19.8021264028352
A_MP	466	1704	G	5	0	1605	19.2355140186916
A_MP	467	1705	A	4	0	1700	18.6011764705882
A_MP	468	1705	T	4	0	1690	18.8674556213018
A_MP	469	1708	T	1	0	1699	18.818128310771
A_MP	470	1701	C	8	0	1671	19.5272292040694
A_MP	471	1701	A	8	0	1676	19.8884248210024
A_MP	472	1702	C	7	0	1692	21.0295508274232
A_MP	473	1707	A	2	0	1695	20.7368731563422
A_MP	474	1704	G	5	0	1700	20.3482352941176
A_MP	475	1708	C	1	0	1704	20.955985915493
A_MP	476	1707	A	2	0	1697	20.8709487330583
A_MP	477	1704	T	5	0	1696	20.4021226415094
A_MP	478	1696	C	13	0	1654	19.4854897218863
A_MP	479	1699	G	9	0	1648	17.681432038835
A_MP	480	1707	G	1	0	1683	17.4491978609626
A_MP	481	1695	T	13	0	1674	17.6266427718041
A_MP	482	1692	C	16	0	1654	18.3276904474002
A_MP	483	1684	T	24	0	1662	20.2382671480144
A_MP	484	1694	C	14	0	1676	20.2684964200477
A_MP	485	1700	A	10	0	1689	20.5068087625814
A_MP	486	1705	C	5	0	1687	21.2726733847066
A_MP	487	1708	A	2	0	1700	20.9935294117647
A_MP	488	1698	G	12	0	1673	20.240286909743
A_MP	489	1701	A	9	0	1687	20.5992886781269
A_MP	490	1701	C	9	0	1694	20.4344746162928
A_MP	491	1695	A	15	0	1685	20.5881305637982
A_MP	492	1707	A	3	0	1695	20.8896755162242
A_MP	493	1705	A	4	0	1699	21.8087110064744
A_MP	494	1704	T	5	0	1698	21.9464075382803
A_MP	495	1704	G	5	0	1696	22.0766509433962
A_MP	496	1705	G	4	0	1700	21.8405882352941
A_MP	497	1693	C	16	0	1679	21.9988088147707
A_MP	498	1696	T	13	0	1681	21.7858417608566
A_MP	499	1698	A	11	0	1646	20.3323207776428
A_MP	500	1705	C	4	0	1689	19.9828300769686
A_MP	501	1700	T	9	0	1671	19.1202872531418
A_MP	502	1684	A	25	0	1654	19.2152357920193
A_MP	503	1704	C	5	0	1702	19.409518213866
A_MP	504	1705	C	4	0	1700	19.9847058823529
A_MP	505	1707	A	2	0	1697	20.6988803771361
A_MP	506	1706	C	3	0	1704	22.8579812206573
A_MP	507	1708	C	1	0	1701	22.326278659612
A_MP	508	1707	A	2	0	1703	21.3194362889019
A_MP	509	1708	A	1	0	1701	21.3862433862434
A_MP	510	1706	T	3	0	1704	20.4401408450704
A_MP	511	1706	C	3	0	1701	20.9365079365079
A_MP	512	1708	C	1	0	1700	21.5064705882353
A_MP	513	1707	A	2	0	1691	22.3873447664104
A_MP	514	1707	C	2	0	1695	24.4808259587021
A_MP	515	1707	T	2	0	1686	22.2597864768683
A_MP	516	1706	A	3	0	1696	21.4262971698113
A_MP	517	1709	A	1	0	1707	21.2120679554774
A_MP	518	1710	T	0	0	1701	21.2151675485009
A_MP	519	1706	C	4	0	1690	22.0319526627219
A_MP	520	1707	A	5	0	1696	22.626179245283
A_MP	521	1703	G	9	0	1698	22.9888103651355
A_MP	522	1710	G	2	0	1706	23.2250879249707
A_MP	523	1712	C	0	0	1708	23.1604215456674
A_MP	524	1712	A	0	0	1698	23.2220259128386
A_MP	525	1709	T	3	0	1697	23.2704773129051
A_MP	526	1705	G	7	0	1686	23.4276393831554
A_MP	527	1609	A	103	0	1587	23.1090107120353
A_MP	528	1684	A	28	0	1670	23.274251497006
A_MP	529	1708	A	4	0	1698	24.2673733804476
A_MP	530	1709	A	3	0	1696	24.9380896226415
A_MP	531	1708	C	4	0	1691	23.8285038438794
A_MP	532	1699	A	13	0	1690	23.3940828402367
A_MP	533	1701	G	11	0	1670	23.0293413173653
A_MP	534	1707	A	5	0	1691	23.2247191011236
A_MP	535	1706	A	6	0	1699	22.7834020011772
A_MP	536	1704	T	8	0	1696	22.7930424528302
A_MP	537	1705	G	7	0	1694	23.5838252656434
A_MP	538	1708	G	4	0	1696	23.1774764150943
A_MP	539	1709	T	3	0	1703	23.7240164415737
A_MP	540	1697	G	15	0	1689	24.0337477797513
A_MP	541	1708	C	4	0	1687	24.2637818612922
A_MP	542	1707	T	5	0	1694	24.9391971664699
A_MP	543	1705	G	7	0	1702	25.5875440658049
A_MP	544	1707	G	5	0	1707	25.2267135325132
A_MP	545	1703	C	9	0	1697	25.5515615792575
A_MP	546	1707	T	5	0	1693	24.2203189604253
A_MP	547	1706	A	6	0	1700	23.4582352941176
A_MP	548	1705	G	7	0	1694	22.9073199527745
A_MP	549	1709	C	3	0	1706	23.3704572098476
A_MP	550	1703	A	9	0	1693	23.7867690490254
A_MP	551	1701	C	11	0	1692	24.1164302600473
A_MP	552	1708	T	4	0	1683	23.0992275698158
A_MP	553	1685	A	27	0	1664	21.6712740384615
A_MP	554	1694	C	18	0	1649	21.4978775015161
A_MP	555	1707	G	5	0	1688	19.6090047393365
A_MP	556	1708	G	4	0	1705	19.8733137829912
A_MP	557	1707	C	5	0	1705	20.2281524926686
A_MP	558	1699	A	13	0	1690	22.0698224852071
A_MP	559	1710	A	2	0	1707	23.900410076157
A_MP	560	1709	A	3	0	1699	23.5114773396115
A_MP	561	1710	G	2	0	1708	23.92037470726
A_MP	562	1711	G	1	0	1710	23.9426900584795
A_MP	563	1710	C	2	0	1696	24.0660377358491
A_MP	564	1710	T	2	0	1702	22.9447708578143
A_MP	565	1710	A	2	0	1706	21.6348182883939
A_MP	566	1708	T	4	0	1705	21.2099706744868
A_MP	567	1684	G	28	0	1676	20.977923627685
A_MP	568	1710	G	2	0	1703	21.2313564298297
A_MP	569	1711	A	1	0	1701	22.1287477954145
A_MP	570	1712	A	0	0	1700	23.0982352941176
A_MP	571	1711	C	1	0	1706	23.2145369284877
A_MP	572	1712	A	0	0	1702	23.4723854289072
A_MP	573	1709	G	3	0	1706	23.8575615474795
A_MP	574	1710	G	2	0	1707	23.6801405975395
A_MP	575	1711	T	1	0	1707	24.2642062097247
A_MP	576	1709	G	3	0	1688	24.0148104265403
A_MP	577	1712	G	0	0	1705	23.8568914956012
A_MP	578	1711	C	1	0	1705	24.3448680351906
A_MP	579	1709	T	3	0	1699	24.4355503237198
A_MP	580	1692	G	20	0	1642	23.6741778319123
A_MP	581	1711	G	4	0	1679	23.0952948183443
A_MP	582	1714	A	1	0	1706	21.8710433763189
A_MP	583	1713	T	2	0	1694	22.2461629279811
A_MP	584	1593	C	122	0	1520	22.6039473684211
A_MP	585	1674	G	41	0	1606	20.181195516812
A_MP	586	1706	A	9	0	1700	19.7670588235294
A_MP	587	1711	G	4	0	1705	19.8991202346041
A_MP	588	1711	T	4	0	1697	21.9074837949322
A_MP	589	1710	G	5	0	1696	23.5607311320755
A_MP	590	1681	A	34	0	1675	23.8776119402985
A_MP	591	1712	A	3	0	1694	23.9321133412042
A_MP	592	1741	C	4	0	1739	24.326049453709
A_MP	593	1738	A	7	0	1735	24.2853025936599
A_MP	594	1737	G	9	0	1736	24.110599078341
A_MP	595	1742	G	5	0	1737	24.055843408175
A_MP	596	1740	C	8	0	1705	24.2956011730205
A_MP	597	1742	A	6	0	1722	24.0847851335656
A_MP	598	1739	G	9	0	1731	24.0109763142692
A_MP	599	1743	C	5	0	1735	24.2138328530259
A_MP	600	1742	A	6	0	1728	23.7482638888889
A_MP	601	1743	G	5	0	1732	23.6639722863741
A_MP	602	1742	A	6	0	1733	23.1609924985574
A_MP	603	1745	G	3	0	1742	22.8605051664753
A_MP	604	1743	G	5	0	1740	22.7275862068966
A_MP	605	1742	C	6	0	1739	23.1345600920069
A_MP	606	1743	C	5	0	1731	23.9272097053726
A_MP	607	1747	A	1	0	1737	23.4778353483017
A_MP	608	1747	T	1	0	1742	23.1073478760046
A_MP	609	1744	G	4	0	1740	22.6172413793103
A_MP	610	1748	G	0	0	1734	22.2970011534025
A_MP	611	1748	A	1	0	1744	22.6852064220184
A_MP	612	1748	G	2	0	1733	23.3421811886901
A_MP	613	1749	G	1	0	1732	22.7147806004619
A_MP	614	1748	T	2	0	1718	21.7502910360885
A_MP	615	1735	T	15	0	1722	21.8461091753775
A_MP	616	1724	G	26	0	1708	21.7236533957845
A_MP	617	1725	C	25	0	1705	21.7741935483871
A_MP	618	1724	T	26	0	1697	21.9375368296995
A_MP	619	1726	A	24	0	1630	20.3613496932515
A_MP	620	1743	A	7	0	1727	19.5286624203822
A_MP	621	1742	T	8	0	1700	19.2676470588235
A_MP	622	1669	A	81	0	1604	19.9201995012469
A_MP	623	1733	A	17	0	1705	19.0780058651026
A_MP	624	1733	G	17	0	1712	18.8101635514019
A_MP	625	1739	A	11	0	1718	19.628055878929
A_MP	626	1744	C	6	0	1706	20.3247362250879
A_MP	627	1741	T	9	0	1719	19.8179173938336
A_MP	628	1740	A	10	0	1724	19.3248259860789
A_MP	629	1742	G	8	0	1733	19.3606462781304
A_MP	630	1748	G	2	0	1745	20.9300859598854
A_MP	631	1743	C	7	0	1733	22.665320253895
A_MP	632	1748	A	2	0	1741	23.7765651924182
A_MP	633	1745	G	5	0	1736	23.7448156682028
A_MP	634	1745	A	5	0	1736	22.7384792626728
A_MP	635	1748	T	2	0	1731	22.3385326400924
A_MP	636	1744	G	6	0	1741	21.9827685238369
A_MP	637	1745	G	5	0	1737	22.1203223949338
A_MP	638	1738	T	12	0	1714	21.7742123687281
A_MP	639	1745	A	5	0	1731	20.9572501444252
A_MP	640	1742	C	8	0	1716	20.5034965034965
A_MP	641	1744	A	6	0	1734	19.9088811995386
A_MP	642	1747	T	3	0	1731	20.4511842865396
A_MP	643	1746	G	4	0	1728	20.4762731481481
A_MP	644	1739	C	11	0	1732	21.2713625866051
A_MP	645	1741	A	9	0	1725	21.1124637681159
A_MP	646	1749	A	1	0	1742	21.3880597014925
A_MP	647	1748	T	2	0	1735	20.7538904899135
A_MP	648	1741	G	9	0	1715	19.9381924198251
A_MP	649	1741	A	9	0	1723	20.1926871735345
A_MP	650	1741	G	9	0	1730	20.1901734104046
A_MP	651	1727	A	23	0	1707	21.4797891036907
A_MP	652	1747	A	3	0	1720	20.8837209302326
A_MP	653	1742	C	8	0	1726	20.8030127462341
A_MP	654	1723	T	27	0	1704	21.0023474178404
A_MP	655	1705	A	45	0	1671	20.9060442848594
A_MP	656	1727	T	23	0	1679	20.4758784991066
A_MP	657	1747	T	3	0	1723	19.952988972722
A_MP	658	1674	G	76	0	1657	19.7121303560652
A_MP	659	1747	G	3	0	1739	21.3375503162737
A_MP	660	1748	G	2	0	1709	22.9426565242832
A_MP	661	1743	A	7	0	1728	24.5543981481481
A_MP	662	1737	C	13	0	1707	23.2665495020504
A_MP	663	1734	T	16	0	1713	23.0233508464682
A_MP	664	1721	C	29	0	1650	23.1921212121212
A_MP	665	1747	A	3	0	1724	22.7291183294664
A_MP	666	1742	T	8	0	1725	22.8742028985507
A_MP	667	1740	C	10	0	1728	22.978587962963
A_MP	668	1745	C	5	0	1720	23.068023255814
A_MP	669	1736	T	14	0	1708	23.152224824356
A_MP	670	1745	A	5	0	1725	22.7547826086957
A_MP	671	1746	G	4	0	1732	22.6639722863741
A_MP	672	1746	C	4	0	1741	23.2711085582998
A_MP	673	1746	T	4	0	1732	24.4151270207852
A_MP	674	1741	C	9	0	1730	24.3346820809249
A_MP	675	1748	C	2	0	1739	25.0506037952846
A_MP	676	1744	A	6	0	1736	24.0691244239631
A_MP	677	1744	G	6	0	1743	25.360298336202
A_MP	678	1747	T	3	0	1729	23.9485251590515
A_MP	679	1748	G	2	0	1746	23.3029782359679
A_MP	680	1748	C	2	0	1745	24.1472779369628
A_MP	681	1748	T	2	0	1737	24.1848013816926
A_MP	682	1745	G	5	0	1718	24.7339930151339
A_MP	683	1747	G	3	0	1738	23.2617951668585
A_MP	684	1744	T	6	0	1734	22.3489042675894
A_MP	685	1734	C	16	0	1716	21.9965034965035
A_MP	686	1720	T	30	0	1702	22.4553466509988
A_MP	687	1709	G	41	0	1692	22.7056737588652
A_MP	688	1721	A	29	0	1714	23.1884480746791
A_MP	689	1734	G	16	0	1723	23.1044689495067
A_MP	690	1741	A	10	0	1728	25.8697916666667
A_MP	691	1747	G	4	0	1719	31.9197207678883
A_MP	692	1749	A	2	0	1740	24.5827586206897
A_MP	693	1751	T	0	0	1732	23.6293302540416
A_MP	694	1748	G	3	0	1722	23.6962833914053
A_MP	695	1748	A	3	0	1736	23.8917050691244
A_MP	696	1750	C	1	0	1742	24.1796785304248
A_MP	697	1735	C	16	0	1733	24.603000577034
A_MP	698	1720	T	31	0	1714	24.9959159859977
A_MP	699	1722	T	29	0	1708	26.2927400468384
A_MP	700	1737	C	14	0	1717	24.8404193360513
A_MP	701	1730	T	21	0	1714	24.5746791131855
A_MP	702	1741	T	10	0	1734	24.520184544406
A_MP	703	1682	G	69	0	1670	22.9586826347305
A_MP	704	1735	A	16	0	1716	24.0967365967366
A_MP	705	1740	A	11	0	1729	24.8768074031232
A_MP	706	1746	A	4	0	1732	24.5207852193995
A_MP	707	1745	A	5	0	1736	25.1071428571429
A_MP	708	1730	T	20	0	1705	23.9788856304985
A_MP	709	1746	T	4	0	1723	23.2449216482879
A_MP	710	1748	T	2	0	1739	23.5543415756182
A_MP	711	1779	G	11	0	1760	23.4852272727273
A_MP	712	1777	C	13	0	1762	23.8251986379115
A_MP	713	1785	A	5	0	1776	23.7483108108108
A_MP	714	1779	G	11	0	1773	23.6869712351946
A_MP	715	1785	G	6	0	1779	23.7251264755481
A_MP	716	1781	C	10	0	1777	24.053460889139
A_MP	717	1787	C	4	0	1776	24.3879504504505
A_MP	718	1787	T	4	0	1776	23.6565315315315
A_MP	719	1776	A	15	0	1759	23.1824900511654
A_MP	720	1773	C	18	0	1767	23.0169779286927
A_MP	721	1788	C	3	0	1784	23.4506726457399
A_MP	722	1783	A	8	0	1772	23.642776523702
A_MP	723	1786	G	5	0	1728	24.1759259259259
A_MP	724	1784	A	7	0	1762	23.7094211123723
A_MP	725	1790	A	1	0	1781	23.2476137001684
A_MP	726	1790	G	1	0	1787	23.6334639059877
A_MP	727	1790	C	1	0	1780	23.1949438202247
A_MP	728	1785	G	6	0	1722	21.0029036004646
A_MP	729	1788	A	3	0	1776	20.6019144144144
A_MP	730	1789	A	2	0	1777	20.4693303320203
A_MP	731	1788	T	3	0	1777	20.7383230163196
A_MP	732	1768	G	23	0	1755	23.2917378917379
A_MP	733	1789	G	2	0	1783	22.9551318003365
A_MP	734	1788	G	3	0	1737	22.4951065054692
A_MP	735	1787	A	4	0	1761	23.6166950596252
A_MP	736	1776	G	15	0	1760	22.2988636363636
A_MP	737	1785	T	6	0	1777	21.1181767023073
A_MP	738	1782	G	10	0	1780	21.5724719101124
A_MP	739	1778	C	14	0	1764	21.9501133786848
A_MP	740	1783	A	9	0	1768	22.1600678733032
A_MP	741	1786	G	6	0	1767	22.4261460101868
A_MP	742	1753	A	39	0	1744	21.5842889908257
A_MP	743	1788	T	4	0	1773	21.326565143824
A_MP	744	1786	G	6	0	1779	21.4210230466554
A_MP	745	1779	C	13	0	1750	21.6068571428571
A_MP	746	1785	A	7	0	1767	22.0215053763441
A_MP	747	1789	G	3	0	1783	22.4548513740886
A_MP	748	1785	C	7	0	1757	22.0199203187251
A_MP	749	1780	G	12	0	1744	21.0040137614679
A_MP	750	1782	G	10	0	1772	21.2432279909707
A_MP	751	1782	T	10	0	1772	21.1534988713318
A_MP	752	1784	T	8	0	1769	21.6042962125495
A_MP	753	1776	C	16	0	1730	22.0410404624277
A_MP	754	1770	A	22	0	1728	21.6203703703704
A_MP	755	1782	A	10	0	1748	21.6155606407323
A_MP	756	1788	G	4	0	1761	21.9119818285065
A_MP	757	1789	T	3	0	1741	22.5921883974727
A_MP	758	1789	G	3	0	1762	22.8643586833144
A_MP	759	1786	A	6	0	1775	21.7098591549296
A_MP	760	1782	T	10	0	1765	21.7110481586402
A_MP	761	1774	C	18	0	1746	21.9226804123711
A_MP	762	1617	C	175	0	1596	22.0451127819549
A_MP	763	1617	T	175	0	1605	22.7314641744548
A_MP	764	1780	C	12	0	1763	22.9977311401021
A_MP	765	1783	T	9	0	1768	25.9457013574661
A_MP	766	1767	C	25	0	1725	22.991884057971
A_MP	767	1785	G	7	0	1767	20.7074136955291
A_MP	768	1790	T	2	0	1785	21.1809523809524
A_MP	769	1791	C	1	0	1773	21.2842639593909
A_MP	770	1788	A	4	0	1779	21.7363687464868
A_MP	771	1785	T	7	0	1773	23.6040609137056
A_MP	772	1788	T	4	0	1767	23.7441992076967
A_MP	773	1782	G	10	0	1761	23.2294151050539
A_MP	774	1780	C	12	0	1766	23.9065685164213
A_MP	775	1781	A	12	0	1771	23.4884246188594
A_MP	776	1781	G	12	0	1763	23.1043675553035
A_MP	777	1750	C	43	0	1742	23.3346727898967
A_MP	778	1749	A	44	0	1732	22.7303695150115
A_MP	779	1780	A	13	0	1774	23.0467869222097
A_MP	780	1787	A	6	0	1778	23.9133858267717
A_MP	781	1790	C	3	0	1782	23.6172839506173
A_MP	782	1790	A	3	0	1761	22.4514480408859
A_MP	783	1788	T	5	0	1784	21.9260089686099
A_MP	784	1789	C	4	0	1767	21.8070175438597
A_MP	785	1791	A	2	0	1769	21.3555681175806
A_MP	786	1788	T	5	0	1774	21.4255918827508
A_MP	787	1788	T	5	0	1768	21.6792986425339
A_MP	788	1759	G	34	0	1715	21.667638483965
A_MP	789	1785	G	8	0	1754	21.766818700114
A_MP	790	1788	G	5	0	1747	22.4069834001145
A_MP	791	1789	A	4	0	1782	22.3658810325477
A_MP	792	1781	T	12	0	1760	21.8767045454545
A_MP	793	1772	C	21	0	1730	21.9161849710983
A_MP	794	1737	T	56	0	1694	22.3040141676505
A_MP	795	1788	T	5	0	1769	22.0593555681176
A_MP	796	1784	G	9	0	1773	22.0987027636774
A_MP	797	1784	C	9	0	1780	22.4022471910112
A_MP	798	1791	A	2	0	1771	21.9294184076793
A_MP	799	1774	C	19	0	1771	21.0909090909091
A_MP	800	1787	C	6	0	1775	21.2833802816901
A_MP	801	1768	T	25	0	1752	21.2888127853881
A_MP	802	1766	G	27	0	1753	22.5088419851683
A_MP	803	1791	A	2	0	1781	21.4665918023582
A_MP	804	1783	T	10	0	1764	20.9931972789116
A_MP	805	1783	A	10	0	1773	20.3034404963339
A_MP	806	1777	T	16	0	1764	20.2636054421769
A_MP	807	1781	T	12	0	1766	21.0866364665912
A_MP	808	1778	G	15	0	1770	21.7728813559322
A_MP	809	1786	T	7	0	1767	22.6825127334465
A_MP	810	1782	G	11	0	1759	23.6691301876066
A_MP	811	1790	G	3	0	1761	23.1130039750142
A_MP	812	1787	A	6	0	1775	22.809014084507
A_MP	813	1782	T	11	0	1767	22.5489530277306
A_MP	814	1777	T	16	0	1769	22.9044657998869
A_MP	815	1766	A	27	0	1734	22.7612456747405
A_MP	816	1776	C	17	0	1752	22.523401826484
A_MP	817	1721	T	72	0	1713	22.476357267951
A_MP	818	1769	G	24	0	1572	22.0687022900763
A_MP	819	1785	A	8	0	1765	21.5371104815864
A_MP	820	1776	T	17	0	1759	21.6122797043775
A_MP	821	1773	C	20	0	1693	20.7519196692262
A_MP	822	1763	G	30	0	1691	20.3589591957422
A_MP	823	1762	T	31	0	1749	19.661520869068
A_MP	824	1759	C	34	0	1724	19.8967517401392
A_MP	825	1623	T	170	0	1593	21.5913370998117
A_MP	826	1700	T	93	0	1679	22.3448481238833
A_MP	827	1747	T	46	0	1721	22.3527019174898
A_MP	828	1778	T	15	0	1762	21.8927355278093
A_MP	829	1786	T	7	0	1778	24.5269966254218
A_MP	830	1781	T	12	0	1773	25.3919909757473
A_MP	831	1772	T	21	0	1759	26.2188743604321
A_MP	832	1759	C	34	0	1729	25.2886061307114
A_MP	833	1768	A	25	0	1740	23.2959770114943
A_MP	834	1792	A	1	0	1786	22.7637178051512
A_MP	835	1793	A	0	0	1777	23.0540236353405
A_MP	836	1792	T	1	0	1775	24.0338028169014
A_MP	837	1791	G	1	0	1789	24.0491894913359
A_MP	838	1788	C	4	0	1777	23.8829487900957
A_MP	839	1782	A	10	0	1760	23.38125
A_MP	840	1772	T	20	0	1749	23.4528301886792
A_MP	841	1791	T	0	0	1782	23.4141414141414
A_MP	842	1787	T	4	0	1761	23.5536626916525
A_MP	843	1786	A	5	0	1747	23.7126502575844
A_MP	844	1781	T	10	0	1768	23.3993212669683
A_MP	845	1781	C	10	0	1728	22.9664351851852
A_MP	846	1787	G	4	0	1777	21.870005627462
A_MP	847	1788	T	3	0	1780	22.1376404494382
A_MP	848	1786	C	5	0	1763	22.1894498014748
A_MP	849	1788	G	3	0	1738	22.4568469505178
A_MP	850	1790	C	1	0	1786	23.2737961926092
A_MP	851	1764	T	27	0	1760	23.3278409090909
A_MP	852	1790	T	1	0	1786	23.6125419932811
A_MP	853	1785	T	5	0	1753	25.5647461494581
A_MP	854	1752	A	38	0	1692	24.1063829787234
A_MP	855	1785	A	5	0	1726	23.8789107763615
A_MP	856	1786	A	4	0	1741	23.3210798391729
A_MP	857	1785	T	5	0	1761	23.7898921067575
A_MP	858	1782	A	8	0	1708	23.2470725995316
A_MP	859	1779	C	11	0	1759	21.9164297896532
A_MP	860	1782	G	8	0	1758	20.1905574516496
A_MP	861	1784	G	6	0	1764	20.0215419501134
A_MP	862	1764	T	26	0	1728	19.9542824074074
A_MP	863	1783	T	7	0	1777	20.4006752954418
A_MP	864	1775	T	15	0	1762	22.3620885357548
A_MP	865	1747	G	43	0	1721	20.9674607786171
A_MP	866	1630	A	160	0	1614	21.9690210656753
A_MP	867	1778	A	12	0	1761	21.5332197614991
A_MP	868	1781	A	9	0	1778	21.8858267716535
A_MP	869	1780	A	10	0	1762	23.4733257661748
A_MP	870	1767	G	23	0	1740	23.0442528735632
A_MP	871	1771	A	19	0	1761	21.6723452583759
A_MP	872	1769	G	21	0	1753	21.3519680547633
A_MP	873	1773	G	17	0	1766	21.8040770101925
A_MP	874	1770	G	20	0	1766	23.3878822197055
A_MP	875	1768	C	22	0	1748	22.9490846681922
A_MP	876	1777	C	13	0	1762	23.4562996594779
A_MP	877	1771	T	19	0	1755	22.7777777777778
A_MP	878	1783	T	7	0	1760	23.5159090909091
A_MP	879	1780	C	10	0	1698	21.206124852768
A_MP	880	1785	T	5	0	1756	20.6941913439636
A_MP	881	1774	A	16	0	1723	20.5467208357516
A_MP	882	1760	C	30	0	1734	20.1101499423299
A_MP	883	1743	G	47	0	1717	19.3080955154339
A_MP	884	1782	G	8	0	1763	19.6318774815655
A_MP	885	1754	A	36	0	1738	20.0454545454545
A_MP	886	1777	A	13	0	1754	21.1887115165336
A_MP	887	1764	G	26	0	1746	22.9175257731959
A_MP	888	1777	G	13	0	1742	22.0700344431688
A_MP	889	1784	A	6	0	1773	21.5499153976311
A_MP	890	1457	G	333	0	1414	23.2022630834512
A_MP	891	1781	T	9	0	1760	19.34375
A_MP	892	1782	G	8	0	1737	19.4715025906736
A_MP	893	1768	C	22	0	1743	19.310958118187
A_MP	894	1783	C	6	0	1761	21.1868256672345
A_MP	895	1733	T	56	0	1693	21.2014176018901
A_MP	896	1720	G	69	0	1662	20.1943441636582
A_MP	897	1767	A	22	0	1733	20.263704558569
A_MP	898	1783	G	6	0	1768	20.7160633484163
A_MP	899	1785	T	4	0	1768	21.0022624434389
A_MP	900	1769	C	20	0	1705	21.5495601173021
A_MP	901	1786	C	3	0	1669	22.7291791491911
A_MP	902	1780	A	9	0	1763	22.7345433919455
A_MP	903	1778	T	11	0	1755	24.3675213675214
A_MP	904	1781	G	8	0	1761	23.1476433844407
A_MP	905	1775	A	14	0	1755	22.7903133903134
A_MP	906	1682	G	107	0	1653	23.7005444646098
A_MP	907	1774	G	15	0	1770	24.8824858757062
A_MP	908	1765	G	24	0	1756	24.7596810933941
A_MP	909	1749	A	40	0	1716	24.4988344988345
A_MP	910	1775	A	14	0	1768	25.7618778280543
A_MP	911	1780	G	9	0	1769	24.8434143583946
A_MP	912	1753	A	36	0	1735	24.4403458213256
A_MP	913	1750	A	39	0	1725	23.9205797101449
A_MP	914	1754	T	35	0	1718	21.3987194412107
A_MP	915	1772	A	17	0	1735	21.4576368876081
A_MP	916	1756	T	33	0	1742	20.8628013777268
A_MP	917	1761	C	28	0	1711	19.5780245470485
A_MP	918	1773	A	16	0	1727	19.825130283729
A_MP	919	1788	A	1	0	1775	20.5284507042254
A_MP	920	1786	C	3	0	1773	21.6401579244219
A_MP	921	1782	A	7	0	1772	22.7996613995485
A_MP	922	1783	G	6	0	1778	24.1901012373453
A_MP	923	1784	G	5	0	1779	23.4092186621698
A_MP	924	1782	A	7	0	1776	23.4757882882883
A_MP	925	1778	G	11	0	1765	23.8827195467422
A_MP	926	1775	C	14	0	1766	23.9394110985277
A_MP	927	1784	A	5	0	1772	24.2765237020316
A_MP	928	1780	G	9	0	1772	24.2466139954853
A_MP	929	1780	C	9	0	1771	24.9249011857708
A_MP	930	1781	A	8	0	1774	24.7841037204059
A_MP	931	1779	G	10	0	1762	24.3308740068104
A_MP	932	1783	A	6	0	1769	23.5895986433013
A_MP	933	1780	G	9	0	1762	23.5544835414302
A_MP	934	1783	T	6	0	1742	23.8019517795637
A_MP	935	1785	G	4	0	1783	24.4284913067863
A_MP	936	1786	C	3	0	1780	25.6567415730337
A_MP	937	1761	T	28	0	1710	26.212865497076
A_MP	938	1770	G	19	0	1763	26.9767441860465
A_MP	939	1767	T	22	0	1730	26.149710982659
A_MP	940	1776	G	13	0	1731	26.0387059503177
A_MP	941	1785	G	4	0	1770	25.435593220339
A_MP	942	1787	A	2	0	1778	25.0950506186727
A_MP	943	1786	T	2	0	1775	25.7498591549296
A_MP	944	1786	G	2	0	1780	25.8589887640449
A_MP	945	1772	T	16	0	1756	24.5922551252847
A_MP	946	1783	T	5	0	1756	24.3895216400911
A_MP	947	1763	G	25	0	1733	24.064050778996
A_MP	948	1770	A	18	0	1763	23.6245036868973
A_MP	949	1772	C	15	0	1759	24.4286526435475
A_MP	950	1784	G	3	0	1753	22.280661722761
A_MP	951	1784	A	3	0	1775	21.9470422535211
A_MP	952	1785	T	2	0	1775	22.0529577464789
A_MP	953	1782	G	5	0	1771	22.7402597402597
A_MP	954	1780	G	7	0	1776	24.3806306306306
A_MP	955	1780	T	7	0	1764	24.31179138322
A_MP	956	1778	C	9	0	1700	22.8582352941176
A_MP	957	1781	A	6	0	1768	22.2302036199095
A_MP	958	1758	T	29	0	1736	21.7534562211982
A_MP	959	1784	T	3	0	1773	22.400451212634
A_MP	960	1780	T	7	0	1777	24.8407428249859
A_MP	961	1772	T	13	0	1763	26.0686330119115
A_MP	962	1769	G	15	0	1754	24.4675028506271
A_MP	963	1766	T	18	0	1755	23.9390313390313
A_MP	964	1767	C	17	0	1742	22.308840413318
A_MP	965	1773	A	11	0	1745	21.8057306590258
A_MP	966	1783	A	1	0	1776	22.3789414414414
A_MP	967	1783	C	1	0	1780	22.938202247191
A_MP	968	1776	A	5	0	1767	23.1397849462366
A_MP	969	1776	T	5	0	1770	22.2802259887006
A_MP	970	1741	A	40	0	1694	21.2550177095632
A_MP	971	1750	G	30	0	1714	20.5758459743291
A_MP	972	1774	A	2	0	1764	20.2930839002268
A_MP	973	1772	G	3	0	1764	21.6978458049887
A_MP	974	1770	C	3	0	1764	22.31179138322
A_MP	975	1769	T	3	0	1754	23.5518814139111
A_MP	976	1729	A	19	0	1721	22.0557815223707
A_MP	977	1736	G	0	0	1725	20.7669565217391
A_MP	978	1680	A	0	0	1674	20.9193548387097
A_MP	979	1658	G	0	0	1643	21.2197200243457
A_MP	980	1644	T	0	0	1612	21.1786600496278
A_MP	981	1606	A	0	0	1606	20.793897882939
A_MP	982	1598	A	0	0	1598	20.8272841051314
