Reference_Name	Position	Coverage Depth	Consensus	Deletions	Ambiguous	Consensus_Count	Consensus_Average_Quality
A_NP	1	136	A	0	0	136	19.625
A_NP	2	136	T	0	0	136	19.3088235294118
A_NP	3	137	G	0	0	132	18.3106060606061
A_NP	4	137	G	0	0	136	17.9632352941176
A_NP	5	138	C	0	0	138	17.5579710144928
A_NP	6	138	G	0	0	131	17.3206106870229
A_NP	7	139	T	0	0	137	16.8686131386861
A_NP	8	139	C	0	0	131	16.587786259542
A_NP	9	141	T	0	0	139	16.2086330935252
A_NP	10	142	C	0	0	127	16.8031496062992
A_NP	11	143	A	0	0	142	17.5070422535211
A_NP	12	143	A	0	0	142	18.387323943662
A_NP	13	142	G	1	0	140	19.1428571428571
A_NP	14	143	G	0	0	142	19.4929577464789
A_NP	15	143	C	1	0	143	21.0489510489511
A_NP	16	143	A	1	0	143	20.4545454545455
A_NP	17	143	C	1	0	143	20.2937062937063
A_NP	18	142	C	2	0	140	20.3214285714286
A_NP	19	142	A	2	0	140	19.1142857142857
A_NP	20	144	A	0	0	144	19.2152777777778
A_NP	21	144	A	0	0	144	19.4791666666667
A_NP	22	144	C	0	0	140	18.7357142857143
A_NP	23	144	G	0	0	140	16.6571428571429
A_NP	24	144	A	0	0	143	16.2797202797203
A_NP	25	144	T	0	0	144	16.25
A_NP	26	144	C	0	0	140	16.5428571428571
A_NP	27	144	A	0	0	144	17.4444444444444
A_NP	28	144	T	0	0	142	16.9859154929577
A_NP	29	144	A	0	0	140	17.1928571428571
A_NP	30	143	T	1	0	143	16.986013986014
A_NP	31	143	G	1	0	140	16.8714285714286
A_NP	32	144	A	0	0	144	17.875
A_NP	33	144	A	0	0	143	18.986013986014
A_NP	34	144	C	0	0	144	19.7083333333333
A_NP	35	143	A	1	0	141	19.9007092198582
A_NP	36	144	A	0	0	140	19.5357142857143
A_NP	37	144	A	0	0	144	19.3541666666667
A_NP	38	144	T	0	0	143	18.9230769230769
A_NP	39	144	G	0	0	143	18.7832167832168
A_NP	40	144	G	0	0	144	18.8472222222222
A_NP	41	144	A	0	0	142	18.7605633802817
A_NP	42	142	G	2	0	140	19.0857142857143
A_NP	43	144	A	0	0	140	18.0928571428571
A_NP	44	143	C	1	0	139	17.7410071942446
A_NP	45	143	T	1	0	142	17.2957746478873
A_NP	46	144	G	0	0	142	17.7112676056338
A_NP	47	144	G	0	0	144	17.7152777777778
A_NP	48	144	T	0	0	143	18.8671328671329
A_NP	49	134	G	10	0	133	18.7142857142857
A_NP	50	144	G	0	0	143	18.4195804195804
A_NP	51	144	G	0	0	144	18.7222222222222
A_NP	52	144	G	0	0	143	19.4965034965035
A_NP	53	143	A	1	0	142	18.8591549295775
A_NP	54	142	G	2	0	142	17.6830985915493
A_NP	55	143	C	1	0	141	17.2056737588652
A_NP	56	141	G	3	0	134	15.1567164179104
A_NP	57	142	C	2	0	140	15.3642857142857
A_NP	58	140	C	4	0	140	15.3785714285714
A_NP	59	140	A	4	0	140	15.2142857142857
A_NP	60	138	G	6	0	136	17.3382352941176
A_NP	61	138	G	6	0	138	17.5579710144928
A_NP	62	138	A	6	0	137	16.8978102189781
A_NP	63	138	T	6	0	137	15.9124087591241
A_NP	64	131	A	13	0	125	15.248
A_NP	65	139	C	5	0	133	14.8872180451128
A_NP	66	135	C	9	0	131	14.6412213740458
A_NP	67	137	A	7	0	132	15.1363636363636
A_NP	68	143	C	1	0	142	16.2605633802817
A_NP	69	142	A	2	0	142	16.6338028169014
A_NP	70	143	G	1	0	143	16.8671328671329
A_NP	71	144	A	0	0	140	19.65
A_NP	72	144	A	0	0	142	19.6971830985915
A_NP	73	144	A	0	0	144	20.5694444444444
A_NP	74	144	T	0	0	144	19.7013888888889
A_NP	75	144	C	0	0	142	19.4014084507042
A_NP	76	144	A	0	0	144	18.8611111111111
A_NP	77	142	G	2	0	142	18.4084507042254
A_NP	78	144	A	0	0	144	19.1805555555556
A_NP	79	144	G	0	0	144	20.3611111111111
A_NP	80	144	C	0	0	142	20.6971830985915
A_NP	81	144	A	0	0	144	20.0347222222222
A_NP	82	144	T	0	0	141	18.9929078014184
A_NP	83	144	C	0	0	143	18.4685314685315
A_NP	84	144	T	0	0	144	18.4444444444444
A_NP	85	144	G	0	0	143	19.034965034965
A_NP	86	144	T	0	0	143	18.7202797202797
A_NP	87	144	T	0	0	144	18.3402777777778
A_NP	88	142	G	2	0	142	17.8943661971831
A_NP	89	144	G	0	0	143	17.8671328671329
A_NP	90	139	A	5	0	138	19.8115942028986
A_NP	91	143	A	1	0	141	20.2340425531915
A_NP	92	143	G	1	0	140	20.45
A_NP	93	141	A	3	0	140	19.6928571428571
A_NP	94	144	A	0	0	141	19.2553191489362
A_NP	95	143	T	1	0	142	19.0985915492958
A_NP	96	142	G	2	0	135	18.7185185185185
A_NP	97	142	A	2	0	139	18.0359712230216
A_NP	98	143	T	1	0	141	17.9078014184397
A_NP	99	143	T	1	0	139	17.7122302158273
A_NP	100	143	G	1	0	138	17.3115942028986
A_NP	101	144	G	0	0	142	17.7535211267606
A_NP	102	144	T	0	0	144	18.4166666666667
A_NP	103	141	G	3	0	140	18.4214285714286
A_NP	104	144	G	0	0	139	17.8129496402878
A_NP	105	143	A	1	0	141	17.2482269503546
A_NP	106	142	A	2	0	142	17.5704225352113
A_NP	107	142	T	2	0	142	15.8239436619718
A_NP	108	139	C	5	0	132	15.0681818181818
A_NP	109	129	G	15	0	127	13.4409448818898
A_NP	110	144	G	0	0	144	13.1875
A_NP	111	143	G	1	0	131	13.8625954198473
A_NP	112	143	A	1	0	143	16.5874125874126
A_NP	113	143	G	1	0	136	16.0147058823529
A_NP	114	142	A	2	0	137	15.2481751824818
A_NP	115	132	T	12	0	130	15.5615384615385
A_NP	116	143	T	1	0	138	15.231884057971
A_NP	117	142	C	2	0	130	16.2846153846154
A_NP	118	143	T	1	0	140	16.0785714285714
A_NP	119	134	A	10	0	129	16.1240310077519
A_NP	120	140	C	4	0	138	15.8840579710145
A_NP	121	144	A	0	0	141	15.4609929078014
A_NP	122	144	T	0	0	142	15.3943661971831
A_NP	123	143	C	1	0	139	16.9136690647482
A_NP	124	144	C	0	0	142	17.5492957746479
A_NP	125	141	A	3	0	139	19.2805755395683
A_NP	126	144	A	0	0	144	21.0486111111111
A_NP	127	143	A	1	0	141	21.6879432624113
A_NP	128	142	T	2	0	140	21.7714285714286
A_NP	129	142	G	2	0	140	20.8928571428571
A_NP	130	144	T	0	0	144	21.3472222222222
A_NP	131	142	G	2	0	141	20.2765957446809
A_NP	132	143	C	1	0	141	20.4751773049645
A_NP	133	144	A	0	0	143	19.7692307692308
A_NP	134	143	C	1	0	143	19.8601398601399
A_NP	135	144	T	0	0	143	19.965034965035
A_NP	136	144	G	0	0	140	19.7785714285714
A_NP	137	143	A	1	0	143	19.6363636363636
A_NP	138	144	A	0	0	143	19.5174825174825
A_NP	139	144	C	0	0	143	19.8041958041958
A_NP	140	144	T	0	0	140	19.6142857142857
A_NP	141	142	C	2	0	138	19.3623188405797
A_NP	142	141	A	3	0	137	19.4160583941606
A_NP	143	144	A	0	0	142	19.7464788732394
A_NP	144	144	A	0	0	144	20.0138888888889
A_NP	145	144	C	0	0	144	20.3958333333333
A_NP	146	144	T	0	0	143	20.1328671328671
A_NP	147	143	C	1	0	141	19.8439716312057
A_NP	148	144	A	0	0	143	20.4545454545455
A_NP	149	143	G	1	0	143	19.958041958042
A_NP	150	144	T	0	0	143	20.1188811188811
A_NP	151	144	G	0	0	143	19.6993006993007
A_NP	152	144	A	0	0	143	19.6013986013986
A_NP	153	143	T	1	0	142	19.2887323943662
A_NP	154	144	T	0	0	143	18.3916083916084
A_NP	155	143	A	1	0	143	17.3286713286713
A_NP	156	143	T	1	0	141	17.8014184397163
A_NP	157	143	G	1	0	139	18.273381294964
A_NP	158	144	A	0	0	141	17.3687943262411
A_NP	159	144	T	0	0	144	18.5416666666667
A_NP	160	142	G	2	0	141	17.6524822695035
A_NP	161	144	G	0	0	142	16.8802816901408
A_NP	162	144	A	0	0	142	17.5211267605634
A_NP	163	144	C	0	0	141	16.8652482269504
A_NP	164	144	G	0	0	138	14.3188405797101
A_NP	165	144	A	0	0	138	14.4492753623188
A_NP	166	144	C	0	0	144	14.0555555555556
A_NP	167	142	T	2	0	142	14.5704225352113
A_NP	168	142	A	2	0	138	16.463768115942
A_NP	169	143	A	1	0	143	16.5104895104895
A_NP	170	144	T	0	0	144	16.9444444444444
A_NP	171	142	C	2	0	141	17.7801418439716
A_NP	172	143	C	1	0	139	19.1223021582734
A_NP	173	143	A	1	0	143	19.7272727272727
A_NP	174	143	G	1	0	142	20.2183098591549
A_NP	175	144	A	0	0	143	20.0909090909091
A_NP	176	144	A	0	0	144	19.6805555555556
A_NP	177	144	T	0	0	142	18.0211267605634
A_NP	178	144	A	0	0	142	17.943661971831
A_NP	179	144	G	0	0	144	17.125
A_NP	180	144	C	0	0	144	17.4236111111111
A_NP	181	144	A	0	0	144	18.9166666666667
A_NP	182	144	T	0	0	144	17.0069444444444
A_NP	183	143	A	1	0	143	16.986013986014
A_NP	184	143	A	1	0	143	17.3566433566434
A_NP	185	143	C	1	0	143	17.4195804195804
A_NP	186	144	A	0	0	139	19.0359712230216
A_NP	187	144	A	0	0	144	17.9930555555556
A_NP	188	144	T	0	0	144	17.8958333333333
A_NP	189	139	A	5	0	137	17.9343065693431
A_NP	190	142	G	2	0	141	17.5248226950355
A_NP	191	144	A	0	0	144	17.1944444444444
A_NP	192	143	G	1	0	143	20.9300699300699
A_NP	193	143	A	1	0	142	28.2816901408451
A_NP	194	144	G	0	0	144	23.0763888888889
A_NP	195	144	G	0	0	143	19.986013986014
A_NP	196	144	A	0	0	143	19.958041958042
A_NP	197	144	T	0	0	144	18.8472222222222
A_NP	198	142	G	2	0	141	18.6524822695035
A_NP	199	144	G	0	0	143	18.5174825174825
A_NP	200	144	T	0	0	141	18.758865248227
A_NP	201	143	G	1	0	142	19.9225352112676
A_NP	202	143	C	1	0	142	20.0281690140845
A_NP	203	141	T	3	0	140	20.1285714285714
A_NP	204	143	T	1	0	141	20.5248226950355
A_NP	205	142	T	2	0	142	22.3239436619718
A_NP	206	139	C	4	0	139	21.6258992805755
A_NP	207	142	T	1	0	139	22.2805755395683
A_NP	208	142	G	1	0	141	21.7234042553191
A_NP	209	140	C	3	0	139	21.2805755395683
A_NP	210	135	T	8	0	134	20.1194029850746
A_NP	211	140	T	3	0	139	19.8705035971223
A_NP	212	143	T	0	0	136	20.8676470588235
A_NP	213	143	T	0	0	139	20.4748201438849
A_NP	214	143	G	0	0	142	20.6197183098592
A_NP	215	143	A	0	0	141	19.2624113475177
A_NP	216	143	T	0	0	143	18.8741258741259
A_NP	217	138	G	5	0	138	17
A_NP	218	136	A	7	0	135	18.5925925925926
A_NP	219	140	G	3	0	139	18.7553956834532
A_NP	220	140	A	3	0	140	23.1142857142857
A_NP	221	141	G	2	0	140	30.3214285714286
A_NP	222	139	A	4	0	139	25.8057553956835
A_NP	223	141	A	2	0	141	20.3404255319149
A_NP	224	141	G	2	0	140	20.1928571428571
A_NP	225	141	A	2	0	139	20.705035971223
A_NP	226	141	A	2	0	140	20.4
A_NP	227	141	A	2	0	140	21.25
A_NP	228	141	T	2	0	141	19.8794326241135
A_NP	229	142	A	1	0	141	18.0425531914894
A_NP	230	142	A	1	0	142	17.6338028169014
A_NP	231	142	A	1	0	142	17.8239436619718
A_NP	232	142	T	1	0	142	18.7112676056338
A_NP	233	141	A	2	0	141	17.6099290780142
A_NP	234	142	C	1	0	140	18.2071428571429
A_NP	235	142	C	1	0	141	17.6241134751773
A_NP	236	142	T	1	0	137	18.5547445255474
A_NP	237	138	A	5	0	138	18.2971014492754
A_NP	238	139	G	4	0	136	18.7279411764706
A_NP	239	141	A	2	0	139	18.0431654676259
A_NP	240	142	A	1	0	142	18.1619718309859
A_NP	241	141	G	2	0	137	17.9270072992701
A_NP	242	142	A	1	0	142	18.0140845070423
A_NP	243	139	G	4	0	138	18.3260869565217
A_NP	244	143	C	0	0	141	17.8581560283688
A_NP	245	143	A	0	0	140	17.9285714285714
A_NP	246	143	T	0	0	143	17.5664335664336
A_NP	247	143	C	0	0	141	17.4609929078014
A_NP	248	141	C	2	0	140	17.7785714285714
A_NP	249	139	A	4	0	139	18.4892086330935
A_NP	250	141	A	2	0	141	21.2269503546099
A_NP	251	141	G	2	0	140	20.7714285714286
A_NP	252	142	T	1	0	141	20.6666666666667
A_NP	253	143	G	0	0	143	20.8951048951049
A_NP	254	140	C	3	0	140	20.6428571428571
A_NP	255	142	T	1	0	142	21.3802816901408
A_NP	256	138	G	5	0	137	19.978102189781
A_NP	257	143	G	0	0	143	20.3356643356643
A_NP	258	142	G	1	0	138	19.3623188405797
A_NP	259	141	A	2	0	140	20.6714285714286
A_NP	260	143	A	0	0	139	20.1438848920863
A_NP	261	142	G	1	0	139	18.7482014388489
A_NP	262	141	G	2	0	136	19.5735294117647
A_NP	263	141	A	2	0	140	18.4214285714286
A_NP	264	140	C	3	0	140	18.3142857142857
A_NP	265	142	C	1	0	141	18.6808510638298
A_NP	266	142	C	1	0	139	19.0791366906475
A_NP	267	143	T	0	0	141	19.5673758865248
A_NP	268	140	A	3	0	139	17.2230215827338
A_NP	269	139	A	4	0	136	16.4264705882353
A_NP	270	139	G	4	0	135	16.7259259259259
A_NP	271	136	A	7	0	131	18.5114503816794
A_NP	272	142	A	1	0	140	18.5642857142857
A_NP	273	143	A	0	0	140	19.1428571428571
A_NP	274	143	A	0	0	143	19.6853146853147
A_NP	275	143	C	0	0	141	19.9148936170213
A_NP	276	141	A	2	0	140	19
A_NP	277	142	G	1	0	142	18.5704225352113
A_NP	278	143	G	0	0	140	18.3642857142857
A_NP	279	143	A	0	0	143	18.3776223776224
A_NP	280	142	G	1	0	137	18.9197080291971
A_NP	281	140	G	3	0	138	18
A_NP	282	140	A	3	0	138	17.3478260869565
A_NP	283	140	C	3	0	137	16.8394160583942
A_NP	284	143	C	0	0	142	16.8169014084507
A_NP	285	143	C	0	0	141	17.8297872340426
A_NP	286	143	A	0	0	141	17.2340425531915
A_NP	287	142	T	1	0	142	17.8028169014085
A_NP	288	141	C	2	0	140	17.1642857142857
A_NP	289	141	T	2	0	140	17.4071428571429
A_NP	290	141	A	2	0	140	16.3
A_NP	291	142	T	1	0	142	15.330985915493
A_NP	292	142	A	1	0	139	14.8201438848921
A_NP	293	142	G	1	0	137	14.9197080291971
A_NP	294	141	A	2	0	141	14.8652482269504
A_NP	295	141	A	2	0	139	16.7410071942446
A_NP	296	141	G	2	0	140	17.65
A_NP	297	139	A	4	0	136	18.0220588235294
A_NP	298	141	A	2	0	138	18.5217391304348
A_NP	299	140	T	3	0	137	16.5766423357664
A_NP	300	135	A	8	0	134	16.5149253731343
A_NP	301	135	G	8	0	114	15.4824561403509
A_NP	302	139	A	4	0	139	15.863309352518
A_NP	303	139	C	4	0	138	17.9347826086957
A_NP	304	134	A	9	0	103	18.4757281553398
A_NP	305	139	G	4	0	138	18.9130434782609
A_NP	306	135	A	8	0	127	19.4566929133858
A_NP	307	142	A	1	0	140	19.05
A_NP	308	143	A	0	0	142	19.5985915492958
A_NP	309	143	A	0	0	137	20.2043795620438
A_NP	310	143	T	0	0	139	20.2086330935252
A_NP	311	142	G	1	0	141	18.531914893617
A_NP	312	143	G	0	0	142	17.1338028169014
A_NP	313	143	A	0	0	142	17.7253521126761
A_NP	314	143	C	0	0	142	17.4859154929577
A_NP	315	133	G	10	0	127	15.9448818897638
A_NP	316	130	A	13	0	127	17.2992125984252
A_NP	317	141	G	2	0	138	16.7101449275362
A_NP	318	140	A	3	0	139	24.4604316546763
A_NP	319	139	G	4	0	139	26.726618705036
A_NP	320	139	A	4	0	139	28.9280575539568
A_NP	321	141	A	2	0	141	19.354609929078
A_NP	322	141	C	2	0	139	17.2374100719424
A_NP	323	141	T	2	0	141	17.8014184397163
A_NP	324	143	C	0	0	141	18.5744680851064
A_NP	325	143	A	0	0	142	18.2605633802817
A_NP	326	143	T	0	0	142	19.1056338028169
A_NP	327	142	C	1	0	140	19.2571428571429
A_NP	328	143	C	0	0	143	19.0909090909091
A_NP	329	142	T	1	0	140	19.2857142857143
A_NP	330	143	T	0	0	142	20.3802816901408
A_NP	331	143	T	0	0	141	20.7304964539007
A_NP	332	143	A	0	0	143	19.3636363636364
A_NP	333	143	T	0	0	141	19.8085106382979
A_NP	334	143	G	0	0	141	18.886524822695
A_NP	335	143	A	0	0	142	18.6338028169014
A_NP	336	143	C	0	0	143	19.2097902097902
A_NP	337	142	A	1	0	142	19.8732394366197
A_NP	338	141	A	2	0	139	19.9136690647482
A_NP	339	140	A	3	0	140	21.1142857142857
A_NP	340	140	G	3	0	140	21.2642857142857
A_NP	341	142	A	1	0	142	21.8661971830986
A_NP	342	141	A	2	0	140	21.4428571428571
A_NP	343	141	G	2	0	141	21.4255319148936
A_NP	344	139	A	4	0	137	20.9343065693431
A_NP	345	140	A	3	0	138	20.9275362318841
A_NP	346	141	A	2	0	140	20.9071428571429
A_NP	347	141	T	2	0	140	18.8785714285714
A_NP	348	143	A	0	0	140	17.65
A_NP	349	142	A	1	0	137	17.1824817518248
A_NP	350	141	G	2	0	140	16.6142857142857
A_NP	351	142	G	1	0	139	17.7625899280576
A_NP	352	142	A	1	0	142	18.1267605633803
A_NP	353	139	G	4	0	136	17.9632352941176
A_NP	354	142	A	1	0	142	20.1971830985915
A_NP	355	142	G	1	0	140	17.3928571428571
A_NP	356	140	T	3	0	140	15.9928571428571
A_NP	357	142	T	1	0	140	15.6
A_NP	358	140	T	3	0	137	15.6058394160584
A_NP	359	137	G	6	0	135	15.362962962963
A_NP	360	139	G	4	0	138	16.4782608695652
A_NP	361	140	C	3	0	125	16.424
A_NP	362	140	G	3	0	138	15.3478260869565
A_NP	363	139	C	4	0	138	15.4420289855072
A_NP	364	139	C	4	0	136	15.6617647058824
A_NP	365	139	A	4	0	137	15.1021897810219
A_NP	366	138	A	5	0	137	16.6788321167883
A_NP	367	138	G	5	0	136	16.1617647058824
A_NP	368	137	C	6	0	135	17.0444444444444
A_NP	369	139	A	4	0	137	17.3576642335766
A_NP	370	143	A	0	0	141	17.0921985815603
A_NP	371	142	A	1	0	139	18.3237410071942
A_NP	372	142	C	1	0	138	19.0289855072464
A_NP	373	141	A	2	0	132	18.5530303030303
A_NP	374	143	A	0	0	143	17.7062937062937
A_NP	375	143	T	0	0	143	17.4545454545455
A_NP	376	143	G	0	0	143	17.6503496503496
A_NP	377	142	G	1	0	142	19.2253521126761
A_NP	378	142	C	1	0	138	19.2391304347826
A_NP	379	142	G	1	0	140	17.3928571428571
A_NP	380	143	A	0	0	143	16.993006993007
A_NP	381	143	A	0	0	142	16.8661971830986
A_NP	382	142	G	1	0	141	17.7234042553191
A_NP	383	142	A	1	0	142	19.2746478873239
A_NP	384	144	T	1	0	143	18.9160839160839
A_NP	385	216	G	1	0	215	17.8837209302326
A_NP	386	217	C	2	0	216	18.2731481481481
A_NP	387	217	A	2	0	215	19.2139534883721
A_NP	388	218	A	1	0	217	19.2534562211982
A_NP	389	217	C	3	0	143	19.5454545454545
A_NP	390	238	A	0	0	238	19.7857142857143
A_NP	391	238	G	0	0	236	18.771186440678
A_NP	392	239	C	0	0	232	19.0991379310345
A_NP	393	239	A	0	0	238	19.5420168067227
A_NP	394	237	G	2	0	235	19.131914893617
A_NP	395	238	G	1	0	237	18.6666666666667
A_NP	396	238	T	1	0	237	18.2320675105485
A_NP	397	239	C	0	0	235	17.9106382978723
A_NP	398	238	T	1	0	236	17.6906779661017
A_NP	399	237	T	2	0	235	18.1531914893617
A_NP	400	237	A	2	0	237	17.1814345991561
A_NP	401	239	C	1	0	236	17.0889830508475
A_NP	402	235	T	5	0	234	17.0726495726496
A_NP	403	236	C	4	0	229	16.9082969432314
A_NP	404	236	A	4	0	234	17.0384615384615
A_NP	405	238	T	2	0	234	16.7692307692308
A_NP	406	237	A	3	0	235	16.1234042553191
A_NP	407	238	T	2	0	234	15.965811965812
A_NP	408	238	C	2	0	235	16.2425531914894
A_NP	409	239	A	1	0	238	16.4033613445378
A_NP	410	239	T	1	0	238	17.453781512605
A_NP	411	239	G	1	0	232	17.2758620689655
A_NP	412	239	A	1	0	239	16.7573221757322
A_NP	413	232	T	8	0	232	17.1508620689655
A_NP	414	240	T	0	0	240	16.7416666666667
A_NP	415	240	T	0	0	237	18.7172995780591
A_NP	416	237	G	3	0	237	18.2784810126582
A_NP	417	239	G	1	0	238	19.1218487394958
A_NP	418	239	C	1	0	236	19.3559322033898
A_NP	419	239	A	1	0	237	19.0084388185654
A_NP	420	239	T	1	0	238	17.8067226890756
A_NP	421	237	T	3	0	235	17.9914893617021
A_NP	422	228	C	12	0	226	18.1061946902655
A_NP	423	235	C	5	0	231	19.0865800865801
A_NP	424	239	A	1	0	230	19.7086956521739
A_NP	425	239	A	1	0	237	18.5400843881857
A_NP	426	238	C	2	0	236	18.1525423728814
A_NP	427	239	C	1	0	238	18.3193277310924
A_NP	428	234	T	6	0	233	18.8798283261803
A_NP	429	230	G	10	0	225	19.52
A_NP	430	239	A	1	0	238	19.109243697479
A_NP	431	239	A	1	0	237	18.4345991561181
A_NP	432	238	T	2	0	236	18.0974576271186
A_NP	433	238	G	2	0	233	17.8412017167382
A_NP	434	239	A	1	0	239	16.8995815899582
A_NP	435	240	T	0	0	239	16.81589958159
A_NP	436	239	G	1	0	236	17.021186440678
A_NP	437	235	C	5	0	232	17.1681034482759
A_NP	438	239	C	1	0	236	18.1228813559322
A_NP	439	238	A	2	0	234	18.8717948717949
A_NP	440	238	C	2	0	237	19.337552742616
A_NP	441	238	A	2	0	235	18.4765957446808
A_NP	442	237	T	3	0	234	17.2991452991453
A_NP	443	238	A	2	0	237	16.8945147679325
A_NP	444	238	T	2	0	237	16.4810126582278
A_NP	445	236	C	5	0	228	16.4736842105263
A_NP	446	236	A	5	0	232	17.0215517241379
A_NP	447	237	G	4	0	230	17.0173913043478
A_NP	448	239	A	2	0	238	17.4957983193277
A_NP	449	237	G	4	0	234	17.7606837606838
A_NP	450	238	G	3	0	235	17.7787234042553
A_NP	451	238	A	3	0	238	18.1386554621849
A_NP	452	237	C	4	0	235	18.0340425531915
A_NP	453	227	A	14	0	224	17.6964285714286
A_NP	454	238	A	3	0	236	17.5127118644068
A_NP	455	236	G	5	0	229	17.1004366812227
A_NP	456	241	A	0	0	236	17.2457627118644
A_NP	457	239	G	2	0	238	18.1470588235294
A_NP	458	238	C	3	0	235	18.4425531914894
A_NP	459	241	A	0	0	233	17.7296137339056
A_NP	460	241	C	0	0	237	17.3586497890295
A_NP	461	238	T	3	0	238	16.6848739495798
A_NP	462	241	T	0	0	240	16.7416666666667
A_NP	463	240	G	1	0	238	17.1344537815126
A_NP	464	241	T	0	0	238	15.9117647058824
A_NP	465	241	T	0	0	239	16.1129707112971
A_NP	466	238	C	3	0	226	15.4823008849558
A_NP	467	239	G	2	0	231	13.6796536796537
A_NP	468	241	C	0	0	241	13.9834024896266
A_NP	469	241	A	0	0	240	14.3416666666667
A_NP	470	241	C	0	0	241	15.1701244813278
A_NP	471	240	T	1	0	237	19.210970464135
A_NP	472	239	G	2	0	237	18.915611814346
A_NP	473	240	G	1	0	234	18.482905982906
A_NP	474	240	A	1	0	240	18.55
A_NP	475	240	A	1	0	239	19.7405857740586
A_NP	476	240	T	1	0	240	17.9875
A_NP	477	236	G	5	0	232	17.4568965517241
A_NP	478	239	G	2	0	232	16.7887931034483
A_NP	479	240	A	1	0	236	16.2372881355932
A_NP	480	238	T	3	0	235	15.9531914893617
A_NP	481	223	C	18	0	210	15.6190476190476
A_NP	482	240	C	1	0	234	14.9358974358974
A_NP	483	240	C	1	0	234	15.7692307692308
A_NP	484	240	A	1	0	240	15.4875
A_NP	485	236	G	5	0	234	16.8504273504273
A_NP	486	238	A	3	0	238	17.8823529411765
A_NP	487	241	A	0	0	239	17.7740585774059
A_NP	488	240	T	1	0	235	17.2595744680851
A_NP	489	241	G	0	0	239	17.3347280334728
A_NP	490	241	T	0	0	240	17.5458333333333
A_NP	491	241	G	0	0	239	17.6694560669456
A_NP	492	241	C	0	0	239	18.4518828451883
A_NP	493	241	T	0	0	240	18.4333333333333
A_NP	494	241	C	0	0	238	18.5924369747899
A_NP	495	238	T	3	0	235	20.863829787234
A_NP	496	237	C	4	0	226	26.1946902654867
A_NP	497	238	T	3	0	224	19.8482142857143
A_NP	498	239	A	2	0	235	17.7957446808511
A_NP	499	240	A	1	0	240	17.1375
A_NP	500	240	T	1	0	233	17.068669527897
A_NP	501	239	G	2	0	236	17.3177966101695
A_NP	502	237	C	4	0	236	17.8093220338983
A_NP	503	238	A	3	0	236	18.4194915254237
A_NP	504	239	A	2	0	237	18.7383966244726
A_NP	505	239	G	2	0	237	18.8438818565401
A_NP	506	238	G	3	0	237	18.5527426160338
A_NP	507	237	T	4	0	236	18.0296610169492
A_NP	508	238	T	3	0	237	17.8987341772152
A_NP	509	239	C	2	0	237	17.4345991561181
A_NP	510	240	A	1	0	239	17.5774058577406
A_NP	511	241	A	0	0	237	18.0084388185654
A_NP	512	241	C	0	0	237	18.4767932489451
A_NP	513	240	A	1	0	239	18.1255230125523
A_NP	514	241	C	0	0	238	18.4495798319328
A_NP	515	240	T	1	0	238	18.2563025210084
A_NP	516	240	T	1	0	233	17.8111587982833
A_NP	517	219	C	22	0	218	17.256880733945
A_NP	518	241	C	0	0	240	18.1583333333333
A_NP	519	241	C	0	0	238	18.8781512605042
A_NP	520	240	A	1	0	240	16.7083333333333
A_NP	521	240	G	1	0	237	20.4978902953587
A_NP	522	235	A	6	0	230	19.0782608695652
A_NP	523	241	A	0	0	238	18.3487394957983
A_NP	524	241	G	0	0	241	18.195020746888
A_NP	525	241	G	0	0	239	18.2217573221757
A_NP	526	241	T	0	0	240	17.8166666666667
A_NP	527	240	C	1	0	238	18.0378151260504
A_NP	528	241	T	0	0	238	18.1890756302521
A_NP	529	237	G	4	0	235	18.6297872340426
A_NP	530	241	G	0	0	239	18.6903765690377
A_NP	531	241	T	0	0	236	17.9661016949153
A_NP	532	240	G	1	0	239	17.9246861924686
A_NP	533	237	C	4	0	233	18.4892703862661
A_NP	534	238	C	3	0	225	17.2355555555556
A_NP	535	254	G	3	0	254	16.511811023622
A_NP	536	253	C	4	0	247	16.6234817813765
A_NP	537	254	A	3	0	253	16.5138339920949
A_NP	538	253	G	4	0	252	17.984126984127
A_NP	539	255	G	3	0	255	19.3019607843137
A_NP	540	256	T	2	0	253	19.3478260869565
A_NP	541	257	G	1	0	254	19.8779527559055
A_NP	542	258	C	0	0	258	19.8527131782946
A_NP	543	258	T	0	0	255	20.8078431372549
A_NP	544	256	G	2	0	254	20.8464566929134
A_NP	545	256	C	2	0	255	20.721568627451
A_NP	546	258	A	0	0	253	19.4071146245059
A_NP	547	258	G	0	0	258	19.031007751938
A_NP	548	258	T	0	0	256	18.47265625
A_NP	549	258	G	0	0	258	18.2403100775194
A_NP	550	255	A	3	0	254	18.7244094488189
A_NP	551	258	A	0	0	256	18.47265625
A_NP	552	255	A	3	0	253	19.1541501976285
A_NP	553	254	G	4	0	254	19.6062992125984
A_NP	554	255	G	3	0	255	19.1803921568627
A_NP	555	257	A	1	0	256	19.0703125
A_NP	556	257	G	1	0	255	18.556862745098
A_NP	557	255	T	3	0	252	17.3492063492063
A_NP	558	257	T	1	0	255	17.2156862745098
A_NP	559	256	G	2	0	255	16.6313725490196
A_NP	560	257	G	1	0	256	17.25390625
A_NP	561	256	A	2	0	255	18.5960784313726
A_NP	562	256	A	2	0	253	18.604743083004
A_NP	563	256	C	2	0	250	18.42
A_NP	564	252	A	6	0	248	17.8790322580645
A_NP	565	256	A	2	0	255	17.2549019607843
A_NP	566	256	T	2	0	251	16.7569721115538
A_NP	567	257	A	1	0	241	16.3609958506224
A_NP	568	258	G	0	0	248	16.2056451612903
A_NP	569	256	C	2	0	253	16.4901185770751
A_NP	570	258	T	0	0	252	17.2063492063492
A_NP	571	258	A	0	0	253	16.5849802371541
A_NP	572	256	T	2	0	253	16.9367588932806
A_NP	573	257	G	1	0	254	16.9094488188976
A_NP	574	257	G	1	0	254	16.8070866141732
A_NP	575	258	A	0	0	257	18.0505836575875
A_NP	576	258	G	0	0	257	18.15953307393
A_NP	577	258	T	0	0	255	17.3607843137255
A_NP	578	258	T	0	0	257	17.4591439688716
A_NP	579	258	A	0	0	258	17.1472868217054
A_NP	580	258	A	0	0	258	17.5503875968992
A_NP	581	258	T	0	0	257	17.8054474708171
A_NP	582	258	C	0	0	256	17.8515625
A_NP	583	256	A	2	0	254	18.3149606299213
A_NP	584	256	G	2	0	254	18.1889763779528
A_NP	585	256	A	2	0	254	18.7677165354331
A_NP	586	258	A	0	0	257	18.3968871595331
A_NP	587	258	T	0	0	256	18.078125
A_NP	588	258	G	0	0	251	17.8605577689243
A_NP	589	258	A	0	0	257	17.5097276264591
A_NP	590	258	T	0	0	255	17.0509803921569
A_NP	591	256	C	2	0	249	17.5421686746988
A_NP	592	257	A	1	0	256	17.39453125
A_NP	593	258	A	0	0	258	17.3023255813953
A_NP	594	258	A	0	0	258	18.953488372093
A_NP	595	258	C	0	0	258	18.2596899224806
A_NP	596	258	G	0	0	258	16.3565891472868
A_NP	597	258	T	0	0	257	16.4863813229572
A_NP	598	257	G	1	0	256	16.6015625
A_NP	599	258	G	0	0	254	17.1417322834646
A_NP	600	258	A	0	0	253	19.2411067193676
A_NP	601	258	A	0	0	257	19.9377431906615
A_NP	602	258	T	0	0	256	18.2265625
A_NP	603	257	C	1	0	254	17.8897637795276
A_NP	604	258	A	0	0	254	17.740157480315
A_NP	605	258	A	0	0	258	17.3527131782946
A_NP	606	258	T	0	0	258	18.4031007751938
A_NP	607	257	G	1	0	254	18.0236220472441
A_NP	608	258	A	0	0	256	17.90625
A_NP	609	258	C	0	0	258	17.922480620155
A_NP	610	258	C	0	0	257	16.8287937743191
A_NP	611	254	G	4	0	250	15.548
A_NP	612	257	A	1	0	255	15.5058823529412
A_NP	613	257	A	1	0	257	15.5019455252918
A_NP	614	257	A	1	0	255	17.4352941176471
A_NP	615	255	T	3	0	253	19.4229249011858
A_NP	616	258	T	0	0	256	19.17578125
A_NP	617	258	T	0	0	256	19.6640625
A_NP	618	258	C	0	0	258	19.577519379845
A_NP	619	258	T	0	0	258	21.031007751938
A_NP	620	258	G	0	0	258	21.4108527131783
A_NP	621	258	G	0	0	257	20.9027237354086
A_NP	622	258	A	0	0	258	20.4186046511628
A_NP	623	256	G	2	0	252	20.6309523809524
A_NP	624	258	G	0	0	257	19.9571984435798
A_NP	625	258	G	0	0	258	20.5891472868217
A_NP	626	258	G	0	0	256	21.2265625
A_NP	627	257	T	1	0	253	20.0197628458498
A_NP	628	255	G	3	0	255	18.9921568627451
A_NP	629	253	A	5	0	253	18.7430830039526
A_NP	630	258	A	0	0	254	18.1771653543307
A_NP	631	258	A	0	0	256	18.9375
A_NP	632	256	A	2	0	251	19.8964143426295
A_NP	633	256	T	2	0	254	19.2244094488189
A_NP	634	255	G	3	0	251	18.3824701195219
A_NP	635	257	G	1	0	250	17.556
A_NP	636	258	A	0	0	257	17.9027237354086
A_NP	637	257	C	1	0	250	17.704
A_NP	638	253	G	5	0	239	15.6066945606695
A_NP	639	257	A	1	0	254	15.2047244094488
A_NP	640	257	A	1	0	254	15.2952755905512
A_NP	641	256	G	2	0	253	16.4426877470356
A_NP	642	257	G	1	0	255	19.9960784313725
A_NP	643	257	A	1	0	251	19.2589641434263
A_NP	644	257	C	1	0	254	18.3897637795276
A_NP	645	255	A	3	0	252	17.8611111111111
A_NP	646	255	A	3	0	253	17.4664031620553
A_NP	647	254	G	4	0	251	17.5776892430279
A_NP	648	258	A	0	0	257	18.0389105058366
A_NP	649	258	G	0	0	255	18.3882352941176
A_NP	650	258	T	0	0	256	17.5703125
A_NP	651	257	T	1	0	256	17.6875
A_NP	652	254	G	4	0	250	17.416
A_NP	653	258	C	0	0	253	17.5059288537549
A_NP	654	255	T	3	0	253	18.9762845849802
A_NP	655	258	T	0	0	254	18.1535433070866
A_NP	656	258	A	0	0	257	17.7198443579767
A_NP	657	258	T	0	0	256	18.43359375
A_NP	658	258	G	0	0	249	18.3253012048193
A_NP	659	255	A	3	0	252	18.3611111111111
A_NP	660	257	A	1	0	255	18.8
A_NP	661	256	A	2	0	255	19.3254901960784
A_NP	662	256	G	2	0	254	19.4606299212598
A_NP	663	251	A	7	0	247	19.3400809716599
A_NP	664	257	A	1	0	254	19.1259842519685
A_NP	665	256	T	2	0	251	18.4302788844622
A_NP	666	257	G	1	0	255	18.7803921568627
A_NP	667	258	T	0	0	258	18.6162790697674
A_NP	668	258	G	0	0	258	18.5542635658915
A_NP	669	257	C	1	0	253	19.0197628458498
A_NP	670	248	A	10	0	246	18.7113821138211
A_NP	671	257	A	1	0	251	18.3585657370518
A_NP	672	257	T	1	0	248	17.2822580645161
A_NP	673	257	A	1	0	250	16.756
A_NP	674	253	T	5	0	249	17.0401606425703
A_NP	675	252	C	6	0	248	16.5040322580645
A_NP	676	255	C	3	0	250	17.496
A_NP	677	255	T	3	0	250	18.388
A_NP	678	257	C	1	0	252	18.8452380952381
A_NP	679	249	A	9	0	245	18.6326530612245
A_NP	680	258	A	0	0	257	19.136186770428
A_NP	681	258	A	0	0	257	19.875486381323
A_NP	682	258	G	0	0	256	20.52734375
A_NP	683	258	G	0	0	258	20.6550387596899
A_NP	684	257	A	1	0	253	19.2490118577075
A_NP	685	256	A	2	0	256	19.78515625
A_NP	686	257	A	1	0	252	19.2380952380952
A_NP	687	257	A	1	0	255	18.9607843137255
A_NP	688	257	T	1	0	255	17.6745098039216
A_NP	689	258	T	0	0	258	17.5232558139535
A_NP	690	258	T	0	0	257	17.7898832684825
A_NP	691	257	C	1	0	251	17.5896414342629
A_NP	692	253	A	5	0	249	17.9317269076305
A_NP	693	256	A	2	0	253	18.2924901185771
A_NP	694	258	A	0	0	257	18.5603112840467
A_NP	695	258	C	0	0	257	19.272373540856
A_NP	696	258	A	0	0	255	18.4823529411765
A_NP	697	258	G	0	0	256	18.23046875
A_NP	698	258	C	0	0	258	18.422480620155
A_NP	699	258	T	0	0	255	18.6745098039216
A_NP	700	255	G	3	0	250	19.56
A_NP	701	245	C	13	0	242	19.5165289256198
A_NP	702	257	C	1	0	257	19.1439688715953
A_NP	703	255	C	3	0	250	19.252
A_NP	704	250	A	7	0	250	18.472
A_NP	705	252	G	5	0	250	18.692
A_NP	706	257	A	0	0	256	17.6953125
A_NP	707	257	G	0	0	256	17.98046875
A_NP	708	257	G	0	0	257	17.7431906614786
A_NP	709	257	G	0	0	257	19.5330739299611
A_NP	710	257	C	0	0	257	19.3852140077821
A_NP	711	257	A	0	0	253	18.5098814229249
A_NP	712	257	A	0	0	257	18.3891050583658
A_NP	713	256	T	0	0	253	17.4584980237154
A_NP	714	258	G	0	0	256	16.8671875
A_NP	715	257	A	1	0	255	16.4980392156863
A_NP	716	257	T	1	0	250	16.168
A_NP	717	253	G	5	0	233	14.7725321888412
A_NP	718	257	G	1	0	215	14.6279069767442
A_NP	719	256	A	2	0	255	13.6039215686275
A_NP	720	257	T	1	0	256	13.55859375
A_NP	721	222	C	36	0	210	14.9666666666667
A_NP	722	238	A	20	0	229	13.9868995633188
A_NP	723	244	A	14	0	240	13.3708333333333
A_NP	724	246	G	12	0	240	13.1583333333333
A_NP	725	251	T	7	0	245	13.4734693877551
A_NP	726	250	A	8	0	247	13.1578947368421
A_NP	727	256	A	3	0	256	13.1953125
A_NP	728	255	G	4	0	255	13.7333333333333
A_NP	729	256	A	3	0	252	16.8492063492063
A_NP	730	257	G	2	0	254	21.496062992126
A_NP	731	221	A	38	0	220	21.7090909090909
A_NP	732	251	A	8	0	247	17.0890688259109
A_NP	733	257	A	2	0	256	18.234375
A_NP	734	255	G	4	0	242	18.5785123966942
A_NP	735	257	T	2	0	254	15.7795275590551
A_NP	736	253	C	6	0	225	14.7911111111111
A_NP	737	257	G	2	0	240	12.8041666666667
A_NP	738	257	A	2	0	247	13.1457489878543
A_NP	739	258	A	1	0	255	13.2509803921569
A_NP	740	256	A	3	0	255	16.843137254902
A_NP	741	251	C	8	0	245	18.2857142857143
A_NP	742	257	C	2	0	251	18.0159362549801
A_NP	743	258	C	1	0	255	18.6078431372549
A_NP	744	259	A	0	0	258	18.7093023255814
A_NP	745	259	G	0	0	259	18.8030888030888
A_NP	746	258	G	1	0	256	18.7265625
A_NP	747	253	A	6	0	251	18.2310756972112
A_NP	748	259	A	0	0	258	18.8604651162791
A_NP	749	258	A	1	0	257	19.5836575875486
A_NP	750	255	C	4	0	251	18.5896414342629
A_NP	751	252	G	7	0	246	15.7479674796748
A_NP	752	256	C	3	0	252	15.6349206349206
A_NP	753	257	T	2	0	254	15.5905511811024
A_NP	754	249	G	10	0	241	15.7261410788382
A_NP	755	255	A	4	0	252	16.5912698412698
A_NP	756	258	G	1	0	255	16.0941176470588
A_NP	757	257	A	2	0	255	15.9960784313725
A_NP	758	257	T	2	0	255	15.9686274509804
A_NP	759	259	T	0	0	257	15.7821011673152
A_NP	760	259	G	0	0	255	15.8666666666667
A_NP	761	258	A	1	0	255	16.2549019607843
A_NP	762	259	A	0	0	257	17.6926070038911
A_NP	763	258	G	1	0	251	17.5019920318725
A_NP	764	254	A	4	0	251	17.9043824701195
A_NP	765	256	C	2	0	254	17.7677165354331
A_NP	766	257	C	1	0	255	17.9764705882353
A_NP	767	257	T	1	0	249	18.5863453815261
A_NP	768	257	C	1	0	255	18.2274509803922
A_NP	769	253	A	5	0	252	17.5039682539683
A_NP	770	249	T	9	0	235	17.268085106383
A_NP	771	253	T	5	0	247	17.5951417004049
A_NP	772	257	T	1	0	256	17.48828125
A_NP	773	253	T	5	0	251	19.6812749003984
A_NP	774	244	C	14	0	244	19.7049180327869
A_NP	775	257	C	1	0	256	20.28125
A_NP	776	256	T	2	0	255	19.3254901960784
A_NP	777	248	G	10	0	245	19.4530612244898
A_NP	778	256	G	2	0	252	18.0079365079365
A_NP	779	254	C	4	0	252	18.2777777777778
A_NP	780	255	A	3	0	253	18.4308300395257
A_NP	781	250	C	8	0	244	17.8073770491803
A_NP	782	255	G	3	0	237	15.620253164557
A_NP	783	257	G	1	0	254	15.255905511811
A_NP	784	256	T	2	0	250	15.132
A_NP	785	255	C	3	0	241	15.7634854771784
A_NP	786	256	A	2	0	254	16.6456692913386
A_NP	787	254	G	4	0	253	16.6284584980237
A_NP	788	258	C	0	0	255	17.9450980392157
A_NP	789	258	A	0	0	256	18.66796875
A_NP	790	256	C	2	0	254	18.9015748031496
A_NP	791	258	T	0	0	257	18.4163424124514
A_NP	792	257	C	1	0	254	17.496062992126
A_NP	793	258	A	0	0	253	17.5770750988142
A_NP	794	257	T	1	0	253	17.2490118577075
A_NP	795	258	T	0	0	258	17.9418604651163
A_NP	796	258	C	0	0	258	18.1937984496124
A_NP	797	256	T	2	0	254	18.9842519685039
A_NP	798	251	G	7	0	246	18.6869918699187
A_NP	799	253	A	5	0	250	18.84
A_NP	800	255	G	3	0	254	17.9488188976378
A_NP	801	256	A	2	0	253	18.7193675889328
A_NP	802	258	G	0	0	257	19.875486381323
A_NP	803	256	G	2	0	253	17.1897233201581
A_NP	804	255	A	3	0	252	17.6706349206349
A_NP	805	256	T	2	0	253	17.3280632411067
A_NP	806	253	C	5	0	234	16.6410256410256
A_NP	807	255	A	3	0	252	16.0198412698413
A_NP	808	255	G	3	0	254	16.4527559055118
A_NP	809	257	T	1	0	253	15.5494071146245
A_NP	810	252	T	6	0	250	16.448
A_NP	811	246	G	12	0	243	16.1152263374486
A_NP	812	255	C	3	0	254	16.1417322834646
A_NP	813	256	A	2	0	253	17.5335968379447
A_NP	814	257	C	1	0	255	17.5137254901961
A_NP	815	257	A	1	0	257	17.3735408560311
A_NP	816	256	T	2	0	255	15.9803921568627
A_NP	817	255	A	3	0	251	15.7131474103586
A_NP	818	257	A	1	0	257	15.3463035019455
A_NP	819	258	A	0	0	255	15.8470588235294
A_NP	820	256	T	2	0	250	17.292
A_NP	821	256	C	2	0	254	17.2952755905512
A_NP	822	257	C	1	0	256	17.83984375
A_NP	823	257	T	1	0	256	18.671875
A_NP	824	253	G	5	0	248	20.7379032258065
A_NP	825	256	C	2	0	255	20.5882352941176
A_NP	826	256	C	2	0	256	20.59765625
A_NP	827	256	T	2	0	254	20.3858267716535
A_NP	828	256	G	2	0	256	21.14453125
A_NP	829	256	C	2	0	256	21.31640625
A_NP	830	256	C	2	0	256	21.04296875
A_NP	831	256	T	2	0	256	21.53515625
A_NP	832	256	G	2	0	255	21.5725490196078
A_NP	833	256	C	2	0	255	21.3843137254902
A_NP	834	256	T	2	0	255	19.9411764705882
A_NP	835	252	T	6	0	250	20.208
A_NP	836	253	G	5	0	245	19.8163265306122
A_NP	837	257	T	1	0	256	19.84375
A_NP	838	257	G	1	0	257	23.0778210116732
A_NP	839	256	T	2	0	255	39.7254901960784
A_NP	840	256	G	2	0	256	30.93359375
A_NP	841	257	T	1	0	257	19.8287937743191
A_NP	842	257	A	1	0	257	16.9727626459144
A_NP	843	257	T	1	0	256	15.859375
A_NP	844	257	G	1	0	257	15.9610894941634
A_NP	845	258	G	0	0	258	16.2984496124031
A_NP	846	258	G	0	0	256	17.9765625
A_NP	847	258	C	0	0	255	19.5137254901961
A_NP	848	257	T	1	0	253	17.7351778656126
A_NP	849	257	T	1	0	256	17.984375
A_NP	850	257	G	1	0	256	17.9296875
A_NP	851	257	C	1	0	255	18.0588235294118
A_NP	852	258	A	0	0	255	18.2823529411765
A_NP	853	257	G	1	0	255	17.7529411764706
A_NP	854	256	T	2	0	253	15.304347826087
A_NP	855	256	A	2	0	254	15.0393700787402
A_NP	856	256	G	2	0	255	15.0823529411765
A_NP	857	255	C	3	0	255	15.3098039215686
A_NP	858	258	A	0	0	256	17.88671875
A_NP	859	258	A	0	0	254	17.2283464566929
A_NP	860	258	G	0	0	255	17.3764705882353
A_NP	861	257	T	1	0	257	17.6770428015564
A_NP	862	258	G	0	0	257	17.8443579766537
A_NP	863	258	G	0	0	258	18.8914728682171
A_NP	864	258	C	0	0	258	19.0697674418605
A_NP	865	258	C	0	0	255	19.9254901960784
A_NP	866	258	A	0	0	257	18.3035019455253
A_NP	867	258	T	0	0	257	17.7237354085603
A_NP	868	257	G	1	0	256	17.1484375
A_NP	869	258	A	0	0	256	16.89453125
A_NP	870	258	C	0	0	258	17.6046511627907
A_NP	871	255	T	3	0	254	18.2283464566929
A_NP	872	258	T	0	0	258	18.0077519379845
A_NP	873	258	T	0	0	255	20.0352941176471
A_NP	874	258	G	0	0	257	18.9571984435798
A_NP	875	254	A	4	0	252	19.2579365079365
A_NP	876	258	A	0	0	257	19.5369649805447
A_NP	877	258	A	0	0	256	19.09765625
A_NP	878	249	G	9	0	248	19.6693548387097
A_NP	879	258	G	0	0	257	20.2062256809339
A_NP	880	258	G	0	0	255	19.7803921568627
A_NP	881	256	A	2	0	251	20.207171314741
A_NP	882	256	A	2	0	254	19.5
A_NP	883	256	G	2	0	255	18.3019607843137
A_NP	884	258	G	0	0	255	19.0470588235294
A_NP	885	254	G	4	0	252	18.6984126984127
A_NP	886	253	T	5	0	247	16.4210526315789
A_NP	887	255	A	3	0	251	15.5418326693227
A_NP	888	255	C	3	0	251	15.1553784860558
A_NP	889	255	T	3	0	250	15.072
A_NP	890	255	C	3	0	249	16.5301204819277
A_NP	891	255	A	3	0	251	16.7689243027888
A_NP	892	254	C	4	0	253	17.4822134387352
A_NP	893	258	T	0	0	258	18.3139534883721
A_NP	894	258	G	0	0	254	17.1259842519685
A_NP	895	258	G	0	0	256	17.06640625
A_NP	896	257	T	1	0	255	16.4
A_NP	897	252	C	6	0	234	15.4017094017094
A_NP	898	254	G	4	0	247	13.6113360323887
A_NP	899	258	G	0	0	255	13.6745098039216
A_NP	900	258	G	0	0	255	14.2509803921569
A_NP	901	258	A	0	0	254	17.4212598425197
A_NP	902	258	T	0	0	253	16.2806324110672
A_NP	903	257	A	1	0	256	15.296875
A_NP	904	256	G	2	0	250	14.948
A_NP	905	255	A	3	0	255	14.6627450980392
A_NP	906	252	C	6	0	250	16.448
A_NP	907	258	C	0	0	254	16.3937007874016
A_NP	908	258	C	0	0	255	17.3529411764706
A_NP	909	257	A	1	0	256	17.828125
A_NP	910	256	T	2	0	251	17.0597609561753
A_NP	911	258	T	0	0	258	17.0503875968992
A_NP	912	258	C	0	0	256	16.53125
A_NP	913	258	A	0	0	254	17.259842519685
A_NP	914	258	A	0	0	252	18.1626984126984
A_NP	915	258	A	0	0	255	17.7843137254902
A_NP	916	256	T	2	0	254	18.1535433070866
A_NP	917	257	T	1	0	252	17.7380952380952
A_NP	918	253	A	5	0	251	16.5816733067729
A_NP	919	256	C	2	0	233	16.2875536480687
A_NP	920	256	T	2	0	256	16.72265625
A_NP	921	255	C	3	0	252	17.0873015873016
A_NP	922	256	C	2	0	256	18.06640625
A_NP	923	256	A	2	0	256	18.875
A_NP	924	257	A	1	0	252	20.515873015873
A_NP	925	258	A	0	0	255	20.2745098039216
A_NP	926	258	A	0	0	257	20.5836575875486
A_NP	927	257	C	1	0	255	19.6901960784314
A_NP	928	258	A	0	0	256	18.98828125
A_NP	929	258	G	0	0	257	18.4241245136187
A_NP	930	258	T	0	0	258	17.5852713178295
A_NP	931	257	C	1	0	256	17.5859375
A_NP	932	256	A	2	0	256	17.58203125
A_NP	933	257	A	1	0	257	17.7898832684825
A_NP	934	258	G	0	0	258	18.5581395348837
A_NP	935	258	T	0	0	258	18.8875968992248
A_NP	936	258	G	0	0	258	19.0193798449612
A_NP	937	257	G	1	0	257	19.2101167315175
A_NP	938	256	T	2	0	256	18.40234375
A_NP	939	255	C	3	0	249	18.0923694779116
A_NP	940	257	A	1	0	253	17.5375494071146
A_NP	941	258	G	0	0	257	17.420233463035
A_NP	942	257	C	1	0	257	18.8443579766537
A_NP	943	258	C	0	0	255	18.9921568627451
A_NP	944	258	T	0	0	257	19.1945525291829
A_NP	945	258	G	0	0	257	18.8365758754864
A_NP	946	257	A	1	0	256	18.265625
A_NP	947	257	T	1	0	257	18.1750972762646
A_NP	948	256	G	2	0	254	17.4173228346457
A_NP	949	255	A	3	0	255	17.2039215686275
A_NP	950	255	G	3	0	251	17.1035856573705
A_NP	951	258	A	0	0	256	17.37109375
A_NP	952	256	C	2	0	254	17.6535433070866
A_NP	953	257	C	1	0	252	17.7619047619048
A_NP	954	235	A	23	0	229	18.6506550218341
A_NP	955	258	A	0	0	255	19.4392156862745
A_NP	956	258	A	0	0	258	19.453488372093
A_NP	957	258	T	0	0	254	18.992125984252
A_NP	958	256	G	2	0	250	18.32
A_NP	959	250	A	8	0	246	18.6869918699187
A_NP	960	256	A	2	0	254	18.6811023622047
A_NP	961	254	A	4	0	252	19.5873015873016
A_NP	962	254	A	4	0	252	20.5
A_NP	963	254	T	4	0	252	18.9047619047619
A_NP	964	258	C	0	0	252	18.281746031746
A_NP	965	258	C	0	0	257	18.1906614785992
A_NP	966	258	A	0	0	257	18.5447470817121
A_NP	967	258	G	0	0	258	20.1124031007752
A_NP	968	257	C	1	0	257	20.2373540856031
A_NP	969	257	T	1	0	255	19.7803921568627
A_NP	970	256	C	2	0	255	19.5372549019608
A_NP	971	256	A	2	0	256	19.41015625
A_NP	972	255	C	3	0	255	19.7137254901961
A_NP	973	251	A	7	0	251	18.8486055776892
A_NP	974	255	A	3	0	255	17.9254901960784
A_NP	975	255	G	3	0	255	17.5686274509804
A_NP	976	256	A	2	0	253	17.5612648221344
A_NP	977	257	G	1	0	257	17.9610894941634
A_NP	978	255	T	3	0	253	17.5573122529644
A_NP	979	257	C	1	0	247	17.4372469635628
A_NP	980	258	A	0	0	254	16.7755905511811
A_NP	981	257	A	1	0	257	16.8132295719844
A_NP	982	257	T	1	0	255	16.0235294117647
A_NP	983	257	T	1	0	252	17.218253968254
A_NP	984	255	G	3	0	253	17.0197628458498
A_NP	985	256	G	2	0	253	17.2173913043478
A_NP	986	252	T	6	0	250	17.468
A_NP	987	257	A	1	0	254	16.7244094488189
A_NP	988	257	T	1	0	252	16.2301587301587
A_NP	989	258	G	0	0	254	16.2125984251969
A_NP	990	258	G	0	0	256	16.49609375
A_NP	991	258	A	0	0	258	16.6666666666667
A_NP	992	258	T	0	0	256	16.875
A_NP	993	256	G	2	0	254	17.2204724409449
A_NP	994	257	G	1	0	255	17.3490196078431
A_NP	995	255	C	3	0	253	18.4545454545455
A_NP	996	257	A	1	0	256	18.63671875
A_NP	997	257	T	1	0	256	18.0703125
A_NP	998	257	G	1	0	255	18.1882352941176
A_NP	999	257	C	1	0	253	18.2569169960474
A_NP	1000	257	C	1	0	252	18.9761904761905
A_NP	1001	257	A	1	0	253	20.2055335968379
A_NP	1002	258	C	0	0	256	20.4765625
A_NP	1003	258	T	0	0	256	20.06640625
A_NP	1004	255	C	3	0	252	20
A_NP	1005	257	T	1	0	257	20.1867704280156
A_NP	1006	254	G	4	0	254	20.5944881889764
A_NP	1007	255	C	3	0	254	21.2992125984252
A_NP	1008	256	T	2	0	256	21.37890625
A_NP	1009	255	G	3	0	252	20.5793650793651
A_NP	1010	252	C	6	0	247	19.8947368421053
A_NP	1011	256	A	2	0	255	18.9764705882353
A_NP	1012	254	T	4	0	247	18.3562753036437
A_NP	1013	258	T	0	0	257	17.9922178988327
A_NP	1014	258	T	0	0	257	18.8443579766537
A_NP	1015	257	G	1	0	257	18.5486381322957
A_NP	1016	258	A	0	0	258	19.2674418604651
A_NP	1017	257	A	1	0	257	19.1906614785992
A_NP	1018	256	G	2	0	254	18.0472440944882
A_NP	1019	258	A	0	0	257	17.8443579766537
A_NP	1020	256	T	2	0	253	17.3636363636364
A_NP	1021	258	T	0	0	255	17.3607843137255
A_NP	1022	257	T	1	0	255	18.1490196078431
A_NP	1023	255	A	3	0	254	17.5748031496063
A_NP	1024	257	A	1	0	256	17.8515625
A_NP	1025	256	G	2	0	253	17.7114624505929
A_NP	1026	256	A	2	0	251	18.0478087649402
A_NP	1027	258	G	0	0	255	17.4117647058824
A_NP	1028	255	T	3	0	254	16.0157480314961
A_NP	1029	255	A	3	0	247	16.0890688259109
A_NP	1030	257	T	1	0	257	15.4124513618677
A_NP	1031	250	C	8	0	246	15.5528455284553
A_NP	1032	255	A	3	0	247	16.1619433198381
A_NP	1033	255	A	3	0	255	16.2392156862745
A_NP	1034	256	G	2	0	250	17.112
A_NP	1035	255	T	3	0	248	17.2661290322581
A_NP	1036	256	T	2	0	250	18.436
A_NP	1037	258	T	0	0	253	18.3675889328063
A_NP	1038	256	C	2	0	250	18.54
A_NP	1039	258	A	0	0	253	17.7391304347826
A_NP	1040	258	T	0	0	256	16.1796875
A_NP	1041	242	A	16	0	242	16.297520661157
A_NP	1042	251	A	7	0	248	15.7903225806452
A_NP	1043	255	G	3	0	253	15.2806324110672
A_NP	1044	258	A	0	0	258	17.0387596899225
A_NP	1045	258	G	0	0	257	18.6459143968872
A_NP	1046	258	G	0	0	256	19.26953125
A_NP	1047	256	A	2	0	254	19.7637795275591
A_NP	1048	258	A	0	0	258	20.8914728682171
A_NP	1049	258	A	0	0	252	21.1904761904762
A_NP	1050	258	G	0	0	256	21.296875
A_NP	1051	257	A	1	0	256	20.6875
A_NP	1052	258	A	0	0	254	19.748031496063
A_NP	1053	258	A	0	0	258	20.2054263565891
A_NP	1054	258	G	0	0	256	19.5234375
A_NP	1055	258	T	0	0	258	18.7906976744186
A_NP	1056	258	G	0	0	251	18.5258964143426
A_NP	1057	258	A	0	0	257	17.7120622568093
A_NP	1058	258	T	0	0	258	17.3682170542636
A_NP	1059	249	C	9	0	244	17.4590163934426
A_NP	1060	258	C	0	0	252	17.5753968253968
A_NP	1061	258	C	0	0	256	18.4765625
A_NP	1062	250	A	8	0	247	19.3603238866397
A_NP	1063	258	A	0	0	255	19.4745098039216
A_NP	1064	256	G	2	0	253	18.4901185770751
A_NP	1065	258	A	0	0	257	19.0544747081712
A_NP	1066	256	G	2	0	256	19.80859375
A_NP	1067	257	G	1	0	257	19.15953307393
A_NP	1068	256	A	2	0	254	19.4133858267717
A_NP	1069	258	A	0	0	256	20.5625
A_NP	1070	258	A	0	0	258	20.6317829457364
A_NP	1071	258	G	0	0	258	20.6705426356589
A_NP	1072	258	C	0	0	257	19.9260700389105
A_NP	1073	256	T	2	0	253	19.9762845849802
A_NP	1074	258	T	0	0	254	20.0393700787402
A_NP	1075	258	T	0	0	258	20.6162790697674
A_NP	1076	254	C	4	0	251	20.2549800796813
A_NP	1077	255	C	3	0	255	20.556862745098
A_NP	1078	253	A	5	0	252	19.3650793650794
A_NP	1079	256	C	2	0	253	20.4822134387352
A_NP	1080	236	A	22	0	232	19.2629310344828
A_NP	1081	255	A	3	0	253	17.201581027668
A_NP	1082	256	G	2	0	254	16.8149606299213
A_NP	1083	254	A	4	0	252	16.9880952380952
A_NP	1084	255	G	3	0	255	18.9764705882353
A_NP	1085	258	G	0	0	255	18.843137254902
A_NP	1086	258	G	0	0	253	19.7707509881423
A_NP	1087	258	G	0	0	251	20.0756972111554
A_NP	1088	258	T	0	0	254	17.511811023622
A_NP	1089	258	T	0	0	256	17.4296875
A_NP	1090	255	C	3	0	249	17.1004016064257
A_NP	1091	257	A	1	0	253	16.9881422924901
A_NP	1092	256	G	2	0	250	17.512
A_NP	1093	257	A	1	0	254	17.1141732283465
A_NP	1094	257	T	1	0	255	16.6078431372549
A_NP	1095	258	T	0	0	256	16.87890625
A_NP	1096	256	G	2	0	252	16.8015873015873
A_NP	1097	257	C	1	0	256	17.203125
A_NP	1098	256	T	2	0	255	18.6745098039216
A_NP	1099	258	T	0	0	255	18.7137254901961
A_NP	1100	258	C	0	0	257	19.0894941634241
A_NP	1101	255	A	3	0	254	19.0629921259843
A_NP	1102	258	A	0	0	258	19.0658914728682
A_NP	1103	258	A	0	0	255	19.478431372549
A_NP	1104	258	T	0	0	257	18.7509727626459
A_NP	1105	258	G	0	0	253	18.5217391304348
A_NP	1106	258	A	0	0	256	18.08203125
A_NP	1107	256	G	2	0	253	18.0276679841897
A_NP	1108	257	A	1	0	254	18.6614173228346
A_NP	1109	257	A	1	0	255	18.3686274509804
A_NP	1110	256	T	2	0	255	17.7686274509804
A_NP	1111	256	G	2	0	256	17.8828125
A_NP	1112	257	T	1	0	256	17.984375
A_NP	1113	255	G	3	0	255	18.3764705882353
A_NP	1114	257	G	1	0	256	18.953125
A_NP	1115	258	A	0	0	256	19.2265625
A_NP	1116	258	A	0	0	256	20.37109375
A_NP	1117	258	A	0	0	256	19.77734375
A_NP	1118	257	C	1	0	255	19.2235294117647
A_NP	1119	258	C	0	0	257	19.295719844358
A_NP	1120	258	A	0	0	258	18.546511627907
A_NP	1121	258	T	0	0	255	18.278431372549
A_NP	1122	256	G	2	0	254	17.8188976377953
A_NP	1123	258	G	0	0	254	17.3543307086614
A_NP	1124	258	A	0	0	253	17.8221343873518
A_NP	1125	256	C	2	0	255	18.5882352941176
A_NP	1126	257	T	1	0	253	18.901185770751
A_NP	1127	256	C	2	0	251	18.7609561752988
A_NP	1128	258	C	0	0	254	19.3070866141732
A_NP	1129	258	A	0	0	253	19.3873517786561
A_NP	1130	257	A	1	0	256	19.03125
A_NP	1131	256	T	2	0	255	16.7333333333333
A_NP	1132	257	A	1	0	256	16.20703125
A_NP	1133	254	C	4	0	254	16.3464566929134
A_NP	1134	258	C	0	0	258	16.7519379844961
A_NP	1135	258	C	0	0	258	19.9341085271318
A_NP	1136	258	T	0	0	258	21.3333333333333
A_NP	1137	258	G	0	0	258	21.0542635658915
A_NP	1138	258	G	0	0	256	20.3359375
A_NP	1139	257	A	1	0	255	19.8588235294118
A_NP	1140	257	A	1	0	251	20.1752988047809
A_NP	1141	256	C	2	0	253	18.9407114624506
A_NP	1142	256	T	2	0	253	17.9644268774704
A_NP	1143	254	A	4	0	253	16.8893280632411
A_NP	1144	257	A	1	0	251	16.9043824701195
A_NP	1145	255	G	3	0	249	17.1887550200803
A_NP	1146	258	A	0	0	254	18.0866141732283
A_NP	1147	258	A	0	0	257	19.1089494163424
A_NP	1148	258	G	0	0	258	19.0077519379845
A_NP	1149	257	C	1	0	253	19.5928853754941
A_NP	1150	258	A	0	0	255	19.8823529411765
A_NP	1151	257	G	1	0	255	20.1176470588235
A_NP	1152	256	A	2	0	255	20.1411764705882
A_NP	1153	255	T	3	0	251	17.0916334661355
A_NP	1154	253	A	5	0	250	16.632
A_NP	1155	255	C	3	0	253	16.4308300395257
A_NP	1156	257	T	1	0	255	16.3882352941176
A_NP	1157	254	G	4	0	253	18.6719367588933
A_NP	1158	258	G	0	0	258	19.1434108527132
A_NP	1159	257	G	1	0	256	19.26953125
A_NP	1160	257	C	1	0	255	20.3529411764706
A_NP	1161	258	C	0	0	255	20.9450980392157
A_NP	1162	256	A	2	0	256	20.171875
A_NP	1163	256	T	2	0	255	16.8627450980392
A_NP	1164	255	A	3	0	250	16.276
A_NP	1165	255	A	3	0	251	15.7768924302789
A_NP	1166	256	G	2	0	252	15.7738095238095
A_NP	1167	252	A	6	0	249	17.7951807228916
A_NP	1168	254	A	4	0	253	18.3596837944664
A_NP	1169	254	C	4	0	252	18.2777777777778
A_NP	1170	257	C	1	0	255	19.1803921568627
A_NP	1171	258	A	0	0	257	19.295719844358
A_NP	1172	257	G	1	0	256	20.8359375
A_NP	1173	256	G	2	0	255	19.7686274509804
A_NP	1174	255	A	3	0	254	19.2795275590551
A_NP	1175	253	G	5	0	251	19.1752988047809
A_NP	1176	258	T	0	0	254	18.5590551181102
A_NP	1177	257	G	1	0	257	18.4630350194553
A_NP	1178	257	G	1	0	256	18.2890625
A_NP	1179	257	A	1	0	255	18.4862745098039
A_NP	1180	258	G	0	0	258	18.9031007751938
A_NP	1181	255	G	3	0	253	19.0079051383399
A_NP	1182	249	A	9	0	249	18.5421686746988
A_NP	1183	255	A	3	0	253	19.5770750988142
A_NP	1184	258	A	0	0	252	19.1388888888889
A_NP	1185	258	T	0	0	258	17.0193798449612
A_NP	1186	257	A	1	0	248	16.5564516129032
A_NP	1187	257	C	1	0	251	15.8605577689243
A_NP	1188	258	C	0	0	250	15.74
A_NP	1189	258	A	0	0	250	16.256
A_NP	1190	258	A	0	0	258	16.9108527131783
A_NP	1191	258	T	0	0	256	16.55859375
A_NP	1192	256	C	2	0	236	16.4194915254237
A_NP	1193	256	A	2	0	255	16.3333333333333
A_NP	1194	257	A	1	0	254	16.2795275590551
A_NP	1195	257	C	1	0	257	16.9338521400778
A_NP	1196	255	A	3	0	254	18.0433070866142
A_NP	1197	256	G	2	0	256	18.03125
A_NP	1198	256	A	2	0	254	17.9488188976378
A_NP	1199	257	A	1	0	256	18.2421875
A_NP	1200	256	G	2	0	256	18.03515625
A_NP	1201	257	G	1	0	256	18.6328125
A_NP	1202	256	C	2	0	255	18.8549019607843
A_NP	1203	257	A	1	0	253	18.7667984189723
A_NP	1204	258	T	0	0	256	17.45703125
A_NP	1205	256	C	2	0	253	17.2411067193676
A_NP	1206	257	C	1	0	254	16.4133858267717
A_NP	1207	254	G	4	0	246	16.2317073170732
A_NP	1208	258	C	0	0	256	17.23828125
A_NP	1209	258	A	0	0	258	16.7480620155039
A_NP	1210	253	G	5	0	251	17.8366533864542
A_NP	1211	254	G	4	0	252	18.6230158730159
A_NP	1212	256	C	2	0	255	18.4666666666667
A_NP	1213	256	C	2	0	256	19.86328125
A_NP	1214	253	A	5	0	253	19.3083003952569
A_NP	1215	254	G	4	0	252	18.8095238095238
A_NP	1216	257	A	1	0	255	17.8156862745098
A_NP	1217	257	T	1	0	255	17.0627450980392
A_NP	1218	257	C	1	0	242	16.0371900826446
A_NP	1219	254	A	4	0	252	15.468253968254
A_NP	1220	254	G	4	0	253	15.5494071146245
A_NP	1221	254	T	4	0	251	16.1792828685259
A_NP	1222	257	G	1	0	257	17.9027237354086
A_NP	1223	256	T	2	0	254	21.488188976378
A_NP	1224	253	G	5	0	251	20.3346613545817
A_NP	1225	251	C	7	0	250	19.3
A_NP	1226	256	A	2	0	254	18.5551181102362
A_NP	1227	256	G	2	0	254	18.6653543307087
A_NP	1228	254	C	4	0	253	18.6086956521739
A_NP	1229	255	C	3	0	252	18.8412698412698
A_NP	1230	257	T	1	0	252	18.6746031746032
A_NP	1231	255	A	3	0	250	18.032
A_NP	1232	257	C	1	0	257	17.3735408560311
A_NP	1233	256	A	2	0	252	17.2103174603175
A_NP	1234	257	T	1	0	253	16.7391304347826
A_NP	1235	256	T	2	0	253	17.0079051383399
A_NP	1236	255	C	3	0	253	17.5691699604743
A_NP	1237	257	T	1	0	256	17.90625
A_NP	1238	256	C	2	0	254	19.5157480314961
A_NP	1239	257	A	1	0	257	19.1322957198444
A_NP	1240	258	G	0	0	258	18.484496124031
A_NP	1241	256	T	2	0	255	17.9960784313725
A_NP	1242	255	G	3	0	254	17.988188976378
A_NP	1243	252	C	6	0	252	18.6706349206349
A_NP	1244	252	A	6	0	251	18.4581673306773
A_NP	1245	254	G	4	0	251	18.8406374501992
A_NP	1246	255	C	3	0	254	18.0708661417323
A_NP	1247	253	G	5	0	243	16.6255144032922
A_NP	1248	256	A	2	0	251	16.5577689243028
A_NP	1249	257	A	1	0	255	16.2352941176471
A_NP	1250	258	A	0	0	253	17.901185770751
A_NP	1251	258	T	0	0	254	18.0984251968504
A_NP	1252	258	C	0	0	247	17.7611336032389
A_NP	1253	257	T	1	0	252	17.7380952380952
A_NP	1254	254	C	4	0	249	17.7309236947791
A_NP	1255	255	C	3	0	255	18.643137254902
A_NP	1256	256	C	2	0	256	19.16796875
A_NP	1257	234	T	24	0	230	18.8782608695652
A_NP	1258	256	T	2	0	256	19.51953125
A_NP	1259	257	T	1	0	256	20.0625
A_NP	1260	256	T	2	0	254	20.8149606299213
A_NP	1261	256	G	2	0	255	19.5058823529412
A_NP	1262	255	A	3	0	254	19.9094488188976
A_NP	1263	258	A	0	0	257	19.3424124513619
A_NP	1264	258	A	0	0	255	19.2196078431373
A_NP	1265	257	G	1	0	251	19.2908366533865
A_NP	1266	257	A	1	0	256	18.546875
A_NP	1267	255	G	3	0	253	18.6205533596838
A_NP	1268	258	C	0	0	252	18.8174603174603
A_NP	1269	258	A	0	0	258	18.7751937984496
A_NP	1270	258	A	0	0	255	18.1137254901961
A_NP	1271	256	C	2	0	256	18.25
A_NP	1272	256	C	2	0	252	18.1587301587302
A_NP	1273	258	G	1	0	257	17.3696498054475
A_NP	1274	259	T	0	0	258	17.4728682170543
A_NP	1275	259	T	0	0	255	17.1490196078431
A_NP	1276	259	A	0	0	259	16.4054054054054
A_NP	1277	259	T	0	0	257	17
A_NP	1278	256	G	3	0	254	17.0236220472441
A_NP	1279	254	G	5	0	254	17.5196850393701
A_NP	1280	256	C	3	0	255	19.5529411764706
A_NP	1281	259	A	0	0	255	20.2117647058824
A_NP	1282	259	G	0	0	258	20.1705426356589
A_NP	1283	259	C	0	0	255	20.7450980392157
A_NP	1284	259	A	0	0	257	19.6692607003891
A_NP	1285	257	T	2	0	256	18.05078125
A_NP	1286	258	T	1	0	257	17.5603112840467
A_NP	1287	257	C	2	0	245	17.0571428571429
A_NP	1288	323	A	2	0	318	20.9968553459119
A_NP	1289	322	G	3	0	320	21.89375
A_NP	1290	323	C	2	0	322	21.7515527950311
A_NP	1291	321	G	5	0	248	16.7620967741935
A_NP	1292	324	G	2	0	323	20.5851393188854
A_NP	1293	323	G	3	0	320	19.790625
A_NP	1294	324	A	3	0	319	21.2257053291536
A_NP	1295	327	A	1	0	326	21.8711656441718
A_NP	1296	326	C	2	0	320	21.53125
A_NP	1297	325	A	3	0	313	20.3290734824281
A_NP	1298	326	A	2	0	324	19.6975308641975
A_NP	1299	326	T	2	0	324	19.8518518518519
A_NP	1300	325	G	3	0	319	19.2351097178683
A_NP	1301	326	A	2	0	322	20.9658385093168
A_NP	1302	328	A	0	0	323	20.3312693498452
A_NP	1303	327	G	1	0	319	21.6018808777429
A_NP	1304	324	G	4	0	322	21.6521739130435
A_NP	1305	324	A	4	0	321	21.6978193146417
A_NP	1306	324	C	4	0	318	20.7106918238994
A_NP	1307	324	G	4	0	321	19.0342679127726
A_NP	1308	327	G	1	0	324	19.0092592592593
A_NP	1309	325	A	3	0	323	19.2383900928793
A_NP	1310	327	C	1	0	319	20.4733542319749
A_NP	1311	327	A	1	0	327	21.6422018348624
A_NP	1312	327	T	1	0	327	21.4770642201835
A_NP	1313	324	C	4	0	321	20.404984423676
A_NP	1314	328	C	0	0	321	20.3894080996885
A_NP	1315	328	G	0	0	314	19.8662420382166
A_NP	1316	328	A	0	0	326	20.420245398773
A_NP	1317	328	C	0	0	327	20.302752293578
A_NP	1318	326	A	2	0	323	20.5386996904025
A_NP	1319	327	T	1	0	325	21.6769230769231
A_NP	1320	323	G	5	0	320	21.525
A_NP	1321	322	A	6	0	320	21.2875
A_NP	1322	328	G	0	0	326	22.1932515337423
A_NP	1323	324	A	4	0	323	23.328173374613
A_NP	1324	326	A	2	0	325	22.4584615384615
A_NP	1325	327	C	1	0	322	21.4347826086957
A_NP	1326	326	A	2	0	325	21.7046153846154
A_NP	1327	327	G	1	0	325	22.0923076923077
A_NP	1328	327	A	1	0	325	21.6430769230769
A_NP	1329	328	A	0	0	326	21.7699386503067
A_NP	1330	328	G	0	0	327	21.3149847094801
A_NP	1331	328	T	0	0	325	20.9230769230769
A_NP	1332	328	T	0	0	327	20.2110091743119
A_NP	1333	328	A	0	0	326	19.3098159509202
A_NP	1334	328	T	0	0	327	19.045871559633
A_NP	1335	324	A	4	0	318	18.5157232704403
A_NP	1336	327	A	1	0	325	17.6923076923077
A_NP	1337	327	G	1	0	322	17.6894409937888
A_NP	1338	320	A	8	0	319	20.2006269592476
A_NP	1339	327	A	1	0	324	21.3703703703704
A_NP	1340	326	T	2	0	325	20.1415384615385
A_NP	1341	326	G	2	0	322	19.4099378881988
A_NP	1342	326	A	2	0	324	19.2623456790123
A_NP	1343	328	T	0	0	328	19.1036585365854
A_NP	1344	328	G	0	0	328	19.640243902439
A_NP	1345	327	G	1	0	326	19.8588957055215
A_NP	1346	327	A	1	0	321	20.9158878504673
A_NP	1347	327	A	1	0	326	21.6901840490798
A_NP	1348	327	A	1	0	323	22.4365325077399
A_NP	1349	327	G	1	0	326	21.739263803681
A_NP	1350	327	T	1	0	322	21.304347826087
A_NP	1351	328	G	0	0	328	21.234756097561
A_NP	1352	328	C	0	0	325	21.9107692307692
A_NP	1353	328	A	0	0	322	20.9068322981366
A_NP	1354	328	A	0	0	324	21.6141975308642
A_NP	1355	328	A	0	0	326	22.2730061349693
A_NP	1356	328	G	0	0	327	22.5076452599388
A_NP	1357	326	C	2	0	326	23.1288343558282
A_NP	1358	328	C	0	0	328	24.4390243902439
A_NP	1359	323	A	5	0	322	23.3354037267081
A_NP	1360	325	G	3	0	325	21.9753846153846
A_NP	1361	326	A	2	0	324	20.8148148148148
A_NP	1362	328	G	0	0	326	21.319018404908
A_NP	1363	326	G	2	0	324	21.1666666666667
A_NP	1364	326	A	2	0	320	21.125
A_NP	1365	321	T	7	0	317	20.3880126182965
A_NP	1366	325	T	3	0	321	20.018691588785
A_NP	1367	326	T	2	0	323	20.359133126935
A_NP	1368	327	G	1	0	317	20.205047318612
A_NP	1369	325	T	3	0	321	21.0778816199377
A_NP	1370	324	C	4	0	320	20.003125
A_NP	1371	327	C	1	0	325	19.52
A_NP	1372	319	T	9	0	319	20.6520376175549
A_NP	1373	328	T	0	0	328	22.1432926829268
A_NP	1374	324	C	4	0	321	19.4330218068536
A_NP	1375	327	C	1	0	327	20.4923547400612
A_NP	1376	326	A	2	0	324	18.7716049382716
A_NP	1377	316	G	12	0	314	20.8471337579618
A_NP	1378	321	G	7	0	321	20.7227414330218
A_NP	1379	319	G	9	0	318	21.8396226415094
A_NP	1380	315	G	13	0	310	24.241935483871
A_NP	1381	314	C	14	0	303	22.963696369637
A_NP	1382	288	G	40	0	275	19.88
A_NP	1383	321	G	7	0	319	19.1191222570533
A_NP	1384	326	G	2	0	323	19.5851393188854
A_NP	1385	324	G	4	0	303	25.5676567656766
A_NP	1386	321	A	7	0	314	23.1050955414013
A_NP	1387	320	G	8	0	311	20.7974276527331
A_NP	1388	319	T	9	0	310	19.4967741935484
A_NP	1389	323	C	5	0	311	19.2315112540193
A_NP	1390	319	T	9	0	314	19.5286624203822
A_NP	1391	325	T	3	0	321	18.6666666666667
A_NP	1392	312	C	16	0	296	18.4695945945946
A_NP	1393	313	G	15	0	303	17.3069306930693
A_NP	1394	328	A	0	0	320	17.303125
A_NP	1395	328	G	0	0	326	17.2638036809816
A_NP	1396	324	C	4	0	318	18.5817610062893
A_NP	1397	321	T	7	0	313	21.0255591054313
A_NP	1398	326	C	2	0	325	20.6769230769231
A_NP	1399	327	T	1	0	326	23.4570552147239
A_NP	1400	323	C	5	0	307	20.1042345276873
A_NP	1401	325	G	3	0	323	17.9752321981424
A_NP	1402	327	G	1	0	324	18.0617283950617
A_NP	1403	324	A	4	0	320	18.24375
A_NP	1404	324	C	4	0	311	19.4726688102894
A_NP	1405	290	G	38	0	273	16.7252747252747
A_NP	1406	302	A	26	0	298	15.1610738255034
A_NP	1407	312	A	16	0	309	15.4174757281553
A_NP	1408	321	A	7	0	317	16.8643533123028
A_NP	1409	320	A	8	0	314	22.1369426751592
A_NP	1410	320	G	8	0	320	20.59375
A_NP	1411	327	G	1	0	318	21.1006289308176
A_NP	1412	326	C	2	0	294	20.8639455782313
A_NP	1413	327	A	1	0	321	20.0218068535826
A_NP	1414	327	A	1	0	322	19.6583850931677
A_NP	1415	327	C	1	0	320	19.328125
A_NP	1416	326	G	2	0	311	17.5755627009646
A_NP	1417	322	A	6	0	317	17.8044164037855
A_NP	1418	325	A	3	0	318	17.7987421383648
A_NP	1419	319	C	9	0	318	18.2924528301887
A_NP	1420	327	C	1	0	322	20.9565217391304
A_NP	1421	325	C	3	0	301	21.8870431893688
A_NP	1422	322	G	6	0	306	19.859477124183
A_NP	1423	326	A	2	0	326	19.4723926380368
A_NP	1424	326	T	2	0	324	19.75
A_NP	1425	327	C	1	0	285	19.9122807017544
A_NP	1426	327	G	1	0	326	19.0705521472393
A_NP	1427	327	T	1	0	323	19.390092879257
A_NP	1428	328	G	0	0	314	19.7929936305732
A_NP	1429	328	C	0	0	327	23.2599388379205
A_NP	1430	326	C	2	0	324	23.8364197530864
A_NP	1431	325	T	3	0	323	22.8916408668731
A_NP	1432	328	T	0	0	326	25.9110429447853
A_NP	1433	328	C	0	0	324	23.7438271604938
A_NP	1434	327	C	1	0	326	23.8742331288344
A_NP	1435	322	T	6	0	319	23.9529780564263
A_NP	1436	326	T	2	0	325	25.3353846153846
A_NP	1437	327	T	1	0	326	25.3435582822086
A_NP	1438	327	G	1	0	325	22.1446153846154
A_NP	1439	326	A	2	0	325	23.5292307692308
A_NP	1440	327	C	1	0	327	23.3241590214067
A_NP	1441	326	A	2	0	324	21.9104938271605
A_NP	1442	327	T	1	0	327	21.6330275229358
A_NP	1443	324	G	4	0	320	20.734375
A_NP	1444	315	A	13	0	314	20.8949044585987
A_NP	1445	313	G	15	0	306	21.2418300653595
A_NP	1446	307	T	21	0	302	20.453642384106
A_NP	1447	323	A	5	0	322	20.0062111801242
A_NP	1448	326	A	2	0	324	20.4135802469136
A_NP	1449	327	T	1	0	321	20.2242990654206
A_NP	1450	324	G	4	0	321	21.2429906542056
A_NP	1451	313	A	15	0	309	21.5566343042071
A_NP	1452	316	A	12	0	313	22.0575079872204
A_NP	1453	313	G	15	0	306	23.4183006535948
A_NP	1454	328	G	0	0	323	24.2012383900929
A_NP	1455	328	G	0	0	325	25.2338461538462
A_NP	1456	327	T	1	0	320	24.26875
A_NP	1457	327	C	1	0	326	23.1687116564417
A_NP	1458	315	T	13	0	307	24.0325732899023
A_NP	1459	323	T	5	0	311	22.9485530546624
A_NP	1460	324	A	4	0	322	21.6366459627329
A_NP	1461	323	T	5	0	316	21.0348101265823
A_NP	1462	322	T	5	0	316	21.7373417721519
A_NP	1463	321	T	6	0	313	21.741214057508
A_NP	1464	321	C	6	0	320	21.2875
A_NP	1465	321	T	6	0	317	22.1009463722397
A_NP	1466	322	T	5	0	319	21.0376175548589
A_NP	1467	319	C	8	0	307	21.0456026058632
A_NP	1468	322	G	5	0	319	18.5203761755486
A_NP	1469	325	G	2	0	324	18.8395061728395
A_NP	1470	326	A	1	0	325	18.9446153846154
A_NP	1471	327	G	0	0	325	20.5630769230769
A_NP	1472	325	A	2	0	323	21.4334365325077
A_NP	1473	322	C	5	0	318	21.1981132075472
A_NP	1474	326	A	1	0	304	18.5888157894737
A_NP	1475	327	A	0	0	324	17.8950617283951
A_NP	1476	327	T	0	0	327	17.7614678899083
A_NP	1477	326	G	1	0	325	17.8523076923077
A_NP	1478	326	C	1	0	326	20.4110429447853
A_NP	1479	323	A	4	0	318	19.5849056603774
A_NP	1480	322	G	5	0	320	19.784375
A_NP	1481	325	A	2	0	322	19.7453416149068
A_NP	1482	326	G	1	0	324	20.462962962963
A_NP	1483	326	G	1	0	325	20.2092307692308
A_NP	1484	326	A	1	0	324	20.6358024691358
A_NP	1485	323	G	4	0	316	20.5696202531646
A_NP	1486	323	T	4	0	318	19.2893081761006
A_NP	1487	327	A	0	0	319	18.9184952978056
A_NP	1488	326	T	0	0	323	17.8916408668731
A_NP	1489	325	G	1	0	322	18.195652173913
A_NP	1490	324	A	1	0	323	19.2693498452012
A_NP	1491	324	C	0	0	324	20.0740740740741
A_NP	1492	323	A	0	0	316	19.0822784810127
A_NP	1493	323	A	0	0	322	18.555900621118
A_NP	1494	323	T	0	0	321	18.9844236760125
A_NP	1495	321	T	0	0	319	19.9937304075235
A_NP	1496	309	G	0	0	309	20.4433656957929
A_NP	1497	306	A	0	0	306	21.5228758169935
