Reference_Name	Position	Coverage Depth	Consensus	Deletions	Ambiguous	Consensus_Count	Consensus_Average_Quality
A_NS	1	3013	A	0	0	3013	28.8941254563558
A_NS	2	3024	T	0	0	3024	32.4054232804233
A_NS	3	3045	G	0	0	3040	34.6996710526316
A_NS	4	3058	G	0	0	3030	34.4620462046205
A_NS	5	3066	A	3	0	3052	32.9610091743119
A_NS	6	3073	A	0	0	3063	36.6591576885406
A_NS	7	3073	T	0	0	3055	33.3122749590835
A_NS	8	3065	C	13	0	3043	34.4196516595465
A_NS	9	3089	C	0	0	3080	35.6146103896104
A_NS	10	3090	A	4	0	3068	32.8500651890482
A_NS	11	3098	A	3	0	3090	34.2631067961165
A_NS	12	3098	C	3	0	3086	34.4637070641607
A_NS	13	3100	A	1	0	3052	32.2935779816514
A_NS	14	3100	C	1	0	3094	33.0924369747899
A_NS	15	3100	C	2	0	3088	32.5663860103627
A_NS	16	3099	A	4	0	3073	32.750081353726
A_NS	17	3098	T	5	0	3076	35.6108582574772
A_NS	18	3101	G	3	0	3081	34.2956832197339
A_NS	19	3095	T	9	0	3072	34.4947916666667
A_NS	20	3080	C	25	0	3033	31.2126607319486
A_NS	21	3079	A	26	0	3021	29.6865276398544
A_NS	22	3096	A	10	0	3058	29.7112491824722
A_NS	23	3082	G	24	0	3054	30.6263916175508
A_NS	24	3096	C	10	0	3072	30.3551432291667
A_NS	25	3020	T	86	0	2993	30.0033411293017
A_NS	26	3067	T	39	0	3046	31.8676953381484
A_NS	27	3056	T	51	0	3035	32.5733113673806
A_NS	28	2993	C	114	0	2955	27.8937394247039
A_NS	29	3089	A	19	0	3016	27.0424403183024
A_NS	30	3092	G	17	0	3087	27.7061872367995
A_NS	31	3099	G	10	0	3091	28.5506308637981
A_NS	32	3100	T	9	0	3081	31.0519311911717
A_NS	33	3091	A	18	0	3034	31.6107448912327
A_NS	34	3086	G	23	0	3044	29.1402759526938
A_NS	35	3094	A	15	0	3053	28.7176547658041
A_NS	36	3101	C	8	0	3069	31.1463017269469
A_NS	37	3105	T	6	0	3088	29.2940414507772
A_NS	38	3104	G	7	0	3061	29.9245344658608
A_NS	39	3067	T	44	0	3043	31.2711140322051
A_NS	40	3089	T	22	0	3072	29.6175130208333
A_NS	41	3091	T	20	0	3080	33.350974025974
A_NS	42	3087	T	24	0	3067	35.5627649168569
A_NS	43	3082	C	29	0	3035	28.1996705107084
A_NS	44	2941	T	170	0	2880	27.6559027777778
A_NS	45	3106	T	5	0	3091	27.0753801358784
A_NS	46	3109	T	3	0	3074	26.4329863370202
A_NS	47	3083	G	29	0	3056	23.6227094240838
A_NS	48	3107	G	5	0	3094	30.0484809308339
A_NS	49	3107	C	5	0	3091	31.680362342284
A_NS	50	3099	A	13	0	3082	31.5671641791045
A_NS	51	3091	T	22	0	3061	33.7301535445933
A_NS	52	3101	A	12	0	3088	31.7503238341969
A_NS	53	3057	T	56	0	3032	36.4063324538259
A_NS	54	3103	T	10	0	3054	34.3271119842829
A_NS	55	3075	C	38	0	3044	30.661629434954
A_NS	56	3077	G	36	0	3037	29.6997036549226
A_NS	57	3092	C	21	0	3061	29.2077752368507
A_NS	58	3087	A	26	0	3073	28.1740969736414
A_NS	59	3107	A	6	0	3076	28.9720416124837
A_NS	60	3107	G	6	0	3071	33.124063822859
A_NS	61	3108	C	5	0	3088	32.2814119170984
A_NS	62	3104	G	9	0	3025	28.1761983471074
A_NS	63	3106	A	7	0	3098	28.047127178825
A_NS	64	3098	T	15	0	3067	27.7929572872514
A_NS	65	3107	T	6	0	3057	27.5927379784102
A_NS	66	3106	T	7	0	3077	32.6717582060448
A_NS	67	3066	G	47	0	3029	30.2426543413668
A_NS	68	3063	C	50	0	3027	33.1245457548728
A_NS	69	3076	A	37	0	3050	30.9131147540984
A_NS	70	3083	G	30	0	3027	31.3974231912785
A_NS	71	3093	A	20	0	3066	30.5981735159817
A_NS	72	3097	C	16	0	3064	30.7098563968668
A_NS	73	3101	A	12	0	3060	26.1029411764706
A_NS	74	3110	A	3	0	3083	26.7418099253973
A_NS	75	3111	T	2	0	3077	26.9740006499838
A_NS	76	3105	G	8	0	3080	26.3032467532468
A_NS	77	3110	G	4	0	3068	27.9230769230769
A_NS	78	3109	A	5	0	3091	27.2504043998706
A_NS	79	3104	T	10	0	3087	28.9543245869776
A_NS	80	3112	T	2	0	3001	27.8593802065978
A_NS	81	3040	G	74	0	2985	28.7192629815745
A_NS	82	3109	G	5	0	3105	30.7143317230274
A_NS	83	3114	G	0	0	3099	30.946111648919
A_NS	84	3112	T	2	0	2974	33.105245460659
A_NS	85	3096	G	18	0	3039	29.9871668311945
A_NS	86	3110	A	4	0	3098	29.3166559070368
A_NS	87	3109	T	5	0	3023	29.5031425736024
A_NS	88	3099	G	15	0	3067	28.7182914900554
A_NS	89	2819	C	297	0	2744	29.6239067055394
A_NS	90	3099	C	17	0	3071	27.9970693585151
A_NS	91	3110	C	7	0	3096	28.7177002583979
A_NS	92	3106	C	11	0	3034	30.0290046143705
A_NS	93	3102	A	15	0	3058	26.3502289077829
A_NS	94	3099	T	18	0	3057	26.9689237814851
A_NS	95	3082	T	35	0	3051	26.9013438216978
A_NS	96	3089	C	28	0	3041	29.5603419927655
A_NS	97	3081	C	36	0	3076	32.3439531859558
A_NS	98	3006	T	111	0	2967	33.1927873272666
A_NS	99	3069	T	48	0	2905	33.5614457831325
A_NS	100	3062	G	55	0	2833	29.0229438757501
A_NS	101	3113	A	4	0	3094	29.9133807369101
A_NS	102	3083	T	34	0	3061	33.5919634106501
A_NS	103	3101	C	16	0	3046	31.2767564018385
A_NS	104	3106	G	11	0	3084	32.186121919585
A_NS	105	3111	G	6	0	3104	31.5702319587629
A_NS	106	3110	C	7	0	3100	32.2167741935484
A_NS	107	3112	T	5	0	3094	34.0795087265676
A_NS	108	3099	A	18	0	3080	32.8321428571429
A_NS	109	3101	C	16	0	3076	32.6872561768531
A_NS	110	3102	G	15	0	3070	29.8833876221498
A_NS	111	3097	C	20	0	3084	30.1984435797665
A_NS	112	3105	C	12	0	3083	30.5241647745702
A_NS	113	3049	G	68	0	3011	28.9010295582863
A_NS	114	3090	A	27	0	3070	29.5530944625407
A_NS	115	3090	G	27	0	3051	29.9259259259259
A_NS	116	3095	A	22	0	3086	30.8046014257939
A_NS	117	3068	T	49	0	3049	31.625778943916
A_NS	118	3053	C	64	0	2974	29.5551445864156
A_NS	119	2984	A	133	0	2940	28.0969387755102
A_NS	120	3060	A	57	0	3025	28.1100826446281
A_NS	121	3049	A	68	0	3029	30.6460878177616
A_NS	122	3037	A	80	0	3011	42.0624377283295
A_NS	123	3030	G	87	0	3005	36.9564059900166
A_NS	124	3059	T	58	0	3034	34.2673038892551
A_NS	125	3068	C	49	0	3033	32.9225189581273
A_NS	126	3074	C	44	0	3047	32.8683951427634
A_NS	127	3041	T	77	0	3005	37.4815307820299
A_NS	128	3073	T	45	0	2986	34.0612860013396
A_NS	129	2797	A	321	0	2763	29.1896489323199
A_NS	130	3079	A	39	0	3048	30.3100393700787
A_NS	131	3103	A	15	0	3091	34.6696861857004
A_NS	132	3106	A	12	0	3064	36.7255221932115
A_NS	133	3104	G	14	0	3096	38.3898578811369
A_NS	134	3112	G	6	0	3088	36.6402202072539
A_NS	135	3104	A	14	0	3089	34.2379410812561
A_NS	136	3111	A	7	0	3100	36.0312903225806
A_NS	137	3106	G	12	0	3085	35.7863857374392
A_NS	138	3102	A	16	0	3084	33.1258106355383
A_NS	139	3109	G	9	0	3101	33.6578523057078
A_NS	140	3115	G	3	0	3112	34.2589974293059
A_NS	141	3096	C	22	0	3086	34.6429034348671
A_NS	142	3104	A	14	0	3068	35.0974576271186
A_NS	143	3114	A	4	0	3087	35.4985422740525
A_NS	144	3105	C	13	0	3084	35.473411154345
A_NS	145	3104	A	14	0	3070	33.4762214983713
A_NS	146	3095	C	23	0	3084	33.7418936446174
A_NS	147	3112	C	6	0	3106	33.6455247907276
A_NS	148	3109	C	9	0	3091	31.4073115496603
A_NS	149	3027	T	91	0	3019	33.1573368665121
A_NS	150	3108	T	10	0	3030	30.0349834983498
A_NS	151	3105	G	13	0	2906	24.7271163110805
A_NS	152	3113	G	5	0	3062	24.5009797517962
A_NS	153	3107	C	11	0	3099	24.9225556631171
A_NS	154	3112	C	5	0	3103	26.628101836932
A_NS	155	3110	T	7	0	3093	30.926931781442
A_NS	156	3085	C	32	0	2994	31.3697394789579
A_NS	157	3096	G	21	0	3040	28.9243421052632
A_NS	158	3107	A	10	0	3085	29.471961102107
A_NS	159	3112	C	5	0	3105	30.7075684380032
A_NS	160	3111	A	6	0	3075	30.6351219512195
A_NS	161	3112	T	5	0	3102	33.7656350741457
A_NS	162	3108	C	9	0	3064	32.3113577023499
A_NS	163	3080	A	37	0	3001	30.4365211596135
A_NS	164	3110	A	7	0	3092	31.6649417852523
A_NS	165	3115	A	2	0	3096	33.8178294573643
A_NS	166	3116	A	1	0	3091	38.0482044645746
A_NS	167	3114	C	3	0	3095	35.6885298869144
A_NS	168	3116	A	1	0	3058	32.0640941792021
A_NS	169	3115	G	2	0	3108	31.7158944658945
A_NS	170	3102	C	15	0	3094	33.0287653522948
A_NS	171	3100	C	17	0	3071	32.545750569847
A_NS	172	3096	A	21	0	3033	31.4978569073525
A_NS	173	3094	C	23	0	3082	31.0071382219338
A_NS	174	3091	T	25	0	3063	30.539666993144
A_NS	175	3096	C	20	0	3078	30.3131903833658
A_NS	176	3073	T	43	0	3054	34.0992141453831
A_NS	177	3105	T	11	0	3078	33.9837556855101
A_NS	178	3104	G	12	0	3057	31.2306182531894
A_NS	179	3104	T	12	0	3092	32.8159767141009
A_NS	180	3105	T	11	0	3068	32.1763363754889
A_NS	181	3071	G	45	0	3055	30.2242225859247
A_NS	182	3112	G	4	0	3067	32.7339419628301
A_NS	183	3112	G	4	0	3100	32.4003225806452
A_NS	184	3105	A	11	0	3091	37.8683274021352
A_NS	185	3111	A	5	0	3092	38.7250970245796
A_NS	186	3112	A	4	0	3093	37.8722922728742
A_NS	187	3110	C	6	0	3087	34.399416909621
A_NS	188	3110	A	6	0	3083	31.0937398637691
A_NS	189	3113	A	3	0	3093	33.6760426770126
A_NS	190	3110	A	6	0	3090	32.5624595469256
A_NS	191	3109	T	7	0	3066	32.0303326810176
A_NS	192	3109	T	7	0	3088	29.6502590673575
A_NS	193	3107	A	9	0	3078	28.3356075373619
A_NS	194	3111	T	5	0	3081	28.5890944498539
A_NS	195	3091	G	25	0	3066	29.0313111545988
A_NS	196	3109	G	8	0	3080	29.199025974026
A_NS	197	3110	A	7	0	3100	32.0038709677419
A_NS	198	3115	A	2	0	3092	35.3192108667529
A_NS	199	3113	T	4	0	3093	33.0856773359198
A_NS	200	3105	G	12	0	3045	32.6272577996716
A_NS	201	3111	G	5	0	3092	32.7736093143596
A_NS	202	3107	A	9	0	3093	31.3343032654381
A_NS	203	3052	T	64	0	3015	33.0971807628524
A_NS	204	3105	T	11	0	3081	32.4508276533593
A_NS	205	3111	T	5	0	3088	37.104274611399
A_NS	206	3096	T	20	0	3069	34.5164548712936
A_NS	207	3061	G	55	0	3022	29.8398411647915
A_NS	208	2727	A	389	0	2690	30.014126394052
A_NS	209	3095	A	21	0	3083	30.5267596496919
A_NS	210	3097	A	19	0	3061	30.5145377327671
A_NS	211	3091	G	25	0	3063	31.3140711720535
A_NS	212	3103	A	13	0	3083	30.6649367499189
A_NS	213	3093	G	23	0	3082	30.7865022712524
A_NS	214	3105	G	11	0	3057	28.9964017010141
A_NS	215	3106	A	10	0	3086	28.9215813350616
A_NS	216	3109	A	7	0	3085	32.2081037277148
A_NS	217	3110	T	6	0	3091	29.8117114202523
A_NS	218	3073	C	43	0	3018	31.9297548045063
A_NS	219	3100	C	16	0	3059	32.2392938868911
A_NS	220	3094	A	22	0	3045	30.1172413793103
A_NS	221	3099	G	16	0	3096	30.7332041343669
A_NS	222	3102	C	13	0	3072	29.7109375
A_NS	223	3051	G	63	0	3008	27.6499335106383
A_NS	224	3069	A	45	0	3037	27.650642081001
A_NS	225	3105	G	9	0	3051	27.658472631924
A_NS	226	3094	A	20	0	3078	28.4590643274854
A_NS	227	3099	C	15	0	3079	30.4732055862293
A_NS	228	3105	A	9	0	3049	28.8907838635618
A_NS	229	3095	C	19	0	3074	28.8679245283019
A_NS	230	3066	T	48	0	3037	28.6144221270991
A_NS	231	3099	T	15	0	3040	28.3059210526316
A_NS	232	3071	A	43	0	3040	26.8628289473684
A_NS	233	3087	G	27	0	3007	27.4077153308946
A_NS	234	3090	A	24	0	3073	27.8132118451025
A_NS	235	3105	A	9	0	3073	29.8431500162707
A_NS	236	3109	T	5	0	3085	30.0930307941653
A_NS	237	3105	G	9	0	3056	31.851112565445
A_NS	238	3105	A	9	0	3085	32.5666126418152
A_NS	239	3105	C	9	0	3081	33.2070756247971
A_NS	240	3106	A	8	0	3064	30.2702349869452
A_NS	241	3110	A	4	0	3082	30.5512654120701
A_NS	242	3106	T	8	0	3042	31.0328731097962
A_NS	243	3111	T	3	0	3067	31.6569938050212
A_NS	244	3104	G	10	0	3074	32.0091086532206
A_NS	245	3101	C	13	0	3060	33.7326797385621
A_NS	246	3106	A	8	0	3080	32.4571428571429
A_NS	247	3089	T	25	0	3068	33.0818122555411
A_NS	248	3096	C	18	0	3062	32.4369693011104
A_NS	249	3092	T	22	0	3065	33.1308319738989
A_NS	250	3091	G	23	0	3059	34.3870545930043
A_NS	251	3098	T	16	0	3053	33.6275794300688
A_NS	252	3099	A	15	0	3074	32.3597918022121
A_NS	253	3100	C	14	0	3005	31.5973377703827
A_NS	254	3107	C	7	0	3080	31.5659090909091
A_NS	255	3108	T	6	0	3068	32.4605606258149
A_NS	256	3093	A	21	0	3059	31.5645635828702
A_NS	257	3099	C	15	0	3084	30.8291180285344
A_NS	258	3051	T	63	0	3038	31.4746543778802
A_NS	259	3106	T	8	0	3089	30.4988669472321
A_NS	260	3090	C	24	0	3064	28.3851174934726
A_NS	261	3094	G	20	0	3058	30.3587311968607
A_NS	262	3099	C	15	0	3077	31.7361065973351
A_NS	263	3089	G	25	0	3053	31.1097281362594
A_NS	264	3062	T	52	0	3034	31.9485827290705
A_NS	265	3102	T	11	0	3077	32.0799480013
A_NS	266	3098	A	15	0	3055	31.7672667757774
A_NS	267	3103	C	10	0	3076	33.479843953186
A_NS	268	3106	A	7	0	3084	34.5509079118029
A_NS	269	3096	T	17	0	3076	36.2581274382315
A_NS	270	3105	T	8	0	3078	36.7446393762183
A_NS	271	3060	T	53	0	3046	36.9284307288247
A_NS	272	3042	C	71	0	3030	36.6755775577558
A_NS	273	3098	T	15	0	3043	35.4429838974696
A_NS	274	3083	G	28	0	3030	32.7320132013201
A_NS	275	3103	A	8	0	3093	32.3789201422567
A_NS	276	3104	C	7	0	3089	34.3729362253156
A_NS	277	3102	A	8	0	3082	31.6927319922128
A_NS	278	3106	T	4	0	3074	32.5162654521796
A_NS	279	3108	G	2	0	3056	31.3219895287958
A_NS	280	3102	A	8	0	3080	31.7035714285714
A_NS	281	3099	C	11	0	3087	33.2037576935536
A_NS	282	3106	C	5	0	3102	33.3027079303675
A_NS	283	3103	C	8	0	3095	33.9770597738288
A_NS	284	3100	T	11	0	3091	35.4073115496603
A_NS	285	3059	C	52	0	3011	28.3477250083029
A_NS	286	3080	G	31	0	3044	26.5131406044678
A_NS	287	3097	A	14	0	3067	26.7486142810564
A_NS	288	3104	G	7	0	3101	26.9719445340213
A_NS	289	3106	G	5	0	3099	30.5985801871571
A_NS	290	3091	A	20	0	3058	32.1762589928058
A_NS	291	3104	A	7	0	3066	35.8349641226354
A_NS	292	3104	A	7	0	3078	34.7641325536062
A_NS	293	3097	T	10	0	3076	33.3312743823147
A_NS	294	3094	G	15	0	3074	31.1180871828237
A_NS	295	3096	T	17	0	3081	30.3427458617332
A_NS	296	2979	C	134	0	2922	27.0739219712526
A_NS	297	2987	A	126	0	2868	25.5843793584379
A_NS	298	3030	C	83	0	2984	24.5945040214477
A_NS	299	2928	G	185	0	2773	22.5084745762712
A_NS	300	2964	A	149	0	2834	21.5935074100212
A_NS	301	3027	G	85	0	2890	21.3259515570934
A_NS	302	3063	A	49	0	2997	20.636970303637
A_NS	303	3061	C	51	0	2969	20.8875042101718
A_NS	304	3065	T	48	0	3047	20.947161142107
A_NS	305	3083	G	30	0	2998	21.5366911274183
A_NS	306	3096	G	17	0	3068	21.3318122555411
A_NS	307	3036	T	77	0	3005	24.7267886855241
A_NS	308	3101	T	12	0	3025	24.8168595041322
A_NS	309	3098	C	15	0	2943	23.8837920489297
A_NS	310	3102	A	11	0	3029	23.480686695279
A_NS	311	3105	T	9	0	3084	24.1092736705577
A_NS	312	3109	G	5	0	3096	25.9467054263566
A_NS	313	3093	C	21	0	3068	28.138852672751
A_NS	314	3096	T	18	0	3070	29.3778501628664
A_NS	315	3108	T	6	0	3083	29.3577684073954
A_NS	316	3107	A	7	0	3093	28.529582929195
A_NS	317	3108	T	6	0	3074	31.6102797657775
A_NS	318	3109	G	5	0	3097	31.3257991604779
A_NS	319	3096	C	18	0	3090	31.3601941747573
A_NS	320	3107	C	7	0	3082	30.8955223880597
A_NS	321	3104	T	10	0	3087	30.6822157434402
A_NS	322	3097	A	17	0	3082	28.3150551589877
A_NS	323	3100	G	14	0	3090	28.0271844660194
A_NS	324	3103	G	11	0	3097	29.8950597352276
A_NS	325	3057	C	57	0	3023	30.9913992722461
A_NS	326	2931	A	183	0	2923	29.3708518645228
A_NS	327	3035	A	79	0	3020	30.3933774834437
A_NS	328	3042	A	72	0	2999	32.5578526175392
A_NS	329	3034	A	80	0	3000	33.8773333333333
A_NS	330	3024	G	90	0	2940	33.4656462585034
A_NS	331	3024	A	90	0	2982	28.5952380952381
A_NS	332	3030	T	84	0	2898	27.9268461007591
A_NS	333	3045	A	69	0	2948	26.0176390773406
A_NS	334	3094	A	20	0	3052	26.5855176933159
A_NS	335	3100	T	14	0	2982	26.6247484909457
A_NS	336	3064	A	50	0	2992	26.4996657754011
A_NS	337	3100	G	14	0	3073	26.0634559062805
A_NS	338	3090	G	24	0	3079	26.193894121468
A_NS	339	3045	C	69	0	3002	28.2994670219853
A_NS	340	3093	C	22	0	3075	30.1817886178862
A_NS	341	3100	C	15	0	3073	30.120078099577
A_NS	342	3088	T	27	0	3062	29.0529065969954
A_NS	343	3075	C	40	0	2986	27.1446751507033
A_NS	344	3046	T	69	0	3005	27.3181364392679
A_NS	345	3094	T	21	0	3082	27.4691758598313
A_NS	346	3082	T	33	0	3058	30.041530412034
A_NS	347	3054	G	61	0	3023	29.2533906715184
A_NS	348	3066	C	49	0	2901	32.2712857635298
A_NS	349	3097	G	18	0	3080	30.4785714285714
A_NS	350	3089	T	26	0	3029	30.5899636843843
A_NS	351	3094	G	21	0	3079	30.9311464761286
A_NS	352	3096	C	19	0	3006	32.956753160346
A_NS	353	3103	G	12	0	3005	29.0492512479201
A_NS	354	3111	A	4	0	3092	28.1497412677878
A_NS	355	3109	T	6	0	3083	28.1839117742459
A_NS	356	3113	T	2	0	3074	27.9577098243331
A_NS	357	3087	G	28	0	3015	28.7210613598673
A_NS	358	3102	G	12	0	3065	28.5487765089723
A_NS	359	3104	A	10	0	3095	29.6613893376414
A_NS	360	3084	C	30	0	3067	30.3462667101402
A_NS	361	3100	C	14	0	3008	31.9800531914894
A_NS	362	3074	A	40	0	3063	31.3121123081946
A_NS	363	3105	G	9	0	3099	33.0367860600194
A_NS	364	3111	G	3	0	3102	32.1179883945841
A_NS	365	3109	C	5	0	3058	30.5889470241988
A_NS	366	3109	G	5	0	3086	29.5058327932599
A_NS	367	3111	G	3	0	3106	29.4713457823567
A_NS	368	3105	T	9	0	3082	29.2962362102531
A_NS	369	3108	C	6	0	3045	28.6676518883415
A_NS	370	3108	A	6	0	3082	29.7491888384166
A_NS	371	3106	T	8	0	3082	29.870214146658
A_NS	372	3094	G	20	0	2961	26.9159067882472
A_NS	373	3104	G	10	0	3055	26.9060556464812
A_NS	374	3101	A	13	0	3088	26.9468911917098
A_NS	375	3102	T	11	0	3066	27.2436399217221
A_NS	376	3080	A	33	0	3032	28.7843007915567
A_NS	377	3099	A	14	0	3054	28.7066142763589
A_NS	378	3093	G	20	0	3043	28.1038448899113
A_NS	379	3061	A	52	0	3009	28.4307078763709
A_NS	380	3099	A	14	0	3069	27.7719126751385
A_NS	381	3110	C	3	0	3098	26.4748224661072
A_NS	382	3101	A	12	0	3048	26.505249343832
A_NS	383	3087	T	26	0	3058	27.0820797907129
A_NS	384	3097	A	16	0	2968	25.7786388140162
A_NS	385	3090	G	23	0	2980	25.6325503355705
A_NS	386	3092	T	21	0	3061	25.2548186867037
A_NS	387	3065	A	48	0	3021	26.1423369745117
A_NS	388	3053	C	59	0	3037	26.5001646361541
A_NS	389	3091	T	21	0	3035	27.2784184514003
A_NS	390	3069	G	43	0	3054	27.5101506221349
A_NS	391	3099	G	13	0	3069	27.8634734441186
A_NS	392	3083	A	29	0	3051	29.2713864306785
A_NS	393	3098	A	14	0	3086	31.148088139987
A_NS	394	3076	G	36	0	3040	29.0950657894737
A_NS	395	3095	C	16	0	3061	28.7798105194381
A_NS	396	3094	A	17	0	3062	27.5460483344219
A_NS	397	3109	A	3	0	3100	27.4061290322581
A_NS	398	3108	A	4	0	3075	29.6344715447154
A_NS	399	3105	C	7	0	3054	28.5648330058939
A_NS	400	3100	T	12	0	3071	29.5141647671768
A_NS	401	3098	T	14	0	3074	29.4882888744307
A_NS	402	3085	C	27	0	3029	27.8121492241664
A_NS	403	3100	A	12	0	3080	27.4042207792208
A_NS	404	3102	G	10	0	3086	26.9335709656513
A_NS	405	3100	T	12	0	3061	26.8647500816727
A_NS	406	3104	G	8	0	3082	27.7816353017521
A_NS	407	3091	T	21	0	3056	27.8439136125654
A_NS	408	3089	A	23	0	3068	26.155149934811
A_NS	409	3106	A	6	0	3089	25.1589511168663
A_NS	410	3104	T	8	0	3075	25.1115447154472
A_NS	411	3105	C	7	0	3045	25.0249589490969
A_NS	412	3104	T	8	0	3077	25.1257718557036
A_NS	413	3111	T	1	0	3091	25.3151083791653
A_NS	414	3094	C	18	0	3046	24.2445830597505
A_NS	415	3103	A	9	0	3063	25.0385243225596
A_NS	416	3109	A	3	0	3095	24.8801292407108
A_NS	417	3107	C	5	0	3086	25.1338302009073
A_NS	418	3106	C	6	0	3063	24.5866797257591
A_NS	419	3092	G	20	0	2933	22.563586771224
A_NS	420	3099	A	13	0	3081	22.3563777994158
A_NS	421	3096	T	16	0	3082	22.3231667748215
A_NS	422	3106	T	6	0	3083	22.7424586441777
A_NS	423	3089	A	23	0	3053	23.8866688503112
A_NS	424	3074	G	38	0	3041	23.8461032555081
A_NS	425	3103	A	9	0	3091	23.6884503396959
A_NS	426	3097	G	15	0	3083	28.4907557573792
A_NS	427	3079	A	33	0	3056	26.3108638743456
A_NS	428	3100	C	12	0	3079	24.4384540435206
A_NS	429	3107	C	5	0	3086	23.802009073234
A_NS	430	2985	T	127	0	2959	24.5586346738763
A_NS	431	3106	T	6	0	3095	25.3928917609047
A_NS	432	3103	G	9	0	3074	22.1532205595316
A_NS	433	3093	A	19	0	3085	22.7458670988655
A_NS	434	3058	T	54	0	3012	23.640438247012
A_NS	435	3021	A	91	0	2999	23.1603867955985
A_NS	436	3023	C	89	0	2987	22.7827251422832
A_NS	437	3092	T	20	0	2961	22.6950354609929
A_NS	438	3075	A	37	0	3049	23.0170547720564
A_NS	439	3091	C	21	0	3006	22.8463073852295
A_NS	440	3083	T	29	0	2943	22.9700985389059
A_NS	441	3062	A	50	0	3012	21.8031208499336
A_NS	442	3083	A	29	0	3068	21.8487614080834
A_NS	443	3080	G	32	0	3067	22.7104662536681
A_NS	444	3096	G	16	0	3066	23.9536855838226
A_NS	445	3095	G	17	0	3075	25.4715447154472
A_NS	446	3094	C	18	0	3064	24.8945822454308
A_NS	447	3092	T	20	0	3061	25.2136556680823
A_NS	448	3099	T	13	0	3072	25.7444661458333
A_NS	449	3100	T	12	0	3076	27.0325097529259
A_NS	450	3109	C	3	0	3088	25.6917098445596
A_NS	451	3104	A	8	0	3049	23.9957363069859
A_NS	452	3103	C	9	0	3095	24.1292407108239
A_NS	453	3086	T	26	0	3035	23.6484349258649
A_NS	454	2829	G	283	0	2791	21.8394840558939
A_NS	455	2841	A	271	0	2831	21.6870363829036
A_NS	456	2878	G	234	0	2847	22.1131015103618
A_NS	457	3081	G	31	0	3075	22.92
A_NS	458	3081	A	31	0	3073	21.8011714936544
A_NS	459	3027	G	85	0	3007	22.9717326238776
A_NS	460	3081	G	31	0	3079	24.0555375121793
A_NS	461	3065	G	47	0	3033	23.2172766238048
A_NS	462	3058	A	54	0	3035	23.4260296540362
A_NS	463	3096	G	16	0	3059	25.0431513566525
A_NS	464	3059	C	53	0	3005	23.8618968386023
A_NS	465	3078	A	34	0	3007	23.2105088127702
A_NS	466	3092	A	20	0	3047	23.3787331801772
A_NS	467	3086	T	26	0	3029	22.8491251238032
A_NS	468	3084	A	27	0	2953	21.948865560447
A_NS	469	3086	G	25	0	2994	21.5728122912492
A_NS	470	3068	T	43	0	3030	21.4046204620462
A_NS	471	3083	T	27	0	3030	21.8666666666667
A_NS	472	3050	G	60	0	3031	22.9953810623557
A_NS	473	3068	G	42	0	3039	24.3981572885818
A_NS	474	3064	A	46	0	3042	25.3369493754109
A_NS	475	3083	G	26	0	3039	25.8555445870352
A_NS	476	3063	A	46	0	3021	25.9748427672956
A_NS	477	3090	A	19	0	3056	25.5137434554974
A_NS	478	3095	A	14	0	3053	25.1293809367835
A_NS	479	3092	T	17	0	3018	24.5881378396289
A_NS	480	3101	T	8	0	3052	23.1287680209699
A_NS	481	3101	T	8	0	3030	22.9656765676568
A_NS	482	3083	C	26	0	3000	21.8166666666667
A_NS	483	3101	A	8	0	3027	21.0858936240502
A_NS	484	3090	C	19	0	3077	21.7052323691908
A_NS	485	3101	C	8	0	3070	21.771661237785
A_NS	486	3102	A	8	0	3089	21.1699579151829
A_NS	487	3098	T	14	0	3078	21.9522417153996
A_NS	488	3101	T	11	0	3086	21.5110174983798
A_NS	489	3094	A	18	0	3056	21.3376963350785
A_NS	490	3099	C	14	0	3092	21.3386157826649
A_NS	491	3102	C	11	0	3088	21.9394430051813
A_NS	492	3095	T	19	0	3088	22.8280440414508
A_NS	493	3082	T	32	0	3055	24.8297872340426
A_NS	494	3078	C	36	0	3063	22.6327130264447
A_NS	495	3100	T	14	0	3073	24.2245362837618
A_NS	496	3098	C	16	0	3076	29.0260078023407
A_NS	497	3090	T	24	0	3069	27.14825676116
A_NS	498	3104	T	10	0	3092	24.0747089262613
A_NS	499	3093	C	21	0	3073	22.8346892287667
A_NS	500	3103	C	11	0	3087	24.6248785228377
A_NS	501	3105	A	9	0	3098	24.0174306003873
A_NS	502	3105	G	9	0	3100	24.9603225806452
A_NS	503	3103	G	10	0	3093	24.5496281926932
A_NS	504	3081	A	32	0	3064	24.1204308093995
A_NS	505	3083	C	30	0	3035	24.2154859967051
A_NS	506	3095	A	18	0	3085	23.3828200972447
A_NS	507	3075	T	38	0	2943	22.2701325178389
A_NS	508	3098	A	15	0	3074	21.9879635653871
A_NS	509	3101	C	12	0	3040	21.8207236842105
A_NS	510	3064	T	49	0	2976	21.7331989247312
A_NS	511	3095	T	18	0	2973	22.9387823747057
A_NS	512	3094	A	19	0	3057	22.0049067713445
A_NS	513	3101	T	12	0	2985	22.2747068676717
A_NS	514	3098	G	15	0	3046	22.5613919894944
A_NS	515	3101	A	11	0	3067	22.2732311705249
A_NS	516	3098	G	14	0	3092	23.1536222509702
A_NS	517	3108	G	4	0	3100	23.4522580645161
A_NS	518	3108	A	4	0	3086	22.8956578094621
A_NS	519	3096	T	16	0	3073	23.6732834363814
A_NS	520	3104	G	8	0	3072	22.9654947916667
A_NS	521	3100	T	12	0	3089	22.5940433797345
A_NS	522	3092	C	20	0	3062	22.2772697583279
A_NS	523	3021	A	91	0	2968	22.0586253369272
A_NS	524	3090	A	22	0	3068	22.0166232073012
A_NS	525	3088	A	24	0	3063	22.9686581782566
A_NS	526	3084	A	28	0	3029	25.4714427203698
A_NS	527	3085	A	27	0	2985	24.0167504187605
A_NS	528	3085	T	27	0	3064	23.226501305483
A_NS	529	3065	G	47	0	2941	22.5069704182251
A_NS	530	3066	C	46	0	3007	22.0226139008979
A_NS	531	3092	A	20	0	3023	21.4068805822031
A_NS	532	3082	G	30	0	3019	21.4637297118251
A_NS	533	3045	T	67	0	2991	21.0163824807757
A_NS	534	3079	T	33	0	2954	21.3943805010156
A_NS	535	2924	G	188	0	2864	21.4245810055866
A_NS	536	3092	G	20	0	3064	21.5463446475196
A_NS	537	3104	G	8	0	3082	22.9993510707333
A_NS	538	3056	G	56	0	3013	24.7391304347826
A_NS	539	3037	T	75	0	3004	23.6205059920107
A_NS	540	3062	C	50	0	2953	23.5059261767694
A_NS	541	3068	C	44	0	3020	23.1880794701987
A_NS	542	3065	T	47	0	3051	23.1039003605375
A_NS	543	3092	C	20	0	3021	23.1933134723601
A_NS	544	3106	A	6	0	3069	21.6461388074291
A_NS	545	3106	T	6	0	3079	21.5888275414096
A_NS	546	3096	C	16	0	2944	20.2612092391304
A_NS	547	3032	G	80	0	2999	19.486162054018
A_NS	548	3083	G	29	0	3028	19.7424042272127
A_NS	549	3094	A	18	0	3070	19.9680781758958
A_NS	550	3061	G	51	0	3002	22.1029313790806
A_NS	551	3081	G	31	0	3000	21.7493333333333
A_NS	552	3073	A	38	0	3047	20.5178864456843
A_NS	553	3102	C	9	0	3056	20.3069371727749
A_NS	554	2988	T	123	0	2936	21.0895776566758
A_NS	555	3074	T	37	0	3016	20.2085543766578
A_NS	556	2998	G	113	0	2859	18.7054914305701
A_NS	557	3083	A	28	0	2948	18.7879918588874
A_NS	558	3099	G	12	0	3088	18.9682642487047
A_NS	559	3102	T	9	0	3069	19.7810361681329
A_NS	560	3089	G	22	0	3079	21.0285807080221
A_NS	561	3100	G	11	0	3021	22.4448857994042
A_NS	562	3093	A	18	0	3050	22.9931147540984
A_NS	563	3095	A	16	0	3072	24.66015625
A_NS	564	3091	T	20	0	3071	23.4685770107457
A_NS	565	3082	G	28	0	3041	24.5383097665242
A_NS	566	3089	G	69	0	3056	25.1184554973822
A_NS	567	3079	T	80	0	2972	23.8818977119785
A_NS	568	3118	A	43	0	3021	23.5921880172128
A_NS	569	3154	A	8	0	3130	23.2009584664537
A_NS	570	3152	C	10	0	2997	23.1261261261261
A_NS	571	3149	A	13	0	3108	23.9430501930502
A_NS	572	3144	C	18	0	3043	27.0013144922774
A_NS	573	3139	G	24	0	2976	22.9499327956989
A_NS	574	3150	G	13	0	3102	22.4587362991618
A_NS	575	3092	T	71	0	3038	22.6046741277156
A_NS	576	3138	T	25	0	3066	23.2077625570776
A_NS	577	3122	C	41	0	2978	23.683680322364
A_NS	578	3081	G	82	0	2838	21.9073291050035
A_NS	579	3142	A	21	0	3134	21.6732610082961
A_NS	580	3149	G	14	0	3119	21.9079833279897
A_NS	581	3121	T	42	0	3085	22.8314424635332
A_NS	582	3100	C	63	0	3039	23.5284633102994
A_NS	583	3151	T	12	0	3136	23.3195153061224
A_NS	584	3127	C	36	0	3114	24.8015414258189
A_NS	585	3100	T	63	0	3073	27.3384315001627
A_NS	586	3095	G	68	0	3043	24.1160039434768
A_NS	587	3040	A	123	0	2989	24.7607895617263
A_NS	588	3111	A	52	0	3084	25.5956549935149
A_NS	589	3136	A	27	0	3083	26.3233863120337
A_NS	590	3125	A	38	0	3082	26.5210902011681
A_NS	591	3113	T	50	0	3066	25.2142857142857
A_NS	592	3141	A	22	0	2985	23.25594639866
A_NS	593	3140	T	23	0	3116	25.635109114249
A_NS	594	3140	A	23	0	3035	21.7667215815486
A_NS	595	3142	C	21	0	3126	21.0233525271913
A_NS	596	3126	A	37	0	3070	20.5706840390879
A_NS	597	3114	G	49	0	3054	20.7416502946955
A_NS	598	3151	A	12	0	3129	21.8012144455097
A_NS	599	3126	G	37	0	3086	23.6668826960467
A_NS	600	3158	A	5	0	3128	22.9229539641944
A_NS	601	3143	T	20	0	3115	22.1996789727127
A_NS	602	3159	T	4	0	3131	22.1216863621846
A_NS	603	3149	C	14	0	3041	22.1805327195002
A_NS	604	3157	G	6	0	3017	19.8293006297647
A_NS	605	3154	C	9	0	3142	19.7523870146404
A_NS	606	3102	T	61	0	3092	19.762936610608
A_NS	607	3154	T	9	0	3129	20.071907957814
A_NS	608	3131	G	32	0	3114	22.8946692357097
A_NS	609	3151	G	12	0	3136	23.0851403061224
A_NS	610	3151	A	12	0	3139	23.9012424338961
A_NS	611	3156	G	7	0	3148	24.8605463786531
A_NS	612	3139	A	24	0	3121	24.6597244472925
A_NS	613	3157	A	6	0	3143	24.1005408845053
A_NS	614	3151	G	12	0	3143	23.9035952911231
A_NS	615	3157	C	6	0	3148	24.2334815756036
A_NS	616	3159	T	4	0	3137	24.7392413133567
A_NS	617	3161	G	2	0	3153	25.1075166508088
A_NS	618	3162	T	1	0	3146	24.9351557533376
A_NS	619	3158	G	5	0	3147	24.524944391484
A_NS	620	3161	A	2	0	3146	23.6058486967578
A_NS	621	3162	T	1	0	3127	23.8983050847458
A_NS	622	3145	G	18	0	3092	23.1630012936611
A_NS	623	3132	A	31	0	3115	22.9454253611557
A_NS	624	3130	G	33	0	3073	23.7777416205662
A_NS	625	3077	A	86	0	3043	24.7982254354256
A_NS	626	3139	A	24	0	3096	24.1918604651163
A_NS	627	3139	T	24	0	3053	23.800851621356
A_NS	628	2955	G	208	0	2860	23.9122377622378
A_NS	629	3125	G	38	0	3109	24.184625281441
A_NS	630	3130	G	33	0	3060	24.3728758169935
A_NS	631	3121	A	42	0	3083	25.7836522867337
A_NS	632	3097	G	66	0	2992	25.119986631016
A_NS	633	3115	A	48	0	3063	24.5086516487104
A_NS	634	3085	C	78	0	2965	23.1703204047218
A_NS	635	3137	C	26	0	3052	22.4901703800786
A_NS	636	3094	T	69	0	2999	23.4524841613871
A_NS	637	3147	T	16	0	3098	24.1236281471917
A_NS	638	3149	C	14	0	3108	21.6029601029601
A_NS	639	3149	A	14	0	3096	22.0432816537468
A_NS	640	3154	C	9	0	3115	23.8227929373997
A_NS	641	3155	T	8	0	3069	22.6689475399153
A_NS	642	3121	A	43	0	3090	22.0902912621359
A_NS	643	3159	C	5	0	3147	22.115347950429
A_NS	644	3158	C	6	0	3144	22.097010178117
A_NS	645	3157	T	7	0	3143	23.3840279987273
A_NS	646	3153	C	11	0	3141	24.4667303406558
A_NS	647	3158	C	6	0	3155	24.3356576862124
A_NS	648	3125	A	39	0	3112	23.2124035989717
A_NS	649	3103	G	61	0	3084	24.7016861219196
A_NS	650	3149	A	15	0	3137	23.7714376793114
A_NS	651	3141	G	23	0	3133	23.4302585381424
A_NS	652	3143	C	21	0	3131	24.0076652826573
A_NS	653	3149	A	15	0	3144	24.5442111959288
A_NS	654	3156	G	8	0	3146	24.7476160203433
A_NS	655	3143	A	21	0	3120	24.6038461538462
A_NS	656	3162	A	2	0	3154	24.782815472416
A_NS	657	3161	A	2	0	3131	25.2816991376557
A_NS	658	3160	T	3	0	3142	24.7759388924252
A_NS	659	3100	G	63	0	3057	23.585868498528
A_NS	660	3096	A	67	0	3058	23.8852190974493
A_NS	661	3098	G	65	0	3077	23.748781280468
A_NS	662	3099	A	64	0	3068	24.5407431551499
A_NS	663	3100	A	63	0	3085	25.1173419773096
A_NS	664	3099	G	64	0	3086	25.6380427738172
A_NS	665	3103	T	60	0	3075	25.6347967479675
A_NS	666	3083	G	80	0	3052	24.980996068152
A_NS	667	3128	G	35	0	3124	25.5147247119078
A_NS	668	3129	C	34	0	3103	25.2175314212053
A_NS	669	2942	G	220	0	2880	24.984375
A_NS	670	3115	G	47	0	3093	25.0630455868089
A_NS	671	3120	G	42	0	3028	24.3394980184941
A_NS	672	3127	A	35	0	3050	25.5268852459016
A_NS	673	3149	A	12	0	3103	26.2368675475346
A_NS	674	3149	C	12	0	3082	24.8578844905905
A_NS	675	3143	A	18	0	3036	24.082674571805
A_NS	676	3148	A	13	0	3122	23.6178731582319
A_NS	677	3142	T	19	0	3117	23.1167789541226
A_NS	678	3151	T	10	0	3109	23.6153103891927
A_NS	679	3053	G	108	0	2977	23.7292576419214
A_NS	680	3142	G	19	0	3113	24.1917764214584
A_NS	681	3138	G	22	0	3040	24.3519736842105
A_NS	682	3122	A	38	0	3099	25.7412068409164
A_NS	683	3145	C	15	0	3097	24.7713916693574
A_NS	684	3121	A	39	0	3102	23.6521598968407
A_NS	685	3112	G	48	0	3076	23.129388816645
A_NS	686	3129	A	32	0	3107	22.6803990988091
A_NS	687	3140	A	21	0	3103	23.5159523042217
A_NS	688	3135	A	26	0	3098	24.2059393156875
A_NS	689	3111	T	50	0	3066	23.9500978473581
A_NS	690	3145	T	16	0	3118	23.7665169980757
A_NS	691	3148	T	13	0	3102	24.5625402965828
A_NS	692	3136	G	25	0	3103	23.3167902030293
A_NS	693	3143	A	18	0	3122	23.6210762331839
A_NS	694	3150	G	11	0	3142	23.8345003182686
A_NS	695	3152	G	9	0	3149	23.927596062242
A_NS	696	3123	A	38	0	3098	24.145577792124
A_NS	697	3153	A	8	0	3121	26.0060877923742
A_NS	698	3154	A	7	0	3135	26.0637958532695
A_NS	699	3154	T	7	0	3137	24.8339177558177
A_NS	700	3135	A	26	0	3096	23.8291343669251
A_NS	701	3150	A	11	0	3116	23.2002567394095
A_NS	702	3137	G	24	0	3109	23.2000643293664
A_NS	703	3149	G	12	0	3130	23.6948881789137
A_NS	704	3134	T	27	0	3099	24.2132946111649
A_NS	705	3135	G	26	0	3057	23.9038272816487
A_NS	706	3120	G	41	0	3086	23.5719377835386
A_NS	707	3082	T	79	0	3043	23.7108116989813
A_NS	708	3127	T	34	0	3088	23.2691062176166
A_NS	709	3129	A	32	0	3089	22.9679507931369
A_NS	710	3138	A	23	0	3083	22.9000973078171
A_NS	711	3117	T	42	0	3030	22.2171617161716
A_NS	712	3127	T	32	0	3071	22.7619667860632
A_NS	713	3081	G	78	0	3012	22.5504648074369
A_NS	714	2969	A	190	0	2938	23.0884955752212
A_NS	715	3081	A	78	0	3017	23.651309247597
A_NS	716	3120	G	39	0	3060	24.0281045751634
A_NS	717	3120	A	39	0	3082	24.3436080467229
A_NS	718	3151	A	8	0	3045	24.5720853858785
A_NS	719	3150	A	9	0	3117	26.5871029836381
A_NS	720	3149	T	10	0	3131	25.9048227403385
A_NS	721	2998	A	161	0	2937	25.2737487231869
A_NS	722	2962	C	197	0	2904	24.7971763085399
A_NS	723	3081	G	78	0	3025	22.660826446281
A_NS	724	3109	G	50	0	3073	22.6589651806053
A_NS	725	3132	C	27	0	3099	22.7786382704098
A_NS	726	3147	A	12	0	3139	23.6129340554317
A_NS	727	3128	C	31	0	3103	25.4689010634869
A_NS	728	3148	A	11	0	3133	24.728056176189
A_NS	729	3128	G	31	0	3064	24.5832245430809
A_NS	730	3138	A	21	0	3079	23.6388437804482
A_NS	731	3147	T	11	0	3126	23.4347408829175
A_NS	732	3155	T	3	0	3131	23.5161290322581
A_NS	733	3155	G	3	0	3117	23.2617901828681
A_NS	734	3103	A	55	0	3070	24.5097719869707
A_NS	735	3154	A	4	0	3146	25.7199618563255
A_NS	736	3157	A	1	0	3127	27.0169491525424
A_NS	737	3153	G	5	0	3134	27.6783663050415
A_NS	738	3154	C	4	0	3127	26.1768468180365
A_NS	739	3143	G	15	0	3031	24.010227647641
A_NS	740	3133	A	25	0	3118	23.4364977549711
A_NS	741	3147	C	11	0	3116	23.6649550706033
A_NS	742	3067	A	91	0	3021	23.4554783184376
A_NS	743	3038	G	119	0	3009	23.6892655367232
A_NS	744	3107	A	50	0	3084	22.9173151750973
A_NS	745	3123	G	34	0	3092	25.9149417852523
A_NS	746	3084	A	73	0	3035	25.4948929159802
A_NS	747	3121	A	36	0	3046	24.2642810242942
A_NS	748	3131	T	26	0	3036	23.1811594202899
A_NS	749	3130	A	27	0	3061	22.8931721659588
A_NS	750	3126	G	31	0	3049	22.312889471958
A_NS	751	3093	T	64	0	3017	22.5720914816042
A_NS	752	3115	T	42	0	3056	23.3039921465969
A_NS	753	3094	T	63	0	3078	24.811241065627
A_NS	754	3053	C	104	0	2949	25.2061715835877
A_NS	755	3079	G	77	0	2932	22.2332878581173
A_NS	756	3141	A	15	0	3112	21.2438946015424
A_NS	757	3148	A	8	0	3130	21.3038338658147
A_NS	758	3148	C	8	0	3125	21.75264
A_NS	759	3137	A	19	0	3112	24.4228791773779
A_NS	760	3152	A	4	0	3117	24.3705486044273
A_NS	761	3154	A	2	0	3128	24.7058823529412
A_NS	762	3151	T	5	0	3129	24.1665068712049
A_NS	763	3149	A	7	0	3135	23.9968102073365
A_NS	764	3150	A	6	0	3131	23.9568827850527
A_NS	765	3147	C	9	0	3132	24.2049808429119
A_NS	766	3141	A	15	0	3123	24.6868395773295
A_NS	767	3133	T	23	0	3109	24.3248633000965
A_NS	768	3150	T	6	0	3136	24.7273596938776
A_NS	769	3153	T	3	0	3137	25.4721071087026
A_NS	770	3150	A	6	0	3120	24.761858974359
A_NS	771	3149	T	7	0	3121	24.5911566805511
A_NS	772	3142	G	14	0	3116	24.4139922978177
A_NS	773	3109	C	47	0	3048	24.1571522309711
A_NS	774	3137	A	19	0	3114	24.2026332691073
A_NS	775	3146	A	10	0	3114	23.7906229929351
A_NS	776	3146	G	10	0	3121	23.7766741429029
A_NS	777	3132	C	24	0	3120	24.3714743589744
A_NS	778	3140	C	16	0	3105	24.3159420289855
A_NS	779	3124	T	32	0	3094	25.0213316095669
A_NS	780	3135	T	21	0	3103	26.1869158878505
A_NS	781	3121	A	35	0	3100	23.7635483870968
A_NS	782	3135	C	21	0	3102	24.5912314635719
A_NS	783	3135	A	21	0	3098	24.1723692704971
A_NS	784	3148	A	8	0	3130	24.1760383386581
A_NS	785	3149	C	7	0	3122	24.9887892376682
A_NS	786	3146	T	10	0	3075	24.8871544715447
A_NS	787	3141	A	15	0	3125	25.15584
A_NS	788	3148	C	8	0	3125	25.216
A_NS	789	3151	T	5	0	3114	25.2703917790623
A_NS	790	3144	G	12	0	3124	25.9923175416133
A_NS	791	3141	C	15	0	3129	26.0572067753276
A_NS	792	3136	T	20	0	3124	26.8159411011524
A_NS	793	3153	T	3	0	3118	26.7671584348942
A_NS	794	3136	G	20	0	3061	26.2897745834695
A_NS	795	3111	A	45	0	3088	26.651878238342
A_NS	796	3146	A	10	0	3126	26.8128598848369
A_NS	797	3104	G	52	0	3060	26.6356209150327
A_NS	798	3103	T	53	0	3011	25.1969445366988
A_NS	799	3102	A	54	0	3072	24.0026041666667
A_NS	800	3079	G	77	0	3004	23.1484687083888
A_NS	801	3092	A	64	0	3080	23.1428571428571
A_NS	802	3060	G	96	0	3030	23.8300330033003
A_NS	803	3079	C	77	0	3012	24.6430942895086
A_NS	804	3102	A	54	0	3070	24.4693811074919
A_NS	805	3106	A	50	0	3076	23.7750325097529
A_NS	806	3106	G	50	0	3060	23.6323529411765
A_NS	807	3141	A	15	0	3124	24.3761203585147
A_NS	808	3130	G	26	0	3072	29.1689453125
A_NS	809	3141	A	15	0	3125	24.80672
A_NS	810	3133	T	22	0	3121	23.0775392502403
A_NS	811	3094	A	61	0	3071	22.4724845327255
A_NS	812	3098	A	57	0	3075	21.9652032520325
A_NS	813	3084	G	70	0	3041	21.6392634001973
A_NS	814	3133	A	21	0	3121	22.8221723806472
A_NS	815	3136	G	18	0	3126	23.564619321817
A_NS	816	3142	C	12	0	3121	23.5975648830503
A_NS	817	3083	T	71	0	3051	24.3759423139954
A_NS	818	3131	T	23	0	3095	24.853957996769
A_NS	819	3130	T	24	0	3105	26.1826086956522
A_NS	820	3122	C	32	0	3083	24.9234511839118
A_NS	821	3146	T	8	0	3126	24.4792066538708
A_NS	822	3111	C	43	0	2937	22.4664623765747
A_NS	823	3147	G	7	0	3126	20.6513115802943
A_NS	824	3134	T	20	0	3110	20.8614147909968
A_NS	825	3150	T	4	0	3139	20.9184453647658
A_NS	826	3153	T	1	0	3139	24.7435489009239
A_NS	827	3146	C	7	0	3103	24.6226232678053
A_NS	828	3152	A	0	0	3143	24.0006363347121
A_NS	829	3142	G	8	0	3139	23.8193692258681
A_NS	830	3146	C	4	0	3133	23.6466645387807
A_NS	831	3147	T	1	0	3137	24.1628944851769
A_NS	832	3146	T	0	0	3122	24.4218449711723
A_NS	833	3136	A	0	0	3116	23.890243902439
A_NS	834	3134	T	0	0	3113	24.0388692579505
A_NS	835	3131	T	0	0	3121	23.9474527395066
A_NS	836	3108	T	0	0	3097	23.6596706490152
A_NS	837	3092	A	0	0	3092	23.8185640362225
A_NS	838	3070	A	0	0	3070	24.2680781758958
