Reference_Name	Position	Coverage Depth	Consensus	Deletions	Ambiguous	Consensus_Count	Consensus_Average_Quality
A_PA	1	44	N	0	0	44	34.7045454545455
A_PA	2	44	N	0	0	44	39.9772727272727
A_PA	3	49	N	0	0	49	38.7755102040816
A_PA	4	50	N	0	0	49	36.0408163265306
A_PA	5	50	A	0	0	50	34.6
A_PA	6	50	A	0	0	50	35.72
A_PA	7	50	N	0	0	49	31.6938775510204
A_PA	8	50	A	0	0	50	28.48
A_PA	9	50	C	0	0	50	28.06
A_PA	10	50	T	0	0	50	24.96
A_PA	11	50	N	0	0	48	25.3333333333333
A_PA	12	50	T	0	0	50	27.34
A_PA	13	48	N	2	0	48	25.7083333333333
A_PA	14	50	T	0	0	50	28.62
A_PA	15	50	G	0	0	50	27.66
A_PA	16	50	N	0	0	48	26.8958333333333
A_PA	17	50	N	0	0	49	26.8163265306122
A_PA	18	50	A	0	0	50	27.56
A_PA	19	50	N	0	0	49	27.7755102040816
A_PA	20	50	A	0	0	50	27.02
A_PA	21	50	A	0	0	50	27.64
A_PA	22	50	T	0	0	50	27.38
A_PA	23	50	N	0	0	49	26.5714285714286
A_PA	24	50	C	0	0	50	28.02
A_PA	25	50	N	0	0	49	28.0612244897959
A_PA	26	50	T	0	0	50	27.94
A_PA	27	50	C	0	0	50	24.58
A_PA	28	50	A	0	0	50	22.02
A_PA	29	50	A	0	0	50	21.84
A_PA	30	50	T	0	0	50	22.26
A_PA	31	50	C	0	0	50	27.12
A_PA	32	50	C	0	0	50	36.04
A_PA	33	50	A	0	0	50	33.58
A_PA	34	50	A	0	0	50	34.82
A_PA	35	50	T	0	0	50	36.24
A_PA	36	50	G	0	0	50	33.2
A_PA	37	50	A	0	0	50	34.36
A_PA	38	50	T	0	0	50	35.32
A_PA	39	50	N	0	0	49	31.9183673469388
A_PA	40	50	G	0	0	50	32.82
A_PA	41	50	T	0	0	50	31.34
A_PA	42	50	N	0	0	49	32.5102040816327
A_PA	43	50	G	0	0	50	31.84
A_PA	44	50	A	0	0	50	30.88
A_PA	45	50	G	0	0	50	29.48
A_PA	46	50	C	0	0	50	31.16
A_PA	47	50	T	0	0	50	31.92
A_PA	48	50	N	0	0	49	38.3877551020408
A_PA	49	50	N	0	0	49	35.4489795918367
A_PA	50	50	C	0	0	50	34.94
A_PA	51	50	G	0	0	50	34.86
A_PA	52	50	G	0	0	50	35
A_PA	53	49	N	1	0	49	36
A_PA	54	49	N	1	0	49	36.0408163265306
A_PA	55	49	N	1	0	49	38.469387755102
A_PA	56	50	A	0	0	50	36.18
A_PA	57	50	G	0	0	50	44.1
A_PA	58	50	G	0	0	50	38.48
A_PA	59	50	C	0	0	50	39.1
A_PA	60	50	N	0	0	49	35.4489795918367
A_PA	61	50	A	0	0	50	34.08
A_PA	62	50	N	0	0	48	32.1458333333333
A_PA	63	49	N	1	0	49	33.4081632653061
A_PA	64	49	N	1	0	48	36.1458333333333
A_PA	65	47	N	3	0	47	41.1914893617021
A_PA	66	47	N	3	0	47	40.3829787234043
A_PA	67	48	N	2	0	46	40.2391304347826
A_PA	68	48	N	2	0	47	38.7659574468085
A_PA	69	49	N	1	0	48	35.1458333333333
A_PA	70	49	N	1	0	48	32.9375
A_PA	71	49	N	1	0	48	30.9375
A_PA	72	49	N	1	0	49	32.7755102040816
A_PA	73	46	N	4	0	46	30.0652173913043
A_PA	74	50	G	0	0	50	29.88
A_PA	75	50	G	0	0	50	31.32
A_PA	76	48	N	2	0	48	39.75
A_PA	77	47	N	3	0	47	39.8936170212766
A_PA	78	50	A	0	0	50	40
A_PA	79	50	N	0	0	47	35.0425531914894
A_PA	80	50	N	0	0	49	32.8979591836735
A_PA	81	50	N	0	0	49	33.530612244898
A_PA	82	45	N	5	0	45	31.9111111111111
A_PA	83	50	N	0	0	48	33.5416666666667
A_PA	84	50	N	0	0	46	31.304347826087
A_PA	85	47	N	3	0	40	26.4
A_PA	86	50	A	0	0	50	29.26
A_PA	87	50	N	0	0	49	30.3673469387755
A_PA	88	50	N	0	0	49	37.1224489795918
A_PA	89	50	N	0	0	49	41.1632653061224
A_PA	90	50	N	0	0	47	42.1914893617021
A_PA	91	50	N	0	0	48	35.3958333333333
A_PA	92	50	A	0	0	50	32.62
A_PA	93	50	A	0	0	50	35.1
A_PA	94	50	A	0	0	50	36.6
A_PA	95	50	N	0	0	49	47.3265306122449
A_PA	96	50	N	0	0	48	37.6875
A_PA	97	50	N	0	0	48	36.0208333333333
A_PA	98	50	A	0	0	50	35.62
A_PA	99	50	T	0	0	50	34.82
A_PA	100	50	N	0	0	49	33.734693877551
A_PA	101	50	A	0	0	50	32.6
A_PA	102	50	G	0	0	50	34.02
A_PA	103	50	N	0	0	49	34.5102040816327
A_PA	104	50	T	0	0	50	35.98
A_PA	105	50	N	0	0	49	37.1428571428571
A_PA	106	50	N	0	0	48	35.3541666666667
A_PA	107	50	C	0	0	50	34.74
A_PA	108	50	N	0	0	49	36.0816326530612
A_PA	109	50	G	0	0	50	31.7
A_PA	110	50	N	0	0	48	38.7916666666667
A_PA	111	50	A	0	0	50	36.44
A_PA	112	50	N	0	0	48	39.1041666666667
A_PA	113	50	N	0	0	49	37.9387755102041
A_PA	114	50	T	0	0	50	35.3
A_PA	115	50	T	0	0	50	36.88
A_PA	116	50	N	0	0	49	33.1428571428571
A_PA	117	49	N	1	0	49	36.265306122449
A_PA	118	49	N	1	0	49	39.8163265306122
A_PA	119	49	N	1	0	48	37.1875
A_PA	120	49	N	1	0	49	45.4897959183673
A_PA	121	49	N	1	0	49	58.469387755102
A_PA	122	49	N	1	0	49	29.8775510204082
A_PA	123	49	N	1	0	49	31.1020408163265
A_PA	124	50	T	0	0	50	29.68
A_PA	125	50	T	0	0	50	28.8
A_PA	126	50	G	0	0	50	31.38
A_PA	127	50	N	0	0	49	36.5510204081633
A_PA	128	50	A	0	0	50	33.12
A_PA	129	50	A	0	0	50	32.56
A_PA	130	50	G	0	0	50	34.48
A_PA	131	50	N	0	0	49	34.1224489795918
A_PA	132	49	N	1	0	49	33.265306122449
A_PA	133	48	N	2	0	48	40.625
A_PA	134	48	N	2	0	48	33.7291666666667
A_PA	135	49	N	1	0	48	33.2708333333333
A_PA	136	49	N	1	0	49	29.3265306122449
A_PA	137	49	N	1	0	48	32.25
A_PA	138	49	N	1	0	47	31.7446808510638
A_PA	139	49	N	1	0	49	32.5714285714286
A_PA	140	50	N	0	0	49	37.1224489795918
A_PA	141	50	N	0	0	48	32.6041666666667
A_PA	142	50	T	0	0	50	33.76
A_PA	143	50	N	0	0	49	29.9387755102041
A_PA	144	50	T	0	0	50	32.7
A_PA	145	50	T	0	0	50	32.56
A_PA	146	48	N	2	0	48	29.8958333333333
A_PA	147	50	N	0	0	49	32.6734693877551
A_PA	148	50	N	0	0	49	31.6938775510204
A_PA	149	49	N	1	0	49	29.6530612244898
A_PA	150	50	T	0	0	50	32.9
A_PA	151	49	N	1	0	49	35.9795918367347
A_PA	152	49	N	1	0	49	34.9591836734694
A_PA	153	49	N	1	0	49	38.4897959183673
A_PA	154	50	C	0	0	50	37.7
A_PA	155	50	A	0	0	50	29.82
A_PA	156	50	T	0	0	50	35.42
A_PA	157	50	N	0	0	48	34.375
A_PA	158	50	T	0	0	50	34.62
A_PA	159	50	N	0	0	49	34.0204081632653
A_PA	160	50	A	0	0	50	32.74
A_PA	161	50	N	0	0	48	33.3125
A_PA	162	50	N	0	0	48	33.625
A_PA	163	50	N	0	0	49	32.3469387755102
A_PA	164	50	A	0	0	50	38.22
A_PA	165	50	T	0	0	50	37.7
A_PA	166	50	N	0	0	49	32.469387755102
A_PA	167	50	N	0	0	49	32.4285714285714
A_PA	168	50	A	0	0	50	32.3
A_PA	169	50	C	0	0	50	30.48
A_PA	170	49	N	1	0	49	30.6530612244898
A_PA	171	50	G	0	0	50	30.44
A_PA	172	50	G	0	0	50	28.88
A_PA	173	50	G	0	0	50	33.82
A_PA	174	50	T	0	0	50	34.98
A_PA	175	50	N	0	0	48	30.625
A_PA	176	50	A	0	0	50	31.84
A_PA	177	50	A	0	0	50	32.86
A_PA	178	50	N	0	0	49	32.9795918367347
A_PA	179	50	N	0	0	49	32.530612244898
A_PA	180	50	N	0	0	49	31.9183673469388
A_PA	181	50	A	0	0	50	31.2
A_PA	182	50	N	0	0	49	31.8775510204082
A_PA	183	49	N	1	0	49	28.4285714285714
A_PA	184	50	N	0	0	49	29.0816326530612
A_PA	185	49	N	1	0	48	30.7291666666667
A_PA	186	48	N	2	0	48	27.8541666666667
A_PA	187	48	N	2	0	47	27.5957446808511
A_PA	188	48	N	2	0	47	30.3191489361702
A_PA	189	49	N	1	0	49	30.734693877551
A_PA	190	49	N	1	0	46	26.0434782608696
A_PA	191	50	A	0	0	50	26.48
A_PA	192	50	A	0	0	50	27.9
A_PA	193	50	N	0	0	48	28.5208333333333
A_PA	194	49	N	1	0	46	27.0652173913043
A_PA	195	50	T	0	0	50	26.76
A_PA	196	50	G	0	0	50	26.44
A_PA	197	50	G	0	0	50	25.96
A_PA	198	50	N	0	0	49	32.8163265306122
A_PA	199	50	N	0	0	49	29.4285714285714
A_PA	200	50	A	0	0	50	30.62
A_PA	201	50	T	0	0	50	32.46
A_PA	202	50	N	0	0	48	31.5
A_PA	203	50	C	0	0	50	35.72
A_PA	204	50	A	0	0	50	34.94
A_PA	205	50	A	0	0	50	36.84
A_PA	206	50	A	0	0	50	36.96
A_PA	207	50	T	0	0	50	39.26
A_PA	208	50	G	0	0	50	36.16
A_PA	209	50	C	0	0	50	37.58
A_PA	210	50	A	0	0	50	35.52
A_PA	211	50	C	0	0	50	36.58
A_PA	212	50	N	0	0	49	36.3061224489796
A_PA	213	50	A	0	0	50	35.26
A_PA	214	50	T	0	0	50	35.12
A_PA	215	50	N	0	0	47	36.3404255319149
A_PA	216	50	G	0	0	50	32.74
A_PA	217	50	A	0	0	50	34.34
A_PA	218	50	N	0	0	49	34.3061224489796
A_PA	219	50	G	0	0	50	37.64
A_PA	220	50	C	0	0	50	37.76
A_PA	221	50	A	0	0	50	34.94
A_PA	222	50	C	0	0	50	35.34
A_PA	223	50	C	0	0	50	34.56
A_PA	224	49	N	1	0	47	33.4042553191489
A_PA	225	50	A	0	0	50	31.54
A_PA	226	47	N	3	0	47	28.8723404255319
A_PA	227	50	T	0	0	50	30.68
A_PA	228	50	N	0	0	49	36.5102040816327
A_PA	229	49	N	1	0	47	34.0851063829787
A_PA	230	50	A	0	0	50	34
A_PA	231	49	N	1	0	48	37
A_PA	232	50	A	0	0	50	35.58
A_PA	233	50	N	0	0	49	39.8979591836735
A_PA	234	50	N	0	0	49	36.6734693877551
A_PA	235	50	A	0	0	50	39.82
A_PA	236	50	T	0	0	50	39.36
A_PA	237	50	N	0	0	49	37
A_PA	238	50	N	0	0	49	31.7142857142857
A_PA	239	50	N	0	0	49	31.469387755102
A_PA	240	49	N	1	0	49	32.5102040816327
A_PA	241	49	N	1	0	49	32.1428571428571
A_PA	242	50	G	0	0	50	31.68
A_PA	243	49	N	1	0	49	29.4489795918367
A_PA	244	50	N	0	0	49	27.6530612244898
A_PA	245	50	N	0	0	46	28.304347826087
A_PA	246	48	N	2	0	48	28.2916666666667
A_PA	247	50	N	0	0	49	37.8775510204082
A_PA	248	50	N	0	0	48	27.1458333333333
A_PA	249	50	N	0	0	49	26.9591836734694
A_PA	250	47	N	3	0	45	25
A_PA	251	44	N	6	0	43	22.1395348837209
A_PA	252	50	A	0	0	50	22.42
A_PA	253	50	A	0	0	50	22.46
A_PA	254	50	T	0	0	50	23.22
A_PA	255	50	C	0	0	50	26.6
A_PA	256	50	A	0	0	50	28.34
A_PA	257	50	T	0	0	50	30.18
A_PA	258	50	G	0	0	50	27.76
A_PA	259	50	G	0	0	50	28.38
A_PA	260	50	C	0	0	50	29.28
A_PA	261	50	C	0	0	50	28.5
A_PA	262	50	T	0	0	50	29.32
A_PA	263	50	G	0	0	50	29.98
A_PA	264	50	G	0	0	50	29.84
A_PA	265	50	A	0	0	50	32.8
A_PA	266	50	N	0	0	49	33.4489795918367
A_PA	267	50	N	0	0	49	30.7142857142857
A_PA	268	50	G	0	0	50	28.2
A_PA	269	50	N	0	0	49	30.1020408163265
A_PA	270	50	N	0	0	49	28.530612244898
A_PA	271	50	G	0	0	50	32.86
A_PA	272	50	T	0	0	50	32.06
A_PA	273	50	G	0	0	50	32.76
A_PA	274	50	A	0	0	50	32.86
A_PA	275	50	N	0	0	49	35.3061224489796
A_PA	276	50	N	0	0	49	36.4897959183673
A_PA	277	50	A	0	0	50	34.28
A_PA	278	50	G	0	0	50	36.14
A_PA	279	48	N	2	0	47	35.4042553191489
A_PA	280	48	N	2	0	48	32.9583333333333
A_PA	281	50	N	0	0	49	35.0816326530612
A_PA	282	50	A	0	0	50	36.78
A_PA	283	50	T	0	0	50	35.44
A_PA	284	50	G	0	0	50	35.36
A_PA	285	50	N	0	0	48	32.9375
A_PA	286	50	A	0	0	50	32.54
A_PA	287	50	N	0	0	48	33.1458333333333
A_PA	288	50	C	0	0	50	33.38
A_PA	289	50	A	0	0	50	33.6
A_PA	290	50	C	0	0	50	44.94
A_PA	291	50	A	0	0	50	33.02
A_PA	292	50	A	0	0	50	31.68
A_PA	293	50	C	0	0	50	33.22
A_PA	294	50	A	0	0	50	32.7
A_PA	295	49	N	1	0	49	39.2244897959184
A_PA	296	50	G	0	0	50	37.16
A_PA	297	50	N	0	0	48	36.4583333333333
A_PA	298	50	N	0	0	49	40.3673469387755
A_PA	299	50	T	0	0	50	37.62
A_PA	300	45	N	5	0	45	32.9333333333333
A_PA	301	48	N	2	0	47	28
A_PA	302	50	A	0	0	50	28.86
A_PA	303	50	N	0	0	49	36.0204081632653
A_PA	304	49	N	1	0	48	48.3958333333333
A_PA	305	49	N	1	0	48	33.625
A_PA	306	50	G	0	0	50	31.32
A_PA	307	49	N	1	0	49	33.2857142857143
A_PA	308	50	C	0	0	50	31.2
A_PA	309	50	T	0	0	50	35.02
A_PA	310	50	A	0	0	50	32.98
A_PA	311	50	N	0	0	49	30.0816326530612
A_PA	312	49	N	1	0	48	33.3333333333333
A_PA	313	48	N	2	0	47	44.4042553191489
A_PA	314	48	N	2	0	48	40.1875
A_PA	315	50	N	0	0	49	37.5510204081633
A_PA	316	49	N	1	0	49	34.3877551020408
A_PA	317	49	N	1	0	49	39.4285714285714
A_PA	318	48	N	2	0	47	39.7446808510638
A_PA	319	47	N	3	0	46	36.4782608695652
A_PA	320	49	N	1	0	47	41.6808510638298
A_PA	321	50	N	0	0	48	38.3541666666667
A_PA	322	50	N	0	0	48	36.7916666666667
A_PA	323	50	A	0	0	50	33.04
A_PA	324	47	N	3	0	47	36.1914893617021
A_PA	325	50	T	0	0	50	34.68
A_PA	326	50	N	0	0	49	41.3265306122449
A_PA	327	50	G	0	0	50	34.14
A_PA	328	50	T	0	0	50	35.62
A_PA	329	50	A	0	0	50	34.62
A_PA	330	50	T	0	0	50	34.82
A_PA	331	50	N	0	0	49	34.2040816326531
A_PA	332	50	N	0	0	49	34.5102040816327
A_PA	333	50	N	0	0	49	41.3061224489796
A_PA	334	50	T	0	0	50	36.34
A_PA	335	50	A	0	0	50	33.36
A_PA	336	50	N	0	0	49	37.734693877551
A_PA	337	49	N	1	0	49	33.1020408163265
A_PA	338	50	N	0	0	48	31.2083333333333
A_PA	339	50	N	0	0	49	33.9183673469388
A_PA	340	50	N	0	0	49	35.4489795918367
A_PA	341	50	A	0	0	50	36.2
A_PA	342	49	N	1	0	49	40.6734693877551
A_PA	343	50	N	0	0	49	34.7142857142857
A_PA	344	50	A	0	0	50	34.88
A_PA	345	50	C	0	0	50	30.7
A_PA	346	50	C	0	0	50	33.42
A_PA	347	50	G	0	0	50	31.42
A_PA	348	50	G	0	0	50	32.58
A_PA	349	50	T	0	0	50	31.26
A_PA	350	50	T	0	0	50	31.28
A_PA	351	50	C	0	0	50	34.22
A_PA	352	50	A	0	0	50	30.68
A_PA	353	50	T	0	0	50	31.16
A_PA	354	50	T	0	0	50	35.64
A_PA	355	50	G	0	0	50	34.4
A_PA	356	49	N	1	0	49	33.734693877551
A_PA	357	50	A	0	0	50	32.88
A_PA	358	50	N	0	0	49	33.7755102040816
A_PA	359	50	T	0	0	50	42.34
A_PA	360	50	T	0	0	50	37.1
A_PA	361	50	G	0	0	50	31.8
A_PA	362	50	G	0	0	50	32.92
A_PA	363	50	A	0	0	50	33.14
A_PA	364	50	N	0	0	49	33.469387755102
A_PA	365	50	T	0	0	50	30.2
A_PA	366	50	N	0	0	48	32.6458333333333
A_PA	367	50	N	0	0	49	34.6938775510204
A_PA	368	50	N	0	0	49	36.6122448979592
A_PA	369	50	N	0	0	48	34.0208333333333
A_PA	370	48	N	2	0	47	36.7659574468085
A_PA	371	49	N	1	0	48	29.6666666666667
A_PA	372	49	N	1	0	48	30.5416666666667
A_PA	373	50	A	0	0	50	33.72
A_PA	374	50	N	0	0	49	36.3877551020408
A_PA	375	49	N	1	0	49	52
A_PA	376	48	N	2	0	48	61.9375
A_PA	377	49	N	1	0	49	50.6122448979592
A_PA	378	49	N	1	0	49	34.6122448979592
A_PA	379	49	N	1	0	49	30.3061224489796
A_PA	380	49	N	1	0	49	32.2857142857143
A_PA	381	48	N	2	0	48	31.375
A_PA	382	50	C	0	0	50	32.58
A_PA	383	50	A	0	0	50	31.22
A_PA	384	50	C	0	0	50	35.62
A_PA	385	50	A	0	0	50	37.82
A_PA	386	50	N	0	0	49	35.8163265306122
A_PA	387	50	N	0	0	49	35.3061224489796
A_PA	388	50	T	0	0	50	41.46
A_PA	389	50	N	0	0	49	56.3265306122449
A_PA	390	50	N	0	0	49	44.3877551020408
A_PA	391	49	N	1	0	49	35.9795918367347
A_PA	392	49	N	1	0	49	31.4285714285714
A_PA	393	50	C	0	0	50	30.9
A_PA	394	50	C	0	0	50	31.24
A_PA	395	50	T	0	0	50	29.08
A_PA	396	48	N	2	0	45	32.0666666666667
A_PA	397	48	N	2	0	46	31.4130434782609
A_PA	398	49	N	1	0	49	32.0204081632653
A_PA	399	49	N	1	0	48	41.2083333333333
A_PA	400	50	A	0	0	50	47.24
A_PA	401	50	A	0	0	50	34.64
A_PA	402	50	N	0	0	49	35.8163265306122
A_PA	403	50	N	0	0	49	39.6734693877551
A_PA	404	50	C	0	0	50	38.1
A_PA	405	50	C	0	0	50	37.9
A_PA	406	50	A	0	0	50	35.28
A_PA	407	50	A	0	0	50	34.66
A_PA	408	50	C	0	0	50	35.36
A_PA	409	50	A	0	0	50	32.72
A_PA	410	50	A	0	0	50	33.94
A_PA	411	50	A	0	0	50	37.7
A_PA	412	50	A	0	0	50	39.06
A_PA	413	50	T	0	0	50	41.4
A_PA	414	49	N	1	0	48	36.7291666666667
A_PA	415	50	A	0	0	50	36.76
A_PA	416	50	A	0	0	50	39.4
A_PA	417	50	N	0	0	49	37.6938775510204
A_PA	418	50	N	0	0	49	38.1632653061224
A_PA	419	50	C	0	0	50	31.56
A_PA	420	50	N	0	0	49	31.8979591836735
A_PA	421	49	N	1	0	49	28.2040816326531
A_PA	422	49	N	1	0	49	27.3469387755102
A_PA	423	50	N	0	0	49	29.734693877551
A_PA	424	50	A	0	0	50	29.76
A_PA	425	50	A	0	0	50	32.98
A_PA	426	49	N	1	0	48	31.875
A_PA	427	50	A	0	0	50	33.88
A_PA	428	50	C	0	0	50	36.46
A_PA	429	50	A	0	0	50	32.38
A_PA	430	50	C	0	0	50	46.36
A_PA	431	50	A	0	0	50	54.6
A_PA	432	49	N	1	0	49	54.6326530612245
A_PA	433	50	N	0	0	49	41.8775510204082
A_PA	434	50	N	0	0	49	34.8367346938776
A_PA	435	50	T	0	0	50	32.82
A_PA	436	50	N	0	0	49	34.2857142857143
A_PA	437	50	A	0	0	50	37.86
A_PA	438	50	C	0	0	50	35.12
A_PA	439	50	A	0	0	50	33.4
A_PA	440	50	T	0	0	50	40.32
A_PA	441	50	N	0	0	49	35.5918367346939
A_PA	442	42	N	8	0	42	38.8095238095238
A_PA	443	50	N	0	0	49	39.3061224489796
A_PA	444	50	N	0	0	47	38.1489361702128
A_PA	445	50	T	0	0	50	32.92
A_PA	446	50	C	0	0	50	31.88
A_PA	447	50	A	0	0	50	32.52
A_PA	448	50	T	0	0	50	34.56
A_PA	449	50	T	0	0	50	35.72
A_PA	450	50	C	0	0	50	38.42
A_PA	451	50	A	0	0	50	38.3
A_PA	452	50	C	0	0	50	39.78
A_PA	453	49	N	1	0	49	39.4489795918367
A_PA	454	50	G	0	0	50	37.06
A_PA	455	49	N	1	0	49	36.3673469387755
A_PA	456	49	N	1	0	49	35.8367346938776
A_PA	457	50	N	0	0	49	35.6530612244898
A_PA	458	50	A	0	0	50	45.18
A_PA	459	50	G	0	0	50	38.9
A_PA	460	50	G	0	0	50	32.32
A_PA	461	50	A	0	0	50	31.3
A_PA	462	50	G	0	0	50	33.56
A_PA	463	50	A	0	0	50	32.9
A_PA	464	50	T	0	0	50	33.14
A_PA	465	50	G	0	0	50	31.78
A_PA	466	50	G	0	0	50	35.62
A_PA	467	50	C	0	0	50	36.04
A_PA	468	50	C	0	0	50	36.04
A_PA	469	50	A	0	0	50	33.78
A_PA	470	50	C	0	0	50	34.5
A_PA	471	50	N	0	0	49	30.9795918367347
A_PA	472	50	A	0	0	50	30.24
A_PA	473	50	A	0	0	50	34.96
A_PA	474	50	A	0	0	50	33.7
A_PA	475	50	N	0	0	49	32.0204081632653
A_PA	476	50	C	0	0	50	29.24
A_PA	477	50	G	0	0	50	27.7
A_PA	478	50	G	0	0	50	27.74
A_PA	479	50	N	0	0	49	28.2857142857143
A_PA	480	50	N	0	0	49	30.0204081632653
A_PA	481	50	T	0	0	50	32.68
A_PA	482	50	A	0	0	50	29.46
A_PA	483	50	C	0	0	50	33.8
A_PA	484	50	N	0	0	49	30.2244897959184
A_PA	485	50	C	0	0	50	34.08
A_PA	486	50	C	0	0	50	31.7
A_PA	487	50	C	0	0	50	30.16
A_PA	488	50	T	0	0	50	32.82
A_PA	489	50	T	0	0	50	30.92
A_PA	490	50	G	0	0	50	28.78
A_PA	491	50	A	0	0	50	27.62
A_PA	492	50	C	0	0	50	28.6
A_PA	493	49	N	1	0	48	28.0416666666667
A_PA	494	49	N	1	0	49	26.6530612244898
A_PA	495	50	A	0	0	50	26.28
A_PA	496	50	N	0	0	49	25.5510204081633
A_PA	497	50	A	0	0	50	29.04
A_PA	498	50	G	0	0	50	29.26
A_PA	499	49	N	1	0	49	43.0612244897959
A_PA	500	49	N	1	0	49	28.265306122449
A_PA	501	48	N	2	0	48	26.4166666666667
A_PA	502	49	N	1	0	47	23
A_PA	503	47	N	3	0	45	22.3777777777778
A_PA	504	50	A	0	0	50	22.82
A_PA	505	50	G	0	0	50	21.9
A_PA	506	50	C	0	0	50	23.7
A_PA	507	49	N	1	0	48	24.9375
A_PA	508	49	N	1	0	49	22.7551020408163
A_PA	509	50	N	0	0	49	24.1224489795918
A_PA	510	50	N	0	0	49	25.5918367346939
A_PA	511	50	A	0	0	50	24.56
A_PA	512	50	T	0	0	50	26.92
A_PA	513	50	N	0	0	49	26.6530612244898
A_PA	514	49	N	1	0	49	26.3469387755102
A_PA	515	50	A	0	0	50	25.44
A_PA	516	50	A	0	0	50	29.72
A_PA	517	50	A	0	0	50	30.36
A_PA	518	50	C	0	0	50	29.12
A_PA	519	50	N	0	0	49	29.9387755102041
A_PA	520	50	N	0	0	48	26.7916666666667
A_PA	521	50	G	0	0	50	26.46
A_PA	522	50	G	0	0	50	26.32
A_PA	523	50	C	0	0	50	29.14
A_PA	524	50	T	0	0	50	29.6
A_PA	525	50	T	0	0	50	31.6
A_PA	526	50	N	0	0	49	35.6938775510204
A_PA	527	50	T	0	0	50	35.66
A_PA	528	50	C	0	0	50	31.52
A_PA	529	50	A	0	0	50	29.92
A_PA	530	50	C	0	0	50	32.02
A_PA	531	50	N	0	0	49	32.0204081632653
A_PA	532	50	A	0	0	50	31.62
A_PA	533	50	T	0	0	50	31.38
A_PA	534	50	A	0	0	50	29.54
A_PA	535	50	A	0	0	50	26.72
A_PA	536	50	G	0	0	50	26.28
A_PA	537	50	A	0	0	50	29.3
A_PA	538	50	C	0	0	50	27.98
A_PA	539	50	A	0	0	50	30.7
A_PA	540	50	A	0	0	50	30.18
A_PA	541	50	G	0	0	50	29.78
A_PA	542	50	A	0	0	50	34.48
A_PA	543	50	A	0	0	50	37.82
A_PA	544	50	A	0	0	50	35.94
A_PA	545	50	T	0	0	50	31.62
A_PA	546	50	G	0	0	50	34
A_PA	547	50	G	0	0	50	32.22
A_PA	548	50	N	0	0	49	35.3265306122449
A_PA	549	50	C	0	0	50	34.76
A_PA	550	50	A	0	0	50	33.96
A_PA	551	50	G	0	0	50	35.68
A_PA	552	48	N	2	0	47	34.6595744680851
A_PA	553	50	A	0	0	50	32.04
A_PA	554	50	G	0	0	50	33.08
A_PA	555	50	N	0	0	49	33.3061224489796
A_PA	556	50	A	0	0	50	34.2
A_PA	557	50	G	0	0	50	33.94
A_PA	558	50	T	0	0	50	33.14
A_PA	559	49	N	1	0	49	30.1428571428571
A_PA	560	43	N	7	0	42	30.5
A_PA	561	50	A	0	0	50	30.1
A_PA	562	50	N	0	0	48	28.3125
A_PA	563	49	N	1	0	48	27.25
A_PA	564	50	G	0	0	50	26.76
A_PA	565	49	N	1	0	48	28.6875
A_PA	566	49	N	1	0	49	34.6326530612245
A_PA	567	50	N	0	0	49	32.6938775510204
A_PA	568	50	T	0	0	50	31.24
A_PA	569	49	N	1	0	48	31.2916666666667
A_PA	570	50	C	0	0	50	29.78
A_PA	571	49	N	1	0	48	30.4375
A_PA	572	50	T	0	0	50	30.56
A_PA	573	50	T	0	0	50	30.46
A_PA	574	49	N	1	0	47	25.6170212765957
A_PA	575	50	G	0	0	50	23.7
A_PA	576	50	T	0	0	50	25.08
A_PA	577	50	N	0	0	48	24.3958333333333
A_PA	578	48	N	2	0	47	22.9787234042553
A_PA	579	50	G	0	0	50	22.78
A_PA	580	50	T	0	0	50	21.56
A_PA	581	50	C	0	0	50	23.58
A_PA	582	50	C	0	0	50	27.8
A_PA	583	50	G	0	0	50	23.34
A_PA	584	49	N	1	0	49	23.7755102040816
A_PA	585	50	A	0	0	50	24.16
A_PA	586	50	N	0	0	49	25
A_PA	587	50	G	0	0	50	30.8
A_PA	588	50	N	0	0	49	27.7551020408163
A_PA	589	50	G	0	0	50	27.54
A_PA	590	50	G	0	0	50	27.1
A_PA	591	50	N	0	0	49	30.3673469387755
A_PA	592	49	N	1	0	49	25.5510204081633
A_PA	593	49	N	1	0	49	25.4081632653061
A_PA	594	50	A	0	0	50	24.92
A_PA	595	50	G	0	0	50	25.44
A_PA	596	50	A	0	0	50	27.76
A_PA	597	48	N	2	0	48	41.375
A_PA	598	50	A	0	0	50	30.98
A_PA	599	50	N	0	0	49	28.2244897959184
A_PA	600	50	N	0	0	48	22.8125
A_PA	601	50	A	0	0	50	23.24
A_PA	602	50	T	0	0	50	22.18
A_PA	603	50	N	0	0	48	24.5416666666667
A_PA	604	50	N	0	0	49	28.469387755102
A_PA	605	50	A	0	0	50	28.94
A_PA	606	50	A	0	0	50	30.04
A_PA	607	50	N	0	0	49	31.8367346938776
A_PA	608	50	A	0	0	50	29.96
A_PA	609	50	A	0	0	50	31.98
A_PA	610	50	A	0	0	50	34.66
A_PA	611	50	A	0	0	50	32.74
A_PA	612	50	G	0	0	50	30.68
A_PA	613	50	N	0	0	49	31.8979591836735
A_PA	614	50	N	0	0	49	30.6326530612245
A_PA	615	50	N	0	0	49	28.9183673469388
A_PA	616	49	N	1	0	49	26.4081632653061
A_PA	617	50	A	0	0	50	28.08
A_PA	618	50	N	0	0	49	26.6938775510204
A_PA	619	50	A	0	0	50	26.98
A_PA	620	50	T	0	0	50	27.54
A_PA	621	50	T	0	0	50	26.74
A_PA	622	50	N	0	0	49	25.6326530612245
A_PA	623	50	N	0	0	49	26.1020408163265
A_PA	624	49	N	1	0	49	24.0612244897959
A_PA	625	49	N	1	0	49	24.3061224489796
A_PA	626	50	G	0	0	50	26.66
A_PA	627	49	N	1	0	49	26.5102040816327
A_PA	628	50	A	0	0	50	28.96
A_PA	629	50	N	0	0	48	29.3541666666667
A_PA	630	50	N	0	0	48	28
A_PA	631	50	A	0	0	50	29.2
A_PA	632	50	T	0	0	50	26.44
A_PA	633	50	G	0	0	50	28.74
A_PA	634	50	C	0	0	50	28.58
A_PA	635	49	N	1	0	49	27.2448979591837
A_PA	636	50	N	0	0	49	26.1020408163265
A_PA	637	49	N	1	0	49	27.9387755102041
A_PA	638	50	N	0	0	49	27.0612244897959
A_PA	639	50	G	0	0	50	28.84
A_PA	640	50	C	0	0	50	27.2
A_PA	641	50	N	0	0	49	27.5918367346939
A_PA	642	50	N	0	0	49	27.530612244898
A_PA	643	50	N	0	0	48	26.125
A_PA	644	50	C	0	0	50	26.08
A_PA	645	50	N	0	0	49	23.3673469387755
A_PA	646	50	N	0	0	48	20.6041666666667
A_PA	647	50	A	0	0	50	20.58
A_PA	648	50	C	0	0	50	20.78
A_PA	649	50	N	0	0	48	20.7708333333333
A_PA	650	49	N	1	0	49	22.3877551020408
A_PA	651	50	N	0	0	49	23.6938775510204
A_PA	652	49	N	1	0	48	23.9791666666667
A_PA	653	49	N	1	0	47	22.4042553191489
A_PA	654	49	N	1	0	46	22.3478260869565
A_PA	655	50	C	0	0	50	20.72
A_PA	656	50	T	0	0	50	20.02
A_PA	657	46	N	4	0	45	19.6222222222222
A_PA	658	49	N	1	0	47	22.4042553191489
A_PA	659	50	C	0	0	50	20.9
A_PA	660	50	A	0	0	50	18.68
A_PA	661	50	C	0	0	50	22.3
A_PA	662	49	N	1	0	48	21.3958333333333
A_PA	663	49	N	1	0	48	21.0416666666667
A_PA	664	49	N	1	0	48	23.4791666666667
A_PA	665	49	N	1	0	49	23.9387755102041
A_PA	666	50	C	0	0	50	21.82
A_PA	667	50	T	0	0	50	22.46
A_PA	668	50	N	0	0	49	21.5510204081633
A_PA	669	50	N	0	0	49	19.1632653061224
A_PA	670	49	N	1	0	49	20.2244897959184
A_PA	671	49	N	1	0	49	19.8163265306122
A_PA	672	49	N	1	0	49	21.2244897959184
A_PA	673	49	N	1	0	48	19.625
A_PA	674	50	G	0	0	50	23.68
A_PA	675	50	N	0	0	49	22.9183673469388
A_PA	676	50	C	0	0	50	22.48
A_PA	677	50	N	0	0	48	23.1875
A_PA	678	50	T	0	0	50	23.64
A_PA	679	50	N	0	0	49	21.1632653061224
A_PA	680	50	A	0	0	50	20.96
A_PA	681	50	A	0	0	50	22.1
A_PA	682	50	A	0	0	50	23.84
A_PA	683	50	A	0	0	50	25.44
A_PA	684	50	C	0	0	50	25.62
A_PA	685	50	T	0	0	50	23.46
A_PA	686	50	T	0	0	50	23.64
A_PA	687	50	C	0	0	50	21.02
A_PA	688	50	A	0	0	50	22.2
A_PA	689	50	G	0	0	50	21.18
A_PA	690	50	A	0	0	50	21.22
A_PA	691	50	N	0	0	49	21.2448979591837
A_PA	692	50	C	0	0	50	21.3
A_PA	693	50	C	0	0	50	21.6
A_PA	694	49	N	1	0	49	21.6122448979592
A_PA	695	50	A	0	0	50	21.02
A_PA	696	50	T	0	0	50	20.68
A_PA	697	50	G	0	0	50	19.92
A_PA	698	50	N	0	0	49	17.734693877551
A_PA	699	50	A	0	0	50	17.46
A_PA	700	50	N	0	0	48	16.9375
A_PA	701	50	A	0	0	50	16.62
A_PA	702	50	T	0	0	50	18.2
A_PA	703	50	N	0	0	49	17.530612244898
A_PA	704	50	N	0	0	49	17.3469387755102
A_PA	705	50	N	0	0	49	18.8163265306122
A_PA	706	50	T	0	0	50	18.1
A_PA	707	49	N	1	0	48	17.2291666666667
A_PA	708	47	N	3	0	43	16.7674418604651
A_PA	709	49	N	1	0	47	14.9574468085106
A_PA	710	49	N	1	0	47	16.063829787234
A_PA	711	49	N	1	0	47	17
A_PA	712	48	N	2	0	48	15.875
A_PA	713	49	N	1	0	48	17.0625
A_PA	714	48	N	2	0	41	15.9024390243902
A_PA	715	50	A	0	0	50	15.6
A_PA	716	50	A	0	0	50	15.54
A_PA	717	50	N	0	0	49	16.0408163265306
A_PA	718	50	N	0	0	47	15.6382978723404
A_PA	719	50	G	0	0	50	16.34
A_PA	720	50	C	0	0	50	15.68
A_PA	721	50	T	0	0	50	16.68
A_PA	722	50	G	0	0	50	19.6
A_PA	723	50	C	0	0	50	18.94
A_PA	724	50	N	0	0	47	17.5106382978723
A_PA	725	50	N	0	0	49	15.6530612244898
A_PA	726	50	N	0	0	49	16.5102040816327
A_PA	727	50	N	0	0	49	15.530612244898
A_PA	728	50	N	0	0	48	16.125
A_PA	729	50	N	0	0	49	18.0612244897959
A_PA	730	50	G	0	0	50	17.62
A_PA	731	44	N	6	0	44	18.5681818181818
A_PA	732	44	N	6	0	43	18.7441860465116
A_PA	733	49	N	1	0	49	16.6122448979592
A_PA	734	49	N	1	0	48	16.0833333333333
A_PA	735	49	N	1	0	49	15.9591836734694
A_PA	736	50	C	0	0	50	16.04
A_PA	737	45	N	5	0	45	16.7777777777778
A_PA	738	49	N	1	0	49	17.1224489795918
A_PA	739	49	N	1	0	47	18.7021276595745
A_PA	740	49	N	1	0	49	16.469387755102
A_PA	741	50	C	0	0	50	18.22
A_PA	742	50	C	0	0	50	19.96
A_PA	743	49	N	1	0	47	19.7234042553191
A_PA	744	50	N	0	0	49	19.0204081632653
A_PA	745	50	A	0	0	50	18.74
A_PA	746	50	N	0	0	49	18.0204081632653
A_PA	747	50	G	0	0	50	17.4
A_PA	748	50	T	0	0	50	17.2
A_PA	749	49	N	1	0	49	15.5918367346939
A_PA	750	50	A	0	0	50	15.46
A_PA	751	50	A	0	0	50	16.56
A_PA	752	50	A	0	0	50	17.78
A_PA	753	50	N	0	0	49	18.5714285714286
A_PA	754	50	N	0	0	49	17.7959183673469
A_PA	755	50	A	0	0	50	17.02
A_PA	756	50	A	0	0	50	17.12
A_PA	757	50	G	0	0	50	16.64
A_PA	758	50	N	0	0	49	17.1632653061224
A_PA	759	50	G	0	0	50	16.54
A_PA	760	50	A	0	0	50	16.76
A_PA	761	50	A	0	0	50	17.12
A_PA	762	50	N	0	0	49	16.6530612244898
A_PA	763	50	N	0	0	47	16.5957446808511
A_PA	764	50	C	0	0	50	15.16
A_PA	765	50	N	0	0	49	15.1836734693878
A_PA	766	50	N	0	0	49	17.2244897959184
A_PA	767	50	A	0	0	50	19.38
A_PA	768	50	A	0	0	50	19.18
A_PA	769	50	A	0	0	50	19.24
A_PA	770	50	T	0	0	50	17.12
A_PA	771	50	N	0	0	49	17.2244897959184
A_PA	772	50	N	0	0	49	16.5102040816327
A_PA	773	50	A	0	0	50	15.96
A_PA	774	50	A	0	0	50	16.7
A_PA	775	50	C	0	0	50	17.02
A_PA	776	50	C	0	0	50	17.84
A_PA	777	50	A	0	0	50	18.72
A_PA	778	50	T	0	0	50	17.04
A_PA	779	49	N	1	0	47	17.6382978723404
A_PA	780	49	N	1	0	48	16.1041666666667
A_PA	781	50	N	0	0	49	16.8571428571429
A_PA	782	49	N	1	0	48	16.9375
A_PA	783	49	N	1	0	49	16.2857142857143
A_PA	784	50	A	0	0	50	15.9
A_PA	785	49	N	1	0	48	16.9583333333333
A_PA	786	49	N	1	0	48	16.2083333333333
A_PA	787	49	N	1	0	48	16.1666666666667
A_PA	788	49	N	1	0	49	14.9387755102041
A_PA	789	50	N	0	0	45	14.3555555555556
A_PA	790	50	A	0	0	50	13.54
A_PA	791	50	C	0	0	50	13.9
A_PA	792	49	N	1	0	49	14.1428571428571
A_PA	793	50	N	0	0	49	16.3877551020408
A_PA	794	49	N	1	0	48	16.8958333333333
A_PA	795	49	N	1	0	49	16.4285714285714
A_PA	796	49	N	1	0	49	18.3061224489796
A_PA	797	49	N	1	0	48	15.1875
A_PA	798	46	N	4	0	46	16.195652173913
A_PA	799	48	N	2	0	45	15.6666666666667
A_PA	800	50	C	0	0	50	16.22
A_PA	801	50	C	0	0	50	17.48
A_PA	802	50	C	0	0	50	19.08
A_PA	803	50	T	0	0	50	19.42
A_PA	804	50	N	0	0	48	18.875
A_PA	805	50	N	0	0	48	18.5625
A_PA	806	50	G	0	0	50	17.2
A_PA	807	50	A	0	0	50	16.26
A_PA	808	50	N	0	0	49	15.6326530612245
A_PA	809	50	T	0	0	50	15.1
A_PA	810	50	A	0	0	50	14.94
A_PA	811	50	C	0	0	50	15.76
A_PA	812	49	N	1	0	49	16.3469387755102
A_PA	813	48	N	2	0	48	18.4166666666667
A_PA	814	49	N	1	0	49	18.3877551020408
A_PA	815	50	N	0	0	49	17.1836734693878
A_PA	816	50	T	0	0	50	16.42
A_PA	817	50	G	0	0	50	16.2
A_PA	818	50	G	0	0	50	16.12
A_PA	819	50	N	0	0	49	17.0816326530612
A_PA	820	50	C	0	0	50	17.96
A_PA	821	50	N	0	0	49	18.0204081632653
A_PA	822	50	T	0	0	50	18.22
A_PA	823	50	N	0	0	49	18.6122448979592
A_PA	824	48	N	2	0	47	18.3404255319149
A_PA	825	48	N	2	0	48	17.3541666666667
A_PA	826	49	N	1	0	47	18.4255319148936
A_PA	827	49	N	1	0	48	16.7916666666667
A_PA	828	50	C	0	0	50	17
A_PA	829	50	C	0	0	50	17.74
A_PA	830	50	A	0	0	50	16.52
A_PA	831	50	N	0	0	49	15.4489795918367
A_PA	832	50	N	0	0	49	15.1428571428571
A_PA	833	50	A	0	0	50	14.92
A_PA	834	50	G	0	0	50	15.46
A_PA	835	50	N	0	0	48	16.2291666666667
A_PA	836	50	N	0	0	45	13.6666666666667
A_PA	837	50	G	0	0	50	13.38
A_PA	838	50	N	0	0	49	13.7551020408163
A_PA	839	45	N	5	0	41	14.6341463414634
A_PA	840	48	N	2	0	47	13.936170212766
A_PA	841	50	A	0	0	50	13.72
A_PA	842	48	N	2	0	48	13.6041666666667
A_PA	843	48	N	2	0	45	14.3333333333333
A_PA	844	47	N	3	0	45	15.2
A_PA	845	48	N	2	0	47	14.4042553191489
A_PA	846	48	N	2	0	47	13.8510638297872
A_PA	847	50	N	0	0	49	16.2448979591837
A_PA	848	50	N	0	0	49	17.5102040816327
A_PA	849	50	N	0	0	49	19.6326530612245
A_PA	850	50	C	0	0	50	18.98
A_PA	851	49	N	1	0	45	18.7555555555556
A_PA	852	49	N	1	0	48	18.0416666666667
A_PA	853	49	N	1	0	49	16.0816326530612
A_PA	854	49	N	1	0	49	15.8979591836735
A_PA	855	49	N	1	0	49	15.7551020408163
A_PA	856	50	N	0	0	49	15.530612244898
A_PA	857	50	A	0	0	50	15.66
A_PA	858	50	T	0	0	50	15.66
A_PA	859	50	N	0	0	46	15.7608695652174
A_PA	860	50	N	0	0	49	15.8775510204082
A_PA	861	50	T	0	0	50	16.28
A_PA	862	49	N	1	0	49	17.1020408163265
A_PA	863	50	T	0	0	50	17.72
A_PA	864	50	G	0	0	50	18.06
A_PA	865	48	N	2	0	47	18.6382978723404
A_PA	866	50	N	0	0	49	18.1020408163265
A_PA	867	50	N	0	0	48	17.2708333333333
A_PA	868	50	N	0	0	48	16.5625
A_PA	869	50	N	0	0	49	16.3061224489796
A_PA	870	50	N	0	0	49	15.2244897959184
A_PA	871	50	A	0	0	50	15.5
A_PA	872	50	G	0	0	50	16.16
A_PA	873	50	C	0	0	50	16.38
A_PA	874	50	N	0	0	49	16.4489795918367
A_PA	875	50	T	0	0	50	15.44
A_PA	876	50	T	0	0	50	15.84
A_PA	877	50	G	0	0	50	14.9
A_PA	878	49	N	1	0	49	15.5102040816327
A_PA	879	50	A	0	0	50	16.84
A_PA	880	48	N	2	0	47	17.0851063829787
A_PA	881	50	N	0	0	49	16.7755102040816
A_PA	882	50	N	0	0	48	16.9375
A_PA	883	50	C	0	0	50	16.5
A_PA	884	50	C	0	0	50	16.4
A_PA	885	47	N	3	0	43	15.7441860465116
A_PA	886	50	A	0	0	50	14.5
A_PA	887	50	N	0	0	49	14.6530612244898
A_PA	888	50	N	0	0	49	14.6122448979592
A_PA	889	50	C	0	0	50	16.32
A_PA	890	50	A	0	0	50	16.38
A_PA	891	50	C	0	0	50	15.82
A_PA	892	47	N	3	0	46	14.0217391304348
A_PA	893	48	N	2	0	48	13.2291666666667
A_PA	894	29	N	21	0	28	11.1428571428571
A_PA	895	47	N	3	0	47	13.6170212765957
A_PA	896	50	G	0	0	50	16.64
A_PA	897	50	N	0	0	46	17.6739130434783
A_PA	898	50	N	0	0	45	17.7333333333333
A_PA	899	47	N	3	0	41	17.3414634146341
A_PA	900	50	N	0	0	49	15.0612244897959
A_PA	901	50	G	0	0	50	14.86
A_PA	902	50	G	0	0	50	14.78
A_PA	903	50	N	0	0	49	15.3265306122449
A_PA	904	50	A	0	0	50	15.66
A_PA	905	50	T	0	0	50	14.24
A_PA	906	48	N	2	0	48	14.2916666666667
A_PA	907	50	N	0	0	49	14.1836734693878
A_PA	908	50	C	0	0	50	14.36
A_PA	909	49	N	1	0	49	16.5510204081633
A_PA	910	49	N	1	0	49	18.3061224489796
A_PA	911	49	N	1	0	49	16.3877551020408
A_PA	912	49	N	1	0	49	15.734693877551
A_PA	913	50	T	0	0	50	14.58
A_PA	914	50	N	0	0	49	15.3877551020408
A_PA	915	50	N	0	0	48	15.5833333333333
A_PA	916	50	N	0	0	49	15.4489795918367
A_PA	917	50	A	0	0	50	16.3
A_PA	918	50	T	0	0	50	16.12
A_PA	919	50	G	0	0	50	16.64
A_PA	920	50	N	0	0	49	16.4489795918367
A_PA	921	50	A	0	0	50	16.54
A_PA	922	50	A	0	0	50	16.72
A_PA	923	50	T	0	0	50	16
A_PA	924	50	C	0	0	50	15.48
A_PA	925	49	N	1	0	47	16.3404255319149
A_PA	926	50	A	0	0	50	16.38
A_PA	927	50	A	0	0	50	18.58
A_PA	928	50	N	0	0	49	19.0204081632653
A_PA	929	50	N	0	0	49	17.3265306122449
A_PA	930	50	C	0	0	50	17.14
A_PA	931	50	A	0	0	50	15.4
A_PA	932	50	T	0	0	50	14.2
A_PA	933	50	G	0	0	50	14.26
A_PA	934	50	A	0	0	50	14.44
A_PA	935	50	A	0	0	50	14.7
A_PA	936	50	G	0	0	50	15.82
A_PA	937	50	A	0	0	50	16.46
A_PA	938	49	N	1	0	49	17.5510204081633
A_PA	939	50	A	0	0	50	16.98
A_PA	940	50	T	0	0	50	17.1
A_PA	941	50	T	0	0	50	17.22
A_PA	942	50	C	0	0	50	18.9
A_PA	943	50	T	0	0	50	17.98
A_PA	944	50	T	0	0	50	18.76
A_PA	945	50	T	0	0	50	19.84
A_PA	946	50	N	0	0	49	18.6122448979592
A_PA	947	50	N	0	0	49	18.5714285714286
A_PA	948	49	N	1	0	49	18.5714285714286
A_PA	949	50	N	0	0	49	18.5714285714286
A_PA	950	50	N	0	0	49	19.2040816326531
A_PA	951	50	G	0	0	50	19.08
A_PA	952	50	A	0	0	50	18.4
A_PA	953	50	A	0	0	50	18.86
A_PA	954	50	A	0	0	50	19.3
A_PA	955	50	G	0	0	50	19.14
A_PA	956	49	N	1	0	49	18.4897959183673
A_PA	957	50	N	0	0	49	17.469387755102
A_PA	958	50	C	0	0	50	17.86
A_PA	959	50	C	0	0	50	18.52
A_PA	960	50	N	0	0	49	18.1224489795918
A_PA	961	50	A	0	0	50	17.64
A_PA	962	50	A	0	0	50	17.56
A_PA	963	50	N	0	0	49	17.7142857142857
A_PA	964	50	A	0	0	50	18.6
A_PA	965	49	N	1	0	49	17.1632653061224
A_PA	966	50	A	0	0	50	15.2
A_PA	967	50	G	0	0	50	14.82
A_PA	968	50	T	0	0	50	13.82
A_PA	969	50	N	0	0	49	14.2040816326531
A_PA	970	50	A	0	0	50	14.24
A_PA	971	50	A	0	0	50	14.62
A_PA	972	50	N	0	0	49	16.9183673469388
A_PA	973	50	N	0	0	49	17.4285714285714
A_PA	974	50	C	0	0	50	18.56
A_PA	975	50	A	0	0	50	18.62
A_PA	976	50	C	0	0	50	19.54
A_PA	977	50	A	0	0	50	18.18
A_PA	978	50	T	0	0	50	17.14
A_PA	979	49	N	1	0	49	17.2857142857143
A_PA	980	50	A	0	0	50	16.68
A_PA	981	50	G	0	0	50	16.78
A_PA	982	50	A	0	0	50	16.68
A_PA	983	50	A	0	0	50	16.78
A_PA	984	50	A	0	0	50	16.96
A_PA	985	50	G	0	0	50	17.64
A_PA	986	50	G	0	0	50	17.62
A_PA	987	50	N	0	0	46	16.0217391304348
A_PA	988	50	G	0	0	50	14.22
A_PA	989	49	N	1	0	48	13.8541666666667
A_PA	990	49	N	1	0	48	13.9791666666667
A_PA	991	49	N	1	0	49	14.3469387755102
A_PA	992	50	A	0	0	50	16.66
A_PA	993	50	T	0	0	50	16.86
A_PA	994	49	N	1	0	48	16.875
A_PA	995	50	N	0	0	49	16.4897959183673
A_PA	996	50	N	0	0	49	17.8979591836735
A_PA	997	49	N	1	0	49	18.4489795918367
A_PA	998	50	A	0	0	50	17.32
A_PA	999	50	T	0	0	50	16.12
A_PA	1000	50	T	0	0	50	15.92
A_PA	1001	50	A	0	0	50	15.4
A_PA	1002	49	N	1	0	49	16.2040816326531
A_PA	1003	49	N	1	0	49	17.2448979591837
A_PA	1004	49	N	1	0	49	18.3265306122449
A_PA	1005	49	N	1	0	49	19.469387755102
A_PA	1006	50	A	0	0	50	17.42
A_PA	1007	50	T	0	0	50	16.66
A_PA	1008	50	G	0	0	50	16.94
A_PA	1009	50	G	0	0	50	16.72
A_PA	1010	50	C	0	0	50	18.38
A_PA	1011	50	T	0	0	50	18.16
A_PA	1012	50	T	0	0	50	18.54
A_PA	1013	50	G	0	0	50	18.84
A_PA	1014	50	G	0	0	50	19.06
A_PA	1015	89	A	2	0	89	18.4157303370787
A_PA	1016	91	A	0	0	90	18.8666666666667
A_PA	1017	91	G	0	0	91	18.010989010989
A_PA	1018	91	C	0	0	90	18.3444444444444
A_PA	1019	91	A	0	0	89	18.4494382022472
A_PA	1020	90	G	1	0	90	18.6666666666667
A_PA	1021	91	G	0	0	91	17.978021978022
A_PA	1022	91	T	0	0	91	17.7692307692308
A_PA	1023	91	G	0	0	91	17.8461538461538
A_PA	1024	92	C	0	0	92	17.6304347826087
A_PA	1025	92	T	0	0	92	17.195652173913
A_PA	1026	92	A	0	0	89	16.3483146067416
A_PA	1027	92	G	0	0	91	16.1098901098901
A_PA	1028	92	T	0	0	67	14.2985074626866
A_PA	1029	91	A	1	0	88	15.8181818181818
A_PA	1030	92	G	0	0	89	15.3820224719101
A_PA	1031	92	A	0	0	91	14.7802197802198
A_PA	1032	92	G	0	0	92	15.4347826086957
A_PA	1033	92	C	0	0	92	15.2065217391304
A_PA	1034	91	T	1	0	91	15.6813186813187
A_PA	1035	90	A	2	0	89	15.3932584269663
A_PA	1036	92	C	0	0	92	15.7717391304348
A_PA	1037	92	A	0	0	92	15.195652173913
A_PA	1038	90	G	2	0	90	15.6555555555556
A_PA	1039	92	G	0	0	92	16.1304347826087
A_PA	1040	92	A	0	0	92	16
A_PA	1041	92	C	0	0	92	16.3152173913043
A_PA	1042	92	A	0	0	92	15.6739130434783
A_PA	1043	90	T	2	0	89	15.8876404494382
A_PA	1044	92	T	0	0	92	15.7173913043478
A_PA	1045	92	G	0	0	91	15.6593406593407
A_PA	1046	89	A	3	0	88	16.2727272727273
A_PA	1047	92	A	0	0	89	16.4606741573034
A_PA	1048	92	A	0	0	92	16.5869565217391
A_PA	1049	92	A	0	0	90	17.1
A_PA	1050	91	T	1	0	90	16.3777777777778
A_PA	1051	92	G	0	0	91	16.0549450549451
A_PA	1052	92	A	0	0	92	16.1847826086957
A_PA	1053	92	A	0	0	91	16.1978021978022
A_PA	1054	92	G	0	0	90	16.0444444444444
A_PA	1055	91	A	1	0	91	16.5274725274725
A_PA	1056	91	G	1	0	88	17.4772727272727
A_PA	1057	88	A	4	0	87	17.3908045977011
A_PA	1058	90	A	2	0	90	16.9111111111111
A_PA	1059	91	G	1	0	89	16.9550561797753
A_PA	1060	91	A	1	0	91	16.6813186813187
A_PA	1061	92	T	0	0	92	15.75
A_PA	1062	89	C	3	0	89	15.9438202247191
A_PA	1063	91	C	1	0	90	16.1888888888889
A_PA	1064	91	C	1	0	90	17.1666666666667
A_PA	1065	90	A	2	0	90	17.8555555555556
A_PA	1066	91	A	1	0	91	17.7252747252747
A_PA	1067	92	G	0	0	89	16.8651685393258
A_PA	1068	92	G	0	0	91	17.0769230769231
A_PA	1069	92	A	0	0	92	16.8695652173913
A_PA	1070	92	C	0	0	90	17.2666666666667
A_PA	1071	91	A	1	0	89	17.8876404494382
A_PA	1072	91	A	1	0	91	17.6373626373626
A_PA	1073	91	A	1	0	91	18.4725274725275
A_PA	1074	91	G	1	0	91	18.3076923076923
A_PA	1075	91	A	1	0	90	17.8
A_PA	1076	92	A	0	0	92	17.9347826086957
A_PA	1077	92	C	0	0	91	17.7142857142857
A_PA	1078	91	A	1	0	91	17.1868131868132
A_PA	1079	92	T	0	0	92	16.1630434782609
A_PA	1080	92	G	0	0	90	16.1555555555556
A_PA	1081	92	A	0	0	92	16.0326086956522
A_PA	1082	92	A	0	0	90	16.2222222222222
A_PA	1083	91	G	1	0	90	17.5333333333333
A_PA	1084	91	A	1	0	91	17.956043956044
A_PA	1085	92	A	0	0	91	18.0659340659341
A_PA	1086	92	A	0	0	91	18.7142857142857
A_PA	1087	91	A	1	0	90	19.3222222222222
A_PA	1088	91	C	1	0	90	18.3444444444444
A_PA	1089	92	A	0	0	90	17.1444444444444
A_PA	1090	92	A	0	0	92	16.9565217391304
A_PA	1091	92	G	0	0	92	16.5652173913043
A_PA	1092	92	C	0	0	92	16.9021739130435
A_PA	1093	91	C	1	0	90	17.2666666666667
A_PA	1094	90	A	2	0	90	17.2666666666667
A_PA	1095	90	A	2	0	90	17.1111111111111
A_PA	1096	90	T	2	0	90	15.1666666666667
A_PA	1097	91	T	1	0	91	15.4725274725275
A_PA	1098	91	G	1	0	90	15.2222222222222
A_PA	1099	91	A	1	0	90	15.6444444444444
A_PA	1100	90	A	2	0	90	16.9555555555556
A_PA	1101	89	G	3	0	88	15.9090909090909
A_PA	1102	90	T	2	0	89	16.4606741573034
A_PA	1103	89	G	3	0	89	16.752808988764
A_PA	1104	90	G	2	0	90	16.8888888888889
A_PA	1105	91	G	1	0	91	17.6923076923077
A_PA	1106	91	C	1	0	90	17.7555555555556
A_PA	1107	91	A	1	0	89	17.2359550561798
A_PA	1108	91	C	1	0	89	17.5056179775281
A_PA	1109	91	T	1	0	91	17.0989010989011
A_PA	1110	83	C	9	0	79	16.0632911392405
A_PA	1111	89	G	3	0	76	14.3947368421053
A_PA	1112	91	G	1	0	91	13.989010989011
A_PA	1113	92	T	0	0	91	14.032967032967
A_PA	1114	91	G	1	0	90	14.7444444444444
A_PA	1115	92	A	0	0	88	16.0909090909091
A_PA	1116	92	A	0	0	92	15.7391304347826
A_PA	1117	91	A	1	0	89	15.9662921348315
A_PA	1118	90	A	2	0	85	16.8705882352941
A_PA	1119	90	T	2	0	88	15.6022727272727
A_PA	1120	90	A	2	0	83	15.1084337349398
A_PA	1121	90	T	2	0	90	15.1444444444444
A_PA	1122	89	G	3	0	86	14.3720930232558
A_PA	1123	91	G	1	0	87	14.7471264367816
A_PA	1124	92	C	0	0	91	15.7472527472527
A_PA	1125	92	A	0	0	91	16.2527472527473
A_PA	1126	88	C	4	0	88	16.625
A_PA	1127	88	C	4	0	88	17.2159090909091
A_PA	1128	87	A	5	0	87	16.5057471264368
A_PA	1129	87	G	5	0	86	16.5813953488372
A_PA	1130	88	A	4	0	87	17.6206896551724
A_PA	1131	92	A	0	0	91	17.2197802197802
A_PA	1132	92	A	0	0	91	17.1208791208791
A_PA	1133	92	A	0	0	91	17.978021978022
A_PA	1134	91	A	1	0	91	17.6703296703297
A_PA	1135	91	G	1	0	90	16.8777777777778
A_PA	1136	91	T	1	0	91	16.4725274725275
A_PA	1137	90	G	2	0	89	17.1797752808989
A_PA	1138	92	G	0	0	91	17.2637362637363
A_PA	1139	92	A	0	0	91	17.8681318681319
A_PA	1140	92	C	0	0	91	18.0549450549451
A_PA	1141	91	T	1	0	89	18.561797752809
A_PA	1142	92	T	0	0	92	18.0978260869565
A_PA	1143	92	T	0	0	90	18.7555555555556
A_PA	1144	92	G	0	0	89	17.9550561797753
A_PA	1145	92	A	0	0	91	16.6373626373626
A_PA	1146	92	T	0	0	91	16.8461538461538
A_PA	1147	92	G	0	0	91	16.1538461538462
A_PA	1148	92	A	0	0	92	15.7934782608696
A_PA	1149	91	C	1	0	90	16.4444444444444
A_PA	1150	91	T	1	0	90	16.4222222222222
A_PA	1151	91	G	1	0	91	16.5384615384615
A_PA	1152	90	T	2	0	88	15.2613636363636
A_PA	1153	91	A	1	0	87	15.2413793103448
A_PA	1154	91	A	1	0	90	15
A_PA	1155	92	A	0	0	92	15.4673913043478
A_PA	1156	92	G	0	0	91	17.1208791208791
A_PA	1157	92	A	0	0	91	16.5494505494506
A_PA	1158	92	T	0	0	92	16.4891304347826
A_PA	1159	90	G	2	0	90	16.3333333333333
A_PA	1160	91	T	1	0	88	15.8977272727273
A_PA	1161	90	T	2	0	90	15.9
A_PA	1162	90	G	2	0	90	15.9111111111111
A_PA	1163	91	G	1	0	89	16.2134831460674
A_PA	1164	91	A	1	0	91	17.5274725274725
A_PA	1165	92	G	0	0	92	17.0434782608696
A_PA	1166	92	A	0	0	92	17.0108695652174
A_PA	1167	92	C	0	0	90	17.3111111111111
A_PA	1168	92	C	0	0	92	17.1086956521739
A_PA	1169	91	T	1	0	91	17.1098901098901
A_PA	1170	91	T	1	0	91	17.7472527472527
A_PA	1171	87	A	5	0	87	15.8850574712644
A_PA	1172	90	A	2	0	90	15.6555555555556
A_PA	1173	92	A	0	0	92	16.0217391304348
A_PA	1174	92	C	0	0	89	16.8651685393258
A_PA	1175	92	A	0	0	92	16.5434782608696
A_PA	1176	91	G	1	0	90	16.6444444444444
A_PA	1177	90	T	2	0	90	14.5555555555556
A_PA	1178	91	A	1	0	91	13.989010989011
A_PA	1179	91	T	1	0	91	13.5714285714286
A_PA	1180	91	G	1	0	91	13.7032967032967
A_PA	1181	91	A	1	0	89	15.2921348314607
A_PA	1182	92	C	0	0	92	16.4239130434783
A_PA	1183	92	A	0	0	92	17.8804347826087
A_PA	1184	92	G	0	0	92	17.6413043478261
A_PA	1185	93	T	0	0	93	17.1935483870968
A_PA	1186	93	G	0	0	93	16.8817204301075
A_PA	1187	93	A	0	0	92	16.0434782608696
A_PA	1188	93	T	0	0	93	15.6989247311828
A_PA	1189	93	G	0	0	89	15.2022471910112
A_PA	1190	93	A	0	0	92	14.945652173913
A_PA	1191	92	G	1	0	92	15.1413043478261
A_PA	1192	93	C	0	0	93	15.8387096774194
A_PA	1193	93	C	0	0	93	17.2258064516129
A_PA	1194	93	A	0	0	93	17.1505376344086
A_PA	1195	93	G	0	0	92	16.7826086956522
A_PA	1196	93	A	0	0	92	16.2717391304348
A_PA	1197	90	G	3	0	89	16.6292134831461
A_PA	1198	92	C	1	0	92	16.5978260869565
A_PA	1199	93	C	0	0	92	17.2065217391304
A_PA	1200	92	C	1	0	91	18.4945054945055
A_PA	1201	92	A	1	0	91	18.5714285714286
A_PA	1202	92	G	1	0	90	18
A_PA	1203	92	A	1	0	90	17.1444444444444
A_PA	1204	87	T	6	0	86	16.2558139534884
A_PA	1205	88	C	5	0	86	16.0348837209302
A_PA	1206	93	T	0	0	92	16.1739130434783
A_PA	1207	92	C	1	0	91	16.6703296703297
A_PA	1208	91	T	2	0	88	18.1704545454545
A_PA	1209	93	A	0	0	92	16.3913043478261
A_PA	1210	91	G	2	0	90	16.0222222222222
A_PA	1211	92	C	1	0	92	16.304347826087
A_PA	1212	93	A	0	0	93	16.3118279569892
A_PA	1213	92	A	1	0	92	15.7826086956522
A_PA	1214	92	G	1	0	92	16.054347826087
A_PA	1215	92	C	1	0	91	16.2857142857143
A_PA	1216	93	T	0	0	93	17.3333333333333
A_PA	1217	90	G	3	0	89	18.0786516853933
A_PA	1218	93	G	0	0	92	18.0326086956522
A_PA	1219	93	G	0	0	93	16.8172043010753
A_PA	1220	93	T	0	0	93	16.1182795698925
A_PA	1221	93	C	0	0	88	15.9318181818182
A_PA	1222	93	C	0	0	93	15.9462365591398
A_PA	1223	91	A	2	0	90	16.0222222222222
A_PA	1224	93	A	0	0	93	16.8279569892473
A_PA	1225	93	A	0	0	93	17.3333333333333
A_PA	1226	93	A	0	0	92	18.1847826086957
A_PA	1227	93	T	0	0	91	17.6153846153846
A_PA	1228	92	G	1	0	92	16.3260869565217
A_PA	1229	93	A	0	0	92	15.8260869565217
A_PA	1230	93	A	0	0	91	15.4285714285714
A_PA	1231	93	T	0	0	91	14.956043956044
A_PA	1232	93	T	0	0	93	15.4086021505376
A_PA	1233	93	C	0	0	92	15.1195652173913
A_PA	1234	93	A	0	0	92	15.2391304347826
A_PA	1235	93	A	0	0	93	16.0537634408602
A_PA	1236	93	T	0	0	93	14.1075268817204
A_PA	1237	93	A	0	0	92	13.6521739130435
A_PA	1238	93	A	0	0	91	13.5604395604396
A_PA	1239	92	G	1	0	92	14.0217391304348
A_PA	1240	93	G	0	0	93	15.6451612903226
A_PA	1241	93	C	0	0	92	15.8586956521739
A_PA	1242	93	A	0	0	92	16.2173913043478
A_PA	1243	93	T	0	0	92	15.8152173913043
A_PA	1244	93	G	0	0	93	15.6989247311828
A_PA	1245	93	T	0	0	93	15.7741935483871
A_PA	1246	93	G	0	0	92	16.2065217391304
A_PA	1247	93	A	0	0	92	16.5108695652174
A_PA	1248	93	A	0	0	92	15.9782608695652
A_PA	1249	93	T	0	0	92	15.4239130434783
A_PA	1250	93	T	0	0	93	16.1290322580645
A_PA	1251	93	G	0	0	92	15
A_PA	1252	93	A	0	0	93	15.3440860215054
A_PA	1253	93	C	0	0	92	16.3478260869565
A_PA	1254	93	T	0	0	92	16.6195652173913
A_PA	1255	93	G	0	0	91	16.8241758241758
A_PA	1256	93	A	0	0	93	16.1075268817204
A_PA	1257	93	T	0	0	90	15.2444444444444
A_PA	1258	93	T	0	0	93	14.6236559139785
A_PA	1259	92	C	1	0	89	15.314606741573
A_PA	1260	92	A	1	0	90	14.9555555555556
A_PA	1261	93	A	0	0	93	15.9032258064516
A_PA	1262	92	G	1	0	92	16.3913043478261
A_PA	1263	92	C	1	0	92	16.7608695652174
A_PA	1264	93	T	0	0	93	17.9462365591398
A_PA	1265	92	G	1	0	92	18.3369565217391
A_PA	1266	91	G	2	0	89	18.7977528089888
A_PA	1267	92	A	1	0	92	17.7717391304348
A_PA	1268	92	T	1	0	91	16.2527472527473
A_PA	1269	92	A	1	0	92	15.7717391304348
A_PA	1270	91	G	2	0	87	15.7126436781609
A_PA	1271	93	A	0	0	90	15.8
A_PA	1272	92	A	1	0	91	16.6153846153846
A_PA	1273	91	C	2	0	90	16.5333333333333
A_PA	1274	88	T	5	0	86	16.8720930232558
A_PA	1275	92	T	1	0	91	17.0989010989011
A_PA	1276	92	G	1	0	88	16.6818181818182
A_PA	1277	92	A	1	0	92	16.2065217391304
A_PA	1278	92	T	1	0	92	16.1847826086957
A_PA	1279	92	G	1	0	91	16.0989010989011
A_PA	1280	89	A	4	0	89	16.2359550561798
A_PA	1281	91	A	2	0	89	16.4606741573034
A_PA	1282	93	A	0	0	92	17.7717391304348
A_PA	1283	93	T	0	0	92	16.5326086956522
A_PA	1284	91	A	2	0	89	15.9887640449438
A_PA	1285	91	G	2	0	90	15.6222222222222
A_PA	1286	91	G	2	0	91	15.3406593406593
A_PA	1287	92	A	1	0	91	17.2747252747253
A_PA	1288	88	G	5	0	88	17.7613636363636
A_PA	1289	88	A	5	0	86	17.7325581395349
A_PA	1290	91	A	2	0	90	17.5555555555556
A_PA	1291	91	G	2	0	82	16.8658536585366
A_PA	1292	90	A	3	0	90	16.7888888888889
A_PA	1293	90	T	3	0	88	16.1363636363636
A_PA	1294	91	G	2	0	88	15.6477272727273
A_PA	1295	89	T	4	0	87	15.2758620689655
A_PA	1296	89	T	4	0	88	15.2727272727273
A_PA	1297	86	G	7	0	85	14.8470588235294
A_PA	1298	85	C	8	0	84	15.0833333333333
A_PA	1299	89	C	4	0	87	15.632183908046
A_PA	1300	92	C	1	0	89	15.6179775280899
A_PA	1301	92	C	1	0	92	16.804347826087
A_PA	1302	89	G	4	0	83	14.5060240963855
A_PA	1303	92	A	1	0	92	14.4347826086957
A_PA	1304	92	T	1	0	92	14.5217391304348
A_PA	1305	92	T	1	0	91	15.5274725274725
A_PA	1306	92	G	1	0	92	16.6195652173913
A_PA	1307	91	A	2	0	91	16.9120879120879
A_PA	1308	92	A	1	0	91	17.4505494505494
A_PA	1309	92	C	1	0	91	17.4285714285714
A_PA	1310	92	A	1	0	91	16.8241758241758
A_PA	1311	92	T	1	0	92	14.9565217391304
A_PA	1312	92	A	1	0	92	14.695652173913
A_PA	1313	92	T	1	0	92	14.3478260869565
A_PA	1314	92	C	1	0	89	14.0112359550562
A_PA	1315	93	G	0	0	90	13.8777777777778
A_PA	1316	93	C	0	0	91	13.9010989010989
A_PA	1317	92	A	1	0	92	14.0760869565217
A_PA	1318	92	A	1	0	92	14.6195652173913
A_PA	1319	91	G	2	0	91	16.7142857142857
A_PA	1320	91	C	2	0	91	16.7142857142857
A_PA	1321	92	A	1	0	91	15.8461538461538
A_PA	1322	93	T	0	0	92	15.1304347826087
A_PA	1323	91	G	2	0	88	14.8295454545455
A_PA	1324	91	A	2	0	88	14.7840909090909
A_PA	1325	90	G	3	0	88	15.7159090909091
A_PA	1326	93	G	0	0	93	16.0752688172043
A_PA	1327	93	A	0	0	93	15.989247311828
A_PA	1328	93	G	0	0	92	16.1847826086957
A_PA	1329	91	G	2	0	90	16.3888888888889
A_PA	1330	89	A	4	0	82	16.8170731707317
A_PA	1331	93	A	0	0	93	16.5698924731183
A_PA	1332	93	C	0	0	93	15.8602150537634
A_PA	1333	93	T	0	0	92	15.4347826086957
A_PA	1334	92	A	1	0	87	15.2528735632184
A_PA	1335	91	T	2	0	86	14.9651162790698
A_PA	1336	93	T	0	0	92	14.7717391304348
A_PA	1337	93	T	0	0	89	15.7303370786517
A_PA	1338	93	T	0	0	87	17.7701149425287
A_PA	1339	92	A	1	0	89	16.2584269662921
A_PA	1340	92	C	1	0	90	15.5444444444444
A_PA	1341	93	A	0	0	92	14.7934782608696
A_PA	1342	93	G	0	0	93	14.8387096774194
A_PA	1343	92	C	1	0	92	15.8804347826087
A_PA	1344	90	A	3	0	90	16.1777777777778
A_PA	1345	91	G	2	0	91	16.2417582417582
A_PA	1346	93	A	0	0	93	16.3333333333333
A_PA	1347	93	A	0	0	93	16.8064516129032
A_PA	1348	92	G	1	0	91	15.8681318681319
A_PA	1349	93	T	0	0	93	15.9677419354839
A_PA	1350	92	G	1	0	91	16.1538461538462
A_PA	1351	93	T	0	0	93	15.4731182795699
A_PA	1352	93	C	0	0	92	15.8804347826087
A_PA	1353	93	C	0	0	93	15.7096774193548
A_PA	1354	93	C	0	0	93	18.010752688172
A_PA	1355	93	A	0	0	93	18.0860215053763
A_PA	1356	93	C	0	0	93	18.1720430107527
A_PA	1357	93	T	0	0	93	18.3225806451613
A_PA	1358	92	G	1	0	92	18.195652173913
A_PA	1359	93	C	0	0	93	18.1935483870968
A_PA	1360	93	A	0	0	93	17.8602150537634
A_PA	1361	92	G	1	0	92	18.1086956521739
A_PA	1362	93	G	0	0	93	17.5698924731183
A_PA	1363	93	G	0	0	93	17.752688172043
A_PA	1364	93	C	0	0	93	17.8924731182796
A_PA	1365	93	T	0	0	92	17.4782608695652
A_PA	1366	93	A	0	0	93	17.7311827956989
A_PA	1367	93	C	0	0	93	17.9462365591398
A_PA	1368	92	T	1	0	91	17.7692307692308
A_PA	1369	93	G	0	0	92	18.195652173913
A_PA	1370	93	A	0	0	93	18.2043010752688
A_PA	1371	93	A	0	0	93	17.494623655914
A_PA	1372	93	T	0	0	93	16.3978494623656
A_PA	1373	93	A	0	0	93	16.1720430107527
A_PA	1374	93	C	0	0	93	15.9677419354839
A_PA	1375	93	A	0	0	93	15.7311827956989
A_PA	1376	93	T	0	0	93	15.9569892473118
A_PA	1377	93	A	0	0	93	15.5806451612903
A_PA	1378	93	A	0	0	93	15.3870967741935
A_PA	1379	93	T	0	0	93	15.6344086021505
A_PA	1380	93	G	0	0	93	16.1075268817204
A_PA	1381	93	A	0	0	93	15.9032258064516
A_PA	1382	93	A	0	0	93	15.9354838709677
A_PA	1383	92	G	1	0	92	16.3804347826087
A_PA	1384	93	G	0	0	93	16.5591397849462
A_PA	1385	93	G	0	0	93	16.2795698924731
A_PA	1386	93	A	0	0	92	17.1739130434783
A_PA	1387	93	G	0	0	93	16.4086021505376
A_PA	1388	93	T	0	0	93	16.3763440860215
A_PA	1389	93	G	0	0	93	16.6451612903226
A_PA	1390	93	T	0	0	91	16.0659340659341
A_PA	1391	93	A	0	0	93	16.2688172043011
A_PA	1392	93	C	0	0	93	16.3978494623656
A_PA	1393	93	A	0	0	92	16.3695652173913
A_PA	1394	93	T	0	0	92	16.0652173913043
A_PA	1395	92	A	1	0	89	15.7078651685393
A_PA	1396	93	A	0	0	92	15.0652173913043
A_PA	1397	93	A	0	0	92	15.554347826087
A_PA	1398	93	T	0	0	93	15.9139784946237
A_PA	1399	93	A	0	0	93	15.2688172043011
A_PA	1400	92	C	1	0	91	15
A_PA	1401	93	G	0	0	92	13.1847826086957
A_PA	1402	93	G	0	0	93	13.5913978494624
A_PA	1403	92	C	1	0	92	13.8478260869565
A_PA	1404	93	C	0	0	92	14.9130434782609
A_PA	1405	93	T	0	0	92	17.6304347826087
A_PA	1406	93	T	0	0	91	19.8461538461538
A_PA	1407	93	G	0	0	93	17.8494623655914
A_PA	1408	92	C	1	0	91	17.5274725274725
A_PA	1409	90	T	3	0	88	17.4772727272727
A_PA	1410	92	T	1	0	91	16.4835164835165
A_PA	1411	90	A	3	0	87	16.2298850574713
A_PA	1412	92	A	1	0	92	15.804347826087
A_PA	1413	93	T	0	0	92	15.7065217391304
A_PA	1414	93	G	0	0	93	15.741935483871
A_PA	1415	93	C	0	0	88	16.3863636363636
A_PA	1416	93	A	0	0	93	16.0860215053763
A_PA	1417	93	T	0	0	92	16.2934782608696
A_PA	1418	92	C	1	0	91	16.2967032967033
A_PA	1419	92	C	1	0	92	16.3695652173913
A_PA	1420	92	T	1	0	92	17.4130434782609
A_PA	1421	92	G	1	0	91	18.6043956043956
A_PA	1422	92	T	1	0	92	18.1413043478261
A_PA	1423	92	G	1	0	92	17.9891304347826
A_PA	1424	92	C	1	0	91	17.7692307692308
A_PA	1425	92	A	1	0	92	17.6086956521739
A_PA	1426	93	G	0	0	92	17.75
A_PA	1427	93	C	0	0	93	17.3333333333333
A_PA	1428	93	C	0	0	91	17.2197802197802
A_PA	1429	93	A	0	0	93	16.6236559139785
A_PA	1430	93	T	0	0	93	16.1720430107527
A_PA	1431	92	G	1	0	91	15.3626373626374
A_PA	1432	93	G	0	0	92	14.6739130434783
A_PA	1433	93	A	0	0	92	14.8695652173913
A_PA	1434	93	T	0	0	90	15.3444444444444
A_PA	1435	92	G	1	0	88	15.3068181818182
A_PA	1436	92	A	1	0	91	15.8351648351648
A_PA	1437	92	C	1	0	91	16.1208791208791
A_PA	1438	89	T	4	0	88	16.2159090909091
A_PA	1439	92	T	1	0	91	16.2527472527473
A_PA	1440	93	T	0	0	93	16.8924731182796
A_PA	1441	92	C	1	0	91	16.2967032967033
A_PA	1442	92	A	1	0	92	16.5108695652174
A_PA	1443	93	G	0	0	92	17.0326086956522
A_PA	1444	92	C	1	0	92	17.304347826087
A_PA	1445	93	T	0	0	89	17.4719101123596
A_PA	1446	92	G	1	0	91	17.1648351648352
A_PA	1447	93	A	0	0	92	16.1630434782609
A_PA	1448	93	T	0	0	93	15.0752688172043
A_PA	1449	93	T	0	0	93	15.1935483870968
A_PA	1450	92	C	1	0	91	15.2527472527473
A_PA	1451	92	C	1	0	92	16.2608695652174
A_PA	1452	93	A	0	0	92	17.2282608695652
A_PA	1453	93	A	0	0	93	17.3010752688172
A_PA	1454	93	T	0	0	92	16.2826086956522
A_PA	1455	93	G	0	0	93	15.9677419354839
A_PA	1456	93	A	0	0	92	15.445652173913
A_PA	1457	93	T	0	0	92	15.1195652173913
A_PA	1458	93	A	0	0	92	15.4673913043478
A_PA	1459	93	A	0	0	93	15.2043010752688
A_PA	1460	93	G	0	0	92	15.4565217391304
A_PA	1461	93	C	0	0	92	16.8369565217391
A_PA	1462	93	A	0	0	92	17.2391304347826
A_PA	1463	93	A	0	0	93	16.9139784946237
A_PA	1464	92	A	1	0	92	18.1630434782609
A_PA	1465	92	T	1	0	92	17.4891304347826
A_PA	1466	93	G	0	0	93	16.9569892473118
A_PA	1467	93	T	0	0	92	15.4891304347826
A_PA	1468	93	A	0	0	92	14.3369565217391
A_PA	1469	93	G	0	0	93	13.9784946236559
A_PA	1470	90	G	3	0	90	13.9555555555556
A_PA	1471	90	A	3	0	89	14.8426966292135
A_PA	1472	92	C	1	0	90	14.7
A_PA	1473	93	C	0	0	93	15.6989247311828
A_PA	1474	89	A	4	0	88	17.1590909090909
A_PA	1475	92	A	1	0	92	17.2717391304348
A_PA	1476	92	A	1	0	90	17.4555555555556
A_PA	1477	91	G	2	0	89	17.4157303370787
A_PA	1478	92	A	1	0	92	17.6086956521739
A_PA	1479	90	A	3	0	87	17.3563218390805
A_PA	1480	90	G	3	0	88	16.9886363636364
A_PA	1481	91	G	2	0	89	17
A_PA	1482	93	A	0	0	93	16.8924731182796
A_PA	1483	93	A	0	0	92	16.804347826087
A_PA	1484	93	G	0	0	91	15.5714285714286
A_PA	1485	92	A	1	0	91	15.3516483516484
A_PA	1486	93	C	0	0	90	14.2666666666667
A_PA	1487	93	G	0	0	92	12.7826086956522
A_PA	1488	92	G	1	0	90	12.6888888888889
A_PA	1489	91	A	2	0	91	13.0769230769231
A_PA	1490	93	A	0	0	92	14.6521739130435
A_PA	1491	93	A	0	0	91	18.3736263736264
A_PA	1492	92	A	1	0	90	19.3777777777778
A_PA	1493	91	C	2	0	88	18.5340909090909
A_PA	1494	93	A	0	0	93	17.9247311827957
A_PA	1495	93	A	0	0	93	17.5806451612903
A_PA	1496	93	A	0	0	92	18.0217391304348
A_PA	1497	93	C	0	0	91	17.7802197802198
A_PA	1498	93	C	0	0	93	17.6559139784946
A_PA	1499	92	T	1	0	88	18.4886363636364
A_PA	1500	93	G	0	0	92	18.3260869565217
A_PA	1501	93	T	0	0	92	16.6195652173913
A_PA	1502	93	A	0	0	93	15.7956989247312
A_PA	1503	93	T	0	0	92	15.0869565217391
A_PA	1504	89	G	4	0	87	14.9080459770115
A_PA	1505	93	G	0	0	93	15.4838709677419
A_PA	1506	93	G	0	0	90	15.5222222222222
A_PA	1507	93	T	0	0	93	15.1612903225806
A_PA	1508	93	T	0	0	92	15.2717391304348
A_PA	1509	93	C	0	0	86	15.5697674418605
A_PA	1510	93	A	0	0	93	15.5591397849462
A_PA	1511	93	T	0	0	92	15.5652173913043
A_PA	1512	92	T	1	0	91	15.9010989010989
A_PA	1513	92	A	1	0	91	14.6373626373626
A_PA	1514	93	T	0	0	92	14.445652173913
A_PA	1515	79	A	14	0	79	13.8860759493671
A_PA	1516	84	A	9	0	83	13.7469879518072
A_PA	1517	92	A	1	0	92	15.304347826087
A_PA	1518	92	A	1	0	90	17.3666666666667
A_PA	1519	92	G	1	0	92	17.0217391304348
A_PA	1520	92	G	1	0	90	16.9555555555556
A_PA	1521	91	A	2	0	91	16.4835164835165
A_PA	1522	93	A	0	0	92	17.4347826086957
A_PA	1523	93	G	0	0	93	16.5698924731183
A_PA	1524	93	G	0	0	92	17.8478260869565
A_PA	1525	93	T	0	0	93	15.8817204301075
A_PA	1526	91	C	2	0	90	17.2888888888889
A_PA	1527	93	T	0	0	92	15.9565217391304
A_PA	1528	92	C	1	0	90	17.6111111111111
A_PA	1529	93	A	0	0	93	16.8494623655914
A_PA	1530	90	T	3	0	90	16.7222222222222
A_PA	1531	93	T	0	0	91	17.978021978022
A_PA	1532	93	T	0	0	91	18.7472527472527
A_PA	1533	90	G	3	0	89	18.2696629213483
A_PA	1534	90	A	3	0	90	18.2111111111111
A_PA	1535	93	G	0	0	93	18.2903225806452
A_PA	1536	93	A	0	0	92	17.3369565217391
A_PA	1537	93	A	0	0	92	17.3260869565217
A_PA	1538	93	A	0	0	93	17.8387096774194
A_PA	1539	93	T	0	0	93	18.247311827957
A_PA	1540	93	G	0	0	92	17.5434782608696
A_PA	1541	93	A	0	0	93	16.4193548387097
A_PA	1542	93	T	0	0	93	15.2903225806452
A_PA	1543	93	A	0	0	91	15.8461538461538
A_PA	1544	92	C	1	0	92	15.9021739130435
A_PA	1545	93	T	0	0	92	18.195652173913
A_PA	1546	93	G	0	0	92	17.5434782608696
A_PA	1547	93	A	0	0	93	17.3763440860215
A_PA	1548	93	T	0	0	93	16.6021505376344
A_PA	1549	93	G	0	0	93	16.4086021505376
A_PA	1550	93	T	0	0	93	19.4623655913978
A_PA	1551	93	A	0	0	92	16.1086956521739
A_PA	1552	93	G	0	0	92	15.5434782608696
A_PA	1553	93	T	0	0	92	16.2065217391304
A_PA	1554	93	G	0	0	93	17.0645161290323
A_PA	1555	93	A	0	0	92	17.2282608695652
A_PA	1556	93	A	0	0	93	17.4408602150538
A_PA	1557	93	C	0	0	92	17.5326086956522
A_PA	1558	92	T	1	0	91	18.1758241758242
A_PA	1559	93	T	0	0	91	18.043956043956
A_PA	1560	93	T	0	0	93	20.1827956989247
A_PA	1561	92	G	1	0	90	19.6666666666667
A_PA	1562	90	T	3	0	89	17.6404494382022
A_PA	1563	91	A	1	0	89	16.4831460674157
A_PA	1564	92	A	0	0	90	16.2777777777778
A_PA	1565	91	G	1	0	88	15.8522727272727
A_PA	1566	92	T	0	0	89	16.4719101123596
A_PA	1567	92	A	0	0	88	15.7727272727273
A_PA	1568	92	T	0	0	90	15.3777777777778
A_PA	1569	91	G	1	0	89	15.3483146067416
A_PA	1570	92	G	0	0	92	16.2608695652174
A_PA	1571	92	A	0	0	92	17.3804347826087
A_PA	1572	92	G	0	0	89	17.1685393258427
A_PA	1573	90	T	2	0	89	16.9101123595506
A_PA	1574	92	T	0	0	89	17.2808988764045
A_PA	1575	91	C	1	0	90	17.0111111111111
A_PA	1576	92	T	0	0	92	17.445652173913
A_PA	1577	90	C	2	0	89	19.314606741573
A_PA	1578	92	A	0	0	91	18.1758241758242
A_PA	1579	92	C	0	0	92	18.2608695652174
A_PA	1580	91	T	1	0	89	18.247191011236
A_PA	1581	91	C	1	0	88	17.9886363636364
A_PA	1582	92	A	0	0	92	18.5869565217391
A_PA	1583	92	C	0	0	92	18.8913043478261
A_PA	1584	92	T	0	0	90	19.4666666666667
A_PA	1585	90	G	2	0	86	18.593023255814
A_PA	1586	92	A	0	0	92	17.5978260869565
A_PA	1587	92	T	0	0	92	16.5978260869565
A_PA	1588	92	C	0	0	92	16.445652173913
A_PA	1589	92	C	0	0	91	16.7802197802198
A_PA	1590	89	A	3	0	89	17
A_PA	1591	92	A	0	0	92	18.4673913043478
A_PA	1592	92	G	0	0	91	17.3296703296703
A_PA	1593	92	A	0	0	92	17.3152173913043
A_PA	1594	91	C	1	0	91	17.7802197802198
A_PA	1595	92	T	0	0	91	18.0879120879121
A_PA	1596	90	G	2	0	89	18.9213483146067
A_PA	1597	91	G	1	0	90	19.3555555555556
A_PA	1598	92	A	0	0	91	19.2747252747253
A_PA	1599	92	A	0	0	91	19.8681318681319
A_PA	1600	92	C	0	0	92	18.4565217391304
A_PA	1601	91	C	1	0	91	18.8901098901099
A_PA	1602	91	A	1	0	91	18.6153846153846
A_PA	1603	92	C	0	0	92	19.2173913043478
A_PA	1604	92	A	0	0	92	20.0760869565217
A_PA	1605	92	C	0	0	92	29.0869565217391
A_PA	1606	92	A	0	0	90	19.3666666666667
A_PA	1607	92	A	0	0	92	18.6847826086957
A_PA	1608	92	A	0	0	91	19.4835164835165
A_PA	1609	92	T	0	0	92	19.2391304347826
A_PA	1610	85	G	7	0	85	19.2588235294118
A_PA	1611	92	G	0	0	90	19.2111111111111
A_PA	1612	92	G	0	0	92	19.445652173913
A_PA	1613	91	A	1	0	91	19.8351648351648
A_PA	1614	92	A	0	0	92	19.554347826087
A_PA	1615	92	A	0	0	92	18.6086956521739
A_PA	1616	92	A	0	0	91	19.9450549450549
A_PA	1617	92	A	0	0	89	19.2584269662921
A_PA	1618	92	T	0	0	90	17.7666666666667
A_PA	1619	91	A	1	0	90	16.3777777777778
A_PA	1620	91	C	1	0	91	16.3846153846154
A_PA	1621	92	T	0	0	92	16.9565217391304
A_PA	1622	91	G	1	0	90	18.5222222222222
A_PA	1623	91	T	1	0	89	19.314606741573
A_PA	1624	91	G	1	0	91	20.3406593406593
A_PA	1625	92	T	0	0	91	19.7362637362637
A_PA	1626	92	T	0	0	91	18.3956043956044
A_PA	1627	92	C	0	0	91	17.8901098901099
A_PA	1628	89	T	3	0	89	18.5393258426966
A_PA	1629	91	T	1	0	91	19.7472527472527
A_PA	1630	92	G	0	0	91	19.7582417582418
A_PA	1631	88	A	4	0	86	19.1279069767442
A_PA	1632	91	A	1	0	91	19.0659340659341
A_PA	1633	92	A	0	0	91	18.5934065934066
A_PA	1634	92	T	0	0	86	18.1162790697674
A_PA	1635	91	A	1	0	90	17.7
A_PA	1636	92	G	0	0	92	17.6304347826087
A_PA	1637	92	G	0	0	91	18.3956043956044
A_PA	1638	92	A	0	0	92	18.5434782608696
A_PA	1639	92	G	0	0	91	18.8021978021978
A_PA	1640	90	A	2	0	90	18.2111111111111
A_PA	1641	91	C	1	0	89	18.2247191011236
A_PA	1642	92	A	0	0	92	17.7282608695652
A_PA	1643	92	T	0	0	92	18.0978260869565
A_PA	1644	92	G	0	0	90	18.2555555555556
A_PA	1645	92	C	0	0	92	17.7608695652174
A_PA	1646	92	T	0	0	91	18.032967032967
A_PA	1647	87	A	5	0	84	17.8571428571429
A_PA	1648	92	T	0	0	87	16.3103448275862
A_PA	1649	91	T	1	0	90	16.0888888888889
A_PA	1650	89	G	3	0	87	16.4597701149425
A_PA	1651	90	A	2	0	90	16.4888888888889
A_PA	1652	89	G	3	0	89	18.4943820224719
A_PA	1653	90	G	2	0	89	18.438202247191
A_PA	1654	91	A	1	0	91	17.8901098901099
A_PA	1655	92	C	0	0	90	17.9222222222222
A_PA	1656	92	T	0	0	90	18.0111111111111
A_PA	1657	92	G	0	0	90	18.7333333333333
A_PA	1658	91	C	1	0	90	17.7111111111111
A_PA	1659	92	G	0	0	91	16.4615384615385
A_PA	1660	92	A	0	0	92	16.4130434782609
A_PA	1661	92	T	0	0	91	16.0879120879121
A_PA	1662	90	A	2	0	88	16.5681818181818
A_PA	1663	89	G	3	0	88	16.6022727272727
A_PA	1664	91	G	1	0	91	15.8021978021978
A_PA	1665	92	T	0	0	91	17.0549450549451
A_PA	1666	91	C	1	0	84	17.6071428571429
A_PA	1667	91	A	1	0	90	16.7
A_PA	1668	91	A	1	0	90	16.8444444444444
A_PA	1669	89	G	3	0	85	17.2588235294118
A_PA	1670	90	T	2	0	86	16.3372093023256
A_PA	1671	90	G	2	0	85	17.7529411764706
A_PA	1672	92	T	0	0	92	17.3804347826087
A_PA	1673	89	C	3	0	79	16.7215189873418
A_PA	1674	92	G	0	0	87	15.264367816092
A_PA	1675	92	A	0	0	92	14.7173913043478
A_PA	1676	89	G	3	0	89	15.4157303370787
A_PA	1677	92	G	0	0	92	17.0217391304348
A_PA	1678	92	C	0	0	91	19.3626373626374
A_PA	1679	92	C	0	0	92	19.1847826086957
A_PA	1680	92	C	0	0	92	19.3478260869565
A_PA	1681	92	A	0	0	91	18.8571428571429
A_PA	1682	92	T	0	0	92	18.2608695652174
A_PA	1683	92	G	0	0	91	17.6813186813187
A_PA	1684	91	T	1	0	89	17.0674157303371
A_PA	1685	92	T	0	0	90	17.4222222222222
A_PA	1686	92	C	0	0	91	16.956043956044
A_PA	1687	91	C	1	0	91	17.8131868131868
A_PA	1688	91	T	1	0	90	18.4
A_PA	1689	91	A	1	0	91	18.6373626373626
A_PA	1690	91	T	1	0	91	16.4285714285714
A_PA	1691	91	A	1	0	91	16.7032967032967
A_PA	1692	92	T	0	0	91	17.2527472527473
A_PA	1693	92	G	0	0	92	17.1304347826087
A_PA	1694	92	T	0	0	92	18.25
A_PA	1695	92	G	0	0	91	19.1098901098901
A_PA	1696	91	A	1	0	90	19.6555555555556
A_PA	1697	92	G	0	0	90	19.4666666666667
A_PA	1698	92	A	0	0	91	19.6593406593407
A_PA	1699	92	A	0	0	92	18.7608695652174
A_PA	1700	92	C	0	0	91	19.010989010989
A_PA	1701	92	C	0	0	91	19.1208791208791
A_PA	1702	92	A	0	0	91	18.8131868131868
A_PA	1703	92	A	0	0	91	18.989010989011
A_PA	1704	92	T	0	0	92	18.5108695652174
A_PA	1705	92	G	0	0	90	18.5666666666667
A_PA	1706	92	G	0	0	91	17.7362637362637
A_PA	1707	91	A	1	0	90	17.4444444444444
A_PA	1708	91	A	1	0	91	18.6153846153846
A_PA	1709	92	C	0	0	90	17.7
A_PA	1710	91	C	1	0	90	18.2888888888889
A_PA	1711	90	T	2	0	90	18.6555555555556
A_PA	1712	92	C	0	0	90	18.9444444444444
A_PA	1713	92	C	0	0	91	19.4285714285714
A_PA	1714	92	A	0	0	91	19.7802197802198
A_PA	1715	91	A	1	0	91	20.4285714285714
A_PA	1716	91	G	1	0	91	19.3626373626374
A_PA	1717	92	A	0	0	90	19.1666666666667
A_PA	1718	92	T	0	0	92	17.5
A_PA	1719	92	C	0	0	92	16.9782608695652
A_PA	1720	92	A	0	0	92	16.7934782608696
A_PA	1721	92	A	0	0	91	16.9010989010989
A_PA	1722	92	G	0	0	91	17.8461538461538
A_PA	1723	90	A	2	0	90	17.9222222222222
A_PA	1724	92	T	0	0	91	17.8681318681319
A_PA	1725	92	G	0	0	91	18.2967032967033
A_PA	1726	91	A	1	0	91	18.021978021978
A_PA	1727	91	A	1	0	90	18.2222222222222
A_PA	1728	92	A	0	0	92	18.5108695652174
A_PA	1729	92	T	0	0	91	18.1868131868132
A_PA	1730	92	G	0	0	91	18
A_PA	1731	92	G	0	0	91	17.9120879120879
A_PA	1732	92	G	0	0	92	18.2282608695652
A_PA	1733	92	G	0	0	91	19.5054945054945
A_PA	1734	92	C	0	0	92	18.2826086956522
A_PA	1735	92	A	0	0	88	17.8295454545455
A_PA	1736	92	T	0	0	92	17.3478260869565
A_PA	1737	92	G	0	0	91	18.1758241758242
A_PA	1738	91	G	1	0	90	17.4111111111111
A_PA	1739	91	A	1	0	90	17.2
A_PA	1740	92	A	0	0	92	18.4565217391304
A_PA	1741	92	A	0	0	91	18.4505494505494
A_PA	1742	92	T	0	0	91	18.2527472527473
A_PA	1743	92	G	0	0	88	16.8977272727273
A_PA	1744	92	A	0	0	89	16.7191011235955
A_PA	1745	92	G	0	0	92	17.0108695652174
A_PA	1746	92	G	0	0	92	18.2608695652174
A_PA	1747	92	C	0	0	90	17.1555555555556
A_PA	1748	92	G	0	0	91	16.7362637362637
A_PA	1749	92	C	0	0	91	17.4065934065934
A_PA	1750	92	T	0	0	91	17.1538461538462
A_PA	1751	91	G	1	0	90	17.7555555555556
A_PA	1752	92	C	0	0	92	19.5217391304348
A_PA	1753	92	C	0	0	92	19.5652173913043
A_PA	1754	91	T	1	0	91	21.2307692307692
A_PA	1755	92	T	0	0	89	20.6741573033708
A_PA	1756	92	C	0	0	91	20.4945054945055
A_PA	1757	92	T	0	0	91	21.0879120879121
A_PA	1758	92	T	0	0	91	21.0769230769231
A_PA	1759	92	C	0	0	91	18.967032967033
A_PA	1760	92	A	0	0	91	18.4175824175824
A_PA	1761	92	A	0	0	92	18.1739130434783
A_PA	1762	91	T	1	0	90	17.7555555555556
A_PA	1763	91	C	1	0	91	17.6923076923077
A_PA	1764	91	T	1	0	91	18.3626373626374
A_PA	1765	90	C	2	0	89	19.5056179775281
A_PA	1766	90	T	2	0	89	25.5842696629213
A_PA	1767	91	T	1	0	91	19.4285714285714
A_PA	1768	91	C	1	0	91	18.6483516483516
A_PA	1769	92	A	0	0	91	18.3846153846154
A_PA	1770	92	G	0	0	92	18.9782608695652
A_PA	1771	92	C	0	0	91	19.4175824175824
A_PA	1772	92	A	0	0	91	19.4725274725275
A_PA	1773	92	G	0	0	92	19.0108695652174
A_PA	1774	92	A	0	0	92	17.7608695652174
A_PA	1775	92	T	0	0	92	16.4891304347826
A_PA	1776	92	T	0	0	89	16.3258426966292
A_PA	1777	90	G	2	0	88	16.4431818181818
A_PA	1778	90	A	2	0	89	17.0561797752809
A_PA	1779	91	G	1	0	91	17.989010989011
A_PA	1780	92	A	0	0	92	19.0869565217391
A_PA	1781	88	G	4	0	87	18.5747126436782
A_PA	1782	92	C	0	0	90	18.4333333333333
A_PA	1783	92	A	0	0	91	18.5054945054945
A_PA	1784	92	T	0	0	88	17.7954545454545
A_PA	1785	92	G	0	0	90	18.4
A_PA	1786	92	A	0	0	92	17.8804347826087
A_PA	1787	92	T	0	0	91	17.3846153846154
A_PA	1788	92	T	0	0	92	17.304347826087
A_PA	1789	91	G	1	0	90	16.4
A_PA	1790	91	A	1	0	91	16.3076923076923
A_PA	1791	91	A	1	0	91	16.5824175824176
A_PA	1792	92	G	0	0	92	16.9130434782609
A_PA	1793	92	C	0	0	92	16.4239130434783
A_PA	1794	92	C	0	0	91	15.8791208791209
A_PA	1795	87	G	5	0	85	15.1411764705882
A_PA	1796	91	A	1	0	91	15.6703296703297
A_PA	1797	91	G	1	0	91	14.989010989011
A_PA	1798	91	T	1	0	91	15.5494505494505
A_PA	1799	92	C	0	0	92	16.5978260869565
A_PA	1800	91	T	1	0	91	16.8241758241758
A_PA	1801	92	T	0	0	92	17.5652173913043
A_PA	1802	92	C	0	0	91	18.3516483516484
A_PA	1803	92	T	0	0	91	18.8901098901099
A_PA	1804	92	G	0	0	91	18.8461538461538
A_PA	1805	91	T	1	0	90	17.5555555555556
A_PA	1806	90	C	2	0	87	17.4827586206897
A_PA	1807	87	A	5	0	83	17.0240963855422
A_PA	1808	92	A	0	0	92	16.4347826086957
A_PA	1809	89	A	3	0	89	18.7191011235955
A_PA	1810	88	G	4	0	87	19.0804597701149
A_PA	1811	91	A	1	0	90	18.7888888888889
A_PA	1812	90	G	2	0	88	19.4090909090909
A_PA	1813	91	A	1	0	87	21.4252873563218
A_PA	1814	92	A	0	0	91	19.8681318681319
A_PA	1815	92	A	0	0	91	18.6923076923077
A_PA	1816	92	G	0	0	92	18.5760869565217
A_PA	1817	92	A	0	0	91	18.5494505494506
A_PA	1818	92	C	0	0	92	18.0217391304348
A_PA	1819	92	A	0	0	90	17.7
A_PA	1820	92	T	0	0	91	18.032967032967
A_PA	1821	92	G	0	0	89	17.4494382022472
A_PA	1822	92	A	0	0	92	17.3369565217391
A_PA	1823	92	C	0	0	91	18.032967032967
A_PA	1824	91	C	1	0	91	19.2747252747253
A_PA	1825	91	A	1	0	91	18.967032967033
A_PA	1826	92	A	0	0	92	19.4673913043478
A_PA	1827	91	G	1	0	91	19.7252747252747
A_PA	1828	91	G	1	0	91	19.6153846153846
A_PA	1829	91	A	1	0	90	19.8333333333333
A_PA	1830	92	A	0	0	91	19.8791208791209
A_PA	1831	92	T	0	0	90	20
A_PA	1832	92	T	0	0	90	19.4111111111111
A_PA	1833	90	C	2	0	89	19.4494382022472
A_PA	1834	90	T	2	0	85	19.1529411764706
A_PA	1835	91	T	1	0	90	19.5111111111111
A_PA	1836	91	T	1	0	90	20.6888888888889
A_PA	1837	91	G	1	0	89	19.8651685393258
A_PA	1838	91	A	1	0	88	19.3636363636364
A_PA	1839	92	A	0	0	92	19.4565217391304
A_PA	1840	92	A	0	0	92	19.5
A_PA	1841	92	A	0	0	91	20.1758241758242
A_PA	1842	92	C	0	0	91	19.4725274725275
A_PA	1843	91	A	1	0	91	18.8681318681319
A_PA	1844	92	A	0	0	92	18.5
A_PA	1845	87	A	5	0	86	19.0697674418605
A_PA	1846	87	T	5	0	87	18.0344827586207
A_PA	1847	85	C	7	0	84	18.2261904761905
A_PA	1848	84	G	8	0	84	15.7142857142857
A_PA	1849	87	G	5	0	86	15.6860465116279
A_PA	1850	87	A	5	0	87	15.8735632183908
A_PA	1851	87	A	5	0	87	16.9655172413793
A_PA	1852	87	A	5	0	87	19.3908045977011
A_PA	1853	86	C	5	0	85	19.4235294117647
A_PA	1854	86	A	5	0	86	18.8604651162791
A_PA	1855	86	T	5	0	86	18.3023255813953
A_PA	1856	85	G	6	0	85	18
A_PA	1857	85	G	6	0	85	17.3294117647059
A_PA	1858	85	C	6	0	85	18.4588235294118
A_PA	1859	86	C	5	0	85	20.5176470588235
A_PA	1860	86	A	5	0	86	19.1976744186047
A_PA	1861	86	A	5	0	86	18.9767441860465
A_PA	1862	85	T	6	0	85	17.8117647058824
A_PA	1863	82	C	9	0	77	17.012987012987
A_PA	1864	85	G	6	0	84	14.6666666666667
A_PA	1865	86	G	5	0	85	14.8117647058824
A_PA	1866	85	A	6	0	85	14.8235294117647
A_PA	1867	85	G	6	0	79	15.4556962025316
A_PA	1868	85	A	6	0	85	18.2117647058824
A_PA	1869	86	G	5	0	82	16.8048780487805
A_PA	1870	86	T	5	0	81	15.8148148148148
A_PA	1871	86	C	5	0	80	16.4375
A_PA	1872	86	A	5	0	85	16.6
A_PA	1873	80	C	11	0	80	17.375
A_PA	1874	86	C	5	0	85	18.9882352941176
A_PA	1875	85	C	6	0	83	18.8192771084337
A_PA	1876	84	A	7	0	81	18
A_PA	1877	79	G	12	0	77	19.7272727272727
A_PA	1878	85	G	6	0	84	19.0119047619048
A_PA	1879	85	G	6	0	85	18.7529411764706
A_PA	1880	85	G	6	0	84	20.4166666666667
A_PA	1881	86	A	5	0	85	19.6823529411765
A_PA	1882	86	G	5	0	85	17.8588235294118
A_PA	1883	85	T	6	0	84	17.7380952380952
A_PA	1884	81	G	10	0	81	18.0493827160494
A_PA	1885	84	G	7	0	84	17.8452380952381
A_PA	1886	85	A	6	0	84	17.9642857142857
A_PA	1887	85	G	6	0	84	18.452380952381
A_PA	1888	85	G	6	0	84	18.4166666666667
A_PA	1889	85	A	6	0	85	18.0588235294118
A_PA	1890	85	A	6	0	85	19.6352941176471
A_PA	1891	85	G	6	0	83	18.433734939759
A_PA	1892	85	G	6	0	85	18.6235294117647
A_PA	1893	85	C	6	0	85	19.1647058823529
A_PA	1894	86	T	5	0	86	18.7093023255814
A_PA	1895	84	C	7	0	81	18.0987654320988
A_PA	1896	86	T	5	0	84	18.2261904761905
A_PA	1897	91	A	0	0	88	17.9204545454545
A_PA	1898	91	T	0	0	91	16.8461538461538
A_PA	1899	91	T	0	0	89	17.2134831460674
A_PA	1900	91	G	0	0	90	17.4111111111111
A_PA	1901	91	G	0	0	91	18.2197802197802
A_PA	1902	86	A	5	0	86	20.0813953488372
A_PA	1903	91	A	0	0	91	19.7692307692308
A_PA	1904	91	A	0	0	91	19.0549450549451
A_PA	1905	91	G	0	0	90	19.4111111111111
A_PA	1906	91	G	0	0	90	18.7222222222222
A_PA	1907	91	T	0	0	90	18.8666666666667
A_PA	1908	91	G	0	0	90	19.2111111111111
A_PA	1909	90	T	1	0	89	22.5955056179775
A_PA	1910	87	G	4	0	87	19.5632183908046
A_PA	1911	91	C	0	0	90	19.0555555555556
A_PA	1912	91	A	0	0	91	18.8791208791209
A_PA	1913	91	G	0	0	90	19.1222222222222
A_PA	1914	91	A	0	0	90	19.1
A_PA	1915	91	A	0	0	91	18.6263736263736
A_PA	1916	90	C	1	0	90	18.4444444444444
A_PA	1917	89	C	2	0	88	18.7272727272727
A_PA	1918	89	T	2	0	89	18.438202247191
A_PA	1919	90	T	1	0	87	18.9425287356322
A_PA	1920	89	A	2	0	89	17.5955056179775
A_PA	1921	91	C	0	0	90	17.1666666666667
A_PA	1922	90	T	1	0	88	17.2159090909091
A_PA	1923	91	G	0	0	90	18
A_PA	1924	91	G	0	0	90	18.6777777777778
A_PA	1925	91	C	0	0	89	20.0674157303371
A_PA	1926	90	A	1	0	90	19.8888888888889
A_PA	1927	91	A	0	0	90	18.9111111111111
A_PA	1928	91	A	0	0	90	18.6888888888889
A_PA	1929	91	A	0	0	88	19.0681818181818
A_PA	1930	91	T	0	0	91	18.1318681318681
A_PA	1931	88	C	3	0	85	18.7176470588235
A_PA	1932	91	T	0	0	88	19.1136363636364
A_PA	1933	91	G	0	0	90	19.5666666666667
A_PA	1934	91	T	0	0	91	20.4175824175824
A_PA	1935	91	G	0	0	89	21.0786516853933
A_PA	1936	91	T	0	0	91	19.4505494505494
A_PA	1937	91	T	0	0	90	17.9888888888889
A_PA	1938	91	C	0	0	88	18.25
A_PA	1939	90	A	1	0	89	17.685393258427
A_PA	1940	91	A	0	0	90	18.4333333333333
A_PA	1941	91	C	0	0	90	18.9111111111111
A_PA	1942	91	A	0	0	90	18.6
A_PA	1943	91	G	0	0	91	18.2637362637363
A_PA	1944	90	T	1	0	90	17.7
A_PA	1945	90	C	1	0	89	17.8651685393258
A_PA	1946	90	T	1	0	89	17.685393258427
A_PA	1947	89	A	2	0	87	17.8965517241379
A_PA	1948	90	T	1	0	89	17.247191011236
A_PA	1949	90	A	1	0	89	17.1685393258427
A_PA	1950	90	T	1	0	89	17.7078651685393
A_PA	1951	90	G	1	0	90	17.0111111111111
A_PA	1952	90	C	1	0	89	17.5730337078652
A_PA	1953	90	G	1	0	88	16.5681818181818
A_PA	1954	89	T	2	0	89	16.9101123595506
A_PA	1955	89	C	2	0	89	17.1460674157303
A_PA	1956	90	T	1	0	90	18.2444444444444
A_PA	1957	90	C	1	0	89	20.7752808988764
A_PA	1958	89	C	2	0	88	21.6590909090909
A_PA	1959	89	A	2	0	88	21.3977272727273
A_PA	1960	90	C	1	0	89	21.247191011236
A_PA	1961	90	A	1	0	89	19.8539325842697
A_PA	1962	90	A	1	0	90	18.9777777777778
A_PA	1963	90	C	1	0	90	19.0222222222222
A_PA	1964	89	T	2	0	89	18.9213483146067
A_PA	1965	91	T	0	0	89	18.9550561797753
A_PA	1966	90	G	1	0	90	18.8555555555556
A_PA	1967	90	A	1	0	90	18.4333333333333
A_PA	1968	91	G	0	0	91	18.5274725274725
A_PA	1969	91	G	0	0	91	19.1648351648352
A_PA	1970	91	G	0	0	91	19.7802197802198
A_PA	1971	91	G	0	0	89	20.7752808988764
A_PA	1972	87	T	4	0	86	19.7209302325581
A_PA	1973	91	T	0	0	90	20.1
A_PA	1974	91	T	0	0	90	19.7888888888889
A_PA	1975	90	T	1	0	90	20.5888888888889
A_PA	1976	84	C	7	0	79	19.5569620253165
A_PA	1977	90	G	1	0	89	16.2921348314607
A_PA	1978	91	G	0	0	90	15.6666666666667
A_PA	1979	91	C	0	0	90	16.1222222222222
A_PA	1980	90	T	1	0	90	17.8666666666667
A_PA	1981	90	G	1	0	88	18.9318181818182
A_PA	1982	89	A	2	0	89	17.9325842696629
A_PA	1983	90	A	1	0	89	16.9887640449438
A_PA	1984	91	T	0	0	90	16.3666666666667
A_PA	1985	90	C	1	0	90	16.3333333333333
A_PA	1986	90	A	1	0	90	16.3222222222222
A_PA	1987	91	A	0	0	90	16.0333333333333
A_PA	1988	90	G	1	0	86	16.5813953488372
A_PA	1989	89	A	2	0	89	17.2808988764045
A_PA	1990	89	A	2	0	89	18.2808988764045
A_PA	1991	90	A	1	0	90	17.3777777777778
A_PA	1992	90	A	1	0	90	18.7222222222222
A_PA	1993	90	T	1	0	89	17.3258426966292
A_PA	1994	91	T	0	0	90	18.1888888888889
A_PA	1995	91	G	0	0	88	17.9204545454545
A_PA	1996	90	C	1	0	88	18.3863636363636
A_PA	1997	90	T	1	0	90	19.6444444444444
A_PA	1998	91	T	0	0	88	19.4886363636364
A_PA	1999	91	C	0	0	89	19.5280898876404
A_PA	2000	90	T	1	0	89	19.752808988764
A_PA	2001	91	C	0	0	86	19.3488372093023
A_PA	2002	91	A	0	0	91	18.1648351648352
A_PA	2003	91	T	0	0	91	17.8131868131868
A_PA	2004	91	T	0	0	88	17.7840909090909
A_PA	2005	91	G	0	0	89	17.6179775280899
A_PA	2006	91	T	0	0	90	17.1333333333333
A_PA	2007	90	T	1	0	89	18.2134831460674
A_PA	2008	90	C	1	0	88	17.4886363636364
A_PA	2009	90	A	1	0	89	17.8202247191011
A_PA	2010	90	G	1	0	89	18.9550561797753
A_PA	2011	91	G	0	0	89	18.685393258427
A_PA	2012	91	C	0	0	90	18.0222222222222
A_PA	2013	89	A	2	0	87	18.1149425287356
A_PA	2014	90	C	1	0	90	18.2111111111111
A_PA	2015	90	T	1	0	90	17.6666666666667
A_PA	2016	90	T	1	0	87	18.8620689655172
A_PA	2017	90	A	1	0	88	16.875
A_PA	2018	90	G	1	0	88	16.8863636363636
A_PA	2019	92	G	0	0	92	17.1847826086957
A_PA	2020	92	G	0	0	92	18.8260869565217
A_PA	2021	92	A	0	0	92	19.4347826086957
A_PA	2022	92	C	0	0	92	19.304347826087
A_PA	2023	92	A	0	0	89	18.4719101123596
A_PA	2024	92	A	0	0	92	17.7065217391304
A_PA	2025	92	C	0	0	92	17.2282608695652
A_PA	2026	92	C	0	0	92	17.2391304347826
A_PA	2027	91	T	1	0	91	18.4395604395604
A_PA	2028	91	G	1	0	90	18.8
A_PA	2029	92	G	0	0	91	18.9120879120879
A_PA	2030	92	A	0	0	92	19.0434782608696
A_PA	2031	92	A	0	0	91	18.3516483516484
A_PA	2032	92	C	0	0	92	18.3152173913043
A_PA	2033	92	C	0	0	91	18.3956043956044
A_PA	2034	92	T	0	0	92	18.5434782608696
A_PA	2035	91	G	1	0	91	20.3186813186813
A_PA	2036	92	G	0	0	92	19.8478260869565
A_PA	2037	92	A	0	0	91	19.4945054945055
A_PA	2038	92	A	0	0	90	20.1111111111111
A_PA	2039	92	C	0	0	92	19.4130434782609
A_PA	2040	92	C	0	0	91	18.956043956044
A_PA	2041	92	T	0	0	92	18.6521739130435
A_PA	2042	92	T	0	0	91	19.8461538461538
A_PA	2043	91	C	1	0	87	17.7241379310345
A_PA	2044	92	G	0	0	88	15.0227272727273
A_PA	2045	92	A	0	0	91	14.8681318681319
A_PA	2046	92	T	0	0	92	14.5108695652174
A_PA	2047	92	C	0	0	90	14.3666666666667
A_PA	2048	92	T	0	0	90	16.2222222222222
A_PA	2049	92	T	0	0	92	16.8152173913043
A_PA	2050	77	G	15	0	75	17.6933333333333
A_PA	2051	89	G	3	0	89	17.5056179775281
A_PA	2052	90	G	2	0	90	17.9444444444444
A_PA	2053	91	G	1	0	90	19.3
A_PA	2054	92	G	0	0	92	18.9565217391304
A_PA	2055	92	G	0	0	91	18.4945054945055
A_PA	2056	92	C	0	0	92	18.3695652173913
A_PA	2057	92	T	0	0	91	19.0989010989011
A_PA	2058	91	A	1	0	90	19.9
A_PA	2059	92	T	0	0	90	18.0111111111111
A_PA	2060	92	A	0	0	90	19.2111111111111
A_PA	2061	92	T	0	0	91	17.5274725274725
A_PA	2062	91	G	1	0	86	17.1046511627907
A_PA	2063	89	A	3	0	89	17.5393258426966
A_PA	2064	91	A	1	0	89	15.8876404494382
A_PA	2065	92	G	0	0	91	16.5164835164835
A_PA	2066	91	C	1	0	89	17.4494382022472
A_PA	2067	91	A	1	0	88	17.3636363636364
A_PA	2068	91	A	1	0	90	16.6666666666667
A_PA	2069	92	T	0	0	92	16.445652173913
A_PA	2070	89	C	3	0	85	16.1058823529412
A_PA	2071	91	G	1	0	86	15.7558139534884
A_PA	2072	91	A	1	0	91	15.1758241758242
A_PA	2073	92	G	0	0	92	15.6739130434783
A_PA	2074	92	G	0	0	91	17.6483516483516
A_PA	2075	92	A	0	0	91	19.043956043956
A_PA	2076	91	G	1	0	90	19.0111111111111
A_PA	2077	91	T	1	0	90	19.9111111111111
A_PA	2078	92	G	0	0	90	19.8777777777778
A_PA	2079	92	C	0	0	92	19.8804347826087
A_PA	2080	92	C	0	0	92	20.1739130434783
A_PA	2081	92	T	0	0	91	20.8681318681319
A_PA	2082	91	G	1	0	90	20.0444444444444
A_PA	2083	92	A	0	0	92	19.5
A_PA	2084	92	T	0	0	92	19.1086956521739
A_PA	2085	92	T	0	0	92	17.8152173913043
A_PA	2086	92	A	0	0	91	18.021978021978
A_PA	2087	92	A	0	0	90	17.1222222222222
A_PA	2088	92	T	0	0	91	17.1648351648352
A_PA	2089	92	G	0	0	89	16.8426966292135
A_PA	2090	92	A	0	0	91	16.8131868131868
A_PA	2091	92	T	0	0	92	17.1086956521739
A_PA	2092	91	C	1	0	88	17.1590909090909
A_PA	2093	92	C	0	0	92	17.2065217391304
A_PA	2094	92	C	0	0	91	19.032967032967
A_PA	2095	91	T	1	0	91	19.0879120879121
A_PA	2096	92	G	0	0	92	19.3695652173913
A_PA	2097	92	G	0	0	91	20.1868131868132
A_PA	2098	92	G	0	0	92	20.054347826087
A_PA	2099	92	T	0	0	92	20.3913043478261
A_PA	2100	92	T	0	0	92	19.945652173913
A_PA	2101	92	T	0	0	90	19.6444444444444
A_PA	2102	92	T	0	0	90	21.0111111111111
A_PA	2103	92	G	0	0	91	20.4505494505494
A_PA	2104	89	C	3	0	88	19.9318181818182
A_PA	2105	87	T	5	0	87	18.8390804597701
A_PA	2106	90	T	2	0	90	18.0666666666667
A_PA	2107	92	A	0	0	88	17.2045454545455
A_PA	2108	91	A	1	0	90	17.0888888888889
A_PA	2109	91	T	1	0	89	17.2134831460674
A_PA	2110	91	G	1	0	88	17.8977272727273
A_PA	2111	92	C	0	0	91	18.5494505494506
A_PA	2112	92	A	0	0	87	18.5402298850575
A_PA	2113	90	T	2	0	90	19.5888888888889
A_PA	2114	90	C	2	0	89	19.8089887640449
A_PA	2115	92	T	0	0	91	19.4505494505494
A_PA	2116	92	T	0	0	90	19.5
A_PA	2117	92	G	0	0	91	19.7912087912088
A_PA	2118	92	G	0	0	91	18.978021978022
A_PA	2119	92	T	0	0	89	18.0898876404494
A_PA	2120	92	T	0	0	92	17.8152173913043
A_PA	2121	88	C	4	0	81	17.7407407407407
A_PA	2122	91	A	1	0	88	17.6704545454545
A_PA	2123	91	A	1	0	89	17.1573033707865
A_PA	2124	89	C	3	0	88	17.625
A_PA	2125	92	T	0	0	88	18.0681818181818
A_PA	2126	91	C	1	0	89	18.0898876404494
A_PA	2127	91	C	1	0	91	18.8131868131868
A_PA	2128	91	T	1	0	90	19.0777777777778
A_PA	2129	92	T	0	0	92	19.695652173913
A_PA	2130	91	C	1	0	91	19.5274725274725
A_PA	2131	92	C	0	0	92	20.5652173913043
A_PA	2132	91	T	1	0	90	20.5222222222222
A_PA	2133	92	C	0	0	91	19.7692307692308
A_PA	2134	92	A	0	0	90	19.3555555555556
A_PA	2135	92	C	0	0	92	19.2065217391304
A_PA	2136	92	A	0	0	92	20.695652173913
A_PA	2137	92	C	0	0	92	31.5652173913043
A_PA	2138	92	A	0	0	92	19.3152173913043
A_PA	2139	92	T	0	0	92	18.195652173913
A_PA	2140	92	G	0	0	91	18.3736263736264
A_PA	2141	92	C	0	0	92	18.1847826086957
A_PA	2142	92	A	0	0	92	19
A_PA	2143	91	C	1	0	91	19.4395604395604
A_PA	2144	92	T	0	0	92	19.5434782608696
A_PA	2145	92	G	0	0	92	19.2391304347826
A_PA	2146	92	A	0	0	90	18.3222222222222
A_PA	2147	91	A	0	0	91	18.1538461538462
A_PA	2148	91	G	0	0	91	18.2197802197802
A_PA	2149	91	T	0	0	91	17.8681318681319
A_PA	2150	90	A	0	0	90	17.8222222222222
A_PA	2151	90	G	0	0	90	17.6777777777778
