Reference_Name	Position	Coverage Depth	Consensus	Deletions	Ambiguous	Consensus_Count	Consensus_Average_Quality
A_PB1	1	16	N	0	0	16	16.1875
A_PB1	2	18	N	0	0	18	16.3888888888889
A_PB1	3	18	N	0	0	18	17.3888888888889
A_PB1	4	18	N	0	0	18	16.3888888888889
A_PB1	5	18	N	0	0	18	17.0555555555556
A_PB1	6	18	N	0	0	18	16.6666666666667
A_PB1	7	18	N	0	0	18	16.4444444444444
A_PB1	8	18	N	0	0	18	15.4444444444444
A_PB1	9	18	N	0	0	18	14.6111111111111
A_PB1	10	18	N	0	0	18	14.8333333333333
A_PB1	11	18	N	0	0	18	14.6111111111111
A_PB1	12	18	N	0	0	18	14.7777777777778
A_PB1	13	18	N	0	0	18	15.9444444444444
A_PB1	14	18	N	0	0	18	14.9444444444444
A_PB1	15	17	N	1	0	17	14.2941176470588
A_PB1	16	18	N	0	0	18	14.8888888888889
A_PB1	17	18	N	0	0	18	14.7777777777778
A_PB1	18	18	N	0	0	18	16.6111111111111
A_PB1	19	18	N	0	0	18	18.6666666666667
A_PB1	20	18	N	0	0	18	17.6666666666667
A_PB1	21	18	N	0	0	18	17.2222222222222
A_PB1	22	18	N	0	0	18	17.5555555555556
A_PB1	23	18	N	0	0	18	18.1666666666667
A_PB1	24	18	N	0	0	18	18.6111111111111
A_PB1	25	18	N	0	0	18	18.8888888888889
A_PB1	26	18	N	0	0	18	18.6111111111111
A_PB1	27	18	N	0	0	18	18.2222222222222
A_PB1	28	18	N	0	0	18	20.1666666666667
A_PB1	29	18	N	0	0	18	18.6666666666667
A_PB1	30	17	N	1	0	17	18.2352941176471
A_PB1	31	18	N	0	0	18	18.2777777777778
A_PB1	32	18	N	0	0	18	17.8888888888889
A_PB1	33	18	N	0	0	18	18.8888888888889
A_PB1	34	18	N	0	0	18	18.7222222222222
A_PB1	35	18	N	0	0	18	17.8888888888889
A_PB1	36	18	N	0	0	18	16.9444444444444
A_PB1	37	18	N	0	0	18	16.5
A_PB1	38	18	N	0	0	18	17.8333333333333
A_PB1	39	18	N	0	0	18	17
A_PB1	40	18	N	0	0	18	17.6111111111111
A_PB1	41	17	N	1	0	17	17.7647058823529
A_PB1	42	18	N	0	0	18	17.7222222222222
A_PB1	43	18	N	0	0	18	17.1111111111111
A_PB1	44	18	N	0	0	18	17.3888888888889
A_PB1	45	18	N	0	0	18	17.0555555555556
A_PB1	46	18	N	0	0	18	17.6111111111111
A_PB1	47	18	N	0	0	18	18
A_PB1	48	18	N	0	0	18	17.8888888888889
A_PB1	49	18	N	0	0	18	18.6666666666667
A_PB1	50	18	N	0	0	18	19.2777777777778
A_PB1	51	18	N	0	0	18	19.2222222222222
A_PB1	52	18	N	0	0	18	18.2777777777778
A_PB1	53	18	N	0	0	18	16.6111111111111
A_PB1	54	18	N	0	0	18	16.6111111111111
A_PB1	55	17	N	1	0	17	16.5882352941176
A_PB1	56	17	N	1	0	17	16.2352941176471
A_PB1	57	17	N	1	0	17	17.5294117647059
A_PB1	58	18	N	0	0	18	17.2777777777778
A_PB1	59	18	N	0	0	18	17.8888888888889
A_PB1	60	18	N	0	0	18	18.9444444444444
A_PB1	61	18	N	0	0	18	18.3333333333333
A_PB1	62	18	N	0	0	18	19.2222222222222
A_PB1	63	18	N	0	0	17	17.7058823529412
A_PB1	64	18	N	0	0	18	16.3888888888889
A_PB1	65	18	N	0	0	18	16.8888888888889
A_PB1	66	18	N	0	0	18	16.9444444444444
A_PB1	67	18	N	0	0	18	17.4444444444444
A_PB1	68	18	N	0	0	18	20.5555555555556
A_PB1	69	18	N	0	0	18	19.4444444444444
A_PB1	70	18	N	0	0	17	19
A_PB1	71	18	N	0	0	17	17.2352941176471
A_PB1	72	18	N	0	0	18	15.5555555555556
A_PB1	73	18	N	0	0	18	16.3888888888889
A_PB1	74	18	N	0	0	18	17.0555555555556
A_PB1	75	18	N	0	0	17	18
A_PB1	76	18	N	0	0	18	20.4444444444444
A_PB1	77	18	N	0	0	18	20.3888888888889
A_PB1	78	18	N	0	0	18	20.2222222222222
A_PB1	79	18	N	0	0	18	19.3333333333333
A_PB1	80	18	N	0	0	18	18.3333333333333
A_PB1	81	18	N	0	0	18	17.8888888888889
A_PB1	82	18	N	0	0	18	17.3333333333333
A_PB1	83	18	N	0	0	18	17.9444444444444
A_PB1	84	18	N	0	0	18	18.4444444444444
A_PB1	85	18	N	0	0	18	19.3888888888889
A_PB1	86	18	N	0	0	18	20.0555555555556
A_PB1	87	18	N	0	0	18	18.0555555555556
A_PB1	88	18	N	0	0	18	15.7777777777778
A_PB1	89	18	N	0	0	18	15.6666666666667
A_PB1	90	18	N	0	0	18	15.6111111111111
A_PB1	91	18	N	0	0	17	15.7058823529412
A_PB1	92	18	N	0	0	18	17.0555555555556
A_PB1	93	18	N	0	0	18	17.4444444444444
A_PB1	94	18	N	0	0	18	18.3888888888889
A_PB1	95	18	N	0	0	18	27.2222222222222
A_PB1	96	18	N	0	0	18	23.8333333333333
A_PB1	97	18	N	0	0	18	18.7777777777778
A_PB1	98	18	N	0	0	18	18.2222222222222
A_PB1	99	18	N	0	0	18	17.8888888888889
A_PB1	100	18	N	0	0	18	18
A_PB1	101	18	N	0	0	18	17.3333333333333
A_PB1	102	18	N	0	0	18	16.7777777777778
A_PB1	103	18	N	0	0	18	16.9444444444444
A_PB1	104	18	N	0	0	18	15.7777777777778
A_PB1	105	18	N	0	0	17	16.8235294117647
A_PB1	106	18	N	0	0	18	18.2222222222222
A_PB1	107	18	N	0	0	18	18.1111111111111
A_PB1	108	18	N	0	0	18	19.1666666666667
A_PB1	109	18	N	0	0	18	19.2777777777778
A_PB1	110	18	N	0	0	18	18.2777777777778
A_PB1	111	18	N	0	0	18	17.8333333333333
A_PB1	112	18	N	0	0	18	15.5
A_PB1	113	18	N	0	0	18	15.2777777777778
A_PB1	114	19	N	0	0	19	15.5263157894737
A_PB1	115	19	N	0	0	19	16.2631578947368
A_PB1	116	19	N	0	0	19	20.4210526315789
A_PB1	117	19	N	0	0	19	20.8947368421053
A_PB1	118	19	N	0	0	19	19.6315789473684
A_PB1	119	19	N	0	0	19	18.1052631578947
A_PB1	120	19	N	0	0	19	18.0526315789474
A_PB1	121	19	N	0	0	19	17.9473684210526
A_PB1	122	19	N	0	0	19	18.0526315789474
A_PB1	123	19	N	0	0	19	19.1052631578947
A_PB1	124	19	N	0	0	19	19.2105263157895
A_PB1	125	19	N	0	0	19	24.5789473684211
A_PB1	126	19	N	0	0	19	20.5789473684211
A_PB1	127	19	N	0	0	19	19.4210526315789
A_PB1	128	19	N	0	0	19	15.8421052631579
A_PB1	129	19	N	0	0	19	15.1052631578947
A_PB1	130	19	N	0	0	19	15.3684210526316
A_PB1	131	19	N	0	0	19	15.3684210526316
A_PB1	132	19	N	0	0	19	18.2105263157895
A_PB1	133	19	N	0	0	19	18.9473684210526
A_PB1	134	19	N	0	0	19	18.9473684210526
A_PB1	135	19	N	0	0	19	22.2631578947368
A_PB1	136	19	N	0	0	19	18.6315789473684
A_PB1	137	19	N	0	0	19	17.8947368421053
A_PB1	138	19	N	0	0	19	17.6315789473684
A_PB1	139	19	N	0	0	19	22.6315789473684
A_PB1	140	19	N	0	0	19	21.3684210526316
A_PB1	141	19	N	0	0	19	24.2105263157895
A_PB1	142	19	N	0	0	19	19.4210526315789
A_PB1	143	19	N	0	0	19	19.3684210526316
A_PB1	144	19	N	0	0	18	19.0555555555556
A_PB1	145	19	N	0	0	19	16.8947368421053
A_PB1	146	19	N	0	0	19	16.0526315789474
A_PB1	147	19	N	0	0	19	16
A_PB1	148	19	N	0	0	19	16.1578947368421
A_PB1	149	19	N	0	0	19	16.7894736842105
A_PB1	150	19	N	0	0	19	17.0526315789474
A_PB1	151	19	N	0	0	19	17.3157894736842
A_PB1	152	17	N	2	0	17	18.3529411764706
A_PB1	153	19	N	0	0	18	17.5
A_PB1	154	19	N	0	0	19	21.7894736842105
A_PB1	155	19	N	0	0	19	18.6315789473684
A_PB1	156	19	N	0	0	19	17.5789473684211
A_PB1	157	19	N	0	0	19	18.1578947368421
A_PB1	158	19	N	0	0	19	18.6842105263158
A_PB1	159	19	N	0	0	19	18.8421052631579
A_PB1	160	19	N	0	0	19	18
A_PB1	161	19	N	0	0	19	17.0526315789474
A_PB1	162	19	N	0	0	19	16.0526315789474
A_PB1	163	19	N	0	0	19	15.8947368421053
A_PB1	164	18	N	1	0	18	15.6666666666667
A_PB1	165	19	N	0	0	19	15.3157894736842
A_PB1	166	19	N	0	0	19	16.1578947368421
A_PB1	167	19	N	0	0	19	16.7368421052632
A_PB1	168	19	N	0	0	19	16.1578947368421
A_PB1	169	19	N	0	0	19	15.1578947368421
A_PB1	170	19	N	0	0	19	15.7368421052632
A_PB1	171	19	N	0	0	19	16.4736842105263
A_PB1	172	19	N	0	0	19	16.6315789473684
A_PB1	173	19	N	0	0	19	17
A_PB1	174	19	N	0	0	19	16.8421052631579
A_PB1	175	19	N	0	0	19	16.1578947368421
A_PB1	176	19	N	0	0	19	17.2105263157895
A_PB1	177	19	N	0	0	19	16.7368421052632
A_PB1	178	18	N	1	0	18	16.6111111111111
A_PB1	179	19	N	0	0	19	17.5263157894737
A_PB1	180	19	N	0	0	19	20.4210526315789
A_PB1	181	19	N	0	0	19	16.5263157894737
A_PB1	182	19	N	0	0	19	17.5263157894737
A_PB1	183	19	N	0	0	19	16.0526315789474
A_PB1	184	19	N	0	0	19	15.5263157894737
A_PB1	185	19	N	0	0	19	15.0526315789474
A_PB1	186	19	N	0	0	19	15.6315789473684
A_PB1	187	19	N	0	0	19	16.3684210526316
A_PB1	188	19	N	0	0	19	17.3684210526316
A_PB1	189	19	N	0	0	19	18.0526315789474
A_PB1	190	19	N	0	0	19	19.4210526315789
A_PB1	191	19	N	0	0	19	20.0526315789474
A_PB1	192	19	N	0	0	19	20.5789473684211
A_PB1	193	19	N	0	0	19	21.5263157894737
A_PB1	194	20	N	0	0	20	20
A_PB1	195	20	N	0	0	20	19.15
A_PB1	196	20	N	0	0	20	19.05
A_PB1	197	19	N	1	0	19	18.5789473684211
A_PB1	198	20	N	0	0	20	19.65
A_PB1	199	20	N	0	0	19	18.4736842105263
A_PB1	200	20	N	0	0	20	17.75
A_PB1	201	20	N	0	0	20	16.95
A_PB1	202	20	N	0	0	20	16.55
A_PB1	203	20	N	0	0	20	16.55
A_PB1	204	20	N	0	0	18	15.0555555555556
A_PB1	205	20	N	0	0	19	14.3157894736842
A_PB1	206	20	N	0	0	20	13.8
A_PB1	207	20	N	0	0	20	14.15
A_PB1	208	20	N	0	0	19	14.8421052631579
A_PB1	209	20	N	0	0	20	15.6
A_PB1	210	20	N	0	0	18	15.7222222222222
A_PB1	211	20	N	0	0	20	13.85
A_PB1	212	20	N	0	0	20	14.25
A_PB1	213	20	N	0	0	20	14.95
A_PB1	214	20	N	0	0	20	15.1
A_PB1	215	20	N	0	0	20	18
A_PB1	216	20	N	0	0	20	19.05
A_PB1	217	20	N	0	0	20	19.15
A_PB1	218	14	N	6	0	14	16.8571428571429
A_PB1	219	14	N	6	0	14	16.9285714285714
A_PB1	220	14	N	6	0	14	16.9285714285714
A_PB1	221	14	N	6	0	14	17
A_PB1	222	14	N	6	0	14	22.7142857142857
A_PB1	223	14	N	6	0	14	17.9285714285714
A_PB1	224	14	N	6	0	14	18
A_PB1	225	14	N	6	0	14	17.7857142857143
A_PB1	226	14	N	6	0	14	17.1428571428571
A_PB1	227	14	N	6	0	14	17.9285714285714
A_PB1	228	14	N	6	0	14	16.8571428571429
A_PB1	229	13	N	7	0	13	15.5384615384615
A_PB1	230	14	N	6	0	14	15.5
A_PB1	231	14	N	6	0	14	15.7142857142857
A_PB1	232	14	N	6	0	14	15.8571428571429
A_PB1	233	14	N	6	0	14	16
A_PB1	234	14	N	6	0	14	16.3571428571429
A_PB1	235	14	N	6	0	13	16.6153846153846
A_PB1	236	14	N	6	0	13	17.3846153846154
A_PB1	237	14	N	6	0	14	16.8571428571429
A_PB1	238	14	N	6	0	14	17.7142857142857
A_PB1	239	14	N	6	0	14	16.8571428571429
A_PB1	240	20	N	0	0	20	18.2
A_PB1	241	20	N	0	0	20	18.55
A_PB1	242	20	N	0	0	20	19.15
A_PB1	243	20	N	0	0	20	19.3
A_PB1	244	20	N	0	0	20	17.15
A_PB1	245	20	N	0	0	20	16.3
A_PB1	246	20	N	0	0	20	16.2
A_PB1	247	20	N	0	0	20	15.9
A_PB1	248	20	N	0	0	20	16.15
A_PB1	249	20	N	0	0	20	17.05
A_PB1	250	20	N	0	0	20	17.1
A_PB1	251	20	N	0	0	20	17.05
A_PB1	252	20	N	0	0	20	16.6
A_PB1	253	20	N	0	0	19	17.1052631578947
A_PB1	254	20	N	0	0	20	17.55
A_PB1	255	20	N	0	0	20	17.65
A_PB1	256	20	N	0	0	20	17.2
A_PB1	257	20	N	0	0	20	17.1
A_PB1	258	20	N	0	0	20	16.65
A_PB1	259	20	N	0	0	20	16.7
A_PB1	260	20	N	0	0	20	17.5
A_PB1	261	20	N	0	0	20	17.8
A_PB1	262	20	N	0	0	20	19.35
A_PB1	263	20	N	0	0	20	20.35
A_PB1	264	20	N	0	0	20	16
A_PB1	265	20	N	0	0	20	16.1
A_PB1	266	20	N	0	0	20	16.35
A_PB1	267	19	N	1	0	19	17.2631578947368
A_PB1	268	20	N	0	0	20	16.6
A_PB1	269	20	N	0	0	20	17.5
A_PB1	270	20	N	0	0	20	17.8
A_PB1	271	20	N	0	0	20	18.05
A_PB1	272	20	N	0	0	20	18
A_PB1	273	20	N	0	0	20	17.2
A_PB1	274	20	N	0	0	20	16.25
A_PB1	275	20	N	0	0	20	16.15
A_PB1	276	20	N	0	0	20	16.7
A_PB1	277	20	N	0	0	20	17
A_PB1	278	20	N	0	0	20	18.35
A_PB1	279	19	N	1	0	19	18.9473684210526
A_PB1	280	20	N	0	0	19	18.3157894736842
A_PB1	281	20	N	0	0	20	19.05
A_PB1	282	20	N	0	0	20	18.4
A_PB1	283	20	N	0	0	20	17.9
A_PB1	284	20	N	0	0	20	17.6
A_PB1	285	20	N	0	0	20	16.65
A_PB1	286	20	N	0	0	20	15.15
A_PB1	287	20	N	0	0	20	15.15
A_PB1	288	19	N	1	0	19	16.8947368421053
A_PB1	289	19	N	1	0	19	16.2631578947368
A_PB1	290	20	N	0	0	19	17.3684210526316
A_PB1	291	20	N	0	0	20	17.5
A_PB1	292	20	N	0	0	19	17.3157894736842
A_PB1	293	20	N	0	0	20	17.4
A_PB1	294	20	N	0	0	19	16.8421052631579
A_PB1	295	20	N	0	0	18	17.5
A_PB1	296	20	N	0	0	19	17.0526315789474
A_PB1	297	20	N	0	0	20	16.95
A_PB1	298	20	N	0	0	20	16.9
A_PB1	299	20	N	0	0	18	16.6111111111111
A_PB1	300	20	N	0	0	20	17.1
A_PB1	301	20	N	0	0	20	19.35
A_PB1	302	20	N	0	0	20	18
A_PB1	303	20	N	0	0	20	17.7
A_PB1	304	20	N	0	0	20	18.7
A_PB1	305	20	N	0	0	20	17
A_PB1	306	20	N	0	0	20	17.25
A_PB1	307	20	N	0	0	20	16.5
A_PB1	308	20	N	0	0	20	16.25
A_PB1	309	20	N	0	0	20	18.2
A_PB1	310	20	N	0	0	20	18.45
A_PB1	311	19	N	1	0	19	19.1578947368421
A_PB1	312	20	N	0	0	20	18.2
A_PB1	313	20	N	0	0	20	17.6
A_PB1	314	20	N	0	0	20	17.15
A_PB1	315	20	N	0	0	20	16.8
A_PB1	316	20	N	0	0	20	17.1
A_PB1	317	20	N	0	0	20	16.5
A_PB1	318	20	N	0	0	20	17
A_PB1	319	20	N	0	0	20	16.95
A_PB1	320	14	N	0	0	14	16.5
A_PB1	321	14	N	0	0	14	16.7142857142857
A_PB1	322	14	N	0	0	14	16.5
A_PB1	323	14	N	0	0	14	17.0714285714286
A_PB1	324	14	N	0	0	14	18.6428571428571
A_PB1	325	14	N	0	0	14	17.5
A_PB1	326	14	N	0	0	14	17.1428571428571
A_PB1	327	14	N	0	0	14	16.8571428571429
A_PB1	328	14	N	0	0	14	16.8571428571429
A_PB1	329	14	N	0	0	14	17.3571428571429
A_PB1	330	14	N	0	0	14	17.6428571428571
A_PB1	331	14	N	0	0	13	17.9230769230769
A_PB1	332	14	N	0	0	14	16.6428571428571
A_PB1	333	14	N	0	0	14	16.0714285714286
A_PB1	334	14	N	0	0	14	15.3571428571429
A_PB1	335	14	N	0	0	13	15.4615384615385
A_PB1	336	14	N	0	0	14	17.2142857142857
A_PB1	337	14	N	0	0	13	16.6153846153846
A_PB1	338	14	N	0	0	14	16.2857142857143
A_PB1	339	14	N	0	0	14	16.9285714285714
A_PB1	340	14	N	0	0	14	16.2142857142857
A_PB1	341	14	N	0	0	14	14.6428571428571
A_PB1	342	14	N	0	0	14	14.8571428571429
A_PB1	343	14	N	0	0	14	15.5
A_PB1	344	14	N	0	0	14	15.5
A_PB1	345	14	N	0	0	14	17.1428571428571
A_PB1	346	14	N	0	0	14	17.3571428571429
A_PB1	347	14	N	0	0	14	16.5
A_PB1	348	14	N	0	0	14	16.2142857142857
A_PB1	349	14	N	0	0	14	17.5714285714286
A_PB1	350	14	N	0	0	14	17.5
A_PB1	351	14	N	0	0	14	16.9285714285714
A_PB1	352	14	N	0	0	14	16.7142857142857
A_PB1	353	14	N	0	0	14	15.6428571428571
A_PB1	354	14	N	0	0	14	16.1428571428571
A_PB1	355	14	N	0	0	14	17.0714285714286
A_PB1	356	14	N	0	0	14	16.2857142857143
A_PB1	357	14	N	0	0	13	16.6923076923077
A_PB1	358	14	N	0	0	14	17.4285714285714
A_PB1	359	14	N	0	0	14	16.7857142857143
A_PB1	360	14	N	0	0	14	16.7857142857143
A_PB1	361	14	N	0	0	14	16.2857142857143
A_PB1	362	14	N	0	0	14	16.0714285714286
A_PB1	363	14	N	0	0	14	15.6428571428571
A_PB1	364	14	N	0	0	14	16.4285714285714
A_PB1	365	14	N	0	0	14	16.7142857142857
A_PB1	366	14	N	0	0	14	16.5
A_PB1	367	14	N	0	0	14	17
A_PB1	368	14	N	0	0	14	16.6428571428571
A_PB1	369	14	N	0	0	14	16
A_PB1	370	14	N	0	0	13	15.6923076923077
A_PB1	371	14	N	0	0	14	14.8571428571429
A_PB1	372	14	N	0	0	14	15.3571428571429
A_PB1	373	14	N	0	0	14	16
A_PB1	374	14	N	0	0	14	16
A_PB1	375	14	N	0	0	14	16.5
A_PB1	376	14	N	0	0	14	15.7857142857143
A_PB1	377	14	N	0	0	13	14.2307692307692
A_PB1	378	14	N	0	0	14	13.6428571428571
A_PB1	379	14	N	0	0	14	13.4285714285714
A_PB1	380	14	N	0	0	14	14.9285714285714
A_PB1	381	14	N	0	0	14	16.5
A_PB1	382	14	N	0	0	13	15.9230769230769
A_PB1	383	13	N	1	0	13	17.0769230769231
A_PB1	384	14	N	0	0	14	15.6428571428571
A_PB1	385	14	N	0	0	14	16.7142857142857
A_PB1	386	14	N	0	0	14	16.0714285714286
A_PB1	387	14	N	0	0	14	16.4285714285714
A_PB1	388	14	N	0	0	14	16.7142857142857
A_PB1	389	14	N	0	0	14	17.2857142857143
A_PB1	390	14	N	0	0	14	16.2142857142857
A_PB1	391	14	N	0	0	14	16
A_PB1	392	14	N	0	0	14	16.2857142857143
A_PB1	393	14	N	0	0	14	16
A_PB1	394	14	N	0	0	14	17.5
A_PB1	395	14	N	0	0	14	17.7857142857143
A_PB1	396	14	N	0	0	14	17.2857142857143
A_PB1	397	14	N	0	0	13	17.6153846153846
A_PB1	398	14	N	0	0	13	16.0769230769231
A_PB1	399	13	N	1	0	13	15.4615384615385
A_PB1	400	13	N	1	0	13	16.1538461538462
A_PB1	401	13	N	1	0	13	17.0769230769231
A_PB1	402	13	N	1	0	13	17.3846153846154
A_PB1	403	14	N	0	0	14	18.4285714285714
A_PB1	404	14	N	0	0	13	18.6923076923077
A_PB1	405	14	N	0	0	14	18.6428571428571
A_PB1	406	14	N	0	0	14	18.1428571428571
A_PB1	407	14	N	0	0	14	18.5
A_PB1	408	14	N	0	0	14	18
A_PB1	409	14	N	0	0	14	16.7857142857143
A_PB1	410	14	N	0	0	14	16.7857142857143
A_PB1	411	14	N	0	0	14	16
A_PB1	412	14	N	0	0	14	15.5714285714286
A_PB1	413	14	N	0	0	13	15.0769230769231
A_PB1	414	14	N	0	0	13	13.2307692307692
A_PB1	415	14	N	0	0	13	14.7692307692308
A_PB1	416	14	N	0	0	13	15.4615384615385
A_PB1	417	14	N	0	0	14	16.2142857142857
A_PB1	418	14	N	0	0	14	19.4285714285714
A_PB1	419	14	N	0	0	14	19.9285714285714
A_PB1	420	14	N	0	0	14	18.9285714285714
A_PB1	421	14	N	0	0	14	18.2142857142857
A_PB1	422	14	N	0	0	14	18.3571428571429
A_PB1	423	14	N	0	0	14	18.3571428571429
A_PB1	424	14	N	0	0	14	19
A_PB1	425	14	N	0	0	14	19.4285714285714
A_PB1	426	14	N	0	0	14	19.7142857142857
A_PB1	427	14	N	0	0	14	17.4285714285714
A_PB1	428	14	N	0	0	14	17.2857142857143
A_PB1	429	14	N	0	0	14	17.3571428571429
A_PB1	430	14	N	0	0	14	16.6428571428571
A_PB1	431	14	N	0	0	14	17.5
A_PB1	432	14	N	0	0	14	16.9285714285714
A_PB1	433	14	N	0	0	14	16.8571428571429
A_PB1	434	14	N	0	0	14	17.4285714285714
A_PB1	435	14	N	0	0	14	17.1428571428571
A_PB1	436	14	N	0	0	14	18.2857142857143
A_PB1	437	14	N	0	0	14	18.1428571428571
A_PB1	438	14	N	0	0	14	18.7857142857143
A_PB1	439	14	N	0	0	14	18.4285714285714
A_PB1	440	14	N	0	0	14	17.3571428571429
A_PB1	441	14	N	0	0	14	17.2142857142857
A_PB1	442	14	N	0	0	14	17
A_PB1	443	14	N	0	0	14	15.9285714285714
A_PB1	444	14	N	0	0	14	17.2142857142857
A_PB1	445	14	N	0	0	14	17.3571428571429
A_PB1	446	14	N	0	0	14	16.7142857142857
A_PB1	447	14	N	0	0	14	15.8571428571429
A_PB1	448	14	N	0	0	14	15.6428571428571
A_PB1	449	14	N	0	0	14	17.3571428571429
A_PB1	450	14	N	0	0	14	16.1428571428571
A_PB1	451	14	N	0	0	14	16.7857142857143
A_PB1	452	14	N	0	0	14	15.2857142857143
A_PB1	453	14	N	0	0	14	15.5714285714286
A_PB1	454	14	N	0	0	14	15.7142857142857
A_PB1	455	14	N	0	0	14	14.3571428571429
A_PB1	456	14	N	0	0	12	13.1666666666667
A_PB1	457	14	N	0	0	14	14.5
A_PB1	458	14	N	0	0	14	14.7142857142857
A_PB1	459	14	N	0	0	14	14.5
A_PB1	460	14	N	0	0	14	17.8571428571429
A_PB1	461	14	N	0	0	14	17.7857142857143
A_PB1	462	14	N	0	0	14	17
A_PB1	463	14	N	0	0	14	17
A_PB1	464	14	N	0	0	14	16.7857142857143
A_PB1	465	14	N	0	0	14	16.8571428571429
A_PB1	466	14	N	0	0	14	16.5
A_PB1	467	14	N	0	0	14	16.4285714285714
A_PB1	468	14	N	0	0	13	16.4615384615385
A_PB1	469	14	N	0	0	14	16.9285714285714
A_PB1	470	14	N	0	0	14	17.5714285714286
A_PB1	471	14	N	0	0	14	22.0714285714286
A_PB1	472	14	N	0	0	14	21.7142857142857
A_PB1	473	14	N	0	0	14	15.6428571428571
A_PB1	474	14	N	0	0	14	15
A_PB1	475	14	N	0	0	14	14.4285714285714
A_PB1	476	14	N	0	0	14	14.6428571428571
A_PB1	477	14	N	0	0	14	14.9285714285714
A_PB1	478	14	N	0	0	14	15.5
A_PB1	479	14	N	0	0	14	17.3571428571429
A_PB1	480	14	N	0	0	14	17.1428571428571
A_PB1	481	14	N	0	0	14	17.7142857142857
A_PB1	482	14	N	0	0	14	18.3571428571429
A_PB1	483	13	N	1	0	13	18.0769230769231
A_PB1	484	14	N	0	0	14	19.0714285714286
A_PB1	485	14	N	0	0	14	19.3571428571429
A_PB1	486	14	N	0	0	14	20.1428571428571
A_PB1	487	14	N	0	0	14	19.3571428571429
A_PB1	488	14	N	0	0	14	18.9285714285714
A_PB1	489	13	N	1	0	13	20
A_PB1	490	13	N	1	0	13	20
A_PB1	491	13	N	1	0	13	18.9230769230769
A_PB1	492	13	N	1	0	13	18.3076923076923
A_PB1	493	13	N	1	0	13	17.4615384615385
A_PB1	494	14	N	0	0	14	16.3571428571429
A_PB1	495	14	N	0	0	14	16.6428571428571
A_PB1	496	14	N	0	0	14	16.3571428571429
A_PB1	497	14	N	0	0	14	16.9285714285714
A_PB1	498	14	N	0	0	14	16.7857142857143
A_PB1	499	14	N	0	0	14	16.7142857142857
A_PB1	500	14	N	0	0	14	16.1428571428571
A_PB1	501	14	N	0	0	14	16
A_PB1	502	14	N	0	0	14	16.8571428571429
A_PB1	503	14	N	0	0	14	17.5
A_PB1	504	14	N	0	0	14	18.3571428571429
A_PB1	505	14	N	0	0	14	17.6428571428571
A_PB1	506	14	N	0	0	14	17.3571428571429
A_PB1	507	14	N	0	0	14	17.1428571428571
A_PB1	508	14	N	0	0	14	17.0714285714286
A_PB1	509	14	N	0	0	14	17.0714285714286
A_PB1	510	14	N	0	0	14	16.7857142857143
A_PB1	511	14	N	0	0	14	16.2142857142857
A_PB1	512	14	N	0	0	14	16.9285714285714
A_PB1	513	14	N	0	0	14	17.2142857142857
A_PB1	514	14	N	0	0	14	16.9285714285714
A_PB1	515	14	N	0	0	14	17.9285714285714
A_PB1	516	14	N	0	0	14	19.0714285714286
A_PB1	517	14	N	0	0	14	18.8571428571429
A_PB1	518	14	N	0	0	14	20.0714285714286
A_PB1	519	14	N	0	0	14	19.4285714285714
A_PB1	520	14	N	0	0	14	19.5
A_PB1	521	14	N	0	0	14	19.1428571428571
A_PB1	522	13	N	1	0	13	18.4615384615385
A_PB1	523	14	N	0	0	14	16.7857142857143
A_PB1	524	14	N	0	0	14	17.4285714285714
A_PB1	525	14	N	0	0	14	17.7142857142857
A_PB1	526	14	N	0	0	14	18.9285714285714
A_PB1	527	14	N	0	0	14	17.8571428571429
A_PB1	528	14	N	0	0	14	17.1428571428571
A_PB1	529	14	N	0	0	14	17.5
A_PB1	530	14	N	0	0	14	16.7142857142857
A_PB1	531	14	N	0	0	14	16.5
A_PB1	532	14	N	0	0	14	16.5
A_PB1	533	14	N	0	0	14	16.5
A_PB1	534	14	N	0	0	14	18.0714285714286
A_PB1	535	14	N	0	0	14	17
A_PB1	536	14	N	0	0	14	17.5
A_PB1	537	14	N	0	0	14	16.5714285714286
A_PB1	538	14	N	0	0	14	16.2857142857143
A_PB1	539	14	N	0	0	14	17.0714285714286
A_PB1	540	14	N	0	0	14	21.9285714285714
A_PB1	541	14	N	0	0	13	16.8461538461538
A_PB1	542	14	N	0	0	14	14.9285714285714
A_PB1	543	13	N	1	0	13	15
A_PB1	544	14	N	0	0	13	15.5384615384615
A_PB1	545	14	N	0	0	14	15.9285714285714
A_PB1	546	14	N	0	0	13	17.6923076923077
A_PB1	547	14	N	0	0	14	17.2142857142857
A_PB1	548	14	N	0	0	14	18.1428571428571
A_PB1	549	14	N	0	0	14	18.1428571428571
A_PB1	550	14	N	0	0	14	18.1428571428571
A_PB1	551	14	N	0	0	14	18.5714285714286
A_PB1	552	14	N	0	0	14	17.7857142857143
A_PB1	553	14	N	0	0	14	17.5
A_PB1	554	14	N	0	0	13	17.4615384615385
A_PB1	555	14	N	0	0	14	18.5714285714286
A_PB1	556	14	N	0	0	14	18.6428571428571
A_PB1	557	13	N	1	0	13	18.6923076923077
A_PB1	558	13	N	1	0	13	17.5384615384615
A_PB1	559	13	N	1	0	13	18.3846153846154
A_PB1	560	13	N	1	0	13	18.3076923076923
A_PB1	561	11	N	3	0	11	18.3636363636364
A_PB1	562	11	N	3	0	11	19.1818181818182
A_PB1	563	14	N	0	0	14	20.9285714285714
A_PB1	564	14	N	0	0	14	21.4285714285714
A_PB1	565	14	N	0	0	14	20.5
A_PB1	566	14	N	0	0	14	19.8571428571429
A_PB1	567	14	N	0	0	14	19.2142857142857
A_PB1	568	14	N	0	0	14	18.3571428571429
A_PB1	569	14	N	0	0	14	17.5
A_PB1	570	13	N	1	0	13	18.1538461538462
A_PB1	571	13	N	1	0	12	17
A_PB1	572	13	N	1	0	11	14.9090909090909
A_PB1	573	14	N	0	0	14	14.0714285714286
A_PB1	574	14	N	0	0	14	15.1428571428571
A_PB1	575	14	N	0	0	13	15.7692307692308
A_PB1	576	14	N	0	0	14	17.2857142857143
A_PB1	577	13	N	1	0	13	17.5384615384615
A_PB1	578	14	N	0	0	14	17.7142857142857
A_PB1	579	14	N	0	0	14	17.1428571428571
A_PB1	580	14	N	0	0	14	17.2857142857143
A_PB1	581	14	N	0	0	14	17.9285714285714
A_PB1	582	14	N	0	0	14	18.4285714285714
A_PB1	583	14	N	0	0	14	19.5
A_PB1	584	14	N	0	0	14	19.0714285714286
A_PB1	585	14	N	0	0	14	24.0714285714286
A_PB1	586	14	N	0	0	14	17.8571428571429
A_PB1	587	14	N	0	0	14	19.7857142857143
A_PB1	588	14	N	0	0	14	20
A_PB1	589	14	N	0	0	14	19.6428571428571
A_PB1	590	14	N	0	0	14	19.8571428571429
A_PB1	591	14	N	0	0	14	18.2857142857143
A_PB1	592	14	N	0	0	14	18.9285714285714
A_PB1	593	14	N	0	0	14	17.7142857142857
A_PB1	594	14	N	0	0	14	17.7857142857143
A_PB1	595	14	N	0	0	14	17.7142857142857
A_PB1	596	14	N	0	0	14	18
A_PB1	597	14	N	0	0	14	17.9285714285714
A_PB1	598	14	N	0	0	14	17.7857142857143
A_PB1	599	14	N	0	0	14	17.6428571428571
A_PB1	600	14	N	0	0	12	23.4166666666667
A_PB1	601	14	N	0	0	12	19.75
A_PB1	602	14	N	0	0	14	17.5714285714286
A_PB1	603	14	N	0	0	12	16.75
A_PB1	604	14	N	0	0	14	16.4285714285714
A_PB1	605	14	N	0	0	14	16.2142857142857
A_PB1	606	14	N	0	0	14	15.8571428571429
A_PB1	607	14	N	0	0	14	17.5
A_PB1	608	14	N	0	0	14	17.5714285714286
A_PB1	609	14	N	0	0	14	17.4285714285714
A_PB1	610	14	N	0	0	14	16.7142857142857
A_PB1	611	14	N	0	0	14	16.7857142857143
A_PB1	612	14	N	0	0	14	16.3571428571429
A_PB1	613	14	N	0	0	14	16.3571428571429
A_PB1	614	14	N	0	0	14	15.5
A_PB1	615	14	N	0	0	14	15.4285714285714
A_PB1	616	14	N	0	0	14	16.0714285714286
A_PB1	617	14	N	0	0	13	16.2307692307692
A_PB1	618	14	N	0	0	14	17.8571428571429
A_PB1	619	14	N	0	0	14	18.5
A_PB1	620	14	N	0	0	14	18.7857142857143
A_PB1	621	14	N	0	0	14	17.9285714285714
A_PB1	622	14	N	0	0	14	18.7857142857143
A_PB1	623	14	N	0	0	14	18.4285714285714
A_PB1	624	14	N	0	0	14	19.2857142857143
A_PB1	625	14	N	0	0	14	24.9285714285714
A_PB1	626	14	N	0	0	14	18.9285714285714
A_PB1	627	14	N	0	0	14	19.7142857142857
A_PB1	628	14	N	0	0	14	17.3571428571429
A_PB1	629	14	N	0	0	14	17
A_PB1	630	14	N	0	0	14	16.6428571428571
A_PB1	631	14	N	0	0	14	16.8571428571429
A_PB1	632	14	N	0	0	14	18.0714285714286
A_PB1	633	14	N	0	0	14	17.0714285714286
A_PB1	634	14	N	0	0	14	16.6428571428571
A_PB1	635	14	N	0	0	14	15.6428571428571
A_PB1	636	14	N	0	0	14	13.8571428571429
A_PB1	637	14	N	0	0	14	14.7142857142857
A_PB1	638	14	N	0	0	14	17.6428571428571
A_PB1	639	14	N	0	0	14	15.6428571428571
A_PB1	640	14	N	0	0	14	15.5714285714286
A_PB1	641	14	N	0	0	14	15.5
A_PB1	642	14	N	0	0	14	15.4285714285714
A_PB1	643	14	N	0	0	14	17.1428571428571
A_PB1	644	14	N	0	0	14	22.9285714285714
A_PB1	645	14	N	0	0	14	23.2142857142857
A_PB1	646	14	N	0	0	14	18.9285714285714
A_PB1	647	14	N	0	0	14	18.0714285714286
A_PB1	648	14	N	0	0	14	17.1428571428571
A_PB1	649	14	N	0	0	14	17.2142857142857
A_PB1	650	14	N	0	0	14	17.4285714285714
A_PB1	651	14	N	0	0	14	17.2142857142857
A_PB1	652	14	N	0	0	14	18.5
A_PB1	653	14	N	0	0	14	23.3571428571429
A_PB1	654	14	N	0	0	14	32.5714285714286
A_PB1	655	14	N	0	0	14	27.8571428571429
A_PB1	656	14	N	0	0	13	23.6923076923077
A_PB1	657	14	N	0	0	14	18.1428571428571
A_PB1	658	14	N	0	0	14	17.4285714285714
A_PB1	659	14	N	0	0	13	17.7692307692308
A_PB1	660	14	N	0	0	14	18.2857142857143
A_PB1	661	14	N	0	0	14	18.2857142857143
A_PB1	662	14	N	0	0	14	17.3571428571429
A_PB1	663	14	N	0	0	14	17.2142857142857
A_PB1	664	13	N	1	0	13	17.1538461538462
A_PB1	665	14	N	0	0	14	18.4285714285714
A_PB1	666	14	N	0	0	13	17.4615384615385
A_PB1	667	14	N	0	0	14	18.4285714285714
A_PB1	668	14	N	0	0	14	18
A_PB1	669	14	N	0	0	14	17.2857142857143
A_PB1	670	14	N	0	0	14	17.4285714285714
A_PB1	671	14	N	0	0	14	17.3571428571429
A_PB1	672	14	N	0	0	14	17.6428571428571
A_PB1	673	14	N	0	0	14	17.8571428571429
A_PB1	674	14	N	0	0	14	18.8571428571429
A_PB1	675	14	N	0	0	13	22.6923076923077
A_PB1	676	14	N	0	0	14	17.0714285714286
A_PB1	677	14	N	0	0	14	16.2142857142857
A_PB1	678	14	N	0	0	12	14
A_PB1	679	14	N	0	0	14	12.6428571428571
A_PB1	680	14	N	0	0	14	12.5
A_PB1	681	14	N	0	0	13	13.3076923076923
A_PB1	682	14	N	0	0	14	14.7142857142857
A_PB1	683	14	N	0	0	14	13.7857142857143
A_PB1	684	14	N	0	0	14	14.2142857142857
A_PB1	685	13	N	1	0	13	15.6923076923077
A_PB1	686	14	N	0	0	13	16.3076923076923
A_PB1	687	14	N	0	0	14	16.8571428571429
A_PB1	688	14	N	0	0	14	16.8571428571429
A_PB1	689	13	N	1	0	13	17.6153846153846
A_PB1	690	13	N	1	0	13	17.6923076923077
A_PB1	691	13	N	1	0	12	18.1666666666667
A_PB1	692	13	N	1	0	13	18.5384615384615
A_PB1	693	10	N	4	0	10	19.1
A_PB1	694	10	N	4	0	10	19.3
A_PB1	695	12	N	2	0	12	17.5
A_PB1	696	12	N	2	0	12	18.8333333333333
A_PB1	697	14	N	0	0	14	23.4285714285714
A_PB1	698	14	N	0	0	13	29
A_PB1	699	14	N	0	0	14	26.9285714285714
A_PB1	700	14	N	0	0	13	19.0769230769231
A_PB1	701	14	N	0	0	13	18.8461538461538
A_PB1	702	14	N	0	0	14	18.2142857142857
A_PB1	703	14	N	0	0	13	20.0769230769231
A_PB1	704	14	N	0	0	14	19.5714285714286
A_PB1	705	14	N	0	0	14	18.7142857142857
A_PB1	706	14	N	0	0	13	19.1538461538462
A_PB1	707	14	N	0	0	13	18.5384615384615
A_PB1	708	11	N	3	0	11	17.8181818181818
A_PB1	709	14	N	0	0	14	17.4285714285714
A_PB1	710	14	N	0	0	13	17.1538461538462
A_PB1	711	14	N	0	0	13	23
A_PB1	712	13	N	1	0	12	20
A_PB1	713	13	N	1	0	12	18.8333333333333
A_PB1	714	14	N	0	0	14	16.7857142857143
A_PB1	715	14	N	0	0	14	17.0714285714286
A_PB1	716	14	N	0	0	14	21.4285714285714
A_PB1	717	14	N	0	0	14	19.6428571428571
A_PB1	718	14	N	0	0	14	20.7857142857143
A_PB1	719	14	N	0	0	14	20.8571428571429
A_PB1	720	14	N	0	0	14	20.8571428571429
A_PB1	721	14	N	0	0	14	20.2857142857143
A_PB1	722	14	N	0	0	14	22.1428571428571
A_PB1	723	14	N	0	0	14	17.3571428571429
A_PB1	724	14	N	0	0	14	15.6428571428571
A_PB1	725	14	N	0	0	14	15.2142857142857
A_PB1	726	14	N	0	0	14	15
A_PB1	727	14	N	0	0	14	16.3571428571429
A_PB1	728	14	N	0	0	13	23.9230769230769
A_PB1	729	14	N	0	0	13	22.4615384615385
A_PB1	730	14	N	0	0	14	22.6428571428571
A_PB1	731	14	N	0	0	14	18.0714285714286
A_PB1	732	14	N	0	0	14	18.7142857142857
A_PB1	733	13	N	1	0	13	19.4615384615385
A_PB1	734	14	N	0	0	14	18.7142857142857
A_PB1	735	14	N	0	0	14	19.1428571428571
A_PB1	736	14	N	0	0	14	19.6428571428571
A_PB1	737	14	N	0	0	14	19.8571428571429
A_PB1	738	14	N	0	0	13	20.2307692307692
A_PB1	739	14	N	0	0	13	19.9230769230769
A_PB1	740	14	N	0	0	14	17.7857142857143
A_PB1	741	14	N	0	0	14	17.0714285714286
A_PB1	742	14	N	0	0	14	16.2142857142857
A_PB1	743	13	N	1	0	13	16.6153846153846
A_PB1	744	14	N	0	0	14	15.2857142857143
A_PB1	745	14	N	0	0	14	12.9285714285714
A_PB1	746	14	N	0	0	14	12.5714285714286
A_PB1	747	14	N	0	0	14	12.5714285714286
A_PB1	748	14	N	0	0	14	14.2857142857143
A_PB1	749	14	N	0	0	14	16.7857142857143
A_PB1	750	14	N	0	0	14	16.9285714285714
A_PB1	751	14	N	0	0	14	18.0714285714286
A_PB1	752	14	N	0	0	14	17.8571428571429
A_PB1	753	14	N	0	0	14	18.7857142857143
A_PB1	754	14	N	0	0	14	15.0714285714286
A_PB1	755	13	N	1	0	13	15.8461538461538
A_PB1	756	14	N	0	0	14	16.6428571428571
A_PB1	757	14	N	0	0	14	17.1428571428571
A_PB1	758	14	N	0	0	14	18.2142857142857
A_PB1	759	14	N	0	0	14	17.7857142857143
A_PB1	760	14	N	0	0	14	17.8571428571429
A_PB1	761	14	N	0	0	14	19.4285714285714
A_PB1	762	14	N	0	0	14	20.7857142857143
A_PB1	763	14	N	0	0	14	19.1428571428571
A_PB1	764	14	N	0	0	14	18
A_PB1	765	14	N	0	0	14	19.2142857142857
A_PB1	766	14	N	0	0	14	22.5714285714286
A_PB1	767	14	N	0	0	14	19
A_PB1	768	14	N	0	0	14	19.7142857142857
A_PB1	769	14	N	0	0	14	19.9285714285714
A_PB1	770	14	N	0	0	14	19.0714285714286
A_PB1	771	14	N	0	0	14	19.2857142857143
A_PB1	772	14	N	0	0	14	19.2142857142857
A_PB1	773	14	N	0	0	14	20.8571428571429
A_PB1	774	14	N	0	0	14	19.7142857142857
A_PB1	775	14	N	0	0	14	18.2142857142857
A_PB1	776	14	N	0	0	14	18.3571428571429
A_PB1	777	14	N	0	0	14	18
A_PB1	778	14	N	0	0	14	19.2142857142857
A_PB1	779	14	N	0	0	14	19.7857142857143
A_PB1	780	14	N	0	0	14	24.9285714285714
A_PB1	781	14	N	0	0	14	19.2142857142857
A_PB1	782	14	N	0	0	14	23.7857142857143
A_PB1	783	14	N	0	0	14	18.6428571428571
A_PB1	784	14	N	0	0	14	17.7857142857143
A_PB1	785	13	N	1	0	13	16.3846153846154
A_PB1	786	14	N	0	0	14	16.8571428571429
A_PB1	787	14	N	0	0	14	17.7857142857143
A_PB1	788	14	N	0	0	14	18.7142857142857
A_PB1	789	14	N	0	0	14	18.2142857142857
A_PB1	790	14	N	0	0	14	16.5714285714286
A_PB1	791	13	N	1	0	13	15.3846153846154
A_PB1	792	14	N	0	0	14	15.6428571428571
A_PB1	793	14	N	0	0	14	17.2142857142857
A_PB1	794	14	N	0	0	14	20.2857142857143
A_PB1	795	14	N	0	0	14	18.0714285714286
A_PB1	796	14	N	0	0	14	18.5714285714286
A_PB1	797	14	N	0	0	14	19.6428571428571
A_PB1	798	14	N	0	0	14	19.9285714285714
A_PB1	799	14	N	0	0	14	19.6428571428571
A_PB1	800	14	N	0	0	14	24
A_PB1	801	14	N	0	0	14	20.7142857142857
A_PB1	802	14	N	0	0	14	19.7857142857143
A_PB1	803	14	N	0	0	14	19.7857142857143
A_PB1	804	14	N	0	0	14	20.2857142857143
A_PB1	805	14	N	0	0	13	18.8461538461538
A_PB1	806	14	N	0	0	14	17.7142857142857
A_PB1	807	14	N	0	0	14	17.6428571428571
A_PB1	808	14	N	0	0	14	17.8571428571429
A_PB1	809	14	N	0	0	14	17.4285714285714
A_PB1	810	14	N	0	0	14	18.3571428571429
A_PB1	811	14	N	0	0	14	22.1428571428571
A_PB1	812	14	N	0	0	14	18.0714285714286
A_PB1	813	13	N	1	0	12	19.1666666666667
A_PB1	814	14	N	0	0	14	18.9285714285714
A_PB1	815	14	N	0	0	14	19.9285714285714
A_PB1	816	14	N	0	0	14	18.2142857142857
A_PB1	817	14	N	0	0	14	19.4285714285714
A_PB1	818	14	N	0	0	14	22.0714285714286
A_PB1	819	14	N	0	0	14	18.4285714285714
A_PB1	820	12	N	2	0	12	22.4166666666667
A_PB1	821	14	N	0	0	14	17.8571428571429
A_PB1	822	14	N	0	0	14	18.5
A_PB1	823	14	N	0	0	14	20.0714285714286
A_PB1	824	14	N	0	0	14	20
A_PB1	825	14	N	0	0	14	19.4285714285714
A_PB1	826	14	N	0	0	13	19.0769230769231
A_PB1	827	14	N	0	0	14	16.7142857142857
A_PB1	828	14	N	0	0	14	17
A_PB1	829	14	N	0	0	14	16.5714285714286
A_PB1	830	14	N	0	0	14	17.1428571428571
A_PB1	831	14	N	0	0	14	17.2857142857143
A_PB1	832	14	N	0	0	14	17.7142857142857
A_PB1	833	14	N	0	0	14	19.4285714285714
A_PB1	834	14	N	0	0	14	18.1428571428571
A_PB1	835	14	N	0	0	13	17.3846153846154
A_PB1	836	14	N	0	0	14	17.6428571428571
A_PB1	837	14	N	0	0	14	18.2142857142857
A_PB1	838	14	N	0	0	14	19.0714285714286
A_PB1	839	14	N	0	0	14	18.9285714285714
A_PB1	840	14	N	0	0	14	18.4285714285714
A_PB1	841	14	N	0	0	14	18.6428571428571
A_PB1	842	14	N	0	0	14	18.0714285714286
A_PB1	843	14	N	0	0	14	17.5714285714286
A_PB1	844	14	N	0	0	14	18.0714285714286
A_PB1	845	14	N	0	0	14	22.7857142857143
A_PB1	846	14	N	0	0	14	19.0714285714286
A_PB1	847	14	N	0	0	14	19.5714285714286
A_PB1	848	13	N	1	0	13	20
A_PB1	849	14	N	0	0	14	19.8571428571429
A_PB1	850	14	N	0	0	14	19.7142857142857
A_PB1	851	14	N	0	0	14	19.7857142857143
A_PB1	852	14	N	0	0	14	20.5714285714286
A_PB1	853	14	N	0	0	14	18.9285714285714
A_PB1	854	14	N	0	0	14	18.1428571428571
A_PB1	855	13	N	1	0	13	19.6153846153846
A_PB1	856	13	N	1	0	13	19.6923076923077
A_PB1	857	14	N	0	0	14	19.6428571428571
A_PB1	858	14	N	0	0	14	19.4285714285714
A_PB1	859	14	N	0	0	14	23.4285714285714
A_PB1	860	14	N	0	0	14	19
A_PB1	861	13	N	1	0	13	19.6923076923077
A_PB1	862	13	N	1	0	13	19.1538461538462
A_PB1	863	14	N	0	0	14	18.4285714285714
A_PB1	864	14	N	0	0	14	19.4285714285714
A_PB1	865	14	N	0	0	14	23.5
A_PB1	866	14	N	0	0	13	20.3076923076923
A_PB1	867	14	N	0	0	13	20.7692307692308
A_PB1	868	14	N	0	0	14	20.5714285714286
A_PB1	869	14	N	0	0	13	21
A_PB1	870	14	N	0	0	13	21.0769230769231
A_PB1	871	14	N	0	0	14	19.2142857142857
A_PB1	872	14	N	0	0	14	18.7142857142857
A_PB1	873	14	N	0	0	14	17
A_PB1	874	14	N	0	0	14	16.6428571428571
A_PB1	875	14	N	0	0	14	16.4285714285714
A_PB1	876	14	N	0	0	14	16.5
A_PB1	877	14	N	0	0	14	18.1428571428571
A_PB1	878	14	N	0	0	14	17.7142857142857
A_PB1	879	14	N	0	0	14	17.7142857142857
A_PB1	880	14	N	0	0	14	18.5714285714286
A_PB1	881	14	N	0	0	14	16.7142857142857
A_PB1	882	14	N	0	0	14	16.4285714285714
A_PB1	883	14	N	0	0	14	17.2857142857143
A_PB1	884	14	N	0	0	14	17.0714285714286
A_PB1	885	14	N	0	0	14	15.6428571428571
A_PB1	886	14	N	0	0	14	14.3571428571429
A_PB1	887	14	N	0	0	14	14.9285714285714
A_PB1	888	14	N	0	0	13	14.7692307692308
A_PB1	889	14	N	0	0	13	16.3076923076923
A_PB1	890	14	N	0	0	14	17.7857142857143
A_PB1	891	14	N	0	0	14	17.8571428571429
A_PB1	892	14	N	0	0	14	17.2857142857143
A_PB1	893	14	N	0	0	14	16.5714285714286
A_PB1	894	14	N	0	0	14	16.8571428571429
A_PB1	895	14	N	0	0	14	18.2142857142857
A_PB1	896	14	N	0	0	14	17.7857142857143
A_PB1	897	14	N	0	0	14	19
A_PB1	898	14	N	0	0	14	18.8571428571429
A_PB1	899	14	N	0	0	14	18.1428571428571
A_PB1	900	14	N	0	0	14	19
A_PB1	901	14	N	0	0	14	18.7142857142857
A_PB1	902	14	N	0	0	14	18.9285714285714
A_PB1	903	14	N	0	0	14	16.7857142857143
A_PB1	904	14	N	0	0	14	15.7142857142857
A_PB1	905	14	N	0	0	14	14.5714285714286
A_PB1	906	14	N	0	0	14	14.4285714285714
A_PB1	907	14	N	0	0	14	15.9285714285714
A_PB1	908	14	N	0	0	14	16.2142857142857
A_PB1	909	14	N	0	0	14	17.9285714285714
A_PB1	910	13	N	1	0	13	20.0769230769231
A_PB1	911	14	N	0	0	14	20
A_PB1	912	14	N	0	0	14	19.8571428571429
A_PB1	913	14	N	0	0	14	19.6428571428571
A_PB1	914	14	N	0	0	14	19.5
A_PB1	915	14	N	0	0	14	18.0714285714286
A_PB1	916	14	N	0	0	14	17.5
A_PB1	917	14	N	0	0	14	16.5714285714286
A_PB1	918	14	N	0	0	14	16.5
A_PB1	919	14	N	0	0	14	17.4285714285714
A_PB1	920	13	N	1	0	13	18.3076923076923
A_PB1	921	14	N	0	0	14	17.5714285714286
A_PB1	922	14	N	0	0	14	17.7142857142857
A_PB1	923	14	N	0	0	14	20.6428571428571
A_PB1	924	14	N	0	0	14	16.9285714285714
A_PB1	925	14	N	0	0	14	17.8571428571429
A_PB1	926	14	N	0	0	14	18.6428571428571
A_PB1	927	14	N	0	0	14	18.6428571428571
A_PB1	928	14	N	0	0	14	24.2857142857143
A_PB1	929	14	N	0	0	14	24.4285714285714
A_PB1	930	14	N	0	0	14	18.7857142857143
A_PB1	931	14	N	0	0	14	18.8571428571429
A_PB1	932	14	N	0	0	14	19.2142857142857
A_PB1	933	14	N	0	0	14	19.0714285714286
A_PB1	934	14	N	0	0	14	20.1428571428571
A_PB1	935	14	N	0	0	14	24.2857142857143
A_PB1	936	14	N	0	0	14	19.5
A_PB1	937	14	N	0	0	14	18.7142857142857
A_PB1	938	14	N	0	0	14	18.5
A_PB1	939	14	N	0	0	14	18.4285714285714
A_PB1	940	14	N	0	0	14	19.3571428571429
A_PB1	941	14	N	0	0	14	19.5
A_PB1	942	14	N	0	0	14	19.0714285714286
A_PB1	943	14	N	0	0	14	18.7857142857143
A_PB1	944	14	N	0	0	14	19.1428571428571
A_PB1	945	14	N	0	0	14	20.8571428571429
A_PB1	946	14	N	0	0	13	18.9230769230769
A_PB1	947	13	N	1	0	8	11.5
A_PB1	948	13	N	1	0	10	11.9
A_PB1	949	14	N	0	0	14	14.4285714285714
A_PB1	950	14	N	0	0	14	15.2857142857143
A_PB1	951	14	N	0	0	14	18.3571428571429
A_PB1	952	14	N	0	0	14	18.2857142857143
A_PB1	953	14	N	0	0	14	18.7857142857143
A_PB1	954	13	N	1	0	11	18.1818181818182
A_PB1	955	13	N	1	0	13	19.4615384615385
A_PB1	956	13	N	1	0	13	23.3846153846154
A_PB1	957	14	N	0	0	13	23.1538461538462
A_PB1	958	14	N	0	0	13	19.8461538461538
A_PB1	959	14	N	0	0	11	17.0909090909091
A_PB1	960	14	N	0	0	13	18.3076923076923
A_PB1	961	14	N	0	0	14	17.2857142857143
A_PB1	962	14	N	0	0	14	21.2857142857143
A_PB1	963	14	N	0	0	14	21.9285714285714
A_PB1	964	14	N	0	0	13	19.9230769230769
A_PB1	965	14	N	0	0	14	18.3571428571429
A_PB1	966	14	N	0	0	14	19
A_PB1	967	14	N	0	0	14	18
A_PB1	968	14	N	0	0	14	17.8571428571429
A_PB1	969	14	N	0	0	14	21.6428571428571
A_PB1	970	14	N	0	0	14	18.7142857142857
A_PB1	971	14	N	0	0	14	18.2857142857143
A_PB1	972	14	N	0	0	14	17.6428571428571
A_PB1	973	14	N	0	0	14	18.3571428571429
A_PB1	974	14	N	0	0	14	18.3571428571429
A_PB1	975	14	N	0	0	14	18.5714285714286
A_PB1	976	14	N	0	0	14	21.8571428571429
A_PB1	977	14	N	0	0	14	18
A_PB1	978	14	N	0	0	14	17.7142857142857
A_PB1	979	14	N	0	0	14	17.2857142857143
A_PB1	980	14	N	0	0	14	17.5
A_PB1	981	14	N	0	0	14	17
A_PB1	982	14	N	0	0	14	17.6428571428571
A_PB1	983	14	N	0	0	14	19.5
A_PB1	984	14	N	0	0	14	18.7142857142857
A_PB1	985	14	N	0	0	14	17.2142857142857
A_PB1	986	14	N	0	0	14	17
A_PB1	987	14	N	0	0	14	16.8571428571429
A_PB1	988	13	N	1	0	13	16.9230769230769
A_PB1	989	14	N	0	0	14	18.5714285714286
A_PB1	990	14	N	0	0	14	19.0714285714286
A_PB1	991	14	N	0	0	13	17.6153846153846
A_PB1	992	14	N	0	0	14	18.2142857142857
A_PB1	993	14	N	0	0	14	17.6428571428571
A_PB1	994	14	N	0	0	14	22.2857142857143
A_PB1	995	14	N	0	0	14	20.4285714285714
A_PB1	996	14	N	0	0	14	19.7142857142857
A_PB1	997	13	N	1	0	13	20.1538461538462
A_PB1	998	14	N	0	0	14	20.1428571428571
A_PB1	999	14	N	0	0	14	22.4285714285714
A_PB1	1000	14	N	0	0	14	22.5
A_PB1	1001	13	N	1	0	12	18.0833333333333
A_PB1	1002	12	N	2	0	12	17.8333333333333
A_PB1	1003	14	N	0	0	14	22.5
A_PB1	1004	14	N	0	0	14	19
A_PB1	1005	14	N	0	0	14	18.8571428571429
A_PB1	1006	14	N	0	0	14	22.3571428571429
A_PB1	1007	14	N	0	0	14	18.7142857142857
A_PB1	1008	14	N	0	0	14	21.5
A_PB1	1009	14	N	0	0	14	17.8571428571429
A_PB1	1010	14	N	0	0	14	18.3571428571429
A_PB1	1011	13	N	1	0	13	20.3846153846154
A_PB1	1012	14	N	0	0	14	21.1428571428571
A_PB1	1013	14	N	0	0	14	22.7142857142857
A_PB1	1014	14	N	0	0	14	25.3571428571429
A_PB1	1015	14	N	0	0	14	22.2857142857143
A_PB1	1016	14	N	0	0	14	21.5
A_PB1	1017	14	N	0	0	14	20.5714285714286
A_PB1	1018	14	N	0	0	14	19.4285714285714
A_PB1	1019	14	N	0	0	14	19.2142857142857
A_PB1	1020	14	N	0	0	14	18.7857142857143
A_PB1	1021	14	N	0	0	14	18.2857142857143
A_PB1	1022	14	N	0	0	14	18.5
A_PB1	1023	14	N	0	0	12	17.8333333333333
A_PB1	1024	14	N	0	0	14	18.5714285714286
A_PB1	1025	14	N	0	0	14	16.7142857142857
A_PB1	1026	14	N	0	0	14	15.7857142857143
A_PB1	1027	14	N	0	0	14	14.1428571428571
A_PB1	1028	14	N	0	0	14	13.4285714285714
A_PB1	1029	14	N	0	0	14	13.3571428571429
A_PB1	1030	14	N	0	0	14	13.2142857142857
A_PB1	1031	14	N	0	0	14	14.5
A_PB1	1032	14	N	0	0	14	15.5714285714286
A_PB1	1033	14	N	0	0	14	16.1428571428571
A_PB1	1034	14	N	0	0	14	17.5714285714286
A_PB1	1035	14	N	0	0	14	17.5714285714286
A_PB1	1036	14	N	0	0	14	18.7142857142857
A_PB1	1037	14	N	0	0	14	19.7142857142857
A_PB1	1038	14	N	0	0	14	19.2142857142857
A_PB1	1039	14	N	0	0	14	17.8571428571429
A_PB1	1040	14	N	0	0	14	16.9285714285714
A_PB1	1041	14	N	0	0	14	16.7142857142857
A_PB1	1042	14	N	0	0	14	19.0714285714286
A_PB1	1043	14	N	0	0	14	17.5714285714286
A_PB1	1044	14	N	0	0	14	17.4285714285714
A_PB1	1045	14	N	0	0	14	17.7142857142857
A_PB1	1046	14	N	0	0	14	18.3571428571429
A_PB1	1047	14	N	0	0	14	18.8571428571429
A_PB1	1048	14	N	0	0	14	22.9285714285714
A_PB1	1049	14	N	0	0	14	18
A_PB1	1050	14	N	0	0	13	16.4615384615385
A_PB1	1051	14	N	0	0	14	17.5714285714286
A_PB1	1052	14	N	0	0	14	17.0714285714286
A_PB1	1053	14	N	0	0	14	17.5
A_PB1	1054	14	N	0	0	14	17.0714285714286
A_PB1	1055	14	N	0	0	14	22.5714285714286
A_PB1	1056	14	N	0	0	14	22.9285714285714
A_PB1	1057	14	N	0	0	14	24.3571428571429
A_PB1	1058	14	N	0	0	14	20.5
A_PB1	1059	14	N	0	0	14	21.1428571428571
A_PB1	1060	14	N	0	0	14	20.2857142857143
A_PB1	1061	14	N	0	0	14	20.0714285714286
A_PB1	1062	14	N	0	0	14	22.3571428571429
A_PB1	1063	14	N	0	0	14	18.6428571428571
A_PB1	1064	14	N	0	0	14	18.7857142857143
A_PB1	1065	14	N	0	0	13	20.3076923076923
A_PB1	1066	14	N	0	0	14	20
A_PB1	1067	14	N	0	0	14	20.5714285714286
A_PB1	1068	14	N	0	0	13	20.8461538461538
A_PB1	1069	14	N	0	0	14	19.6428571428571
A_PB1	1070	14	N	0	0	14	18.5
A_PB1	1071	14	N	0	0	13	18.0769230769231
A_PB1	1072	14	N	0	0	14	16.1428571428571
A_PB1	1073	14	N	0	0	13	16.8461538461538
A_PB1	1074	14	N	0	0	14	16.8571428571429
A_PB1	1075	14	N	0	0	14	18.0714285714286
A_PB1	1076	14	N	0	0	14	18.3571428571429
A_PB1	1077	14	N	0	0	14	16.6428571428571
A_PB1	1078	14	N	0	0	14	16.3571428571429
A_PB1	1079	14	N	0	0	14	17.1428571428571
A_PB1	1080	14	N	0	0	14	17.7857142857143
A_PB1	1081	14	N	0	0	14	19.9285714285714
A_PB1	1082	14	N	0	0	14	19.8571428571429
A_PB1	1083	14	N	0	0	14	18.2857142857143
A_PB1	1084	14	N	0	0	14	17.6428571428571
A_PB1	1085	14	N	0	0	13	17.3076923076923
A_PB1	1086	14	N	0	0	14	16.5714285714286
A_PB1	1087	14	N	0	0	14	16.9285714285714
A_PB1	1088	14	N	0	0	14	16.8571428571429
A_PB1	1089	14	N	0	0	14	17.7857142857143
A_PB1	1090	14	N	0	0	14	17.5714285714286
A_PB1	1091	14	N	0	0	14	21.3571428571429
A_PB1	1092	14	N	0	0	14	18.1428571428571
A_PB1	1093	13	N	1	0	13	16.5384615384615
A_PB1	1094	13	N	1	0	12	16.8333333333333
A_PB1	1095	14	N	0	0	14	16.4285714285714
A_PB1	1096	14	N	0	0	14	16.5714285714286
A_PB1	1097	14	N	0	0	14	16.7142857142857
A_PB1	1098	13	N	1	0	13	18.8461538461538
A_PB1	1099	14	N	0	0	14	23.2857142857143
A_PB1	1100	14	N	0	0	14	19.2857142857143
A_PB1	1101	14	N	0	0	14	19.7857142857143
A_PB1	1102	14	N	0	0	14	19.9285714285714
A_PB1	1103	14	N	0	0	14	20.1428571428571
A_PB1	1104	14	N	0	0	14	18.6428571428571
A_PB1	1105	14	N	0	0	14	18.0714285714286
A_PB1	1106	14	N	0	0	14	19.7857142857143
A_PB1	1107	14	N	0	0	14	23.2142857142857
A_PB1	1108	14	N	0	0	14	19.4285714285714
A_PB1	1109	14	N	0	0	14	19.6428571428571
A_PB1	1110	14	N	0	0	14	19.8571428571429
A_PB1	1111	14	N	0	0	14	20.4285714285714
A_PB1	1112	14	N	0	0	14	21.0714285714286
A_PB1	1113	14	N	0	0	14	21.3571428571429
A_PB1	1114	14	N	0	0	14	21.7142857142857
A_PB1	1115	14	N	0	0	14	21.2142857142857
A_PB1	1116	14	N	0	0	14	20.5
A_PB1	1117	14	N	0	0	14	20.5
A_PB1	1118	14	N	0	0	13	19.2307692307692
A_PB1	1119	14	N	0	0	14	19.5714285714286
A_PB1	1120	14	N	0	0	14	18.6428571428571
A_PB1	1121	14	N	0	0	14	19.6428571428571
A_PB1	1122	14	N	0	0	14	18.7857142857143
A_PB1	1123	14	N	0	0	14	18.8571428571429
A_PB1	1124	14	N	0	0	14	22.5
A_PB1	1125	14	N	0	0	14	18.7142857142857
A_PB1	1126	14	N	0	0	14	18.0714285714286
A_PB1	1127	14	N	0	0	14	20.8571428571429
A_PB1	1128	14	N	0	0	14	18.7857142857143
A_PB1	1129	14	N	0	0	14	22.1428571428571
A_PB1	1130	14	N	0	0	14	19.6428571428571
A_PB1	1131	14	N	0	0	14	21.1428571428571
A_PB1	1132	14	N	0	0	14	20.3571428571429
A_PB1	1133	14	N	0	0	14	20.7857142857143
A_PB1	1134	14	N	0	0	14	24.1428571428571
A_PB1	1135	14	N	0	0	14	21.5714285714286
A_PB1	1136	14	N	0	0	14	20.2857142857143
A_PB1	1137	14	N	0	0	14	19.7857142857143
A_PB1	1138	14	N	0	0	14	18.0714285714286
A_PB1	1139	14	N	0	0	14	17.2142857142857
A_PB1	1140	14	N	0	0	14	15.9285714285714
A_PB1	1141	14	N	0	0	14	17.8571428571429
A_PB1	1142	14	N	0	0	14	19.7857142857143
A_PB1	1143	14	N	0	0	14	19.2857142857143
A_PB1	1144	14	N	0	0	14	19.2142857142857
A_PB1	1145	14	N	0	0	14	17.5
A_PB1	1146	14	N	0	0	14	17.8571428571429
A_PB1	1147	14	N	0	0	11	17.3636363636364
A_PB1	1148	14	N	0	0	14	17.9285714285714
A_PB1	1149	14	N	0	0	14	18.2857142857143
A_PB1	1150	14	N	0	0	14	18.5714285714286
A_PB1	1151	14	N	0	0	13	17.0769230769231
A_PB1	1152	14	N	0	0	14	18.2857142857143
A_PB1	1153	14	N	0	0	14	18.1428571428571
A_PB1	1154	14	N	0	0	14	18.2142857142857
A_PB1	1155	14	N	0	0	14	18.0714285714286
A_PB1	1156	13	N	1	0	13	19.0769230769231
A_PB1	1157	13	N	1	0	13	19.6153846153846
A_PB1	1158	13	N	1	0	13	19.6153846153846
A_PB1	1159	14	N	0	0	14	18.5714285714286
A_PB1	1160	14	N	0	0	14	18.3571428571429
A_PB1	1161	14	N	0	0	14	18.3571428571429
A_PB1	1162	14	N	0	0	14	18.7857142857143
A_PB1	1163	14	N	0	0	14	19.4285714285714
A_PB1	1164	14	N	0	0	13	18.9230769230769
A_PB1	1165	13	N	1	0	13	19.2307692307692
A_PB1	1166	13	N	1	0	13	18.6153846153846
A_PB1	1167	14	N	0	0	14	18.2142857142857
A_PB1	1168	14	N	0	0	13	18.2307692307692
A_PB1	1169	14	N	0	0	14	18.1428571428571
A_PB1	1170	13	N	1	0	13	17.9230769230769
A_PB1	1171	13	N	1	0	12	19.3333333333333
A_PB1	1172	14	N	0	0	14	18.8571428571429
A_PB1	1173	14	N	0	0	14	20.5714285714286
A_PB1	1174	14	N	0	0	14	19.7857142857143
A_PB1	1175	14	N	0	0	14	18.3571428571429
A_PB1	1176	14	N	0	0	14	16.5
A_PB1	1177	14	N	0	0	14	16
A_PB1	1178	14	N	0	0	14	15.4285714285714
A_PB1	1179	14	N	0	0	14	17
A_PB1	1180	14	N	0	0	14	16.7857142857143
A_PB1	1181	14	N	0	0	14	17.5
A_PB1	1182	14	N	0	0	14	18.7857142857143
A_PB1	1183	14	N	0	0	14	18.6428571428571
A_PB1	1184	13	N	1	0	13	19.2307692307692
A_PB1	1185	14	N	0	0	14	22.7142857142857
A_PB1	1186	14	N	0	0	14	20.7142857142857
A_PB1	1187	13	N	1	0	13	20.5384615384615
A_PB1	1188	13	N	1	0	13	19.0769230769231
A_PB1	1189	14	N	0	0	14	17.6428571428571
A_PB1	1190	14	N	0	0	14	17.2142857142857
A_PB1	1191	14	N	0	0	14	16.6428571428571
A_PB1	1192	14	N	0	0	14	17.1428571428571
A_PB1	1193	14	N	0	0	14	17.7857142857143
A_PB1	1194	14	N	0	0	14	18.4285714285714
A_PB1	1195	14	N	0	0	14	17.0714285714286
A_PB1	1196	14	N	0	0	14	22
A_PB1	1197	14	N	0	0	14	18.9285714285714
A_PB1	1198	14	N	0	0	14	19
A_PB1	1199	14	N	0	0	14	23.6428571428571
A_PB1	1200	14	N	0	0	14	20.7142857142857
A_PB1	1201	14	N	0	0	14	20.2142857142857
A_PB1	1202	14	N	0	0	14	19.7142857142857
A_PB1	1203	14	N	0	0	14	19.3571428571429
A_PB1	1204	14	N	0	0	14	18.8571428571429
A_PB1	1205	14	N	0	0	14	18.2857142857143
A_PB1	1206	14	N	0	0	14	17.4285714285714
A_PB1	1207	14	N	0	0	14	17.3571428571429
A_PB1	1208	14	N	0	0	14	17.3571428571429
A_PB1	1209	14	N	0	0	14	16.0714285714286
A_PB1	1210	14	N	0	0	13	17.0769230769231
A_PB1	1211	14	N	0	0	13	21.3076923076923
A_PB1	1212	14	N	0	0	14	17.2857142857143
A_PB1	1213	14	N	0	0	13	17.3846153846154
A_PB1	1214	14	N	0	0	14	17.2857142857143
A_PB1	1215	13	N	1	0	13	17.3846153846154
A_PB1	1216	14	N	0	0	14	18.6428571428571
A_PB1	1217	14	N	0	0	14	17.6428571428571
A_PB1	1218	14	N	0	0	14	16.7857142857143
A_PB1	1219	14	N	0	0	14	17.3571428571429
A_PB1	1220	14	N	0	0	14	16.9285714285714
A_PB1	1221	14	N	0	0	13	17.2307692307692
A_PB1	1222	14	N	0	0	14	16.2857142857143
A_PB1	1223	14	N	0	0	14	15.6428571428571
A_PB1	1224	14	N	0	0	14	13.7857142857143
A_PB1	1225	14	N	0	0	14	12.5714285714286
A_PB1	1226	14	N	0	0	14	12.1428571428571
A_PB1	1227	14	N	0	0	14	12.5
A_PB1	1228	14	N	0	0	14	12.7142857142857
A_PB1	1229	14	N	0	0	14	13.8571428571429
A_PB1	1230	14	N	0	0	14	14.6428571428571
A_PB1	1231	14	N	0	0	14	15.2857142857143
A_PB1	1232	14	N	0	0	14	15.5
A_PB1	1233	14	N	0	0	14	15.3571428571429
A_PB1	1234	14	N	0	0	14	15.7142857142857
A_PB1	1235	14	N	0	0	14	16.6428571428571
A_PB1	1236	14	N	0	0	14	18.1428571428571
A_PB1	1237	14	N	0	0	13	17.2307692307692
A_PB1	1238	14	N	0	0	14	18.5
A_PB1	1239	14	N	0	0	14	17.6428571428571
A_PB1	1240	14	N	0	0	14	17.6428571428571
A_PB1	1241	14	N	0	0	14	18.2142857142857
A_PB1	1242	14	N	0	0	14	19.0714285714286
A_PB1	1243	14	N	0	0	14	19.4285714285714
A_PB1	1244	14	N	0	0	14	19.1428571428571
A_PB1	1245	14	N	0	0	14	19.2857142857143
A_PB1	1246	14	N	0	0	14	18.6428571428571
A_PB1	1247	14	N	0	0	14	18.6428571428571
A_PB1	1248	14	N	0	0	14	17.1428571428571
A_PB1	1249	14	N	0	0	14	17.2142857142857
A_PB1	1250	14	N	0	0	14	17.5714285714286
A_PB1	1251	14	N	0	0	13	15.9230769230769
A_PB1	1252	14	N	0	0	14	16.2857142857143
A_PB1	1253	14	N	0	0	14	15.5
A_PB1	1254	14	N	0	0	13	16.3846153846154
A_PB1	1255	14	N	0	0	14	17.9285714285714
A_PB1	1256	14	N	0	0	14	17.5
A_PB1	1257	13	N	1	0	13	19.0769230769231
A_PB1	1258	14	N	0	0	14	17.9285714285714
A_PB1	1259	14	N	0	0	14	18.1428571428571
A_PB1	1260	14	N	0	0	14	18.7142857142857
A_PB1	1261	13	N	1	0	13	18.3076923076923
A_PB1	1262	14	N	0	0	14	18
A_PB1	1263	14	N	0	0	14	17.7857142857143
A_PB1	1264	14	N	0	0	14	17.5
A_PB1	1265	14	N	0	0	14	16.4285714285714
A_PB1	1266	12	N	2	0	12	16.5833333333333
A_PB1	1267	14	N	0	0	14	17.4285714285714
A_PB1	1268	14	N	0	0	14	17.7142857142857
A_PB1	1269	14	N	0	0	14	18.7142857142857
A_PB1	1270	14	N	0	0	13	19.4615384615385
A_PB1	1271	14	N	0	0	13	19.6153846153846
A_PB1	1272	14	N	0	0	14	20.6428571428571
A_PB1	1273	14	N	0	0	14	19.2857142857143
A_PB1	1274	14	N	0	0	14	19.2142857142857
A_PB1	1275	14	N	0	0	14	17.9285714285714
A_PB1	1276	14	N	0	0	14	19.5
A_PB1	1277	14	N	0	0	14	18.9285714285714
A_PB1	1278	14	N	0	0	14	18.9285714285714
A_PB1	1279	14	N	0	0	13	18.5384615384615
A_PB1	1280	14	N	0	0	13	17.4615384615385
A_PB1	1281	14	N	0	0	14	16.9285714285714
A_PB1	1282	14	N	0	0	14	16.0714285714286
A_PB1	1283	13	N	1	0	13	17.0769230769231
A_PB1	1284	14	N	0	0	14	16.7142857142857
A_PB1	1285	14	N	0	0	14	17.4285714285714
A_PB1	1286	14	N	0	0	14	17.3571428571429
A_PB1	1287	14	N	0	0	14	20.5714285714286
A_PB1	1288	14	N	0	0	14	17.3571428571429
A_PB1	1289	14	N	0	0	14	17.0714285714286
A_PB1	1290	14	N	0	0	14	17.7142857142857
A_PB1	1291	14	N	0	0	13	15.3846153846154
A_PB1	1292	14	N	0	0	14	15.2142857142857
A_PB1	1293	14	N	0	0	14	15.1428571428571
A_PB1	1294	14	N	0	0	14	14.7142857142857
A_PB1	1295	14	N	0	0	14	17.3571428571429
A_PB1	1296	14	N	0	0	14	18.1428571428571
A_PB1	1297	14	N	0	0	14	19
A_PB1	1298	14	N	0	0	14	20.9285714285714
A_PB1	1299	14	N	0	0	14	23
A_PB1	1300	14	N	0	0	14	18.4285714285714
A_PB1	1301	14	N	0	0	14	18.1428571428571
A_PB1	1302	14	N	0	0	14	17.1428571428571
A_PB1	1303	14	N	0	0	14	17.1428571428571
A_PB1	1304	14	N	0	0	14	17.5714285714286
A_PB1	1305	14	N	0	0	14	17.7857142857143
A_PB1	1306	14	N	0	0	14	17
A_PB1	1307	14	N	0	0	14	17
A_PB1	1308	14	N	0	0	14	17.1428571428571
A_PB1	1309	14	N	0	0	14	17.3571428571429
A_PB1	1310	14	N	0	0	14	19.5714285714286
A_PB1	1311	14	N	0	0	14	18.8571428571429
A_PB1	1312	14	N	0	0	14	18.6428571428571
A_PB1	1313	14	N	0	0	14	18.3571428571429
A_PB1	1314	14	N	0	0	14	18.2142857142857
A_PB1	1315	14	N	0	0	14	19.0714285714286
A_PB1	1316	14	N	0	0	14	20.2142857142857
A_PB1	1317	14	N	0	0	14	19.2857142857143
A_PB1	1318	14	N	0	0	14	17.7142857142857
A_PB1	1319	14	N	0	0	14	17.8571428571429
A_PB1	1320	14	N	0	0	14	18
A_PB1	1321	14	N	0	0	14	18.7857142857143
A_PB1	1322	14	N	0	0	14	19.3571428571429
A_PB1	1323	14	N	0	0	14	19.5
A_PB1	1324	14	N	0	0	14	20.5
A_PB1	1325	14	N	0	0	13	18.6923076923077
A_PB1	1326	14	N	0	0	14	18.7857142857143
A_PB1	1327	14	N	0	0	13	17.9230769230769
A_PB1	1328	14	N	0	0	13	18.3076923076923
A_PB1	1329	14	N	0	0	14	18.4285714285714
A_PB1	1330	14	N	0	0	14	18.7857142857143
A_PB1	1331	13	N	1	0	12	20.3333333333333
A_PB1	1332	14	N	0	0	11	18.2727272727273
A_PB1	1333	14	N	0	0	12	18.75
A_PB1	1334	14	N	0	0	13	21
A_PB1	1335	14	N	0	0	12	17.25
A_PB1	1336	12	N	2	0	12	16.5833333333333
A_PB1	1337	13	N	1	0	13	20
A_PB1	1338	14	N	0	0	12	17.1666666666667
A_PB1	1339	14	N	0	0	14	17.7857142857143
A_PB1	1340	14	N	0	0	14	19
A_PB1	1341	14	N	0	0	14	19.7857142857143
A_PB1	1342	14	N	0	0	14	19.3571428571429
A_PB1	1343	17	N	0	0	17	18.1764705882353
A_PB1	1344	17	N	0	0	17	18.1764705882353
A_PB1	1345	17	N	0	0	17	17.7647058823529
A_PB1	1346	17	N	0	0	17	18
A_PB1	1347	16	N	1	0	16	18.375
A_PB1	1348	17	N	0	0	16	17.6875
A_PB1	1349	17	N	0	0	17	16.3529411764706
A_PB1	1350	17	N	0	0	16	16.3125
A_PB1	1351	17	N	0	0	16	17.0625
A_PB1	1352	17	N	0	0	17	17.7647058823529
A_PB1	1353	17	N	0	0	16	15.9375
A_PB1	1354	17	N	0	0	17	15.6470588235294
A_PB1	1355	17	N	0	0	14	16.6428571428571
A_PB1	1356	17	N	0	0	15	15.6666666666667
A_PB1	1357	17	N	0	0	17	16.8823529411765
A_PB1	1358	17	N	0	0	17	19.5294117647059
A_PB1	1359	17	N	0	0	17	20
A_PB1	1360	17	N	0	0	17	20.7647058823529
A_PB1	1361	17	N	0	0	17	20.5882352941176
A_PB1	1362	17	N	0	0	14	20.9285714285714
A_PB1	1363	17	N	0	0	17	19.5882352941176
A_PB1	1364	17	N	0	0	14	20.5714285714286
A_PB1	1365	17	N	0	0	14	20
A_PB1	1366	17	N	0	0	17	18.8823529411765
A_PB1	1367	17	N	0	0	14	19.6428571428571
A_PB1	1368	17	N	0	0	17	17.5294117647059
A_PB1	1369	17	N	0	0	17	17.2941176470588
A_PB1	1370	17	N	0	0	17	17.0588235294118
A_PB1	1371	17	N	0	0	17	16.7647058823529
A_PB1	1372	17	N	0	0	17	16.9411764705882
A_PB1	1373	17	N	0	0	14	16.4285714285714
A_PB1	1374	17	N	0	0	16	16.5
A_PB1	1375	17	N	0	0	17	18.2352941176471
A_PB1	1376	14	N	3	0	14	18.5714285714286
A_PB1	1377	14	N	3	0	14	18
A_PB1	1378	14	N	3	0	14	18.2857142857143
A_PB1	1379	268	A	0	0	268	18.7985074626866
A_PB1	1380	270	A	0	0	270	19.2074074074074
A_PB1	1381	271	G	0	0	271	18.6236162361624
A_PB1	1382	272	C	0	0	270	18.3703703703704
A_PB1	1383	275	A	0	0	274	18.0839416058394
A_PB1	1384	272	G	4	0	272	18.0698529411765
A_PB1	1385	274	G	2	0	273	17.5311355311355
A_PB1	1386	276	A	0	0	275	17.0363636363636
A_PB1	1387	272	G	4	0	271	16.7380073800738
A_PB1	1388	274	T	2	0	272	16.9448529411765
A_PB1	1389	269	G	7	0	255	16.6235294117647
A_PB1	1390	275	G	1	0	264	16.0075757575758
A_PB1	1391	275	A	1	0	271	16.0258302583026
A_PB1	1392	274	C	2	0	268	16.2910447761194
A_PB1	1393	276	A	0	0	272	16.9742647058824
A_PB1	1394	271	G	5	0	269	17.6877323420074
A_PB1	1395	273	A	4	0	264	17.4015151515152
A_PB1	1396	270	T	7	0	259	16.5405405405405
A_PB1	1397	274	T	3	0	266	16.3496240601504
A_PB1	1398	271	C	6	0	266	16.3045112781955
A_PB1	1399	271	T	6	0	266	16.4022556390977
A_PB1	1400	269	A	8	0	267	16.8876404494382
A_PB1	1401	277	C	1	0	277	17.4043321299639
A_PB1	1402	277	A	1	0	275	17.9018181818182
A_PB1	1403	277	G	1	0	275	18.3454545454545
A_PB1	1404	278	G	0	0	278	18.6258992805755
A_PB1	1405	278	A	0	0	275	18.44
A_PB1	1406	278	C	0	0	276	18.8623188405797
A_PB1	1407	278	C	0	0	277	18.8158844765343
A_PB1	1408	278	T	0	0	277	20.0252707581227
A_PB1	1409	277	G	1	0	277	19.9891696750903
A_PB1	1410	277	C	1	0	277	20.1552346570397
A_PB1	1411	275	A	3	0	273	19.5457875457875
A_PB1	1412	277	A	1	0	275	18.6290909090909
A_PB1	1413	277	G	1	0	274	18.4124087591241
A_PB1	1414	277	T	1	0	277	17.6967509025271
A_PB1	1415	278	T	0	0	274	17.4744525547445
A_PB1	1416	278	A	0	0	269	16.8587360594796
A_PB1	1417	278	G	0	0	273	16.6849816849817
A_PB1	1418	278	T	0	0	278	17.1546762589928
A_PB1	1419	274	G	4	0	274	17.4197080291971
A_PB1	1420	278	G	0	0	278	18.089928057554
A_PB1	1421	278	G	0	0	278	18.6115107913669
A_PB1	1422	278	A	0	0	277	19.8483754512635
A_PB1	1423	277	A	1	0	274	19.021897810219
A_PB1	1424	277	T	1	0	276	17.7789855072464
A_PB1	1425	277	C	1	0	268	16.7537313432836
A_PB1	1426	277	A	1	0	275	16.1963636363636
A_PB1	1427	277	A	1	0	276	15.9528985507246
A_PB1	1428	277	C	1	0	277	16.7653429602888
A_PB1	1429	277	A	1	0	275	16.1818181818182
A_PB1	1430	277	T	1	0	277	15.8014440433213
A_PB1	1431	273	G	5	0	268	14.9291044776119
A_PB1	1432	278	A	0	0	275	14.7163636363636
A_PB1	1433	275	G	3	0	272	15.5661764705882
A_PB1	1434	273	C	5	0	273	16.7179487179487
A_PB1	1435	263	A	15	0	263	17.1406844106464
A_PB1	1436	276	A	2	0	276	17.4239130434783
A_PB1	1437	278	A	0	0	278	18.3453237410072
A_PB1	1438	277	A	1	0	276	20.4057971014493
A_PB1	1439	277	A	1	0	274	19.4379562043796
A_PB1	1440	277	G	1	0	275	18.6072727272727
A_PB1	1441	275	A	3	0	275	18.1745454545455
A_PB1	1442	277	A	1	0	275	18.3490909090909
A_PB1	1443	277	G	1	0	275	17.9709090909091
A_PB1	1444	278	T	0	0	277	17.4332129963899
A_PB1	1445	276	C	2	0	275	16.92
A_PB1	1446	277	C	1	0	275	16.8945454545455
A_PB1	1447	274	T	4	0	270	17.2481481481481
A_PB1	1448	275	A	3	0	274	18.1824817518248
A_PB1	1449	278	T	0	0	274	16.7080291970803
A_PB1	1450	278	A	0	0	278	17.6546762589928
A_PB1	1451	278	T	0	0	274	24.021897810219
A_PB1	1452	277	A	1	0	274	16.3686131386861
A_PB1	1453	278	A	0	0	275	16.6654545454545
A_PB1	1454	278	A	0	0	275	17.3672727272727
A_PB1	1455	278	T	0	0	276	18.2644927536232
A_PB1	1456	277	A	1	0	274	17.3065693430657
A_PB1	1457	276	A	2	0	274	16.8978102189781
A_PB1	1458	273	G	5	0	270	16.7407407407407
A_PB1	1459	275	A	3	0	274	17.3832116788321
A_PB1	1460	277	C	1	0	275	17.2981818181818
A_PB1	1461	273	A	5	0	266	17.3872180451128
A_PB1	1462	273	G	5	0	273	17.5641025641026
A_PB1	1463	277	G	1	0	276	17.4891304347826
A_PB1	1464	277	G	1	0	272	18.1139705882353
A_PB1	1465	277	A	1	0	276	18.6811594202899
A_PB1	1466	278	C	0	0	276	18.6811594202899
A_PB1	1467	277	A	1	0	276	18.8188405797101
A_PB1	1468	274	T	4	0	270	18.6296296296296
A_PB1	1469	278	T	0	0	277	18.7039711191336
A_PB1	1470	278	T	0	0	271	19.3173431734317
A_PB1	1471	278	G	0	0	275	18.9309090909091
A_PB1	1472	277	A	1	0	274	18.8722627737226
A_PB1	1473	277	A	1	0	275	18.3090909090909
A_PB1	1474	277	T	1	0	274	17.6569343065693
A_PB1	1475	277	T	1	0	275	18.3563636363636
A_PB1	1476	276	C	2	0	275	17.6981818181818
A_PB1	1477	277	A	1	0	276	18.0072463768116
A_PB1	1478	278	C	0	0	277	19.1660649819495
A_PB1	1479	276	A	2	0	274	18.3065693430657
A_PB1	1480	278	A	0	0	275	17.5454545454545
A_PB1	1481	275	G	3	0	272	17.3639705882353
A_PB1	1482	276	C	2	0	276	17.5398550724638
A_PB1	1483	224	T	54	0	223	18.067264573991
A_PB1	1484	258	T	20	0	258	17.3604651162791
A_PB1	1485	262	T	16	0	261	18.1072796934866
A_PB1	1486	275	T	3	0	274	18.3978102189781
A_PB1	1487	277	T	1	0	275	19.7927272727273
A_PB1	1488	278	T	0	0	277	20.7906137184116
A_PB1	1489	278	T	0	0	273	20.6080586080586
A_PB1	1490	278	A	0	0	275	18.2218181818182
A_PB1	1491	278	T	0	0	277	16.9241877256318
A_PB1	1492	278	C	0	0	271	15.9040590405904
A_PB1	1493	277	G	1	0	277	15.0361010830325
A_PB1	1494	277	C	1	0	277	15.3249097472924
A_PB1	1495	277	T	1	0	277	15.6823104693141
A_PB1	1496	278	A	0	0	275	16.0145454545455
A_PB1	1497	278	T	0	0	278	17.3237410071942
A_PB1	1498	278	G	0	0	278	17.2086330935252
A_PB1	1499	278	G	0	0	278	16.9064748201439
A_PB1	1500	278	A	0	0	277	17.5126353790614
A_PB1	1501	278	T	0	0	276	17.3731884057971
A_PB1	1502	278	T	0	0	277	17.4079422382671
A_PB1	1503	278	T	0	0	277	19.2527075812274
A_PB1	1504	277	G	1	0	277	19.1191335740072
A_PB1	1505	277	T	1	0	277	19.7148014440433
A_PB1	1506	276	G	2	0	276	19.4492753623188
A_PB1	1507	277	G	1	0	277	18.6750902527076
A_PB1	1508	274	C	4	0	271	18.830258302583
A_PB1	1509	275	T	3	0	270	18.9851851851852
A_PB1	1510	276	A	2	0	273	18.7435897435897
A_PB1	1511	277	A	1	0	275	18.5963636363636
A_PB1	1512	271	T	7	0	264	18.25
A_PB1	1513	277	T	1	0	273	18.8534798534799
A_PB1	1514	277	T	1	0	270	19.2814814814815
A_PB1	1515	278	T	0	0	274	20.2408759124088
A_PB1	1516	277	A	1	0	273	18.3186813186813
A_PB1	1517	278	G	0	0	275	17.5563636363636
A_PB1	1518	277	C	1	0	275	17.4909090909091
A_PB1	1519	278	A	0	0	274	17.5620437956204
A_PB1	1520	278	T	0	0	277	17.2238267148014
A_PB1	1521	278	G	0	0	275	17.6
A_PB1	1522	278	G	0	0	275	17.2218181818182
A_PB1	1523	275	A	3	0	274	17.4671532846715
A_PB1	1524	274	G	4	0	271	17.9409594095941
A_PB1	1525	275	C	3	0	266	18.0263157894737
A_PB1	1526	277	T	1	0	274	17.7992700729927
A_PB1	1527	276	A	2	0	272	17.9816176470588
A_PB1	1528	273	C	5	0	271	18.3394833948339
A_PB1	1529	276	C	2	0	273	18.5347985347985
A_PB1	1530	277	C	1	0	272	19.3897058823529
A_PB1	1531	277	A	1	0	274	19.7262773722628
A_PB1	1532	278	G	0	0	278	19.4892086330935
A_PB1	1533	275	C	3	0	273	18.9340659340659
A_PB1	1534	277	T	1	0	258	18.5038759689922
A_PB1	1535	278	T	0	0	277	18.6425992779783
A_PB1	1536	278	T	0	0	278	19.9820143884892
A_PB1	1537	276	G	2	0	276	18.9746376811594
A_PB1	1538	278	G	0	0	274	17.8248175182482
A_PB1	1539	278	A	0	0	278	18.1079136690647
A_PB1	1540	276	G	2	0	274	18.1240875912409
A_PB1	1541	276	T	2	0	273	18.1758241758242
A_PB1	1542	276	G	2	0	276	18.1702898550725
A_PB1	1543	278	T	0	0	277	17.2490974729242
A_PB1	1544	275	C	3	0	272	17.3308823529412
A_PB1	1545	278	T	0	0	275	17.6509090909091
A_PB1	1546	277	G	1	0	275	17.9272727272727
A_PB1	1547	276	G	2	0	275	19.0981818181818
A_PB1	1548	274	A	4	0	273	18.956043956044
A_PB1	1549	277	G	1	0	270	18.8037037037037
A_PB1	1550	269	T	9	0	262	17.3396946564886
A_PB1	1551	277	A	1	0	274	17.043795620438
A_PB1	1552	278	A	0	0	277	16.826714801444
A_PB1	1553	277	A	1	0	274	17.3175182481752
A_PB1	1554	277	T	1	0	276	19.195652173913
A_PB1	1555	277	G	1	0	272	18.2316176470588
A_PB1	1556	277	A	1	0	276	18.1992753623188
A_PB1	1557	277	A	1	0	273	18.0915750915751
A_PB1	1558	276	T	2	0	275	17.7636363636364
A_PB1	1559	277	C	1	0	267	17.5280898876404
A_PB1	1560	278	A	0	0	277	16.9350180505415
A_PB1	1561	278	G	0	0	276	16.9855072463768
A_PB1	1562	278	C	0	0	278	17.2014388489209
A_PB1	1563	277	T	1	0	274	18.1642335766423
A_PB1	1564	275	G	3	0	272	18.4411764705882
A_PB1	1565	276	A	2	0	274	17.7956204379562
A_PB1	1566	277	C	1	0	276	17.7173913043478
A_PB1	1567	277	A	1	0	269	16.8773234200744
A_PB1	1568	278	T	0	0	277	17.0180505415162
A_PB1	1569	278	G	0	0	276	16.75
A_PB1	1570	276	A	2	0	274	17.1459854014599
A_PB1	1571	277	G	1	0	273	17.0659340659341
A_PB1	1572	278	T	0	0	277	16.1624548736462
A_PB1	1573	276	A	2	0	274	16.4452554744526
A_PB1	1574	278	T	0	0	274	16.2372262773723
A_PB1	1575	278	T	0	0	277	16.2779783393502
A_PB1	1576	278	G	0	0	277	16.7509025270758
A_PB1	1577	278	G	0	0	275	17.0581818181818
A_PB1	1578	278	A	0	0	276	18.2536231884058
A_PB1	1579	278	G	0	0	276	17.9963768115942
A_PB1	1580	277	T	1	0	276	16.5072463768116
A_PB1	1581	278	A	0	0	273	16.3296703296703
A_PB1	1582	278	A	0	0	277	15.9494584837545
A_PB1	1583	278	C	0	0	278	16.3489208633094
A_PB1	1584	278	A	0	0	277	18
A_PB1	1585	277	G	1	0	277	17.8303249097473
A_PB1	1586	278	T	0	0	277	17.8953068592058
A_PB1	1587	277	G	1	0	273	17.6190476190476
A_PB1	1588	277	A	1	0	277	17.3429602888087
A_PB1	1589	278	T	0	0	278	17.0179856115108
A_PB1	1590	268	A	10	0	267	17.2958801498127
A_PB1	1591	275	A	3	0	274	17.2773722627737
A_PB1	1592	276	A	2	0	271	18.0036900369004
A_PB1	1593	275	G	3	0	271	18.9557195571956
A_PB1	1594	276	A	2	0	274	18.521897810219
A_PB1	1595	276	A	2	0	275	18.6363636363636
A_PB1	1596	276	C	2	0	274	18.6131386861314
A_PB1	1597	278	A	0	0	276	18.4021739130435
A_PB1	1598	278	A	0	0	277	17.8339350180505
A_PB1	1599	278	C	0	0	276	18.213768115942
A_PB1	1600	277	A	1	0	276	18.1557971014493
A_PB1	1601	278	T	0	0	277	18.0938628158845
A_PB1	1602	278	G	0	0	275	18.0727272727273
A_PB1	1603	278	A	0	0	277	17.8050541516245
A_PB1	1604	278	T	0	0	277	17.3682310469314
A_PB1	1605	277	A	1	0	277	16.9458483754513
A_PB1	1606	278	A	0	0	278	16.8956834532374
A_PB1	1607	278	A	0	0	277	17.5270758122744
A_PB1	1608	278	C	0	0	277	18.8375451263538
A_PB1	1609	278	A	0	0	276	18.7717391304348
A_PB1	1610	278	A	0	0	274	18.3978102189781
A_PB1	1611	278	T	0	0	278	18.5143884892086
A_PB1	1612	277	G	1	0	274	18.2043795620438
A_PB1	1613	277	A	1	0	276	18.5579710144928
A_PB1	1614	276	C	2	0	275	19.1563636363636
A_PB1	1615	278	C	0	0	278	19.6187050359712
A_PB1	1616	273	T	5	0	271	19.3505535055351
A_PB1	1617	278	T	0	0	278	20.5863309352518
A_PB1	1618	277	G	1	0	276	18.8913043478261
A_PB1	1619	279	G	0	0	279	18.405017921147
A_PB1	1620	278	A	1	0	278	18.5359712230216
A_PB1	1621	278	C	1	0	277	18.1805054151625
A_PB1	1622	279	C	0	0	278	18.1223021582734
A_PB1	1623	278	T	1	0	277	19.2563176895307
A_PB1	1624	278	G	1	0	276	19.6992753623188
A_PB1	1625	278	C	1	0	276	19.8768115942029
A_PB1	1626	276	A	3	0	274	19.3722627737226
A_PB1	1627	276	A	3	0	276	18.7028985507246
A_PB1	1628	276	C	3	0	269	17.7360594795539
A_PB1	1629	278	G	1	0	270	15.8962962962963
A_PB1	1630	278	G	1	0	277	16.3646209386282
A_PB1	1631	277	C	2	0	276	16.5905797101449
A_PB1	1632	279	T	0	0	275	18.7636363636364
A_PB1	1633	278	C	1	0	267	21.5093632958801
A_PB1	1634	278	A	1	0	275	21.9854545454545
A_PB1	1635	278	G	1	0	275	21.1345454545455
A_PB1	1636	279	A	0	0	275	19.8654545454545
A_PB1	1637	279	T	0	0	279	19.5448028673835
A_PB1	1638	279	G	0	0	276	19.1992753623188
A_PB1	1639	279	G	0	0	278	19.2194244604317
A_PB1	1640	279	C	0	0	278	19.3021582733813
A_PB1	1641	279	T	0	0	277	19.3935018050542
A_PB1	1642	278	C	1	0	273	19.2967032967033
A_PB1	1643	279	T	0	0	277	18.5126353790614
A_PB1	1644	279	T	0	0	279	19.1326164874552
A_PB1	1645	279	C	0	0	277	18.6064981949458
A_PB1	1646	279	A	0	0	279	17.9749103942652
A_PB1	1647	279	A	0	0	278	17.8561151079137
A_PB1	1648	278	T	1	0	275	16.96
A_PB1	1649	279	T	0	0	277	17.9350180505415
A_PB1	1650	278	G	1	0	276	17.2427536231884
A_PB1	1651	279	T	0	0	273	17.1501831501831
A_PB1	1652	279	T	0	0	276	17.9239130434783
A_PB1	1653	279	C	0	0	273	17.3809523809524
A_PB1	1654	279	A	0	0	275	17.1818181818182
A_PB1	1655	279	T	0	0	276	18.4528985507246
A_PB1	1656	278	C	1	0	277	18.812274368231
A_PB1	1657	278	A	1	0	278	18.7841726618705
A_PB1	1658	277	A	2	0	275	19.1636363636364
A_PB1	1659	277	A	2	0	275	20.1672727272727
A_PB1	1660	277	G	2	0	236	19.3177966101695
A_PB1	1661	277	A	2	0	273	18.5970695970696
A_PB1	1662	277	C	2	0	276	18.286231884058
A_PB1	1663	276	T	3	0	275	17.4290909090909
A_PB1	1664	278	A	1	0	278	17.1223021582734
A_PB1	1665	279	C	0	0	278	17.3992805755396
A_PB1	1666	278	A	1	0	278	17.2446043165468
A_PB1	1667	279	G	0	0	278	18.3021582733813
A_PB1	1668	279	A	0	0	279	18.2867383512545
A_PB1	1669	279	T	0	0	277	17.4945848375451
A_PB1	1670	276	A	3	0	273	17.3663003663004
A_PB1	1671	278	C	1	0	277	17.5776173285199
A_PB1	1672	278	A	1	0	278	18.0287769784173
A_PB1	1673	279	C	0	0	276	22.6014492753623
A_PB1	1674	278	A	1	0	275	18.9745454545455
A_PB1	1675	278	T	1	0	278	17.0611510791367
A_PB1	1676	278	A	1	0	276	16.7536231884058
A_PB1	1677	279	T	0	0	277	17.2635379061372
A_PB1	1678	278	A	1	0	272	15.8602941176471
A_PB1	1679	276	G	3	0	271	16.0885608856089
A_PB1	1680	277	G	2	0	277	15.898916967509
A_PB1	1681	277	T	2	0	276	17.1086956521739
A_PB1	1682	278	G	1	0	278	17.5395683453237
A_PB1	1683	276	C	3	0	274	18.5912408759124
A_PB1	1684	278	C	1	0	274	18.8029197080292
A_PB1	1685	279	A	0	0	274	17.9817518248175
A_PB1	1686	279	T	0	0	277	17.115523465704
A_PB1	1687	271	A	8	0	250	15.364
A_PB1	1688	276	G	3	0	272	14.4558823529412
A_PB1	1689	279	G	0	0	279	14.573476702509
A_PB1	1690	278	G	1	0	276	15.9782608695652
A_PB1	1691	278	G	1	0	277	19.7942238267148
A_PB1	1692	275	A	4	0	275	19.8327272727273
A_PB1	1693	274	G	5	0	264	18.0340909090909
A_PB1	1694	273	A	6	0	271	17.4575645756458
A_PB1	1695	274	C	5	0	269	17.4275092936803
A_PB1	1696	276	A	3	0	270	17.1814814814815
A_PB1	1697	275	C	4	0	272	21.5698529411765
A_PB1	1698	274	A	5	0	272	29.0588235294118
A_PB1	1699	275	C	4	0	269	38.8550185873606
A_PB1	1700	263	A	16	0	257	21.3540856031128
A_PB1	1701	279	A	0	0	273	17.3736263736264
A_PB1	1702	279	A	0	0	274	17.0583941605839
A_PB1	1703	276	T	3	0	272	15.9889705882353
A_PB1	1704	277	T	2	0	276	17.213768115942
A_PB1	1705	270	C	9	0	263	16.3269961977186
A_PB1	1706	275	A	4	0	272	15.9411764705882
A_PB1	1707	277	G	2	0	275	16.0218181818182
A_PB1	1708	279	A	0	0	278	15.8345323741007
A_PB1	1709	278	C	1	0	271	15.619926199262
A_PB1	1710	273	G	6	0	263	14.5817490494297
A_PB1	1711	276	A	3	0	275	14.6945454545455
A_PB1	1712	278	G	1	0	277	14.9638989169675
A_PB1	1713	276	A	3	0	274	16.3065693430657
A_PB1	1714	279	A	0	0	277	18.0541516245487
A_PB1	1715	277	G	2	0	274	17.956204379562
A_PB1	1716	275	A	4	0	275	18.3090909090909
A_PB1	1717	278	T	1	0	278	17.7661870503597
A_PB1	1718	278	C	1	0	270	17.7555555555556
A_PB1	1719	279	A	0	0	273	17.7619047619048
A_PB1	1720	277	T	2	0	273	17.6630036630037
A_PB1	1721	279	T	0	0	278	18.1258992805755
A_PB1	1722	277	T	2	0	277	18.6570397111913
A_PB1	1723	275	G	4	0	266	18.3270676691729
A_PB1	1724	276	A	3	0	271	18.1881918819188
A_PB1	1725	273	G	6	0	261	18.2528735632184
A_PB1	1726	273	T	6	0	269	17.2193308550186
A_PB1	1727	278	T	1	0	276	17.1775362318841
A_PB1	1728	277	G	2	0	275	16.72
A_PB1	1729	275	A	4	0	274	16.9124087591241
A_PB1	1730	278	A	1	0	277	17.6317689530686
A_PB1	1731	278	G	1	0	276	17.3333333333333
A_PB1	1732	277	A	2	0	274	17.2773722627737
A_PB1	1733	279	A	0	0	272	17.1286764705882
A_PB1	1734	279	G	0	0	279	16.9318996415771
A_PB1	1735	279	C	0	0	277	17.4620938628159
A_PB1	1736	279	T	0	0	278	17.0215827338129
A_PB1	1737	279	A	0	0	277	16.6859205776173
A_PB1	1738	279	T	0	0	278	16.6115107913669
A_PB1	1739	270	G	9	0	270	16.3074074074074
A_PB1	1740	279	G	0	0	277	16.6028880866426
A_PB1	1741	279	G	0	0	271	16.9852398523985
A_PB1	1742	279	A	0	0	277	18.3898916967509
A_PB1	1743	279	T	0	0	279	16.6379928315412
A_PB1	1744	278	C	1	0	274	16.5474452554745
A_PB1	1745	278	A	1	0	276	16.4021739130435
A_PB1	1746	279	A	0	0	279	16.1326164874552
A_PB1	1747	279	A	0	0	278	17.5215827338129
A_PB1	1748	279	C	0	0	277	17.7400722021661
A_PB1	1749	279	C	0	0	278	18.0863309352518
A_PB1	1750	279	C	0	0	277	18.5776173285199
A_PB1	1751	279	A	0	0	274	18.9197080291971
A_PB1	1752	279	A	0	0	278	18.2374100719424
A_PB1	1753	279	T	0	0	278	16.8776978417266
A_PB1	1754	279	C	0	0	270	16.9
A_PB1	1755	275	A	4	0	271	17.0590405904059
A_PB1	1756	279	A	0	0	279	17.0824372759857
A_PB1	1757	279	A	0	0	274	18.7043795620438
A_PB1	1758	278	G	1	0	278	19.068345323741
A_PB1	1759	278	G	1	0	277	19.086642599278
A_PB1	1760	279	T	0	0	277	17.014440433213
A_PB1	1761	279	A	0	0	275	16.4545454545455
A_PB1	1762	278	G	1	0	275	16.36
A_PB1	1763	279	G	0	0	279	16.2759856630824
A_PB1	1764	279	G	0	0	279	18.6666666666667
A_PB1	1765	279	C	0	0	278	18.1223021582734
A_PB1	1766	279	T	0	0	275	18.3018181818182
A_PB1	1767	278	A	1	0	277	18.6462093862816
A_PB1	1768	279	T	0	0	278	17.9676258992806
A_PB1	1769	277	T	2	0	271	17.7490774907749
A_PB1	1770	277	A	2	0	273	17.0915750915751
A_PB1	1771	277	G	2	0	273	16.9304029304029
A_PB1	1772	276	T	3	0	274	16.1678832116788
A_PB1	1773	279	A	0	0	276	15.981884057971
A_PB1	1774	279	T	0	0	278	15.3021582733813
A_PB1	1775	278	C	1	0	272	15.8088235294118
A_PB1	1776	277	A	2	0	274	16.5912408759124
A_PB1	1777	278	G	1	0	274	16.8394160583942
A_PB1	1778	278	A	1	0	278	17.7230215827338
A_PB1	1779	278	T	1	0	278	17.8705035971223
A_PB1	1780	275	G	4	0	274	18.1642335766423
A_PB1	1781	278	G	1	0	275	17.6
A_PB1	1782	278	A	1	0	278	17.5971223021583
A_PB1	1783	272	G	7	0	269	17.8736059479554
A_PB1	1784	276	G	3	0	273	16.9157509157509
A_PB1	1785	275	A	4	0	274	16.7883211678832
A_PB1	1786	278	C	1	0	273	16.7912087912088
A_PB1	1787	277	C	2	0	269	17.0223048327138
A_PB1	1788	277	A	2	0	273	17.003663003663
A_PB1	1789	278	A	1	0	275	17.2654545454545
A_PB1	1790	279	A	0	0	276	17.1159420289855
A_PB1	1791	279	C	0	0	273	17.1611721611722
A_PB1	1792	277	T	2	0	272	17.0955882352941
A_PB1	1793	277	T	2	0	277	17.1913357400722
A_PB1	1794	277	A	2	0	273	16.1758241758242
A_PB1	1795	277	T	2	0	275	15.5345454545455
A_PB1	1796	276	A	3	0	271	15.3505535055351
A_PB1	1797	276	C	3	0	274	15.3576642335766
A_PB1	1798	275	A	4	0	269	15.5799256505576
A_PB1	1799	278	A	1	0	276	16.25
A_PB1	1800	278	C	1	0	278	17.089928057554
A_PB1	1801	279	A	0	0	278	17.273381294964
A_PB1	1802	279	T	0	0	278	16.5395683453237
A_PB1	1803	277	A	2	0	274	16.2481751824818
A_PB1	1804	277	C	2	0	276	15.8768115942029
A_PB1	1805	276	G	3	0	261	14.5900383141762
A_PB1	1806	278	G	1	0	272	14.7352941176471
A_PB1	1807	278	A	1	0	275	14.6363636363636
A_PB1	1808	279	A	0	0	276	15.2065217391304
A_PB1	1809	278	T	1	0	277	16.5054151624549
A_PB1	1810	272	C	7	0	260	16.3230769230769
A_PB1	1811	276	T	3	0	270	15.9925925925926
A_PB1	1812	278	T	1	0	275	16.4836363636364
A_PB1	1813	278	C	1	0	278	16.8309352517986
A_PB1	1814	279	A	0	0	276	16.9782608695652
A_PB1	1815	279	C	0	0	278	17.9280575539568
A_PB1	1816	278	A	1	0	278	17.1690647482014
A_PB1	1817	278	T	1	0	277	16.7436823104693
A_PB1	1818	278	T	1	0	277	17.2238267148014
A_PB1	1819	278	C	1	0	276	17.2101449275362
A_PB1	1820	278	C	1	0	277	18.6353790613718
A_PB1	1821	279	T	0	0	279	19.5519713261649
A_PB1	1822	263	G	16	0	262	19.8969465648855
A_PB1	1823	270	A	9	0	268	19.5410447761194
A_PB1	1824	278	A	1	0	278	19.294964028777
A_PB1	1825	277	G	2	0	275	18.6436363636364
A_PB1	1826	278	T	1	0	275	18.1636363636364
A_PB1	1827	277	C	2	0	275	17.9963636363636
A_PB1	1828	277	T	2	0	276	18.518115942029
A_PB1	1829	279	G	0	0	278	19.410071942446
A_PB1	1830	276	C	3	0	274	20.4744525547445
A_PB1	1831	273	T	6	0	272	20.0588235294118
A_PB1	1832	278	T	1	0	276	19.3260869565217
A_PB1	1833	273	A	6	0	272	18.0367647058824
A_PB1	1834	278	A	1	0	278	18.2769784172662
A_PB1	1835	279	A	0	0	278	18.8884892086331
A_PB1	1836	279	A	0	0	275	19.9927272727273
A_PB1	1837	279	T	0	0	277	19.5559566787004
A_PB1	1838	251	G	28	0	251	19.3625498007968
A_PB1	1839	279	G	0	0	279	19.3512544802867
A_PB1	1840	279	G	0	0	275	19.2
A_PB1	1841	279	A	0	0	275	20.3018181818182
A_PB1	1842	277	G	2	0	276	19.786231884058
A_PB1	1843	278	C	1	0	277	19.6534296028881
A_PB1	1844	279	T	0	0	278	19.2230215827338
A_PB1	1845	278	A	1	0	278	18.6690647482014
A_PB1	1846	279	A	0	0	279	18.2508960573477
A_PB1	1847	279	T	0	0	279	18.247311827957
A_PB1	1848	278	G	1	0	276	18.4927536231884
A_PB1	1849	278	G	1	0	277	18.1516245487365
A_PB1	1850	277	A	2	0	276	18.5217391304348
A_PB1	1851	278	T	1	0	278	18.4496402877698
A_PB1	1852	279	G	0	0	269	18.2230483271375
A_PB1	1853	279	A	0	0	278	17.9028776978417
A_PB1	1854	279	T	0	0	279	18.2222222222222
A_PB1	1855	278	G	1	0	277	18.2238267148014
A_PB1	1856	279	A	0	0	276	17.6521739130435
A_PB1	1857	278	T	1	0	275	17.3709090909091
A_PB1	1858	277	T	2	0	276	17.1231884057971
A_PB1	1859	277	A	2	0	274	16.3686131386861
A_PB1	1860	278	T	1	0	277	16.3429602888087
A_PB1	1861	255	C	24	0	241	16.0497925311203
A_PB1	1862	269	G	10	0	258	14.015503875969
A_PB1	1863	277	G	2	0	275	14.1636363636364
A_PB1	1864	277	G	2	0	275	15.8581818181818
A_PB1	1865	278	G	1	0	272	19.8345588235294
A_PB1	1866	277	A	2	0	275	19.7709090909091
A_PB1	1867	278	A	1	0	270	20.2814814814815
A_PB1	1868	277	G	2	0	264	18.5833333333333
A_PB1	1869	272	A	7	0	262	18.7175572519084
A_PB1	1870	275	C	4	0	271	18.1955719557196
A_PB1	1871	258	T	21	0	255	18.1843137254902
A_PB1	1872	276	T	3	0	270	18.1814814814815
A_PB1	1873	277	T	2	0	275	18.9236363636364
A_PB1	1874	276	G	3	0	270	17.437037037037
A_PB1	1875	276	T	3	0	268	17.2985074626866
A_PB1	1876	273	A	6	0	268	17.5186567164179
A_PB1	1877	271	A	8	0	264	17.1931818181818
A_PB1	1878	272	T	7	0	266	17.0676691729323
A_PB1	1879	259	C	20	0	257	17.7431906614786
A_PB1	1880	274	C	5	0	266	17.8308270676692
A_PB1	1881	278	C	1	0	271	19.2878228782288
A_PB1	1882	278	C	1	0	275	21.3381818181818
A_PB1	1883	263	T	16	0	263	20.8174904942966
A_PB1	1884	262	G	17	0	249	18.7269076305221
A_PB1	1885	273	A	6	0	268	18.6641791044776
A_PB1	1886	279	A	0	0	279	18.5340501792115
A_PB1	1887	279	T	0	0	277	18.3646209386282
A_PB1	1888	278	C	1	0	275	19.0654545454545
A_PB1	1889	279	C	0	0	277	19.3574007220217
A_PB1	1890	279	C	0	0	277	20.5523465703971
A_PB1	1891	279	T	0	0	275	21.84
A_PB1	1892	279	T	0	0	277	21.3646209386282
A_PB1	1893	279	T	0	0	278	22.2661870503597
A_PB1	1894	279	G	0	0	278	20.4820143884892
A_PB1	1895	279	T	0	0	277	20.6570397111913
A_PB1	1896	279	G	0	0	276	20.0217391304348
A_PB1	1897	279	A	0	0	277	18.985559566787
A_PB1	1898	279	G	0	0	279	18.4301075268817
A_PB1	1899	278	T	1	0	277	18.4837545126354
A_PB1	1900	277	C	2	0	274	18.3248175182482
A_PB1	1901	278	A	1	0	276	18.0144927536232
A_PB1	1902	278	T	1	0	275	17.3927272727273
A_PB1	1903	277	A	2	0	276	17.1775362318841
A_PB1	1904	277	A	2	0	276	17.3478260869565
A_PB1	1905	277	G	2	0	276	17.1086956521739
A_PB1	1906	279	G	0	0	278	18.0251798561151
A_PB1	1907	279	A	0	0	276	18.4347826086957
A_PB1	1908	277	G	2	0	276	18.1485507246377
A_PB1	1909	278	A	1	0	278	17.6510791366906
A_PB1	1910	277	T	2	0	276	17.195652173913
A_PB1	1911	278	T	1	0	276	17.1920289855072
A_PB1	1912	279	G	0	0	276	17.6123188405797
A_PB1	1913	279	A	0	0	279	17.0967741935484
A_PB1	1914	279	T	0	0	278	17.1187050359712
A_PB1	1915	279	T	0	0	279	16.8924731182796
A_PB1	1916	275	C	4	0	271	17.280442804428
A_PB1	1917	279	T	0	0	278	18.0575539568345
A_PB1	1918	279	G	0	0	278	19.1690647482014
A_PB1	1919	277	T	2	0	277	17.956678700361
A_PB1	1920	277	A	2	0	275	17.1309090909091
A_PB1	1921	279	A	0	0	277	16.8339350180505
A_PB1	1922	279	A	0	0	277	17.0469314079422
A_PB1	1923	279	C	0	0	277	18.2888086642599
A_PB1	1924	279	A	0	0	276	17.7065217391304
A_PB1	1925	279	A	0	0	279	17.5627240143369
A_PB1	1926	279	T	0	0	279	17.5663082437276
A_PB1	1927	279	G	0	0	277	18.1696750902527
A_PB1	1928	279	C	0	0	277	18.870036101083
A_PB1	1929	277	T	2	0	276	20.5289855072464
A_PB1	1930	277	G	2	0	276	21.0615942028986
A_PB1	1931	279	T	0	0	279	20.8100358422939
A_PB1	1932	278	G	1	0	278	21.2158273381295
A_PB1	1933	279	G	0	0	279	20.0322580645161
A_PB1	1934	279	T	0	0	276	18.481884057971
A_PB1	1935	279	A	0	0	275	17.8654545454545
A_PB1	1936	279	A	0	0	276	17.3333333333333
A_PB1	1937	279	T	0	0	276	17.3623188405797
A_PB1	1938	278	G	0	0	275	18.4509090909091
A_PB1	1939	271	C	7	0	270	19.0148148148148
A_PB1	1940	278	C	0	0	277	19.4476534296029
A_PB1	1941	278	A	0	0	275	19.0218181818182
A_PB1	1942	278	G	0	0	276	18.3913043478261
A_PB1	1943	277	C	1	0	276	17.9710144927536
A_PB1	1944	276	C	1	0	275	17.72
A_PB1	1945	274	C	0	0	272	18.2426470588235
A_PB1	1946	274	A	0	0	273	19.1648351648352
A_PB1	1947	274	T	0	0	273	18.2783882783883
A_PB1	1948	273	G	1	0	269	17.2788104089219
A_PB1	1949	273	G	1	0	271	16.6273062730627
A_PB1	1950	273	C	1	0	270	17.5777777777778
A_PB1	1951	274	C	0	0	273	18.3516483516484
A_PB1	1952	274	C	0	0	272	18.9485294117647
A_PB1	1953	272	A	2	0	271	18.9815498154982
A_PB1	1954	271	G	3	0	268	17.8059701492537
A_PB1	1955	272	C	2	0	272	17.2683823529412
A_PB1	1956	273	C	1	0	272	17.2316176470588
A_PB1	1957	267	A	7	0	264	17.9583333333333
A_PB1	1958	274	A	0	0	271	18.6051660516605
A_PB1	1959	274	A	0	0	273	18.5384615384615
A_PB1	1960	274	A	0	0	272	18.7316176470588
A_PB1	1961	274	G	0	0	271	18.0258302583026
A_PB1	1962	274	C	0	0	272	17.7867647058824
A_PB1	1963	273	A	1	0	273	17.5714285714286
A_PB1	1964	273	T	1	0	273	18.1465201465201
A_PB1	1965	270	G	4	0	269	18.5985130111524
A_PB1	1966	273	G	1	0	268	18.3582089552239
A_PB1	1967	271	A	3	0	268	19.7873134328358
A_PB1	1968	273	A	1	0	271	19.3690036900369
A_PB1	1969	274	T	0	0	269	17.635687732342
A_PB1	1970	274	A	0	0	272	17.5625
A_PB1	1971	273	T	1	0	272	18.1948529411765
A_PB1	1972	274	G	0	0	268	16.9589552238806
A_PB1	1973	272	A	2	0	272	17.0845588235294
A_PB1	1974	273	T	1	0	268	17.2537313432836
A_PB1	1975	272	G	2	0	268	18.3097014925373
A_PB1	1976	272	C	2	0	269	17.7843866171004
A_PB1	1977	266	C	8	0	261	18.1111111111111
A_PB1	1978	265	G	9	0	260	17.0115384615385
A_PB1	1979	263	T	11	0	261	16.6551724137931
A_PB1	1980	262	T	12	0	261	16.3869731800766
A_PB1	1981	263	G	11	0	261	16.7816091954023
A_PB1	1982	271	C	3	0	260	18.1307692307692
A_PB1	1983	274	T	0	0	271	17.6826568265683
A_PB1	1984	270	A	4	0	267	16.8838951310861
A_PB1	1985	268	C	6	0	267	16.685393258427
A_PB1	1986	280	T	2	0	274	16.2700729927007
A_PB1	1987	279	A	3	0	275	16.4
A_PB1	1988	282	C	1	0	281	16.5338078291815
A_PB1	1989	283	A	0	0	280	16.6642857142857
A_PB1	1990	283	C	0	0	283	18.6713780918728
A_PB1	1991	282	A	1	0	280	17.9214285714286
A_PB1	1992	283	T	0	0	282	16.9503546099291
A_PB1	1993	281	T	2	0	279	16.9856630824373
A_PB1	1994	281	C	2	0	281	16.7473309608541
A_PB1	1995	282	C	1	0	281	18.5195729537367
A_PB1	1996	282	T	1	0	282	19.386524822695
A_PB1	1997	279	G	4	0	272	19.8235294117647
A_PB1	1998	282	G	1	0	270	18.7666666666667
A_PB1	1999	283	A	0	0	282	17.9929078014184
A_PB1	2000	283	T	0	0	282	17.2163120567376
A_PB1	2001	283	T	0	0	281	17.3487544483986
A_PB1	2002	280	C	3	0	274	17.5620437956204
A_PB1	2003	283	C	0	0	282	17.9539007092199
A_PB1	2004	280	C	3	0	279	19.9856630824373
A_PB1	2005	266	A	17	0	264	19.2045454545455
A_PB1	2006	280	A	3	0	278	18.6187050359712
A_PB1	2007	281	G	2	0	276	17.1195652173913
A_PB1	2008	280	A	3	0	276	17.6195652173913
A_PB1	2009	280	G	3	0	279	18.4695340501792
A_PB1	2010	282	G	1	0	276	17.786231884058
A_PB1	2011	282	A	1	0	280	17.7714285714286
A_PB1	2012	282	A	1	0	280	19.4
A_PB1	2013	282	T	1	0	281	17.7330960854093
A_PB1	2014	281	C	2	0	251	17.1035856573705
A_PB1	2015	282	G	1	0	274	14.7153284671533
A_PB1	2016	278	T	5	0	278	14.3489208633094
A_PB1	2017	280	T	3	0	276	14.75
A_PB1	2018	278	C	5	0	273	15.047619047619
A_PB1	2019	274	T	9	0	271	17.1291512915129
A_PB1	2020	268	A	15	0	261	16.727969348659
A_PB1	2021	274	T	9	0	260	16.2346153846154
A_PB1	2022	278	T	5	0	271	16.3985239852399
A_PB1	2023	276	C	7	0	267	15.9962546816479
A_PB1	2024	281	T	2	0	281	16.0711743772242
A_PB1	2025	273	C	10	0	263	17.2395437262357
A_PB1	2026	277	A	6	0	272	17.2389705882353
A_PB1	2027	282	A	1	0	281	17.4270462633452
A_PB1	2028	281	C	1	0	281	17.6939501779359
A_PB1	2029	282	A	0	0	280	17.6821428571429
A_PB1	2030	282	C	0	0	282	23.2234042553191
A_PB1	2031	282	A	0	0	281	18.9537366548043
A_PB1	2032	282	A	0	0	281	18.0249110320285
A_PB1	2033	296	G	0	0	295	18.4542372881356
A_PB1	2034	296	C	0	0	296	18.9527027027027
A_PB1	2035	295	C	1	0	295	19.8508474576271
A_PB1	2036	292	A	5	0	290	20.1586206896552
A_PB1	2037	296	A	1	0	296	21.2195945945946
A_PB1	2038	295	A	2	0	295	20.5457627118644
A_PB1	2039	289	G	8	0	288	21.0243055555556
A_PB1	2040	294	G	3	0	294	21.0646258503401
A_PB1	2041	296	G	1	0	295	20.5694915254237
A_PB1	2042	294	G	3	0	279	21.0035842293907
A_PB1	2043	295	A	2	0	292	20.1541095890411
A_PB1	2044	297	A	0	0	295	19.1220338983051
A_PB1	2045	294	T	3	0	288	17.7604166666667
A_PB1	2046	294	T	3	0	293	18.2901023890785
A_PB1	2047	293	C	4	0	283	17.5865724381625
A_PB1	2048	283	T	14	0	277	17.5956678700361
A_PB1	2049	291	T	6	0	285	18.4035087719298
A_PB1	2050	284	G	13	0	280	17.1892857142857
A_PB1	2051	294	A	3	0	290	17.2724137931034
A_PB1	2052	288	G	9	0	283	17.791519434629
A_PB1	2053	295	G	2	0	293	17.419795221843
A_PB1	2054	295	A	2	0	291	17.1890034364261
A_PB1	2055	296	T	1	0	295	17.5525423728814
A_PB1	2056	291	G	6	0	279	17.4193548387097
A_PB1	2057	283	A	14	0	279	16.9462365591398
A_PB1	2058	296	A	1	0	291	16.893470790378
A_PB1	2059	292	C	5	0	284	17.25
A_PB1	2060	294	A	3	0	289	18.083044982699
A_PB1	2061	291	G	6	0	277	17.8736462093863
A_PB1	2062	296	A	1	0	295	18.071186440678
A_PB1	2063	297	T	0	0	295	17.9423728813559
A_PB1	2064	297	G	0	0	293	18.0307167235495
A_PB1	2065	297	T	0	0	294	17.2789115646259
A_PB1	2066	295	A	2	0	290	16.7344827586207
A_PB1	2067	294	C	3	0	293	16.7610921501706
A_PB1	2068	297	C	0	0	295	17.4576271186441
A_PB1	2069	297	A	0	0	297	17.6464646464646
A_PB1	2070	296	G	1	0	296	19.472972972973
A_PB1	2071	296	A	1	0	296	19.1486486486486
A_PB1	2072	297	A	0	0	296	18.6621621621622
A_PB1	2073	296	G	1	0	293	18.5085324232082
A_PB1	2074	296	T	1	0	292	18.4965753424658
A_PB1	2075	295	G	2	0	291	18.6666666666667
A_PB1	2076	295	T	2	0	294	17.9183673469388
A_PB1	2077	295	T	2	0	295	18.4542372881356
A_PB1	2078	293	G	4	0	293	18.1399317406143
A_PB1	2079	296	C	1	0	291	18.914089347079
A_PB1	2080	296	A	1	0	293	19.8737201365188
A_PB1	2081	294	A	3	0	290	19.3896551724138
A_PB1	2082	292	T	5	0	289	19.1141868512111
A_PB1	2083	295	T	2	0	293	20.0511945392491
A_PB1	2084	296	T	1	0	293	20.6860068259386
A_PB1	2085	294	A	3	0	289	19.3840830449827
A_PB1	2086	286	T	11	0	281	18.4555160142349
A_PB1	2087	293	T	4	0	287	18.0592334494774
A_PB1	2088	267	C	30	0	244	16.8524590163934
A_PB1	2089	283	G	14	0	278	15.6187050359712
A_PB1	2090	290	A	7	0	286	15.5664335664336
A_PB1	2091	293	G	4	0	290	15.1620689655172
A_PB1	2092	296	A	1	0	282	16.2375886524823
A_PB1	2093	296	A	1	0	295	18.1830508474576
A_PB1	2094	294	A	3	0	288	18.8576388888889
A_PB1	2095	291	T	6	0	286	18.6048951048951
A_PB1	2096	295	T	2	0	292	18.3116438356164
A_PB1	2097	296	T	1	0	294	18.469387755102
A_PB1	2098	297	T	0	0	295	19.9423728813559
A_PB1	2099	297	T	0	0	290	21.2620689655172
A_PB1	2100	286	C	11	0	285	19.7929824561404
A_PB1	2101	297	C	0	0	296	19.5844594594595
A_PB1	2102	297	C	0	0	291	19.0962199312715
A_PB1	2103	295	T	2	0	293	17.5972696245734
A_PB1	2104	297	A	0	0	295	16.4847457627119
A_PB1	2105	296	G	1	0	296	16.4763513513514
A_PB1	2106	296	C	1	0	296	17.0304054054054
A_PB1	2107	297	A	0	0	296	18.4831081081081
A_PB1	2108	296	G	1	0	294	18.2278911564626
A_PB1	2109	296	T	1	0	295	17.6440677966102
A_PB1	2110	297	T	0	0	296	17.8581081081081
A_PB1	2111	295	C	2	0	292	17.7876712328767
A_PB1	2112	290	A	7	0	286	17.7727272727273
A_PB1	2113	291	T	6	0	290	17.9172413793103
A_PB1	2114	294	A	3	0	290	17.3034482758621
A_PB1	2115	294	T	3	0	292	16.5239726027397
A_PB1	2116	291	A	7	0	285	16.1578947368421
A_PB1	2117	296	G	2	0	293	15.6996587030717
A_PB1	2118	298	G	0	0	296	15.9358108108108
A_PB1	2119	298	A	0	0	295	17.5728813559322
A_PB1	2120	296	G	2	0	293	18.518771331058
A_PB1	2121	295	A	3	0	291	18.0137457044674
A_PB1	2122	296	C	2	0	292	17.6404109589041
A_PB1	2123	295	C	3	0	285	17.3087719298246
A_PB1	2124	294	G	4	0	279	15.7168458781362
A_PB1	2125	296	G	2	0	290	15.748275862069
A_PB1	2126	295	T	3	0	293	15.6143344709898
A_PB1	2127	294	T	4	0	291	16.6941580756014
A_PB1	2128	286	G	12	0	277	18.0758122743682
A_PB1	2129	298	G	0	0	292	18.0821917808219
A_PB1	2130	296	A	2	0	294	17.8537414965986
A_PB1	2131	296	A	2	0	289	17.8927335640138
A_PB1	2132	296	T	2	0	287	17.8536585365854
A_PB1	2133	296	T	2	0	294	18.7585034013605
A_PB1	2134	292	T	6	0	289	18.8096885813149
A_PB1	2135	290	C	8	0	284	18.1901408450704
A_PB1	2136	297	T	1	0	291	19.020618556701
A_PB1	2137	298	A	0	0	293	18.6313993174061
A_PB1	2138	297	G	1	0	293	17.7986348122867
A_PB1	2139	297	C	1	0	294	18.0068027210884
A_PB1	2140	297	A	1	0	292	18.4623287671233
A_PB1	2141	298	T	0	0	298	17.8288590604027
A_PB1	2142	298	G	0	0	298	18.0167785234899
A_PB1	2143	298	G	0	0	298	18.2651006711409
A_PB1	2144	298	T	0	0	297	19.2659932659933
A_PB1	2145	297	G	1	0	297	20.1952861952862
A_PB1	2146	298	G	0	0	296	19.8817567567568
A_PB1	2147	298	A	0	0	293	19.9761092150171
A_PB1	2148	297	G	1	0	297	19.8686868686869
A_PB1	2149	296	G	2	0	295	20.071186440678
A_PB1	2150	297	C	1	0	296	20.2263513513514
A_PB1	2151	297	C	1	0	295	20.5627118644068
A_PB1	2152	298	A	0	0	297	19.9158249158249
A_PB1	2153	296	T	2	0	296	19.8581081081081
A_PB1	2154	296	G	2	0	289	18.6124567474048
A_PB1	2155	296	G	2	0	296	18.0135135135135
A_PB1	2156	298	T	0	0	293	18.1569965870307
A_PB1	2157	297	G	1	0	293	18.6109215017065
A_PB1	2158	297	T	1	0	296	17.9189189189189
A_PB1	2159	294	C	4	0	287	17.4425087108014
A_PB1	2160	288	T	10	0	284	17.2147887323944
A_PB1	2161	284	A	14	0	277	16.3935018050542
A_PB1	2162	295	G	3	0	294	16.5
A_PB1	2163	296	G	2	0	294	17.1496598639456
A_PB1	2164	296	G	2	0	295	18.3220338983051
A_PB1	2165	293	C	5	0	290	19.4931034482759
A_PB1	2166	298	C	0	0	298	19.1610738255034
A_PB1	2167	298	C	0	0	294	17.969387755102
A_PB1	2168	298	G	0	0	274	16.5
A_PB1	2169	298	G	0	0	294	16.4591836734694
A_PB1	2170	298	A	0	0	296	15.8277027027027
A_PB1	2171	295	T	3	0	295	16.2745762711864
A_PB1	2172	298	T	0	0	295	17.271186440678
A_PB1	2173	298	G	0	0	291	17.3367697594502
A_PB1	2174	298	A	0	0	297	17.1481481481481
A_PB1	2175	298	T	0	0	298	17.4026845637584
A_PB1	2176	297	G	1	0	294	17.8503401360544
A_PB1	2177	296	C	2	0	295	18.4033898305085
A_PB1	2178	294	C	4	0	292	19.3047945205479
A_PB1	2179	292	A	6	0	292	19.9383561643836
A_PB1	2180	289	G	9	0	281	19.729537366548
A_PB1	2181	296	A	2	0	295	18.4474576271186
A_PB1	2182	297	G	1	0	295	18.071186440678
A_PB1	2183	297	T	1	0	296	17.402027027027
A_PB1	2184	297	C	1	0	278	17.2374100719424
A_PB1	2185	292	G	6	0	279	15.7383512544803
A_PB1	2186	298	A	0	0	297	15.7070707070707
A_PB1	2187	298	C	0	0	292	16.0890410958904
A_PB1	2188	288	T	10	0	285	16.8105263157895
A_PB1	2189	298	T	0	0	295	18.7491525423729
A_PB1	2190	297	T	1	0	289	18.3356401384083
A_PB1	2191	294	G	4	0	273	16.5054945054945
A_PB1	2192	295	A	3	0	290	15.9862068965517
A_PB1	2193	291	G	7	0	288	15.90625
A_PB1	2194	293	T	5	0	290	15.6068965517241
A_PB1	2195	292	C	6	0	282	16.3652482269504
A_PB1	2196	295	T	3	0	292	16.4178082191781
A_PB1	2197	295	G	3	0	286	16.8846153846154
A_PB1	2198	296	G	2	0	289	17.3010380622837
A_PB1	2199	297	A	1	0	295	17.9525423728814
A_PB1	2200	297	C	1	0	286	17.6888111888112
A_PB1	2201	294	G	4	0	246	15.9349593495935
A_PB1	2202	297	G	1	0	290	15.3620689655172
A_PB1	2203	293	A	5	0	290	15.4655172413793
A_PB1	2204	296	T	2	0	296	15.6385135135135
A_PB1	2205	270	C	28	0	249	16.7389558232932
A_PB1	2206	264	A	34	0	251	16.2310756972112
A_PB1	2207	268	A	30	0	264	15.2386363636364
A_PB1	2208	269	G	29	0	263	15.3422053231939
A_PB1	2209	251	A	47	0	240	16.5583333333333
A_PB1	2210	289	A	9	0	286	17.8146853146853
A_PB1	2211	289	A	9	0	285	17.5719298245614
A_PB1	2212	286	G	12	0	286	17.5944055944056
A_PB1	2213	291	A	7	0	288	19.4166666666667
A_PB1	2214	288	A	10	0	286	19.5
A_PB1	2215	285	G	13	0	277	18.9386281588448
A_PB1	2216	289	A	9	0	286	19.0524475524476
A_PB1	2217	289	G	9	0	288	18.9027777777778
A_PB1	2218	283	T	15	0	277	18.0397111913357
A_PB1	2219	285	T	13	0	284	18.0457746478873
A_PB1	2220	283	C	15	0	275	17.7236363636364
A_PB1	2221	291	T	7	0	287	18.0940766550523
A_PB1	2222	291	C	7	0	287	22.0174216027875
A_PB1	2223	293	T	5	0	291	21.1374570446735
A_PB1	2224	293	G	5	0	290	19.9862068965517
A_PB1	2225	295	A	3	0	286	20.1923076923077
A_PB1	2226	296	G	2	0	292	19.5582191780822
A_PB1	2227	295	A	3	0	293	19.4744027303754
A_PB1	2228	297	T	1	0	295	19.1559322033898
A_PB1	2229	296	C	2	0	288	19.2395833333333
A_PB1	2230	298	A	0	0	296	18.6148648648649
A_PB1	2231	298	T	0	0	296	18.4932432432432
A_PB1	2232	297	G	1	0	293	18.8259385665529
A_PB1	2233	290	A	8	0	285	18.4771929824561
A_PB1	2234	297	A	1	0	292	19.3869863013699
A_PB1	2235	294	G	3	0	289	19.4359861591695
A_PB1	2236	294	A	3	0	292	19.0856164383562
A_PB1	2237	291	T	6	0	287	19.184668989547
A_PB1	2238	293	C	4	0	284	18.8556338028169
A_PB1	2239	293	T	4	0	292	19.2431506849315
A_PB1	2240	295	G	2	0	288	19.1805555555556
A_PB1	2241	292	T	5	0	290	18.2965517241379
A_PB1	2242	295	T	2	0	291	18.1649484536082
A_PB1	2243	294	C	3	0	287	18.006968641115
A_PB1	2244	297	C	0	0	293	18.6757679180887
A_PB1	2245	296	A	1	0	296	19.6790540540541
A_PB1	2246	297	C	0	0	296	20.4459459459459
A_PB1	2247	297	C	0	0	290	21.1137931034483
A_PB1	2248	297	A	0	0	296	19.5101351351351
A_PB1	2249	296	T	1	0	295	17.7423728813559
A_PB1	2250	297	T	0	0	296	17.4054054054054
A_PB1	2251	296	G	1	0	294	17.0374149659864
A_PB1	2252	296	A	1	0	295	17.3322033898305
A_PB1	2253	297	A	0	0	295	18.2576271186441
A_PB1	2254	296	G	0	0	294	18.3979591836735
A_PB1	2255	295	A	1	0	293	18.3651877133106
A_PB1	2256	296	A	0	0	292	17.8493150684932
A_PB1	2257	296	C	0	0	296	17.5743243243243
A_PB1	2258	293	T	3	0	293	17.877133105802
A_PB1	2259	289	C	6	0	277	17.3249097472924
A_PB1	2260	291	A	4	0	286	17.041958041958
A_PB1	2261	290	G	4	0	285	16.8982456140351
A_PB1	2262	292	A	2	0	290	16.9689655172414
A_PB1	2263	293	C	0	0	287	16.581881533101
A_PB1	2264	290	G	2	0	284	15.1514084507042
A_PB1	2265	290	G	2	0	288	15.5416666666667
A_PB1	2266	289	C	3	0	288	15.5902777777778
A_PB1	2267	290	A	2	0	290	16.748275862069
A_PB1	2268	292	A	0	0	291	18.3298969072165
A_PB1	2269	292	A	0	0	289	18.3356401384083
A_PB1	2270	289	A	0	0	287	19.0592334494774
A_PB1	2271	287	A	0	0	287	18.9163763066202
A_PB1	2272	286	T	0	0	286	18.1258741258741
A_PB1	2273	283	A	0	0	283	18.208480565371
A_PB1	2274	281	A	0	0	281	17.3487544483986
