Reference_Name	Position	Coverage Depth	Consensus	Deletions	Ambiguous	Consensus_Count	Consensus_Average_Quality
A_PB2	1	128	A	0	0	128	26.5625
A_PB2	2	132	T	0	0	132	28.8484848484848
A_PB2	3	135	G	0	0	135	26.0518518518519
A_PB2	4	137	G	0	0	137	24.1021897810219
A_PB2	5	137	A	1	0	137	25.9270072992701
A_PB2	6	138	G	0	0	137	28.6058394160584
A_PB2	7	138	A	0	0	137	36.8175182481752
A_PB2	8	138	G	0	0	131	39.8702290076336
A_PB2	9	138	A	0	0	138	27.0289855072464
A_PB2	10	138	A	0	0	137	25.9416058394161
A_PB2	11	137	T	1	0	136	24.1911764705882
A_PB2	12	134	A	4	0	132	25.1893939393939
A_PB2	13	137	A	2	0	137	24.5109489051095
A_PB2	14	136	A	3	0	136	25.6911764705882
A_PB2	15	136	A	3	0	135	31.962962962963
A_PB2	16	136	G	3	0	132	29.0606060606061
A_PB2	17	138	A	1	0	138	27.1811594202899
A_PB2	18	138	A	1	0	138	25.9130434782609
A_PB2	19	138	C	1	0	135	26.1111111111111
A_PB2	20	139	T	0	0	132	27.280303030303
A_PB2	21	135	G	4	0	130	23.8538461538462
A_PB2	22	135	A	4	0	134	23.6791044776119
A_PB2	23	138	G	1	0	138	23.9420289855072
A_PB2	24	138	A	1	0	136	30.2647058823529
A_PB2	25	138	G	1	0	128	35.046875
A_PB2	26	137	A	2	0	136	28.2132352941176
A_PB2	27	136	T	3	0	134	25.3059701492537
A_PB2	28	139	C	0	0	130	24.7461538461538
A_PB2	29	137	T	2	0	137	24.4087591240876
A_PB2	30	134	A	5	0	130	24.4923076923077
A_PB2	31	139	A	0	0	139	24.6043165467626
A_PB2	32	139	T	0	0	135	29.1111111111111
A_PB2	33	139	G	0	0	135	28.8814814814815
A_PB2	34	138	T	1	0	137	28.6642335766423
A_PB2	35	139	C	0	0	129	27.8759689922481
A_PB2	36	135	G	4	0	134	25.7089552238806
A_PB2	37	137	C	2	0	135	25.6962962962963
A_PB2	38	139	A	0	0	137	24.7226277372263
A_PB2	39	137	G	2	0	136	25.625
A_PB2	40	134	T	5	0	134	26.955223880597
A_PB2	41	131	C	8	0	130	25.3230769230769
A_PB2	42	137	C	2	0	137	27.8029197080292
A_PB2	43	137	C	2	0	133	28.3233082706767
A_PB2	44	137	G	2	0	134	26.3208955223881
A_PB2	45	137	C	2	0	136	27.1323529411765
A_PB2	46	138	A	1	0	135	26.3777777777778
A_PB2	47	139	C	0	0	139	25.705035971223
A_PB2	48	139	T	0	0	138	27.2391304347826
A_PB2	49	138	C	1	0	128	26.4609375
A_PB2	50	139	G	0	0	134	23.365671641791
A_PB2	51	138	C	1	0	136	22.4411764705882
A_PB2	52	136	G	3	0	134	22.3507462686567
A_PB2	53	137	A	2	0	137	23.5839416058394
A_PB2	54	138	G	1	0	136	22.2426470588235
A_PB2	55	136	A	3	0	136	25.1470588235294
A_PB2	56	138	T	1	0	137	26.1824817518248
A_PB2	57	136	A	3	0	134	25.955223880597
A_PB2	58	138	C	1	0	133	27.0601503759398
A_PB2	59	135	T	4	0	135	24.4740740740741
A_PB2	60	138	C	1	0	132	23.9848484848485
A_PB2	61	139	A	0	0	133	23.8195488721805
A_PB2	62	139	C	0	0	137	25.3868613138686
A_PB2	63	139	T	0	0	139	24.9136690647482
A_PB2	64	138	A	1	0	137	25.2773722627737
A_PB2	65	139	A	0	0	137	25.4817518248175
A_PB2	66	139	G	0	0	139	26.7913669064748
A_PB2	67	138	A	1	0	137	29.6569343065693
A_PB2	68	139	C	0	0	138	28.1304347826087
A_PB2	69	139	C	0	0	139	29.1294964028777
A_PB2	70	139	A	0	0	139	27.5467625899281
A_PB2	71	139	C	0	0	139	32.2446043165468
A_PB2	72	139	T	0	0	138	32.7536231884058
A_PB2	73	139	G	0	0	139	30.9568345323741
A_PB2	74	139	T	0	0	139	33.2302158273381
A_PB2	75	138	G	1	0	137	33.4817518248175
A_PB2	76	138	G	1	0	138	33.5507246376812
A_PB2	77	138	A	1	0	137	29.970802919708
A_PB2	78	138	C	1	0	135	29.7111111111111
A_PB2	79	138	C	1	0	137	30.0656934306569
A_PB2	80	138	A	1	0	137	31.4306569343066
A_PB2	81	138	T	1	0	138	30.768115942029
A_PB2	82	139	A	0	0	139	29.0863309352518
A_PB2	83	139	T	0	0	139	30.3381294964029
A_PB2	84	139	G	0	0	139	29.0647482014388
A_PB2	85	139	G	0	0	139	28.9856115107914
A_PB2	86	139	C	0	0	139	33.1223021582734
A_PB2	87	138	C	1	0	138	30.7753623188406
A_PB2	88	138	A	1	0	137	31.6715328467153
A_PB2	89	139	T	0	0	138	32.4565217391304
A_PB2	90	139	A	0	0	138	27.963768115942
A_PB2	91	139	A	0	0	139	30.0719424460432
A_PB2	92	139	T	0	0	139	28.2374100719424
A_PB2	93	139	C	0	0	138	27.8768115942029
A_PB2	94	138	A	1	0	138	30.231884057971
A_PB2	95	139	A	0	0	138	30.804347826087
A_PB2	96	139	A	0	0	139	34.1798561151079
A_PB2	97	139	A	0	0	139	38.3453237410072
A_PB2	98	139	A	0	0	137	36.9270072992701
A_PB2	99	138	G	1	0	137	30.6569343065693
A_PB2	100	139	T	0	0	138	29.3840579710145
A_PB2	101	139	A	0	0	138	27.1376811594203
A_PB2	102	139	C	0	0	139	29.1079136690647
A_PB2	103	139	A	0	0	136	28.8014705882353
A_PB2	104	139	C	0	0	138	32.2173913043478
A_PB2	105	139	A	0	0	138	28.0144927536232
A_PB2	106	139	T	0	0	139	28.2086330935252
A_PB2	107	138	C	1	0	135	27.9777777777778
A_PB2	108	139	A	0	0	138	27.231884057971
A_PB2	109	139	G	0	0	139	30.4532374100719
A_PB2	110	139	G	0	0	137	30.1532846715328
A_PB2	111	139	A	0	0	139	29.9928057553957
A_PB2	112	139	A	0	0	136	30.8823529411765
A_PB2	113	139	G	0	0	139	28.726618705036
A_PB2	114	138	G	1	0	138	29.3333333333333
A_PB2	115	138	C	1	0	138	27.4855072463768
A_PB2	116	134	A	5	0	134	26.0298507462687
A_PB2	117	135	A	4	0	134	24.7014925373134
A_PB2	118	133	G	6	0	131	25.2824427480916
A_PB2	119	137	A	2	0	137	24.7518248175182
A_PB2	120	136	G	3	0	133	33.1954887218045
A_PB2	121	137	A	2	0	137	27.2554744525547
A_PB2	122	137	A	2	0	137	25.8248175182482
A_PB2	123	137	G	2	0	137	23.978102189781
A_PB2	124	139	A	0	0	138	26.3188405797101
A_PB2	125	137	A	2	0	137	25.7153284671533
A_PB2	126	127	C	12	0	123	24.3739837398374
A_PB2	127	139	C	0	0	139	23.2014388489209
A_PB2	128	139	C	0	0	139	26.410071942446
A_PB2	129	138	C	0	0	137	26.3284671532847
A_PB2	130	138	G	0	0	135	24.1851851851852
A_PB2	131	138	C	0	0	137	25.7956204379562
A_PB2	132	138	A	0	0	137	24.9343065693431
A_PB2	133	138	C	0	0	136	24.9632352941176
A_PB2	134	138	T	0	0	138	28.9130434782609
A_PB2	135	138	C	0	0	130	26.8230769230769
A_PB2	136	138	A	0	0	135	27.8296296296296
A_PB2	137	138	G	0	0	137	31.5985401459854
A_PB2	138	138	A	0	0	135	31.1555555555556
A_PB2	139	138	A	0	0	138	33.0072463768116
A_PB2	140	139	T	0	0	139	34.0935251798561
A_PB2	141	139	G	0	0	137	30.9124087591241
A_PB2	142	137	A	1	0	137	31.6131386861314
A_PB2	143	138	A	0	0	137	30.8540145985401
A_PB2	144	138	G	0	0	137	32.0802919708029
A_PB2	145	138	T	0	0	138	32.7608695652174
A_PB2	146	137	G	1	0	137	31.2335766423358
A_PB2	147	138	G	0	0	137	32.1532846715328
A_PB2	148	138	A	0	0	138	34.9275362318841
A_PB2	149	138	T	0	0	138	33.8115942028985
A_PB2	150	138	G	0	0	138	31.1666666666667
A_PB2	151	138	A	0	0	138	32.0434782608696
A_PB2	152	138	T	0	0	138	33.0289855072464
A_PB2	153	138	G	0	0	138	30.9202898550725
A_PB2	154	137	G	1	0	137	33.0948905109489
A_PB2	155	137	C	1	0	136	33.2132352941176
A_PB2	156	137	A	1	0	137	29.992700729927
A_PB2	157	138	A	0	0	138	30.5942028985507
A_PB2	158	138	T	0	0	135	30.7111111111111
A_PB2	159	138	G	0	0	137	31.7883211678832
A_PB2	160	138	A	0	0	138	32.9420289855072
A_PB2	161	138	A	0	0	138	32.9420289855072
A_PB2	162	138	A	0	0	137	36.1897810218978
A_PB2	163	138	T	0	0	137	32.6058394160584
A_PB2	164	137	A	0	0	137	30.8832116788321
A_PB2	165	137	C	0	0	137	31.9124087591241
A_PB2	166	137	C	0	0	137	32.3211678832117
A_PB2	167	136	C	1	0	135	31.362962962963
A_PB2	168	135	A	2	0	134	31.3432835820896
A_PB2	169	137	A	0	0	136	30.4044117647059
A_PB2	170	137	T	0	0	136	29.4264705882353
A_PB2	171	137	T	0	0	137	28.7810218978102
A_PB2	172	136	A	1	0	134	30.3507462686567
A_PB2	173	136	C	1	0	133	28.1203007518797
A_PB2	174	137	G	0	0	134	27.3358208955224
A_PB2	175	135	G	2	0	135	27.8444444444444
A_PB2	176	134	C	3	0	134	28.3283582089552
A_PB2	177	134	A	3	0	134	28.6194029850746
A_PB2	178	137	G	0	0	136	31.5808823529412
A_PB2	179	101	A	1	0	101	28.4554455445545
A_PB2	180	102	C	0	0	102	27.6176470588235
A_PB2	181	102	A	0	0	102	27.9705882352941
A_PB2	182	101	A	1	0	101	26.3861386138614
A_PB2	183	101	G	1	0	100	27.3
A_PB2	184	102	A	0	0	102	27.9901960784314
A_PB2	185	102	G	0	0	102	27.6372549019608
A_PB2	186	102	G	0	0	102	26.6862745098039
A_PB2	187	102	A	0	0	102	27.1960784313725
A_PB2	188	102	T	0	0	102	28.7745098039216
A_PB2	189	100	A	2	0	100	27.86
A_PB2	190	102	A	0	0	102	27.7352941176471
A_PB2	191	102	T	0	0	94	30.4787234042553
A_PB2	192	102	G	0	0	102	29.0490196078431
A_PB2	193	102	G	0	0	102	29.5490196078431
A_PB2	194	102	A	0	0	102	28.6470588235294
A_PB2	195	102	C	0	0	101	29.7722772277228
A_PB2	196	101	A	1	0	101	27.970297029703
A_PB2	197	101	T	1	0	101	27.5643564356436
A_PB2	198	101	A	1	0	98	25.030612244898
A_PB2	199	102	A	0	0	101	25.5445544554455
A_PB2	200	102	T	0	0	101	24.6633663366337
A_PB2	201	98	C	4	0	97	24.9587628865979
A_PB2	202	102	C	0	0	101	25.8613861386139
A_PB2	203	100	C	2	0	99	26.0909090909091
A_PB2	204	81	A	21	0	80	25.725
A_PB2	205	80	G	22	0	79	25.5822784810127
A_PB2	206	99	A	3	0	98	24.9183673469388
A_PB2	207	102	G	0	0	101	29.8415841584158
A_PB2	208	102	A	0	0	102	28.9019607843137
A_PB2	209	102	G	0	0	102	29.0490196078431
A_PB2	210	101	G	0	0	101	25.2376237623762
A_PB2	211	101	A	0	0	101	25.3267326732673
A_PB2	212	100	A	0	0	100	25.54
A_PB2	213	100	T	0	0	100	25.07
A_PB2	214	99	G	0	0	98	25.765306122449
A_PB2	215	27	N	0	0	27	15.5925925925926
A_PB2	216	27	N	0	0	27	15.3703703703704
A_PB2	217	27	N	0	0	27	15.7037037037037
A_PB2	218	26	N	1	0	26	16.3461538461538
A_PB2	219	27	N	0	0	27	16.5555555555556
A_PB2	220	27	N	0	0	27	16.3333333333333
A_PB2	221	27	N	0	0	27	19.1111111111111
A_PB2	222	27	N	0	0	27	16.8148148148148
A_PB2	223	27	N	0	0	27	17.4444444444444
A_PB2	224	25	N	2	0	25	17.76
A_PB2	225	27	N	0	0	27	16.8518518518519
A_PB2	226	27	N	0	0	27	16.3703703703704
A_PB2	227	27	N	0	0	27	16.5925925925926
A_PB2	228	27	N	0	0	27	16.6296296296296
A_PB2	229	27	N	0	0	27	17.9259259259259
A_PB2	230	27	N	0	0	27	19.1111111111111
A_PB2	231	27	N	0	0	27	18.037037037037
A_PB2	232	27	N	0	0	27	17.6666666666667
A_PB2	233	27	N	0	0	27	17.9259259259259
A_PB2	234	27	N	0	0	27	17.4444444444444
A_PB2	235	27	N	0	0	27	16.8888888888889
A_PB2	236	27	N	0	0	27	16.2962962962963
A_PB2	237	27	N	0	0	27	15.1111111111111
A_PB2	238	26	N	1	0	26	14.4615384615385
A_PB2	239	27	N	0	0	27	14.5925925925926
A_PB2	240	27	N	0	0	27	15.3333333333333
A_PB2	241	27	N	0	0	25	17.8
A_PB2	242	27	N	0	0	26	17.8461538461538
A_PB2	243	27	N	0	0	27	17.4444444444444
A_PB2	244	27	N	0	0	27	17.8148148148148
A_PB2	245	27	N	0	0	27	18.5185185185185
A_PB2	246	27	N	0	0	27	17.6666666666667
A_PB2	247	27	N	0	0	27	14.5925925925926
A_PB2	248	27	N	0	0	27	14.3333333333333
A_PB2	249	27	N	0	0	26	13.4230769230769
A_PB2	250	27	N	0	0	27	14
A_PB2	251	27	N	0	0	27	15.7407407407407
A_PB2	252	27	N	0	0	27	16.5555555555556
A_PB2	253	27	N	0	0	27	18.8148148148148
A_PB2	254	27	N	0	0	27	18.8518518518519
A_PB2	255	27	N	0	0	27	17.7037037037037
A_PB2	256	27	N	0	0	27	15.7037037037037
A_PB2	257	27	N	0	0	26	14.9615384615385
A_PB2	258	27	N	0	0	27	15.5555555555556
A_PB2	259	27	N	0	0	27	15.2222222222222
A_PB2	260	27	N	0	0	27	17.0740740740741
A_PB2	261	27	N	0	0	27	17.3703703703704
A_PB2	262	27	N	0	0	26	15.9615384615385
A_PB2	263	27	N	0	0	26	13.3846153846154
A_PB2	264	27	N	0	0	27	13.0740740740741
A_PB2	265	27	N	0	0	27	13.2592592592593
A_PB2	266	27	N	0	0	27	14.3703703703704
A_PB2	267	27	N	0	0	27	18.1851851851852
A_PB2	268	27	N	0	0	27	17.8148148148148
A_PB2	269	27	N	0	0	27	17.1481481481481
A_PB2	270	27	N	0	0	27	17.0740740740741
A_PB2	271	27	N	0	0	27	16.8148148148148
A_PB2	272	27	N	0	0	27	15.5555555555556
A_PB2	273	27	N	0	0	27	15.2222222222222
A_PB2	274	27	N	0	0	27	14.3703703703704
A_PB2	275	27	N	0	0	27	14.0740740740741
A_PB2	276	27	N	0	0	27	15.3333333333333
A_PB2	277	27	N	0	0	27	15.2592592592593
A_PB2	278	27	N	0	0	27	17.8148148148148
A_PB2	279	27	N	0	0	27	17.5185185185185
A_PB2	280	27	N	0	0	27	17.9259259259259
A_PB2	281	27	N	0	0	27	19
A_PB2	282	27	N	0	0	27	19.5185185185185
A_PB2	283	27	N	0	0	27	18.7407407407407
A_PB2	284	27	N	0	0	27	18.3703703703704
A_PB2	285	27	N	0	0	27	17.5555555555556
A_PB2	286	25	N	2	0	24	15
A_PB2	287	27	N	0	0	25	14.76
A_PB2	288	27	N	0	0	27	15.037037037037
A_PB2	289	27	N	0	0	26	15.3461538461538
A_PB2	290	27	N	0	0	27	17.2222222222222
A_PB2	291	27	N	0	0	27	16.0740740740741
A_PB2	292	27	N	0	0	27	15.7407407407407
A_PB2	293	27	N	0	0	27	17.6296296296296
A_PB2	294	27	N	0	0	27	14.9259259259259
A_PB2	295	27	N	0	0	27	15.7777777777778
A_PB2	296	27	N	0	0	27	16.4814814814815
A_PB2	297	27	N	0	0	27	16.5185185185185
A_PB2	298	27	N	0	0	27	16.8518518518519
A_PB2	299	27	N	0	0	27	16.2962962962963
A_PB2	300	27	N	0	0	27	13.2962962962963
A_PB2	301	27	N	0	0	27	12.8148148148148
A_PB2	302	27	N	0	0	27	12.9259259259259
A_PB2	303	27	N	0	0	27	12.3703703703704
A_PB2	304	26	N	1	0	26	14.4230769230769
A_PB2	305	27	N	0	0	27	15.7407407407407
A_PB2	306	27	N	0	0	26	15.0769230769231
A_PB2	307	27	N	0	0	24	14.9166666666667
A_PB2	308	27	N	0	0	26	14.4615384615385
A_PB2	309	25	N	2	0	25	14.84
A_PB2	310	26	N	1	0	26	16.2692307692308
A_PB2	311	27	N	0	0	27	16.9259259259259
A_PB2	312	27	N	0	0	27	17.8518518518519
A_PB2	313	27	N	0	0	27	17.962962962963
A_PB2	314	27	N	0	0	27	17.5925925925926
A_PB2	315	27	N	0	0	27	16.6296296296296
A_PB2	316	27	N	0	0	27	16.5555555555556
A_PB2	317	27	N	0	0	27	16.5185185185185
A_PB2	318	26	N	1	0	26	17.5769230769231
A_PB2	319	27	N	0	0	25	17.28
A_PB2	320	27	N	0	0	25	16.24
A_PB2	321	27	N	0	0	27	14.7407407407407
A_PB2	322	26	N	1	0	24	15.2916666666667
A_PB2	323	26	N	1	0	25	15.12
A_PB2	324	27	N	0	0	27	14.4444444444444
A_PB2	325	27	N	0	0	27	15.1481481481481
A_PB2	326	27	N	0	0	27	15.3333333333333
A_PB2	327	27	N	0	0	27	15.7407407407407
A_PB2	328	27	N	0	0	26	15.0384615384615
A_PB2	329	27	N	0	0	27	15.1851851851852
A_PB2	330	27	N	0	0	27	15.4814814814815
A_PB2	331	27	N	0	0	27	16.0740740740741
A_PB2	332	27	N	0	0	26	15.6923076923077
A_PB2	333	27	N	0	0	27	15.962962962963
A_PB2	334	27	N	0	0	27	17.4444444444444
A_PB2	335	27	N	0	0	27	18.1851851851852
A_PB2	336	27	N	0	0	27	18.3703703703704
A_PB2	337	27	N	0	0	27	16.0740740740741
A_PB2	338	27	N	0	0	27	15.4074074074074
A_PB2	339	27	N	0	0	27	16.1111111111111
A_PB2	340	27	N	0	0	27	17.1111111111111
A_PB2	341	27	N	0	0	25	15.84
A_PB2	342	27	N	0	0	27	15.8518518518519
A_PB2	343	27	N	0	0	26	14.8846153846154
A_PB2	344	27	N	0	0	27	15.5555555555556
A_PB2	345	27	N	0	0	26	17.9230769230769
A_PB2	346	26	N	1	0	26	14.4230769230769
A_PB2	347	26	N	1	0	26	14.3461538461538
A_PB2	348	27	N	0	0	27	14.3703703703704
A_PB2	349	27	N	0	0	27	16.6296296296296
A_PB2	350	27	N	0	0	27	16.2222222222222
A_PB2	351	27	N	0	0	27	15.6666666666667
A_PB2	352	27	N	0	0	26	14.9615384615385
A_PB2	353	27	N	0	0	27	14.6666666666667
A_PB2	354	26	N	1	0	26	14.6153846153846
A_PB2	355	27	N	0	0	27	15.0740740740741
A_PB2	356	27	N	0	0	26	15.3076923076923
A_PB2	357	26	N	1	0	24	16.7916666666667
A_PB2	358	27	N	0	0	27	13.7037037037037
A_PB2	359	27	N	0	0	27	12.962962962963
A_PB2	360	27	N	0	0	26	13.2307692307692
A_PB2	361	27	N	0	0	27	14.8518518518519
A_PB2	362	27	N	0	0	27	16.5555555555556
A_PB2	363	27	N	0	0	26	15.5769230769231
A_PB2	364	27	N	0	0	27	15.5555555555556
A_PB2	365	27	N	0	0	27	14.8148148148148
A_PB2	366	27	N	0	0	25	15.16
A_PB2	367	26	N	1	0	26	12.9230769230769
A_PB2	368	26	N	1	0	26	12.5
A_PB2	369	27	N	0	0	27	12.8148148148148
A_PB2	370	27	N	0	0	27	14.7037037037037
A_PB2	371	27	N	0	0	27	16.5925925925926
A_PB2	372	27	N	0	0	27	16.3333333333333
A_PB2	373	26	N	1	0	26	15.5384615384615
A_PB2	374	27	N	0	0	27	15.8518518518519
A_PB2	375	26	N	1	0	24	16.7083333333333
A_PB2	376	26	N	1	0	25	16.32
A_PB2	377	27	N	0	0	26	17.1153846153846
A_PB2	378	27	N	0	0	27	17.2962962962963
A_PB2	379	27	N	0	0	27	17.5555555555556
A_PB2	380	27	N	0	0	27	16.4074074074074
A_PB2	381	27	N	0	0	26	16.5769230769231
A_PB2	382	27	N	0	0	26	16.8461538461538
A_PB2	383	27	N	0	0	27	16.6666666666667
A_PB2	384	27	N	0	0	25	16.32
A_PB2	385	27	N	0	0	26	15.9230769230769
A_PB2	386	26	N	1	0	26	16.2692307692308
A_PB2	387	27	N	0	0	26	16.3076923076923
A_PB2	388	24	N	3	0	24	17.2916666666667
A_PB2	389	27	N	0	0	27	17.2962962962963
A_PB2	390	25	N	2	0	24	16.3333333333333
A_PB2	391	27	N	0	0	25	13.6
A_PB2	392	27	N	0	0	27	14.4814814814815
A_PB2	393	27	N	0	0	24	14.5833333333333
A_PB2	394	27	N	0	0	25	15.88
A_PB2	395	27	N	0	0	27	18.2222222222222
A_PB2	396	27	N	0	0	26	18.5769230769231
A_PB2	397	27	N	0	0	27	17.6296296296296
A_PB2	398	27	N	0	0	27	16.6296296296296
A_PB2	399	25	N	2	0	24	17.7083333333333
A_PB2	400	27	N	0	0	25	16.2
A_PB2	401	27	N	0	0	27	15.7407407407407
A_PB2	402	27	N	0	0	27	17.4444444444444
A_PB2	403	27	N	0	0	27	17.2592592592593
A_PB2	404	27	N	0	0	27	17.1481481481481
A_PB2	405	26	N	1	0	25	18.32
A_PB2	406	27	N	0	0	26	18.0769230769231
A_PB2	407	27	N	0	0	27	17.7407407407407
A_PB2	408	27	N	0	0	27	17.7407407407407
A_PB2	409	27	N	0	0	27	17.1851851851852
A_PB2	410	27	N	0	0	27	17.7407407407407
A_PB2	411	27	N	0	0	27	17.962962962963
A_PB2	412	27	N	0	0	26	17.1923076923077
A_PB2	413	27	N	0	0	27	16.6296296296296
A_PB2	414	27	N	0	0	27	16.2592592592593
A_PB2	415	27	N	0	0	27	16.5185185185185
A_PB2	416	27	N	0	0	27	16.1481481481481
A_PB2	417	27	N	0	0	26	16.8846153846154
A_PB2	418	27	N	0	0	27	16.5925925925926
A_PB2	419	26	N	1	0	26	17.4230769230769
A_PB2	420	26	N	1	0	26	17.8076923076923
A_PB2	421	26	N	1	0	26	19.2692307692308
A_PB2	422	26	N	1	0	26	17.5
A_PB2	423	27	N	0	0	27	15.2592592592593
A_PB2	424	27	N	0	0	26	15.0384615384615
A_PB2	425	26	N	1	0	25	15.48
A_PB2	426	27	N	0	0	27	15.8888888888889
A_PB2	427	27	N	0	0	27	16.1111111111111
A_PB2	428	27	N	0	0	27	16.5925925925926
A_PB2	429	27	N	0	0	27	16.2222222222222
A_PB2	430	27	N	0	0	27	15.7407407407407
A_PB2	431	27	N	0	0	25	16.6
A_PB2	432	27	N	0	0	27	16.8148148148148
A_PB2	433	27	N	0	0	27	16.4444444444444
A_PB2	434	26	N	1	0	26	16.0384615384615
A_PB2	435	27	N	0	0	26	15.0384615384615
A_PB2	436	25	N	2	0	24	15.2083333333333
A_PB2	437	26	N	1	0	26	14.4230769230769
A_PB2	438	27	N	0	0	26	16.2692307692308
A_PB2	439	25	N	2	0	25	16.88
A_PB2	440	26	N	1	0	26	25.4230769230769
A_PB2	441	26	N	1	0	25	17.2
A_PB2	442	27	N	0	0	27	16.7407407407407
A_PB2	443	27	N	0	0	27	17.7037037037037
A_PB2	444	27	N	0	0	27	17.5555555555556
A_PB2	445	27	N	0	0	27	18.3703703703704
A_PB2	446	27	N	0	0	27	19.1481481481481
A_PB2	447	27	N	0	0	27	19.1851851851852
A_PB2	448	27	N	0	0	26	19.3076923076923
A_PB2	449	27	N	0	0	27	19.2592592592593
A_PB2	450	27	N	0	0	27	19.037037037037
A_PB2	451	27	N	0	0	27	19.9259259259259
A_PB2	452	26	N	1	0	26	18.6153846153846
A_PB2	453	27	N	0	0	26	17.5
A_PB2	454	27	N	0	0	27	17.2222222222222
A_PB2	455	26	N	1	0	25	17.12
A_PB2	456	27	N	0	0	26	17.5384615384615
A_PB2	457	27	N	0	0	25	17.96
A_PB2	458	27	N	0	0	27	17.8518518518519
A_PB2	459	27	N	0	0	27	16.8888888888889
A_PB2	460	27	N	0	0	27	16.2222222222222
A_PB2	461	26	N	1	0	26	16.2692307692308
A_PB2	462	27	N	0	0	26	16.4230769230769
A_PB2	463	27	N	0	0	27	18.6296296296296
A_PB2	464	27	N	0	0	27	18.2592592592593
A_PB2	465	27	N	0	0	27	17.2592592592593
A_PB2	466	27	N	0	0	27	16.9259259259259
A_PB2	467	27	N	0	0	27	17.2592592592593
A_PB2	468	27	N	0	0	27	17.8518518518519
A_PB2	469	27	N	0	0	27	18.2222222222222
A_PB2	470	27	N	0	0	27	18.3703703703704
A_PB2	471	27	N	0	0	27	18.2222222222222
A_PB2	472	27	N	0	0	27	18.6296296296296
A_PB2	473	27	N	0	0	27	18.8148148148148
A_PB2	474	27	N	0	0	27	21.4814814814815
A_PB2	475	27	N	0	0	27	18.962962962963
A_PB2	476	27	N	0	0	27	18.8148148148148
A_PB2	477	27	N	0	0	27	18.7777777777778
A_PB2	478	27	N	0	0	27	19.3333333333333
A_PB2	479	27	N	0	0	27	18.5925925925926
A_PB2	480	27	N	0	0	27	18.5925925925926
A_PB2	481	27	N	0	0	27	18.4444444444444
A_PB2	482	27	N	0	0	27	17.2592592592593
A_PB2	483	27	N	0	0	27	16.9259259259259
A_PB2	484	27	N	0	0	27	16.8148148148148
A_PB2	485	27	N	0	0	26	16.9615384615385
A_PB2	486	27	N	0	0	27	16.5555555555556
A_PB2	487	27	N	0	0	27	16.7777777777778
A_PB2	488	27	N	0	0	27	15.5925925925926
A_PB2	489	27	N	0	0	27	15.6666666666667
A_PB2	490	27	N	0	0	27	14.2592592592593
A_PB2	491	27	N	0	0	27	14.1111111111111
A_PB2	492	27	N	0	0	27	14.6296296296296
A_PB2	493	27	N	0	0	27	14.962962962963
A_PB2	494	27	N	0	0	26	17.1923076923077
A_PB2	495	27	N	0	0	27	17.8148148148148
A_PB2	496	27	N	0	0	27	16.8888888888889
A_PB2	497	27	N	0	0	27	15.8888888888889
A_PB2	498	27	N	0	0	27	15.9259259259259
A_PB2	499	27	N	0	0	27	16.2592592592593
A_PB2	500	27	N	0	0	27	15.6666666666667
A_PB2	501	27	N	0	0	27	17
A_PB2	502	27	N	0	0	27	17.0740740740741
A_PB2	503	27	N	0	0	26	18.8076923076923
A_PB2	504	26	N	1	0	26	19
A_PB2	505	27	N	0	0	27	19.6296296296296
A_PB2	506	27	N	0	0	27	20.1851851851852
A_PB2	507	27	N	0	0	27	19.9259259259259
A_PB2	508	27	N	0	0	27	20.037037037037
A_PB2	509	27	N	0	0	27	21.7407407407407
A_PB2	510	27	N	0	0	27	18.8888888888889
A_PB2	511	27	N	0	0	27	17
A_PB2	512	27	N	0	0	27	16.3333333333333
A_PB2	513	27	N	0	0	27	16.7777777777778
A_PB2	514	27	N	0	0	27	16.7037037037037
A_PB2	515	27	N	0	0	27	17.0740740740741
A_PB2	516	25	N	2	0	25	17.48
A_PB2	517	27	N	0	0	27	16.7777777777778
A_PB2	518	27	N	0	0	27	17.5555555555556
A_PB2	519	27	N	0	0	26	18.5769230769231
A_PB2	520	27	N	0	0	25	18.68
A_PB2	521	27	N	0	0	26	16.4230769230769
A_PB2	522	27	N	0	0	27	16.9259259259259
A_PB2	523	26	N	1	0	25	16.72
A_PB2	524	26	N	1	0	23	16.1304347826087
A_PB2	525	27	N	0	0	26	16.1538461538462
A_PB2	526	26	N	1	0	26	19.7307692307692
A_PB2	527	26	N	1	0	26	17.8076923076923
A_PB2	528	26	N	1	0	26	18
A_PB2	529	26	N	1	0	25	18.84
A_PB2	530	27	N	0	0	26	15.7692307692308
A_PB2	531	27	N	0	0	26	17.6923076923077
A_PB2	532	27	N	0	0	26	17.6153846153846
A_PB2	533	27	N	0	0	27	18.7037037037037
A_PB2	534	27	N	0	0	26	17.8461538461538
A_PB2	535	27	N	0	0	27	19.7037037037037
A_PB2	536	27	N	0	0	26	17.6923076923077
A_PB2	537	27	N	0	0	27	19.0740740740741
A_PB2	538	27	N	0	0	26	17.2307692307692
A_PB2	539	27	N	0	0	27	18.6666666666667
A_PB2	540	27	N	0	0	27	17.5925925925926
A_PB2	541	27	N	0	0	27	16.9259259259259
A_PB2	542	27	N	0	0	27	17.3333333333333
A_PB2	543	27	N	0	0	27	16.7037037037037
A_PB2	544	27	N	0	0	27	17.2592592592593
A_PB2	545	27	N	0	0	27	17.7777777777778
A_PB2	546	27	N	0	0	27	16.7037037037037
A_PB2	547	27	N	0	0	27	17.2222222222222
A_PB2	548	27	N	0	0	27	17.4074074074074
A_PB2	549	27	N	0	0	27	17.8148148148148
A_PB2	550	27	N	0	0	27	18.5555555555556
A_PB2	551	27	N	0	0	27	19.2222222222222
A_PB2	552	27	N	0	0	27	19.6296296296296
A_PB2	553	25	N	2	0	24	19.5
A_PB2	554	25	N	2	0	25	16.92
A_PB2	555	26	N	1	0	24	15.9166666666667
A_PB2	556	26	N	1	0	26	15.1153846153846
A_PB2	557	26	N	1	0	26	15.4615384615385
A_PB2	558	26	N	1	0	26	15.9615384615385
A_PB2	559	26	N	1	0	26	16.0384615384615
A_PB2	560	27	N	0	0	27	17.7037037037037
A_PB2	561	27	N	0	0	27	18.5185185185185
A_PB2	562	27	N	0	0	27	19.2962962962963
A_PB2	563	27	N	0	0	27	19.2222222222222
A_PB2	564	27	N	0	0	26	19.2692307692308
A_PB2	565	26	N	1	0	26	18.8076923076923
A_PB2	566	26	N	1	0	26	18.5769230769231
A_PB2	567	26	N	1	0	25	17.76
A_PB2	568	22	N	5	0	22	18.2727272727273
A_PB2	569	27	N	0	0	26	18.4230769230769
A_PB2	570	27	N	0	0	27	17.5185185185185
A_PB2	571	27	N	0	0	27	20.037037037037
A_PB2	572	27	N	0	0	27	18.2962962962963
A_PB2	573	26	N	1	0	26	17.2307692307692
A_PB2	574	25	N	2	0	24	16.7916666666667
A_PB2	575	26	N	1	0	26	16.1923076923077
A_PB2	576	26	N	1	0	26	15.9230769230769
A_PB2	577	27	N	0	0	27	15.962962962963
A_PB2	578	27	N	0	0	27	16.8518518518519
A_PB2	579	27	N	0	0	26	16.8461538461538
A_PB2	580	27	N	0	0	27	16.5925925925926
A_PB2	581	27	N	0	0	27	15.7777777777778
A_PB2	582	27	N	0	0	27	17.2592592592593
A_PB2	583	27	N	0	0	27	17.5925925925926
A_PB2	584	27	N	0	0	27	17.2592592592593
A_PB2	585	27	N	0	0	26	16.5769230769231
A_PB2	586	27	N	0	0	27	17.4814814814815
A_PB2	587	27	N	0	0	26	17.1538461538462
A_PB2	588	27	N	0	0	27	16.962962962963
A_PB2	589	26	N	1	0	25	17
A_PB2	590	27	N	0	0	27	16.3703703703704
A_PB2	591	27	N	0	0	26	16.6923076923077
A_PB2	592	27	N	0	0	27	18.7407407407407
A_PB2	593	27	N	0	0	26	17.1923076923077
A_PB2	594	27	N	0	0	26	17.0384615384615
A_PB2	595	27	N	0	0	25	16.4
A_PB2	596	27	N	0	0	27	16.4814814814815
A_PB2	597	27	N	0	0	27	18.1851851851852
A_PB2	598	27	N	0	0	27	18.6296296296296
A_PB2	599	27	N	0	0	27	18.5185185185185
A_PB2	600	27	N	0	0	27	18.6296296296296
A_PB2	601	27	N	0	0	27	19.1481481481481
A_PB2	602	27	N	0	0	27	20.3333333333333
A_PB2	603	27	N	0	0	27	18
A_PB2	604	27	N	0	0	27	17.2592592592593
A_PB2	605	27	N	0	0	27	18.5555555555556
A_PB2	606	27	N	0	0	27	20.5185185185185
A_PB2	607	27	N	0	0	27	17.7037037037037
A_PB2	608	27	N	0	0	27	17.3333333333333
A_PB2	609	26	N	1	0	26	17.8076923076923
A_PB2	610	27	N	0	0	27	17.3333333333333
A_PB2	611	27	N	0	0	27	16.8148148148148
A_PB2	612	27	N	0	0	27	16.0740740740741
A_PB2	613	27	N	0	0	27	16.2592592592593
A_PB2	614	27	N	0	0	27	16.5185185185185
A_PB2	615	27	N	0	0	27	17.6296296296296
A_PB2	616	27	N	0	0	27	18.2222222222222
A_PB2	617	27	N	0	0	27	18.5555555555556
A_PB2	618	27	N	0	0	27	17.8148148148148
A_PB2	619	27	N	0	0	27	17.7777777777778
A_PB2	620	27	N	0	0	27	18.7407407407407
A_PB2	621	26	N	1	0	25	17.48
A_PB2	622	26	N	1	0	25	16.48
A_PB2	623	26	N	1	0	26	15.8846153846154
A_PB2	624	27	N	0	0	27	15.8888888888889
A_PB2	625	27	N	0	0	27	15.9259259259259
A_PB2	626	26	N	1	0	26	16.9230769230769
A_PB2	627	27	N	0	0	25	17.8
A_PB2	628	27	N	0	0	27	17.7407407407407
A_PB2	629	27	N	0	0	27	22.037037037037
A_PB2	630	27	N	0	0	27	17.962962962963
A_PB2	631	25	N	2	0	25	17.4
A_PB2	632	27	N	0	0	27	18.0740740740741
A_PB2	633	27	N	0	0	25	17.32
A_PB2	634	26	N	1	0	26	16.8461538461538
A_PB2	635	26	N	1	0	26	17.2692307692308
A_PB2	636	24	N	3	0	24	17.0416666666667
A_PB2	637	25	N	2	0	25	16.8
A_PB2	638	24	N	3	0	24	16.9583333333333
A_PB2	639	24	N	3	0	24	17.125
A_PB2	640	25	N	2	0	23	17
A_PB2	641	27	N	0	0	27	17
A_PB2	642	27	N	0	0	27	17.4814814814815
A_PB2	643	27	N	0	0	25	19.8
A_PB2	644	27	N	0	0	27	20.1481481481481
A_PB2	645	27	N	0	0	27	19.8888888888889
A_PB2	646	27	N	0	0	27	19.8148148148148
A_PB2	647	27	N	0	0	27	19.6296296296296
A_PB2	648	27	N	0	0	27	19.8888888888889
A_PB2	649	26	N	1	0	24	18.8333333333333
A_PB2	650	27	N	0	0	26	17.8846153846154
A_PB2	651	27	N	0	0	27	17.3703703703704
A_PB2	652	27	N	0	0	27	17.7407407407407
A_PB2	653	27	N	0	0	27	18.7037037037037
A_PB2	654	26	N	1	0	25	18.28
A_PB2	655	27	N	0	0	27	18.4444444444444
A_PB2	656	27	N	0	0	27	17.7037037037037
A_PB2	657	27	N	0	0	26	15.5769230769231
A_PB2	658	27	N	0	0	26	16.6538461538462
A_PB2	659	27	N	0	0	26	15.3461538461538
A_PB2	660	27	N	0	0	27	16.3703703703704
A_PB2	661	26	N	1	0	26	17.1153846153846
A_PB2	662	26	N	1	0	26	17.1923076923077
A_PB2	663	26	N	1	0	26	17.5384615384615
A_PB2	664	26	N	1	0	25	16
A_PB2	665	26	N	1	0	26	15.3846153846154
A_PB2	666	27	N	0	0	27	15.3333333333333
A_PB2	667	27	N	0	0	27	16.1851851851852
A_PB2	668	27	N	0	0	27	18.2222222222222
A_PB2	669	26	N	1	0	26	20
A_PB2	670	26	N	1	0	26	19.9615384615385
A_PB2	671	26	N	1	0	26	18.5
A_PB2	672	26	N	1	0	26	18.0769230769231
A_PB2	673	27	N	0	0	27	18.5185185185185
A_PB2	674	27	N	0	0	27	19.3333333333333
A_PB2	675	27	N	0	0	26	19.9615384615385
A_PB2	676	27	N	0	0	27	20.037037037037
A_PB2	677	27	N	0	0	26	19.5769230769231
A_PB2	678	27	N	0	0	27	18.4074074074074
A_PB2	679	27	N	0	0	27	19.5185185185185
A_PB2	680	27	N	0	0	27	19.4444444444444
A_PB2	681	27	N	0	0	27	20.6296296296296
A_PB2	682	27	N	0	0	27	20.4444444444444
A_PB2	683	27	N	0	0	27	19.5925925925926
A_PB2	684	27	N	0	0	27	18.3703703703704
A_PB2	685	27	N	0	0	27	18.4444444444444
A_PB2	686	27	N	0	0	27	16.7777777777778
A_PB2	687	27	N	0	0	26	16.5769230769231
A_PB2	688	27	N	0	0	27	17.4814814814815
A_PB2	689	27	N	0	0	27	17.5555555555556
A_PB2	690	27	N	0	0	27	18.962962962963
A_PB2	691	27	N	0	0	27	17.6666666666667
A_PB2	692	27	N	0	0	25	18.88
A_PB2	693	27	N	0	0	27	18.6296296296296
A_PB2	694	27	N	0	0	27	17.8888888888889
A_PB2	695	27	N	0	0	27	18.1111111111111
A_PB2	696	27	N	0	0	27	19.0740740740741
A_PB2	697	27	N	0	0	27	19.8148148148148
A_PB2	698	27	N	0	0	26	21.1538461538462
A_PB2	699	27	N	0	0	27	20.3333333333333
A_PB2	700	27	N	0	0	27	19.2222222222222
A_PB2	701	27	N	0	0	26	18.4615384615385
A_PB2	702	27	N	0	0	27	19.1851851851852
A_PB2	703	27	N	0	0	27	19.5925925925926
A_PB2	704	27	N	0	0	27	19.8518518518519
A_PB2	705	27	N	0	0	27	19.7777777777778
A_PB2	706	27	N	0	0	27	20.2962962962963
A_PB2	707	27	N	0	0	27	20.7777777777778
A_PB2	708	27	N	0	0	27	20.2222222222222
A_PB2	709	27	N	0	0	27	20.3333333333333
A_PB2	710	27	N	0	0	27	20.8518518518519
A_PB2	711	27	N	0	0	26	21.5384615384615
A_PB2	712	27	N	0	0	26	22.5
A_PB2	713	27	N	0	0	26	19.7692307692308
A_PB2	714	27	N	0	0	25	19.28
A_PB2	715	27	N	0	0	26	18.8461538461538
A_PB2	716	27	N	0	0	27	18.7037037037037
A_PB2	717	27	N	0	0	27	19.5925925925926
A_PB2	718	27	N	0	0	26	23.0384615384615
A_PB2	719	24	N	3	0	24	21.5416666666667
A_PB2	720	27	N	0	0	27	21.4444444444444
A_PB2	721	27	N	0	0	27	21.2592592592593
A_PB2	722	27	N	0	0	27	23.0740740740741
A_PB2	723	27	N	0	0	27	22.037037037037
A_PB2	724	27	N	0	0	27	21.3333333333333
A_PB2	725	27	N	0	0	27	19.8518518518519
A_PB2	726	26	N	1	0	26	19.3846153846154
A_PB2	727	26	N	1	0	26	18.8461538461538
A_PB2	728	26	N	1	0	26	18.3461538461538
A_PB2	729	27	N	0	0	27	18.2592592592593
A_PB2	730	27	N	0	0	27	17.9259259259259
A_PB2	731	27	N	0	0	26	18.0769230769231
A_PB2	732	27	N	0	0	26	18.0769230769231
A_PB2	733	27	N	0	0	27	17.3703703703704
A_PB2	734	27	N	0	0	27	18
A_PB2	735	27	N	0	0	27	18.7407407407407
A_PB2	736	26	N	1	0	26	18.8846153846154
A_PB2	737	26	N	1	0	26	19.0769230769231
A_PB2	738	27	N	0	0	27	18.1481481481481
A_PB2	739	27	N	0	0	27	20.037037037037
A_PB2	740	26	N	1	0	26	20.0384615384615
A_PB2	741	26	N	1	0	26	19.1538461538462
A_PB2	742	27	N	0	0	27	19.3333333333333
A_PB2	743	27	N	0	0	27	19.6666666666667
A_PB2	744	27	N	0	0	27	19.1481481481481
A_PB2	745	27	N	0	0	27	20.8148148148148
A_PB2	746	26	N	1	0	26	19.6923076923077
A_PB2	747	27	N	0	0	27	18.9259259259259
A_PB2	748	27	N	0	0	27	18.5185185185185
A_PB2	749	27	N	0	0	27	20.5555555555556
A_PB2	750	27	N	0	0	26	20.2692307692308
A_PB2	751	27	N	0	0	26	19.6923076923077
A_PB2	752	27	N	0	0	26	19.7692307692308
A_PB2	753	27	N	0	0	26	17.9230769230769
A_PB2	754	27	N	0	0	26	18.1923076923077
A_PB2	755	27	N	0	0	27	18.5555555555556
A_PB2	756	27	N	0	0	27	18.4444444444444
A_PB2	757	27	N	0	0	26	18.5384615384615
A_PB2	758	27	N	0	0	27	17.8148148148148
A_PB2	759	27	N	0	0	27	18.1481481481481
A_PB2	760	27	N	0	0	27	19.1111111111111
A_PB2	761	27	N	0	0	27	19.037037037037
A_PB2	762	27	N	0	0	26	19.3076923076923
A_PB2	763	27	N	0	0	27	20.4814814814815
A_PB2	764	27	N	0	0	27	19.3333333333333
A_PB2	765	27	N	0	0	26	20.6538461538462
A_PB2	766	27	N	0	0	27	22.4444444444444
A_PB2	767	27	N	0	0	27	18.7407407407407
A_PB2	768	27	N	0	0	27	20.5925925925926
A_PB2	769	27	N	0	0	25	20.08
A_PB2	770	27	N	0	0	26	20.1923076923077
A_PB2	771	27	N	0	0	26	23.2307692307692
A_PB2	772	27	N	0	0	27	20.8888888888889
A_PB2	773	27	N	0	0	26	23.8846153846154
A_PB2	774	25	N	2	0	25	21.52
A_PB2	775	27	N	0	0	27	20.6296296296296
A_PB2	776	27	N	0	0	26	20.3461538461538
A_PB2	777	27	N	0	0	25	20.6
A_PB2	778	27	N	0	0	26	19.7307692307692
A_PB2	779	27	N	0	0	27	18.7407407407407
A_PB2	780	27	N	0	0	26	18.3846153846154
A_PB2	781	27	N	0	0	27	17.4444444444444
A_PB2	782	27	N	0	0	27	17.6296296296296
A_PB2	783	27	N	0	0	27	17.3703703703704
A_PB2	784	27	N	0	0	26	16.7307692307692
A_PB2	785	27	N	0	0	27	16.3703703703704
A_PB2	786	27	N	0	0	27	19.5925925925926
A_PB2	787	27	N	0	0	27	17.037037037037
A_PB2	788	27	N	0	0	27	19.3703703703704
A_PB2	789	27	N	0	0	27	18.5555555555556
A_PB2	790	27	N	0	0	27	17.7777777777778
A_PB2	791	27	N	0	0	27	17.7777777777778
A_PB2	792	26	N	1	0	26	19.3076923076923
A_PB2	793	27	N	0	0	27	19.2222222222222
A_PB2	794	27	N	0	0	27	19.5925925925926
A_PB2	795	27	N	0	0	27	20.1851851851852
A_PB2	796	23	N	4	0	23	17.8260869565217
A_PB2	797	23	N	4	0	23	17.7391304347826
A_PB2	798	23	N	4	0	22	16.4090909090909
A_PB2	799	23	N	4	0	22	15.7727272727273
A_PB2	800	23	N	4	0	22	15.2272727272727
A_PB2	801	21	N	6	0	21	15.7619047619048
A_PB2	802	21	N	6	0	21	15.8571428571429
A_PB2	803	21	N	6	0	21	22.2857142857143
A_PB2	804	21	N	6	0	20	23.2
A_PB2	805	21	N	6	0	20	24.15
A_PB2	806	21	N	6	0	21	19.6190476190476
A_PB2	807	22	N	5	0	22	16.0454545454545
A_PB2	808	22	N	5	0	22	16.4545454545455
A_PB2	809	22	N	5	0	21	17.4285714285714
A_PB2	810	22	N	5	0	22	18.0909090909091
A_PB2	811	22	N	5	0	22	18.0909090909091
A_PB2	812	22	N	5	0	22	18.3181818181818
A_PB2	813	22	N	5	0	22	17.2272727272727
A_PB2	814	22	N	5	0	22	17.4545454545455
A_PB2	815	21	N	6	0	21	18.4285714285714
A_PB2	816	21	N	6	0	21	18.1904761904762
A_PB2	817	21	N	6	0	21	17.7619047619048
A_PB2	818	21	N	6	0	20	17.45
A_PB2	819	21	N	6	0	20	17.65
A_PB2	820	22	N	5	0	21	17.7142857142857
A_PB2	821	22	N	5	0	22	19.7272727272727
A_PB2	822	22	N	5	0	22	23
A_PB2	823	22	N	5	0	22	19.8181818181818
A_PB2	824	22	N	5	0	22	19.4090909090909
A_PB2	825	21	N	6	0	21	19.3809523809524
A_PB2	826	21	N	6	0	21	19.952380952381
A_PB2	827	21	N	6	0	21	20.4761904761905
A_PB2	828	21	N	6	0	21	24.9047619047619
A_PB2	829	21	N	6	0	21	23.3333333333333
A_PB2	830	21	N	6	0	21	18.1428571428571
A_PB2	831	21	N	6	0	21	17.1904761904762
A_PB2	832	21	N	6	0	21	20.9047619047619
A_PB2	833	21	N	6	0	21	17.952380952381
A_PB2	834	21	N	6	0	21	19.3333333333333
A_PB2	835	20	N	7	0	20	17.95
A_PB2	836	20	N	7	0	20	17.75
A_PB2	837	20	N	7	0	20	20.25
A_PB2	838	20	N	7	0	20	18.45
A_PB2	839	19	N	8	0	19	46.1578947368421
A_PB2	840	18	N	9	0	18	32
A_PB2	841	19	N	8	0	19	24.0526315789474
A_PB2	842	20	N	7	0	20	20.45
A_PB2	843	20	N	7	0	20	19.5
A_PB2	844	20	N	7	0	20	18.7
A_PB2	845	21	N	6	0	21	19.8571428571429
A_PB2	846	21	N	6	0	21	20.3809523809524
A_PB2	847	21	N	6	0	21	20.047619047619
A_PB2	848	21	N	6	0	21	20.5238095238095
A_PB2	849	21	N	6	0	20	20.6
A_PB2	850	21	N	6	0	21	19.952380952381
A_PB2	851	21	N	6	0	21	20.2380952380952
A_PB2	852	21	N	6	0	21	19.6666666666667
A_PB2	853	21	N	6	0	20	22.4
A_PB2	854	21	N	6	0	21	19.7619047619048
A_PB2	855	21	N	6	0	21	20.0952380952381
A_PB2	856	21	N	6	0	20	20.05
A_PB2	857	21	N	6	0	21	18.4761904761905
A_PB2	858	21	N	6	0	21	19.047619047619
A_PB2	859	21	N	6	0	21	18.8571428571429
A_PB2	860	21	N	6	0	21	19.3333333333333
A_PB2	861	21	N	6	0	21	19.1428571428571
A_PB2	862	21	N	6	0	21	30.952380952381
A_PB2	863	20	N	7	0	20	19.55
A_PB2	864	20	N	7	0	20	19.15
A_PB2	865	21	N	6	0	21	19.5238095238095
A_PB2	866	21	N	6	0	20	17.55
A_PB2	867	21	N	6	0	21	17.1904761904762
A_PB2	868	21	N	6	0	21	17.2857142857143
A_PB2	869	21	N	6	0	21	17.7619047619048
A_PB2	870	21	N	6	0	21	19.3333333333333
A_PB2	871	21	N	6	0	21	18.8571428571429
A_PB2	872	20	N	7	0	20	18.2
A_PB2	873	20	N	7	0	19	19.1578947368421
A_PB2	874	21	N	6	0	21	17.7619047619048
A_PB2	875	21	N	6	0	21	19.7142857142857
A_PB2	876	21	N	6	0	21	19.2380952380952
A_PB2	877	21	N	6	0	21	19.3809523809524
A_PB2	878	21	N	6	0	21	18.1428571428571
A_PB2	879	21	N	6	0	21	18.1904761904762
A_PB2	880	21	N	6	0	21	18.1428571428571
A_PB2	881	21	N	6	0	21	18.1428571428571
A_PB2	882	21	N	6	0	21	18.4285714285714
A_PB2	883	21	N	6	0	21	19.047619047619
A_PB2	884	21	N	6	0	21	20
A_PB2	885	21	N	6	0	21	19.952380952381
A_PB2	886	21	N	6	0	21	19.6666666666667
A_PB2	887	21	N	6	0	21	20.047619047619
A_PB2	888	21	N	6	0	21	24.047619047619
A_PB2	889	21	N	6	0	21	20.5238095238095
A_PB2	890	21	N	6	0	21	19.9047619047619
A_PB2	891	21	N	6	0	21	18.9047619047619
A_PB2	892	21	N	6	0	21	19.1428571428571
A_PB2	893	21	N	6	0	21	18.9047619047619
A_PB2	894	20	N	7	0	20	20.1
A_PB2	895	20	N	7	0	20	19.85
A_PB2	896	20	N	7	0	20	19.4
A_PB2	897	21	N	6	0	21	19.5714285714286
A_PB2	898	21	N	6	0	21	20.2380952380952
A_PB2	899	21	N	6	0	21	19.3333333333333
A_PB2	900	20	N	7	0	19	19.8421052631579
A_PB2	901	21	N	6	0	19	18.8947368421053
A_PB2	902	21	N	6	0	21	19.4285714285714
A_PB2	903	20	N	7	0	20	20.05
A_PB2	904	21	N	6	0	21	21.3809523809524
A_PB2	905	21	N	6	0	21	21.1904761904762
A_PB2	906	21	N	6	0	20	21.25
A_PB2	907	21	N	6	0	21	20.7142857142857
A_PB2	908	21	N	6	0	21	20.1428571428571
A_PB2	909	20	N	7	0	19	19.3157894736842
A_PB2	910	21	N	6	0	21	20.0952380952381
A_PB2	911	21	N	6	0	21	19.1904761904762
A_PB2	912	21	N	6	0	21	19.0952380952381
A_PB2	913	21	N	6	0	20	18.4
A_PB2	914	21	N	6	0	20	18.2
A_PB2	915	21	N	6	0	20	19
A_PB2	916	21	N	6	0	21	18.3333333333333
A_PB2	917	21	N	6	0	21	18.3809523809524
A_PB2	918	21	N	6	0	21	18.047619047619
A_PB2	919	21	N	6	0	21	18.1428571428571
A_PB2	920	21	N	6	0	21	17.5714285714286
A_PB2	921	21	N	6	0	21	16.952380952381
A_PB2	922	21	N	6	0	20	15.95
A_PB2	923	21	N	6	0	21	16.0952380952381
A_PB2	924	21	N	6	0	20	17.5
A_PB2	925	21	N	6	0	20	17.4
A_PB2	926	21	N	6	0	21	17.2857142857143
A_PB2	927	21	N	6	0	21	17.8571428571429
A_PB2	928	21	N	6	0	21	17.9047619047619
A_PB2	929	21	N	6	0	21	17.0952380952381
A_PB2	930	21	N	6	0	21	16.5238095238095
A_PB2	931	21	N	6	0	21	16.0952380952381
A_PB2	932	21	N	6	0	21	16.1428571428571
A_PB2	933	21	N	6	0	21	17.4285714285714
A_PB2	934	21	N	6	0	21	18.2857142857143
A_PB2	935	21	N	6	0	21	19.0952380952381
A_PB2	936	21	N	6	0	21	19.3333333333333
A_PB2	937	21	N	6	0	21	21
A_PB2	938	21	N	6	0	21	21.5238095238095
A_PB2	939	21	N	6	0	21	22
A_PB2	940	21	N	6	0	21	22.2857142857143
A_PB2	941	21	N	6	0	21	22.4761904761905
A_PB2	942	21	N	6	0	21	21.1428571428571
A_PB2	943	21	N	6	0	20	20.1
A_PB2	944	21	N	6	0	21	19.2857142857143
A_PB2	945	21	N	6	0	20	18.95
A_PB2	946	21	N	6	0	20	18.35
A_PB2	947	21	N	6	0	20	18.5
A_PB2	948	21	N	6	0	21	20.3333333333333
A_PB2	949	21	N	6	0	20	18.75
A_PB2	950	21	N	6	0	21	18.3333333333333
A_PB2	951	20	N	7	0	20	18.45
A_PB2	952	21	N	6	0	21	17.7142857142857
A_PB2	953	19	N	8	0	19	19.7894736842105
A_PB2	954	21	N	6	0	21	19.952380952381
A_PB2	955	21	N	6	0	21	20.047619047619
A_PB2	956	20	N	7	0	20	19.45
A_PB2	957	21	N	6	0	19	19.8421052631579
A_PB2	958	21	N	6	0	20	18.3
A_PB2	959	19	N	8	0	19	20
A_PB2	960	21	N	6	0	21	19.4285714285714
A_PB2	961	21	N	6	0	21	20.1428571428571
A_PB2	962	21	N	6	0	20	18.3
A_PB2	963	21	N	6	0	21	18.5714285714286
A_PB2	964	21	N	6	0	21	19.5238095238095
A_PB2	965	21	N	6	0	21	19.6666666666667
A_PB2	966	21	N	6	0	21	19.3333333333333
A_PB2	967	21	N	6	0	21	19.1428571428571
A_PB2	968	21	N	6	0	21	19.9047619047619
A_PB2	969	20	N	7	0	20	19.4
A_PB2	970	21	N	6	0	21	18.6666666666667
A_PB2	971	21	N	6	0	21	18.952380952381
A_PB2	972	21	N	6	0	21	17.6190476190476
A_PB2	973	21	N	6	0	21	17.5714285714286
A_PB2	974	21	N	6	0	21	18.4285714285714
A_PB2	975	21	N	6	0	21	20.047619047619
A_PB2	976	21	N	6	0	21	20.2857142857143
A_PB2	977	21	N	6	0	21	19.6666666666667
A_PB2	978	21	N	6	0	21	19.952380952381
A_PB2	979	21	N	6	0	21	20.047619047619
A_PB2	980	21	N	6	0	21	19.6666666666667
A_PB2	981	21	N	6	0	21	20.7142857142857
A_PB2	982	21	N	6	0	21	20.4285714285714
A_PB2	983	21	N	6	0	21	20.8571428571429
A_PB2	984	21	N	6	0	21	21.047619047619
A_PB2	985	21	N	6	0	21	21.9047619047619
A_PB2	986	21	N	6	0	21	22.1428571428571
A_PB2	987	21	N	6	0	21	21.4761904761905
A_PB2	988	21	N	6	0	21	21.1428571428571
A_PB2	989	21	N	6	0	21	21.4761904761905
A_PB2	990	21	N	6	0	21	21.0952380952381
A_PB2	991	21	N	6	0	21	21.4761904761905
A_PB2	992	21	N	6	0	21	21.3809523809524
A_PB2	993	21	N	6	0	21	22.2857142857143
A_PB2	994	21	N	6	0	21	23.047619047619
A_PB2	995	21	N	6	0	21	21.7142857142857
A_PB2	996	21	N	6	0	21	21.2857142857143
A_PB2	997	21	N	6	0	21	20.5714285714286
A_PB2	998	21	N	6	0	21	19.8571428571429
A_PB2	999	21	N	6	0	21	19
A_PB2	1000	22	N	5	0	22	19.3636363636364
A_PB2	1001	22	N	5	0	22	18.8636363636364
A_PB2	1002	22	N	5	0	21	18.8095238095238
A_PB2	1003	22	N	5	0	22	17.1818181818182
A_PB2	1004	22	N	5	0	22	16.8181818181818
A_PB2	1005	21	N	6	0	21	17.3333333333333
A_PB2	1006	21	N	6	0	21	17.7142857142857
A_PB2	1007	21	N	6	0	20	18.05
A_PB2	1008	21	N	6	0	21	17.7142857142857
A_PB2	1009	21	N	6	0	21	18.047619047619
A_PB2	1010	20	N	7	0	20	17.4
A_PB2	1011	21	N	6	0	21	17.7142857142857
A_PB2	1012	21	N	6	0	21	18.3333333333333
A_PB2	1013	21	N	6	0	19	17.5789473684211
A_PB2	1014	21	N	6	0	19	18.8947368421053
A_PB2	1015	20	N	7	0	20	17.65
A_PB2	1016	20	N	7	0	20	18.6
A_PB2	1017	20	N	7	0	20	19
A_PB2	1018	19	N	8	0	19	19.9473684210526
A_PB2	1019	21	N	6	0	21	20
A_PB2	1020	21	N	6	0	21	19.3333333333333
A_PB2	1021	21	N	6	0	21	17.4761904761905
A_PB2	1022	21	N	6	0	21	20.3333333333333
A_PB2	1023	21	N	6	0	21	20.0952380952381
A_PB2	1024	21	N	6	0	21	19.1428571428571
A_PB2	1025	21	N	6	0	21	19.7142857142857
A_PB2	1026	21	N	6	0	21	19.7619047619048
A_PB2	1027	21	N	6	0	21	19.3333333333333
A_PB2	1028	21	N	6	0	21	19.7142857142857
A_PB2	1029	21	N	6	0	21	19.9047619047619
A_PB2	1030	21	N	6	0	21	20.7142857142857
A_PB2	1031	21	N	6	0	21	20.7619047619048
A_PB2	1032	21	N	6	0	21	20.1428571428571
A_PB2	1033	21	N	6	0	21	20.6190476190476
A_PB2	1034	21	N	6	0	21	20.8095238095238
A_PB2	1035	21	N	6	0	21	20.2857142857143
A_PB2	1036	21	N	6	0	21	19
A_PB2	1037	21	N	6	0	21	18.2380952380952
A_PB2	1038	21	N	6	0	21	17.6190476190476
A_PB2	1039	21	N	6	0	21	17
A_PB2	1040	20	N	7	0	18	15.9444444444444
A_PB2	1041	20	N	7	0	20	17.25
A_PB2	1042	21	N	6	0	21	19.0952380952381
A_PB2	1043	21	N	6	0	21	18.9047619047619
A_PB2	1044	21	N	6	0	21	18.6666666666667
A_PB2	1045	21	N	6	0	21	18.3809523809524
A_PB2	1046	21	N	6	0	21	19.2380952380952
A_PB2	1047	21	N	6	0	20	18.45
A_PB2	1048	21	N	6	0	21	18.1428571428571
A_PB2	1049	21	N	6	0	21	17.9047619047619
A_PB2	1050	21	N	6	0	21	17.5714285714286
A_PB2	1051	21	N	6	0	21	17.6666666666667
A_PB2	1052	21	N	6	0	21	17.3333333333333
A_PB2	1053	21	N	6	0	21	16.9047619047619
A_PB2	1054	21	N	6	0	21	17.8571428571429
A_PB2	1055	21	N	6	0	21	17.8571428571429
A_PB2	1056	21	N	6	0	21	18.5714285714286
A_PB2	1057	21	N	6	0	21	18.8095238095238
A_PB2	1058	21	N	6	0	21	17.8571428571429
A_PB2	1059	21	N	6	0	20	17.85
A_PB2	1060	21	N	6	0	21	16.8095238095238
A_PB2	1061	21	N	6	0	20	16.35
A_PB2	1062	21	N	6	0	21	15.4285714285714
A_PB2	1063	21	N	6	0	21	15.1904761904762
A_PB2	1064	21	N	6	0	21	14.6666666666667
A_PB2	1065	21	N	6	0	21	15.6666666666667
A_PB2	1066	21	N	6	0	21	16.047619047619
A_PB2	1067	20	N	7	0	20	15.6
A_PB2	1068	21	N	6	0	21	14.2857142857143
A_PB2	1069	21	N	6	0	21	14.5714285714286
A_PB2	1070	21	N	6	0	21	14.7142857142857
A_PB2	1071	21	N	6	0	21	16.7142857142857
A_PB2	1072	21	N	6	0	21	17.3333333333333
A_PB2	1073	21	N	6	0	21	17.5238095238095
A_PB2	1074	21	N	6	0	21	18.047619047619
A_PB2	1075	21	N	6	0	21	17.2380952380952
A_PB2	1076	21	N	6	0	21	17.952380952381
A_PB2	1077	21	N	6	0	21	21.5714285714286
A_PB2	1078	21	N	6	0	21	23.9047619047619
A_PB2	1079	21	N	6	0	21	16.5714285714286
A_PB2	1080	21	N	6	0	21	16.2857142857143
A_PB2	1081	20	N	7	0	20	14.45
A_PB2	1082	19	N	8	0	19	14.1052631578947
A_PB2	1083	19	N	8	0	19	14.5263157894737
A_PB2	1084	20	N	7	0	20	16
A_PB2	1085	21	N	6	0	21	16.7142857142857
A_PB2	1086	21	N	6	0	21	16.2857142857143
A_PB2	1087	20	N	7	0	19	16.4736842105263
A_PB2	1088	21	N	6	0	21	16.3333333333333
A_PB2	1089	20	N	7	0	19	16
A_PB2	1090	21	N	6	0	21	16.5714285714286
A_PB2	1091	21	N	6	0	21	18.3333333333333
A_PB2	1092	21	N	6	0	21	17.8571428571429
A_PB2	1093	21	N	6	0	20	17.2
A_PB2	1094	21	N	6	0	20	17.8
A_PB2	1095	21	N	6	0	20	17.2
A_PB2	1096	21	N	6	0	21	17.1904761904762
A_PB2	1097	21	N	6	0	21	16.9047619047619
A_PB2	1098	21	N	6	0	21	16.5238095238095
A_PB2	1099	21	N	6	0	21	17.0952380952381
A_PB2	1100	21	N	6	0	21	17.0952380952381
A_PB2	1101	21	N	6	0	21	18.047619047619
A_PB2	1102	21	N	6	0	21	18.1428571428571
A_PB2	1103	20	N	7	0	20	18.05
A_PB2	1104	21	N	6	0	21	17.047619047619
A_PB2	1105	21	N	6	0	21	16.9047619047619
A_PB2	1106	21	N	6	0	21	16.3333333333333
A_PB2	1107	20	N	7	0	20	16.1
A_PB2	1108	20	N	7	0	20	16.75
A_PB2	1109	20	N	7	0	20	17.1
A_PB2	1110	21	N	6	0	21	18.7142857142857
A_PB2	1111	21	N	6	0	20	19.1
A_PB2	1112	21	N	6	0	21	18.3333333333333
A_PB2	1113	21	N	6	0	21	17.952380952381
A_PB2	1114	21	N	6	0	21	18.0952380952381
A_PB2	1115	21	N	6	0	21	18.6666666666667
A_PB2	1116	21	N	6	0	21	19.8095238095238
A_PB2	1117	21	N	6	0	21	19.047619047619
A_PB2	1118	21	N	6	0	21	18.8095238095238
A_PB2	1119	21	N	6	0	21	18.1904761904762
A_PB2	1120	21	N	6	0	21	18.5714285714286
A_PB2	1121	21	N	6	0	21	19.7142857142857
A_PB2	1122	21	N	6	0	21	20
A_PB2	1123	21	N	6	0	21	20.3333333333333
A_PB2	1124	21	N	6	0	21	19.8571428571429
A_PB2	1125	21	N	6	0	21	19.5714285714286
A_PB2	1126	21	N	6	0	21	19.6190476190476
A_PB2	1127	21	N	6	0	21	19.5714285714286
A_PB2	1128	21	N	6	0	21	20.4285714285714
A_PB2	1129	21	N	6	0	21	20.047619047619
A_PB2	1130	21	N	6	0	21	19.1428571428571
A_PB2	1131	21	N	6	0	21	19.047619047619
A_PB2	1132	21	N	6	0	21	21.1428571428571
A_PB2	1133	21	N	6	0	21	21.6666666666667
A_PB2	1134	21	N	6	0	21	22.047619047619
A_PB2	1135	21	N	6	0	21	18.3333333333333
A_PB2	1136	21	N	6	0	21	18.6666666666667
A_PB2	1137	21	N	6	0	20	18.85
A_PB2	1138	20	N	7	0	20	22.35
A_PB2	1139	20	N	7	0	20	18.65
A_PB2	1140	20	N	7	0	20	18.5
A_PB2	1141	20	N	7	0	20	19.25
A_PB2	1142	21	N	6	0	21	18.8095238095238
A_PB2	1143	21	N	6	0	21	19.6666666666667
A_PB2	1144	21	N	6	0	21	19.5714285714286
A_PB2	1145	21	N	6	0	20	23.8
A_PB2	1146	21	N	6	0	21	23
A_PB2	1147	21	N	6	0	21	19.8095238095238
A_PB2	1148	21	N	6	0	21	20.1904761904762
A_PB2	1149	21	N	6	0	21	20.4761904761905
A_PB2	1150	21	N	6	0	21	18.952380952381
A_PB2	1151	21	N	6	0	21	18.8095238095238
A_PB2	1152	21	N	6	0	21	17.8095238095238
A_PB2	1153	25	N	2	0	25	18.56
A_PB2	1154	25	N	2	0	25	17.68
A_PB2	1155	25	N	2	0	25	18.24
A_PB2	1156	25	N	2	0	25	18.84
A_PB2	1157	25	N	2	0	25	18.08
A_PB2	1158	39	N	2	0	39	19.7948717948718
A_PB2	1159	39	N	2	0	39	22.0512820512821
A_PB2	1160	39	N	2	0	39	20.2564102564103
A_PB2	1161	39	N	2	0	39	21.5897435897436
A_PB2	1162	41	N	1	0	29	19.4827586206897
A_PB2	1163	41	N	1	0	40	20.075
A_PB2	1164	41	N	1	0	39	19.6410256410256
A_PB2	1165	41	N	1	0	41	20.5121951219512
A_PB2	1166	40	N	2	0	40	21.95
A_PB2	1167	41	N	1	0	41	24.6585365853659
A_PB2	1168	40	N	2	0	39	34.0769230769231
A_PB2	1169	40	N	2	0	40	21.325
A_PB2	1170	39	N	3	0	37	21.2162162162162
A_PB2	1171	40	N	2	0	37	19.0810810810811
A_PB2	1172	41	N	1	0	40	18.125
A_PB2	1173	40	N	2	0	40	18.3
A_PB2	1174	41	N	1	0	41	18.2682926829268
A_PB2	1175	41	N	1	0	41	21.6585365853659
A_PB2	1176	41	N	1	0	41	22.0487804878049
A_PB2	1177	42	N	0	0	42	21.2857142857143
A_PB2	1178	42	N	0	0	41	21.5609756097561
A_PB2	1179	42	N	0	0	42	21.7142857142857
A_PB2	1180	42	N	0	0	42	21.5
A_PB2	1181	42	N	0	0	42	21.7142857142857
A_PB2	1182	42	N	0	0	42	22.8333333333333
A_PB2	1183	41	N	1	0	41	22.7560975609756
A_PB2	1184	41	N	1	0	41	23.2439024390244
A_PB2	1185	41	N	1	0	41	25.8780487804878
A_PB2	1186	41	N	1	0	41	25.1951219512195
A_PB2	1187	41	N	1	0	41	23.8536585365854
A_PB2	1188	40	N	2	0	39	23.2051282051282
A_PB2	1189	41	N	1	0	41	22.9024390243902
A_PB2	1190	41	N	1	0	40	22.975
A_PB2	1191	42	N	0	0	41	22.390243902439
A_PB2	1192	42	N	0	0	42	23.3809523809524
A_PB2	1193	42	N	0	0	42	22.0714285714286
A_PB2	1194	42	N	0	0	42	21.5
A_PB2	1195	42	N	0	0	42	21.3095238095238
A_PB2	1196	42	N	0	0	42	21.0238095238095
A_PB2	1197	42	N	0	0	40	22.175
A_PB2	1198	42	N	0	0	42	21.8095238095238
A_PB2	1199	42	N	0	0	42	22.6904761904762
A_PB2	1200	42	N	0	0	42	25.4047619047619
A_PB2	1201	42	N	0	0	42	23.547619047619
A_PB2	1202	42	N	0	0	42	23.1190476190476
A_PB2	1203	42	N	0	0	40	24.775
A_PB2	1204	42	N	0	0	42	23.047619047619
A_PB2	1205	42	N	0	0	42	22.7619047619048
A_PB2	1206	42	N	0	0	42	23.1666666666667
A_PB2	1207	42	N	0	0	42	21.952380952381
A_PB2	1208	41	N	1	0	41	21.3414634146341
A_PB2	1209	42	N	0	0	42	21
A_PB2	1210	41	N	1	0	41	20.6341463414634
A_PB2	1211	42	N	0	0	42	19.7380952380952
A_PB2	1212	42	N	0	0	42	20.1428571428571
A_PB2	1213	42	N	0	0	42	19.9285714285714
A_PB2	1214	42	N	0	0	42	21.1904761904762
A_PB2	1215	42	N	0	0	42	20.1190476190476
A_PB2	1216	42	N	0	0	42	21.2619047619048
A_PB2	1217	39	N	3	0	39	20.2051282051282
A_PB2	1218	42	N	0	0	42	19.6190476190476
A_PB2	1219	42	N	0	0	42	19.2142857142857
A_PB2	1220	41	N	1	0	41	19.7073170731707
A_PB2	1221	42	N	0	0	41	21.219512195122
A_PB2	1222	41	N	0	0	41	21.0487804878049
A_PB2	1223	41	N	0	0	41	20.1219512195122
A_PB2	1224	40	N	1	0	40	19.05
A_PB2	1225	41	N	0	0	41	18.9024390243902
A_PB2	1226	40	N	1	0	39	19.2307692307692
A_PB2	1227	41	N	0	0	41	19.0975609756098
A_PB2	1228	41	N	0	0	40	20.85
A_PB2	1229	41	N	0	0	41	20.5365853658537
A_PB2	1230	41	N	0	0	41	20.8780487804878
A_PB2	1231	41	N	0	0	41	20.0243902439024
A_PB2	1232	41	N	0	0	41	20.3170731707317
A_PB2	1233	40	N	1	0	38	21.6315789473684
A_PB2	1234	41	N	0	0	39	21.2051282051282
A_PB2	1235	41	N	0	0	41	20.1951219512195
A_PB2	1236	41	N	0	0	41	20.5365853658537
A_PB2	1237	41	N	0	0	41	21.390243902439
A_PB2	1238	41	N	0	0	41	23.2926829268293
A_PB2	1239	41	N	0	0	39	21.5641025641026
A_PB2	1240	41	N	0	0	40	21.15
A_PB2	1241	41	N	0	0	41	19.7317073170732
A_PB2	1242	41	N	0	0	41	19.3658536585366
A_PB2	1243	39	N	2	0	37	19.4054054054054
A_PB2	1244	40	N	1	0	37	18.4864864864865
A_PB2	1245	40	N	1	0	40	17.425
A_PB2	1246	41	N	0	0	41	19.2439024390244
A_PB2	1247	41	N	0	0	41	21.4634146341463
A_PB2	1248	41	N	0	0	40	21.675
A_PB2	1249	39	N	2	0	33	19.8787878787879
A_PB2	1250	39	N	2	0	39	18.1025641025641
A_PB2	1251	37	N	4	0	36	17.7222222222222
A_PB2	1252	38	N	3	0	37	17.6216216216216
A_PB2	1253	40	N	1	0	40	22.375
A_PB2	1254	40	N	1	0	39	22.1025641025641
A_PB2	1255	40	N	1	0	40	20.5
A_PB2	1256	41	N	0	0	41	20.6341463414634
A_PB2	1257	41	N	0	0	39	20.4358974358974
A_PB2	1258	40	N	1	0	38	21.1842105263158
A_PB2	1259	41	N	0	0	39	20.1282051282051
A_PB2	1260	41	N	0	0	40	21.775
A_PB2	1261	41	N	0	0	41	19.2926829268293
A_PB2	1262	41	N	0	0	41	19.9024390243902
A_PB2	1263	40	N	1	0	40	18.55
A_PB2	1264	41	N	0	0	40	17.45
A_PB2	1265	41	N	0	0	40	17.6
A_PB2	1266	40	N	1	0	40	17.95
A_PB2	1267	40	N	1	0	39	18.7179487179487
A_PB2	1268	37	N	4	0	37	17.7027027027027
A_PB2	1269	41	N	0	0	41	18.4634146341463
A_PB2	1270	41	N	0	0	41	20.1463414634146
A_PB2	1271	40	N	1	0	39	22.3846153846154
A_PB2	1272	41	N	0	0	41	21.3414634146341
A_PB2	1273	41	N	0	0	41	21.219512195122
A_PB2	1274	41	N	0	0	38	21.6842105263158
A_PB2	1275	41	N	0	0	40	21.325
A_PB2	1276	41	N	0	0	38	22.1578947368421
A_PB2	1277	41	N	0	0	40	20.8
A_PB2	1278	40	N	1	0	39	19.6153846153846
A_PB2	1279	41	N	0	0	41	19.0243902439024
A_PB2	1280	40	N	1	0	40	21.3
A_PB2	1281	41	N	0	0	40	19.5
A_PB2	1282	41	N	0	0	41	19.9756097560976
A_PB2	1283	39	N	2	0	38	20.3421052631579
A_PB2	1284	41	N	0	0	39	21.025641025641
A_PB2	1285	41	N	0	0	41	20.1463414634146
A_PB2	1286	41	N	0	0	41	21.5121951219512
A_PB2	1287	41	N	0	0	40	21.375
A_PB2	1288	41	N	0	0	40	21.875
A_PB2	1289	41	N	0	0	41	21.6829268292683
A_PB2	1290	41	N	0	0	41	23.8292682926829
A_PB2	1291	41	N	0	0	41	23.9024390243902
A_PB2	1292	41	N	0	0	41	22.5609756097561
A_PB2	1293	41	N	0	0	41	21.5365853658537
A_PB2	1294	41	N	0	0	41	21.1463414634146
A_PB2	1295	41	N	0	0	41	21.2439024390244
A_PB2	1296	40	N	1	0	40	21.95
A_PB2	1297	41	N	0	0	41	22.5853658536585
A_PB2	1298	41	N	0	0	41	22.219512195122
A_PB2	1299	41	N	0	0	41	22.1219512195122
A_PB2	1300	41	N	0	0	41	23.4634146341463
A_PB2	1301	41	N	0	0	41	22.2682926829268
A_PB2	1302	41	N	0	0	39	21.7692307692308
A_PB2	1303	41	N	0	0	39	22.6923076923077
A_PB2	1304	41	N	0	0	41	22.7073170731707
A_PB2	1305	41	N	0	0	41	19.0975609756098
A_PB2	1306	41	N	0	0	41	19.0487804878049
A_PB2	1307	40	N	1	0	40	19.4
A_PB2	1308	40	N	1	0	40	19.8
A_PB2	1309	41	N	0	0	41	20.2682926829268
A_PB2	1310	41	N	0	0	40	19.8
A_PB2	1311	39	N	2	0	38	20.7368421052632
A_PB2	1312	41	N	0	0	41	20.6829268292683
A_PB2	1313	41	N	0	0	41	20.3658536585366
A_PB2	1314	41	N	0	0	40	19.175
A_PB2	1315	41	N	0	0	41	20.4390243902439
A_PB2	1316	39	N	2	0	38	19.2894736842105
A_PB2	1317	41	N	0	0	41	20.0243902439024
A_PB2	1318	41	N	0	0	41	20.780487804878
A_PB2	1319	41	N	0	0	40	23.6
A_PB2	1320	41	N	0	0	41	21.6829268292683
A_PB2	1321	40	N	1	0	39	21.5897435897436
A_PB2	1322	41	N	0	0	41	19.8292682926829
A_PB2	1323	40	N	1	0	40	18.7
A_PB2	1324	41	N	0	0	40	18.175
A_PB2	1325	40	N	1	0	39	19.7179487179487
A_PB2	1326	40	N	1	0	39	20.2307692307692
A_PB2	1327	40	N	1	0	40	20.15
A_PB2	1328	40	N	1	0	40	20.95
A_PB2	1329	40	N	1	0	40	23.75
A_PB2	1330	41	N	0	0	41	21.5853658536585
A_PB2	1331	41	N	0	0	40	21.025
A_PB2	1332	41	N	0	0	40	19.95
A_PB2	1333	41	N	0	0	40	20
A_PB2	1334	38	N	3	0	37	21
A_PB2	1335	41	N	0	0	40	19.65
A_PB2	1336	41	N	0	0	41	19.8048780487805
A_PB2	1337	41	N	0	0	41	20.4146341463415
A_PB2	1338	41	N	0	0	41	19.9756097560976
A_PB2	1339	41	N	0	0	41	21.2926829268293
A_PB2	1340	41	N	0	0	41	20.4146341463415
A_PB2	1341	41	N	0	0	39	21.4871794871795
A_PB2	1342	41	N	0	0	40	19.675
A_PB2	1343	41	N	0	0	41	19
A_PB2	1344	41	N	0	0	41	18.5365853658537
A_PB2	1345	41	N	0	0	41	19.4878048780488
A_PB2	1346	33	N	8	0	33	19.0909090909091
A_PB2	1347	38	N	3	0	38	18.7894736842105
A_PB2	1348	39	N	2	0	39	18.7435897435897
A_PB2	1349	41	N	0	0	41	21.9756097560976
A_PB2	1350	41	N	0	0	41	22.0975609756098
A_PB2	1351	41	N	0	0	41	21.4146341463415
A_PB2	1352	41	N	0	0	40	18.825
A_PB2	1353	41	N	0	0	36	18.5
A_PB2	1354	41	N	0	0	39	19.7948717948718
A_PB2	1355	41	N	0	0	40	19.675
A_PB2	1356	41	N	0	0	41	20.5609756097561
A_PB2	1357	41	N	0	0	40	20.775
A_PB2	1358	41	N	0	0	40	21.975
A_PB2	1359	41	N	0	0	41	24.4634146341463
A_PB2	1360	41	N	0	0	41	21.9024390243902
A_PB2	1361	41	N	0	0	41	22.2926829268293
A_PB2	1362	41	N	0	0	39	20.7948717948718
A_PB2	1363	41	N	0	0	38	18.6315789473684
A_PB2	1364	41	N	0	0	41	18.609756097561
A_PB2	1365	41	N	0	0	41	19.2439024390244
A_PB2	1366	41	N	0	0	41	19.5853658536585
A_PB2	1367	41	N	0	0	39	21.3846153846154
A_PB2	1368	41	N	0	0	41	20.6829268292683
A_PB2	1369	41	N	0	0	41	20.4634146341463
A_PB2	1370	41	N	0	0	41	20.5853658536585
A_PB2	1371	41	N	0	0	41	21.0243902439024
A_PB2	1372	41	N	0	0	41	20.1463414634146
A_PB2	1373	41	N	0	0	41	20.3170731707317
A_PB2	1374	40	N	1	0	40	20.9
A_PB2	1375	41	N	0	0	41	21.0487804878049
A_PB2	1376	41	N	0	0	40	22.35
A_PB2	1377	41	N	0	0	41	23.5853658536585
A_PB2	1378	41	N	0	0	41	22.5853658536585
A_PB2	1379	41	N	0	0	41	20.7073170731707
A_PB2	1380	41	N	0	0	39	19.8205128205128
A_PB2	1381	40	N	1	0	40	19.55
A_PB2	1382	41	N	0	0	41	18.9024390243902
A_PB2	1383	37	N	4	0	36	17.9166666666667
A_PB2	1384	41	N	0	0	40	16.025
A_PB2	1385	41	N	0	0	38	17.2105263157895
A_PB2	1386	41	N	0	0	38	17.2368421052632
A_PB2	1387	41	N	0	0	41	23.8048780487805
A_PB2	1388	41	N	0	0	40	20.325
A_PB2	1389	41	N	0	0	40	21.15
A_PB2	1390	39	N	2	0	37	19.972972972973
A_PB2	1391	40	N	1	0	40	19.15
A_PB2	1392	41	N	0	0	40	21.05
A_PB2	1393	38	N	3	0	37	21.3783783783784
A_PB2	1394	40	N	1	0	40	21.15
A_PB2	1395	40	N	1	0	40	19.625
A_PB2	1396	39	N	2	0	38	18.7894736842105
A_PB2	1397	41	N	0	0	41	17.7560975609756
A_PB2	1398	41	N	0	0	40	17.75
A_PB2	1399	41	N	0	0	41	17.0487804878049
A_PB2	1400	41	N	0	0	40	17.975
A_PB2	1401	41	N	0	0	40	17.975
A_PB2	1402	41	N	0	0	41	17.7073170731707
A_PB2	1403	40	N	1	0	40	20.55
A_PB2	1404	41	N	0	0	40	20.425
A_PB2	1405	40	N	1	0	40	23.375
A_PB2	1406	40	N	1	0	40	23.3
A_PB2	1407	39	N	2	0	38	26.6052631578947
A_PB2	1408	41	N	0	0	41	19.5853658536585
A_PB2	1409	41	N	0	0	40	19.175
A_PB2	1410	41	N	0	0	41	18.7317073170732
A_PB2	1411	41	N	0	0	40	19.475
A_PB2	1412	41	N	0	0	40	19
A_PB2	1413	41	N	0	0	41	18.6829268292683
A_PB2	1414	41	N	0	0	41	17.2926829268293
A_PB2	1415	41	N	0	0	41	18.2439024390244
A_PB2	1416	41	N	0	0	41	19.8292682926829
A_PB2	1417	41	N	0	0	41	22.6829268292683
A_PB2	1418	41	N	0	0	40	20.825
A_PB2	1419	41	N	0	0	41	20.390243902439
A_PB2	1420	40	N	1	0	40	19.85
A_PB2	1421	40	N	1	0	40	20.5
A_PB2	1422	41	N	0	0	40	19.35
A_PB2	1423	41	N	0	0	41	19.1707317073171
A_PB2	1424	41	N	0	0	40	19.5
A_PB2	1425	41	N	0	0	39	18.6153846153846
A_PB2	1426	41	N	0	0	41	20.0243902439024
A_PB2	1427	41	N	0	0	40	19.35
A_PB2	1428	41	N	0	0	40	32.1
A_PB2	1429	41	N	0	0	41	25.4146341463415
A_PB2	1430	41	N	0	0	41	22.9024390243902
A_PB2	1431	41	N	0	0	41	22.4146341463415
A_PB2	1432	41	N	0	0	41	21.7317073170732
A_PB2	1433	41	N	0	0	41	20.1951219512195
A_PB2	1434	40	N	1	0	40	19.175
A_PB2	1435	41	N	0	0	40	18.975
A_PB2	1436	41	N	0	0	40	18.1
A_PB2	1437	41	N	0	0	41	20.4634146341463
A_PB2	1438	40	N	1	0	40	22.15
A_PB2	1439	40	N	1	0	40	21.5
A_PB2	1440	40	N	1	0	38	21.7105263157895
A_PB2	1441	40	N	1	0	39	20.9230769230769
A_PB2	1442	40	N	1	0	40	19.4
A_PB2	1443	40	N	1	0	40	20.55
A_PB2	1444	41	N	0	0	40	22.55
A_PB2	1445	41	N	0	0	41	20.9756097560976
A_PB2	1446	41	N	0	0	41	20.1707317073171
A_PB2	1447	41	N	0	0	41	22.1219512195122
A_PB2	1448	41	N	0	0	39	24.6410256410256
A_PB2	1449	39	N	2	0	37	23.5135135135135
A_PB2	1450	41	N	0	0	41	23.4146341463415
A_PB2	1451	41	N	0	0	41	25.9268292682927
A_PB2	1452	41	N	0	0	40	26.725
A_PB2	1453	41	N	0	0	41	22.8780487804878
A_PB2	1454	41	N	0	0	40	19.7
A_PB2	1455	41	N	0	0	38	19
A_PB2	1456	41	N	0	0	39	19.5128205128205
A_PB2	1457	41	N	0	0	41	18.780487804878
A_PB2	1458	41	N	0	0	41	19.390243902439
A_PB2	1459	41	N	0	0	40	18.7
A_PB2	1460	41	N	0	0	40	18.425
A_PB2	1461	41	N	0	0	40	19.325
A_PB2	1462	41	N	0	0	40	18.725
A_PB2	1463	39	N	2	0	39	18.4615384615385
A_PB2	1464	41	N	0	0	40	18.5
A_PB2	1465	41	N	0	0	41	18.2682926829268
A_PB2	1466	41	N	0	0	39	20.9487179487179
A_PB2	1467	40	N	1	0	39	21.1025641025641
A_PB2	1468	40	N	1	0	40	22.325
A_PB2	1469	41	N	0	0	41	23.5121951219512
A_PB2	1470	41	N	0	0	41	21.4878048780488
A_PB2	1471	41	N	0	0	41	20.8048780487805
A_PB2	1472	40	N	1	0	40	21.5
A_PB2	1473	41	N	0	0	40	18.375
A_PB2	1474	41	N	0	0	41	18.5853658536585
A_PB2	1475	41	N	0	0	41	18.8780487804878
A_PB2	1476	41	N	0	0	41	20.390243902439
A_PB2	1477	41	N	0	0	41	27.8048780487805
A_PB2	1478	41	N	0	0	41	27.5609756097561
A_PB2	1479	41	N	0	0	41	37.3658536585366
A_PB2	1480	40	N	1	0	40	21.35
A_PB2	1481	40	N	1	0	40	20.675
A_PB2	1482	40	N	1	0	40	19.8
A_PB2	1483	41	N	0	0	41	19.7073170731707
A_PB2	1484	41	N	0	0	41	18.780487804878
A_PB2	1485	41	N	0	0	39	19.4102564102564
A_PB2	1486	41	N	0	0	41	18.8292682926829
A_PB2	1487	41	N	0	0	41	20.5365853658537
A_PB2	1488	41	N	0	0	41	18.9756097560976
A_PB2	1489	41	N	0	0	40	18.875
A_PB2	1490	41	N	0	0	41	18.9756097560976
A_PB2	1491	40	N	1	0	39	21.1538461538462
A_PB2	1492	40	N	1	0	39	19.4871794871795
A_PB2	1493	41	N	0	0	39	18.2820512820513
A_PB2	1494	41	N	0	0	40	17.4
A_PB2	1495	40	N	1	0	38	18.2105263157895
A_PB2	1496	40	N	1	0	40	19.1
A_PB2	1497	40	N	1	0	40	21.175
A_PB2	1498	40	N	1	0	37	20.4864864864865
A_PB2	1499	37	N	4	0	35	19
A_PB2	1500	40	N	1	0	40	15.95
A_PB2	1501	39	N	2	0	35	16.3714285714286
A_PB2	1502	40	N	1	0	39	16
A_PB2	1503	41	N	0	0	41	18.8780487804878
A_PB2	1504	41	N	0	0	41	20.2926829268293
A_PB2	1505	41	N	0	0	40	21.2
A_PB2	1506	41	N	0	0	39	19.1794871794872
A_PB2	1507	41	N	0	0	41	18.7560975609756
A_PB2	1508	41	N	0	0	40	18.875
A_PB2	1509	41	N	0	0	41	22
A_PB2	1510	41	N	0	0	41	23.4146341463415
A_PB2	1511	41	N	0	0	41	22.5609756097561
A_PB2	1512	41	N	0	0	40	23.425
A_PB2	1513	40	N	1	0	39	21.4358974358974
A_PB2	1514	41	N	0	0	41	20.609756097561
A_PB2	1515	41	N	0	0	41	21.1219512195122
A_PB2	1516	41	N	0	0	41	28.4390243902439
A_PB2	1517	41	N	0	0	41	21.5853658536585
A_PB2	1518	41	N	0	0	40	21.175
A_PB2	1519	41	N	0	0	39	19.5384615384615
A_PB2	1520	38	N	3	0	38	17.5526315789474
A_PB2	1521	41	N	0	0	39	18.2307692307692
A_PB2	1522	41	N	0	0	41	18.9024390243902
A_PB2	1523	41	N	0	0	40	22.2
A_PB2	1524	40	N	1	0	39	22.1794871794872
A_PB2	1525	39	N	2	0	37	22.972972972973
A_PB2	1526	41	N	0	0	41	23.3658536585366
A_PB2	1527	41	N	0	0	39	24.1025641025641
A_PB2	1528	41	N	0	0	39	24
A_PB2	1529	41	N	0	0	41	24.0731707317073
A_PB2	1530	41	N	0	0	40	22.85
A_PB2	1531	40	N	1	0	39	20.9487179487179
A_PB2	1532	40	N	1	0	38	20.9736842105263
A_PB2	1533	40	N	1	0	39	20.2307692307692
A_PB2	1534	41	N	0	0	39	19.8717948717949
A_PB2	1535	41	N	0	0	38	21.7105263157895
A_PB2	1536	41	N	0	0	40	19.975
A_PB2	1537	41	N	0	0	40	19.375
A_PB2	1538	41	N	0	0	41	19.2682926829268
A_PB2	1539	41	N	0	0	41	19.609756097561
A_PB2	1540	40	N	1	0	40	19.425
A_PB2	1541	41	N	0	0	41	20.4146341463415
A_PB2	1542	41	N	0	0	41	19.5609756097561
A_PB2	1543	34	N	7	0	34	19.3235294117647
A_PB2	1544	41	N	0	0	41	19.6341463414634
A_PB2	1545	41	N	0	0	41	19.5853658536585
A_PB2	1546	41	N	0	0	41	16.7317073170732
A_PB2	1547	41	N	0	0	41	20.6341463414634
A_PB2	1548	41	N	0	0	41	21.1707317073171
A_PB2	1549	41	N	0	0	41	22.0487804878049
A_PB2	1550	41	N	0	0	41	26.3170731707317
A_PB2	1551	41	N	0	0	39	24.0512820512821
A_PB2	1552	41	N	0	0	40	24.925
A_PB2	1553	41	N	0	0	41	24.0243902439024
A_PB2	1554	41	N	0	0	40	22.575
A_PB2	1555	41	N	0	0	41	22.0487804878049
A_PB2	1556	41	N	0	0	41	22.0487804878049
A_PB2	1557	41	N	0	0	41	22.1951219512195
A_PB2	1558	41	N	0	0	41	22.6829268292683
A_PB2	1559	41	N	0	0	41	22.8780487804878
A_PB2	1560	41	N	0	0	41	22.3658536585366
A_PB2	1561	41	N	0	0	41	23.609756097561
A_PB2	1562	41	N	0	0	41	22.1951219512195
A_PB2	1563	41	N	0	0	41	20.1951219512195
A_PB2	1564	41	N	0	0	41	20.7073170731707
A_PB2	1565	41	N	0	0	41	20.7560975609756
A_PB2	1566	41	N	0	0	41	22.0975609756098
A_PB2	1567	41	N	0	0	41	24.1219512195122
A_PB2	1568	41	N	0	0	41	24.0731707317073
A_PB2	1569	41	N	0	0	41	23.2682926829268
A_PB2	1570	41	N	0	0	40	23.55
A_PB2	1571	41	N	0	0	41	22.3658536585366
A_PB2	1572	41	N	0	0	41	22.7073170731707
A_PB2	1573	40	N	1	0	40	21.5
A_PB2	1574	40	N	1	0	40	21.975
A_PB2	1575	41	N	0	0	41	22.8292682926829
A_PB2	1576	41	N	0	0	41	24.3658536585366
A_PB2	1577	41	N	0	0	41	23.7073170731707
A_PB2	1578	41	N	0	0	41	23.9268292682927
A_PB2	1579	41	N	0	0	41	23.7317073170732
A_PB2	1580	41	N	0	0	41	24.1951219512195
A_PB2	1581	41	N	0	0	41	24.3414634146341
A_PB2	1582	40	N	1	0	40	24.8
A_PB2	1583	40	N	1	0	39	25.5384615384615
A_PB2	1584	40	N	1	0	39	22.9230769230769
A_PB2	1585	40	N	1	0	40	22.325
A_PB2	1586	40	N	1	0	39	21.4358974358974
A_PB2	1587	41	N	0	0	41	20.6829268292683
A_PB2	1588	41	N	0	0	41	20.6829268292683
A_PB2	1589	41	N	0	0	41	20.4390243902439
A_PB2	1590	41	N	0	0	41	21.6829268292683
A_PB2	1591	41	N	0	0	39	22.6153846153846
A_PB2	1592	41	N	0	0	39	21.8717948717949
A_PB2	1593	41	N	0	0	40	21.875
A_PB2	1594	41	N	0	0	38	21.2368421052632
A_PB2	1595	41	N	0	0	40	18.95
A_PB2	1596	41	N	0	0	40	17.3
A_PB2	1597	41	N	0	0	41	16.9268292682927
A_PB2	1598	41	N	0	0	41	18.0487804878049
A_PB2	1599	41	N	0	0	41	19.390243902439
A_PB2	1600	41	N	0	0	41	22.6829268292683
A_PB2	1601	41	N	0	0	41	22.8292682926829
A_PB2	1602	41	N	0	0	40	22.5
A_PB2	1603	41	N	0	0	40	22.725
A_PB2	1604	41	N	0	0	40	22.65
A_PB2	1605	41	N	0	0	41	22.780487804878
A_PB2	1606	41	N	0	0	41	23.6585365853659
A_PB2	1607	41	N	0	0	41	21.9268292682927
A_PB2	1608	41	N	0	0	41	21.5853658536585
A_PB2	1609	41	N	0	0	41	23.2926829268293
A_PB2	1610	41	N	0	0	41	23.390243902439
A_PB2	1611	41	N	0	0	41	24.1707317073171
A_PB2	1612	41	N	0	0	41	25.8292682926829
A_PB2	1613	41	N	0	0	41	25.1707317073171
A_PB2	1614	41	N	0	0	41	23.3658536585366
A_PB2	1615	41	N	0	0	41	21.9756097560976
A_PB2	1616	41	N	0	0	41	20.7560975609756
A_PB2	1617	41	N	0	0	41	20.3658536585366
A_PB2	1618	41	N	0	0	41	21.0731707317073
A_PB2	1619	41	N	0	0	40	20.575
A_PB2	1620	41	N	0	0	41	21.1219512195122
A_PB2	1621	41	N	0	0	41	22.3170731707317
A_PB2	1622	41	N	0	0	41	22.609756097561
A_PB2	1623	40	N	1	0	40	23.65
A_PB2	1624	41	N	0	0	40	24.475
A_PB2	1625	41	N	0	0	41	22.6341463414634
A_PB2	1626	41	N	0	0	41	25.1951219512195
A_PB2	1627	38	N	3	0	36	21.0277777777778
A_PB2	1628	41	N	0	0	39	19.5384615384615
A_PB2	1629	40	N	1	0	40	20.8
A_PB2	1630	40	N	1	0	40	21.875
A_PB2	1631	39	N	2	0	38	21.0526315789474
A_PB2	1632	41	N	0	0	41	19.219512195122
A_PB2	1633	41	N	0	0	41	18.8048780487805
A_PB2	1634	41	N	0	0	40	19.3
A_PB2	1635	41	N	0	0	41	21.9512195121951
A_PB2	1636	41	N	0	0	41	24.8048780487805
A_PB2	1637	40	N	1	0	40	24.025
A_PB2	1638	41	N	0	0	39	23.5897435897436
A_PB2	1639	41	N	0	0	41	22.1707317073171
A_PB2	1640	41	N	0	0	40	22.1
A_PB2	1641	41	N	0	0	41	21.4390243902439
A_PB2	1642	41	N	0	0	41	21.0731707317073
A_PB2	1643	41	N	0	0	41	22.1463414634146
A_PB2	1644	41	N	0	0	41	23.9512195121951
A_PB2	1645	41	N	0	0	40	23.375
A_PB2	1646	40	N	1	0	40	23.575
A_PB2	1647	41	N	0	0	41	23.5121951219512
A_PB2	1648	41	N	0	0	41	23.1951219512195
A_PB2	1649	41	N	0	0	41	23.4146341463415
A_PB2	1650	41	N	0	0	41	23.4146341463415
A_PB2	1651	41	N	0	0	40	23.1
A_PB2	1652	41	N	0	0	41	21.4634146341463
A_PB2	1653	42	N	0	0	42	21.1428571428571
A_PB2	1654	42	N	0	0	42	21.2857142857143
A_PB2	1655	42	N	0	0	42	22.5238095238095
A_PB2	1656	42	N	0	0	42	22.1428571428571
A_PB2	1657	42	N	0	0	42	21.7857142857143
A_PB2	1658	42	N	0	0	42	20.952380952381
A_PB2	1659	42	N	0	0	42	21.1190476190476
A_PB2	1660	42	N	0	0	41	19.4390243902439
A_PB2	1661	42	N	0	0	42	19.1428571428571
A_PB2	1662	42	N	0	0	41	19.3658536585366
A_PB2	1663	41	N	1	0	40	19.55
A_PB2	1664	40	N	2	0	39	20.6410256410256
A_PB2	1665	42	N	0	0	41	20.1707317073171
A_PB2	1666	42	N	0	0	42	20.1428571428571
A_PB2	1667	42	N	0	0	42	20.8571428571429
A_PB2	1668	42	N	0	0	41	20.8780487804878
A_PB2	1669	42	N	0	0	42	20.8571428571429
A_PB2	1670	41	N	1	0	40	20.8
A_PB2	1671	42	N	0	0	42	20.1904761904762
A_PB2	1672	42	N	0	0	41	21.6829268292683
A_PB2	1673	42	N	0	0	42	23.7619047619048
A_PB2	1674	42	N	0	0	42	23.9285714285714
A_PB2	1675	42	N	0	0	42	23.1190476190476
A_PB2	1676	42	N	0	0	40	24.4
A_PB2	1677	42	N	0	0	42	22.9761904761905
A_PB2	1678	41	N	1	0	41	22.5121951219512
A_PB2	1679	41	N	1	0	41	23.0975609756098
A_PB2	1680	41	N	1	0	41	22.0487804878049
A_PB2	1681	41	N	1	0	40	20.85
A_PB2	1682	42	N	0	0	42	20.8809523809524
A_PB2	1683	42	N	0	0	41	23.609756097561
A_PB2	1684	42	N	0	0	41	24.1219512195122
A_PB2	1685	42	N	0	0	41	23.219512195122
A_PB2	1686	42	N	0	0	41	24.0487804878049
A_PB2	1687	42	N	0	0	40	22.875
A_PB2	1688	42	N	0	0	42	22.6190476190476
A_PB2	1689	42	N	0	0	42	22.0952380952381
A_PB2	1690	42	N	0	0	42	22.2857142857143
A_PB2	1691	42	N	0	0	42	22.2380952380952
A_PB2	1692	42	N	0	0	42	21.6428571428571
A_PB2	1693	42	N	0	0	42	22.047619047619
A_PB2	1694	42	N	0	0	42	21.3095238095238
A_PB2	1695	42	N	0	0	42	22.5714285714286
A_PB2	1696	42	N	0	0	42	21.7619047619048
A_PB2	1697	41	N	1	0	41	22.4146341463415
A_PB2	1698	42	N	0	0	42	20.6904761904762
A_PB2	1699	42	N	0	0	42	19.8809523809524
A_PB2	1700	42	N	0	0	42	20.0952380952381
A_PB2	1701	40	N	2	0	39	21.1794871794872
A_PB2	1702	42	N	0	0	41	20.4390243902439
A_PB2	1703	42	N	0	0	42	21.1904761904762
A_PB2	1704	42	N	0	0	42	23.2619047619048
A_PB2	1705	42	N	0	0	42	21.7857142857143
A_PB2	1706	42	N	0	0	42	22.952380952381
A_PB2	1707	42	N	0	0	42	21.547619047619
A_PB2	1708	42	N	0	0	42	21.4285714285714
A_PB2	1709	42	N	0	0	42	22.2380952380952
A_PB2	1710	42	N	0	0	42	22.0238095238095
A_PB2	1711	42	N	0	0	42	21.0238095238095
A_PB2	1712	42	N	0	0	42	21.1190476190476
A_PB2	1713	42	N	0	0	42	20.7142857142857
A_PB2	1714	42	N	0	0	42	19.9285714285714
A_PB2	1715	42	N	0	0	42	20.1190476190476
A_PB2	1716	42	N	0	0	42	19.2380952380952
A_PB2	1717	41	N	1	0	41	18.7317073170732
A_PB2	1718	40	N	2	0	40	19.375
A_PB2	1719	40	N	2	0	39	19.025641025641
A_PB2	1720	41	N	1	0	41	18.9756097560976
A_PB2	1721	41	N	1	0	41	18.5121951219512
A_PB2	1722	42	N	0	0	42	19.3809523809524
A_PB2	1723	42	N	0	0	42	21.4047619047619
A_PB2	1724	42	N	0	0	41	21.0731707317073
A_PB2	1725	41	N	1	0	40	20.25
A_PB2	1726	42	N	0	0	41	19.1707317073171
A_PB2	1727	42	N	0	0	42	18.9285714285714
A_PB2	1728	42	N	0	0	41	20.9024390243902
A_PB2	1729	41	N	1	0	40	20.1
A_PB2	1730	41	N	1	0	40	21.05
A_PB2	1731	42	N	0	0	41	21.219512195122
A_PB2	1732	42	N	0	0	40	19.225
A_PB2	1733	42	N	0	0	42	19.6666666666667
A_PB2	1734	42	N	0	0	41	19.2926829268293
A_PB2	1735	42	N	0	0	42	18.2142857142857
A_PB2	1736	42	N	0	0	42	20.5714285714286
A_PB2	1737	41	N	1	0	41	20.8536585365854
A_PB2	1738	40	N	2	0	40	21.575
A_PB2	1739	41	N	1	0	41	23.0731707317073
A_PB2	1740	42	N	0	0	42	22.9285714285714
A_PB2	1741	42	N	0	0	42	21.8809523809524
A_PB2	1742	42	N	0	0	40	21.075
A_PB2	1743	42	N	0	0	42	21.047619047619
A_PB2	1744	42	N	0	0	39	20.8461538461538
A_PB2	1745	41	N	1	0	40	21.1
A_PB2	1746	41	N	1	0	41	21.4634146341463
A_PB2	1747	41	N	1	0	40	24.725
A_PB2	1748	40	N	2	0	39	31.4102564102564
A_PB2	1749	41	N	1	0	41	24.219512195122
A_PB2	1750	41	N	1	0	40	21.4
A_PB2	1751	41	N	1	0	40	22.325
A_PB2	1752	41	N	1	0	40	23
A_PB2	1753	41	N	1	0	41	22.4390243902439
A_PB2	1754	42	N	0	0	41	24.6829268292683
A_PB2	1755	42	N	0	0	40	25.075
A_PB2	1756	42	N	0	0	41	20.4634146341463
A_PB2	1757	42	N	0	0	41	20.6585365853659
A_PB2	1758	42	N	0	0	42	20.3809523809524
A_PB2	1759	42	N	0	0	42	22.0238095238095
A_PB2	1760	41	N	1	0	39	23.8974358974359
A_PB2	1761	42	N	0	0	41	22.4390243902439
A_PB2	1762	42	N	0	0	42	21.452380952381
A_PB2	1763	42	N	0	0	41	22.6585365853659
A_PB2	1764	42	N	0	0	42	21.2142857142857
A_PB2	1765	42	N	0	0	42	21.5952380952381
A_PB2	1766	42	N	0	0	41	23.0975609756098
A_PB2	1767	41	N	1	0	41	22.5609756097561
A_PB2	1768	42	N	0	0	42	23.6428571428571
A_PB2	1769	42	N	0	0	42	22.2619047619048
A_PB2	1770	42	N	0	0	42	23.8809523809524
A_PB2	1771	42	N	0	0	41	21.7073170731707
A_PB2	1772	41	N	1	0	40	19.875
A_PB2	1773	42	N	0	0	42	19.5238095238095
A_PB2	1774	42	N	0	0	42	18.9285714285714
A_PB2	1775	41	N	1	0	41	19.6341463414634
A_PB2	1776	41	N	1	0	41	22.9268292682927
A_PB2	1777	42	N	0	0	42	21.547619047619
A_PB2	1778	41	N	1	0	41	23.2682926829268
A_PB2	1779	42	N	0	0	41	24.4390243902439
A_PB2	1780	42	N	0	0	42	23.1666666666667
A_PB2	1781	42	N	0	0	42	22.7619047619048
A_PB2	1782	42	N	0	0	42	23.6428571428571
A_PB2	1783	42	N	0	0	42	22.547619047619
A_PB2	1784	42	N	0	0	40	21.525
A_PB2	1785	42	N	0	0	41	20.3414634146341
A_PB2	1786	42	N	0	0	41	19
A_PB2	1787	42	N	0	0	42	19.1190476190476
A_PB2	1788	42	N	0	0	42	19.952380952381
A_PB2	1789	42	N	0	0	42	20.5714285714286
A_PB2	1790	42	N	0	0	42	22.8095238095238
A_PB2	1791	42	N	0	0	42	24.1428571428571
A_PB2	1792	41	N	1	0	40	24.35
A_PB2	1793	42	N	0	0	42	23.6666666666667
A_PB2	1794	42	N	0	0	42	22.6190476190476
A_PB2	1795	42	N	0	0	42	23.2857142857143
A_PB2	1796	42	N	0	0	42	23.3571428571429
A_PB2	1797	41	N	1	0	41	23.5609756097561
A_PB2	1798	42	N	0	0	41	22.4634146341463
A_PB2	1799	42	N	0	0	42	22.2380952380952
A_PB2	1800	42	N	0	0	42	21.452380952381
A_PB2	1801	42	N	0	0	42	21.8095238095238
A_PB2	1802	42	N	0	0	42	23.7619047619048
A_PB2	1803	42	N	0	0	42	25.0714285714286
A_PB2	1804	42	N	0	0	42	25.4761904761905
A_PB2	1805	40	N	2	0	40	22.875
A_PB2	1806	41	N	1	0	41	23.6341463414634
A_PB2	1807	41	N	1	0	41	24.1463414634146
A_PB2	1808	41	N	1	0	41	25.1219512195122
A_PB2	1809	41	N	1	0	40	23.15
A_PB2	1810	42	N	0	0	41	19.0243902439024
A_PB2	1811	38	N	4	0	38	17.2894736842105
A_PB2	1812	42	N	0	0	42	17.5952380952381
A_PB2	1813	42	N	0	0	41	17.8536585365854
A_PB2	1814	42	N	0	0	42	20.7380952380952
A_PB2	1815	42	N	0	0	42	25.5238095238095
A_PB2	1816	42	N	0	0	42	22.2142857142857
A_PB2	1817	42	N	0	0	42	21.6190476190476
A_PB2	1818	42	N	0	0	42	21.1904761904762
A_PB2	1819	42	N	0	0	42	21.4047619047619
A_PB2	1820	40	N	2	0	40	23.225
A_PB2	1821	41	N	1	0	40	19.125
A_PB2	1822	40	N	2	0	40	16.9
A_PB2	1823	42	N	0	0	42	18.0714285714286
A_PB2	1824	42	N	0	0	42	20.3333333333333
A_PB2	1825	42	N	0	0	42	23.2142857142857
A_PB2	1826	42	N	0	0	42	25.0238095238095
A_PB2	1827	42	N	0	0	41	23.2682926829268
A_PB2	1828	42	N	0	0	42	22.7857142857143
A_PB2	1829	42	N	0	0	42	23.2619047619048
A_PB2	1830	42	N	0	0	42	22.547619047619
A_PB2	1831	42	N	0	0	42	22.0714285714286
A_PB2	1832	42	N	0	0	42	21.8333333333333
A_PB2	1833	42	N	0	0	42	23.8571428571429
A_PB2	1834	42	N	0	0	40	22.525
A_PB2	1835	42	N	0	0	42	22.047619047619
A_PB2	1836	42	N	0	0	42	22.6666666666667
A_PB2	1837	42	N	0	0	42	22.3571428571429
A_PB2	1838	42	N	0	0	42	23.9761904761905
A_PB2	1839	42	N	0	0	42	22.4285714285714
A_PB2	1840	42	N	0	0	42	22.4047619047619
A_PB2	1841	41	N	1	0	41	25.1219512195122
A_PB2	1842	41	N	1	0	41	24.8292682926829
A_PB2	1843	41	N	1	0	41	24.390243902439
A_PB2	1844	41	N	1	0	41	24.0731707317073
A_PB2	1845	42	N	0	0	42	24.1666666666667
A_PB2	1846	42	N	0	0	42	23.0714285714286
A_PB2	1847	42	N	0	0	42	23
A_PB2	1848	42	N	0	0	42	23.3571428571429
A_PB2	1849	42	N	0	0	42	24.5714285714286
A_PB2	1850	42	N	0	0	42	24.6666666666667
A_PB2	1851	42	N	0	0	41	25.0975609756098
A_PB2	1852	42	N	0	0	42	23.1428571428571
A_PB2	1853	42	N	0	0	42	21.6904761904762
A_PB2	1854	42	N	0	0	41	21.4634146341463
A_PB2	1855	42	N	0	0	42	20.7857142857143
A_PB2	1856	42	N	0	0	42	21.7380952380952
A_PB2	1857	42	N	0	0	42	22.3095238095238
A_PB2	1858	42	N	0	0	42	22.4285714285714
A_PB2	1859	42	N	0	0	42	27.1666666666667
A_PB2	1860	42	N	0	0	42	24.2619047619048
A_PB2	1861	41	N	1	0	41	24.6585365853659
A_PB2	1862	42	N	0	0	42	25.452380952381
A_PB2	1863	41	N	1	0	41	25.8292682926829
A_PB2	1864	41	N	1	0	41	21.4390243902439
A_PB2	1865	41	N	1	0	41	26.2926829268293
A_PB2	1866	42	N	0	0	42	27.0238095238095
A_PB2	1867	41	N	1	0	41	26.5365853658537
A_PB2	1868	42	N	0	0	42	24.3809523809524
A_PB2	1869	42	N	0	0	42	24.047619047619
A_PB2	1870	42	N	0	0	42	23.7380952380952
A_PB2	1871	42	N	0	0	42	22.7142857142857
A_PB2	1872	42	N	0	0	42	22.5714285714286
A_PB2	1873	42	N	0	0	42	22.047619047619
A_PB2	1874	42	N	0	0	42	23.5714285714286
A_PB2	1875	42	N	0	0	41	20.7073170731707
A_PB2	1876	41	N	1	0	40	25.325
A_PB2	1877	42	N	0	0	41	24.4390243902439
A_PB2	1878	42	N	0	0	41	21.8048780487805
A_PB2	1879	42	N	0	0	42	21.7857142857143
A_PB2	1880	53	A	0	0	53	20.811320754717
A_PB2	1881	53	A	0	0	53	21.1698113207547
A_PB2	1882	56	C	0	0	55	21.6545454545455
A_PB2	1883	106	A	2	0	106	23.3207547169811
A_PB2	1884	109	A	0	0	58	24.948275862069
A_PB2	1885	109	A	0	0	109	23.697247706422
A_PB2	1886	109	G	0	0	109	23.3302752293578
A_PB2	1887	109	C	0	0	109	24.8623853211009
A_PB2	1888	109	A	0	0	106	23.9905660377358
A_PB2	1889	107	G	2	0	106	25.4716981132075
A_PB2	1890	109	G	0	0	109	26.302752293578
A_PB2	1891	109	A	0	0	109	23.8715596330275
A_PB2	1892	109	T	0	0	108	24.037037037037
A_PB2	1893	109	G	0	0	108	24.0092592592593
A_PB2	1894	109	C	0	0	108	24.3888888888889
A_PB2	1895	107	A	2	0	106	23.4905660377358
A_PB2	1896	109	A	0	0	107	23.4579439252336
A_PB2	1897	109	T	0	0	105	23.247619047619
A_PB2	1898	109	T	0	0	109	23.9357798165138
A_PB2	1899	109	T	0	0	108	25.1944444444444
A_PB2	1900	109	T	0	0	109	26.6146788990826
A_PB2	1901	109	C	0	0	109	25.9724770642202
A_PB2	1902	109	T	0	0	109	26.8073394495413
A_PB2	1903	109	T	0	0	109	25.7155963302752
A_PB2	1904	109	C	0	0	108	24.4907407407407
A_PB2	1905	109	A	0	0	109	25.3119266055046
A_PB2	1906	109	T	0	0	109	25.302752293578
A_PB2	1907	109	T	0	0	107	26.8224299065421
A_PB2	1908	109	G	0	0	109	24.9449541284404
A_PB2	1909	109	A	0	0	109	25.2752293577982
A_PB2	1910	109	C	0	0	109	25.4495412844037
A_PB2	1911	109	T	0	0	109	24.8990825688073
A_PB2	1912	109	G	0	0	108	26.4814814814815
A_PB2	1913	109	T	0	0	109	28.3669724770642
A_PB2	1914	109	G	0	0	108	26.1666666666667
A_PB2	1915	109	A	0	0	109	25.0091743119266
A_PB2	1916	109	A	0	0	108	24.9351851851852
A_PB2	1917	109	T	0	0	108	24.9259259259259
A_PB2	1918	109	G	0	0	108	25.9351851851852
A_PB2	1919	109	T	0	0	108	25.787037037037
A_PB2	1920	108	G	1	0	105	23.7809523809524
A_PB2	1921	109	A	0	0	109	23.2752293577982
A_PB2	1922	109	G	0	0	104	22.0096153846154
A_PB2	1923	108	A	1	0	107	27.5607476635514
A_PB2	1924	109	G	0	0	106	25.8962264150943
A_PB2	1925	109	G	0	0	104	23.2211538461538
A_PB2	1926	109	A	0	0	106	22.0471698113208
A_PB2	1927	109	T	0	0	109	22.1651376146789
A_PB2	1928	109	C	0	0	104	21.0961538461538
A_PB2	1929	108	A	2	0	107	20.3177570093458
A_PB2	1930	104	G	6	0	103	21.4271844660194
A_PB2	1931	106	G	4	0	106	20.0660377358491
A_PB2	1932	106	A	4	0	106	19.7735849056604
A_PB2	1933	107	T	3	0	104	20.6826923076923
A_PB2	1934	109	T	1	0	107	21.6448598130841
A_PB2	1935	110	G	0	0	107	19.9719626168224
A_PB2	1936	110	A	0	0	105	20.3047619047619
A_PB2	1937	109	G	1	0	108	21.537037037037
A_PB2	1938	110	G	0	0	109	22.3669724770642
A_PB2	1939	109	A	1	0	106	22.9622641509434
A_PB2	1940	110	T	0	0	107	22.018691588785
A_PB2	1941	104	A	6	0	103	21.2135922330097
A_PB2	1942	109	C	1	0	108	20.3796296296296
A_PB2	1943	109	T	1	0	106	21.2169811320755
A_PB2	1944	110	G	0	0	110	20.8545454545455
A_PB2	1945	110	G	0	0	110	23.1727272727273
A_PB2	1946	108	T	2	0	107	24.1588785046729
A_PB2	1947	109	A	1	0	106	23.7641509433962
A_PB2	1948	110	A	0	0	110	22.8818181818182
A_PB2	1949	109	G	0	0	105	23.2571428571429
A_PB2	1950	106	A	3	0	106	23.9150943396226
A_PB2	1951	109	G	0	0	108	23.1759259259259
A_PB2	1952	109	G	0	0	109	25.4036697247706
A_PB2	1953	107	C	2	0	106	24.1509433962264
A_PB2	1954	106	A	3	0	102	24.5980392156863
A_PB2	1955	107	A	2	0	106	25.0754716981132
A_PB2	1956	107	T	2	0	105	24.2952380952381
A_PB2	1957	109	T	0	0	108	25.2592592592593
A_PB2	1958	109	C	0	0	107	23.7289719626168
A_PB2	1959	109	T	0	0	109	24.6880733944954
A_PB2	1960	108	C	1	0	105	25.9238095238095
A_PB2	1961	109	C	0	0	106	26.4811320754717
A_PB2	1962	110	A	1	0	110	26.0636363636364
A_PB2	1963	110	G	1	0	110	26.6090909090909
A_PB2	1964	110	T	1	0	110	24.6363636363636
A_PB2	1965	111	A	0	0	110	23.5636363636364
A_PB2	1966	111	T	0	0	107	23.8411214953271
A_PB2	1967	111	T	0	0	108	23.1944444444444
A_PB2	1968	180	C	0	0	178	24.0056179775281
A_PB2	1969	181	A	0	0	179	24.0558659217877
A_PB2	1970	181	A	0	0	181	24.828729281768
A_PB2	1971	181	T	0	0	180	24.7777777777778
A_PB2	1972	181	T	0	0	181	23.8508287292818
A_PB2	1973	181	A	0	0	181	23.6243093922652
A_PB2	1974	181	C	0	0	180	23.0888888888889
A_PB2	1975	149	A	72	0	148	24.1554054054054
A_PB2	1976	149	A	72	0	149	25.8255033557047
A_PB2	1977	151	C	71	0	151	24.5364238410596
A_PB2	1978	151	A	71	0	151	24.2847682119205
A_PB2	1979	151	A	71	0	151	25.3576158940397
A_PB2	1980	222	G	0	0	222	23.8423423423423
A_PB2	1981	222	G	0	0	222	25.1126126126126
A_PB2	1982	221	C	1	0	221	25.5837104072398
A_PB2	1983	222	A	0	0	220	26.3227272727273
A_PB2	1984	222	A	0	0	220	25.3363636363636
A_PB2	1985	222	C	0	0	218	25.2614678899083
A_PB2	1986	221	C	1	0	152	26.1315789473684
A_PB2	1987	221	A	1	0	218	25.4724770642202
A_PB2	1988	222	A	0	0	154	29.6103896103896
A_PB2	1989	222	A	0	0	220	28.2681818181818
A_PB2	1990	222	C	0	0	150	27.4866666666667
A_PB2	1991	222	G	0	0	220	22.7
A_PB2	1992	222	A	0	0	222	22.5990990990991
A_PB2	1993	150	C	72	0	149	23.0604026845638
A_PB2	1994	148	T	74	0	148	24.3986486486486
A_PB2	1995	223	T	0	0	223	27.4304932735426
A_PB2	1996	223	A	1	0	221	26.3212669683258
A_PB2	1997	223	C	1	0	223	26.2556053811659
A_PB2	1998	225	G	0	0	221	24.2307692307692
A_PB2	1999	224	G	1	0	223	24.1076233183856
A_PB2	2000	222	T	3	0	221	24.5158371040724
A_PB2	2001	223	T	2	0	220	25.2136363636364
A_PB2	2002	223	C	2	0	222	25.9594594594595
A_PB2	2003	221	T	4	0	216	28.4351851851852
A_PB2	2004	228	T	0	0	227	26.9383259911894
A_PB2	2005	227	G	1	0	226	25.2256637168142
A_PB2	2006	227	G	1	0	225	25.3733333333333
A_PB2	2007	226	A	2	0	224	27.4464285714286
A_PB2	2008	229	A	0	0	229	28.8471615720524
A_PB2	2009	229	A	0	0	227	28.7444933920705
A_PB2	2010	229	G	0	0	229	27.8908296943231
A_PB2	2011	229	G	0	0	227	29.5418502202643
A_PB2	2012	227	A	2	0	227	27.0440528634361
A_PB2	2013	228	T	1	0	222	27.4594594594595
A_PB2	2014	228	G	1	0	226	28.3318584070796
A_PB2	2015	229	C	0	0	226	27.3451327433628
A_PB2	2016	228	A	1	0	228	26.1491228070175
A_PB2	2017	227	G	2	0	227	27.3964757709251
A_PB2	2018	229	G	0	0	229	25.9606986899563
A_PB2	2019	228	T	1	0	221	27.3076923076923
A_PB2	2020	229	G	0	0	229	27.410480349345
A_PB2	2021	228	C	0	0	222	27.536036036036
A_PB2	2022	228	A	0	0	226	28.5442477876106
A_PB2	2023	227	T	1	0	222	28.3288288288288
A_PB2	2024	227	T	1	0	224	27.0982142857143
A_PB2	2025	226	G	2	0	215	25.3395348837209
A_PB2	2026	226	A	2	0	222	25.0675675675676
A_PB2	2027	227	C	1	0	225	26.8444444444444
A_PB2	2028	226	T	2	0	226	26.429203539823
A_PB2	2029	223	G	5	0	221	26.4027149321267
A_PB2	2030	224	A	5	0	218	27.4770642201835
A_PB2	2031	227	A	2	0	221	26.9140271493213
A_PB2	2032	228	G	1	0	218	28.3256880733945
A_PB2	2033	228	A	1	0	224	27.5669642857143
A_PB2	2034	229	T	0	0	228	27.9649122807018
A_PB2	2035	222	C	7	0	213	28.2723004694836
A_PB2	2036	225	C	4	0	215	29.2
A_PB2	2037	228	A	1	0	219	28.4657534246575
A_PB2	2038	228	G	1	0	225	31.0088888888889
A_PB2	2039	228	A	1	0	227	29.3259911894273
A_PB2	2040	229	T	0	0	229	27.3711790393013
A_PB2	2041	229	G	0	0	228	27.1359649122807
A_PB2	2042	229	A	0	0	228	27.3640350877193
A_PB2	2043	229	A	0	0	229	27.1965065502183
A_PB2	2044	226	G	3	0	226	28.1283185840708
A_PB2	2045	229	G	0	0	227	28.7533039647577
A_PB2	2046	228	C	1	0	228	28.7763157894737
A_PB2	2047	228	A	1	0	226	27.6504424778761
A_PB2	2048	229	C	0	0	228	27.9078947368421
A_PB2	2049	228	A	1	0	227	25.9030837004405
A_PB2	2050	228	T	1	0	228	25.6228070175439
A_PB2	2051	227	C	2	0	202	25.7079207920792
A_PB2	2052	228	T	1	0	225	27.3733333333333
A_PB2	2053	217	G	12	0	214	24.6822429906542
A_PB2	2054	229	G	0	0	223	26.6143497757848
A_PB2	2055	230	G	0	0	227	26.0969162995595
A_PB2	2056	228	G	3	0	228	28.0701754385965
A_PB2	2057	273	T	3	0	271	27.3025830258303
A_PB2	2058	274	G	3	0	267	27.0037453183521
A_PB2	2059	277	G	0	0	274	25.1532846715328
A_PB2	2060	277	A	0	0	275	24.2290909090909
A_PB2	2061	276	G	1	0	272	25.1727941176471
A_PB2	2062	274	T	3	0	270	24.6814814814815
A_PB2	2063	274	C	3	0	265	23.9396226415094
A_PB2	2064	295	T	2	0	291	23.8350515463918
A_PB2	2065	295	G	2	0	294	24.1190476190476
A_PB2	2066	297	C	0	0	295	25.6372881355932
A_PB2	2067	296	T	1	0	294	28.6938775510204
A_PB2	2068	296	G	1	0	294	27.7312925170068
A_PB2	2069	296	T	1	0	294	26.5952380952381
A_PB2	2070	294	C	3	0	292	25.5376712328767
A_PB2	2071	297	C	0	0	294	25.3265306122449
A_PB2	2072	297	T	0	0	296	24.1925675675676
A_PB2	2073	283	G	14	0	275	23.6472727272727
A_PB2	2074	291	A	6	0	289	22.3217993079585
A_PB2	2075	293	G	4	0	287	22.3763066202091
A_PB2	2076	293	A	4	0	290	33.1275862068966
A_PB2	2077	295	G	2	0	292	29.0753424657534
A_PB2	2078	295	G	2	0	294	25.9965986394558
A_PB2	2079	294	A	3	0	293	25.9556313993174
A_PB2	2080	290	T	7	0	286	25.9335664335664
A_PB2	2081	294	T	3	0	290	25.2827586206897
A_PB2	2082	296	T	1	0	292	26.9246575342466
A_PB2	2083	296	C	1	0	289	26.6089965397924
A_PB2	2084	294	T	3	0	291	27.3848797250859
A_PB2	2085	294	C	3	0	291	23.8762886597938
A_PB2	2086	295	A	2	0	291	23.9759450171821
A_PB2	2087	290	T	7	0	287	24.8710801393728
A_PB2	2088	297	T	0	0	296	24.3885135135135
A_PB2	2089	296	T	1	0	295	29.9423728813559
A_PB2	2090	295	T	2	0	288	31.5659722222222
A_PB2	2091	302	A	4	0	300	26.25
A_PB2	2092	303	G	3	0	301	26.0265780730897
A_PB2	2093	302	G	4	0	301	25.7176079734219
A_PB2	2094	304	C	2	0	303	26.7788778877888
A_PB2	2095	303	A	3	0	300	26.4633333333333
A_PB2	2096	303	A	3	0	301	27.8604651162791
A_PB2	2097	302	A	4	0	298	27.1073825503356
A_PB2	2098	325	G	4	0	324	27.8611111111111
A_PB2	2099	327	A	2	0	323	29.984520123839
A_PB2	2100	323	A	6	0	320	26.86875
A_PB2	2101	322	G	7	0	316	25.4905063291139
A_PB2	2102	324	A	5	0	299	24.2909698996656
A_PB2	2103	325	C	4	0	324	23.0925925925926
A_PB2	2104	319	A	10	0	308	22.8019480519481
A_PB2	2105	321	A	7	0	314	23.5891719745223
A_PB2	2106	322	G	6	0	318	24.5062893081761
A_PB2	2107	317	A	11	0	312	25.3942307692308
A_PB2	2108	321	G	7	0	315	33.7777777777778
A_PB2	2109	318	A	10	0	315	28.6063492063492
A_PB2	2110	312	T	16	0	291	25.9243986254296
A_PB2	2111	319	A	9	0	308	25.0616883116883
A_PB2	2112	324	T	4	0	302	25.2615894039735
A_PB2	2113	478	G	3	0	470	23.6978723404255
A_PB2	2114	494	G	2	0	492	24.3983739837398
A_PB2	2115	491	C	6	0	487	25.7720739219713
A_PB2	2116	497	C	1	0	493	27.3772819472617
A_PB2	2117	521	C	1	0	515	29.6970873786408
A_PB2	2118	523	A	2	0	519	29.4643545279383
A_PB2	2119	520	G	5	0	519	30.1194605009634
A_PB2	2120	525	C	1	0	522	29.5402298850575
A_PB2	2121	523	A	2	0	519	28.5221579961464
A_PB2	2122	517	T	8	0	514	30.1536964980545
A_PB2	2123	524	T	2	0	520	28.2326923076923
A_PB2	2124	522	A	4	0	517	26.9941972920696
A_PB2	2125	524	A	2	0	521	27.232245681382
A_PB2	2126	523	G	3	0	520	26.9673076923077
A_PB2	2127	523	C	3	0	519	29.1464354527938
A_PB2	2128	525	A	1	0	520	30.1519230769231
A_PB2	2129	525	T	1	0	524	30.1583969465649
A_PB2	2130	525	C	1	0	519	28.6281310211946
A_PB2	2131	525	A	1	0	517	29.2359767891683
A_PB2	2132	526	A	0	0	524	29.1908396946565
A_PB2	2133	526	T	0	0	524	29.7118320610687
A_PB2	2134	525	G	1	0	519	28.26204238921
A_PB2	2135	526	A	0	0	522	29.4789272030651
A_PB2	2136	526	A	0	0	521	28.6353166986564
A_PB2	2137	526	C	0	0	524	28.8702290076336
A_PB2	2138	526	T	0	0	524	31.0095419847328
A_PB2	2139	523	G	3	0	507	26.9487179487179
A_PB2	2140	524	A	2	0	524	26.9465648854962
A_PB2	2141	521	G	5	0	519	27.1483622350674
A_PB2	2142	523	C	3	0	520	27.2942307692308
A_PB2	2143	525	A	1	0	521	25.3474088291747
A_PB2	2144	526	A	0	0	525	25.3961904761905
A_PB2	2145	525	T	1	0	523	26.7112810707457
A_PB2	2146	524	C	2	0	513	26.2027290448343
A_PB2	2147	516	T	10	0	514	30.5739299610895
A_PB2	2148	523	T	3	0	515	28.5592233009709
A_PB2	2149	519	G	7	0	493	25.5395537525355
A_PB2	2150	520	C	6	0	515	26.6155339805825
A_PB2	2151	505	A	21	0	493	26.1501014198783
A_PB2	2152	521	A	5	0	517	25.5241779497099
A_PB2	2153	522	A	4	0	518	27.6833976833977
A_PB2	2154	519	A	7	0	513	31.6120857699805
A_PB2	2155	519	G	7	0	517	32.1025145067698
A_PB2	2156	513	G	12	0	509	29.4813359528487
A_PB2	2157	513	A	12	0	510	30.0274509803922
A_PB2	2158	515	G	10	0	511	30.119373776908
A_PB2	2159	520	A	5	0	514	40.4046692607004
A_PB2	2160	523	G	2	0	520	51.5115384615385
A_PB2	2161	514	A	11	0	509	40.1532416502947
A_PB2	2162	525	A	0	0	521	30.084452975048
A_PB2	2163	525	A	0	0	524	31.6106870229008
A_PB2	2164	525	G	0	0	519	30.9036608863198
A_PB2	2165	525	C	0	0	522	32.77969348659
A_PB2	2166	525	T	0	0	524	29.6011450381679
A_PB2	2167	524	A	1	0	522	29.1724137931034
A_PB2	2168	525	A	0	0	525	29.567619047619
A_PB2	2169	524	T	1	0	522	31.7624521072797
A_PB2	2170	524	G	1	0	522	32.823754789272
A_PB2	2171	524	T	1	0	520	33.0173076923077
A_PB2	2172	523	G	2	0	523	32.0057361376673
A_PB2	2173	523	C	2	0	522	32.0191570881226
A_PB2	2174	523	T	2	0	519	31.4739884393064
A_PB2	2175	524	A	1	0	519	29.5645472061657
A_PB2	2176	524	A	1	0	523	30.057361376673
A_PB2	2177	524	T	1	0	518	30.5772200772201
A_PB2	2178	525	T	0	0	525	30.6990476190476
A_PB2	2179	523	G	2	0	522	28.4425287356322
A_PB2	2180	524	G	1	0	523	29.0152963671128
A_PB2	2181	692	G	1	0	691	32.3125904486252
A_PB2	2182	692	C	1	0	688	31.3517441860465
A_PB2	2183	674	A	20	0	671	26.4008941877794
A_PB2	2184	686	G	24	0	682	25.4604105571848
A_PB2	2185	721	G	6	0	720	25.5027777777778
A_PB2	2186	724	G	3	0	724	26.6588397790055
A_PB2	2187	724	G	3	0	723	36.6915629322268
A_PB2	2188	724	G	3	0	723	36.49377593361
A_PB2	2189	723	A	4	0	717	33.5020920502092
A_PB2	2190	722	C	4	0	710	31.2971830985915
A_PB2	2191	724	A	2	0	718	29.5473537604457
A_PB2	2192	724	T	2	0	716	29.9245810055866
A_PB2	2193	722	A	4	0	706	27.2705382436261
A_PB2	2194	722	G	4	0	716	27.1284916201117
A_PB2	2195	722	T	4	0	708	27.2104519774011
A_PB2	2196	722	G	4	0	721	27.4771151178918
A_PB2	2197	722	T	4	0	713	31.1753155680224
A_PB2	2198	726	T	0	0	719	30.0041724617524
A_PB2	2199	726	G	0	0	725	29.4496551724138
A_PB2	2200	726	G	0	0	726	30.8774104683196
A_PB2	2201	726	T	0	0	723	33.4218533886584
A_PB2	2202	725	A	1	0	721	34.0887656033287
A_PB2	2203	727	A	0	0	722	34.3767313019391
A_PB2	2204	725	T	2	0	712	34.314606741573
A_PB2	2205	725	G	2	0	712	31.1095505617978
A_PB2	2206	723	A	4	0	713	30.3758765778401
A_PB2	2207	727	A	0	0	725	30.1020689655172
A_PB2	2208	727	A	0	0	723	33.5297372060858
A_PB2	2209	727	C	0	0	722	31.9058171745152
A_PB2	2210	722	G	5	0	708	27.1624293785311
A_PB2	2211	720	A	7	0	712	27.2598314606742
A_PB2	2212	727	A	1	0	717	27.4923291492329
A_PB2	2213	727	A	1	0	723	31.8423236514523
A_PB2	2214	725	A	3	0	719	34.1098748261474
A_PB2	2215	725	C	3	0	718	32.7353760445682
A_PB2	2216	696	G	32	0	687	27.4497816593886
A_PB2	2217	727	G	1	0	720	28.0833333333333
A_PB2	2218	725	G	3	0	698	27.1418338108883
A_PB2	2219	726	A	2	0	715	29.5776223776224
A_PB2	2220	711	C	17	0	696	29.9755747126437
A_PB2	2221	717	T	11	0	709	29.179125528914
A_PB2	2222	723	C	5	0	694	29.2219020172911
A_PB2	2223	718	T	10	0	711	29.1631504922644
A_PB2	2224	713	A	15	0	687	27.8078602620087
A_PB2	2225	717	G	11	0	696	27.0158045977011
A_PB2	2226	721	C	7	0	713	26.4305750350631
A_PB2	2227	719	A	9	0	708	27.0127118644068
A_PB2	2228	721	T	7	0	700	27.4271428571429
A_PB2	2229	711	A	17	0	690	27.8347826086957
A_PB2	2230	717	C	11	0	690	26.7550724637681
A_PB2	2231	715	T	13	0	697	26.7274031563845
A_PB2	2232	718	T	10	0	706	26.8881019830028
A_PB2	2233	716	A	12	0	709	27.0930888575458
A_PB2	2234	718	C	10	0	710	29.1
A_PB2	2235	726	T	2	0	717	29.7140864714086
A_PB2	2236	724	G	4	0	712	28.2780898876404
A_PB2	2237	728	A	0	0	724	29.378453038674
A_PB2	2238	728	C	0	0	726	31.7162534435262
A_PB2	2239	728	A	0	0	723	30.7842323651452
A_PB2	2240	726	G	2	0	723	31.2116182572614
A_PB2	2241	725	C	3	0	725	32.3158620689655
A_PB2	2242	723	C	5	0	718	32.516713091922
A_PB2	2243	721	A	7	0	712	31.2064606741573
A_PB2	2244	717	G	11	0	709	33.1100141043724
A_PB2	2245	722	A	6	0	715	29.2909090909091
A_PB2	2246	726	C	2	0	721	29.9472954230236
A_PB2	2247	725	A	3	0	714	28.6666666666667
A_PB2	2248	724	G	4	0	722	29.4570637119114
A_PB2	2249	726	C	2	0	719	30.8831710709319
A_PB2	2250	725	G	3	0	705	28.1007092198582
A_PB2	2251	727	A	1	0	721	28.2191400832178
A_PB2	2252	727	C	1	0	721	28.495145631068
A_PB2	2253	728	C	0	0	721	28.5104022191401
A_PB2	2254	722	A	6	0	720	30.7194444444444
A_PB2	2255	727	A	1	0	721	32.0943134535368
A_PB2	2256	726	A	2	0	722	33.6772853185596
A_PB2	2257	725	A	3	0	720	36.9902777777778
A_PB2	2258	723	G	5	0	715	35.6951048951049
A_PB2	2259	726	A	2	0	722	35.1606648199446
A_PB2	2260	725	A	3	0	722	32.4501385041551
A_PB2	2261	725	T	3	0	719	34.7093184979138
A_PB2	2262	727	T	1	0	720	35.9222222222222
A_PB2	2263	722	C	6	0	710	30.1971830985915
A_PB2	2264	724	G	4	0	723	30.1410788381743
A_PB2	2265	727	G	1	0	718	31.8440111420613
A_PB2	2266	727	A	1	0	726	30.6418732782369
A_PB2	2267	726	T	2	0	724	32.1063535911602
A_PB2	2268	727	G	1	0	722	33.6218836565097
A_PB2	2269	728	G	0	0	724	33.6367403314917
A_PB2	2270	728	C	0	0	727	33.6506189821183
A_PB2	2271	728	C	0	0	727	32.6286107290234
A_PB2	2272	728	A	0	0	724	33.3563535911602
A_PB2	2273	728	T	0	0	726	34.3608815426997
A_PB2	2274	725	C	1	0	722	32.6329639889197
A_PB2	2275	724	A	2	0	700	33.3257142857143
A_PB2	2276	725	A	0	0	720	32.6541666666667
A_PB2	2277	725	T	0	0	723	33.8243430152144
A_PB2	2278	719	T	0	0	717	32.7322175732218
A_PB2	2279	703	A	0	0	703	29.5106685633001
A_PB2	2280	699	G	0	0	699	29.6981402002861
