Reference_Name	Position	Coverage Depth	Consensus	Deletions	Ambiguous	Consensus_Count	Consensus_Average_Quality
A_HA_H3	1	6773	A	0	0	6773	35.6604163590728
A_HA_H3	2	6792	T	0	0	6792	40.057714958775
A_HA_H3	3	6820	G	0	0	6795	36.5378955114054
A_HA_H3	4	6866	A	0	0	6846	39.1774758983348
A_HA_H3	5	6880	A	6	0	6862	38.1547653745264
A_HA_H3	6	6878	G	10	0	6869	41.3559470082982
A_HA_H3	7	6892	G	0	0	6885	41.8492374727669
A_HA_H3	8	6889	C	5	0	6863	42.4551945213463
A_HA_H3	9	6893	T	3	0	6864	40.8757284382284
A_HA_H3	10	6895	A	4	0	6868	40.1895748398369
A_HA_H3	11	6897	T	4	0	6878	42.1054085489968
A_HA_H3	12	6898	C	4	0	6827	38.1816317562619
A_HA_H3	13	6898	A	6	0	6860	37.5803206997085
A_HA_H3	14	6893	T	11	0	6865	40.7892206846322
A_HA_H3	15	6891	T	13	0	6844	40.8914377556984
A_HA_H3	16	6891	G	13	0	6856	37.9234247374562
A_HA_H3	17	6894	C	10	0	6863	39.1006848317063
A_HA_H3	18	6850	T	56	0	6820	36.5382697947214
A_HA_H3	19	6896	T	11	0	6866	41.8294494611127
A_HA_H3	20	6905	T	2	0	6879	40.9360372147114
A_HA_H3	21	6862	G	45	0	6776	31.5100354191263
A_HA_H3	22	6886	A	21	0	6870	33.1812227074236
A_HA_H3	23	6842	G	65	0	6821	32.1449934027269
A_HA_H3	24	6856	C	51	0	6830	33.811420204978
A_HA_H3	25	6885	A	22	0	6854	34.837467172454
A_HA_H3	26	6900	A	7	0	6873	36.5265531791066
A_HA_H3	27	6897	C	10	0	6845	38.5187728268809
A_HA_H3	28	6887	A	20	0	6863	38.0259361795133
A_HA_H3	29	6876	T	31	0	6834	42.6227685103892
A_HA_H3	30	6880	T	27	0	6852	39.8041447752481
A_HA_H3	31	6872	C	35	0	6784	36.0958136792453
A_HA_H3	32	6900	T	8	0	6857	40.1222108793933
A_HA_H3	33	6899	A	9	0	6880	36.6870639534884
A_HA_H3	34	6882	T	26	0	6836	36.918958455237
A_HA_H3	35	6882	G	26	0	6869	38.1799388557286
A_HA_H3	36	6850	T	58	0	6815	38.9504035216434
A_HA_H3	37	6862	C	46	0	6757	36.0788811602782
A_HA_H3	38	6818	T	90	0	6744	38.1604389086596
A_HA_H3	39	6877	T	31	0	6850	38.5604379562044
A_HA_H3	40	6875	G	33	0	6842	35.5590470622625
A_HA_H3	41	6808	T	100	0	6773	40.5313745755205
A_HA_H3	42	6880	T	28	0	6852	36.7406596614127
A_HA_H3	43	6894	T	14	0	6862	43.2926260565433
A_HA_H3	44	6864	T	44	0	6798	44.6550456016475
A_HA_H3	45	6824	C	84	0	6636	34.5705244122966
A_HA_H3	46	6884	G	24	0	6721	27.3619997024252
A_HA_H3	47	6872	C	36	0	6852	26.9569468768243
A_HA_H3	48	6900	T	8	0	6884	27.0721963974433
A_HA_H3	49	6791	C	117	0	6687	26.1004934948407
A_HA_H3	50	6803	A	105	0	6763	28.2111488984179
A_HA_H3	51	6896	A	12	0	6885	30.5421931735657
A_HA_H3	52	6902	A	6	0	6881	31.8571428571429
A_HA_H3	53	6895	A	13	0	6865	48.0936635105608
A_HA_H3	54	6894	A	14	0	6874	56.6048879837067
A_HA_H3	55	6891	A	17	0	6855	42.8500364697301
A_HA_H3	56	6886	T	22	0	6862	42.1183328475663
A_HA_H3	57	6891	A	17	0	6823	35.4152132493038
A_HA_H3	58	6878	C	30	0	6864	37.1166958041958
A_HA_H3	59	6900	C	8	0	6894	35.0380040615028
A_HA_H3	60	6897	T	11	0	6877	36.4026465028355
A_HA_H3	61	6896	G	12	0	6888	35.7685830429733
A_HA_H3	62	6906	G	2	0	6878	37.9973829601628
A_HA_H3	63	6899	A	9	0	6877	39.5627453831613
A_HA_H3	64	6906	A	2	0	6890	49.6391872278665
A_HA_H3	65	6905	A	3	0	6877	50.5364257670496
A_HA_H3	66	6905	T	3	0	6881	44.3654992006976
A_HA_H3	67	6893	G	15	0	6809	38.5626376854164
A_HA_H3	68	6892	A	16	0	6838	36.0927171687628
A_HA_H3	69	6901	C	7	0	6882	36.6698634117989
A_HA_H3	70	6889	A	19	0	6841	31.725917263558
A_HA_H3	71	6897	A	11	0	6856	31.9756417736289
A_HA_H3	72	6896	T	12	0	6853	34.9020866773676
A_HA_H3	73	6865	A	43	0	6793	33.2448108346828
A_HA_H3	74	6863	G	45	0	6838	34.0058496636443
A_HA_H3	75	6885	C	23	0	6866	34.7200699097
A_HA_H3	76	6884	A	24	0	6849	34.1387063804935
A_HA_H3	77	6883	C	25	0	6857	36.7087647659326
A_HA_H3	78	6891	G	17	0	6826	30.5731028420744
A_HA_H3	79	6888	G	20	0	6873	30.4776662301761
A_HA_H3	80	6896	C	12	0	6877	32.0301003344482
A_HA_H3	81	6896	A	12	0	6866	33.4083891639965
A_HA_H3	82	6897	A	11	0	6879	40.7485099578427
A_HA_H3	83	6898	C	10	0	6866	39.9324206233615
A_HA_H3	84	6895	G	13	0	6871	38.3776742832193
A_HA_H3	85	6893	C	15	0	6875	41.0352
A_HA_H3	86	6890	T	18	0	6868	39.9044845661037
A_HA_H3	87	6885	G	23	0	6848	40.0698014018692
A_HA_H3	88	6892	T	16	0	6858	44.027850685331
A_HA_H3	89	6876	G	32	0	6865	40.2849235251275
A_HA_H3	90	6879	C	29	0	6871	41.3580264881386
A_HA_H3	91	6890	C	18	0	6867	39.5567205475462
A_HA_H3	92	6857	T	51	0	6822	41.8504837291117
A_HA_H3	93	6897	T	11	0	6853	38.5998832628046
A_HA_H3	94	6845	G	63	0	6747	32.4732473692011
A_HA_H3	95	6887	G	21	0	6839	34.9634449480918
A_HA_H3	96	6878	G	30	0	6834	36.7724612232953
A_HA_H3	97	6872	C	36	0	6801	39.1167475371269
A_HA_H3	98	6880	A	28	0	6809	34.7003965339991
A_HA_H3	99	6809	C	99	0	6725	33.083717472119
A_HA_H3	100	6881	C	27	0	6821	32.1633191614133
A_HA_H3	101	6877	A	31	0	6802	31.7227286092326
A_HA_H3	102	6881	T	27	0	6834	34.7509511267193
A_HA_H3	103	6870	G	38	0	6784	37.4668337264151
A_HA_H3	104	6886	C	22	0	6851	38.0643701649394
A_HA_H3	105	6899	A	9	0	6855	36.2997811816193
A_HA_H3	106	6865	G	43	0	6817	37.3824262872231
A_HA_H3	107	6892	T	16	0	6839	34.9739728030414
A_HA_H3	108	6891	A	17	0	6808	33.3539952996475
A_HA_H3	109	6867	C	41	0	6842	35.3877521192634
A_HA_H3	110	6905	C	3	0	6874	33.7871690427699
A_HA_H3	111	6894	A	14	0	6863	33.8075185778814
A_HA_H3	112	6903	A	5	0	6890	37.5378809869376
A_HA_H3	113	6904	A	4	0	6884	40.5229517722254
A_HA_H3	114	6903	C	5	0	6861	36.15303891561
A_HA_H3	115	6881	G	27	0	6815	33.4972853998533
A_HA_H3	116	6902	G	6	0	6839	33.6300628746893
A_HA_H3	117	6897	A	11	0	6873	33.0925360104758
A_HA_H3	118	6901	A	7	0	6879	34.5608373310074
A_HA_H3	119	6902	C	6	0	6884	37.0796048808832
A_HA_H3	120	6885	G	23	0	6674	30.4249325741684
A_HA_H3	121	6886	A	22	0	6865	29.9375091041515
A_HA_H3	122	6880	T	28	0	6852	30.2842965557501
A_HA_H3	123	6871	A	37	0	6797	29.7285567161983
A_HA_H3	124	6885	G	23	0	6854	34.0078786110301
A_HA_H3	125	6894	T	14	0	6847	33.8113042208266
A_HA_H3	126	6879	G	29	0	6857	32.9614991979
A_HA_H3	127	6869	A	39	0	6837	37.5853444493199
A_HA_H3	128	6900	A	8	0	6870	36.565211062591
A_HA_H3	129	6899	A	9	0	6882	44.6615809357745
A_HA_H3	130	6897	A	11	0	6874	42.7199592668024
A_HA_H3	131	6896	C	12	0	6873	42.9390368107086
A_HA_H3	132	6894	A	14	0	6821	32.3665151737282
A_HA_H3	133	6894	A	14	0	6869	31.7241228708691
A_HA_H3	134	6890	T	18	0	6864	32.5355477855478
A_HA_H3	135	6888	C	20	0	6798	31.1818181818182
A_HA_H3	136	6895	A	13	0	6812	35.1033470346447
A_HA_H3	137	6889	C	19	0	6875	36.4904727272727
A_HA_H3	138	6884	A	24	0	6828	33.577035735208
A_HA_H3	139	6903	A	5	0	6883	35.0809240156908
A_HA_H3	140	6904	A	4	0	6873	40.8959697366507
A_HA_H3	141	6904	T	4	0	6871	40.6603114539368
A_HA_H3	142	6888	G	19	0	6823	38.086325663198
A_HA_H3	143	6895	A	12	0	6866	37.2468686280221
A_HA_H3	144	6887	C	20	0	6828	38.3380199179848
A_HA_H3	145	6894	C	13	0	6870	34.8566229985444
A_HA_H3	146	6855	G	52	0	6688	29.8708133971292
A_HA_H3	147	6880	A	27	0	6853	29.6468699839486
A_HA_H3	148	6883	A	24	0	6857	29.4892810266881
A_HA_H3	149	6867	T	39	0	6833	30.2449875603688
A_HA_H3	150	6893	T	13	0	6861	40.6382451537677
A_HA_H3	151	6888	G	18	0	6839	35.1150753034069
A_HA_H3	152	6883	A	23	0	6861	39.0221542049264
A_HA_H3	153	6886	A	20	0	6870	38.983114992722
A_HA_H3	154	6880	G	26	0	6826	38.1842953413419
A_HA_H3	155	6870	T	35	0	6816	45.6261737089202
A_HA_H3	156	6880	T	25	0	6823	37.5834676828375
A_HA_H3	157	6879	A	26	0	6829	34.806999560697
A_HA_H3	158	6882	C	23	0	6806	35.7046723479283
A_HA_H3	159	6889	T	16	0	6829	35.2644603895153
A_HA_H3	160	6893	A	11	0	6861	33.3215274741291
A_HA_H3	161	6894	A	10	0	6876	33.9496800465387
A_HA_H3	162	6888	T	15	0	6864	38.1191724941725
A_HA_H3	163	6890	G	13	0	6843	36.452287008622
A_HA_H3	164	6892	C	11	0	6868	37.7194234129295
A_HA_H3	165	6899	T	4	0	6857	37.5270526469301
A_HA_H3	166	6878	A	25	0	6837	34.4137779727951
A_HA_H3	167	6875	C	27	0	6729	32.3669193045029
A_HA_H3	168	6880	T	20	0	6824	31.9725967174678
A_HA_H3	169	6868	G	32	0	6729	28.8973101500966
A_HA_H3	170	6875	A	24	0	6826	29.0048344564899
A_HA_H3	171	6860	G	39	0	6786	31.0131152372532
A_HA_H3	172	6866	T	33	0	6832	31.9860948477752
A_HA_H3	173	6875	T	24	0	6840	31.9309941520468
A_HA_H3	174	6871	G	27	0	6711	25.8402622559976
A_HA_H3	175	6878	G	20	0	6734	28.007128007128
A_HA_H3	176	6849	T	49	0	6802	28.9401646574537
A_HA_H3	177	6869	T	29	0	6799	28.1606118546845
A_HA_H3	178	6807	C	90	0	6601	26.7254961369489
A_HA_H3	179	6807	A	90	0	6737	27.6995695413389
A_HA_H3	180	6829	G	68	0	6763	26.5129380452462
A_HA_H3	181	6766	A	131	0	6736	26.6235154394299
A_HA_H3	182	6830	A	67	0	6776	28.8305785123967
A_HA_H3	183	6849	T	48	0	6709	29.9530481442838
A_HA_H3	184	6877	T	20	0	6839	29.2342447726276
A_HA_H3	185	6868	C	27	0	6769	28.7752991579258
A_HA_H3	186	6880	A	15	0	6837	30.0105309346204
A_HA_H3	187	6883	T	12	0	6859	34.3436360985566
A_HA_H3	188	6874	C	21	0	6756	30.5717880402605
A_HA_H3	189	6881	A	14	0	6785	29.8694178334562
A_HA_H3	190	6874	A	21	0	6847	30.4937929020009
A_HA_H3	191	6869	T	25	0	6836	30.5024868344061
A_HA_H3	192	6864	A	30	0	6571	30.4458986455638
A_HA_H3	193	6872	G	22	0	6727	31.3518656161736
A_HA_H3	194	6880	G	14	0	6840	30.0396198830409
A_HA_H3	195	6880	T	14	0	6841	32.1977781026166
A_HA_H3	196	6777	A	116	0	6678	35.4468403713687
A_HA_H3	197	6880	A	13	0	6794	36.6985575507801
A_HA_H3	198	6872	A	21	0	6817	42.7887633856535
A_HA_H3	199	6861	A	32	0	6787	40.197583615736
A_HA_H3	200	6854	T	39	0	6818	38.79847462599
A_HA_H3	201	6849	A	44	0	6684	33.9497307001795
A_HA_H3	202	6843	T	50	0	6812	33.8681738109219
A_HA_H3	203	6819	G	74	0	6676	31.4498202516477
A_HA_H3	204	6718	C	175	0	6609	30.1257376305039
A_HA_H3	205	6851	A	42	0	6796	29.625809299588
A_HA_H3	206	6881	A	12	0	6832	29.9536007025761
A_HA_H3	207	6882	C	11	0	6857	31.7162024208838
A_HA_H3	208	6863	A	30	0	6829	33.1033826328892
A_HA_H3	209	6846	G	46	0	6826	35.7106651040141
A_HA_H3	210	6846	T	46	0	6812	35.5229007633588
A_HA_H3	211	6797	C	95	0	6751	35.3834987409273
A_HA_H3	212	6849	C	43	0	6785	37.8613117170228
A_HA_H3	213	6871	T	21	0	6838	38.8183679438432
A_HA_H3	214	6875	C	17	0	6819	37.6225252969644
A_HA_H3	215	6880	A	12	0	6844	38.2754237288136
A_HA_H3	216	6883	T	9	0	6875	40.2574545454545
A_HA_H3	217	6868	C	23	0	6807	36.5504627589246
A_HA_H3	218	6869	A	21	0	6807	37.0329073013075
A_HA_H3	219	6847	G	42	0	6794	38.6327642037092
A_HA_H3	220	6881	A	8	0	6841	37.4073965794475
A_HA_H3	221	6875	T	14	0	6842	38.4294066062555
A_HA_H3	222	6861	C	28	0	6788	35.1291985857395
A_HA_H3	223	6865	C	24	0	6847	34.8450416240689
A_HA_H3	224	6808	T	81	0	6754	39.3131477642878
A_HA_H3	225	6863	T	26	0	6833	38.8419435094395
A_HA_H3	226	6868	G	21	0	6801	33.691074841935
A_HA_H3	227	6878	A	11	0	6851	34.2920741497592
A_HA_H3	228	6879	T	10	0	6858	38.2802566345873
A_HA_H3	229	6765	G	122	0	6700	34.715223880597
A_HA_H3	230	6801	G	86	0	6757	33.8545212372355
A_HA_H3	231	6805	A	82	0	6779	32.2433987313763
A_HA_H3	232	6631	G	256	0	6588	34.6103521554341
A_HA_H3	233	6851	G	34	0	6834	35.9348844015218
A_HA_H3	234	6857	G	27	0	6798	31.2555163283319
A_HA_H3	235	6848	A	36	0	6776	31.4800767414404
A_HA_H3	236	6868	A	16	0	6767	37.6948426185902
A_HA_H3	237	6870	C	14	0	6817	33.384333284436
A_HA_H3	238	6864	T	20	0	6821	34.2386746811318
A_HA_H3	239	6837	G	47	0	6758	33.0557857354247
A_HA_H3	240	6793	C	91	0	6741	33.4733719032784
A_HA_H3	241	6809	A	75	0	6705	32.6426547352722
A_HA_H3	242	6852	C	32	0	6811	32.828512700044
A_HA_H3	243	6840	A	43	0	6678	36.0563042827194
A_HA_H3	244	6853	C	30	0	6800	36.0672058823529
A_HA_H3	245	6849	T	34	0	6794	31.8673829849868
A_HA_H3	246	6850	A	31	0	6675	30.7444194756554
A_HA_H3	247	6856	A	25	0	6824	33.0643317702227
A_HA_H3	248	6854	T	26	0	6811	34.9196887388049
A_HA_H3	249	6832	A	48	0	6609	33.4333484642155
A_HA_H3	250	6836	G	43	0	6670	33.3293853073463
A_HA_H3	251	6850	A	29	0	6817	31.4500513422327
A_HA_H3	252	6851	T	28	0	6781	32.4053974340068
A_HA_H3	253	6821	G	58	0	6722	31.7163046712288
A_HA_H3	254	6783	C	96	0	6700	32.6431343283582
A_HA_H3	255	6824	T	55	0	6768	32.9943853427896
A_HA_H3	256	6833	C	45	0	6638	31.0192829165411
A_HA_H3	257	6790	T	88	0	6731	31.9881146932105
A_HA_H3	258	6725	A	153	0	6659	28.9860339390299
A_HA_H3	259	6826	T	52	0	6689	28.8712812079534
A_HA_H3	260	6845	T	31	0	6807	28.8967239606288
A_HA_H3	261	6555	G	320	0	6470	26.0548686244204
A_HA_H3	262	6817	G	58	0	6777	27.2453888151099
A_HA_H3	263	6852	G	23	0	6809	29.2534880305478
A_HA_H3	264	6846	G	28	0	6798	42.7119741100324
A_HA_H3	265	6828	G	46	0	6704	39.9594272076372
A_HA_H3	266	6811	A	63	0	6742	35.0421239988134
A_HA_H3	267	6805	C	69	0	6710	31.5321907600596
A_HA_H3	268	6836	C	38	0	6756	30.4074896388396
A_HA_H3	269	6843	C	31	0	6763	31.4954901670856
A_HA_H3	270	6829	T	45	0	6781	36.4624686624392
A_HA_H3	271	6812	C	62	0	6542	28.8471415469275
A_HA_H3	272	6842	A	32	0	6786	27.2851458885942
A_HA_H3	273	6831	G	43	0	6793	28.1999116737818
A_HA_H3	274	6839	T	35	0	6760	29.3769230769231
A_HA_H3	275	6867	G	7	0	6853	34.2315774113527
A_HA_H3	276	6864	T	10	0	6819	51.1010412083883
A_HA_H3	277	6864	G	10	0	6788	42.5156157925751
A_HA_H3	278	6868	A	6	0	6840	37.4868421052632
A_HA_H3	279	6861	C	13	0	6827	34.4507104145305
A_HA_H3	280	6859	G	14	0	6796	29.8821365509123
A_HA_H3	281	6862	G	11	0	6850	29.9560583941606
A_HA_H3	282	6858	C	15	0	6836	30.0466647162083
A_HA_H3	283	6819	T	54	0	6784	31.1782134433962
A_HA_H3	284	6859	T	13	0	6836	41.0722644821533
A_HA_H3	285	6860	T	12	0	6843	39.8152856934093
A_HA_H3	286	6759	C	113	0	6700	33.265223880597
A_HA_H3	287	6813	A	59	0	6723	32.9535921463632
A_HA_H3	288	6832	G	38	0	6768	31.5078309692671
A_HA_H3	289	6768	A	101	0	6678	31.5428271937706
A_HA_H3	290	6829	A	40	0	6773	33.0125498302082
A_HA_H3	291	6830	T	39	0	6767	31.4923895374612
A_HA_H3	292	6828	A	41	0	6755	30.1249444855662
A_HA_H3	293	6826	A	42	0	6775	30.8050184501845
A_HA_H3	294	6828	G	40	0	6804	31.0380658436214
A_HA_H3	295	6833	G	35	0	6735	31.4433556050483
A_HA_H3	296	6834	A	33	0	6791	31.981151524076
A_HA_H3	297	6859	A	5	0	6838	37.0193038900263
A_HA_H3	298	6854	T	9	0	6834	33.7906057945566
A_HA_H3	299	6817	G	46	0	6738	32.4948055802909
A_HA_H3	300	6847	G	16	0	6822	34.4731750219877
A_HA_H3	301	6856	G	7	0	6779	32.0104735211683
A_HA_H3	302	6854	A	9	0	6807	33.4667254297047
A_HA_H3	303	6836	C	27	0	6755	31.9282013323464
A_HA_H3	304	6832	C	31	0	6669	27.8729944519418
A_HA_H3	305	6584	T	279	0	6445	26.2372381691234
A_HA_H3	306	6816	T	47	0	6761	28.8003253956515
A_HA_H3	307	6839	T	24	0	6812	32.9437756899589
A_HA_H3	308	6826	T	35	0	6791	33.9250478574584
A_HA_H3	309	6812	T	49	0	6790	34.8232695139912
A_HA_H3	310	6797	G	64	0	6737	30.2515956657266
A_HA_H3	311	6843	T	18	0	6785	29.941488577745
A_HA_H3	312	6849	T	12	0	6778	29.5157863676601
A_HA_H3	313	6846	G	15	0	6758	27.7033145901154
A_HA_H3	314	6847	A	14	0	6828	29.3374340949033
A_HA_H3	315	6849	A	12	0	6818	32.4156644177178
A_HA_H3	316	6846	C	15	0	6805	31.4961058045555
A_HA_H3	317	6828	G	33	0	6549	28.762101084135
A_HA_H3	318	6790	A	72	0	6743	28.408126946463
A_HA_H3	319	6825	A	37	0	6787	28.4714896124945
A_HA_H3	320	6818	G	44	0	6795	30.6403237674761
A_HA_H3	321	6841	C	21	0	6816	37.4182805164319
A_HA_H3	322	6827	A	35	0	6792	33.7124558303887
A_HA_H3	323	6823	G	39	0	6782	33.502801533471
A_HA_H3	324	6847	A	15	0	6818	34.0212672337929
A_HA_H3	325	6833	G	28	0	6807	33.6897311591009
A_HA_H3	326	6835	C	26	0	6824	36.5279894490035
A_HA_H3	327	6849	C	12	0	6826	35.481101670085
A_HA_H3	328	6840	A	20	0	6808	35.6346944770858
A_HA_H3	329	6846	A	13	0	6802	36.2602175830638
A_HA_H3	330	6825	C	34	0	6808	37.9494712103408
A_HA_H3	331	6825	A	33	0	6775	38.0544649446494
A_HA_H3	332	6823	G	35	0	6778	39.233402183535
A_HA_H3	333	6846	C	12	0	6823	39.1355708632566
A_HA_H3	334	6843	A	15	0	6811	35.7749229188078
A_HA_H3	335	6842	G	15	0	6823	36.7036494210758
A_HA_H3	336	6840	C	14	0	6822	37.6027557900909
A_HA_H3	337	6815	T	38	0	6788	38.0487625220978
A_HA_H3	338	6828	G	24	0	6781	36.1589736027135
A_HA_H3	339	6807	T	45	0	6757	38.1969809086873
A_HA_H3	340	6833	T	19	0	6808	35.3891010575793
A_HA_H3	341	6819	A	32	0	6797	33.5946741209357
A_HA_H3	342	6812	C	39	0	6799	35.1088395352258
A_HA_H3	343	6826	C	25	0	6809	37.2310177705977
A_HA_H3	344	6823	C	28	0	6751	32.6948600207377
A_HA_H3	345	6820	T	31	0	6759	43.3410267791093
A_HA_H3	346	6835	T	16	0	6800	35.8817647058824
A_HA_H3	347	6833	A	18	0	6802	28.9660394001764
A_HA_H3	348	6835	T	16	0	6732	31.0023767082591
A_HA_H3	349	6831	G	20	0	6718	32.512057159869
A_HA_H3	350	6839	A	12	0	6817	33.6910664515183
A_HA_H3	351	6788	T	62	0	6761	36.8562342848691
A_HA_H3	352	6787	G	63	0	6765	36.5028824833703
A_HA_H3	353	6818	T	32	0	6735	39.0203414996288
A_HA_H3	354	6801	G	49	0	6741	35.6512386886219
A_HA_H3	355	6808	C	42	0	6790	36.4415316642121
A_HA_H3	356	6819	C	31	0	6768	30.5298463356974
A_HA_H3	357	6798	G	52	0	6727	28.7903969079828
A_HA_H3	358	6813	G	37	0	6719	30.2972168477452
A_HA_H3	359	6807	A	43	0	6763	29.9058110306077
A_HA_H3	360	6816	T	34	0	6762	35.3663117420881
A_HA_H3	361	6838	T	11	0	6769	35.0313192495199
A_HA_H3	362	6840	A	9	0	6798	32.1463665784054
A_HA_H3	363	6838	T	9	0	6767	32.6948426185902
A_HA_H3	364	6832	G	15	0	6809	32.293582023792
A_HA_H3	365	6816	C	31	0	6790	31.2081001472754
A_HA_H3	366	6834	C	11	0	6808	31.822267920094
A_HA_H3	367	6838	T	7	0	6805	31.6077883908891
A_HA_H3	368	6800	C	45	0	6726	30.0200713648528
A_HA_H3	369	6829	C	16	0	6818	32.4510120269874
A_HA_H3	370	6810	C	35	0	6761	30.9923088300547
A_HA_H3	371	6730	T	115	0	6652	35.8346361996392
A_HA_H3	372	6824	T	21	0	6786	32.27969348659
A_HA_H3	373	6829	A	15	0	6799	26.1847330489778
A_HA_H3	374	6830	G	14	0	6803	27.7473173599882
A_HA_H3	375	6834	G	10	0	6816	32.2771420187793
A_HA_H3	376	6832	T	11	0	6800	35.6169117647059
A_HA_H3	377	6830	C	13	0	6773	37.8842462719622
A_HA_H3	378	6831	A	12	0	6769	37.9033830698774
A_HA_H3	379	6831	C	10	0	6808	37.7955346650999
A_HA_H3	380	6819	T	21	0	6762	35.053090801538
A_HA_H3	381	6821	A	19	0	6689	31.513380176409
A_HA_H3	382	6829	G	11	0	6762	30.941289559302
A_HA_H3	383	6829	T	11	0	6789	30.8382677861246
A_HA_H3	384	6792	T	48	0	6731	31.2522656366067
A_HA_H3	385	6754	G	84	0	6643	31.0734607857896
A_HA_H3	386	6798	C	40	0	6785	32.5112748710391
A_HA_H3	387	6810	C	28	0	6779	31.5025815016964
A_HA_H3	388	6804	T	33	0	6768	31.5734338061466
A_HA_H3	389	6825	C	12	0	6732	32.3621509209745
A_HA_H3	390	6828	A	8	0	6790	31.1522827687776
A_HA_H3	391	6829	T	6	0	6803	33.1270027928855
A_HA_H3	392	6800	C	34	0	6694	31.4396474454736
A_HA_H3	393	6820	C	14	0	6773	31.6645504207884
A_HA_H3	394	6814	G	20	0	6789	29.9905729857122
A_HA_H3	395	6821	G	13	0	6793	30.6140144266156
A_HA_H3	396	6820	A	14	0	6788	31.5297583971715
A_HA_H3	397	6831	A	3	0	6802	32.7328726845046
A_HA_H3	398	6828	C	4	0	6810	33.613362701909
A_HA_H3	399	6818	A	12	0	6774	29.3666961913198
A_HA_H3	400	6809	C	21	0	6797	30.0283948800942
A_HA_H3	401	6816	T	12	0	6771	29.8827351942106
A_HA_H3	402	6316	G	511	0	6091	26.3040551633558
A_HA_H3	403	6803	G	24	0	6590	23.5297420333839
A_HA_H3	404	6803	A	23	0	6731	22.6164017233695
A_HA_H3	405	6770	G	56	0	6706	22.9415448851775
A_HA_H3	406	5830	T	996	0	5656	25.8785360678925
A_HA_H3	407	6700	T	126	0	6598	24.964383146408
A_HA_H3	408	6794	T	32	0	6737	24.412943446638
A_HA_H3	409	6759	A	66	0	6710	22.3482861400894
A_HA_H3	410	6800	A	25	0	6772	27.7451269935027
A_HA_H3	411	6815	A	10	0	6771	30.8735784965293
A_HA_H3	412	6805	G	20	0	6722	34.0484974709908
A_HA_H3	413	6804	A	21	0	6752	32.2274881516588
A_HA_H3	414	6815	T	10	0	6776	32.922373081464
A_HA_H3	415	6794	G	30	0	6643	30.5952130061719
A_HA_H3	416	6780	A	44	0	6746	31.2158316039134
A_HA_H3	417	6802	A	22	0	6778	32.8039244614931
A_HA_H3	418	6808	A	16	0	6786	37.0658709106985
A_HA_H3	419	6799	G	25	0	6731	36.1198930322389
A_HA_H3	420	6773	C	51	0	6708	32.7185450208706
A_HA_H3	421	6727	T	97	0	6679	31.631831112442
A_HA_H3	422	6753	T	71	0	6650	30.6409022556391
A_HA_H3	423	6762	C	62	0	6656	27.6993689903846
A_HA_H3	424	6743	A	81	0	6522	25.5202391904324
A_HA_H3	425	6805	A	19	0	6762	24.9100857734398
A_HA_H3	426	6794	T	30	0	6739	23.8018993916011
A_HA_H3	427	6805	T	19	0	6761	25.9868362668244
A_HA_H3	428	6757	G	66	0	6443	25.7476330901754
A_HA_H3	429	6797	G	26	0	6575	24.9577186311787
A_HA_H3	430	6799	A	24	0	6767	25.4981528003547
A_HA_H3	431	6466	C	357	0	6396	26.9083802376485
A_HA_H3	432	6492	C	330	0	6332	26.7229943145925
A_HA_H3	433	6332	G	489	0	6208	25.2846327319588
A_HA_H3	434	6543	G	278	0	6370	25.238147566719
A_HA_H3	435	6603	A	218	0	6510	24.9643625192012
A_HA_H3	436	6608	G	213	0	6250	27.36736
A_HA_H3	437	6736	T	85	0	6620	26.1959214501511
A_HA_H3	438	6607	C	214	0	6248	25.5779449423816
A_HA_H3	439	6603	A	218	0	6448	24.978753101737
A_HA_H3	440	6784	A	37	0	6744	26.1731909845789
A_HA_H3	441	6787	A	35	0	6615	28.5268329554044
A_HA_H3	442	6788	C	34	0	6600	29.2959090909091
A_HA_H3	443	6714	A	108	0	6473	27.4206704773675
A_HA_H3	444	6803	A	19	0	6729	27.5161242383712
A_HA_H3	445	6805	A	17	0	6787	28.4968321791661
A_HA_H3	446	6794	A	27	0	6763	34.5151559958598
A_HA_H3	447	6781	C	40	0	6725	33.5561338289963
A_HA_H3	448	6544	G	275	0	6135	28.4490627546862
A_HA_H3	449	6683	G	136	0	6282	27.7500795924865
A_HA_H3	450	6761	A	57	0	6731	26.7866587431288
A_HA_H3	451	6780	A	37	0	6703	28.9612113978815
A_HA_H3	452	6781	C	35	0	6523	31.5572589299402
A_HA_H3	453	6717	A	99	0	6557	29.5592496568553
A_HA_H3	454	6603	A	211	0	6510	29.4408602150538
A_HA_H3	455	6595	G	217	0	6251	29.0817469204927
A_HA_H3	456	6744	T	68	0	6628	29.3512371756186
A_HA_H3	457	6760	T	51	0	6632	28.4583835946924
A_HA_H3	458	6743	C	68	0	6493	24.5470506699523
A_HA_H3	459	6754	T	57	0	6715	26.7560685033507
A_HA_H3	460	6471	G	340	0	6281	26.7478108581436
A_HA_H3	461	6686	C	125	0	6553	26.2498092476728
A_HA_H3	462	6765	G	46	0	6607	24.8610564552747
A_HA_H3	463	6773	T	37	0	6736	24.5430522565321
A_HA_H3	464	6720	G	90	0	6608	26.0290556900726
A_HA_H3	465	6727	C	83	0	6614	27.5831569398246
A_HA_H3	466	6588	A	222	0	6513	28.7125748502994
A_HA_H3	467	6780	A	30	0	6719	27.4467926774818
A_HA_H3	468	6794	A	15	0	6774	29.1674047829938
A_HA_H3	469	6771	A	35	0	6734	33.1692901692902
A_HA_H3	470	6730	G	76	0	6712	33.0055125148987
A_HA_H3	471	6790	G	14	0	6775	32.0366051660517
A_HA_H3	472	6793	G	11	0	6722	33.4009223445403
A_HA_H3	473	6794	G	10	0	6722	36.7308836655757
A_HA_H3	474	6791	A	11	0	6743	33.1873053537001
A_HA_H3	475	6773	T	29	0	6735	32.4859688195991
A_HA_H3	476	6754	C	46	0	6584	31.76609963548
A_HA_H3	477	6748	T	51	0	6671	32.9192025183631
A_HA_H3	478	6745	A	53	0	6497	30.6984762197938
A_HA_H3	479	6752	G	45	0	6607	30.760405630392
A_HA_H3	480	6752	T	45	0	6645	31.820015048909
A_HA_H3	481	6764	A	33	0	6562	30.5336787564767
A_HA_H3	482	6757	G	39	0	6622	30.6061612805799
A_HA_H3	483	6741	T	54	0	6683	31.7429298219363
A_HA_H3	484	6744	A	51	0	6657	31.5859996995644
A_HA_H3	485	6743	G	52	0	6700	32.649552238806
A_HA_H3	486	5146	T	1649	0	5095	34.5348380765456
A_HA_H3	487	6325	T	470	0	6278	30.6436763300414
A_HA_H3	488	6507	T	288	0	6450	28.9167441860465
A_HA_H3	489	6692	T	102	0	6635	28.0961567445366
A_HA_H3	490	6782	T	10	0	6690	30.170553064275
A_HA_H3	491	6779	T	12	0	6663	31.4442443343839
A_HA_H3	492	6767	T	22	0	6527	32.3739849854451
A_HA_H3	493	6756	A	33	0	6562	27.1174946662603
A_HA_H3	494	6670	G	119	0	6514	26.4266195885784
A_HA_H3	495	6716	T	73	0	6604	26.4188370684434
A_HA_H3	496	6715	A	74	0	6645	27.6782543265613
A_HA_H3	497	6721	G	68	0	6603	28.0084809934878
A_HA_H3	498	6749	A	40	0	6706	27.842827318819
A_HA_H3	499	6739	T	50	0	6675	28.8720599250936
A_HA_H3	500	6766	T	23	0	6724	29.0991969066032
A_HA_H3	501	6734	A	55	0	6678	29.1395627433363
A_HA_H3	502	6781	A	7	0	6761	30.1834048217719
A_HA_H3	503	6778	A	10	0	6751	30.9951118352837
A_HA_H3	504	6770	T	18	0	6746	30.3204862140528
A_HA_H3	505	6775	T	12	0	6736	33.7161520190024
A_HA_H3	506	6764	G	21	0	6676	31.0651587777112
A_HA_H3	507	6771	G	14	0	6728	30.9900416171225
A_HA_H3	508	6739	T	46	0	6693	32.1069774391155
A_HA_H3	509	6764	T	21	0	6721	30.9251599464365
A_HA_H3	510	6734	G	51	0	6587	29.7214209807196
A_HA_H3	511	6756	A	29	0	6707	29.1236022066498
A_HA_H3	512	6755	C	30	0	6701	29.6675123115953
A_HA_H3	513	6768	C	17	0	6710	28.071087928465
A_HA_H3	514	6766	A	19	0	6702	29.6051924798568
A_HA_H3	515	6713	G	72	0	6656	28.3270733173077
A_HA_H3	516	6764	C	21	0	6710	28.4365126676602
A_HA_H3	517	6733	T	52	0	6692	28.4127316198446
A_HA_H3	518	6763	T	22	0	6698	28.0468796655718
A_HA_H3	519	6734	A	50	0	6677	27.5402126703609
A_HA_H3	520	6742	A	42	0	6719	29.2271171305254
A_HA_H3	521	6746	A	38	0	6718	31.0013396844299
A_HA_H3	522	6743	C	41	0	6714	31.218200774501
A_HA_H3	523	6764	A	20	0	6686	29.9621597367634
A_HA_H3	524	6771	A	13	0	6743	29.0547234168768
A_HA_H3	525	6771	C	13	0	6750	29.5927407407407
A_HA_H3	526	6694	A	89	0	6645	29.7869074492099
A_HA_H3	527	6690	T	93	0	6676	29.6258238466147
A_HA_H3	528	6771	A	12	0	6732	29.3663101604278
A_HA_H3	529	6771	T	10	0	6754	36.2511104530649
A_HA_H3	530	6762	A	15	0	6730	53.3426448736999
A_HA_H3	531	6767	T	10	0	6743	38.007266795195
A_HA_H3	532	6740	C	37	0	6719	30.8455127251079
A_HA_H3	533	6762	C	15	0	6734	32.3008613008613
A_HA_H3	534	6767	A	10	0	6723	31.0971292577718
A_HA_H3	535	6756	G	21	0	6731	33.1507948298915
A_HA_H3	536	6739	C	36	0	6731	32.8004754122716
A_HA_H3	537	6741	A	34	0	6717	31.1698675003722
A_HA_H3	538	6750	C	24	0	6732	32.6571598336304
A_HA_H3	539	6634	A	140	0	6616	29.837061668682
A_HA_H3	540	6614	G	157	0	6539	26.7525615537544
A_HA_H3	541	6750	A	21	0	6686	25.3863296440323
A_HA_H3	542	6760	A	10	0	6717	26.5063272294179
A_HA_H3	543	6756	C	13	0	6720	24.9892857142857
A_HA_H3	544	6754	G	13	0	6672	24.7549460431655
A_HA_H3	545	6750	T	17	0	6720	25.1755952380952
A_HA_H3	546	6752	G	14	0	6708	25.6532498509243
A_HA_H3	547	6750	A	15	0	6680	26.9802395209581
A_HA_H3	548	6752	C	10	0	6699	30.8749067024929
A_HA_H3	549	6749	T	13	0	6500	30.7184615384615
A_HA_H3	550	6747	A	15	0	6713	30.1866527632951
A_HA_H3	551	6754	T	8	0	6729	31.4438995393075
A_HA_H3	552	6746	G	16	0	6725	31.2747955390335
A_HA_H3	553	6695	C	67	0	6672	33.1196043165468
A_HA_H3	554	6737	C	24	0	6691	32.7665520848902
A_HA_H3	555	6671	A	90	0	6614	30.449349863925
A_HA_H3	556	6731	A	29	0	6699	31.2319749216301
A_HA_H3	557	6738	A	22	0	6695	31.4253920836445
A_HA_H3	558	6744	C	16	0	6715	29.9581533879375
A_HA_H3	559	6728	A	32	0	6693	30.2430897953085
A_HA_H3	560	6724	A	35	0	6699	28.6877145842663
A_HA_H3	561	6706	G	53	0	6684	28.9799521244764
A_HA_H3	562	6732	G	27	0	6700	27.7498507462687
A_HA_H3	563	6718	A	40	0	6565	28.5105864432597
A_HA_H3	564	6741	A	17	0	6708	29.5557543231962
A_HA_H3	565	6730	C	28	0	6686	28.0635656595872
A_HA_H3	566	6722	A	35	0	6677	26.6989666017673
A_HA_H3	567	6723	A	34	0	6680	25.9011976047904
A_HA_H3	568	6649	T	108	0	6602	25.3273250530142
A_HA_H3	569	6732	T	24	0	6700	26.1637313432836
A_HA_H3	570	6733	T	23	0	6655	28.6202854996243
A_HA_H3	571	6707	G	49	0	6639	26.9498418436512
A_HA_H3	572	6723	A	33	0	6701	28.9359797045217
A_HA_H3	573	6719	C	37	0	6655	30.3176558978212
A_HA_H3	574	6726	A	29	0	6684	26.9154697785757
A_HA_H3	575	6738	A	17	0	6701	26.9388151022236
A_HA_H3	576	6733	A	22	0	6685	26.618698578908
A_HA_H3	577	6719	T	36	0	6665	28.3227306826707
A_HA_H3	578	6721	T	34	0	6617	30.2986247544204
A_HA_H3	579	6717	G	37	0	6629	27.4868004223865
A_HA_H3	580	6710	T	44	0	6619	28.0765976733646
A_HA_H3	581	6714	A	40	0	6657	27.1909268439237
A_HA_H3	582	6716	C	36	0	6675	27.0501872659176
A_HA_H3	583	6712	A	39	0	6604	25.7715021199273
A_HA_H3	584	6674	T	77	0	6584	26.2305589307412
A_HA_H3	585	6725	T	25	0	6711	26.0637758903293
A_HA_H3	586	6706	T	43	0	6657	27.2247258524861
A_HA_H3	587	6071	G	677	0	6009	24.4734564819437
A_HA_H3	588	6569	G	179	0	6500	24.6887692307692
A_HA_H3	589	6700	G	42	0	6604	24.7483343428225
A_HA_H3	590	6711	G	31	0	6603	29.6238073602908
A_HA_H3	591	6665	G	77	0	6468	29.3692022263451
A_HA_H3	592	6629	G	113	0	6515	25.6463545663853
A_HA_H3	593	6612	T	130	0	6465	24.4666666666667
A_HA_H3	594	6687	T	55	0	6553	24.4939722264612
A_HA_H3	595	6689	C	52	0	6416	24.1000623441397
A_HA_H3	596	6704	A	37	0	6627	23.3363512901766
A_HA_H3	597	6720	T	20	0	6665	24.5174793698425
A_HA_H3	598	6707	C	33	0	6075	22.1688888888889
A_HA_H3	599	6716	A	24	0	6576	21.4481447688564
A_HA_H3	600	6710	T	30	0	6628	21.4832528666264
A_HA_H3	601	6666	C	73	0	6508	21.8214505224339
A_HA_H3	602	6697	C	42	0	6562	24.4777506857665
A_HA_H3	603	6638	G	100	0	6513	25.1142330723169
A_HA_H3	604	6686	G	52	0	6473	26.2331221999073
A_HA_H3	605	6723	A	15	0	6697	25.2737046438704
A_HA_H3	606	6709	T	29	0	6611	27.5333535017395
A_HA_H3	607	6651	A	87	0	6551	28.2561441001374
A_HA_H3	608	6532	C	206	0	6398	25.9456080025008
A_HA_H3	609	6593	G	144	0	6412	23.402370555209
A_HA_H3	610	6628	G	109	0	6536	22.7607099143207
A_HA_H3	611	6651	A	86	0	6595	22.4852160727824
A_HA_H3	612	6653	C	84	0	6506	24.0545650169075
A_HA_H3	613	6613	A	124	0	6476	26.0010809141445
A_HA_H3	614	6472	A	265	0	6425	24.9744747081712
A_HA_H3	615	6439	G	295	0	6230	23.8595505617978
A_HA_H3	616	6533	A	200	0	6226	24.7690330870543
A_HA_H3	617	6688	A	45	0	6607	25.0578174663236
A_HA_H3	618	6685	C	47	0	6626	23.4049200120736
A_HA_H3	619	6708	C	24	0	6478	24.0158999691263
A_HA_H3	620	6683	A	49	0	6502	24.8912642263919
A_HA_H3	621	6707	A	25	0	6646	24.8689437255492
A_HA_H3	622	6684	T	47	0	6563	24.2943775712327
A_HA_H3	623	6699	T	29	0	6642	25.2616681722373
A_HA_H3	624	6686	C	42	0	6612	25.0101330913491
A_HA_H3	625	6696	T	32	0	6647	26.752670377614
A_HA_H3	626	6451	C	276	0	6214	26.3609591245574
A_HA_H3	627	6712	C	14	0	6685	25.0011967090501
A_HA_H3	628	6704	C	21	0	6679	26.5981434346459
A_HA_H3	629	6663	T	61	0	6615	24.7968253968254
A_HA_H3	630	6687	G	37	0	6671	28.4542047669015
A_HA_H3	631	6557	T	167	0	6521	28.1985891734397
A_HA_H3	632	6682	T	42	0	6644	27.2795003010235
A_HA_H3	633	6694	T	30	0	6618	26.9691749773345
A_HA_H3	634	6673	G	50	0	6627	25.34148181681
A_HA_H3	635	6684	C	39	0	6648	27.8546931407942
A_HA_H3	636	6704	T	18	0	6683	28.009426904085
A_HA_H3	637	6679	C	42	0	6566	26.1882424611636
A_HA_H3	638	6702	A	19	0	6601	25.7859415240115
A_HA_H3	639	6708	A	13	0	6670	26.4155922038981
A_HA_H3	640	6711	T	10	0	6695	26.5253174010456
A_HA_H3	641	6684	C	37	0	6570	26.0485540334855
A_HA_H3	642	6709	A	12	0	6612	25.3909558378705
A_HA_H3	643	6707	T	13	0	6658	25.3332832682487
A_HA_H3	644	6650	C	68	0	6551	24.76049458098
A_HA_H3	645	6619	A	99	0	6579	24.2582459340325
A_HA_H3	646	6615	G	102	0	6601	25.6314194818967
A_HA_H3	647	6669	G	47	0	6653	26.6356530888321
A_HA_H3	648	6652	A	64	0	6632	27.16541013269
A_HA_H3	649	6695	A	21	0	6667	29.7346632668367
A_HA_H3	650	6692	G	23	0	6627	28.4777425682813
A_HA_H3	651	6620	A	95	0	6595	28.185746777862
A_HA_H3	652	6692	A	23	0	6651	27.530897609382
A_HA_H3	653	6699	T	16	0	6644	26.1624021673691
A_HA_H3	654	6689	C	25	0	6624	26.1275664251208
A_HA_H3	655	6688	A	25	0	6604	26.7899757722592
A_HA_H3	656	6685	C	28	0	6653	27.4101908913272
A_HA_H3	657	6680	A	33	0	6564	27.5670322973796
A_HA_H3	658	6640	G	73	0	6553	26.4990080878987
A_HA_H3	659	6641	T	72	0	6542	25.3550901864873
A_HA_H3	660	6675	A	37	0	6607	24.6426517330104
A_HA_H3	661	6628	T	84	0	6567	24.3302878026496
A_HA_H3	662	6646	C	63	0	6559	23.9230065558774
A_HA_H3	663	6660	T	49	0	6587	24.6339760133596
A_HA_H3	664	6639	A	70	0	6582	24.8223944089942
A_HA_H3	665	6651	C	57	0	6630	26.352036199095
A_HA_H3	666	6673	C	35	0	6624	28.0628019323672
A_HA_H3	667	6524	A	184	0	6491	27.606224002465
A_HA_H3	668	6690	A	18	0	6655	29.1301277235162
A_HA_H3	669	6682	A	25	0	6668	30.0112477504499
A_HA_H3	670	6669	A	38	0	6624	31.6127717391304
A_HA_H3	671	6660	G	47	0	6623	30.9926015400876
A_HA_H3	672	6679	A	28	0	6650	30.4443609022556
A_HA_H3	673	6667	A	39	0	6646	29.9805898284683
A_HA_H3	674	6645	G	61	0	6600	29.5889393939394
A_HA_H3	675	6667	C	39	0	6636	30.4823688969259
A_HA_H3	676	6685	C	20	0	6636	29.9383664858348
A_HA_H3	677	6668	A	36	0	6603	29.8384067847948
A_HA_H3	678	6684	A	18	0	6657	30.8439236893496
A_HA_H3	679	6689	C	13	0	6662	30.6556589612729
A_HA_H3	680	6681	A	21	0	6645	29.5519939804364
A_HA_H3	681	6680	A	21	0	6656	29.0524338942308
A_HA_H3	682	6666	G	33	0	6638	28.5893341367882
A_HA_H3	683	6674	C	24	0	6643	29.1488785187415
A_HA_H3	684	6670	T	27	0	6639	30.4365115228197
A_HA_H3	685	6665	G	31	0	6628	30.5336451418226
A_HA_H3	686	6673	T	23	0	6634	29.2319867350015
A_HA_H3	687	6653	A	43	0	6616	27.65946191052
A_HA_H3	688	6671	A	24	0	6639	26.9950293718934
A_HA_H3	689	6672	T	22	0	6644	27.2004816375677
A_HA_H3	690	6630	C	63	0	6563	28.8432119457565
A_HA_H3	691	6683	C	9	0	6637	30.5365375922857
A_HA_H3	692	6678	C	14	0	6596	31.2628865979381
A_HA_H3	693	6615	A	77	0	6540	29.9946483180428
A_HA_H3	694	6674	A	18	0	6647	29.698811493907
A_HA_H3	695	6659	A	33	0	6636	28.6127185051236
A_HA_H3	696	6649	T	40	0	6611	28.6655574043261
A_HA_H3	697	6671	A	18	0	6643	28.7114255607406
A_HA_H3	698	6619	T	69	0	6604	29.6733797698365
A_HA_H3	699	5885	C	801	0	5782	24.4012452438603
A_HA_H3	700	6513	G	171	0	6409	21.6745202059604
A_HA_H3	701	6638	G	46	0	6517	21.1859751419365
A_HA_H3	702	6656	A	28	0	6613	21.3158929381521
A_HA_H3	703	6646	T	38	0	6573	24.579948273239
A_HA_H3	704	6581	C	101	0	6352	25.687814861461
A_HA_H3	705	6607	T	75	0	6492	25.0004621072089
A_HA_H3	706	6593	A	89	0	6534	23.9845423936333
A_HA_H3	707	6618	G	64	0	6361	23.1342556201855
A_HA_H3	708	6657	A	25	0	6613	23.7996370784818
A_HA_H3	709	6537	C	145	0	6484	25.6744293645898
A_HA_H3	710	6654	C	28	0	6601	25.8710801393728
A_HA_H3	711	6648	C	33	0	6513	28.4219253800092
A_HA_H3	712	6619	A	62	0	6570	28.3284627092846
A_HA_H3	713	6544	G	137	0	6515	27.7688411358404
A_HA_H3	714	6641	A	40	0	6605	26.1442846328539
A_HA_H3	715	6656	G	25	0	6616	25.6487303506651
A_HA_H3	716	6633	T	48	0	6579	24.0530475756194
A_HA_H3	717	6648	A	33	0	6623	23.4479842971463
A_HA_H3	718	6661	A	20	0	6648	23.0917569193742
A_HA_H3	719	6644	G	37	0	6615	23.3443688586546
A_HA_H3	720	6670	G	11	0	6647	27.4784113133745
A_HA_H3	721	6671	G	9	0	6636	28.2106690777577
A_HA_H3	722	6671	A	9	0	6646	29.1126993680409
A_HA_H3	723	6670	T	10	0	6642	27.6666666666667
A_HA_H3	724	6674	A	6	0	6664	27.3844537815126
A_HA_H3	725	6673	T	7	0	6656	27.3948317307692
A_HA_H3	726	6588	C	91	0	6538	27.4129703273172
A_HA_H3	727	6671	C	6	0	6661	29.4706500525447
A_HA_H3	728	6665	C	11	0	6637	29.3817990055748
A_HA_H3	729	6641	T	35	0	6621	29.9578613502492
A_HA_H3	730	6614	A	61	0	6564	26.5079219987812
A_HA_H3	731	6609	G	66	0	6556	25.3006406345333
A_HA_H3	732	6646	C	29	0	6622	26.732407127756
A_HA_H3	733	6641	A	33	0	6601	28.7979094076655
A_HA_H3	734	6653	G	21	0	6603	27.9074663031955
A_HA_H3	735	6606	A	67	0	6580	28.8168693009119
A_HA_H3	736	6657	A	12	0	6622	28.4389912413168
A_HA_H3	737	6656	T	13	0	6627	26.0970273125094
A_HA_H3	738	6644	A	24	0	6618	25.7141130250831
A_HA_H3	739	6646	A	22	0	6622	26.2366354575657
A_HA_H3	740	6545	G	122	0	6507	26.3508529276164
A_HA_H3	741	6637	C	29	0	6590	28.1414264036419
A_HA_H3	742	6647	A	19	0	6622	27.8973119903352
A_HA_H3	743	6625	T	41	0	6600	28.1369696969697
A_HA_H3	744	6602	C	64	0	6529	27.5480165415837
A_HA_H3	745	6556	T	110	0	6528	27.218137254902
A_HA_H3	746	6560	A	104	0	6520	26.8852760736196
A_HA_H3	747	6576	T	87	0	6506	26.2786658469105
A_HA_H3	748	6649	T	14	0	6629	26.4241967114195
A_HA_H3	749	6627	G	35	0	6596	25.9232868405094
A_HA_H3	750	6632	G	29	0	6609	26.0708125283704
A_HA_H3	751	6620	A	41	0	6598	28.2209760533495
A_HA_H3	752	6620	C	41	0	6583	27.3411818319915
A_HA_H3	753	6598	A	63	0	6513	24.3830799938584
A_HA_H3	754	6619	A	41	0	6596	24.1334141904184
A_HA_H3	755	6587	T	73	0	6481	23.5449776269094
A_HA_H3	756	6608	A	50	0	6455	22.9687064291247
A_HA_H3	757	6612	G	45	0	6552	23.1858974358974
A_HA_H3	758	6601	T	56	0	6504	22.5917896678967
A_HA_H3	759	6583	A	74	0	6460	23.2455108359133
A_HA_H3	760	6645	A	12	0	6591	24.5597026247914
A_HA_H3	761	6649	A	8	0	6612	25.4777676950998
A_HA_H3	762	6632	A	24	0	6575	29.1137642585551
A_HA_H3	763	6618	C	38	0	6593	28.6097376004854
A_HA_H3	764	6637	C	19	0	6584	26.8573815309842
A_HA_H3	765	6374	G	280	0	6290	24.3782193958665
A_HA_H3	766	6617	G	37	0	6603	24.3939118582463
A_HA_H3	767	6613	G	40	0	6544	24.7978300733496
A_HA_H3	768	6619	A	34	0	6591	26.1535427097557
A_HA_H3	769	6585	G	66	0	6528	27.9921875
A_HA_H3	770	6580	A	70	0	6542	27.2519107306634
A_HA_H3	771	6612	C	37	0	6529	26.8367284423342
A_HA_H3	772	6617	A	32	0	6577	25.939942222898
A_HA_H3	773	6590	T	59	0	6549	25.7480531378836
A_HA_H3	774	6567	A	81	0	6493	25.47666718004
A_HA_H3	775	6566	C	81	0	6479	25.3934249112517
A_HA_H3	776	6151	T	496	0	6060	25.8490099009901
A_HA_H3	777	6585	T	61	0	6531	27.5712754555198
A_HA_H3	778	6631	T	15	0	6609	29.803601149947
A_HA_H3	779	6637	T	8	0	6541	31.0218621005962
A_HA_H3	780	6633	G	12	0	6553	27.4719975583702
A_HA_H3	781	6638	A	7	0	6622	26.0034732709151
A_HA_H3	782	6635	T	10	0	6604	25.4863718958207
A_HA_H3	783	6636	T	9	0	6607	25.498713485697
A_HA_H3	784	6619	A	25	0	6597	25.5467636804608
A_HA_H3	785	6626	A	18	0	6606	26.553284892522
A_HA_H3	786	6621	C	21	0	6610	27.5042360060514
A_HA_H3	787	6620	A	22	0	6508	25.5397971727105
A_HA_H3	788	6614	G	27	0	6591	24.790016689425
A_HA_H3	789	6606	C	34	0	6590	24.7417298937785
A_HA_H3	790	6603	A	37	0	6554	24.839792493134
A_HA_H3	791	6610	C	29	0	6593	25.9561656302139
A_HA_H3	792	6442	A	197	0	6409	23.7615852707131
A_HA_H3	793	6509	G	130	0	6496	23.2640086206897
A_HA_H3	794	6617	G	20	0	6612	23.5444646098004
A_HA_H3	795	6610	G	25	0	6501	22.9323181049069
A_HA_H3	796	6606	A	29	0	6569	25.8550768762369
A_HA_H3	797	6614	A	21	0	6577	26.081800212863
A_HA_H3	798	6618	T	17	0	6564	24.8732480195003
A_HA_H3	799	6597	C	37	0	6413	24.2165912989241
A_HA_H3	800	6600	T	32	0	6448	24.3076923076923
A_HA_H3	801	6622	A	9	0	6559	23.8127763378564
A_HA_H3	802	6623	A	6	0	6544	24.0904645476773
A_HA_H3	803	6603	T	25	0	6447	24.8214673491546
A_HA_H3	804	6611	T	17	0	6551	25.3820790718974
A_HA_H3	805	6601	G	26	0	6566	24.1934206518428
A_HA_H3	806	6569	C	57	0	6453	24.4410351774369
A_HA_H3	807	6591	T	35	0	6560	25.6689024390244
A_HA_H3	808	6575	C	49	0	6529	24.5382141216113
A_HA_H3	809	6572	C	51	0	6537	24.3363928407526
A_HA_H3	810	6556	T	64	0	6496	24.3594519704433
A_HA_H3	811	6269	A	349	0	6049	21.413456769714
A_HA_H3	812	6441	G	176	0	6219	20.8474031194726
A_HA_H3	813	6533	G	83	0	6499	20.232497307278
A_HA_H3	814	6533	G	83	0	6484	21.5889882788402
A_HA_H3	815	6518	G	96	0	6460	25.2493808049536
A_HA_H3	816	6517	T	97	0	6470	23.9309119010819
A_HA_H3	817	6542	T	72	0	6502	23.8152876038142
A_HA_H3	818	6544	A	69	0	5793	21.0899361298118
A_HA_H3	819	6519	C	93	0	6275	19.8656573705179
A_HA_H3	820	6437	T	175	0	6388	19.6462116468378
A_HA_H3	821	6523	T	89	0	6454	20.2852494577007
A_HA_H3	822	6559	C	53	0	6454	20.6772544158661
A_HA_H3	823	6532	A	80	0	6484	22.8408389882788
A_HA_H3	824	6596	A	16	0	6571	24.8618170750266
A_HA_H3	825	6605	A	7	0	6583	25.7686465137475
A_HA_H3	826	6605	A	7	0	6551	27.9299343611662
A_HA_H3	827	6604	T	8	0	6532	25.6316595223515
A_HA_H3	828	6584	A	27	0	6505	23.614757878555
A_HA_H3	829	6567	C	42	0	6538	22.2708779443255
A_HA_H3	830	6580	G	27	0	6446	19.3482780018616
A_HA_H3	831	6586	A	20	0	6566	19.1580871154432
A_HA_H3	832	6597	A	9	0	6575	19.6346768060837
A_HA_H3	833	6587	G	18	0	6539	20.792781770913
A_HA_H3	834	6587	T	15	0	6554	24.5170888007324
A_HA_H3	835	6051	G	551	0	6004	24.609926715523
A_HA_H3	836	6568	G	33	0	6546	25.7512985029025
A_HA_H3	837	6564	G	37	0	6522	24.6289481754063
A_HA_H3	838	6468	A	132	0	6430	26.9846034214619
A_HA_H3	839	6510	A	89	0	6476	26.6088634959852
A_HA_H3	840	6573	A	25	0	6524	26.6241569589209
A_HA_H3	841	6579	A	18	0	6542	26.6829715683277
A_HA_H3	842	6570	G	25	0	6523	25.2923501456385
A_HA_H3	843	6533	C	62	0	6478	24.9913553565915
A_HA_H3	844	6500	T	94	0	6441	24.4968172643999
A_HA_H3	845	6526	C	67	0	6279	21.7676381589425
A_HA_H3	846	6539	A	54	0	6346	21.0869839268831
A_HA_H3	847	6559	A	34	0	6504	20.9758610086101
A_HA_H3	848	6564	T	29	0	6451	20.5399162920477
A_HA_H3	849	6577	A	15	0	6352	21.5138539042821
A_HA_H3	850	6574	A	17	0	6544	21.5536369193154
A_HA_H3	851	6573	T	17	0	6501	21.4817720350715
A_HA_H3	852	6534	G	55	0	6351	21.9253660840812
A_HA_H3	853	6530	A	58	0	6383	22.4878583738054
A_HA_H3	854	6560	G	27	0	6464	21.6004022277228
A_HA_H3	855	6561	A	26	0	6538	21.9129703273172
A_HA_H3	856	6565	T	22	0	6530	22.0369065849923
A_HA_H3	857	6407	C	177	0	6142	21.9689026375773
A_HA_H3	858	6512	A	70	0	6462	21.2239244815846
A_HA_H3	859	6485	G	97	0	6422	20.7564621613205
A_HA_H3	860	6554	A	26	0	6515	21.5106676899463
A_HA_H3	861	6487	C	93	0	6408	21.3801498127341
A_HA_H3	862	6482	G	97	0	6217	19.7254302718353
A_HA_H3	863	6524	C	55	0	6471	20.1183742852728
A_HA_H3	864	6537	A	42	0	6503	20.5009995386745
A_HA_H3	865	6479	C	100	0	6428	21.6810827629123
A_HA_H3	866	6558	C	19	0	6489	25.4803513638465
A_HA_H3	867	6558	C	17	0	6476	25.2961704756022
A_HA_H3	868	6564	A	11	0	6383	24.2608491305029
A_HA_H3	869	6555	T	18	0	6522	23.0844832873352
A_HA_H3	870	6564	T	9	0	6528	22.7331495098039
A_HA_H3	871	6549	G	22	0	6517	21.9040969771367
A_HA_H3	872	6559	G	12	0	6545	23.3593582887701
A_HA_H3	873	6556	C	12	0	6528	23.3923100490196
A_HA_H3	874	6522	G	44	0	5901	20.3911201491273
A_HA_H3	875	6533	A	32	0	6492	19.6002772643253
A_HA_H3	876	6554	A	11	0	6525	19.4445977011494
A_HA_H3	877	6540	T	22	0	6517	20.0975909160657
A_HA_H3	878	6540	G	21	0	6462	24.4204580625193
A_HA_H3	879	6496	T	65	0	6386	23.1291888506107
A_HA_H3	880	6484	A	73	0	6330	21.3906793048973
A_HA_H3	881	6505	A	51	0	6383	20.5321948926837
A_HA_H3	882	6472	G	83	0	6341	20.6199337643905
A_HA_H3	883	6455	T	100	0	6397	21.2748163201501
A_HA_H3	884	6447	C	107	0	6315	21.7331749802059
A_HA_H3	885	6484	T	69	0	6383	22.481748394172
A_HA_H3	886	6515	G	38	0	6320	22.8060126582278
A_HA_H3	887	6524	A	29	0	6475	22.5501158301158
A_HA_H3	888	6533	A	19	0	6468	22.8606988249845
A_HA_H3	889	6523	T	27	0	6387	22.5653671520276
A_HA_H3	890	6505	G	45	0	6350	24.1869291338583
A_HA_H3	891	6522	C	27	0	6488	24.5414611590629
A_HA_H3	892	6532	A	17	0	6443	23.3516995188577
A_HA_H3	893	6537	T	12	0	6496	23.0421798029557
A_HA_H3	894	6526	C	21	0	6419	23.4334008412525
A_HA_H3	895	6527	A	20	0	6461	23.0099055873704
A_HA_H3	896	6512	C	32	0	6489	23.4792726151949
A_HA_H3	897	6517	T	27	0	6482	23.8824436902191
A_HA_H3	898	6487	C	55	0	6382	23.5488874960827
A_HA_H3	899	6521	C	19	0	6466	24.6543458088463
A_HA_H3	900	6374	A	166	0	6324	24.7718216318786
A_HA_H3	901	6530	A	9	0	6522	26.8288868445262
A_HA_H3	902	6527	A	10	0	6497	26.7698937971371
A_HA_H3	903	6525	T	11	0	6487	26.1441344226915
A_HA_H3	904	6488	G	48	0	6447	26.8763766092756
A_HA_H3	905	6523	G	11	0	6461	25.9113140380746
A_HA_H3	906	6522	A	11	0	6487	25.5563434561431
A_HA_H3	907	6524	A	9	0	6496	27.2535406403941
A_HA_H3	908	6514	G	17	0	6447	25.7406545680161
A_HA_H3	909	6518	C	13	0	6485	25.7602158828065
A_HA_H3	910	6513	A	15	0	6473	24.8510736907153
A_HA_H3	911	6471	T	57	0	6441	24.1165968017389
A_HA_H3	912	6499	T	29	0	6453	24.4802417480242
A_HA_H3	913	6375	C	150	0	6240	23.5054487179487
A_HA_H3	914	6508	C	17	0	6470	25.0842349304482
A_HA_H3	915	6507	C	17	0	6462	26.6928195605076
A_HA_H3	916	6507	A	16	0	6476	24.6537986411365
A_HA_H3	917	6511	A	11	0	6479	25.5948448834697
A_HA_H3	918	6512	T	9	0	6465	24.9122969837587
A_HA_H3	919	6502	G	18	0	6422	24.9799127997509
A_HA_H3	920	6495	A	25	0	6463	24.6531022744855
A_HA_H3	921	6498	C	21	0	6439	24.5671688150334
A_HA_H3	922	6503	A	16	0	6453	23.6872772353944
A_HA_H3	923	6514	A	4	0	6497	23.352624288133
A_HA_H3	924	6506	A	9	0	6478	24.7587218277246
A_HA_H3	925	6480	C	30	0	6442	25.3494256442099
A_HA_H3	926	6454	C	53	0	6352	23.1305100755668
A_HA_H3	927	6457	G	50	0	6393	21.0918191772251
A_HA_H3	928	6479	T	28	0	6434	20.9138949331675
A_HA_H3	929	6495	T	11	0	6436	21.0152268489745
A_HA_H3	930	6453	C	51	0	6398	22.213191622382
A_HA_H3	931	6477	C	24	0	6425	26.1520622568093
A_HA_H3	932	6432	A	69	0	6403	25.234265188193
A_HA_H3	933	6475	A	25	0	6456	26.0717162329616
A_HA_H3	934	6494	A	6	0	6477	26.6036745406824
A_HA_H3	935	6489	A	11	0	6456	28.8181536555143
A_HA_H3	936	6485	T	14	0	6447	28.4885993485342
A_HA_H3	937	6484	G	15	0	6459	27.6518036847809
A_HA_H3	938	6481	T	17	0	6457	26.0052656032213
A_HA_H3	939	6467	A	31	0	6383	23.5947046843177
A_HA_H3	940	6489	A	9	0	6472	23.3334363411619
A_HA_H3	941	6492	A	6	0	6465	24.2586233565352
A_HA_H3	942	6488	C	8	0	6469	26.1831813263256
A_HA_H3	943	6469	A	27	0	6429	25.4692798257894
A_HA_H3	944	6461	G	35	0	6404	25.1897251717676
A_HA_H3	945	6479	G	15	0	6432	23.8389303482587
A_HA_H3	946	6481	A	12	0	6446	23.6664598200434
A_HA_H3	947	6475	T	18	0	6436	23.7153511497825
A_HA_H3	948	6466	C	27	0	6369	23.4333490343853
A_HA_H3	949	6478	A	15	0	6367	23.2343332809801
A_HA_H3	950	6475	C	17	0	6449	23.3229958133044
A_HA_H3	951	6468	A	23	0	6364	23.9274041483344
A_HA_H3	952	6464	T	27	0	6435	21.3931623931624
A_HA_H3	953	6374	A	116	0	6292	21.4841068022886
A_HA_H3	954	6346	C	143	0	6253	21.0211098672637
A_HA_H3	955	6364	G	125	0	6303	19.5683008091385
A_HA_H3	956	6463	G	25	0	6441	20.388759509393
A_HA_H3	957	6456	G	32	0	6428	20.9604853764779
A_HA_H3	958	6447	G	40	0	6383	26.1665361115463
A_HA_H3	959	6409	C	78	0	6367	25.2065336893356
A_HA_H3	960	6433	C	53	0	6336	24.7637310606061
A_HA_H3	961	6440	T	45	0	6409	24.1519737868622
A_HA_H3	962	6443	G	42	0	6262	24.2480038326413
A_HA_H3	963	6436	T	49	0	6403	22.9011400905825
A_HA_H3	964	5979	C	502	0	5828	22.479238160604
A_HA_H3	965	6382	C	95	0	6330	21.6320695102686
A_HA_H3	966	6427	C	48	0	6299	22.4541990792189
A_HA_H3	967	6412	A	63	0	6297	21.4948388121328
A_HA_H3	968	6394	G	77	0	6283	23.5721788954321
A_HA_H3	969	6419	A	52	0	6397	22.1527278411756
A_HA_H3	970	6398	T	72	0	6268	20.2263880025526
A_HA_H3	971	6308	A	162	0	6187	20.1545175367706
A_HA_H3	972	5948	C	521	0	5703	19.8565667192706
A_HA_H3	973	6389	G	79	0	6312	17.4093789607098
A_HA_H3	974	6355	T	113	0	6266	17.6961378870093
A_HA_H3	975	6435	T	33	0	6383	18.1807927306909
A_HA_H3	976	6335	A	130	0	6207	19.0120831319478
A_HA_H3	977	6442	A	21	0	6409	21.2991106256826
A_HA_H3	978	6427	G	36	0	6373	22.0965008630158
A_HA_H3	979	6443	C	19	0	6416	23.2259975062344
A_HA_H3	980	6446	A	16	0	6422	24.1127374649642
A_HA_H3	981	6456	A	6	0	6435	24.1956487956488
A_HA_H3	982	6451	A	10	0	6427	26.0796639178466
A_HA_H3	983	6438	G	20	0	6354	26.0196726471514
A_HA_H3	984	6428	C	27	0	6404	25.5078076202374
A_HA_H3	985	6413	A	41	0	6348	24.8451480781348
A_HA_H3	986	6409	C	45	0	6372	24.9970182046453
A_HA_H3	987	6444	C	10	0	6411	25.779129620964
A_HA_H3	988	6440	C	13	0	6422	25.9084397383993
A_HA_H3	989	6423	T	30	0	6393	27.2754575316753
A_HA_H3	990	6432	G	21	0	6397	27.132718461779
A_HA_H3	991	6430	A	22	0	6409	27.2992666562646
A_HA_H3	992	6447	A	5	0	6434	26.7076468759714
A_HA_H3	993	6445	A	7	0	6419	26.6161395856052
A_HA_H3	994	6432	T	20	0	6390	25.5352112676056
A_HA_H3	995	6438	T	14	0	6367	24.7458771792053
A_HA_H3	996	6416	G	34	0	6389	23.8495852246048
A_HA_H3	997	6425	G	23	0	6414	24.4058309946991
A_HA_H3	998	6407	C	41	0	6374	26.7500784436774
A_HA_H3	999	6413	A	35	0	6353	25.3252006925862
A_HA_H3	1000	6420	A	27	0	6387	24.9145138562705
A_HA_H3	1001	6427	C	20	0	6366	25.0433553251649
A_HA_H3	1002	6403	A	43	0	6355	24.8308418568057
A_HA_H3	1003	6420	G	25	0	6409	25.9313465439226
A_HA_H3	1004	6424	G	19	0	6364	24.2512570710245
A_HA_H3	1005	6412	A	30	0	6377	24.1375254822017
A_HA_H3	1006	6426	A	16	0	6405	26.2708821233411
A_HA_H3	1007	6421	T	20	0	6390	24.1970266040689
A_HA_H3	1008	6416	G	24	0	6348	24.5515122873346
A_HA_H3	1009	6405	C	34	0	6311	22.2102677864047
A_HA_H3	1010	6259	G	177	0	6176	19.9933613989637
A_HA_H3	1011	6397	A	37	0	6364	19.524512884978
A_HA_H3	1012	6427	A	6	0	6404	19.7721736414741
A_HA_H3	1013	6424	A	5	0	6385	23.9887235708692
A_HA_H3	1014	6421	T	7	0	6388	27.0458672510958
A_HA_H3	1015	6421	G	7	0	6292	24.9450095359186
A_HA_H3	1016	6410	T	17	0	6376	23.5420326223338
A_HA_H3	1017	6392	A	35	0	6242	21.8454021147068
A_HA_H3	1018	6160	C	265	0	6120	21.9076797385621
A_HA_H3	1019	6392	C	32	0	6357	21.9081327670285
A_HA_H3	1020	6344	T	80	0	6292	21.9224411951685
A_HA_H3	1021	6279	G	142	0	6224	23.8280848329049
A_HA_H3	1022	6302	A	118	0	6284	25.1400381922342
A_HA_H3	1023	6329	G	91	0	6271	24.8642959655557
A_HA_H3	1024	6367	A	53	0	6341	25.1376754455133
A_HA_H3	1025	6412	A	6	0	6394	24.9762277134814
A_HA_H3	1026	6410	A	8	0	6370	26.1317111459969
A_HA_H3	1027	6410	C	8	0	6359	25.9078471457776
A_HA_H3	1028	6410	A	8	0	6373	24.8349286050526
A_HA_H3	1029	6411	A	6	0	6402	24.8322399250234
A_HA_H3	1030	6406	A	10	0	6382	25.5855531181448
A_HA_H3	1031	6390	C	24	0	6362	25.5567431625275
A_HA_H3	1032	6403	C	10	0	6321	25.9818066761588
A_HA_H3	1033	6394	A	18	0	6360	26.1592767295597
A_HA_H3	1034	6378	G	31	0	6352	25.4626889168766
A_HA_H3	1035	6382	A	26	0	6350	25.0650393700787
A_HA_H3	1036	6351	G	57	0	6330	26.0996840442338
A_HA_H3	1037	6373	G	34	0	6359	25.6403522566441
A_HA_H3	1038	6373	C	33	0	6357	26.3992449268523
A_HA_H3	1039	6378	A	28	0	6350	26.6804724409449
A_HA_H3	1040	6378	T	28	0	6343	24.8311524515214
A_HA_H3	1041	6393	A	13	0	6364	24.3860779384035
A_HA_H3	1042	6368	T	36	0	6326	23.9769206449573
A_HA_H3	1043	6395	T	8	0	6352	23.8147040302267
A_HA_H3	1044	6394	T	8	0	6364	26.6909176618479
A_HA_H3	1045	6383	G	19	0	6323	25.4689229795983
A_HA_H3	1046	6393	G	7	0	6376	25.3475533249686
A_HA_H3	1047	6391	T	7	0	6354	25.2417374881964
A_HA_H3	1048	6387	G	12	0	6369	24.7373214005338
A_HA_H3	1049	6369	C	29	0	6336	25.4487058080808
A_HA_H3	1050	6362	A	36	0	6291	24.8493085360038
A_HA_H3	1051	6388	A	8	0	6360	24.6683962264151
A_HA_H3	1052	6383	T	11	0	6355	22.9018095987411
A_HA_H3	1053	6356	A	38	0	6206	21.7338059941992
A_HA_H3	1054	6277	G	116	0	6247	21.5674723867456
A_HA_H3	1055	6277	C	115	0	6231	20.9781736478896
A_HA_H3	1056	6346	G	44	0	6279	20.2379359770664
A_HA_H3	1057	6350	G	40	0	6293	20.7409820435404
A_HA_H3	1058	6324	G	66	0	6241	21.0193879186028
A_HA_H3	1059	6287	T	101	0	6190	22.4200323101777
A_HA_H3	1060	6371	T	17	0	6304	24.4509835025381
A_HA_H3	1061	6372	T	16	0	6299	24.6212097158279
A_HA_H3	1062	6364	C	24	0	6245	24.9588470776621
A_HA_H3	1063	6368	A	20	0	6322	23.9794368870611
A_HA_H3	1064	6370	T	18	0	6352	22.6978904282116
A_HA_H3	1065	6293	A	95	0	6216	22.1697232947233
A_HA_H3	1066	6339	G	49	0	6275	21.9338645418327
A_HA_H3	1067	6327	A	60	0	6278	22.3776680471488
A_HA_H3	1068	6377	A	10	0	6350	24.6647244094488
A_HA_H3	1069	6382	A	4	0	6366	25.8264216148288
A_HA_H3	1070	6378	A	6	0	6342	27.7090823084201
A_HA_H3	1071	6377	T	6	0	6359	26.7693033495833
A_HA_H3	1072	6371	G	11	0	6270	24.4038277511962
A_HA_H3	1073	6375	G	5	0	6315	23.9865399841647
A_HA_H3	1074	6377	A	3	0	6352	23.7802267002519
A_HA_H3	1075	6372	T	8	0	6354	24.0207743153919
A_HA_H3	1076	5879	G	499	0	5819	22.6141948788452
A_HA_H3	1077	6357	G	21	0	6345	23.3131599684791
A_HA_H3	1078	6357	G	21	0	6331	23.5319854683304
A_HA_H3	1079	6353	A	23	0	6332	26.3322804801011
A_HA_H3	1080	6243	G	133	0	6220	25.6313504823151
A_HA_H3	1081	6340	G	34	0	6325	25.5204743083004
A_HA_H3	1082	6337	G	36	0	6221	24.3054171355088
A_HA_H3	1083	6312	A	61	0	6177	24.8777723814149
A_HA_H3	1084	6345	A	24	0	6304	25.0345812182741
A_HA_H3	1085	6344	T	22	0	6320	23.1784810126582
A_HA_H3	1086	6349	G	16	0	6302	23.768644874643
A_HA_H3	1087	6354	G	10	0	6335	24.5703235990529
A_HA_H3	1088	6352	T	12	0	6327	24.7142405563458
A_HA_H3	1089	6305	G	57	0	6184	24.7600258732212
A_HA_H3	1090	6354	G	5	0	6294	24.2737527804258
A_HA_H3	1091	6341	A	18	0	6315	23.7106888361045
A_HA_H3	1092	6335	T	23	0	6312	23.254752851711
A_HA_H3	1093	6328	G	30	0	6152	23.6011053315995
A_HA_H3	1094	6329	G	27	0	6280	23.4979299363057
A_HA_H3	1095	6225	T	131	0	6144	23.2791341145833
A_HA_H3	1096	6310	T	43	0	6128	23.1653067885117
A_HA_H3	1097	6282	G	70	0	5981	22.3285403778632
A_HA_H3	1098	6305	G	47	0	6167	21.4554888924923
A_HA_H3	1099	6321	T	31	0	6238	21.4044565565886
A_HA_H3	1100	6311	A	39	0	6184	21.3192108667529
A_HA_H3	1101	6215	C	135	0	6067	21.6949068732487
A_HA_H3	1102	6260	G	85	0	5858	18.5435302150905
A_HA_H3	1103	6275	G	70	0	6162	18.1760791950665
A_HA_H3	1104	6204	T	141	0	6118	18.2007191892775
A_HA_H3	1105	6278	T	67	0	6171	19.3305785123967
A_HA_H3	1106	6306	T	39	0	6203	23.5995486055135
A_HA_H3	1107	6272	C	69	0	6167	22.9430841576131
A_HA_H3	1108	6206	A	135	0	6133	22.1126691668025
A_HA_H3	1109	6261	G	76	0	6232	22.4603658536585
A_HA_H3	1110	6312	G	25	0	6294	22.0959644105497
A_HA_H3	1111	6326	C	10	0	6298	21.5784375992379
A_HA_H3	1112	6329	A	6	0	6286	22.5173401209036
A_HA_H3	1113	6327	T	8	0	6306	22.2348556929908
A_HA_H3	1114	6310	C	24	0	6181	21.9140915709432
A_HA_H3	1115	6272	A	62	0	6188	21.6725921137686
A_HA_H3	1116	6320	A	14	0	6300	22.0666666666667
A_HA_H3	1117	6323	A	11	0	6299	23.5165899349103
A_HA_H3	1118	6315	A	19	0	6243	25.5266698702547
A_HA_H3	1119	6301	T	32	0	6228	24.2249518304432
A_HA_H3	1120	6299	T	32	0	6248	24.0582586427657
A_HA_H3	1121	6248	C	82	0	6144	22.9265950520833
A_HA_H3	1122	6282	T	48	0	6224	24.0731041131105
A_HA_H3	1123	6259	G	71	0	6185	24.269199676637
A_HA_H3	1124	6281	A	49	0	6249	23.7058729396703
A_HA_H3	1125	6091	G	238	0	6047	24.8184223581941
A_HA_H3	1126	6301	G	27	0	6288	26.4071246819338
A_HA_H3	1127	6283	G	44	0	6250	25.81408
A_HA_H3	1128	6266	A	59	0	6243	26.0160179400929
A_HA_H3	1129	6287	A	37	0	6268	28.1097638800255
A_HA_H3	1130	6288	G	34	0	6167	26.3664666774769
A_HA_H3	1131	6243	A	79	0	6221	25.2467448963189
A_HA_H3	1132	6292	G	29	0	6269	24.3316318392088
A_HA_H3	1133	6301	G	20	0	6272	24.3885522959184
A_HA_H3	1134	6290	A	31	0	6268	25.4009253350351
A_HA_H3	1135	6287	C	34	0	6243	26.8896363927599
A_HA_H3	1136	6250	A	70	0	6167	25.8506567212583
A_HA_H3	1137	6293	A	25	0	6260	25.6075079872204
A_HA_H3	1138	6257	G	61	0	6226	25.4620944426598
A_HA_H3	1139	6284	C	30	0	6252	26.5009596928983
A_HA_H3	1140	6297	A	16	0	6248	26.3319462227913
A_HA_H3	1141	6293	G	20	0	6268	26.1413529036375
A_HA_H3	1142	6286	C	25	0	6255	26.8279776179057
A_HA_H3	1143	6283	A	30	0	6245	26.3716573258607
A_HA_H3	1144	6260	G	53	0	6191	26.502826683896
A_HA_H3	1145	6246	A	67	0	6193	25.9184563216535
A_HA_H3	1146	6233	T	80	0	6190	25.1924071082391
A_HA_H3	1147	6236	C	76	0	6086	24.4983568846533
A_HA_H3	1148	6285	T	27	0	6238	24.7056748957999
A_HA_H3	1149	6263	C	48	0	6186	24.4131910766246
A_HA_H3	1150	6244	A	67	0	6203	25.1891020473964
A_HA_H3	1151	6298	A	13	0	6270	26.3867623604466
A_HA_H3	1152	6291	A	20	0	6271	28.1717429437091
A_HA_H3	1153	6285	A	26	0	6246	30.790585975024
A_HA_H3	1154	6269	G	40	0	6217	29.06707415152
A_HA_H3	1155	6276	C	31	0	6256	27.6414641943734
A_HA_H3	1156	6285	A	20	0	6227	25.459611369841
A_HA_H3	1157	6232	C	73	0	6213	24.9953323676163
A_HA_H3	1158	6245	T	58	0	6206	24.2441185949082
A_HA_H3	1159	6182	C	116	0	6058	24.0085836909871
A_HA_H3	1160	6075	A	223	0	5899	23.918630276318
A_HA_H3	1161	6193	A	104	0	6159	24.1779509660659
A_HA_H3	1162	6132	G	165	0	6046	24.9141581210718
A_HA_H3	1163	6211	C	85	0	6087	25.1813701330705
A_HA_H3	1164	6256	A	40	0	6220	25.2583601286174
A_HA_H3	1165	6238	G	57	0	6198	25.4248144562762
A_HA_H3	1166	6262	C	31	0	6218	26.8353168221293
A_HA_H3	1167	6282	A	10	0	6237	25.9063652396986
A_HA_H3	1168	6283	A	9	0	6256	26.3984974424552
A_HA_H3	1169	6275	T	16	0	6261	26.1557259223766
A_HA_H3	1170	6252	C	31	0	5985	24.6421052631579
A_HA_H3	1171	6264	G	19	0	6097	22.1720518287682
A_HA_H3	1172	6275	A	8	0	6257	21.879015502637
A_HA_H3	1173	6274	T	7	0	6250	22.42736
A_HA_H3	1174	6255	C	25	0	6137	23.5440769105426
A_HA_H3	1175	6212	A	68	0	6147	27.0100862209208
A_HA_H3	1176	6274	A	6	0	6252	26.6321177223289
A_HA_H3	1177	6271	A	7	0	6246	27.7782580851745
A_HA_H3	1178	6267	T	11	0	6247	27.569713462462
A_HA_H3	1179	6255	C	23	0	6060	26.0656765676568
A_HA_H3	1180	6246	A	30	0	6200	25.1079032258065
A_HA_H3	1181	6254	G	22	0	6230	24.7666131621188
A_HA_H3	1182	6264	T	12	0	6236	25.1831302116742
A_HA_H3	1183	6149	G	126	0	6121	26.0758046070903
A_HA_H3	1184	6260	G	15	0	6243	27.0874579529073
A_HA_H3	1185	6263	G	12	0	6207	26.7172547124215
A_HA_H3	1186	6258	A	17	0	6236	29.099583066068
A_HA_H3	1187	6268	A	6	0	6244	29.2397501601537
A_HA_H3	1188	6252	G	18	0	6213	26.9567036858201
A_HA_H3	1189	6257	C	11	0	6231	27.3919114106885
A_HA_H3	1190	6252	T	15	0	6235	26.5469125902165
A_HA_H3	1191	6237	G	29	0	6113	24.9322754784885
A_HA_H3	1192	6252	A	13	0	6224	24.8476863753213
A_HA_H3	1193	6253	A	9	0	6228	24.3824662813102
A_HA_H3	1194	6253	T	9	0	6228	24.2559409120103
A_HA_H3	1195	6232	C	28	0	5669	22.4822720056447
A_HA_H3	1196	6242	G	17	0	6052	19.247191011236
A_HA_H3	1197	6254	A	4	0	6233	18.9732071233756
A_HA_H3	1198	6247	T	11	0	6213	19.135039433446
A_HA_H3	1199	6252	T	4	0	6222	21.6674702667952
A_HA_H3	1200	6237	G	18	0	5685	21.3954265611258
A_HA_H3	1201	6241	A	12	0	6233	20.3081982993743
A_HA_H3	1202	6239	T	14	0	6214	20.648052784036
A_HA_H3	1203	6116	C	133	0	5361	20.6705838462973
A_HA_H3	1204	6141	G	107	0	5827	19.0732795606659
A_HA_H3	1205	6164	G	83	0	6120	18.5781045751634
A_HA_H3	1206	5556	A	691	0	5434	19.6983805668016
A_HA_H3	1207	6149	A	97	0	6079	22.4277019246587
A_HA_H3	1208	6225	A	21	0	6107	25.0979204191911
A_HA_H3	1209	6228	A	17	0	5969	26.1219634779695
A_HA_H3	1210	6113	A	131	0	5804	24.829255685734
A_HA_H3	1211	6095	C	147	0	5977	23.2449389325749
A_HA_H3	1212	6198	C	42	0	5889	21.8261164883681
A_HA_H3	1213	6202	A	38	0	6063	20.9046676562758
A_HA_H3	1214	6204	A	35	0	6179	21.5429681178184
A_HA_H3	1215	6202	C	37	0	6102	21.1838741396264
A_HA_H3	1216	6133	G	105	0	5960	20.9124161073826
A_HA_H3	1217	6159	A	79	0	6093	22.0956835713113
A_HA_H3	1218	6184	G	53	0	6114	22.2983316977429
A_HA_H3	1219	6158	A	79	0	6118	23.2170644001308
A_HA_H3	1220	6222	A	15	0	6192	26.625322997416
A_HA_H3	1221	6216	A	20	0	6124	27.6463096015676
A_HA_H3	1222	6212	T	24	0	6101	27.8019996721849
A_HA_H3	1223	6211	T	25	0	6174	26.5772594752187
A_HA_H3	1224	6175	C	61	0	6102	26.3333333333333
A_HA_H3	1225	6212	C	23	0	6141	27.5440482006188
A_HA_H3	1226	6221	A	13	0	6194	27.9507587988376
A_HA_H3	1227	6221	T	10	0	6192	28.4405684754522
A_HA_H3	1228	6188	C	43	0	6121	26.7062571475249
A_HA_H3	1229	6198	A	32	0	6125	26.0083265306122
A_HA_H3	1230	6201	G	29	0	6160	24.5923701298701
A_HA_H3	1231	6205	A	23	0	6183	24.4148471615721
A_HA_H3	1232	6198	T	29	0	6172	23.652138690862
A_HA_H3	1233	6198	T	28	0	6116	24.1551667756704
A_HA_H3	1234	6107	G	118	0	6042	22.1857000993049
A_HA_H3	1235	6073	A	152	0	6044	22.8203176704169
A_HA_H3	1236	6186	A	39	0	6168	24.0003242542153
A_HA_H3	1237	6214	A	11	0	6193	25.3463587921847
A_HA_H3	1238	6214	A	10	0	6183	30.7895843441695
A_HA_H3	1239	6202	A	22	0	6160	30.7391233766234
A_HA_H3	1240	6173	G	51	0	6090	29.3515599343186
A_HA_H3	1241	6182	A	42	0	6127	28.2405745062837
A_HA_H3	1242	6106	A	117	0	6072	27.0657114624506
A_HA_H3	1243	6048	T	175	0	5991	26.3061258554498
A_HA_H3	1244	6148	T	75	0	6076	25.5013166556945
A_HA_H3	1245	6111	C	111	0	6016	23.8319481382979
A_HA_H3	1246	6129	T	92	0	6095	24.1322395406071
A_HA_H3	1247	6124	C	97	0	6041	24.906472438338
A_HA_H3	1248	6135	A	86	0	6088	24.4085085413929
A_HA_H3	1249	6177	G	44	0	6153	25.06598407281
A_HA_H3	1250	6188	A	33	0	6139	25.128196774719
A_HA_H3	1251	6195	A	25	0	6164	25.6766709928618
A_HA_H3	1252	6187	G	33	0	6141	26.0254030288227
A_HA_H3	1253	6173	T	45	0	6113	24.7269752985441
A_HA_H3	1254	6191	A	26	0	6123	22.4349175240895
A_HA_H3	1255	6176	G	38	0	6130	21.9487765089723
A_HA_H3	1256	6157	A	55	0	6122	22.2069585102908
A_HA_H3	1257	6199	A	13	0	6160	24.6806818181818
A_HA_H3	1258	6181	G	29	0	6162	25.3760142810776
A_HA_H3	1259	6197	G	13	0	6180	25.695145631068
A_HA_H3	1260	6183	A	25	0	6123	26.0225379715826
A_HA_H3	1261	6192	A	14	0	6155	26.383103168156
A_HA_H3	1262	6183	G	23	0	6093	25.3154439520762
A_HA_H3	1263	6185	A	21	0	6146	25.5999023755288
A_HA_H3	1264	6178	G	27	0	6096	25.3492454068241
A_HA_H3	1265	6165	T	40	0	6076	24.7118169848585
A_HA_H3	1266	6152	T	52	0	6104	25.0003276539974
A_HA_H3	1267	6121	C	80	0	5956	23.178475486904
A_HA_H3	1268	6167	A	33	0	6109	22.8133900802095
A_HA_H3	1269	6194	A	6	0	6162	23.4289191820837
A_HA_H3	1270	6192	G	7	0	6121	24.2001306975984
A_HA_H3	1271	6158	A	40	0	6126	25.086842964414
A_HA_H3	1272	6167	C	30	0	6132	24.7296151337247
A_HA_H3	1273	6166	C	30	0	6135	23.7419722901385
A_HA_H3	1274	6097	T	99	0	6067	25.2482281193341
A_HA_H3	1275	6175	T	21	0	6134	25.3702314965765
A_HA_H3	1276	6098	G	97	0	6032	21.2458554376658
A_HA_H3	1277	6104	A	88	0	6062	22.7378752886836
A_HA_H3	1278	6144	G	45	0	6078	23.3476472523857
A_HA_H3	1279	5981	A	207	0	5880	24.9181972789116
A_HA_H3	1280	6132	A	56	0	6077	25.672042126049
A_HA_H3	1281	6132	A	56	0	6097	26.2950631458094
A_HA_H3	1282	6126	T	62	0	6057	25.2555720653789
A_HA_H3	1283	6171	A	18	0	6066	23.5977579953841
A_HA_H3	1284	6169	T	19	0	6148	23.5949902407287
A_HA_H3	1285	6158	G	28	0	6102	22.9827925270403
A_HA_H3	1286	5995	T	191	0	5971	23.7162954279015
A_HA_H3	1287	6157	T	27	0	6072	23.6739130434783
A_HA_H3	1288	6145	G	36	0	6099	21.9781931464174
A_HA_H3	1289	6162	A	19	0	6136	23.3502281616688
A_HA_H3	1290	6149	G	31	0	6134	26.2005216824258
A_HA_H3	1291	6154	G	25	0	6127	25.7323322996573
A_HA_H3	1292	6142	A	36	0	6124	26.0326583932071
A_HA_H3	1293	6160	C	17	0	6149	26.3117580094324
A_HA_H3	1294	6158	A	20	0	6095	24.4101722723544
A_HA_H3	1295	6148	C	29	0	6106	25.337536849001
A_HA_H3	1296	6150	T	19	0	6111	24.2567501227295
A_HA_H3	1297	5891	A	277	0	5766	23.0749219562955
A_HA_H3	1298	6131	A	37	0	5976	22.620983935743
A_HA_H3	1299	6145	A	23	0	6100	23.1870491803279
A_HA_H3	1300	6140	A	26	0	6024	25.4943559096946
A_HA_H3	1301	6120	T	44	0	5997	24.9076204769051
A_HA_H3	1302	6119	A	45	0	5975	23.0138912133891
A_HA_H3	1303	6110	G	52	0	5938	21.9055237453688
A_HA_H3	1304	6142	A	20	0	6112	21.7743782722513
A_HA_H3	1305	6114	T	48	0	6081	22.70235158691
A_HA_H3	1306	6099	C	63	0	6011	22.9590750291133
A_HA_H3	1307	6138	T	24	0	6106	24.3634130363577
A_HA_H3	1308	6097	C	63	0	6009	27.309036445332
A_HA_H3	1309	6110	T	50	0	6074	30.1712216002634
A_HA_H3	1310	6118	G	41	0	6034	24.9174676831289
A_HA_H3	1311	6135	G	23	0	6119	24.3435201830364
A_HA_H3	1312	6134	T	23	0	6096	25.3856627296588
A_HA_H3	1313	6114	C	40	0	5952	24.728998655914
A_HA_H3	1314	6112	A	42	0	6052	25.0895571711831
A_HA_H3	1315	6123	T	31	0	6036	25.075381047051
A_HA_H3	1316	6091	A	58	0	5923	24.3989532331589
A_HA_H3	1317	6115	C	34	0	6032	23.9988395225464
A_HA_H3	1318	6130	A	19	0	5856	21.6905737704918
A_HA_H3	1319	6119	A	29	0	6086	21.1721984883339
A_HA_H3	1320	6107	C	40	0	6062	20.9905971626526
A_HA_H3	1321	6094	G	53	0	5630	19.5738898756661
A_HA_H3	1322	6109	C	37	0	6015	20.1600997506234
A_HA_H3	1323	5870	G	276	0	5737	19.2604148509674
A_HA_H3	1324	5987	G	156	0	5544	19.6630591630592
A_HA_H3	1325	6100	A	43	0	6073	19.9030133377244
A_HA_H3	1326	6071	G	72	0	5905	21.5029635901778
A_HA_H3	1327	6015	C	125	0	5769	22.6730802565436
A_HA_H3	1328	5547	T	591	0	5306	24.6379570297776
A_HA_H3	1329	5983	T	155	0	5926	23.1235234559568
A_HA_H3	1330	6032	C	105	0	5895	21.4240882103478
A_HA_H3	1331	5909	T	227	0	5843	21.676536026014
A_HA_H3	1332	6050	T	86	0	5968	23.8314343163539
A_HA_H3	1333	6046	G	87	0	5919	22.3149180604832
A_HA_H3	1334	6072	T	60	0	6025	22.3241493775934
A_HA_H3	1335	6066	T	66	0	5960	22.7330536912752
A_HA_H3	1336	6025	G	107	0	5979	23.1209232313096
A_HA_H3	1337	5990	C	142	0	5947	24.9132335631411
A_HA_H3	1338	6099	C	34	0	6089	27.6211200525538
A_HA_H3	1339	6108	C	25	0	6066	28.4503791625453
A_HA_H3	1340	6104	T	28	0	6059	29.8649942234692
A_HA_H3	1341	6101	G	31	0	6093	30.5823075660594
A_HA_H3	1342	6106	G	25	0	6039	29.7214770657394
A_HA_H3	1343	6103	A	28	0	6075	29.7466666666667
A_HA_H3	1344	6103	G	28	0	5906	28.7067389095835
A_HA_H3	1345	6102	A	27	0	6066	28.0304978569074
A_HA_H3	1346	6122	A	7	0	6083	27.812099293112
A_HA_H3	1347	6115	C	14	0	6074	27.9828778399737
A_HA_H3	1348	6119	C	9	0	6000	28.9301666666667
A_HA_H3	1349	6106	A	22	0	6047	28.7187034893336
A_HA_H3	1350	6109	A	19	0	6049	28.5182674822285
A_HA_H3	1351	6104	C	23	0	6038	28.7684663795959
A_HA_H3	1352	6104	A	22	0	6050	27.9305785123967
A_HA_H3	1353	6108	T	21	0	5993	26.6899716335725
A_HA_H3	1354	6088	A	41	0	6047	26.5789647759219
A_HA_H3	1355	6089	C	41	0	6027	26.1627675460428
A_HA_H3	1356	6093	G	32	0	5859	23.2848608977641
A_HA_H3	1357	6116	A	8	0	6089	23.4614879290524
A_HA_H3	1358	6111	T	13	0	6078	23.426456071076
A_HA_H3	1359	6110	T	13	0	6042	24.2658060244952
A_HA_H3	1360	6098	G	23	0	5985	26.4123642439432
A_HA_H3	1361	6105	A	16	0	6061	26.9260848044877
A_HA_H3	1362	6100	C	20	0	6073	28.368845710522
A_HA_H3	1363	6109	C	12	0	6071	27.5602042497117
A_HA_H3	1364	6110	T	9	0	6071	27.9400428265525
A_HA_H3	1365	6099	A	19	0	6074	27.4721764899572
A_HA_H3	1366	6110	A	9	0	6079	27.4862641881888
A_HA_H3	1367	6111	C	7	0	6087	30.1002135699031
A_HA_H3	1368	6099	T	17	0	6059	30.7202508664796
A_HA_H3	1369	6096	G	20	0	6029	29.7644717200199
A_HA_H3	1370	6107	A	9	0	6079	29.5486099687449
A_HA_H3	1371	6097	C	16	0	6073	29.1304133047917
A_HA_H3	1372	6047	T	66	0	6013	28.5601197405621
A_HA_H3	1373	6078	C	33	0	5994	28.374040707374
A_HA_H3	1374	6082	A	27	0	6057	28.048538880634
A_HA_H3	1375	6084	G	23	0	6053	28.8528002643317
A_HA_H3	1376	6091	A	16	0	6062	28.8924447377103
A_HA_H3	1377	6102	A	4	0	6084	29.4072978303748
A_HA_H3	1378	6102	A	3	0	6075	29.2487242798354
A_HA_H3	1379	6098	T	6	0	6079	29.5806876130943
A_HA_H3	1380	6095	G	9	0	6022	27.0675855197609
A_HA_H3	1381	6090	A	13	0	6061	27.1705989110708
A_HA_H3	1382	6094	A	8	0	6074	27.1376358248271
A_HA_H3	1383	6089	C	13	0	6066	27.3084404879657
A_HA_H3	1384	6080	A	21	0	6039	26.9804603411161
A_HA_H3	1385	6087	A	14	0	6066	26.6496867787669
A_HA_H3	1386	6081	G	18	0	6063	26.4522513607125
A_HA_H3	1387	6082	C	13	0	6058	27.0402773192473
A_HA_H3	1388	6075	T	17	0	6056	28.6126155878468
A_HA_H3	1389	6077	G	15	0	6051	28.1936869938853
A_HA_H3	1390	6043	T	49	0	6020	26.7358803986711
A_HA_H3	1391	6075	T	17	0	6054	26.2953419226957
A_HA_H3	1392	6081	T	9	0	6059	26.6989602244595
A_HA_H3	1393	6028	G	61	0	5978	25.4575108732017
A_HA_H3	1394	5927	A	161	0	5908	26.9808733920108
A_HA_H3	1395	6040	A	47	0	6010	26.6009983361065
A_HA_H3	1396	6044	A	43	0	6016	27.8347739361702
A_HA_H3	1397	6074	A	12	0	6051	31.4032391340274
A_HA_H3	1398	6075	A	11	0	6044	30.9417604235606
A_HA_H3	1399	6062	A	22	0	6040	28.7491721854305
A_HA_H3	1400	6057	C	26	0	6033	28.5277639648599
A_HA_H3	1401	6034	A	49	0	5981	27.1355960541715
A_HA_H3	1402	6061	A	22	0	6048	27.8396164021164
A_HA_H3	1403	6053	A	29	0	6035	28.7297431648716
A_HA_H3	1404	6040	G	41	0	5972	29.2352645679839
A_HA_H3	1405	6042	A	39	0	6021	28.9800697558545
A_HA_H3	1406	6024	A	54	0	6003	28.9188738963851
A_HA_H3	1407	6005	G	72	0	5981	28.7166025748203
A_HA_H3	1408	6039	C	37	0	6015	28.7881961762261
A_HA_H3	1409	6048	A	27	0	6009	27.7966383757697
A_HA_H3	1410	6042	A	31	0	6015	27.5990024937656
A_HA_H3	1411	6032	C	39	0	5989	28.6323259308733
A_HA_H3	1412	6024	T	45	0	5988	28.6564796259185
A_HA_H3	1413	5994	G	71	0	5919	27.5891197837473
A_HA_H3	1414	6026	A	40	0	5985	27.0932330827068
A_HA_H3	1415	5914	G	152	0	5837	28.5913996916224
A_HA_H3	1416	6048	G	18	0	6037	27.9844293523273
A_HA_H3	1417	6034	G	31	0	6011	27.5162202628514
A_HA_H3	1418	5986	A	79	0	5933	29.7112759143772
A_HA_H3	1419	6047	A	17	0	6032	30.0684681697613
A_HA_H3	1420	6045	A	19	0	6014	30.8794479547722
A_HA_H3	1421	6041	A	22	0	5991	30.6296110832916
A_HA_H3	1422	6035	T	28	0	6008	29.1607856191744
A_HA_H3	1423	6040	G	23	0	6015	27.4498753117207
A_HA_H3	1424	6038	C	24	0	6002	27.5239920026658
A_HA_H3	1425	6026	T	36	0	5972	28.6553918285332
A_HA_H3	1426	6002	G	53	0	5934	26.6558813616448
A_HA_H3	1427	6008	A	46	0	5976	26.3811914323963
A_HA_H3	1428	6035	G	18	0	6017	26.8241648662124
A_HA_H3	1429	6039	G	14	0	6027	27.3109341297495
A_HA_H3	1430	6024	A	29	0	5990	27.8485809682805
A_HA_H3	1431	6023	T	29	0	5999	27.5627604600767
A_HA_H3	1432	6033	A	17	0	6020	26.6629568106312
A_HA_H3	1433	6034	T	15	0	6024	26.9367529880478
A_HA_H3	1434	5790	G	258	0	5773	26.0978693919972
A_HA_H3	1435	6034	G	11	0	6027	27.5417288866766
A_HA_H3	1436	6028	G	16	0	5976	27.1149598393574
A_HA_H3	1437	6017	A	24	0	5990	29.8470784641068
A_HA_H3	1438	6029	A	10	0	6014	30.1913867642168
A_HA_H3	1439	6027	A	9	0	5987	29.8815767496242
A_HA_H3	1440	6021	T	10	0	5997	29.6444889111222
A_HA_H3	1441	6016	G	15	0	5941	28.1196768220838
A_HA_H3	1442	6010	G	20	0	5976	27.8611111111111
A_HA_H3	1443	5998	T	29	0	5941	26.7508836896145
A_HA_H3	1444	6000	T	24	0	5937	26.3921172309247
A_HA_H3	1445	5975	G	47	0	5801	25.5788657128081
A_HA_H3	1446	5972	T	47	0	5890	24.9404074702886
A_HA_H3	1447	6006	T	13	0	5952	25.6053427419355
A_HA_H3	1448	5998	T	21	0	5891	25.5710405703616
A_HA_H3	1449	5952	C	65	0	5817	25.4584837545126
A_HA_H3	1450	5924	A	93	0	5878	25.2818986049677
A_HA_H3	1451	6006	A	11	0	5972	24.8410917615539
A_HA_H3	1452	6003	A	14	0	5968	25.7245308310992
A_HA_H3	1453	5988	A	27	0	5944	29.3670928667564
A_HA_H3	1454	5979	T	35	0	5947	28.9934420716328
A_HA_H3	1455	5990	A	24	0	5921	26.0376625570005
A_HA_H3	1456	5989	T	23	0	5968	31.8153485254692
A_HA_H3	1457	5897	A	116	0	5833	24.8638779358821
A_HA_H3	1458	5915	C	95	0	5868	24.3558282208589
A_HA_H3	1459	5942	C	67	0	5893	24.9694552859325
A_HA_H3	1460	5995	A	14	0	5920	26.1222972972973
A_HA_H3	1461	5991	C	17	0	5974	27.2030465349849
A_HA_H3	1462	5971	A	37	0	5940	27.5930976430976
A_HA_H3	1463	6000	A	8	0	5980	27.7555183946488
A_HA_H3	1464	5993	A	13	0	5971	29.2728186233462
A_HA_H3	1465	5977	T	27	0	5956	29.788280725319
A_HA_H3	1466	5979	G	25	0	5949	28.8485459741133
A_HA_H3	1467	5992	T	11	0	5959	29.3814398388991
A_HA_H3	1468	5984	G	18	0	5954	28.6793752099429
A_HA_H3	1469	5977	A	23	0	5944	28.4293405114401
A_HA_H3	1470	5977	C	21	0	5953	27.4811019653956
A_HA_H3	1471	5981	A	17	0	5939	26.7839703653814
A_HA_H3	1472	5987	A	11	0	5969	26.2139386831965
A_HA_H3	1473	5983	T	15	0	5969	26.476126654381
A_HA_H3	1474	5978	G	19	0	5960	27.688255033557
A_HA_H3	1475	5959	C	37	0	5946	28.152539522368
A_HA_H3	1476	5966	C	29	0	5942	29.0259171995961
A_HA_H3	1477	5975	T	20	0	5955	29.7299748110831
A_HA_H3	1478	5950	G	43	0	5907	28.6844421872355
A_HA_H3	1479	5976	C	16	0	5950	28.8921008403361
A_HA_H3	1480	5978	A	13	0	5960	27.5137583892617
A_HA_H3	1481	5979	T	11	0	5954	26.1602284178703
A_HA_H3	1482	5943	A	47	0	5781	24.5646081992735
A_HA_H3	1483	5942	G	48	0	5771	24.1959798994975
A_HA_H3	1484	5960	G	30	0	5906	23.9984761259736
A_HA_H3	1485	5958	A	29	0	5913	25.1473025536952
A_HA_H3	1486	5966	T	21	0	5942	26.0259171995961
A_HA_H3	1487	5928	C	59	0	5719	25.5289386256339
A_HA_H3	1488	5951	A	36	0	5781	24.6223836706452
A_HA_H3	1489	5937	A	50	0	5918	24.3075363298412
A_HA_H3	1490	5938	T	48	0	5898	23.9835537470329
A_HA_H3	1491	5786	A	200	0	5682	24.5288630763816
A_HA_H3	1492	5936	A	50	0	5896	23.8429443690638
A_HA_H3	1493	5942	G	43	0	5905	23.2171041490262
A_HA_H3	1494	5936	A	49	0	5890	24.6852292020374
A_HA_H3	1495	5977	A	7	0	5948	26.8870208473436
A_HA_H3	1496	5979	A	4	0	5950	28.4559663865546
A_HA_H3	1497	5976	T	7	0	5964	28.5548289738431
A_HA_H3	1498	5954	G	29	0	5895	27.2912637828668
A_HA_H3	1499	5957	A	25	0	5928	27.4245951417004
A_HA_H3	1500	5971	A	11	0	5949	26.9297360900992
A_HA_H3	1501	5966	A	15	0	5915	28.3080304311074
A_HA_H3	1502	5964	C	13	0	5838	27.120246659815
A_HA_H3	1503	5907	T	68	0	5841	25.6111967128916
A_HA_H3	1504	5949	T	25	0	5919	25.5330292279101
A_HA_H3	1505	5960	A	14	0	5915	24.7932375316991
A_HA_H3	1506	5959	T	13	0	5940	25.6515151515152
A_HA_H3	1507	5945	G	25	0	5894	26.3035290125551
A_HA_H3	1508	5942	A	27	0	5910	26.6015228426396
A_HA_H3	1509	5944	C	25	0	5912	26.9773342354533
A_HA_H3	1510	5952	C	17	0	5927	27.3074067825207
A_HA_H3	1511	5961	A	8	0	5924	28.0913234301148
A_HA_H3	1512	5958	C	10	0	5947	28.5338826298974
A_HA_H3	1513	5958	A	10	0	5925	28.4610970464135
A_HA_H3	1514	5958	A	9	0	5941	28.3219996633563
A_HA_H3	1515	5936	T	29	0	5922	28.5091185410334
A_HA_H3	1516	5933	G	31	0	5891	28.0604311661857
A_HA_H3	1517	5935	T	28	0	5913	28.3767968882124
A_HA_H3	1518	5927	G	33	0	5848	29.390560875513
A_HA_H3	1519	5933	T	27	0	5914	27.3070679742983
A_HA_H3	1520	5897	A	62	0	5864	24.5465552523874
A_HA_H3	1521	5904	C	53	0	5874	24.4977868573374
A_HA_H3	1522	5912	A	44	0	5894	24.3880217170003
A_HA_H3	1523	5919	G	34	0	5898	26.0044082739912
A_HA_H3	1524	5941	G	12	0	5923	26.3175755529293
A_HA_H3	1525	5942	G	7	0	5911	27.0130265606496
A_HA_H3	1526	5942	A	5	0	5927	28.7121646701535
A_HA_H3	1527	5941	T	4	0	5923	27.9782204963701
A_HA_H3	1528	5926	G	20	0	5884	26.7229775662814
A_HA_H3	1529	5915	A	31	0	5883	25.8907020227775
A_HA_H3	1530	5918	A	28	0	5882	25.6599795987759
A_HA_H3	1531	5909	G	37	0	5893	26.2469031053793
A_HA_H3	1532	5912	C	32	0	5890	27.137181663837
A_HA_H3	1533	5913	A	29	0	5753	26.0883017556058
A_HA_H3	1534	5913	T	28	0	5880	25.0738095238095
A_HA_H3	1535	5933	T	9	0	5910	24.2908629441624
A_HA_H3	1536	5900	A	39	0	5588	23.9507874015748
A_HA_H3	1537	5915	A	23	0	5861	23.6978331342774
A_HA_H3	1538	5923	A	14	0	5890	24.5614601018676
A_HA_H3	1539	5919	C	18	0	5872	25.2772479564033
A_HA_H3	1540	5932	A	5	0	5890	25.7312393887946
A_HA_H3	1541	5929	A	8	0	5898	25.5061037639878
A_HA_H3	1542	5889	C	46	0	5866	25.4399931810433
A_HA_H3	1543	5896	C	36	0	5614	23.7568578553616
A_HA_H3	1544	5871	G	61	0	5616	21.2444800569801
A_HA_H3	1545	5899	G	33	0	5784	20.8869294605809
A_HA_H3	1546	5886	T	46	0	5824	20.6868131868132
A_HA_H3	1547	5910	T	22	0	5833	21.9972569861135
A_HA_H3	1548	5805	C	126	0	5633	24.7127640688798
A_HA_H3	1549	5886	C	45	0	5774	25.3612746795982
A_HA_H3	1550	5901	A	30	0	5772	24.7406444906445
A_HA_H3	1551	5885	G	44	0	5856	25.2575136612022
A_HA_H3	1552	5884	A	41	0	5798	24.2587098999655
A_HA_H3	1553	5888	T	37	0	5855	24.0860802732707
A_HA_H3	1554	5737	C	183	0	5630	23.9795737122558
A_HA_H3	1555	5754	A	166	0	5718	23.9410633088492
A_HA_H3	1556	5691	A	228	0	5647	24.5592349920312
A_HA_H3	1557	5689	G	230	0	5618	25.9526521893912
A_HA_H3	1558	5765	G	153	0	5718	26.8905211612452
A_HA_H3	1559	5785	G	129	0	5644	26.6413890857548
A_HA_H3	1560	5879	A	33	0	5836	27.2020219328307
A_HA_H3	1561	5860	G	51	0	5791	27.0364358487308
A_HA_H3	1562	5809	T	102	0	5609	26.64877874844
A_HA_H3	1563	5844	T	66	0	5755	26.1946133796699
A_HA_H3	1564	5843	G	66	0	5585	25.1205013428827
A_HA_H3	1565	5880	A	29	0	5821	24.2259062016836
A_HA_H3	1566	5866	G	42	0	5836	25.1542152159013
A_HA_H3	1567	5885	C	22	0	5855	25.1694278394535
A_HA_H3	1568	5897	T	9	0	5870	27.1948892674617
A_HA_H3	1569	5881	G	25	0	5804	26.1014817367333
A_HA_H3	1570	5872	A	33	0	5802	26.2983453981386
A_HA_H3	1571	5894	A	10	0	5864	25.8951227830832
A_HA_H3	1572	5882	G	22	0	5833	25.9144522544145
A_HA_H3	1573	5880	T	20	0	5853	26.4959849649752
A_HA_H3	1574	5674	C	218	0	5559	25.0278827127181
A_HA_H3	1575	5772	A	120	0	5695	24.3387181738367
A_HA_H3	1576	5631	G	259	0	5565	24.6136567834681
A_HA_H3	1577	5805	G	82	0	5760	25.1920138888889
A_HA_H3	1578	5818	G	66	0	5590	26.4252236135957
A_HA_H3	1579	5799	T	84	0	5725	24.8005240174673
A_HA_H3	1580	5792	A	90	0	5536	23.7834176300578
A_HA_H3	1581	5810	C	72	0	5570	23.096947935368
A_HA_H3	1582	5745	A	137	0	5647	23.0510005312555
A_HA_H3	1583	5869	A	14	0	5841	22.9234720082178
A_HA_H3	1584	5860	A	23	0	5820	23.8139175257732
A_HA_H3	1585	5839	G	43	0	5772	25.2775467775468
A_HA_H3	1586	5857	A	20	0	5821	25.5923380862395
A_HA_H3	1587	5825	T	52	0	5805	25.2496124031008
A_HA_H3	1588	5857	T	19	0	5832	24.9535322359396
A_HA_H3	1589	5819	G	57	0	5753	24.0248565965583
A_HA_H3	1590	5863	G	12	0	5789	24.3427189497323
A_HA_H3	1591	5857	A	17	0	5827	25.4758881070877
A_HA_H3	1592	5844	T	27	0	5807	25.9125193731703
A_HA_H3	1593	5790	C	80	0	5689	26.1889611531025
A_HA_H3	1594	5839	C	30	0	5694	26.5670881629786
A_HA_H3	1595	5816	T	53	0	5748	26.4954766875435
A_HA_H3	1596	5833	A	36	0	5779	25.8790448174425
A_HA_H3	1597	5856	T	11	0	5826	25.8094747682801
A_HA_H3	1598	5842	G	22	0	5804	25.6828049620951
A_HA_H3	1599	5857	G	4	0	5815	25.461049011178
A_HA_H3	1600	5851	A	8	0	5834	26.3978402468289
A_HA_H3	1601	5842	T	16	0	5802	26.8145467080317
A_HA_H3	1602	5851	T	7	0	5825	26.834678111588
A_HA_H3	1603	5849	T	9	0	5802	28.2933471216822
A_HA_H3	1604	5831	C	24	0	5796	28.3129744651484
A_HA_H3	1605	5841	C	12	0	5820	28.4594501718213
A_HA_H3	1606	5759	T	94	0	5716	27.8136808957313
A_HA_H3	1607	5843	T	9	0	5835	28.9502999143102
A_HA_H3	1608	5842	T	9	0	5823	30.0788253477589
A_HA_H3	1609	5839	G	12	0	5830	27.5879931389365
A_HA_H3	1610	5837	C	13	0	5827	30.356100909559
A_HA_H3	1611	5835	C	11	0	5810	29.9402753872633
A_HA_H3	1612	5837	A	9	0	5810	28.3977624784854
A_HA_H3	1613	5836	T	7	0	5822	28.0419099965648
A_HA_H3	1614	5831	G	8	0	5822	27.9695980762625
A_HA_H3	1615	5824	T	14	0	5804	27.7413852515507
A_HA_H3	1616	5818	C	15	0	5747	27.3481816599965
A_HA_H3	1617	5820	A	13	0	5777	26.2586117361953
A_HA_H3	1618	5824	T	8	0	5789	25.9155294524097
A_HA_H3	1619	5818	G	12	0	5791	25.6693144534623
A_HA_H3	1620	5723	T	107	0	5694	25.4220231822972
A_HA_H3	1621	5805	T	25	0	5779	25.8842360269943
A_HA_H3	1622	5818	T	11	0	5806	26.8718566999656
A_HA_H3	1623	5812	T	15	0	5790	29.9884283246978
A_HA_H3	1624	5811	T	15	0	5797	31.5230291530102
A_HA_H3	1625	5809	T	17	0	5797	28.8469898223219
A_HA_H3	1626	5801	G	24	0	5786	27.5551330798479
A_HA_H3	1627	5802	C	22	0	5756	26.4002779708131
A_HA_H3	1628	5800	T	23	0	5770	26.538301559792
A_HA_H3	1629	5813	T	10	0	5786	26.2913930176288
A_HA_H3	1630	5811	T	11	0	5791	30.7777585909169
A_HA_H3	1631	5809	G	12	0	5790	28.1371329879102
A_HA_H3	1632	5807	T	14	0	5787	27.0210817349231
A_HA_H3	1633	5807	A	13	0	5783	25.2994985301746
A_HA_H3	1634	5804	T	16	0	5793	24.7728292767133
A_HA_H3	1635	5804	T	15	0	5770	25.1585788561525
A_HA_H3	1636	5798	G	20	0	5787	26.2128909625022
A_HA_H3	1637	5801	C	17	0	5754	27.557525199861
A_HA_H3	1638	5791	T	26	0	5770	28.8032928942808
A_HA_H3	1639	5796	T	18	0	5773	28.7335873895721
A_HA_H3	1640	5793	T	16	0	5781	31.8299602144958
A_HA_H3	1641	5791	G	18	0	5775	30.2263203463203
A_HA_H3	1642	5796	T	12	0	5757	29.1103005037346
A_HA_H3	1643	5775	T	32	0	5703	28.6194985095564
A_HA_H3	1644	5628	G	176	0	5532	26.9224511930586
A_HA_H3	1645	5791	G	10	0	5669	27.0426883048157
A_HA_H3	1646	5775	G	25	0	5727	27.4686572376462
A_HA_H3	1647	5744	G	56	0	5681	29.0022883295195
A_HA_H3	1648	5713	T	85	0	5615	28.3672306322351
A_HA_H3	1649	5756	T	42	0	5700	27.609649122807
A_HA_H3	1650	5752	C	41	0	5389	25.4709593616626
A_HA_H3	1651	5767	A	26	0	5695	24.177524143986
A_HA_H3	1652	5769	T	23	0	5739	24.2503920543649
A_HA_H3	1653	5723	C	66	0	5515	23.5488667271079
A_HA_H3	1654	5721	A	68	0	5576	24.2277618364419
A_HA_H3	1655	5744	T	45	0	5640	24.3338652482269
A_HA_H3	1656	5741	G	46	0	5575	24.3162331838565
A_HA_H3	1657	5704	T	80	0	5635	24.4566104702751
A_HA_H3	1658	5705	G	75	0	5678	24.3945051074322
A_HA_H3	1659	5753	G	27	0	5729	25.0439867341595
A_HA_H3	1660	5731	G	47	0	5673	26.3090075797638
A_HA_H3	1661	5730	C	48	0	5696	27.0150983146067
A_HA_H3	1662	5758	C	19	0	5705	26.8045574057844
A_HA_H3	1663	5766	T	9	0	5750	26.2958260869565
A_HA_H3	1664	5750	G	24	0	5695	26.0177348551361
A_HA_H3	1665	5639	C	134	0	5621	26.4428037715709
A_HA_H3	1666	5758	C	15	0	5744	26.912430362117
A_HA_H3	1667	5250	A	522	0	5208	24.6847158218126
A_HA_H3	1668	5752	A	19	0	5731	25.0415285290525
A_HA_H3	1669	5752	A	19	0	5740	26.5118466898955
A_HA_H3	1670	5716	A	54	0	5636	27.83392476934
A_HA_H3	1671	5558	G	210	0	5496	26.8462518195051
A_HA_H3	1672	5720	G	48	0	5688	27.1392405063291
A_HA_H3	1673	5728	G	39	0	5703	26.9026827985271
A_HA_H3	1674	5724	C	40	0	5631	26.8314686556562
A_HA_H3	1675	5727	A	36	0	5684	25.4215341308937
A_HA_H3	1676	5739	A	21	0	5690	25.1469244288225
A_HA_H3	1677	5738	C	19	0	5637	24.8983501862693
A_HA_H3	1678	5737	A	20	0	5680	24.6985915492958
A_HA_H3	1679	5721	T	34	0	5680	24.3651408450704
A_HA_H3	1680	5719	T	32	0	5665	23.8233009708738
A_HA_H3	1681	5704	A	43	0	5605	22.6652988403211
A_HA_H3	1682	5717	G	30	0	5633	21.6806319900586
A_HA_H3	1683	5715	A	31	0	5690	22.1268892794376
A_HA_H3	1684	5696	T	49	0	5644	22.1513111268604
A_HA_H3	1685	5705	G	37	0	5621	22.5812133072407
A_HA_H3	1686	5670	C	64	0	5621	23.2109944849671
A_HA_H3	1687	5719	A	13	0	5654	22.8256101874779
A_HA_H3	1688	5725	A	3	0	5708	22.4453398738612
A_HA_H3	1689	5720	C	3	0	5701	23.021399754429
A_HA_H3	1690	5703	A	18	0	5592	23.3483547925608
A_HA_H3	1691	5703	T	16	0	5675	23.3892511013216
A_HA_H3	1692	5709	T	5	0	5697	23.3545725820607
A_HA_H3	1693	5616	T	47	0	5600	25.0280357142857
A_HA_H3	1694	5509	G	111	0	5468	24.3222384784199
A_HA_H3	1695	5577	C	15	0	5556	24.7708783297336
A_HA_H3	1696	5590	A	1	0	5565	23.5804132973944
A_HA_H3	1697	5587	T	1	0	5555	22.8777677767777
A_HA_H3	1698	5586	T	0	0	5572	23.5159727207466
A_HA_H3	1699	5525	T	0	0	5488	23.919278425656
A_HA_H3	1700	5478	G	0	0	5478	21.635998539613
A_HA_H3	1701	5442	A	0	0	5442	21.659500183756
