Reference_Name	Position	Coverage Depth	Consensus	Deletions	Ambiguous	Consensus_Count	Consensus_Average_Quality
A_MP	1	11224	A	0	0	11224	19.1645580898076
A_MP	2	11270	T	0	0	11270	18.8624667258208
A_MP	3	11363	G	0	0	11232	17.8225605413105
A_MP	4	11404	A	0	0	11378	17.6784144840921
A_MP	5	11340	G	82	0	11328	17.7198093220339
A_MP	6	11445	C	20	0	11422	18.7907546839433
A_MP	7	11444	C	36	0	11404	19.3006839705367
A_MP	8	11280	T	216	0	11234	19.9692896564002
A_MP	9	11437	T	79	0	11336	22.4863267466478
A_MP	10	11451	C	68	0	11194	20.0544934786493
A_MP	11	11464	T	60	0	11340	20.2320987654321
A_MP	12	11522	T	18	0	11462	19.4233118129471
A_MP	13	11184	A	357	0	11014	17.4538768839659
A_MP	14	10954	C	592	0	10875	18.6268505747126
A_MP	15	11113	C	436	0	10926	18.6357312831777
A_MP	16	11479	G	73	0	11175	17.272841163311
A_MP	17	11526	A	27	0	11467	17.4860905206244
A_MP	18	11494	G	59	0	11382	17.5415568441399
A_MP	19	11529	G	27	0	11301	18.3528006371118
A_MP	20	11516	T	42	0	11420	18.8159369527145
A_MP	21	11460	C	98	0	11007	18.1554465340238
A_MP	22	10512	G	1050	0	10120	16.3833003952569
A_MP	23	11427	A	141	0	11286	15.225677830941
A_MP	24	11543	A	27	0	11459	15.2849288768653
A_MP	25	11541	A	29	0	11407	17.5046901025686
A_MP	26	11521	C	49	0	11349	18.7929332980879
A_MP	27	11477	G	93	0	10802	16.6645991483059
A_MP	28	11401	T	169	0	11267	16.1163575042159
A_MP	29	11473	A	99	0	11055	15.3206693803709
A_MP	30	11477	T	97	0	11396	15.1947174447174
A_MP	31	11419	G	156	0	11058	16.4683487068186
A_MP	32	11060	T	515	0	10708	16.2757751214046
A_MP	33	10529	T	1047	0	10430	17.4064237775647
A_MP	34	10478	C	1099	0	10374	17.5356660882977
A_MP	35	11465	T	112	0	11428	18.3604305215261
A_MP	36	11457	C	121	0	11404	26.5132409680814
A_MP	37	11368	T	210	0	11322	45.7252252252252
A_MP	38	11346	C	232	0	11280	41.7932624113475
A_MP	39	11192	T	387	0	11013	26.2878416416962
A_MP	40	11535	A	44	0	11491	17.5714037072492
A_MP	41	11553	T	26	0	11520	16.8073784722222
A_MP	42	11540	C	39	0	10733	15.8657411720861
A_MP	43	11552	G	28	0	11477	14.1756556591444
A_MP	44	11557	T	23	0	11474	14.3944570332927
A_MP	45	11551	T	29	0	11480	14.733275261324
A_MP	46	11158	C	422	0	11023	15.8271795337023
A_MP	47	11560	C	20	0	11490	19.6990426457789
A_MP	48	11562	A	18	0	11513	17.7678276730652
A_MP	49	11571	T	9	0	11539	17.2072103301846
A_MP	50	11484	C	96	0	11431	17.7741229988627
A_MP	51	11521	A	59	0	11480	17.2904181184669
A_MP	52	11513	G	67	0	11491	17.5729701505526
A_MP	53	11509	G	71	0	11484	18.9110066179032
A_MP	54	10646	C	934	0	10602	18.7108092812677
A_MP	55	11477	C	103	0	11412	20.5569575885033
A_MP	56	11542	C	38	0	11518	21.6272790415003
A_MP	57	11572	C	8	0	11545	23.2430489389346
A_MP	58	11494	C	86	0	11426	24.6988447400665
A_MP	59	11465	T	115	0	11431	23.9103315545447
A_MP	60	11412	C	168	0	11250	20.656
A_MP	61	11504	A	76	0	11310	19.716976127321
A_MP	62	11569	A	11	0	11514	18.8583463609519
A_MP	63	11569	A	11	0	11500	19.8142608695652
A_MP	64	11556	G	24	0	11495	19.6511526750761
A_MP	65	11551	C	29	0	11522	19.8862176705433
A_MP	66	11564	C	16	0	11457	19.0545518023916
A_MP	67	11323	G	257	0	11159	17.4417958598441
A_MP	68	11410	A	170	0	11314	17.2267102704614
A_MP	69	11376	G	204	0	11177	17.0331931645343
A_MP	70	11527	A	53	0	11476	17.2931334959916
A_MP	71	11526	T	54	0	11466	17.0738705738706
A_MP	72	11326	C	254	0	10558	16.6845993559386
A_MP	73	11355	G	225	0	11033	14.114837306263
A_MP	74	11510	C	70	0	11364	13.6866420274551
A_MP	75	11510	G	70	0	10934	14.085238704957
A_MP	76	11515	C	65	0	11458	14.7898411590155
A_MP	77	11450	A	130	0	11422	16.0526177552092
A_MP	78	11257	G	323	0	11154	16.9458490227721
A_MP	79	11414	A	166	0	11391	19.7750855938899
A_MP	80	11312	G	268	0	11215	21.2079358002675
A_MP	81	11407	A	174	0	11351	20.6452294951987
A_MP	82	11514	C	67	0	11227	18.9017546984947
A_MP	83	10804	T	777	0	10738	18.497951201341
A_MP	84	11552	T	29	0	11433	18.3384063675326
A_MP	85	11549	G	32	0	11469	16.9288516871567
A_MP	86	11512	A	69	0	11424	16.7438725490196
A_MP	87	11528	A	53	0	11481	18.944691228987
A_MP	88	11511	G	70	0	11413	18.6799263997196
A_MP	89	11541	A	40	0	11497	18.3137340175698
A_MP	90	11548	T	33	0	11479	18.404129279554
A_MP	91	11562	G	19	0	11507	18.5890327626662
A_MP	92	11516	T	65	0	11461	18.3490096850188
A_MP	93	11514	C	67	0	11286	18.3762183235867
A_MP	94	11454	T	127	0	11386	18.8578078341823
A_MP	95	11564	T	17	0	11534	18.821310906884
A_MP	96	11554	T	27	0	11487	22.4943849569078
A_MP	97	11519	G	62	0	11430	21.3690288713911
A_MP	98	11511	C	70	0	11444	21.8926948619364
A_MP	99	11542	T	39	0	11497	22.8134295903279
A_MP	100	11224	G	357	0	10927	20.3160977395442
A_MP	101	11532	G	49	0	11491	20.1444608824297
A_MP	102	11348	G	233	0	11276	20.1404753458673
A_MP	103	10910	A	671	0	10834	22.2116485139376
A_MP	104	11099	A	482	0	10680	21.3385767790262
A_MP	105	11455	A	126	0	10949	19.9082107955064
A_MP	106	11519	A	62	0	10829	20.314433465694
A_MP	107	11482	A	99	0	11222	18.0885760114062
A_MP	108	11467	C	114	0	11160	16.9872759856631
A_MP	109	11432	A	149	0	10953	16.3143431023464
A_MP	110	11455	C	126	0	11282	21.8108491402234
A_MP	111	11495	A	86	0	11332	18.8330391810801
A_MP	112	11469	G	112	0	11190	17.0413762287757
A_MP	113	11387	A	194	0	11143	17.3348290406533
A_MP	114	11492	T	89	0	11388	16.16684229013
A_MP	115	11509	C	72	0	11340	16.0783068783069
A_MP	116	11057	T	524	0	10942	17.0454213123743
A_MP	117	11534	T	47	0	11447	17.7147724294575
A_MP	118	11512	G	69	0	11421	16.6569477278697
A_MP	119	11559	A	22	0	11512	17.7003127171647
A_MP	120	11553	G	28	0	11529	20.2007979876832
A_MP	121	11545	G	36	0	11510	20.519461337967
A_MP	122	11484	C	97	0	11438	20.8198985836685
A_MP	123	11519	T	62	0	11473	21.2837967401726
A_MP	124	11556	C	25	0	11464	21.1803035589672
A_MP	125	11543	T	38	0	11506	24.1165478880584
A_MP	126	11528	C	53	0	11413	21.7331989836152
A_MP	127	11554	A	27	0	11424	19.3605567226891
A_MP	128	11566	T	15	0	11500	19.0397391304348
A_MP	129	11444	G	137	0	11341	18.8890750374747
A_MP	130	11559	G	22	0	11447	18.5031012492356
A_MP	131	11549	A	32	0	11500	19.8041739130435
A_MP	132	11565	A	16	0	11517	20.8581227750282
A_MP	133	11562	T	19	0	11512	19.5275364836692
A_MP	134	11549	G	31	0	11359	19.1928866977727
A_MP	135	11550	G	30	0	11443	18.9201258411256
A_MP	136	11501	C	79	0	11444	19.436997553303
A_MP	137	11495	T	85	0	11393	20.5200561748442
A_MP	138	11404	A	176	0	11193	20.0595014741356
A_MP	139	11476	A	104	0	11344	19.2158850493653
A_MP	140	11498	A	82	0	11386	19.2824521341999
A_MP	141	11526	G	54	0	11459	19.4107688279955
A_MP	142	11437	A	143	0	11276	18.8374423554452
A_MP	143	11539	C	41	0	11437	18.4387514208271
A_MP	144	11350	A	230	0	11275	17.8315742793792
A_MP	145	11523	A	57	0	11418	17.3071466106148
A_MP	146	11491	G	89	0	11280	17.135195035461
A_MP	147	11423	A	157	0	11313	17.3829223017767
A_MP	148	11479	C	101	0	11403	17.3098307462948
A_MP	149	11560	C	19	0	11494	17.2533495736906
A_MP	150	11554	A	25	0	11457	17.37522911757
A_MP	151	11556	A	23	0	11486	18.6877938359742
A_MP	152	11526	T	53	0	11435	16.4676869261041
A_MP	153	11534	T	45	0	11437	17.1139284777477
A_MP	154	11493	C	86	0	11395	16.8596752961825
A_MP	155	11480	T	99	0	11435	17.6090074333188
A_MP	156	11501	G	78	0	11435	20.1285526891124
A_MP	157	11519	T	60	0	11462	18.3132961088815
A_MP	158	11546	C	33	0	11509	18.0373620644713
A_MP	159	11557	A	22	0	11517	17.8826083181384
A_MP	160	11560	C	20	0	11537	18.7753315419953
A_MP	161	11562	C	18	0	11538	21.4286704801525
A_MP	162	11489	T	91	0	11411	20.7221978792393
A_MP	163	11558	T	22	0	11531	22.5724568554332
A_MP	164	11571	T	9	0	11500	22.5938260869565
A_MP	165	11561	G	19	0	11485	20.7092729647366
A_MP	166	11562	A	18	0	11492	20.1717716672468
A_MP	167	11565	C	15	0	11517	20.2013545194061
A_MP	168	11564	T	16	0	11524	17.9320548420687
A_MP	169	11478	A	102	0	11410	16.4123575810692
A_MP	170	11475	A	105	0	11425	16.1574617067834
A_MP	171	11242	G	338	0	11199	16.4662023394946
A_MP	172	11474	G	106	0	11445	17.9282656181739
A_MP	173	11476	G	104	0	11445	19.8491917868065
A_MP	174	11462	G	118	0	11379	21.4089111521223
A_MP	175	11447	A	132	0	11394	19.7295945234334
A_MP	176	11276	T	302	0	10935	18.3475994513032
A_MP	177	11413	T	163	0	11249	18.0698728775891
A_MP	178	11495	T	81	0	11373	19.2140156511035
A_MP	179	11495	T	81	0	11294	21.9085355055782
A_MP	180	11399	A	177	0	11187	18.50558684187
A_MP	181	11482	G	94	0	11440	17.669493006993
A_MP	182	11540	G	35	0	11500	17.5671304347826
A_MP	183	11540	G	33	0	11453	18.6019383567624
A_MP	184	11531	T	42	0	11393	18.8104099008163
A_MP	185	11544	T	29	0	11452	18.5166783094656
A_MP	186	11533	T	40	0	11460	18.9157940663176
A_MP	187	11528	G	45	0	11353	18.7193693296926
A_MP	188	11092	T	481	0	10982	19.2011473319978
A_MP	189	11466	T	106	0	11354	19.1939404615114
A_MP	190	11537	T	35	0	11339	18.7281947261663
A_MP	191	11479	T	93	0	11270	20.2099378881988
A_MP	192	11240	C	332	0	10909	19.2530937757815
A_MP	193	11510	A	62	0	11382	17.601651730803
A_MP	194	11519	C	52	0	10993	17.2510688620031
A_MP	195	11518	G	53	0	11343	15.2688883011549
A_MP	196	11517	C	54	0	11465	15.220061055386
A_MP	197	11512	T	59	0	11441	15.7718730880168
A_MP	198	11466	C	104	0	11300	16.4295575221239
A_MP	199	11542	A	28	0	11404	19.1455629603648
A_MP	200	11474	C	95	0	11436	19.371808324589
A_MP	201	11549	C	20	0	11341	17.5408694118684
A_MP	202	11547	G	20	0	11437	15.6631983911865
A_MP	203	11555	T	12	0	11519	16.0305582081778
A_MP	204	11486	G	81	0	11413	16.1374748094278
A_MP	205	11431	C	136	0	11343	17.9455170589791
A_MP	206	11549	C	18	0	11525	21.3053362255965
A_MP	207	11537	C	30	0	11495	22.6176598521096
A_MP	208	11373	A	194	0	11283	21.6744660108127
A_MP	209	11508	G	58	0	11471	21.2035567953971
A_MP	210	11535	T	31	0	11484	19.7419017763845
A_MP	211	11366	G	200	0	10960	17.9784671532847
A_MP	212	11351	A	215	0	11287	17.3089394879064
A_MP	213	11428	G	138	0	11389	17.1178329967513
A_MP	214	11430	C	136	0	11282	16.9181882644921
A_MP	215	11199	G	367	0	10815	15.584835876098
A_MP	216	11474	G	92	0	11404	15.4807962118555
A_MP	217	11477	G	89	0	11428	15.9250087504375
A_MP	218	11468	G	98	0	10930	21.9717291857274
A_MP	219	11468	A	98	0	11054	21.2047222724805
A_MP	220	11470	C	95	0	11282	17.7355965254388
A_MP	221	11526	T	39	0	11428	17.5062128106405
A_MP	222	11429	G	134	0	11278	17.9053910267778
A_MP	223	11410	C	153	0	11311	19.0054813897975
A_MP	224	11506	A	57	0	11425	17.2818380743982
A_MP	225	11494	G	69	0	11291	16.731910371092
A_MP	226	11471	C	92	0	11218	16.2881083972188
A_MP	227	11474	G	89	0	11336	14.9207833450953
A_MP	228	11459	T	104	0	11356	14.9690031701303
A_MP	229	11477	A	84	0	11307	14.9995577960555
A_MP	230	11349	G	212	0	11140	15.3220825852783
A_MP	231	11519	A	42	0	11423	16.4729930841285
A_MP	232	11521	C	40	0	11191	17.5313198105621
A_MP	233	11533	G	28	0	11326	15.8506975101536
A_MP	234	11519	C	42	0	11488	16.0994080779944
A_MP	235	11433	T	127	0	11372	16.1901160745691
A_MP	236	11487	T	73	0	11367	16.6386909474795
A_MP	237	11520	T	39	0	11442	21.5214997378081
A_MP	238	11505	G	54	0	11454	20.0353588266108
A_MP	239	11517	T	42	0	11478	18.8229656734623
A_MP	240	11446	C	112	0	11397	19.3989646398175
A_MP	241	11512	C	46	0	11473	19.2033469885819
A_MP	242	11217	A	340	0	11154	19.2242244934553
A_MP	243	11465	A	92	0	11393	21.5768454314052
A_MP	244	11523	A	32	0	11481	21.0486891385768
A_MP	245	11526	A	29	0	11467	21.9018923868492
A_MP	246	11517	T	38	0	11441	20.7810506074644
A_MP	247	11520	G	35	0	11458	20.2473381043812
A_MP	248	11515	C	40	0	11463	20.3861990752857
A_MP	249	11521	T	34	0	11475	21.0439215686275
A_MP	250	11516	C	39	0	11441	21.0117996678612
A_MP	251	11524	T	31	0	11487	22.7433620614608
A_MP	252	11519	C	36	0	11394	21.3931016324381
A_MP	253	11506	A	49	0	11422	19.656540010506
A_MP	254	11532	A	23	0	11489	19.0219340238489
A_MP	255	11533	T	22	0	11470	18.4259808195292
A_MP	256	11474	G	79	0	11422	18.6895464892313
A_MP	257	11535	G	16	0	11518	19.0580830005209
A_MP	258	11523	G	27	0	11293	18.6802443991853
A_MP	259	11518	A	31	0	11411	20.9242835860135
A_MP	260	11529	A	14	0	11435	19.5428071709663
A_MP	261	11526	T	14	0	11447	18.4129466235695
A_MP	262	11439	G	99	0	11356	18.6851003874604
A_MP	263	11501	G	36	0	11343	18.3180816362514
A_MP	264	11494	A	43	0	11406	18.6468525337542
A_MP	265	11398	G	139	0	11201	18.8731363271137
A_MP	266	11467	A	70	0	11305	17.7857585139319
A_MP	267	11413	C	123	0	11058	17.8007777174896
A_MP	268	11488	C	48	0	11303	17.3374325400336
A_MP	269	11497	C	39	0	11338	19.4256482624802
A_MP	270	11378	A	157	0	11305	20.8078726227333
A_MP	271	11506	A	29	0	11481	20.9402491072206
A_MP	272	11499	A	35	0	11468	22.0160446459714
A_MP	273	11485	C	47	0	11449	21.4755873875448
A_MP	274	11515	A	17	0	11430	19.9894138232721
A_MP	275	11515	A	17	0	11481	19.4692970995558
A_MP	276	11514	C	18	0	11488	19.4936455431755
A_MP	277	11519	A	13	0	11470	18.8016564952049
A_MP	278	11512	T	18	0	11482	18.784445218603
A_MP	279	11474	G	54	0	11431	18.7663371533549
A_MP	280	11511	G	16	0	11458	18.3251876418223
A_MP	281	11502	A	24	0	11475	18.9667102396514
A_MP	282	11506	C	20	0	11480	19.6839721254355
A_MP	283	11447	A	79	0	11390	19.2958735733099
A_MP	284	11501	A	24	0	11453	18.906312756483
A_MP	285	11501	A	23	0	11461	19.7783788500131
A_MP	286	11489	G	34	0	11456	19.6208100558659
A_MP	287	11498	C	24	0	11487	19.818490467485
A_MP	288	11491	A	31	0	11430	20.2706911636045
A_MP	289	11482	G	40	0	11425	19.8305470459519
A_MP	290	11462	T	60	0	11396	18.5346612846613
A_MP	291	11478	T	44	0	11416	17.8733356692362
A_MP	292	11426	A	95	0	11267	17.61622437206
A_MP	293	11479	A	42	0	11358	18.0011445677056
A_MP	294	11463	A	56	0	11349	19.1220371838929
A_MP	295	11458	C	60	0	11300	19.8729203539823
A_MP	296	11441	T	77	0	11396	20.2546507546508
A_MP	297	11436	G	81	0	11283	20.0230435167952
A_MP	298	11454	T	63	0	11411	18.151432827973
A_MP	299	11437	A	77	0	11099	17.1743400306334
A_MP	300	11470	T	43	0	11403	15.3005349469438
A_MP	301	11435	A	76	0	11029	14.8623628615468
A_MP	302	11431	G	80	0	11066	15.1714259895174
A_MP	303	11422	G	89	0	11351	15.6425865562506
A_MP	304	11411	A	100	0	11359	18.301963200986
A_MP	305	11466	A	45	0	11425	19.4541794310722
A_MP	306	11465	A	45	0	11346	20.4052529525824
A_MP	307	11459	C	51	0	11180	19.7550089445438
A_MP	308	11329	T	181	0	11253	18.9801830622945
A_MP	309	11398	T	112	0	11301	18.5350853906734
A_MP	310	10806	A	703	0	10601	17.0562211112159
A_MP	311	11049	A	459	0	10968	16.3078045222465
A_MP	312	11228	G	279	0	11163	15.5595270088686
A_MP	313	11276	A	230	0	11195	16.1525681107637
A_MP	314	11286	G	220	0	11255	16.9841848067526
A_MP	315	11474	G	32	0	11460	17.7165794066318
A_MP	316	11461	G	44	0	11408	19.2849754558205
A_MP	317	11444	A	61	0	11283	19.5549942391208
A_MP	318	11320	G	185	0	11065	18.5142340713963
A_MP	319	11400	A	104	0	11343	17.8093978665256
A_MP	320	11429	T	75	0	11335	16.3303925893251
A_MP	321	11374	A	128	0	11264	15.9266690340909
A_MP	322	11201	A	301	0	11101	16.7091253040267
A_MP	323	11190	C	312	0	10918	16.15002747756
A_MP	324	11401	G	101	0	10994	15.0501182463162
A_MP	325	11373	T	129	0	11260	14.704351687389
A_MP	326	11429	T	73	0	11212	14.9666428826258
A_MP	327	11201	C	300	0	10978	15.6635088358535
A_MP	328	11439	C	62	0	11304	19.3305909412597
A_MP	329	11460	A	41	0	11412	18.5666841920785
A_MP	330	11456	T	45	0	11384	18.6651440618412
A_MP	331	11258	G	242	0	11147	18.619987440567
A_MP	332	11422	G	77	0	11344	18.2753878702398
A_MP	333	11422	G	75	0	11371	19.1949696596605
A_MP	334	11405	G	91	0	11277	21.2873104549082
A_MP	335	11377	C	118	0	11335	20.4068813409793
A_MP	336	11400	C	95	0	11305	20.6788146837682
A_MP	337	10986	A	508	0	10835	20.0405168435625
A_MP	338	11195	A	298	0	11146	20.8917100305042
A_MP	339	11224	A	269	0	11150	20.8048430493274
A_MP	340	11304	G	187	0	11159	20.4402724258446
A_MP	341	11437	A	53	0	11274	20.4413695227958
A_MP	342	11445	A	45	0	11400	20.1514035087719
A_MP	343	11440	A	50	0	11387	20.8990954597348
A_MP	344	11435	T	55	0	11356	18.9553539978866
A_MP	345	11433	A	56	0	11285	17.5547186530793
A_MP	346	11447	G	47	0	11301	17.0943279355809
A_MP	347	11445	C	49	0	11411	17.0750153360792
A_MP	348	11430	T	64	0	11360	19.3960387323944
A_MP	349	11441	C	53	0	11383	19.6665202494949
A_MP	350	11425	T	65	0	11387	23.3526828839905
A_MP	351	11389	C	100	0	11292	21.5164718384697
A_MP	352	11412	A	77	0	11353	20.0988285034793
A_MP	353	11447	G	40	0	11432	19.6574527641707
A_MP	354	11416	T	70	0	11361	17.937593521697
A_MP	355	11414	T	71	0	11317	17.5375983034373
A_MP	356	11395	A	89	0	11289	17.0835326423953
A_MP	357	11418	T	66	0	11327	16.4821223624967
A_MP	358	11438	T	46	0	11371	17.2968076686307
A_MP	359	11403	C	80	0	11348	17.6506873457878
A_MP	360	11429	T	54	0	11390	19.3109745390694
A_MP	361	11417	G	64	0	11347	22.1882435886137
A_MP	362	11433	C	46	0	11401	23.0739408823787
A_MP	363	11432	T	45	0	11400	23.089649122807
A_MP	364	11414	G	63	0	11336	22.1371736062103
A_MP	365	11434	G	43	0	11400	20.050350877193
A_MP	366	11425	T	52	0	11386	20.1215527841209
A_MP	367	11427	G	50	0	11393	20.1667690687264
A_MP	368	11409	C	67	0	11376	20.5122187060478
A_MP	369	11393	A	82	0	11303	20.6462001238609
A_MP	370	11404	C	70	0	11339	20.529940911897
A_MP	371	11297	T	177	0	11196	19.2058770989639
A_MP	372	11409	T	65	0	11366	19.0624670068626
A_MP	373	11388	G	86	0	11295	19.1659141212926
A_MP	374	11341	C	133	0	11311	19.5428344089824
A_MP	375	11414	C	56	0	11355	21.4269484808454
A_MP	376	11351	A	119	0	11270	20.3907719609583
A_MP	377	11392	G	78	0	11351	20.5033917716501
A_MP	378	11381	T	88	0	11219	17.9119351100811
A_MP	379	11400	T	69	0	11348	17.9158442016214
A_MP	380	11378	G	88	0	11273	18.0788609952985
A_MP	381	11409	C	55	0	11386	18.4593360266995
A_MP	382	11423	A	41	0	11391	19.9626020542534
A_MP	383	11421	T	43	0	11385	19.256038647343
A_MP	384	11401	G	62	0	11285	19.0933983163491
A_MP	385	11418	G	43	0	11368	18.8438599577762
A_MP	386	11404	G	56	0	11347	20.3507535031286
A_MP	387	11398	C	61	0	11373	21.7617163457311
A_MP	388	11408	C	51	0	11364	21.9867124252024
A_MP	389	11394	T	64	0	11316	21.6265464828561
A_MP	390	11384	C	71	0	11158	21.4591324610145
A_MP	391	11271	A	184	0	11169	20.7994448921121
A_MP	392	11283	T	172	0	11217	19.538914148168
A_MP	393	11385	A	70	0	11255	18.5035095513105
A_MP	394	11392	T	62	0	11300	18.6999115044248
A_MP	395	11357	A	97	0	11202	17.354222460275
A_MP	396	11381	C	72	0	11319	17.5608269281739
A_MP	397	11395	A	57	0	11321	18.1301121809027
A_MP	398	11410	A	42	0	11385	19.2734299516908
A_MP	399	11409	T	43	0	11336	18.2567043048694
A_MP	400	11399	A	53	0	11298	18.4762789874314
A_MP	401	11405	G	46	0	11338	18.6181866290351
A_MP	402	11404	G	47	0	11387	19.0591903047335
A_MP	403	11408	A	43	0	11364	21.3013903555086
A_MP	404	11397	T	54	0	11372	21.2433169187478
A_MP	405	10741	G	710	0	10712	20.5829910380881
A_MP	406	11279	G	170	0	11263	21.0735150492764
A_MP	407	11391	G	56	0	11361	21.5892967168383
A_MP	408	11399	G	48	0	11383	23.3066854080647
A_MP	409	11393	G	51	0	11342	22.6199964732851
A_MP	410	11374	C	69	0	11306	21.4518839554219
A_MP	411	11391	T	52	0	11314	21.9547463319781
A_MP	412	11397	G	46	0	11325	22.5657395143488
A_MP	413	11362	T	80	0	11183	20.4243941697219
A_MP	414	11366	A	73	0	11258	19.257594599396
A_MP	415	11388	A	51	0	11267	18.5955445105174
A_MP	416	11374	C	64	0	11286	18.7146907673223
A_MP	417	11390	C	47	0	11299	20.7135144703071
A_MP	418	11385	A	50	0	11283	20.6371532393867
A_MP	419	11359	C	74	0	11326	22.5287833303903
A_MP	420	11384	T	48	0	11331	22.386991439414
A_MP	421	11372	G	59	0	11266	22.0078111130836
A_MP	422	11386	A	44	0	11348	20.8034014804371
A_MP	423	11390	A	39	0	11335	19.9808557565064
A_MP	424	11377	G	52	0	11326	19.7318559067632
A_MP	425	11386	T	39	0	11332	19.9357571478998
A_MP	426	11370	G	54	0	11326	20.5118311848843
A_MP	427	11377	G	47	0	11319	20.935860058309
A_MP	428	11382	C	42	0	11355	21.8649933949802
A_MP	429	11384	A	39	0	11354	22.2997181610005
A_MP	430	11312	T	111	0	11216	21.2684557774608
A_MP	431	11387	T	35	0	11343	21.6953186987569
A_MP	432	11386	T	36	0	11352	22.3144820295983
A_MP	433	11361	G	60	0	11289	21.9553547701302
A_MP	434	11377	G	43	0	11346	23.5137493389741
A_MP	435	11349	C	70	0	11323	23.5784686037269
A_MP	436	11378	C	41	0	11346	23.9596333509607
A_MP	437	11359	T	59	0	11323	24.6408195707851
A_MP	438	11297	G	121	0	11245	25.6714984437528
A_MP	439	11311	G	107	0	11273	24.7977468287058
A_MP	440	11319	T	99	0	11286	24.3740917951444
A_MP	441	11375	G	43	0	11348	24.0596580895312
A_MP	442	11379	T	39	0	11350	30.4658149779736
A_MP	443	11384	G	31	0	11344	38.3854901269394
A_MP	444	11378	T	36	0	11338	54.8085200211678
A_MP	445	11359	G	55	0	11327	26.7358523880992
A_MP	446	11313	C	100	0	11231	24.4117175674472
A_MP	447	11345	A	68	0	11254	23.2989159409988
A_MP	448	11384	A	29	0	11348	22.6647867465633
A_MP	449	11384	C	29	0	11358	22.9804543053354
A_MP	450	11362	A	50	0	11268	22.5579517216897
A_MP	451	11307	T	105	0	11276	22.9682511528911
A_MP	452	11316	G	92	0	11232	23.1067485754986
A_MP	453	11335	T	73	0	11288	22.6847094259391
A_MP	454	11228	G	179	0	10758	19.7805354155047
A_MP	455	11245	A	158	0	11184	19.5301323319027
A_MP	456	11282	G	121	0	11217	20.0728358741196
A_MP	457	11323	C	79	0	11286	20.9251284777601
A_MP	458	11317	A	85	0	11281	24.2444818721745
A_MP	459	11233	G	167	0	10991	23.122463834046
A_MP	460	11279	A	118	0	11154	22.0366684597454
A_MP	461	11303	T	94	0	11144	21.0440595836324
A_MP	462	11323	T	73	0	11241	20.8136286807224
A_MP	463	11307	G	89	0	11154	21.629191321499
A_MP	464	11331	C	65	0	11215	22.9283102987071
A_MP	465	11344	T	51	0	11288	24.7639085754784
A_MP	466	11328	G	66	0	10672	22.5836769115442
A_MP	467	11350	A	44	0	11310	21.79566755084
A_MP	468	11334	T	59	0	11221	21.8927903038945
A_MP	469	11351	T	42	0	11292	21.753099539497
A_MP	470	10645	C	748	0	10430	24.0671140939597
A_MP	471	11331	C	62	0	11284	26.175292449486
A_MP	472	11309	C	81	0	11187	25.5560918923751
A_MP	473	11290	A	100	0	11119	22.8877596906197
A_MP	474	11258	G	132	0	11210	28.0159678858162
A_MP	475	11285	C	104	0	11270	26.8795918367347
A_MP	476	11289	A	99	0	11196	26.3740621650589
A_MP	477	11340	C	48	0	11318	27.6839547623255
A_MP	478	11305	A	82	0	11202	25.8783252990537
A_MP	479	11291	G	96	0	11196	25.9393533404787
A_MP	480	11296	G	89	0	11077	25.9562155818362
A_MP	481	11253	T	130	0	11167	25.7274111220561
A_MP	482	11222	C	160	0	11077	26.2479913333935
A_MP	483	11323	T	57	0	11233	26.1565921837443
A_MP	484	11320	C	56	0	11183	26.755700617008
A_MP	485	11323	A	53	0	11275	25.9379157427938
A_MP	486	11326	T	48	0	11302	25.6956290921961
A_MP	487	11301	A	71	0	11195	24.7730236712818
A_MP	488	11325	G	47	0	11301	24.8507211751172
A_MP	489	11338	G	34	0	11324	25.6078240904274
A_MP	490	11322	C	49	0	11285	28.4294195835179
A_MP	491	11332	A	38	0	11269	31.1495252462508
A_MP	492	11310	G	60	0	11250	30.5252444444444
A_MP	493	11311	A	57	0	11259	28.9735322852829
A_MP	494	11321	T	42	0	11284	28.7406947890819
A_MP	495	11303	G	59	0	11268	27.7294994675186
A_MP	496	11322	G	38	0	11295	28.5348384240815
A_MP	497	11322	T	36	0	11292	29.4204746723344
A_MP	498	11293	G	64	0	11258	29.4729969799254
A_MP	499	11289	G	66	0	11241	29.5783293301308
A_MP	500	11252	C	100	0	11119	29.3571364331325
A_MP	501	11258	A	94	0	11150	29.1405381165919
A_MP	502	11298	A	53	0	11197	28.7287666339198
A_MP	503	11296	C	53	0	11175	28.7967785234899
A_MP	504	11308	A	41	0	11226	27.9519864600036
A_MP	505	11316	A	32	0	11253	27.5413667466453
A_MP	506	11291	C	56	0	11201	27.9827693955897
A_MP	507	11309	C	36	0	11094	27.0293852532901
A_MP	508	11303	A	41	0	11204	26.3324705462335
A_MP	509	11309	A	35	0	11265	26.5296937416778
A_MP	510	11307	T	37	0	11273	26.1274727224341
A_MP	511	11294	C	46	0	11155	27.2785298072613
A_MP	512	11310	C	30	0	11237	29.500756429652
A_MP	513	11309	A	31	0	11270	29.5305235137533
A_MP	514	11298	T	40	0	11257	31.9541618548459
A_MP	515	11302	T	36	0	11260	30.241918294849
A_MP	516	11295	A	42	0	11244	28.6905905371754
A_MP	517	11296	A	41	0	11262	29.7370804475226
A_MP	518	11297	T	40	0	11249	29.4188816783714
A_MP	519	11185	A	148	0	11058	28.5869958401158
A_MP	520	11276	A	56	0	11155	28.2128193635141
A_MP	521	11294	A	38	0	11251	28.9455159541374
A_MP	522	11297	A	34	0	11224	31.4401282965075
A_MP	523	11289	C	42	0	11266	30.4601455707438
A_MP	524	11270	A	60	0	11046	29.143309795401
A_MP	525	11272	T	58	0	11228	28.4422871392946
A_MP	526	11109	G	218	0	11007	27.0844916871082
A_MP	527	11227	A	98	0	11147	27.3148829281421
A_MP	528	11258	G	65	0	11185	28.0846669646848
A_MP	529	11200	A	123	0	11148	30.2139397201292
A_MP	530	11280	A	42	0	11241	29.7687038519705
A_MP	531	11264	C	57	0	11229	29.0032059845044
A_MP	532	11270	A	50	0	11218	29.8133357104653
A_MP	533	11249	G	66	0	11140	29.9253141831239
A_MP	534	11242	A	71	0	11180	30.8929338103757
A_MP	535	11281	A	31	0	11242	32.5319338196051
A_MP	536	11280	T	32	0	11256	32.1533404406539
A_MP	537	11271	G	41	0	11236	33.4113563545746
A_MP	538	11277	G	33	0	11254	32.6507908299271
A_MP	539	11200	T	110	0	11136	32.430316091954
A_MP	540	11273	T	36	0	11240	31.9059608540925
A_MP	541	11277	T	32	0	11220	32.5604278074866
A_MP	542	11272	T	36	0	11222	34.8377294599893
A_MP	543	11253	G	54	0	11203	30.8475408372757
A_MP	544	11257	G	49	0	11236	29.7148451406194
A_MP	545	11242	C	62	0	11211	30.02765141379
A_MP	546	11254	C	50	0	11178	30.55743424584
A_MP	547	11245	A	58	0	11195	30.6752121482805
A_MP	548	11257	G	42	0	11214	30.6472266809345
A_MP	549	11260	C	38	0	11236	31.0046279814881
A_MP	550	11228	A	68	0	11159	31.0413119455148
A_MP	551	11235	C	61	0	11172	31.6319369853204
A_MP	552	11237	T	59	0	11129	30.3371372090934
A_MP	553	11164	A	132	0	11081	28.9378214962549
A_MP	554	11211	C	84	0	11174	29.3428494719885
A_MP	555	11253	A	42	0	11152	27.9929160688666
A_MP	556	11252	G	42	0	11229	28.8289251046398
A_MP	557	11256	C	37	0	11236	30.9648451406194
A_MP	558	11248	T	44	0	11216	29.0679386590585
A_MP	559	11227	A	63	0	11178	28.7358203614242
A_MP	560	11242	A	47	0	11210	28.0381801962533
A_MP	561	11246	G	42	0	11239	28.6335083192455
A_MP	562	11257	G	29	0	11249	31.1420570717397
A_MP	563	11256	C	29	0	11236	31.7993948024208
A_MP	564	11251	T	31	0	11217	30.6719265400731
A_MP	565	11252	A	29	0	11215	29.3342844404815
A_MP	566	11254	T	27	0	11225	29.3101113585746
A_MP	567	11199	G	82	0	11147	28.8946801830089
A_MP	568	11236	G	43	0	11196	28.747945694891
A_MP	569	11226	A	52	0	11188	29.6541830532714
A_MP	570	11231	G	47	0	11199	30.6130011608179
A_MP	571	11216	C	59	0	11180	30.9374776386404
A_MP	572	11201	A	73	0	11114	30.1828324635595
A_MP	573	11236	A	37	0	11195	29.3552478785172
A_MP	574	11230	A	38	0	11171	29.1800196938501
A_MP	575	11226	T	40	0	11197	29.3318746092703
A_MP	576	11216	G	48	0	11113	28.2543867542518
A_MP	577	11209	G	51	0	11174	28.410954000358
A_MP	578	11192	C	68	0	11159	29.0135316784658
A_MP	579	11199	T	61	0	11139	29.6690905826376
A_MP	580	11127	G	131	0	10936	28.3395208485735
A_MP	581	11205	G	52	0	11059	28.6521385297043
A_MP	582	11202	A	55	0	11161	27.6333661858256
A_MP	583	11202	T	54	0	11138	28.3409947926019
A_MP	584	10971	C	280	0	10738	27.6818774445893
A_MP	585	11048	A	202	0	10871	26.8466562413761
A_MP	586	11134	A	115	0	11076	26.1524918743229
A_MP	587	11119	G	130	0	11036	26.6283073577383
A_MP	588	11179	T	68	0	11095	28.2353312302839
A_MP	589	11102	G	144	0	10852	25.5824732768153
A_MP	590	11138	A	121	0	11082	25.1219094026349
A_MP	591	11111	G	148	0	11066	25.1273269474065
A_MP	592	11121	C	137	0	11081	25.8869235628553
A_MP	593	11136	A	122	0	11067	28.4244149272612
A_MP	594	11111	G	146	0	11074	28.8743904641503
A_MP	595	11184	G	71	0	11175	29.5362863534676
A_MP	596	11135	C	119	0	11102	29.9477571608719
A_MP	597	11191	A	63	0	11120	30.2693345323741
A_MP	598	11195	G	59	0	11157	30.6379851214484
A_MP	599	11199	C	54	0	11129	30.0635277203702
A_MP	600	11191	G	60	0	11117	27.7492129171539
A_MP	601	11204	G	46	0	11161	28.4707463488935
A_MP	602	11204	A	45	0	11155	28.6673240699238
A_MP	603	11191	G	56	0	11162	30.7298871170041
A_MP	604	11197	G	50	0	11182	31.8240028617421
A_MP	605	11186	C	60	0	11141	31.6976034467283
A_MP	606	11193	C	50	0	11120	32.1260791366906
A_MP	607	11196	A	46	0	11104	31.434257925072
A_MP	608	11203	T	37	0	11167	31.6058028118564
A_MP	609	11156	G	84	0	11131	30.2024975294223
A_MP	610	11159	G	77	0	11096	29.3193943763518
A_MP	611	11143	A	91	0	11054	28.7204631807491
A_MP	612	11145	G	88	0	10991	29.4874897643527
A_MP	613	11169	A	60	0	11132	28.0708767517068
A_MP	614	11111	T	118	0	10845	27.3171968649147
A_MP	615	11166	T	63	0	11095	26.8683190626408
A_MP	616	11139	G	90	0	11033	26.9006616514094
A_MP	617	11153	C	75	0	11088	26.708152958153
A_MP	618	11114	T	113	0	11022	27.3159136272909
A_MP	619	11087	A	139	0	10684	22.9205353800075
A_MP	620	11134	G	91	0	11027	21.5199056860433
A_MP	621	11160	T	65	0	11099	21.1071267681773
A_MP	622	10848	C	375	0	10141	20.9738684547875
A_MP	623	11049	A	174	0	10933	20.9268270374097
A_MP	624	11089	G	133	0	11025	21.1272562358277
A_MP	625	11149	G	69	0	11125	22.2118651685393
A_MP	626	11154	C	64	0	11116	25.4731917956099
A_MP	627	11170	C	47	0	11141	28.1754779642761
A_MP	628	11147	A	70	0	11051	27.9708623653968
A_MP	629	11172	G	44	0	11152	29.7609397417504
A_MP	630	11180	G	33	0	11167	29.5417748723919
A_MP	631	11162	C	50	0	11132	29.8929213079411
A_MP	632	11156	A	54	0	11067	31.5572422517394
A_MP	633	11151	G	58	0	11112	31.3760799136069
A_MP	634	11140	A	64	0	11080	30.279963898917
A_MP	635	11163	T	41	0	11089	30.5110469834972
A_MP	636	11173	G	31	0	11129	28.7901877976458
A_MP	637	11178	G	23	0	11149	29.5202260292403
A_MP	638	11170	T	29	0	11121	30.4110241884723
A_MP	639	11151	G	50	0	11102	30.3381372725635
A_MP	640	11139	C	62	0	11078	30.213666726846
A_MP	641	11175	A	25	0	11105	28.6409725348942
A_MP	642	11154	G	44	0	11118	29.1619895664688
A_MP	643	11176	G	20	0	11162	28.8777996774772
A_MP	644	11144	C	49	0	11103	30.0512474106097
A_MP	645	11153	A	37	0	10967	28.6142974377678
A_MP	646	11172	A	18	0	11133	27.689391897961
A_MP	647	11170	T	20	0	11131	26.3191986344443
A_MP	648	11091	G	98	0	10861	23.2977626369579
A_MP	649	11029	A	157	0	10887	23.1169284467714
A_MP	650	11044	G	141	0	10970	22.973290793072
A_MP	651	11138	A	47	0	10920	27.3228021978022
A_MP	652	11106	G	79	0	10915	25.8260192395786
A_MP	653	11151	C	33	0	11104	25.141030259366
A_MP	654	11152	C	29	0	11095	25.8602974312753
A_MP	655	11142	A	37	0	11064	26.1406362979031
A_MP	656	11110	T	69	0	11039	25.9988223570976
A_MP	657	11145	T	32	0	11053	25.3221749751199
A_MP	658	10929	G	248	0	10844	25.1253227591295
A_MP	659	11154	G	23	0	11115	26.0356275303644
A_MP	660	11155	G	21	0	11014	26.7883602687489
A_MP	661	11141	A	35	0	11050	29.6133936651584
A_MP	662	11126	C	47	0	10968	26.9446571845368
A_MP	663	11125	T	48	0	11039	26.6426306730682
A_MP	664	11027	C	144	0	10816	26.8993158284024
A_MP	665	11136	A	34	0	11001	26.2184346877557
A_MP	666	11136	T	32	0	11062	27.2908154040861
A_MP	667	11105	C	60	0	11028	28.4383387740297
A_MP	668	11106	C	57	0	10984	29.1015112891479
A_MP	669	11071	T	92	0	10872	30.4366261957322
A_MP	670	11080	A	78	0	10772	26.3704047530635
A_MP	671	11090	G	67	0	10849	25.8212738501244
A_MP	672	11036	T	119	0	10872	25.2687637969095
A_MP	673	11119	T	35	0	10995	27.1104138244657
A_MP	674	11026	C	126	0	10984	27.7231427530954
A_MP	675	11065	C	85	0	10986	30.1210631713089
A_MP	676	11111	A	39	0	11038	30.980612429788
A_MP	677	11112	G	36	0	11089	32.6567769862025
A_MP	678	11120	C	26	0	11095	32.1578188373141
A_MP	679	11116	A	29	0	10892	30.3854204921043
A_MP	680	11091	C	54	0	11072	30.8866510115607
A_MP	681	11099	T	45	0	11075	30.8183295711061
A_MP	682	11109	G	35	0	10912	29.0135630498534
A_MP	683	11101	G	39	0	11046	29.5034401593337
A_MP	684	11044	T	93	0	10993	28.884653870645
A_MP	685	11007	C	127	0	10902	28.0015593469088
A_MP	686	10903	T	228	0	10814	29.4095616793046
A_MP	687	10327	A	802	0	10214	27.7215586449971
A_MP	688	10799	A	328	0	10588	25.4647714393653
A_MP	689	10906	G	215	0	10790	24.587859128823
A_MP	690	11004	A	114	0	10880	25.9013786764706
A_MP	691	11049	G	66	0	10946	35.9281015896218
A_MP	692	11080	A	34	0	11026	30.2123163431888
A_MP	693	11085	T	29	0	11037	28.3944006523512
A_MP	694	11083	G	30	0	10900	27.8454128440367
A_MP	695	11077	A	31	0	11015	27.4413073082161
A_MP	696	10978	T	121	0	10938	27.3995245931615
A_MP	697	10970	C	126	0	10833	27.3943505954029
A_MP	698	10900	T	196	0	10837	28.8709975085356
A_MP	699	11003	T	91	0	10932	28.2199963410172
A_MP	700	10998	C	93	0	10817	26.6731995932329
A_MP	701	10809	T	280	0	10725	27.1292307692308
A_MP	702	11036	T	52	0	10996	27.1999818115678
A_MP	703	10873	G	215	0	10772	23.0832714444857
A_MP	704	10973	A	113	0	10928	27.5930636896047
A_MP	705	11048	A	38	0	11023	30.1204753696816
A_MP	706	11064	A	21	0	11017	30.5013161477716
A_MP	707	11043	A	42	0	10999	31.0114555868715
A_MP	708	10947	T	138	0	10791	29.9272541933092
A_MP	709	11059	T	25	0	10914	28.6118746564046
A_MP	710	11051	T	31	0	10996	29.1289559839942
A_MP	711	11009	G	70	0	10885	28.4403307303629
A_MP	712	11006	C	72	0	10942	29.2597331383659
A_MP	713	11036	A	40	0	10965	29.1199270405837
A_MP	714	11031	G	42	0	10905	28.5135259055479
A_MP	715	10925	A	146	0	10769	29.1192311263813
A_MP	716	11029	C	37	0	10955	28.8637151985395
A_MP	717	11029	C	35	0	10935	28.6077732053041
A_MP	718	10999	T	64	0	10956	29.3949434100037
A_MP	719	10970	A	92	0	10779	28.9906299285648
A_MP	720	11016	T	46	0	10975	28.2323462414579
A_MP	721	10995	C	66	0	10833	28.0835410320318
A_MP	722	10947	A	113	0	10713	27.870624474937
A_MP	723	11017	G	41	0	10989	28.8043498043498
A_MP	724	11009	A	48	0	10927	28.9099478356365
A_MP	725	11033	A	23	0	10976	28.7674927113703
A_MP	726	11032	A	24	0	10964	30.7806457497264
A_MP	727	11018	C	33	0	10963	28.9551217732373
A_MP	728	10883	G	165	0	10539	24.4848657367872
A_MP	729	10953	A	95	0	10842	23.8749308245711
A_MP	730	11005	A	41	0	10964	23.9014958044509
A_MP	731	11001	T	45	0	10981	24.7106820872416
A_MP	732	10842	G	203	0	10760	27.9011152416357
A_MP	733	10977	G	67	0	10922	28.7101263504853
A_MP	734	10990	G	51	0	10857	28.7097724970065
A_MP	735	10999	G	42	0	10926	33.5493318689365
A_MP	736	10987	G	48	0	10794	31.9132851584213
A_MP	737	10980	T	53	0	10919	28.3513142229142
A_MP	738	10866	G	166	0	10745	28.025127966496
A_MP	739	10829	C	200	0	10691	28.0283415957347
A_MP	740	10945	A	83	0	10738	27.9807226671633
A_MP	741	10937	G	90	0	10766	27.19988853799
A_MP	742	10759	A	265	0	10546	26.3332069030912
A_MP	743	10910	T	109	0	10796	25.5679881437569
A_MP	744	10922	G	95	0	10708	25.4256630556593
A_MP	745	10864	C	152	0	10676	26.153428250281
A_MP	746	10905	A	110	0	10729	26.9395097399571
A_MP	747	10954	A	61	0	10839	26.427437955531
A_MP	748	10948	C	64	0	10825	25.8206928406467
A_MP	749	10780	G	229	0	10519	24.6782964160091
A_MP	750	10955	A	54	0	10889	24.6572688033796
A_MP	751	10953	T	56	0	10899	24.8845765666575
A_MP	752	10977	T	30	0	10918	26.5630152042499
A_MP	753	10848	C	147	0	10554	27.7454993367444
A_MP	754	10935	A	60	0	10797	27.3908493099935
A_MP	755	10985	A	10	0	10935	27.9691815272062
A_MP	756	10979	G	14	0	10933	28.6889234427879
A_MP	757	10976	T	15	0	10898	30.0831345200954
A_MP	758	10976	G	15	0	10906	29.8419218778654
A_MP	759	10969	A	17	0	10928	29.6756039531479
A_MP	760	10964	C	21	0	10931	29.7280212240417
A_MP	761	10963	C	21	0	10924	29.2774624679605
A_MP	762	10949	T	34	0	10922	29.9704266617836
A_MP	763	10935	G	46	0	10914	30.5764156129742
A_MP	764	10923	C	50	0	10878	30.3906048906049
A_MP	765	10814	T	157	0	10775	32.3187935034803
A_MP	766	10830	T	141	0	10764	32.48541434411
A_MP	767	10826	G	144	0	10774	30.9303879710414
A_MP	768	10942	T	28	0	10904	30.0708914159941
A_MP	769	10926	T	39	0	10887	29.3257095618628
A_MP	770	10915	G	49	0	10863	28.7036730185032
A_MP	771	10905	T	58	0	10857	27.6614165975868
A_MP	772	10905	T	54	0	10875	28.2447816091954
A_MP	773	10772	G	186	0	10692	27.2770295548073
A_MP	774	10814	C	143	0	10762	27.5539862479093
A_MP	775	10891	C	62	0	10756	27.9792673856452
A_MP	776	10866	G	86	0	10516	24.9011981742107
A_MP	777	10859	C	91	0	10798	24.4447119837007
A_MP	778	10777	G	173	0	10685	23.0380907814694
A_MP	779	10826	A	124	0	10756	23.0199888434362
A_MP	780	10908	A	40	0	10854	24.2962962962963
A_MP	781	10891	T	56	0	10836	24.4006090808416
A_MP	782	10897	A	50	0	10776	25.505289532294
A_MP	783	10915	T	31	0	10864	26.7615058910162
A_MP	784	10899	C	44	0	10541	23.5505170287449
A_MP	785	10888	A	53	0	10779	23.073383430745
A_MP	786	10872	T	68	0	10793	23.8140461410173
A_MP	787	10883	T	57	0	10721	23.9065385691633
A_MP	788	10706	G	233	0	10502	23.8897352885165
A_MP	789	10879	G	59	0	10679	25.3169772450604
A_MP	790	10894	G	43	0	10665	25.6296296296296
A_MP	791	10898	A	39	0	10840	26.9387453874539
A_MP	792	10898	T	38	0	10772	25.9844040103973
A_MP	793	10831	C	104	0	10586	25.0133194785566
A_MP	794	10637	T	298	0	10401	25.848764541871
A_MP	795	10894	T	39	0	10849	25.3258364826251
A_MP	796	10883	G	50	0	10814	25.5749029036434
A_MP	797	10906	C	26	0	10869	27.1028613487901
A_MP	798	10903	A	29	0	10698	25.9649467190129
A_MP	799	10910	C	20	0	10866	25.3464016197313
A_MP	800	10818	T	109	0	10767	24.7963220952912
A_MP	801	10899	T	25	0	10826	24.9995381489008
A_MP	802	10874	G	48	0	10704	26.3822869955157
A_MP	803	10871	A	51	0	10827	25.7712200979034
A_MP	804	10832	T	88	0	10780	26.149814471243
A_MP	805	10790	A	127	0	10734	24.1769144773617
A_MP	806	10770	T	145	0	10559	23.560848565205
A_MP	807	10753	T	155	0	10678	23.8124180558157
A_MP	808	10692	G	216	0	10570	24.0292336802271
A_MP	809	10774	T	134	0	10644	25.4027621195039
A_MP	810	10713	G	191	0	10232	25.6081899921814
A_MP	811	10832	G	68	0	10672	24.2432533733133
A_MP	812	10833	A	65	0	10775	24.0900232018561
A_MP	813	10773	T	125	0	10604	24.6884194643531
A_MP	814	10800	T	97	0	10671	26.0211788960735
A_MP	815	10788	C	107	0	10538	25.5901499335737
A_MP	816	10573	T	321	0	10463	27.4339099684603
A_MP	817	10603	T	287	0	10480	27.2841603053435
A_MP	818	10577	G	306	0	10338	24.8665118978526
A_MP	819	10853	A	29	0	10810	24.9580943570768
A_MP	820	10833	T	47	0	10799	26.4620798222058
A_MP	821	10799	C	78	0	10506	25.2142585189416
A_MP	822	10786	G	91	0	10433	24.3018307294163
A_MP	823	10779	T	98	0	10705	24.1965436711817
A_MP	824	10749	C	128	0	10628	23.9165412118931
A_MP	825	9879	T	996	0	9724	25.8801933360757
A_MP	826	10427	T	447	0	10365	26.3965267727931
A_MP	827	10599	T	271	0	10515	28.4745601521636
A_MP	828	10795	T	75	0	10757	26.7047503950916
A_MP	829	10823	T	45	0	10779	31.9402541979775
A_MP	830	10815	T	50	0	10789	33.0392065993141
A_MP	831	10760	T	104	0	10709	33.319450929125
A_MP	832	10677	C	178	0	10585	29.5929145016533
A_MP	833	10555	A	300	0	10435	26.8985146142789
A_MP	834	10842	A	13	0	10786	26.5248470239199
A_MP	835	10844	A	9	0	10811	28.0937008602349
A_MP	836	10840	T	11	0	10804	30.5157349129952
A_MP	837	10817	G	33	0	10729	30.3779476186038
A_MP	838	10814	C	35	0	10657	28.9335647930937
A_MP	839	10817	G	27	0	10684	25.4242792961438
A_MP	840	10797	T	46	0	10746	24.7178485017681
A_MP	841	10784	C	55	0	10627	23.9085348640256
A_MP	842	10800	T	34	0	10743	24.1563808991902
A_MP	843	10739	A	90	0	10677	26.1243795073523
A_MP	844	10700	C	128	0	10666	27.4476842302644
A_MP	845	10768	C	58	0	10681	28.4550135755079
A_MP	846	10747	G	77	0	10360	26.2233590733591
A_MP	847	10716	A	107	0	10676	26.0277257399775
A_MP	848	10669	T	151	0	10616	26.4270911831198
A_MP	849	10678	T	142	0	10639	27.1325312529373
A_MP	850	10723	C	93	0	10413	28.6688754441563
A_MP	851	10656	T	160	0	10584	31.2095616024187
A_MP	852	10757	T	55	0	10684	31.7846312242606
A_MP	853	10743	C	67	0	10674	28.9532508900131
A_MP	854	10713	A	96	0	10645	28.7884452794739
A_MP	855	10790	A	13	0	10760	29.356970260223
A_MP	856	10789	A	11	0	10723	28.6619416208151
A_MP	857	10789	C	8	0	10641	28.1882341885161
A_MP	858	10795	A	2	0	10708	26.3965259618976
A_MP	859	10778	C	16	0	10620	25.7521657250471
A_MP	860	10774	G	11	0	10693	22.967174787244
A_MP	861	10777	G	8	0	10772	22.9485703676198
A_MP	862	10763	C	21	0	10729	23.8762233199739
A_MP	863	10771	C	13	0	10719	24.6899897378487
A_MP	864	10726	T	57	0	10686	29.2874789444133
A_MP	865	10751	T	31	0	10583	32.7054710384579
A_MP	866	10156	A	621	0	9970	25.4892678034102
A_MP	867	10733	A	44	0	10623	25.2210298409112
A_MP	868	10735	A	39	0	10715	26.7600559962669
A_MP	869	10706	A	59	0	10544	29.5578528072838
A_MP	870	10631	G	130	0	10441	28.6499377454267
A_MP	871	10682	A	77	0	10617	26.5356503720448
A_MP	872	10574	G	180	0	10334	26.5544803561061
A_MP	873	10609	G	141	0	10472	26.1177425515661
A_MP	874	10640	T	106	0	10503	25.5768827953918
A_MP	875	10595	C	146	0	10312	26.2827773467804
A_MP	876	10565	C	176	0	10374	26.1525930210141
A_MP	877	10400	T	340	0	10167	27.6502409757057
A_MP	878	10558	T	181	0	10381	28.1721414121954
A_MP	879	10519	C	217	0	10235	24.6424035173425
A_MP	880	10657	T	76	0	10565	24.1584477046853
A_MP	881	10606	A	127	0	10388	24.2037928378899
A_MP	882	10523	C	208	0	10371	24.1837816989683
A_MP	883	10537	G	188	0	10377	22.4136070155151
A_MP	884	10656	G	67	0	10548	22.2550246492226
A_MP	885	10633	A	89	0	10550	22.9717535545024
A_MP	886	10678	A	44	0	10618	24.7935581088717
A_MP	887	10524	G	195	0	10283	27.9412622775455
A_MP	888	10612	G	100	0	10339	26.4169648902215
A_MP	889	10606	A	105	0	10531	25.7560535561675
A_MP	890	8257	G	2449	0	7851	28.5552158960642
A_MP	891	10479	T	225	0	10409	20.605245460659
A_MP	892	10587	A	117	0	10203	20.3478388709203
A_MP	893	10372	C	330	0	10215	20.2794909446892
A_MP	894	10620	C	82	0	10427	23.1471180588856
A_MP	895	10581	T	121	0	10337	23.6633452645835
A_MP	896	10473	G	228	0	10108	21.1893549663633
A_MP	897	10543	A	158	0	10313	21.6402598661883
A_MP	898	10601	G	100	0	10486	23.1879649055884
A_MP	899	10515	T	183	0	10358	23.8201390229774
A_MP	900	10513	C	184	0	10123	23.9663143336955
A_MP	901	10606	T	89	0	10543	23.9779000284549
A_MP	902	10586	A	106	0	10508	23.5520555767035
A_MP	903	10636	T	55	0	10562	24.0843590229123
A_MP	904	10551	G	139	0	10410	23.3557156580211
A_MP	905	10454	A	235	0	10388	22.8762033115133
A_MP	906	9005	G	1682	0	8879	24.847054848519
A_MP	907	10335	G	351	0	10275	26.2633576642336
A_MP	908	10355	G	329	0	10243	25.7016499072537
A_MP	909	10315	A	369	0	10188	25.1820769532784
A_MP	910	10496	A	187	0	10423	28.9035786241965
A_MP	911	10614	G	65	0	10496	26.8388910060976
A_MP	912	10353	A	324	0	10215	27.3592755751346
A_MP	913	10186	A	491	0	10094	26.9229245096097
A_MP	914	10156	T	517	0	9816	25.3989405052975
A_MP	915	10385	A	283	0	10047	25.2197670946551
A_MP	916	10125	T	541	0	10069	25.7478399046579
A_MP	917	10041	C	622	0	9685	23.9049044914817
A_MP	918	10376	G	287	0	10012	23.0631242508989
A_MP	919	10576	A	87	0	10530	23.3321937321937
A_MP	920	10635	A	28	0	10601	23.9976417319121
A_MP	921	10637	A	26	0	10577	28.9081024865274
A_MP	922	10635	G	27	0	10589	34.3197657946926
A_MP	923	10638	G	23	0	10587	32.3111362992349
A_MP	924	10608	A	51	0	10543	31.1916911694963
A_MP	925	10598	A	58	0	10500	31.9679047619048
A_MP	926	10585	C	68	0	10505	30.66939552594
A_MP	927	10585	A	64	0	10467	30.7434795070221
A_MP	928	10572	G	73	0	10545	30.2591749644381
A_MP	929	10600	C	41	0	10526	30.8053391601748
A_MP	930	10566	A	70	0	10492	30.5279260388868
A_MP	931	10567	G	64	0	10472	30.2387318563789
A_MP	932	10580	A	51	0	10516	28.9544503613541
A_MP	933	10570	G	59	0	10519	28.730297556802
A_MP	934	10556	T	69	0	10401	28.8821267185848
A_MP	935	10582	G	42	0	10556	29.9298976885184
A_MP	936	10558	C	63	0	10523	31.9117171909151
A_MP	937	10519	T	98	0	10339	32.1050391720669
A_MP	938	10550	G	67	0	10524	32.8087229190422
A_MP	939	10576	T	38	0	10487	31.7110708496233
A_MP	940	10505	G	102	0	10350	30.2768115942029
A_MP	941	10578	G	22	0	10474	29.7647508115333
A_MP	942	10580	A	16	0	10543	29.0546334060514
A_MP	943	10535	T	60	0	10468	30.8605273213603
A_MP	944	10500	G	95	0	10401	31.7844438034804
A_MP	945	10459	C	134	0	10333	31.6331171973289
A_MP	946	10533	T	55	0	10454	30.5431413812895
A_MP	947	10331	G	253	0	10120	29.3696640316206
A_MP	948	10345	A	237	0	10299	28.7496844353821
A_MP	949	10371	C	210	0	10314	27.6549350397518
A_MP	950	10565	G	13	0	10436	25.2575699501725
A_MP	951	10547	A	28	0	10510	24.7481446241675
A_MP	952	10552	C	22	0	10520	24.9955323193916
A_MP	953	10499	A	73	0	10383	26.2873928537032
A_MP	954	10525	G	44	0	10495	28.819151977132
A_MP	955	10544	T	25	0	10493	28.8517106642524
A_MP	956	10509	C	57	0	10272	28.3955412772586
A_MP	957	10514	A	52	0	10351	29.0517824364796
A_MP	958	10402	T	164	0	10292	28.6841235911387
A_MP	959	10539	T	25	0	10501	28.032092181697
A_MP	960	10544	T	18	0	10513	30.9418814800723
A_MP	961	10520	T	36	0	10489	32.4703975593479
A_MP	962	10468	G	83	0	10417	29.3088221176922
A_MP	963	10465	T	82	0	10435	27.8901772879732
A_MP	964	10115	C	418	0	9894	22.2455023246412
A_MP	965	10390	A	139	0	10232	20.7799061767005
A_MP	966	10346	G	172	0	10317	20.6975865077057
A_MP	967	10497	C	18	0	10454	20.9503539315095
A_MP	968	10474	A	25	0	10274	22.8687950165466
A_MP	969	10461	T	33	0	10400	22.3577884615385
A_MP	970	10130	A	331	0	9991	21.48974076669
A_MP	971	10243	G	201	0	9997	20.0119035710713
A_MP	972	10379	A	60	0	10206	19.656378600823
A_MP	973	10403	A	24	0	10301	21.5200465974177
A_MP	974	10404	T	19	0	10323	21.6421582873196
A_MP	975	10408	T	2	0	10377	23.3063505830201
A_MP	976	10338	G	37	0	10271	22.400447862915
A_MP	977	10290	G	1	0	10220	22.0969667318982
A_MP	978	10252	A	0	0	10210	22.8748285994123
A_MP	979	10128	G	0	0	10037	22.8926970210222
A_MP	980	10093	T	0	0	10012	21.6515181781862
A_MP	981	10014	A	0	0	10014	20.4736369083283
A_MP	982	9968	A	0	0	9968	20.5176565008026
