Reference_Name	Position	Coverage Depth	Consensus	Deletions	Ambiguous	Consensus_Count	Consensus_Average_Quality
A_NA_N2	1	7040	A	0	0	7040	22.5289772727273
A_NA_N2	2	7112	T	0	0	7112	22.2626546681665
A_NA_N2	3	7210	G	0	0	7067	19.7268996745437
A_NA_N2	4	7362	A	0	0	7343	19.6414272095874
A_NA_N2	5	7388	A	0	0	7377	19.9174461163074
A_NA_N2	6	7391	T	0	0	7362	20.3285791904374
A_NA_N2	7	7387	C	7	0	7304	22.2360350492881
A_NA_N2	8	7401	C	0	0	7346	22.8644160087122
A_NA_N2	9	7396	A	23	0	7367	22.6727297407357
A_NA_N2	10	7449	A	2	0	7427	24.2620169651272
A_NA_N2	11	7452	A	0	0	7432	24.7748923573735
A_NA_N2	12	7450	T	2	0	7429	24.2593888814107
A_NA_N2	13	7443	C	9	0	7383	23.4847622917513
A_NA_N2	14	7235	A	217	0	7196	23.9473318510283
A_NA_N2	15	7354	A	99	0	7330	23.6611186903138
A_NA_N2	16	7449	A	4	0	7433	25.4232476792681
A_NA_N2	17	7449	A	4	0	7419	26.6162555600485
A_NA_N2	18	7447	G	6	0	7427	24.9544903729635
A_NA_N2	19	7441	A	12	0	7415	23.0064733648011
A_NA_N2	20	7441	T	12	0	7422	22.0665588790084
A_NA_N2	21	7441	A	13	0	7379	21.3794552107332
A_NA_N2	22	7449	A	6	0	7427	21.789551635923
A_NA_N2	23	7446	T	9	0	7422	21.3951765022905
A_NA_N2	24	7436	A	20	0	7398	21.7839956745066
A_NA_N2	25	7431	A	25	0	7420	21.4487870619946
A_NA_N2	26	7409	C	48	0	7395	20.509263015551
A_NA_N2	27	7412	G	45	0	7206	16.9808492922565
A_NA_N2	28	7444	A	14	0	7407	16.6111786148238
A_NA_N2	29	7397	T	61	0	7332	16.4537643207856
A_NA_N2	30	7448	T	10	0	7387	16.9611479626371
A_NA_N2	31	7427	G	31	0	7313	18.9807192670587
A_NA_N2	32	7437	G	21	0	7340	19.5696185286104
A_NA_N2	33	7435	C	23	0	7408	21.113120950324
A_NA_N2	34	7445	T	13	0	7402	22.4266414482572
A_NA_N2	35	7427	C	31	0	7214	22.1447186027169
A_NA_N2	36	7438	T	20	0	7398	22.7616923492836
A_NA_N2	37	7424	G	34	0	7346	22.2564661040022
A_NA_N2	38	7383	T	75	0	7327	21.5397843592193
A_NA_N2	39	7407	T	51	0	7366	22.3107521042628
A_NA_N2	40	7190	T	268	0	7128	22.6989337822671
A_NA_N2	41	7154	C	304	0	7085	22.7552575864502
A_NA_N2	42	7382	T	76	0	7338	23.9384028345598
A_NA_N2	43	7289	C	169	0	7247	32.637505174555
A_NA_N2	44	7369	T	89	0	7311	51.0719463821639
A_NA_N2	45	7375	C	83	0	7302	22.9739797315804
A_NA_N2	46	7413	A	45	0	7383	20.8626574563186
A_NA_N2	47	7425	C	33	0	7375	23.0078644067797
A_NA_N2	48	7425	A	33	0	7378	21.9030902683654
A_NA_N2	49	7443	A	15	0	7404	21.3715559157212
A_NA_N2	50	7434	T	24	0	7380	21.7394308943089
A_NA_N2	51	7449	T	9	0	7393	22.0835925875828
A_NA_N2	52	7441	T	17	0	7402	23.3703053228857
A_NA_N2	53	7416	C	42	0	7363	24.4396305853592
A_NA_N2	54	7450	C	8	0	7443	25.5445384925433
A_NA_N2	55	7447	A	11	0	7428	22.9800753904146
A_NA_N2	56	7446	C	12	0	7422	22.1693613581245
A_NA_N2	57	7399	G	59	0	7082	17.9415419373058
A_NA_N2	58	7409	A	49	0	7389	17.299634591961
A_NA_N2	59	7442	T	16	0	7369	17.1540236124305
A_NA_N2	60	7453	A	5	0	7439	17.3262535287001
A_NA_N2	61	7394	T	64	0	7375	22.336
A_NA_N2	62	7386	G	73	0	7339	20.2670663578144
A_NA_N2	63	7334	C	125	0	7285	20.8888126286891
A_NA_N2	64	7361	T	98	0	7318	21.5818529652911
A_NA_N2	65	7373	T	86	0	7339	22.2603896988691
A_NA_N2	66	7425	C	34	0	7379	22.1665537335682
A_NA_N2	67	7366	T	93	0	7311	23.65545069074
A_NA_N2	68	7454	T	6	0	7416	24.0546116504854
A_NA_N2	69	7445	C	15	0	7389	23.2892136960346
A_NA_N2	70	7456	A	4	0	7423	22.114643675064
A_NA_N2	71	7458	T	3	0	7427	23.703110273327
A_NA_N2	72	7448	G	13	0	7386	23.1454102355808
A_NA_N2	73	7447	C	14	0	7406	23.4781258439103
A_NA_N2	74	7407	A	54	0	7379	23.7435966933189
A_NA_N2	75	7452	A	9	0	7414	23.2524952792015
A_NA_N2	76	7449	A	12	0	7422	23.3466720560496
A_NA_N2	77	7448	T	13	0	7414	24.2665227947127
A_NA_N2	78	7456	T	5	0	7420	24.9200808625337
A_NA_N2	79	7451	G	10	0	7406	23.3485012152309
A_NA_N2	80	7446	C	15	0	7429	24.1576255216045
A_NA_N2	81	7452	C	9	0	7393	24.6470986067902
A_NA_N2	82	7456	A	5	0	7428	24.2054388799138
A_NA_N2	83	7456	T	5	0	7429	23.9146587696864
A_NA_N2	84	7447	C	14	0	7412	23.4437398812736
A_NA_N2	85	7456	C	5	0	7433	24.1605004708731
A_NA_N2	86	7450	T	11	0	7412	25.1211548839719
A_NA_N2	87	7444	G	17	0	7392	25.3812229437229
A_NA_N2	88	7456	A	5	0	7437	23.9846712384026
A_NA_N2	89	7457	T	4	0	7439	22.9417932517812
A_NA_N2	90	7450	A	11	0	7423	22.0689748080291
A_NA_N2	91	7449	A	12	0	7429	22.3507874545699
A_NA_N2	92	7446	C	15	0	7395	22.9829614604462
A_NA_N2	93	7453	T	8	0	7391	23.5441753483967
A_NA_N2	94	7445	A	16	0	7405	22.6478055367995
A_NA_N2	95	7446	C	15	0	7408	22.4955453563715
A_NA_N2	96	7443	T	18	0	7409	22.7667701444189
A_NA_N2	97	7443	G	18	0	7403	23.0058084560313
A_NA_N2	98	7449	T	12	0	7405	21.8988521269413
A_NA_N2	99	7448	A	13	0	7432	21.5320236813778
A_NA_N2	100	7455	A	6	0	7422	20.8837240635947
A_NA_N2	101	7454	C	7	0	7438	21.239446087658
A_NA_N2	102	7451	A	10	0	7422	22.4994610617084
A_NA_N2	103	7428	T	33	0	7398	21.3540145985401
A_NA_N2	104	7454	T	7	0	7426	21.7783463506598
A_NA_N2	105	7428	G	33	0	7372	21.49376017363
A_NA_N2	106	7440	C	21	0	7422	21.9632174616006
A_NA_N2	107	7447	A	14	0	7413	23.3843248347498
A_NA_N2	108	7409	T	52	0	7351	22.7997551353557
A_NA_N2	109	7451	T	10	0	7412	23.5634106853751
A_NA_N2	110	7451	T	10	0	7376	24.3909978308026
A_NA_N2	111	7424	C	37	0	7357	23.9741742558108
A_NA_N2	112	7435	A	26	0	7409	23.9342691321366
A_NA_N2	113	7452	A	9	0	7411	22.713533936041
A_NA_N2	114	7444	G	17	0	7401	23.0312119983786
A_NA_N2	115	7455	C	6	0	7431	22.9930022877136
A_NA_N2	116	7413	A	48	0	7349	22.411620628657
A_NA_N2	117	7437	A	24	0	7389	22.2556502909731
A_NA_N2	118	7430	T	31	0	7377	21.6800867561339
A_NA_N2	119	7446	A	15	0	7427	20.9733405143396
A_NA_N2	120	7389	T	72	0	7345	22.4830496936692
A_NA_N2	121	7394	G	67	0	7133	18.576896116641
A_NA_N2	122	7429	A	32	0	7359	18.4951759749966
A_NA_N2	123	7452	A	9	0	7414	18.659428108983
A_NA_N2	124	7440	T	21	0	7348	19.0487207403375
A_NA_N2	125	7448	T	13	0	7370	22.1609226594301
A_NA_N2	126	7400	C	61	0	7053	20.8913937331632
A_NA_N2	127	7431	A	30	0	7310	20.4322845417237
A_NA_N2	128	7418	A	43	0	7372	20.5356755290288
A_NA_N2	129	7399	C	62	0	7337	20.7328608423061
A_NA_N2	130	7412	T	49	0	7375	20.7703050847458
A_NA_N2	131	5407	C	2054	0	5259	20.9861190340369
A_NA_N2	132	7103	C	358	0	6976	20.2204701834862
A_NA_N2	133	7369	C	92	0	7307	20.2017243738881
A_NA_N2	134	7395	C	66	0	7368	19.4181596091205
A_NA_N2	135	7430	C	31	0	7402	21.0605241826533
A_NA_N2	136	7444	C	17	0	7418	22.4706120248045
A_NA_N2	137	7433	C	28	0	7389	25.1090810664501
A_NA_N2	138	7416	A	45	0	7402	24.1631991353688
A_NA_N2	139	7447	A	14	0	7431	24.8249226214507
A_NA_N2	140	7451	A	10	0	7425	24.5645791245791
A_NA_N2	141	7452	T	9	0	7421	22.9288505592238
A_NA_N2	142	7450	A	11	0	7433	22.2196959504911
A_NA_N2	143	7451	A	10	0	7442	21.9508196721311
A_NA_N2	144	7444	C	17	0	7422	22.3136620856912
A_NA_N2	145	7449	C	12	0	7422	23.1833737537052
A_NA_N2	146	7447	A	14	0	7432	22.8392088266954
A_NA_N2	147	7452	A	9	0	7436	23.5933297471759
A_NA_N2	148	7450	G	11	0	7442	22.1940338618651
A_NA_N2	149	7452	T	9	0	7415	22.7227242076871
A_NA_N2	150	7451	G	10	0	7426	23.0591166172906
A_NA_N2	151	7456	A	5	0	7439	23.2297351794596
A_NA_N2	152	7447	T	14	0	7428	24.2361335487345
A_NA_N2	153	7435	G	26	0	7406	23.4370780448285
A_NA_N2	154	7438	C	22	0	7415	22.9816587997303
A_NA_N2	155	7422	T	38	0	7400	23.9383783783784
A_NA_N2	156	7421	G	39	0	7397	23.8078950926051
A_NA_N2	157	7449	T	11	0	7422	24.7279708973323
A_NA_N2	158	7453	G	7	0	7435	30.049630127774
A_NA_N2	159	7447	T	12	0	7419	49.5508828683111
A_NA_N2	160	7441	G	18	0	7379	24.8873831142431
A_NA_N2	161	7435	A	24	0	7414	23.1340706770974
A_NA_N2	162	7442	A	17	0	7419	23.5613964146111
A_NA_N2	163	7439	C	20	0	7407	23.7621169164304
A_NA_N2	164	7441	C	18	0	7391	24.3175483696388
A_NA_N2	165	7431	A	28	0	7391	24.2812880530375
A_NA_N2	166	7440	A	19	0	7394	24.6986746010279
A_NA_N2	167	7446	C	13	0	7406	24.555900621118
A_NA_N2	168	7419	A	40	0	7324	22.4650464227198
A_NA_N2	169	7425	A	34	0	7388	21.9727937195452
A_NA_N2	170	7422	T	37	0	7369	20.53385805401
A_NA_N2	171	7425	A	34	0	7310	20.0790697674419
A_NA_N2	172	7440	A	18	0	7411	20.0174065578195
A_NA_N2	173	7441	T	17	0	7373	19.6342058863421
A_NA_N2	174	7209	A	249	0	7145	19.9648705388383
A_NA_N2	175	7368	G	90	0	7145	18.5967809657103
A_NA_N2	176	7371	A	86	0	7343	18.3431839847474
A_NA_N2	177	7427	A	30	0	7420	19.7451482479784
A_NA_N2	178	7424	A	32	0	7402	21.3357200756552
A_NA_N2	179	7420	G	36	0	7386	22.6515028432169
A_NA_N2	180	7404	A	52	0	7368	23.2938382193268
A_NA_N2	181	7450	A	6	0	7420	22.7303234501348
A_NA_N2	182	7449	A	6	0	7423	23.7918631281153
A_NA_N2	183	7448	C	7	0	7421	23.6226923595203
A_NA_N2	184	7449	A	6	0	7397	21.6547248884683
A_NA_N2	185	7450	T	5	0	7426	18.8864799353622
A_NA_N2	186	7432	A	23	0	7354	17.7056023932554
A_NA_N2	187	7443	A	12	0	7413	17.6137865911237
A_NA_N2	188	7442	C	13	0	7423	18.391351205712
A_NA_N2	189	7404	A	50	0	7372	22.0488334237656
A_NA_N2	190	7401	G	53	0	7385	22.1276912660799
A_NA_N2	191	7410	A	44	0	7368	22.8030673181325
A_NA_N2	192	7423	G	31	0	7383	24.9520520113775
A_NA_N2	193	7431	A	23	0	7414	23.8156190990019
A_NA_N2	194	7425	T	29	0	7401	21.4165653290096
A_NA_N2	195	7440	A	14	0	7354	20.5496328528692
A_NA_N2	196	7425	G	29	0	7364	20.2595057034221
A_NA_N2	197	7417	T	37	0	7324	20.1720371381759
A_NA_N2	198	7437	G	17	0	7385	20.9368991198375
A_NA_N2	199	7416	T	37	0	7304	20.5308050383352
A_NA_N2	200	7421	A	32	0	7307	20.4830983987957
A_NA_N2	201	7290	T	163	0	7053	19.8990500496243
A_NA_N2	202	7441	T	11	0	7346	19.7809692349578
A_NA_N2	203	7425	T	27	0	7299	20.7235237703795
A_NA_N2	204	7356	G	96	0	7177	19.4788909014909
A_NA_N2	205	7414	A	38	0	7347	21.9262283925412
A_NA_N2	206	7411	C	41	0	7371	22.2587165920499
A_NA_N2	207	7418	C	34	0	7152	21.8166946308725
A_NA_N2	208	7431	A	20	0	7361	21.6599646787121
A_NA_N2	209	7431	A	20	0	7402	22.0771413131586
A_NA_N2	210	7431	C	20	0	7401	21.8444804756114
A_NA_N2	211	7426	A	25	0	7395	21.0653144016227
A_NA_N2	212	7435	C	16	0	7423	21.4134446989088
A_NA_N2	213	7443	C	8	0	7422	22.2943950417677
A_NA_N2	214	7446	A	5	0	7393	22.4128229406195
A_NA_N2	215	7442	C	8	0	7425	24.5292929292929
A_NA_N2	216	7441	C	8	0	7409	24.6817384262384
A_NA_N2	217	7433	A	15	0	7386	22.8736799350122
A_NA_N2	218	7425	T	23	0	7417	20.7906161520831
A_NA_N2	219	6998	A	450	0	6668	17.7673965206959
A_NA_N2	220	6980	G	468	0	6623	16.7505662086668
A_NA_N2	221	7276	A	171	0	7249	16.0449717202373
A_NA_N2	222	7245	G	202	0	7113	24.1220300857585
A_NA_N2	223	7216	A	231	0	7163	22.1950300153567
A_NA_N2	224	7373	A	74	0	7336	20.4417938931298
A_NA_N2	225	7354	G	91	0	7310	19.8854993160055
A_NA_N2	226	7418	G	27	0	7383	20.8488419341731
A_NA_N2	227	7226	A	219	0	6970	20.3730272596844
A_NA_N2	228	7237	A	207	0	7013	21.3365178953372
A_NA_N2	229	7270	A	174	0	7201	20.7021247049021
A_NA_N2	230	7261	T	183	0	7108	19.5063308947665
A_NA_N2	231	7415	A	29	0	6916	18.5845864661654
A_NA_N2	232	7397	T	47	0	7355	17.8658055744392
A_NA_N2	233	7244	G	200	0	7075	16.7198586572438
A_NA_N2	234	6588	C	856	0	6376	17.8640213299875
A_NA_N2	235	7270	C	174	0	7068	18.3139501980758
A_NA_N2	236	7413	C	31	0	7364	20.148288973384
A_NA_N2	237	7397	C	47	0	7306	22.7306323569669
A_NA_N2	238	7379	A	65	0	7315	21.9301435406699
A_NA_N2	239	7434	A	10	0	7423	23.9214603260137
A_NA_N2	240	7430	A	14	0	7413	24.3964656684203
A_NA_N2	241	7415	C	29	0	7365	24.1732518669382
A_NA_N2	242	7421	C	23	0	7365	24.9439239646979
A_NA_N2	243	7409	A	35	0	7341	23.5782590927667
A_NA_N2	244	7398	G	46	0	7363	22.5526280048893
A_NA_N2	245	7424	C	20	0	7391	23.340955215803
A_NA_N2	246	7409	A	35	0	7373	22.6731316967313
A_NA_N2	247	7398	G	45	0	7337	21.0455226931989
A_NA_N2	248	7375	A	68	0	7279	20.4654485506251
A_NA_N2	249	7424	A	18	0	7382	19.8165808723923
A_NA_N2	250	7429	T	12	0	7388	18.0716025988089
A_NA_N2	251	7403	A	38	0	7308	18.4541598248495
A_NA_N2	252	7411	C	30	0	7385	18.8058226134056
A_NA_N2	253	7336	A	105	0	7303	18.026290565521
A_NA_N2	254	7338	G	103	0	7298	19.5978350232941
A_NA_N2	255	7421	A	20	0	7392	21.735119047619
A_NA_N2	256	7435	A	6	0	7418	21.8084389323268
A_NA_N2	257	7416	A	25	0	7387	22.582780560444
A_NA_N2	258	7411	T	30	0	7330	22.2572987721692
A_NA_N2	259	7430	T	11	0	7371	22.3644010310677
A_NA_N2	260	7423	G	17	0	7254	20.9961400606562
A_NA_N2	261	7420	G	20	0	7360	20.4059782608696
A_NA_N2	262	7415	T	25	0	7377	21.5240612715196
A_NA_N2	263	7381	C	59	0	7246	20.6930720397461
A_NA_N2	264	7357	A	83	0	7306	20.8371201751985
A_NA_N2	265	7425	A	14	0	7402	21.3318022156174
A_NA_N2	266	7428	A	10	0	7395	23.0455713319811
A_NA_N2	267	7427	A	11	0	7381	25.2544370681479
A_NA_N2	268	7426	C	12	0	7388	23.5902815376286
A_NA_N2	269	7430	C	7	0	7382	20.9769710105662
A_NA_N2	270	7423	G	12	0	7360	18.5773097826087
A_NA_N2	271	7425	C	10	0	7392	18.6477272727273
A_NA_N2	272	7424	A	11	0	7400	18.6490540540541
A_NA_N2	273	7429	A	5	0	7416	19.4293419633225
A_NA_N2	274	7416	T	17	0	7397	22.8251994051643
A_NA_N2	275	7415	G	18	0	7398	22.5009462016761
A_NA_N2	276	7416	T	17	0	7389	22.7680335634051
A_NA_N2	277	7416	G	17	0	7356	22.760603588907
A_NA_N2	278	7421	G	12	0	7386	22.9302734903872
A_NA_N2	279	7415	C	18	0	7404	23.1850351161534
A_NA_N2	280	7418	A	15	0	7375	22.8706440677966
A_NA_N2	281	7367	T	66	0	7333	21.0519569071321
A_NA_N2	282	7401	T	29	0	7378	20.570344266739
A_NA_N2	283	7370	A	60	0	7310	20.1224350205198
A_NA_N2	284	7385	C	45	0	7353	20.3344213246294
A_NA_N2	285	7318	A	112	0	7263	20.5815778603883
A_NA_N2	286	7399	G	30	0	7382	21.164860471417
A_NA_N2	287	7370	G	59	0	7340	21.3920980926431
A_NA_N2	288	7372	A	57	0	7340	21.6049046321526
A_NA_N2	289	7348	T	80	0	7261	22.408345957857
A_NA_N2	290	7399	T	29	0	7357	22.4197363055593
A_NA_N2	291	7400	T	28	0	7365	23.892328581127
A_NA_N2	292	7367	G	61	0	7306	22.7499315630988
A_NA_N2	293	7379	C	48	0	7348	25.196379967338
A_NA_N2	294	7385	A	42	0	7359	24.1758391085745
A_NA_N2	295	7386	C	41	0	7356	23.2800435019032
A_NA_N2	296	7363	C	64	0	7282	22.5885745674265
A_NA_N2	297	7314	T	113	0	7208	20.9482519422863
A_NA_N2	298	7383	T	44	0	7351	23.7926812678547
A_NA_N2	299	7294	T	133	0	7255	24.6858718125431
A_NA_N2	300	7279	C	147	0	7237	21.5510570678458
A_NA_N2	301	7393	T	32	0	7348	24.3967065868263
A_NA_N2	302	7343	C	82	0	7290	29.4437585733882
A_NA_N2	303	7387	T	38	0	7343	25.8804303418221
A_NA_N2	304	7362	A	63	0	7326	20.1078351078351
A_NA_N2	305	7399	A	26	0	7364	19.615969581749
A_NA_N2	306	7404	G	20	0	7383	20.7263984830015
A_NA_N2	307	7399	G	25	0	7367	21.7290620333922
A_NA_N2	308	7389	A	35	0	7340	21.4712534059945
A_NA_N2	309	7402	C	22	0	7331	21.32519438003
A_NA_N2	310	7411	A	13	0	7238	19.6338767615363
A_NA_N2	311	7412	A	12	0	7382	19.2892170143593
A_NA_N2	312	7406	T	17	0	7351	18.9691198476398
A_NA_N2	313	7415	T	8	0	7345	20.3768550034037
A_NA_N2	314	7397	C	26	0	6904	19.2630359212051
A_NA_N2	315	7398	G	24	0	7240	16.6240331491713
A_NA_N2	316	7415	A	7	0	7388	16.8207904710341
A_NA_N2	317	7372	T	50	0	7337	17.0478397165054
A_NA_N2	318	7415	T	6	0	7375	19.1232542372881
A_NA_N2	319	7402	A	19	0	7367	20.333514320619
A_NA_N2	320	7397	G	24	0	7380	21.1132791327913
A_NA_N2	321	7408	G	13	0	7400	21.7732432432432
A_NA_N2	322	7410	C	11	0	7391	22.3034772020024
A_NA_N2	323	7398	T	23	0	7366	23.6357588922074
A_NA_N2	324	7408	T	13	0	7378	24.4063431824343
A_NA_N2	325	7407	T	13	0	7371	25.7279880613214
A_NA_N2	326	7376	C	42	0	7349	25.7411892774527
A_NA_N2	327	7388	C	30	0	7359	22.6120396793043
A_NA_N2	328	7389	G	29	0	7304	19.1202081051479
A_NA_N2	329	7400	C	18	0	7369	19.5376577554621
A_NA_N2	330	7395	T	23	0	7375	19.7739661016949
A_NA_N2	331	7379	G	39	0	7339	20.8059681155471
A_NA_N2	332	7397	G	21	0	7382	23.3066919534002
A_NA_N2	333	7405	T	13	0	7381	23.7611434764937
A_NA_N2	334	7342	G	76	0	7310	23.0389876880985
A_NA_N2	335	7392	G	25	0	7366	23.7659516698344
A_NA_N2	336	7390	G	27	0	7368	24.9550760043431
A_NA_N2	337	7375	G	42	0	7304	26.5588718510405
A_NA_N2	338	7363	A	54	0	7290	25.3179698216735
A_NA_N2	339	7390	C	27	0	7340	23.7741144414169
A_NA_N2	340	7356	A	61	0	7303	22.7588662193619
A_NA_N2	341	7355	T	62	0	7324	21.1566084107045
A_NA_N2	342	7384	A	33	0	7283	20.071811066868
A_NA_N2	343	7367	T	50	0	7305	19.9028062970568
A_NA_N2	344	7267	G	150	0	7133	18.6737698023272
A_NA_N2	345	7386	G	30	0	7285	19.978860672615
A_NA_N2	346	7385	G	31	0	7303	20.852252498973
A_NA_N2	347	7381	T	34	0	7309	21.4428786427692
A_NA_N2	348	7270	G	145	0	6990	21.3194563662375
A_NA_N2	349	7304	A	111	0	7166	21.079681830868
A_NA_N2	350	7323	C	90	0	7205	21.1000693962526
A_NA_N2	351	6661	A	751	0	6568	20.1289585870889
A_NA_N2	352	7125	A	286	0	7062	18.0223732653639
A_NA_N2	353	7251	G	159	0	7170	16.7755927475593
A_NA_N2	354	7310	A	100	0	7264	17.3405837004405
A_NA_N2	355	7318	G	92	0	7268	23.6030544854155
A_NA_N2	356	7369	A	40	0	7326	22.4030849030849
A_NA_N2	357	7383	A	25	0	7319	20.3361114906408
A_NA_N2	358	7381	C	27	0	7216	20.3932926829268
A_NA_N2	359	7379	C	28	0	7327	20.7570629179746
A_NA_N2	360	7339	T	68	0	7198	21.2904973603779
A_NA_N2	361	7387	T	20	0	7351	22.9900693783159
A_NA_N2	362	7392	A	15	0	7372	20.0796256104178
A_NA_N2	363	7382	T	25	0	7356	20.8576672104405
A_NA_N2	364	7383	G	24	0	7365	21.875627970129
A_NA_N2	365	7400	T	7	0	7362	22.5821787557729
A_NA_N2	366	7395	G	12	0	7373	27.5082056150821
A_NA_N2	367	7395	T	11	0	7372	25.6526044492675
A_NA_N2	368	7389	C	14	0	7276	21.9517592083562
A_NA_N2	369	7395	A	8	0	7353	21.2826057391541
A_NA_N2	370	7395	T	8	0	7375	21.2682033898305
A_NA_N2	371	7383	G	20	0	7309	22.2135723081133
A_NA_N2	372	7381	C	22	0	7234	19.7821398949406
A_NA_N2	373	7389	G	13	0	7264	17.1185297356828
A_NA_N2	374	7391	A	11	0	7353	16.6893784849721
A_NA_N2	375	7379	T	23	0	7343	16.6535475963503
A_NA_N2	376	7366	C	35	0	7222	17.7798393796732
A_NA_N2	377	7346	T	55	0	7288	21.3051591657519
A_NA_N2	378	7378	T	23	0	7327	22.0533642691415
A_NA_N2	379	7367	G	34	0	7317	22.6005193385267
A_NA_N2	380	7378	A	23	0	7344	22.6145152505447
A_NA_N2	381	7385	C	16	0	7361	22.9209346556174
A_NA_N2	382	7375	A	26	0	7354	22.1502583627958
A_NA_N2	383	7387	A	12	0	7365	22.0414120841819
A_NA_N2	384	7379	G	19	0	7363	22.1688170582643
A_NA_N2	385	7379	T	19	0	7329	23.3239186792195
A_NA_N2	386	7389	G	9	0	7374	23.7379983726607
A_NA_N2	387	7386	T	12	0	7342	22.1801961318442
A_NA_N2	388	7391	T	6	0	7353	22.2016863865089
A_NA_N2	389	7390	A	5	0	7378	21.4629981024668
A_NA_N2	390	7391	T	4	0	7376	21.152114967462
A_NA_N2	391	7382	C	12	0	7310	21.9946648426813
A_NA_N2	392	7384	A	10	0	7218	20.709753394292
A_NA_N2	393	7389	A	5	0	7354	20.1630405221648
A_NA_N2	394	7353	T	40	0	7277	20.3440978425175
A_NA_N2	395	7375	T	18	0	7332	20.8730223677032
A_NA_N2	396	7366	T	27	0	7340	22.5558583106267
A_NA_N2	397	7334	G	58	0	7262	21.957312035252
A_NA_N2	398	7327	C	64	0	7307	22.6770220336663
A_NA_N2	399	7329	C	61	0	7291	22.3859552873406
A_NA_N2	400	7315	C	75	0	7220	21.0804709141274
A_NA_N2	401	7297	T	93	0	7198	22.1107252014448
A_NA_N2	402	7375	T	14	0	7343	21.8017159199237
A_NA_N2	403	7354	G	34	0	7267	19.0199532131554
A_NA_N2	404	7363	G	25	0	7269	18.7379281881965
A_NA_N2	405	7364	A	24	0	7344	19.4842047930283
A_NA_N2	406	7369	C	18	0	7330	19.6702592087312
A_NA_N2	407	7236	A	150	0	7215	18.4328482328482
A_NA_N2	408	7209	G	177	0	7186	18.8824102421375
A_NA_N2	409	7342	G	44	0	7318	18.8018584312654
A_NA_N2	410	7336	G	50	0	7176	18.5826365663322
A_NA_N2	411	7320	A	66	0	7251	21.4213211970763
A_NA_N2	412	7340	A	46	0	7228	22.4474266740454
A_NA_N2	413	7343	C	42	0	7274	21.0844102282101
A_NA_N2	414	7358	A	27	0	7234	20.2059717998341
A_NA_N2	415	7358	A	26	0	7321	19.7657423849201
A_NA_N2	416	7353	C	29	0	7328	20.0581331877729
A_NA_N2	417	7327	A	55	0	7144	20.184490481523
A_NA_N2	418	7114	C	268	0	6968	20.6848450057405
A_NA_N2	419	7368	T	14	0	7291	18.7154025510904
A_NA_N2	420	7334	A	47	0	7228	18.2574709463199
A_NA_N2	421	7367	A	14	0	7344	18.4428104575163
A_NA_N2	422	7368	A	13	0	7336	20.3332878953108
A_NA_N2	423	7365	C	16	0	7353	22.421732626139
A_NA_N2	424	7364	A	17	0	7326	21.9485394485394
A_NA_N2	425	7369	A	12	0	7348	21.7872890582471
A_NA_N2	426	7363	T	18	0	7334	21.8426506681211
A_NA_N2	427	7356	G	25	0	7328	21.6926855895197
A_NA_N2	428	7362	T	19	0	7338	22.2052330335241
A_NA_N2	429	7353	G	28	0	7335	22.3622358554874
A_NA_N2	430	7351	C	30	0	7319	22.5989889329143
A_NA_N2	431	7369	A	12	0	7344	22.5081699346405
A_NA_N2	432	7355	T	26	0	7297	22.0846923393175
A_NA_N2	433	7374	T	6	0	7337	22.1488346735723
A_NA_N2	434	7369	C	10	0	7322	22.3953837749249
A_NA_N2	435	7365	A	13	0	7321	23.0872831580385
A_NA_N2	436	7371	A	7	0	7344	24.276279956427
A_NA_N2	437	7371	A	7	0	7349	24.3230371479113
A_NA_N2	438	7371	T	7	0	7349	22.4944890461287
A_NA_N2	439	7362	A	15	0	7335	21.0074982958419
A_NA_N2	440	7367	A	10	0	7349	20.0483058919581
A_NA_N2	441	7365	C	12	0	7353	20.1493268053856
A_NA_N2	442	7370	A	7	0	7327	21.2529002320186
A_NA_N2	443	7369	C	8	0	7351	30.3479798666848
A_NA_N2	444	7370	A	7	0	7294	24.970386619139
A_NA_N2	445	7350	G	26	0	7297	22.4899273674113
A_NA_N2	446	7350	T	26	0	7293	20.7276840806253
A_NA_N2	447	7362	A	14	0	7312	20.316466083151
A_NA_N2	448	7365	C	10	0	7306	20.3523131672598
A_NA_N2	449	7351	A	23	0	7300	19.7938356164384
A_NA_N2	450	7356	T	18	0	7320	21.1596994535519
A_NA_N2	451	7356	G	17	0	7286	20.7300301948943
A_NA_N2	452	7337	A	36	0	7308	20.3247126436782
A_NA_N2	453	7349	T	23	0	7271	20.3806904139733
A_NA_N2	454	7303	A	69	0	7256	19.6602811466373
A_NA_N2	455	7280	G	92	0	7133	18.5993270713585
A_NA_N2	456	7330	A	42	0	7276	18.4624793842771
A_NA_N2	457	7344	A	28	0	7307	20.0469412891748
A_NA_N2	458	7287	C	84	0	7221	20.0274200249273
A_NA_N2	459	7334	C	37	0	7263	22.3976318325761
A_NA_N2	460	7347	C	24	0	7312	24.1267778993435
A_NA_N2	461	7317	C	52	0	7227	26.2840736128407
A_NA_N2	462	7274	T	95	0	7236	26.3886124930901
A_NA_N2	463	7337	T	32	0	7277	25.7334066236086
A_NA_N2	464	7348	A	20	0	7335	21.7780504430811
A_NA_N2	465	7354	T	13	0	7336	22.5996455834242
A_NA_N2	466	7276	C	90	0	7074	21.6734520780322
A_NA_N2	467	7289	G	77	0	7193	18.1748922563604
A_NA_N2	468	7329	G	37	0	7234	17.9730439590821
A_NA_N2	469	7350	A	16	0	7312	17.9466630196937
A_NA_N2	470	7304	C	62	0	7241	18.1963817152327
A_NA_N2	471	7305	T	61	0	7243	21.4427723319067
A_NA_N2	472	7262	C	104	0	7120	21.2921348314607
A_NA_N2	473	7306	T	59	0	7207	21.3288469543499
A_NA_N2	474	7307	A	58	0	7265	21.4638678596008
A_NA_N2	475	7330	T	35	0	7262	20.5749104929771
A_NA_N2	476	7348	T	16	0	7254	20.6086297215329
A_NA_N2	477	7341	G	21	0	7261	20.1755956479824
A_NA_N2	478	7345	A	17	0	7317	20.5536422030887
A_NA_N2	479	7349	T	12	0	7323	22.4907824662024
A_NA_N2	480	7349	G	12	0	7267	21.3517269850007
A_NA_N2	481	7352	A	9	0	7329	21.2969027152408
A_NA_N2	482	7357	A	4	0	7315	21.7234449760766
A_NA_N2	483	7353	T	7	0	7328	21.8118176855895
A_NA_N2	484	7346	G	14	0	7141	20.3870606357653
A_NA_N2	485	7337	A	20	0	7274	19.5607643662359
A_NA_N2	486	7336	G	21	0	7291	19.6294061171307
A_NA_N2	487	7324	T	33	0	7286	19.0863299478452
A_NA_N2	488	7326	T	29	0	7269	20.6053102214885
A_NA_N2	489	7246	G	108	0	7094	20.4141528051875
A_NA_N2	490	7322	G	32	0	7246	20.6950041402153
A_NA_N2	491	7306	G	48	0	7189	21.5683683405202
A_NA_N2	492	7316	T	38	0	7238	21.8706825089804
A_NA_N2	493	7285	G	69	0	7137	22.7239736583999
A_NA_N2	494	7317	T	36	0	7189	21.565169008207
A_NA_N2	495	7318	T	35	0	7178	21.4094455280022
A_NA_N2	496	7306	C	47	0	7159	20.3712809051544
A_NA_N2	497	7273	C	80	0	7197	21.1693761289426
A_NA_N2	498	7167	T	186	0	7098	21.9275852352775
A_NA_N2	499	7298	T	55	0	7262	23.5210685761498
A_NA_N2	500	7313	T	40	0	7286	24.1353280263519
A_NA_N2	501	7233	C	118	0	7163	23.0393689794779
A_NA_N2	502	7317	C	34	0	7241	24.9417207568015
A_NA_N2	503	7324	A	26	0	7274	20.7294473467143
A_NA_N2	504	7302	T	48	0	7273	21.3501993675237
A_NA_N2	505	7178	C	171	0	6903	20.2223670867739
A_NA_N2	506	7253	T	95	0	7208	19.902192008879
A_NA_N2	507	7029	G	319	0	6888	20.5464576074332
A_NA_N2	508	7213	G	135	0	7022	22.4007405297636
A_NA_N2	509	7259	G	89	0	7007	22.3677750820608
A_NA_N2	510	7268	G	80	0	7036	23.4114553723707
A_NA_N2	511	7278	A	70	0	7204	21.6722654081066
A_NA_N2	512	7270	C	78	0	6891	20.7496734871572
A_NA_N2	513	7292	C	56	0	6990	20.5718168812589
A_NA_N2	514	7210	A	137	0	7022	20.2432355454287
A_NA_N2	515	7179	A	168	0	7116	20.4860876897133
A_NA_N2	516	7181	G	166	0	7120	19.9683988764045
A_NA_N2	517	7300	C	45	0	7261	20.3569756231924
A_NA_N2	518	7296	A	49	0	7174	20.4042375243936
A_NA_N2	519	7316	A	30	0	7208	20.2387624861265
A_NA_N2	520	7296	G	50	0	7155	20.6150943396226
A_NA_N2	521	7299	T	47	0	7243	20.5026922545906
A_NA_N2	522	7318	G	28	0	7195	21.0599027102154
A_NA_N2	523	7310	T	36	0	7276	25.2981033534909
A_NA_N2	524	7200	G	145	0	7106	22.6590205460175
A_NA_N2	525	7268	C	77	0	7212	20.6405990016639
A_NA_N2	526	7290	A	54	0	7174	19.9427097853359
A_NA_N2	527	7297	T	47	0	7250	18.2325517241379
A_NA_N2	528	7269	A	74	0	7030	17.9765291607397
A_NA_N2	529	7301	G	42	0	7241	17.3905537909129
A_NA_N2	530	7312	C	29	0	7284	17.8632619439868
A_NA_N2	531	7289	A	51	0	7046	19.6818052795913
A_NA_N2	532	7288	T	52	0	7250	19.771724137931
A_NA_N2	533	7286	G	52	0	6955	18.6057512580877
A_NA_N2	534	7296	G	42	0	7240	18.0921270718232
A_NA_N2	535	7276	T	61	0	7223	18.250173058286
A_NA_N2	536	7158	C	175	0	7045	18.864017033357
A_NA_N2	537	7224	C	109	0	7132	20.7481772293887
A_NA_N2	538	7270	A	63	0	7183	20.6203536126966
A_NA_N2	539	7266	G	66	0	7191	21.8854123209568
A_NA_N2	540	7286	C	45	0	7196	21.4762367982212
A_NA_N2	541	7300	T	31	0	7269	21.6806988581648
A_NA_N2	542	7239	C	91	0	6998	20.4638468133753
A_NA_N2	543	7191	A	139	0	7009	19.5731202739335
A_NA_N2	544	7229	A	100	0	7119	19.1543756145526
A_NA_N2	545	7238	G	90	0	7088	19.3077031602709
A_NA_N2	546	7227	T	101	0	7094	19.1353256272907
A_NA_N2	547	7263	T	64	0	7212	19.6019134775374
A_NA_N2	548	7293	G	34	0	7171	19.8431181146284
A_NA_N2	549	7282	T	44	0	7242	20.0914112123723
A_NA_N2	550	7277	C	49	0	7154	20.6291585127202
A_NA_N2	551	7291	A	35	0	7192	20.5474137931034
A_NA_N2	552	7292	C	34	0	7251	20.7863742932009
A_NA_N2	553	7303	G	23	0	7116	19.4578414839798
A_NA_N2	554	7312	A	14	0	7287	19.0318375188692
A_NA_N2	555	7311	T	14	0	7293	19.6546003016591
A_NA_N2	556	7288	G	37	0	7255	19.9896623018608
A_NA_N2	557	7302	G	22	0	7279	21.8227778541008
A_NA_N2	558	7154	A	170	0	7086	22.3981089472199
A_NA_N2	559	7313	A	11	0	7274	24.1803684355238
A_NA_N2	560	7310	A	13	0	7268	23.4697303247111
A_NA_N2	561	7304	A	17	0	7257	24.2797299159432
A_NA_N2	562	7297	G	24	0	7274	23.3251306021446
A_NA_N2	563	7300	C	21	0	7283	23.1182205135246
A_NA_N2	564	7284	A	36	0	7216	23.027300443459
A_NA_N2	565	7277	T	43	0	7243	22.1337843435041
A_NA_N2	566	7292	G	28	0	7208	21.2752497225305
A_NA_N2	567	7287	G	33	0	7263	20.931157923723
A_NA_N2	568	7287	C	32	0	7267	21.3173248933535
A_NA_N2	569	7288	T	31	0	7263	23.1598513011152
A_NA_N2	570	7256	G	63	0	7204	23.8199611327041
A_NA_N2	571	7241	C	78	0	7178	23.7776539426024
A_NA_N2	572	7286	A	33	0	7176	22.1375418060201
A_NA_N2	573	7289	T	30	0	7269	21.4186270463613
A_NA_N2	574	7298	G	21	0	7266	21.2601156069364
A_NA_N2	575	7253	T	65	0	7231	20.9320979117688
A_NA_N2	576	7154	T	163	0	7111	21.5439459991562
A_NA_N2	577	7147	T	169	0	7064	21.9303510758777
A_NA_N2	578	7130	G	186	0	6948	21.4437248128958
A_NA_N2	579	7237	T	78	0	7220	21.1408587257618
A_NA_N2	580	7249	A	66	0	7201	20.2432995417303
A_NA_N2	581	7286	T	28	0	7255	18.4609235010338
A_NA_N2	582	7281	A	33	0	7237	18.3151858504905
A_NA_N2	583	7250	A	64	0	7222	18.2035447244531
A_NA_N2	584	7231	C	82	0	7195	18.2289089645587
A_NA_N2	585	6899	G	413	0	6841	17.568922672124
A_NA_N2	586	7236	G	76	0	7204	17.8157967795669
A_NA_N2	587	7287	G	23	0	7241	18.1829857754454
A_NA_N2	588	7293	G	17	0	7213	23.4469707472619
A_NA_N2	589	7291	G	18	0	7214	23.2556140837261
A_NA_N2	590	7283	A	25	0	7236	22.2074350469873
A_NA_N2	591	7287	T	21	0	7227	21.3705548637056
A_NA_N2	592	7290	G	18	0	7118	20.4076987917954
A_NA_N2	593	7283	A	24	0	7224	19.8093853820598
A_NA_N2	594	7285	T	22	0	7200	18.9955555555556
A_NA_N2	595	7132	A	175	0	7056	18.7212301587302
A_NA_N2	596	7255	A	52	0	7216	19.2089800443459
A_NA_N2	597	7286	A	20	0	7245	20.23988957902
A_NA_N2	598	7288	A	18	0	7251	23.3678113363674
A_NA_N2	599	7287	A	19	0	7186	23.1015864180351
A_NA_N2	600	7284	T	22	0	7249	22.3574286108429
A_NA_N2	601	7266	G	40	0	7173	21.5994702356057
A_NA_N2	602	7241	C	65	0	7130	21.3729312762973
A_NA_N2	603	7281	A	24	0	7245	21.343685300207
A_NA_N2	604	7278	A	27	0	7220	21.31108033241
A_NA_N2	605	7269	C	35	0	7217	21.5442704724955
A_NA_N2	606	7273	T	30	0	7237	22.5216249827277
A_NA_N2	607	7253	G	50	0	7226	23.1358981455854
A_NA_N2	608	7256	C	47	0	7227	23.5022831050228
A_NA_N2	609	7253	T	49	0	7217	24.2041014271858
A_NA_N2	610	7247	A	53	0	7204	22.6986396446419
A_NA_N2	611	7267	G	31	0	7212	21.9287298946201
A_NA_N2	612	7274	C	24	0	7241	22.0856235326612
A_NA_N2	613	7245	T	53	0	7219	22.4582352126333
A_NA_N2	614	7271	T	25	0	7219	23.3180495913561
A_NA_N2	615	7268	C	27	0	7199	23.7576052229476
A_NA_N2	616	7273	A	22	0	7241	23.3256456290568
A_NA_N2	617	7246	T	49	0	7206	23.259644740494
A_NA_N2	618	7276	T	19	0	7250	23.003724137931
A_NA_N2	619	7274	T	20	0	7237	23.8981622219152
A_NA_N2	620	7264	A	30	0	7179	23.8994288898175
A_NA_N2	621	7244	C	50	0	7193	23.012929236758
A_NA_N2	622	7283	A	11	0	7179	20.9927566513442
A_NA_N2	623	7282	A	12	0	7265	20.0498279421886
A_NA_N2	624	7281	T	13	0	7267	20.2979221136645
A_NA_N2	625	7241	G	52	0	7200	20.5945833333333
A_NA_N2	626	7283	G	9	0	7273	21.7094733947477
A_NA_N2	627	7283	G	9	0	7244	22.0389287686361
A_NA_N2	628	7279	A	13	0	7251	23.4585574403531
A_NA_N2	629	7254	G	36	0	7093	22.360637247991
A_NA_N2	630	7266	G	24	0	7203	21.577120644176
A_NA_N2	631	7266	C	24	0	7207	21.0417649507423
A_NA_N2	632	7122	T	168	0	7086	21.2160598362969
A_NA_N2	633	7161	T	126	0	7112	21.8719066366704
A_NA_N2	634	7145	G	141	0	7072	21.6865101809955
A_NA_N2	635	7194	T	92	0	7117	20.4437262891668
A_NA_N2	636	7167	A	118	0	7024	19.0326025056948
A_NA_N2	637	7233	G	52	0	7172	18.3633575013943
A_NA_N2	638	7251	A	34	0	7230	18.583540802213
A_NA_N2	639	7253	T	31	0	7214	19.8434987524258
A_NA_N2	640	7260	A	23	0	7103	19.6500070392792
A_NA_N2	641	7261	G	22	0	7239	19.4803149606299
A_NA_N2	642	7254	T	29	0	7214	19.730108123094
A_NA_N2	643	7251	G	32	0	7194	20.9669168751738
A_NA_N2	644	7249	T	34	0	7203	20.8264611967236
A_NA_N2	645	7247	T	35	0	7205	21.341707147814
A_NA_N2	646	7226	G	56	0	7072	20.8018947963801
A_NA_N2	647	7197	T	85	0	7092	20.5579526226734
A_NA_N2	648	7259	T	23	0	7209	22.0319045637398
A_NA_N2	649	7255	T	26	0	7183	22.5009049143812
A_NA_N2	650	7205	C	75	0	7077	22.3334746361453
A_NA_N2	651	7256	A	24	0	7159	22.2466824975555
A_NA_N2	652	7261	T	19	0	7229	22.1265735233089
A_NA_N2	653	7249	G	30	0	6842	19.41961414791
A_NA_N2	654	7259	G	20	0	7198	18.2828563489858
A_NA_N2	655	7260	T	19	0	7220	18.0476454293629
A_NA_N2	656	7158	C	121	0	7016	18.2943272519954
A_NA_N2	657	7195	C	84	0	6964	20.305140723722
A_NA_N2	658	7254	A	25	0	7182	20.06223893066
A_NA_N2	659	7263	A	16	0	7241	21.1803618284767
A_NA_N2	660	7252	C	27	0	7210	20.2149791955617
A_NA_N2	661	7233	G	44	0	6853	18.7576243980738
A_NA_N2	662	7237	A	40	0	7194	18.9577425632472
A_NA_N2	663	7220	T	57	0	7160	18.8923184357542
A_NA_N2	664	7101	A	173	0	7003	19.8439240325575
A_NA_N2	665	7104	T	170	0	6869	21.2734022419566
A_NA_N2	666	7225	T	48	0	7133	20.495443712323
A_NA_N2	667	7207	C	66	0	6996	20.3023156089194
A_NA_N2	668	7202	T	71	0	7155	20.6993710691824
A_NA_N2	669	7197	C	76	0	7061	21.640985696077
A_NA_N2	670	7220	A	53	0	7100	20.986338028169
A_NA_N2	671	7238	G	35	0	7180	22.641364902507
A_NA_N2	672	7248	A	23	0	7199	22.062647589943
A_NA_N2	673	7257	A	14	0	7212	21.5855518580144
A_NA_N2	674	7221	C	50	0	7164	22.1982132886655
A_NA_N2	675	7252	C	19	0	7205	22.7879250520472
A_NA_N2	676	7255	C	16	0	7195	24.4967338429465
A_NA_N2	677	7237	A	34	0	7188	25.0971062882582
A_NA_N2	678	7154	G	114	0	7125	25.5677192982456
A_NA_N2	679	7190	G	77	0	7155	23.6900069881202
A_NA_N2	680	7242	A	25	0	7208	22.5731132075472
A_NA_N2	681	7223	G	44	0	7199	22.5147937213502
A_NA_N2	682	7241	T	26	0	7201	22.0223580058325
A_NA_N2	683	7174	C	91	0	7073	21.5799519298742
A_NA_N2	684	7182	A	83	0	7108	21.2822172200338
A_NA_N2	685	7202	G	62	0	7137	21.6450889729578
A_NA_N2	686	7213	A	49	0	7177	21.9186289536018
A_NA_N2	687	7246	A	15	0	7196	22.5958866036687
A_NA_N2	688	7251	T	10	0	7214	22.4202938730247
A_NA_N2	689	7245	G	14	0	7152	22.8752796420582
A_NA_N2	690	7238	C	21	0	7150	22.3664335664336
A_NA_N2	691	7183	G	75	0	6978	20.2969332186873
A_NA_N2	692	7213	T	45	0	7125	20.1650526315789
A_NA_N2	693	7229	T	29	0	7201	20.4592417719761
A_NA_N2	694	7213	T	45	0	7175	21.6439024390244
A_NA_N2	695	7204	G	52	0	7132	25.1482052720135
A_NA_N2	696	7225	T	31	0	7189	24.0746974544443
A_NA_N2	697	7216	A	39	0	7139	23.2668440958117
A_NA_N2	698	7231	T	23	0	7199	22.5279899986109
A_NA_N2	699	7227	C	26	0	7100	22.3335211267606
A_NA_N2	700	7236	A	17	0	7157	21.957803548973
A_NA_N2	701	7235	A	17	0	7205	22.2938237335184
A_NA_N2	702	7232	T	20	0	7207	23.4247259608714
A_NA_N2	703	7200	G	51	0	7150	25.1559440559441
A_NA_N2	704	7233	G	18	0	6899	24.2455428322945
A_NA_N2	705	7226	A	24	0	7199	23.0245867481595
A_NA_N2	706	7228	A	22	0	7195	25.2100069492703
A_NA_N2	707	7219	C	28	0	7131	23.7970831580424
A_NA_N2	708	6929	T	317	0	6862	25.0051005537744
A_NA_N2	709	7191	T	53	0	7103	25.4602280726454
A_NA_N2	710	7177	G	67	0	7043	24.3951441147238
A_NA_N2	711	7192	T	50	0	7152	24.5336968680089
A_NA_N2	712	7097	A	145	0	6949	24.7284501367103
A_NA_N2	713	7128	C	113	0	7051	24.3416536661466
A_NA_N2	714	7165	A	75	0	7024	24.4125854214123
A_NA_N2	715	7175	G	65	0	7135	25.0934828311142
A_NA_N2	716	7170	T	69	0	7122	25.9397641112047
A_NA_N2	717	7223	A	15	0	7038	24.9745666382495
A_NA_N2	718	7221	G	17	0	7155	24.9875611460517
A_NA_N2	719	7211	T	27	0	7146	24.4466834592779
A_NA_N2	720	7217	A	19	0	7164	25.1319095477387
A_NA_N2	721	7227	A	9	0	7195	26.333425990271
A_NA_N2	722	7220	T	16	0	7164	27.7123115577889
A_NA_N2	723	7212	G	23	0	7101	26.0402760174623
A_NA_N2	724	7215	A	20	0	7184	25.49679844098
A_NA_N2	725	7207	C	27	0	7141	25.5130934042851
A_NA_N2	726	7181	T	53	0	7149	25.2666107147853
A_NA_N2	727	7214	G	20	0	7156	25.4114030184461
A_NA_N2	728	7222	A	12	0	7191	25.1127798637185
A_NA_N2	729	7225	T	8	0	7208	26.2178135405105
A_NA_N2	730	7212	G	20	0	7197	26.0837849103793
A_NA_N2	731	7223	G	9	0	7201	26.2621858075267
A_NA_N2	732	7210	A	22	0	7195	27.324530924253
A_NA_N2	733	7218	A	14	0	7193	29.9119977756152
A_NA_N2	734	7219	A	13	0	7198	30.1176715754376
A_NA_N2	735	7214	T	17	0	7195	29.9674774148714
A_NA_N2	736	7217	G	14	0	7198	28.0550152820228
A_NA_N2	737	7207	C	23	0	7182	28.4114452798663
A_NA_N2	738	7190	T	37	0	7173	28.2372786839537
A_NA_N2	739	6954	A	273	0	6801	25.4643434789002
A_NA_N2	740	7031	C	196	0	6969	24.8171904146936
A_NA_N2	741	7011	A	216	0	6847	24.1036950489265
A_NA_N2	742	7176	G	51	0	7167	23.9119575833682
A_NA_N2	743	7181	G	44	0	7165	24.7489183531054
A_NA_N2	744	6800	A	424	0	6750	24.5192592592593
A_NA_N2	745	6905	A	319	0	6836	28.8385020479813
A_NA_N2	746	7202	A	19	0	7168	28.4220145089286
A_NA_N2	747	7207	A	13	0	7154	28.9938495946324
A_NA_N2	748	7189	G	31	0	7153	27.2933035090172
A_NA_N2	749	7200	C	19	0	7183	26.602116107476
A_NA_N2	750	7172	T	47	0	7079	26.5637801949428
A_NA_N2	751	7171	G	48	0	7012	25.0412150598973
A_NA_N2	752	7183	A	36	0	7137	24.7756760543646
A_NA_N2	753	7195	T	24	0	7131	24.4610854017669
A_NA_N2	754	7047	A	171	0	6963	24.6693953755565
A_NA_N2	755	7108	C	110	0	6962	24.7763573685722
A_NA_N2	756	7185	T	33	0	7052	24.3165059557572
A_NA_N2	757	7149	A	68	0	7058	24.4124397846415
A_NA_N2	758	7187	A	30	0	7114	24.4928310373911
A_NA_N2	759	7203	A	13	0	7147	26.6416678326571
A_NA_N2	760	7194	A	20	0	7111	28.9654057094642
A_NA_N2	761	7187	T	26	0	7134	27.8535183627698
A_NA_N2	762	7178	A	35	0	7068	26.1576117713639
A_NA_N2	763	7137	C	74	0	7086	25.606971493085
A_NA_N2	764	7181	T	30	0	7131	25.2357313139812
A_NA_N2	765	7161	A	50	0	7071	24.8223730731155
A_NA_N2	766	7162	T	48	0	7037	23.5583345175501
A_NA_N2	767	7189	T	21	0	7130	23.9227208976157
A_NA_N2	768	7175	C	33	0	7085	23.9023288637968
A_NA_N2	769	7161	A	47	0	7043	23.6802498935113
A_NA_N2	770	7172	T	36	0	7144	25.7140257558791
A_NA_N2	771	7162	T	45	0	7115	25.690934645116
A_NA_N2	772	7024	G	181	0	6975	24.0483154121864
A_NA_N2	773	7056	A	149	0	7000	24.727
A_NA_N2	774	7036	G	165	0	6962	25.5435219764436
A_NA_N2	775	7151	G	50	0	7099	24.6815044372447
A_NA_N2	776	7150	A	51	0	7122	22.8138163437237
A_NA_N2	777	6802	G	399	0	6755	24.2343449296817
A_NA_N2	778	7172	G	28	0	7140	25.8417366946779
A_NA_N2	779	7183	G	17	0	7173	27.9315488637948
A_NA_N2	780	7140	G	60	0	7090	28.6607898448519
A_NA_N2	781	7045	A	155	0	6998	28.9051157473564
A_NA_N2	782	7175	A	24	0	6977	26.5763222015193
A_NA_N2	783	7186	A	10	0	7151	26.1037617116487
A_NA_N2	784	7176	A	18	0	7113	25.8920286798819
A_NA_N2	785	7160	T	33	0	7103	25.4669857806561
A_NA_N2	786	7142	C	50	0	6344	21.7378625472888
A_NA_N2	787	7140	G	52	0	6942	19.166378565255
A_NA_N2	788	7113	T	79	0	6991	19.1054212559004
A_NA_N2	789	7160	T	31	0	6990	18.9629470672389
A_NA_N2	790	7148	C	39	0	6829	20.4231951969542
A_NA_N2	791	7141	A	46	0	6937	21.1122963817212
A_NA_N2	792	7143	T	44	0	7060	20.9787535410765
A_NA_N2	793	7016	A	171	0	6864	21.784527972028
A_NA_N2	794	7112	C	75	0	7023	21.9323650861455
A_NA_N2	795	7138	T	49	0	7068	22.6580362195812
A_NA_N2	796	7094	A	91	0	6781	22.033475888512
A_NA_N2	797	7093	G	92	0	6959	22.3476074148585
A_NA_N2	798	7105	C	80	0	7043	23.1671162856737
A_NA_N2	799	7107	A	78	0	6991	23.5332570447719
A_NA_N2	800	7150	A	35	0	7110	24.025035161744
A_NA_N2	801	7155	A	29	0	7101	24.8994507815801
A_NA_N2	802	7118	T	65	0	6990	25.2160228898426
A_NA_N2	803	7143	T	39	0	7062	25.8702917020674
A_NA_N2	804	7131	G	51	0	6990	25.7278969957082
A_NA_N2	805	7139	T	42	0	7107	25.8968622484874
A_NA_N2	806	6769	C	411	0	6609	23.614616432138
A_NA_N2	807	7145	A	35	0	7102	22.3020275978598
A_NA_N2	808	7139	G	39	0	7127	23.2816051634629
A_NA_N2	809	7152	G	25	0	7139	23.2371480599524
A_NA_N2	810	7128	A	49	0	7092	26.6981105470953
A_NA_N2	811	7163	A	14	0	7137	28.2386156648452
A_NA_N2	812	7144	G	31	0	7110	27.1817158931083
A_NA_N2	813	7155	T	19	0	7103	27.0948894833169
A_NA_N2	814	7148	G	24	0	7119	27.1363955611743
A_NA_N2	815	7090	C	81	0	7041	27.1898878000284
A_NA_N2	816	7138	T	32	0	7117	28.9027680202332
A_NA_N2	817	7003	C	164	0	6766	25.2045521726278
A_NA_N2	818	7108	A	59	0	6902	24.3706172124022
A_NA_N2	819	7135	G	32	0	7096	24.0828635851184
A_NA_N2	820	7153	C	13	0	7132	24.5068704430735
A_NA_N2	821	7151	A	14	0	7095	25.7147286821705
A_NA_N2	822	7143	T	22	0	7117	26.2125895742588
A_NA_N2	823	7136	G	27	0	6977	24.5695857818547
A_NA_N2	824	7108	T	55	0	7072	23.6899038461538
A_NA_N2	825	7072	C	90	0	6630	21.7389140271493
A_NA_N2	826	7107	G	55	0	6979	19.4701246596934
A_NA_N2	827	7124	A	38	0	7092	19.7076988155668
A_NA_N2	828	7141	A	21	0	7093	20.0709149866065
A_NA_N2	829	7116	G	44	0	7040	22.5244318181818
A_NA_N2	830	7102	A	58	0	7063	25.0846665722781
A_NA_N2	831	7109	G	51	0	7040	24.6596590909091
A_NA_N2	832	7126	T	34	0	7085	25.0980945659845
A_NA_N2	833	7094	G	66	0	7042	25.9571144561204
A_NA_N2	834	7071	C	89	0	6998	25.9794226921978
A_NA_N2	835	7076	T	83	0	7028	26.7605293113261
A_NA_N2	836	7119	C	38	0	6987	26.6434807499642
A_NA_N2	837	7071	T	86	0	7015	26.88011404134
A_NA_N2	838	7140	T	17	0	7095	27.3959126145173
A_NA_N2	839	7134	G	23	0	7115	26.1853829936753
A_NA_N2	840	7100	C	57	0	7042	28.17750639023
A_NA_N2	841	7125	T	31	0	7049	29.4210526315789
A_NA_N2	842	7130	A	26	0	7095	26.9041578576462
A_NA_N2	843	7133	T	23	0	7113	26.6907071559117
A_NA_N2	844	7093	C	60	0	7067	26.4114900240555
A_NA_N2	845	7127	C	25	0	7106	26.7848297213622
A_NA_N2	846	7123	T	29	0	7093	28.7854222472861
A_NA_N2	847	7095	C	56	0	6946	27.3908724445724
A_NA_N2	848	7077	G	72	0	7007	24.2200656486371
A_NA_N2	849	7123	A	26	0	7108	24.2063871693866
A_NA_N2	850	7128	T	19	0	7092	24.2899041173153
A_NA_N2	851	7136	A	11	0	7090	24.9115655853315
A_NA_N2	852	7132	T	15	0	7101	27.6934234614843
A_NA_N2	853	7127	C	18	0	7100	27.1028169014084
A_NA_N2	854	7132	C	13	0	7118	28.800505760045
A_NA_N2	855	7119	T	26	0	7099	30.3390618396957
A_NA_N2	856	7107	G	37	0	6970	29.6196556671449
A_NA_N2	857	7120	G	24	0	7086	28.9023426474739
A_NA_N2	858	7121	T	23	0	7090	28.3111424541608
A_NA_N2	859	7120	G	24	0	7091	28.6883373290086
A_NA_N2	860	7104	T	39	0	7059	29.7778722198612
A_NA_N2	861	7085	C	55	0	6978	27.7486385783892
A_NA_N2	862	7073	A	65	0	6986	27.1597480675637
A_NA_N2	863	7088	G	48	0	7044	26.939239068711
A_NA_N2	864	7108	A	27	0	7070	27.2571428571429
A_NA_N2	865	7097	T	38	0	7070	28.1697312588402
A_NA_N2	866	7097	G	37	0	7053	27.8512689635616
A_NA_N2	867	7102	T	31	0	7082	28.9627223948037
A_NA_N2	868	7077	G	56	0	7018	35.3124821886577
A_NA_N2	869	7067	T	64	0	7014	33.4600798403194
A_NA_N2	870	7081	C	49	0	7011	25.8008843246327
A_NA_N2	871	7101	T	27	0	7063	25.8254282882628
A_NA_N2	872	7077	G	51	0	7021	26.5178749465888
A_NA_N2	873	7083	C	45	0	7042	28.5789548423743
A_NA_N2	874	7011	A	117	0	6982	28.4593239759381
A_NA_N2	875	6997	G	130	0	6973	27.6396099239925
A_NA_N2	876	7053	A	74	0	7019	26.5946716056418
A_NA_N2	877	7064	G	63	0	7012	36.2093553907587
A_NA_N2	878	7054	A	72	0	7019	29.249180794985
A_NA_N2	879	7087	C	39	0	7049	28.1144843240176
A_NA_N2	880	7094	A	32	0	7032	27.0217576791809
A_NA_N2	881	7104	A	22	0	7083	27.1891853734293
A_NA_N2	882	7096	C	30	0	7046	27.56925915413
A_NA_N2	883	7098	T	28	0	7081	28.0659511368451
A_NA_N2	884	7062	G	64	0	7041	29.1735548927709
A_NA_N2	885	7097	G	27	0	7060	29.0845609065156
A_NA_N2	886	6937	A	187	0	6908	29.8194846554719
A_NA_N2	887	7068	A	55	0	7037	32.696461560324
A_NA_N2	888	7095	A	26	0	7044	31.6538898353208
A_NA_N2	889	7080	G	41	0	7027	31.9023765476021
A_NA_N2	890	7093	G	27	0	6996	29.9575471698113
A_NA_N2	891	7091	A	29	0	7038	27.8593350383632
A_NA_N2	892	7083	T	34	0	7006	26.892948900942
A_NA_N2	893	7029	C	85	0	6918	25.8219138479329
A_NA_N2	894	7050	C	63	0	6910	26.0253256150507
A_NA_N2	895	7055	A	58	0	6980	25.619770773639
A_NA_N2	896	7067	A	45	0	7024	26.8621867881549
A_NA_N2	897	7066	C	46	0	7019	27.1239492805243
A_NA_N2	898	7065	C	46	0	6913	25.2204542166932
A_NA_N2	899	7037	G	73	0	6834	23.4549312262218
A_NA_N2	900	7034	G	75	0	6980	23.302435530086
A_NA_N2	901	6921	C	188	0	6874	23.3398312481816
A_NA_N2	902	7050	C	59	0	6988	24.7263880938752
A_NA_N2	903	7077	C	30	0	6985	27.6535433070866
A_NA_N2	904	7068	A	39	0	7002	27.1556698086261
A_NA_N2	905	7076	T	31	0	7045	26.6076650106458
A_NA_N2	906	7083	C	24	0	6994	26.5784958535888
A_NA_N2	907	7072	A	35	0	7009	26.2576687116564
A_NA_N2	908	7058	T	49	0	6990	26.3307582260372
A_NA_N2	909	7043	A	64	0	6850	25.523795620438
A_NA_N2	910	7018	G	88	0	6856	25.3681446907818
A_NA_N2	911	6934	A	171	0	6905	25.6632874728458
A_NA_N2	912	6951	T	153	0	6872	26.5301222351572
A_NA_N2	913	7078	A	26	0	7030	26.5302987197724
A_NA_N2	914	7075	T	29	0	7033	30.8572444191668
A_NA_N2	915	7074	A	28	0	7025	25.5410676156584
A_NA_N2	916	7086	A	16	0	7060	25.1939093484419
A_NA_N2	917	7084	A	18	0	7060	25.814164305949
A_NA_N2	918	7083	C	18	0	7073	27.8569206842924
A_NA_N2	919	7084	A	17	0	7047	26.6424010217114
A_NA_N2	920	7086	T	15	0	7066	24.5666572318143
A_NA_N2	921	7059	A	41	0	7044	23.630039750142
A_NA_N2	922	7084	A	16	0	7066	23.6306255307104
A_NA_N2	923	7084	A	15	0	7059	24.7025074373141
A_NA_N2	924	7080	G	18	0	7055	28.741459957477
A_NA_N2	925	7079	G	19	0	7057	28.245996882528
A_NA_N2	926	7076	A	20	0	7037	27.4712235327554
A_NA_N2	927	7070	T	25	0	7044	27.4396649630892
A_NA_N2	928	7067	C	23	0	6942	26.8800057620282
A_NA_N2	929	7069	A	21	0	7002	26.2213653241931
A_NA_N2	930	7062	T	28	0	7030	25.1926031294452
A_NA_N2	931	7045	A	45	0	6930	25.3376623376623
A_NA_N2	932	7047	G	43	0	7013	25.3945529730501
A_NA_N2	933	7059	C	31	0	7035	26.0400852878465
A_NA_N2	934	7046	A	43	0	6996	28.4232418524871
A_NA_N2	935	7049	T	38	0	7011	27.8110112680074
A_NA_N2	936	7051	T	35	0	7013	28.0557536004563
A_NA_N2	937	7040	G	45	0	6940	27.1912103746398
A_NA_N2	938	6990	T	95	0	6941	26.9379052009797
A_NA_N2	939	7062	T	23	0	7021	28.1213502350093
A_NA_N2	940	7059	T	26	0	7025	27.3906049822064
A_NA_N2	941	7028	C	55	0	7010	28.4447931526391
A_NA_N2	942	7057	C	25	0	7044	31.5618966496309
A_NA_N2	943	7047	A	34	0	7023	28.2251174711662
A_NA_N2	944	7046	G	33	0	7027	32.18144300555
A_NA_N2	945	7046	G	32	0	7030	31.2398293029872
A_NA_N2	946	7036	T	42	0	7001	30.0261391229824
A_NA_N2	947	7036	A	42	0	7009	29.8420602083036
A_NA_N2	948	7004	T	73	0	6967	28.7958949332568
A_NA_N2	949	7007	G	67	0	6982	28.3171011171584
A_NA_N2	950	7016	T	55	0	6981	28.6153846153846
A_NA_N2	951	6995	G	76	0	6974	32.1231717809005
A_NA_N2	952	7006	T	65	0	6938	62.8410204669934
A_NA_N2	953	6993	G	78	0	6949	53.2794646711757
A_NA_N2	954	6919	T	152	0	6884	47.1496223126089
A_NA_N2	955	6983	T	86	0	6937	27.2652443419346
A_NA_N2	956	6971	C	96	0	6869	26.4122870869122
A_NA_N2	957	7042	T	25	0	7028	27.4977233921457
A_NA_N2	958	7032	G	35	0	7006	28.4734513274336
A_NA_N2	959	7035	G	30	0	7006	28.264202112475
A_NA_N2	960	7031	A	34	0	6997	29.186651422038
A_NA_N2	961	7031	C	34	0	6962	28.9495834530307
A_NA_N2	962	7010	T	55	0	6936	28.6222606689735
A_NA_N2	963	7035	T	30	0	6993	30.3028743028743
A_NA_N2	964	7033	G	32	0	7014	29.1933276304534
A_NA_N2	965	7020	T	45	0	6975	28.7168458781362
A_NA_N2	966	6990	T	70	0	6933	28.7057550843791
A_NA_N2	967	6869	G	191	0	6836	27.3354300760679
A_NA_N2	968	6973	G	85	0	6931	26.9395469629202
A_NA_N2	969	6992	A	65	0	6958	27.7946248922104
A_NA_N2	970	6975	G	81	0	6887	28.0477711630608
A_NA_N2	971	6975	A	79	0	6936	27.3752883506344
A_NA_N2	972	6957	C	95	0	6921	27.2262678803641
A_NA_N2	973	6997	A	54	0	6759	24.6647433052227
A_NA_N2	974	6960	C	91	0	6941	31.8905056908226
A_NA_N2	975	6937	A	114	0	6782	35.3846947803008
A_NA_N2	976	6674	C	377	0	6604	30.5745003028468
A_NA_N2	977	6954	C	95	0	6920	23.064450867052
A_NA_N2	978	6963	C	85	0	6886	23.4467034562881
A_NA_N2	979	6909	A	138	0	6876	22.1797556719023
A_NA_N2	980	6904	G	142	0	6849	25.5145276682727
A_NA_N2	981	6685	A	361	0	6644	24.6913004214329
A_NA_N2	982	6923	A	122	0	6886	24.6018007551554
A_NA_N2	983	6990	A	54	0	6961	26.1134894411722
A_NA_N2	984	7005	A	37	0	6946	28.5285056147423
A_NA_N2	985	6997	A	42	0	6945	28.9978401727862
A_NA_N2	986	6990	G	49	0	6971	27.8080619710228
A_NA_N2	987	6994	C	44	0	6939	25.8815391266753
A_NA_N2	988	7009	G	29	0	6889	24.0750471766584
A_NA_N2	989	7000	A	38	0	6955	23.8506110711718
A_NA_N2	990	6999	C	39	0	6977	24.1708470689408
A_NA_N2	991	6998	A	39	0	6955	25.0393961179008
A_NA_N2	992	6994	G	42	0	6977	27.6092876594525
A_NA_N2	993	6992	C	44	0	6968	28.4842135476464
A_NA_N2	994	6990	T	45	0	6965	28.7909547738693
A_NA_N2	995	6965	C	70	0	6922	28.9914764518925
A_NA_N2	996	7005	C	29	0	6963	29.7910383455407
A_NA_N2	997	7010	A	24	0	6970	27.2441893830703
A_NA_N2	998	7007	G	26	0	6999	30.0070010001429
A_NA_N2	999	7015	C	17	0	6999	30.7538219745678
A_NA_N2	1000	7011	A	21	0	6957	29.1277849647837
A_NA_N2	1001	7009	G	22	0	6989	30.0054371154672
A_NA_N2	1002	7003	T	26	0	6980	27.1501432664756
A_NA_N2	1003	6977	A	48	0	6860	25.8172011661808
A_NA_N2	1004	6980	G	43	0	6922	25.8360300491188
A_NA_N2	1005	6976	C	46	0	6961	26.0430972561414
A_NA_N2	1006	6992	C	29	0	6963	28.3067643257217
A_NA_N2	1007	6989	A	33	0	6954	29.1466781708369
A_NA_N2	1008	6991	C	30	0	6972	31.3111015490534
A_NA_N2	1009	6985	T	34	0	6944	30.3004032258065
A_NA_N2	1010	6983	G	36	0	6940	30.4060518731988
A_NA_N2	1011	6907	T	111	0	6865	28.9777130371449
A_NA_N2	1012	6992	T	26	0	6941	27.9345915574125
A_NA_N2	1013	6995	T	20	0	6931	28.3637281777521
A_NA_N2	1014	6989	G	25	0	6945	27.155939524838
A_NA_N2	1015	6988	A	23	0	6966	28.5855584266437
A_NA_N2	1016	6991	A	20	0	6955	28.9677929547088
A_NA_N2	1017	6979	C	31	0	6917	29.6624259071852
A_NA_N2	1018	6984	C	26	0	6958	31.0165277378557
A_NA_N2	1019	6986	C	24	0	6943	30.1613135532191
A_NA_N2	1020	6980	T	29	0	6941	31.7009076501945
A_NA_N2	1021	6977	A	31	0	6942	27.6642178046672
A_NA_N2	1022	6979	A	28	0	6948	26.9499136442142
A_NA_N2	1023	6982	C	24	0	6949	27.4332997553605
A_NA_N2	1024	6975	A	30	0	6863	25.6996940113653
A_NA_N2	1025	6980	A	25	0	6961	24.8261744002299
A_NA_N2	1026	6979	T	26	0	6964	25.3131820792648
A_NA_N2	1027	6938	G	66	0	6903	24.3996812979864
A_NA_N2	1028	6809	A	195	0	6776	26.6924439197166
A_NA_N2	1029	6933	A	68	0	6907	25.7865933111336
A_NA_N2	1030	6946	A	54	0	6920	26.6030346820809
A_NA_N2	1031	6980	A	19	0	6953	28.6309506687761
A_NA_N2	1032	6976	A	21	0	6939	29.116299178556
A_NA_N2	1033	6974	G	23	0	6964	28.4220275703619
A_NA_N2	1034	6974	G	22	0	6968	27.814150401837
A_NA_N2	1035	6977	T	17	0	6953	27.9574284481519
A_NA_N2	1036	6980	G	12	0	6936	27.4948096885813
A_NA_N2	1037	6973	A	18	0	6936	26.8494809688581
A_NA_N2	1038	6976	T	15	0	6950	27.1674820143885
A_NA_N2	1039	6969	C	22	0	6891	26.1610796691337
A_NA_N2	1040	6977	A	13	0	6947	25.1946163811717
A_NA_N2	1041	6972	T	17	0	6941	25.9659991355712
A_NA_N2	1042	6908	G	80	0	6796	24.4910241318423
A_NA_N2	1043	6968	G	19	0	6852	23.7699941622884
A_NA_N2	1044	6965	A	22	0	6929	23.8574108818011
A_NA_N2	1045	6960	G	26	0	6941	24.4394179513038
A_NA_N2	1046	6974	T	12	0	6904	25.2653534183082
A_NA_N2	1047	6869	G	117	0	6798	25.0706090026478
A_NA_N2	1048	6842	A	144	0	6805	25.347391623806
A_NA_N2	1049	6878	A	108	0	6846	25.1231375985977
A_NA_N2	1050	6839	A	147	0	6808	25.4785546415981
A_NA_N2	1051	6832	G	153	0	6792	27.5687573616019
A_NA_N2	1052	6967	G	18	0	6957	27.6737099324421
A_NA_N2	1053	6946	C	39	0	6827	27.7643181485279
A_NA_N2	1054	6927	T	58	0	6911	28.0133121111272
A_NA_N2	1055	6922	G	62	0	6856	27.2807759626604
A_NA_N2	1056	6966	G	18	0	6931	27.4531813591112
A_NA_N2	1057	6956	G	28	0	6934	27.4059705797519
A_NA_N2	1058	6948	C	36	0	6933	29.390307226309
A_NA_N2	1059	6951	C	32	0	6909	29.5650600665798
A_NA_N2	1060	6900	T	83	0	6837	29.3078835746673
A_NA_N2	1061	6942	T	41	0	6889	30.6411670779504
A_NA_N2	1062	6944	T	39	0	6864	31.856351981352
A_NA_N2	1063	6940	G	43	0	6881	28.7333236448191
A_NA_N2	1064	6944	A	39	0	6905	29.1994207096307
A_NA_N2	1065	6968	T	12	0	6939	29.9476869865975
A_NA_N2	1066	6970	G	10	0	6914	28.5961816603992
A_NA_N2	1067	6969	A	10	0	6937	27.5675363990197
A_NA_N2	1068	6969	T	9	0	6949	28.6166354871204
A_NA_N2	1069	6966	G	12	0	6956	28.887147786084
A_NA_N2	1070	6964	G	13	0	6952	29.1441311852704
A_NA_N2	1071	6951	A	26	0	6934	30.2099798096337
A_NA_N2	1072	6959	A	17	0	6932	32.3183785343335
A_NA_N2	1073	6961	A	13	0	6938	32.3472182185068
A_NA_N2	1074	6960	T	13	0	6922	30.7174227101994
A_NA_N2	1075	6956	G	17	0	6914	28.7956320509112
A_NA_N2	1076	6953	A	20	0	6920	28.2566473988439
A_NA_N2	1077	6952	C	21	0	6929	27.9580025977775
A_NA_N2	1078	6948	G	24	0	6862	26.4436024482658
A_NA_N2	1079	6946	T	26	0	6920	26.6617052023121
A_NA_N2	1080	6959	G	13	0	6897	27.1135276207047
A_NA_N2	1081	6951	T	18	0	6897	33.2405393649413
A_NA_N2	1082	6943	G	24	0	6580	26.7917933130699
A_NA_N2	1083	6959	G	6	0	6900	23.2868115942029
A_NA_N2	1084	6951	A	14	0	6935	22.4399423215573
A_NA_N2	1085	6952	T	13	0	6938	22.5635629864514
A_NA_N2	1086	6703	G	262	0	6662	23.933053137196
A_NA_N2	1087	6873	G	89	0	6851	24.6308568092249
A_NA_N2	1088	6935	G	26	0	6902	24.394523326572
A_NA_N2	1089	6937	G	24	0	6876	27.6592495636998
A_NA_N2	1090	6917	A	40	0	6896	27.1973607888631
A_NA_N2	1091	6907	G	49	0	6773	23.6460947881293
A_NA_N2	1092	6892	A	63	0	6797	23.2577607768133
A_NA_N2	1093	6925	A	29	0	6837	22.5831505046073
A_NA_N2	1094	6923	C	30	0	6831	22.2958571219441
A_NA_N2	1095	6938	A	15	0	6828	22.2521968365554
A_NA_N2	1096	6928	A	25	0	6885	22.1265068990559
A_NA_N2	1097	6921	T	30	0	6843	22.4591553412246
A_NA_N2	1098	6783	C	162	0	6259	20.9250679022208
A_NA_N2	1099	6851	A	94	0	6563	20.3871705012951
A_NA_N2	1100	6825	A	120	0	6772	20.4892203189604
A_NA_N2	1101	6805	C	137	0	6603	21.2829017113433
A_NA_N2	1102	6801	G	141	0	6568	23.1151035322777
A_NA_N2	1103	6855	A	87	0	6781	24.0492552720838
A_NA_N2	1104	6883	G	58	0	6771	23.990990990991
A_NA_N2	1105	6884	A	55	0	6823	25.4194635790708
A_NA_N2	1106	6872	C	67	0	6714	27.0612153708668
A_NA_N2	1107	6887	G	51	0	6770	25.6753323485968
A_NA_N2	1108	6911	T	27	0	6868	25.8498835177635
A_NA_N2	1109	6910	C	26	0	6772	25.699793266391
A_NA_N2	1110	6914	A	22	0	6869	27.1963895763576
A_NA_N2	1111	6916	C	20	0	6852	29.5143023934618
A_NA_N2	1112	6908	G	26	0	6840	27.0554093567251
A_NA_N2	1113	6868	C	65	0	6835	26.4823701536211
A_NA_N2	1114	6854	T	78	0	6833	26.9322405971023
A_NA_N2	1115	6908	T	23	0	6859	26.9913981629975
A_NA_N2	1116	6888	A	40	0	6822	26.5622984462035
A_NA_N2	1117	6905	G	23	0	6870	26.7371179039301
A_NA_N2	1118	6917	G	11	0	6905	27.5109341057205
A_NA_N2	1119	6902	G	22	0	6845	28.5075237399562
A_NA_N2	1120	6851	T	73	0	6793	29.1722361254232
A_NA_N2	1121	6911	A	10	0	6874	27.6648239743963
A_NA_N2	1122	6906	T	13	0	6849	26.9959118119433
A_NA_N2	1123	6895	G	23	0	6819	27.3757149142103
A_NA_N2	1124	6876	A	41	0	6815	27.9615553925165
A_NA_N2	1125	6901	A	15	0	6869	28.4051535885864
A_NA_N2	1126	6893	A	20	0	6855	30.1900802334063
A_NA_N2	1127	6889	C	23	0	6849	30.4888304862024
A_NA_N2	1128	6896	C	15	0	6853	30.1183423318255
A_NA_N2	1129	6879	T	32	0	6835	31.2141916605706
A_NA_N2	1130	6874	T	37	0	6835	33.2648134601317
A_NA_N2	1131	6858	C	53	0	6787	29.7032562251363
A_NA_N2	1132	6854	A	55	0	6800	29.6844117647059
A_NA_N2	1133	6895	A	13	0	6860	29.4463556851312
A_NA_N2	1134	6898	A	10	0	6867	30.4689092762487
A_NA_N2	1135	6893	G	15	0	6852	30.9439579684764
A_NA_N2	1136	6889	T	17	0	6861	30.9967934703396
A_NA_N2	1137	6885	C	20	0	6739	27.5161003116189
A_NA_N2	1138	6882	G	23	0	6805	25.3469507714915
A_NA_N2	1139	6879	T	26	0	6834	25.0753585016096
A_NA_N2	1140	6888	T	17	0	6823	24.8840685915287
A_NA_N2	1141	6874	G	26	0	6800	25.7410294117647
A_NA_N2	1142	6866	A	32	0	6842	27.5532008184741
A_NA_N2	1143	6881	A	17	0	6850	27.5294890510949
A_NA_N2	1144	6866	G	31	0	6840	27.8624269005848
A_NA_N2	1145	6878	G	18	0	6861	29.6045765923335
A_NA_N2	1146	6821	C	74	0	6807	29.1943587483473
A_NA_N2	1147	6828	T	64	0	6766	29.7877623411174
A_NA_N2	1148	6862	G	29	0	6552	25.254884004884
A_NA_N2	1149	6852	G	38	0	6749	23.6411320195585
A_NA_N2	1150	6852	T	38	0	6696	23.3984468339307
A_NA_N2	1151	6759	C	127	0	6591	24.0744955241997
A_NA_N2	1152	6806	C	77	0	6439	26.6861313868613
A_NA_N2	1153	6825	A	58	0	6668	25.4790041991602
A_NA_N2	1154	6825	A	57	0	6788	25.9930760164997
A_NA_N2	1155	6756	C	126	0	6650	25.8664661654135
A_NA_N2	1156	6806	C	76	0	6709	27.0940527649426
A_NA_N2	1157	6846	C	36	0	6684	29.5635846798324
A_NA_N2	1158	6834	T	48	0	6698	30.5825619587937
A_NA_N2	1159	6730	A	148	0	6564	25.0941499085923
A_NA_N2	1160	6867	A	11	0	6793	23.3098778153982
A_NA_N2	1161	6820	G	56	0	6713	22.6322061671384
A_NA_N2	1162	6829	T	47	0	6790	23.3353460972018
A_NA_N2	1163	6789	C	86	0	6708	24.9439475253429
A_NA_N2	1164	6835	C	38	0	6789	26.1693916629842
A_NA_N2	1165	6685	A	188	0	6634	26.1147120892373
A_NA_N2	1166	6845	A	28	0	6825	26.789304029304
A_NA_N2	1167	6826	A	45	0	6790	25.640795287187
A_NA_N2	1168	6806	T	62	0	6704	24.4627088305489
A_NA_N2	1169	6838	T	28	0	6776	25.4746162927981
A_NA_N2	1170	6838	G	27	0	6696	23.9038231780167
A_NA_N2	1171	6843	C	22	0	6727	23.8327634904118
A_NA_N2	1172	6825	A	40	0	6759	24.8409528036692
A_NA_N2	1173	6815	G	49	0	6762	24.4404022478557
A_NA_N2	1174	6785	A	78	0	6752	24.7892476303318
A_NA_N2	1175	6811	T	51	0	6757	24.8523013171526
A_NA_N2	1176	6800	A	61	0	6656	24.7992788461538
A_NA_N2	1177	6840	A	21	0	6806	25.2165736115192
A_NA_N2	1178	6842	A	19	0	6813	26.2875385292823
A_NA_N2	1179	6841	T	19	0	6822	27.1536206391088
A_NA_N2	1180	6814	A	44	0	6603	26.20172648796
A_NA_N2	1181	6829	G	29	0	6806	25.780487804878
A_NA_N2	1182	6840	G	17	0	6826	25.8199531204219
A_NA_N2	1183	6812	C	42	0	6742	26.7693562741026
A_NA_N2	1184	6831	A	23	0	6786	29.3986147951665
A_NA_N2	1185	6844	A	9	0	6798	29.1150338334804
A_NA_N2	1186	6812	G	41	0	6734	29.0414315414315
A_NA_N2	1187	6834	T	16	0	6747	29.1056765970061
A_NA_N2	1188	6823	C	24	0	6746	28.6117699377409
A_NA_N2	1189	6817	A	29	0	6747	28.7136505113384
A_NA_N2	1190	6819	T	27	0	6781	27.8343902079339
A_NA_N2	1191	6809	A	35	0	6692	26.8182904961148
A_NA_N2	1192	6808	G	33	0	6716	26.2625074449077
A_NA_N2	1193	6808	T	33	0	6752	26.2085308056872
A_NA_N2	1194	6829	T	12	0	6805	27.1935341660544
A_NA_N2	1195	6817	G	24	0	6780	27.8293510324484
A_NA_N2	1196	6817	A	25	0	6790	28.7683357879234
A_NA_N2	1197	6817	C	23	0	6803	30.9278259591357
A_NA_N2	1198	6777	A	62	0	6738	29.4229741763134
A_NA_N2	1199	6811	G	27	0	6784	28.8754422169811
A_NA_N2	1200	6822	A	16	0	6775	27.4655350553506
A_NA_N2	1201	6822	G	16	0	6799	27.7424621267834
A_NA_N2	1202	6825	G	11	0	6822	28.5230137789505
A_NA_N2	1203	6810	C	26	0	6777	27.8664600855836
A_NA_N2	1204	6807	G	27	0	6681	26.7383625205808
A_NA_N2	1205	6806	A	29	0	6789	26.2178524083076
A_NA_N2	1206	6808	T	24	0	6784	25.6095224056604
A_NA_N2	1207	6776	A	53	0	6649	24.8109490148895
A_NA_N2	1208	6785	G	44	0	6661	25.5863984386729
A_NA_N2	1209	6813	G	15	0	6741	25.5031894377689
A_NA_N2	1210	6804	T	22	0	6754	27.2158720758069
A_NA_N2	1211	6795	C	28	0	6706	28.5325082016105
A_NA_N2	1212	6805	C	18	0	6703	28.244219006415
A_NA_N2	1213	6793	G	27	0	6732	26.2838680926916
A_NA_N2	1214	6805	G	15	0	6785	26.5015475313191
A_NA_N2	1215	6781	T	38	0	6740	26.3388724035608
A_NA_N2	1216	6781	T	38	0	6739	27.254785576495
A_NA_N2	1217	6780	A	37	0	6679	27.4801617008534
A_NA_N2	1218	6781	T	31	0	6735	26.8365256124722
A_NA_N2	1219	6779	T	31	0	6691	27.1200119563593
A_NA_N2	1220	6744	C	63	0	6649	25.9750338396751
A_NA_N2	1221	6740	T	66	0	6712	27.0436531585221
A_NA_N2	1222	6719	G	85	0	6663	26.909200060033
A_NA_N2	1223	6776	G	27	0	6750	25.7066666666667
A_NA_N2	1224	6718	T	86	0	6499	25.1347899676873
A_NA_N2	1225	6752	A	51	0	6669	24.4561403508772
A_NA_N2	1226	6592	T	211	0	6494	23.4242377579304
A_NA_N2	1227	6725	T	77	0	6662	23.1383968778145
A_NA_N2	1228	6750	T	51	0	6605	25.0393641180924
A_NA_N2	1229	6685	T	112	0	6617	29.6209762732356
A_NA_N2	1230	6649	C	147	0	6580	29.4503039513678
A_NA_N2	1231	6693	T	103	0	6665	27.7038259564891
A_NA_N2	1232	6561	C	234	0	6465	31.5274555297757
A_NA_N2	1233	6612	T	183	0	6568	28.0348660170524
A_NA_N2	1234	6756	G	39	0	6716	26.4011316259678
A_NA_N2	1235	6769	T	26	0	6739	25.2949992580502
A_NA_N2	1236	6774	T	20	0	6677	26.1322450202187
A_NA_N2	1237	6769	G	23	0	6681	25.4997754827122
A_NA_N2	1238	6754	A	37	0	6718	25.7978565049122
A_NA_N2	1239	6769	A	22	0	6746	26.8513193003261
A_NA_N2	1240	6762	G	28	0	6747	27.2498888394842
A_NA_N2	1241	6765	G	23	0	6762	28.343685300207
A_NA_N2	1242	6741	C	45	0	6725	28.5179182156134
A_NA_N2	1243	6721	A	64	0	6686	28.5338019742746
A_NA_N2	1244	6741	A	42	0	6702	27.6735302894658
A_NA_N2	1245	6771	A	10	0	6746	27.6320782686036
A_NA_N2	1246	6771	A	9	0	6733	28.8835585920095
A_NA_N2	1247	6762	G	17	0	6747	27.7203201422855
A_NA_N2	1248	6763	C	15	0	6723	27.5841142347166
A_NA_N2	1249	6760	T	16	0	6746	28.6039134301808
A_NA_N2	1250	6707	G	67	0	6621	28.4854251623622
A_NA_N2	1251	6733	C	39	0	6660	28.9243243243243
A_NA_N2	1252	6746	A	23	0	6674	27.8530116871441
A_NA_N2	1253	6752	T	16	0	6724	27.0129387269482
A_NA_N2	1254	6733	C	32	0	6551	27.0786139520684
A_NA_N2	1255	6746	A	18	0	6552	25.7065018315018
A_NA_N2	1256	6744	A	18	0	6719	25.4756660217294
A_NA_N2	1257	6737	T	24	0	6706	26.3244855353415
A_NA_N2	1258	6699	C	58	0	5972	25.2337575351641
A_NA_N2	1259	6726	G	31	0	6634	23.0812481157673
A_NA_N2	1260	6736	G	21	0	6709	22.9415710239976
A_NA_N2	1261	6730	T	25	0	6698	23.3011346670648
A_NA_N2	1262	6680	G	72	0	6551	26.5277056937872
A_NA_N2	1263	6683	C	66	0	6604	27.3834039975772
A_NA_N2	1264	6590	T	159	0	6485	25.8977640709329
A_NA_N2	1265	6649	T	100	0	6617	25.5627928064077
A_NA_N2	1266	6693	T	55	0	6659	29.1980777894579
A_NA_N2	1267	6673	T	75	0	6651	31.0666065253345
A_NA_N2	1268	6657	A	91	0	6536	27.4928090575275
A_NA_N2	1269	6699	T	49	0	6679	26.2043719119629
A_NA_N2	1270	6689	G	59	0	6657	25.9448700615893
A_NA_N2	1271	6706	T	41	0	6667	26.109194540273
A_NA_N2	1272	6658	G	88	0	6620	27.773413897281
A_NA_N2	1273	6727	G	19	0	6619	27.3743767940777
A_NA_N2	1274	6723	A	23	0	6696	27.1300776583035
A_NA_N2	1275	6715	G	30	0	6658	27.3083508561129
A_NA_N2	1276	6638	T	105	0	6554	27.1293866341166
A_NA_N2	1277	6725	T	18	0	6617	27.2052289557201
A_NA_N2	1278	6724	G	19	0	6579	26.3391092871257
A_NA_N2	1279	6691	A	50	0	6610	25.4059001512859
A_NA_N2	1280	6688	T	51	0	6648	25.5872442839952
A_NA_N2	1281	6723	T	15	0	6661	25.2528148926588
A_NA_N2	1282	6688	A	47	0	6600	23.655303030303
A_NA_N2	1283	6483	G	251	0	6444	23.8803538175047
A_NA_N2	1284	6707	G	27	0	6701	24.3829279212058
A_NA_N2	1285	6696	G	38	0	6673	27.35561216844
A_NA_N2	1286	6666	G	66	0	6522	31.4475620975161
A_NA_N2	1287	6648	A	84	0	6605	30.9246025738077
A_NA_N2	1288	6669	A	63	0	6633	29.6803859490427
A_NA_N2	1289	6663	G	68	0	6578	26.7648221343874
A_NA_N2	1290	5830	A	899	0	5783	26.8386650527408
A_NA_N2	1291	6278	A	451	0	6220	26.166077170418
A_NA_N2	1292	6670	A	59	0	6600	25.7478787878788
A_NA_N2	1293	6645	A	82	0	6585	25.331814730448
A_NA_N2	1294	6586	G	139	0	6371	25.2971276094805
A_NA_N2	1295	6653	A	71	0	6612	26.0243496672716
A_NA_N2	1296	6614	G	110	0	6560	26.5239329268293
A_NA_N2	1297	6689	G	32	0	6609	25.6227871084884
A_NA_N2	1298	6672	A	48	0	6627	25.242040138826
A_NA_N2	1299	6697	A	23	0	6657	27.8170347003155
A_NA_N2	1300	6688	A	30	0	6630	28.1773755656109
A_NA_N2	1301	6682	C	35	0	6581	27.857772375019
A_NA_N2	1302	6689	T	27	0	6625	26.7957735849057
A_NA_N2	1303	6660	G	54	0	6548	26.1988393402566
A_NA_N2	1304	6647	A	66	0	6587	26.3897069986337
A_NA_N2	1305	6693	A	20	0	6667	26.1268936553172
A_NA_N2	1306	6683	G	28	0	6655	26.5624342599549
A_NA_N2	1307	6653	T	58	0	6621	26.5203141519408
A_NA_N2	1308	6660	C	49	0	6506	25.4143867199508
A_NA_N2	1309	6627	T	80	0	6585	25.4598329536826
A_NA_N2	1310	6675	T	32	0	6650	26.4681203007519
A_NA_N2	1311	6684	G	21	0	6657	26.1344449451705
A_NA_N2	1312	6697	T	8	0	6676	28.5515278609946
A_NA_N2	1313	6686	G	18	0	6667	28.5821208939553
A_NA_N2	1314	6700	G	3	0	6670	27.3550224887556
A_NA_N2	1315	6698	A	5	0	6671	27.7621046319892
A_NA_N2	1316	6688	C	14	0	6631	27.1523148846328
A_NA_N2	1317	6665	T	36	0	6621	26.4126264914665
A_NA_N2	1318	6692	T	7	0	6641	26.783014606234
A_NA_N2	1319	6676	C	20	0	6610	26.039636913767
A_NA_N2	1320	6644	A	52	0	6583	26.0938781710466
A_NA_N2	1321	6686	A	10	0	6653	26.5499774537803
A_NA_N2	1322	6686	A	10	0	6659	26.7654302447815
A_NA_N2	1323	6668	C	24	0	6625	26.4736603773585
A_NA_N2	1324	6672	A	20	0	6544	24.0790036674817
A_NA_N2	1325	6656	G	32	0	6586	23.5124506529001
A_NA_N2	1326	6656	T	29	0	6620	22.4083081570997
A_NA_N2	1327	6659	A	24	0	6622	22.5380549682875
A_NA_N2	1328	6631	T	49	0	6574	22.2844539093398
A_NA_N2	1329	6623	T	52	0	6590	22.533535660091
A_NA_N2	1330	6623	G	52	0	6570	23.1339421613394
A_NA_N2	1331	6634	T	39	0	6585	23.0493545937737
A_NA_N2	1332	6640	T	30	0	6612	25.8359044162129
A_NA_N2	1333	6637	G	33	0	6584	25.4993924665857
A_NA_N2	1334	6638	T	32	0	6619	25.145339175102
A_NA_N2	1335	6629	A	40	0	6569	25.7711980514538
A_NA_N2	1336	6592	T	76	0	6546	25.0875343721357
A_NA_N2	1337	6634	T	34	0	6590	25.3476479514416
A_NA_N2	1338	6634	T	34	0	6601	27.5456748977428
A_NA_N2	1339	6593	T	72	0	6562	30.5801584882658
A_NA_N2	1340	6583	G	82	0	6538	29.3185989599266
A_NA_N2	1341	6649	T	12	0	6631	28.7207057759011
A_NA_N2	1342	6622	G	36	0	6595	26.7211523881729
A_NA_N2	1343	6618	G	34	0	6606	26.0304268846503
A_NA_N2	1344	6614	C	38	0	6596	28.2731958762887
A_NA_N2	1345	6634	A	18	0	6555	28.1276887871854
A_NA_N2	1346	6625	C	26	0	6597	28.5331211156586
A_NA_N2	1347	6636	C	12	0	6603	28.729062547327
A_NA_N2	1348	6633	T	15	0	6613	29.0933010736428
A_NA_N2	1349	6598	C	49	0	6507	28.6383894267712
A_NA_N2	1350	6585	A	59	0	6481	28.21076994291
A_NA_N2	1351	6605	G	39	0	6596	28.4752880533657
A_NA_N2	1352	6629	G	13	0	6609	27.9591466182478
A_NA_N2	1353	6610	T	30	0	6551	27.6786750114486
A_NA_N2	1354	6607	A	33	0	6535	28.1075745983168
A_NA_N2	1355	6620	C	19	0	6593	28.0091005612013
A_NA_N2	1356	6564	A	75	0	6522	26.94372891751
A_NA_N2	1357	6567	T	72	0	6546	25.777574091048
A_NA_N2	1358	6615	A	23	0	6537	24.6138901636836
A_NA_N2	1359	6606	T	29	0	6580	24.2386018237082
A_NA_N2	1360	6576	G	58	0	6504	23.9191266912669
A_NA_N2	1361	6615	G	18	0	6538	24.7017436524931
A_NA_N2	1362	6600	A	32	0	6546	26.0523984112435
A_NA_N2	1363	6619	A	12	0	6575	27.6570342205323
A_NA_N2	1364	6614	C	15	0	6579	27.1597507219942
A_NA_N2	1365	6551	A	78	0	6519	26.067955207854
A_NA_N2	1366	6594	G	34	0	6574	25.5302707636142
A_NA_N2	1367	6621	G	6	0	6606	25.131395700878
A_NA_N2	1368	6601	C	25	0	6577	24.8219552987684
A_NA_N2	1369	6612	T	13	0	6580	25.9071428571429
A_NA_N2	1370	6607	C	16	0	6484	25.1474398519432
A_NA_N2	1371	6611	A	12	0	6588	24.1777474195507
A_NA_N2	1372	6608	T	14	0	6560	24.8262195121951
A_NA_N2	1373	6595	G	22	0	6452	22.5798202107874
A_NA_N2	1374	6601	G	15	0	6576	22.4035888077859
A_NA_N2	1375	6591	C	23	0	6583	23.3425489898223
A_NA_N2	1376	6592	C	20	0	6578	24.4606263301915
A_NA_N2	1377	6540	T	70	0	6510	28.3015360983103
A_NA_N2	1378	6565	G	43	0	6492	27.6692852741836
A_NA_N2	1379	6597	A	11	0	6580	26.0901215805471
A_NA_N2	1380	6596	T	10	0	6569	25.3892525498554
A_NA_N2	1381	6308	G	297	0	6271	23.7091372986764
A_NA_N2	1382	6529	G	69	0	6504	23.7589175891759
A_NA_N2	1383	6572	G	22	0	6536	23.8945838433293
A_NA_N2	1384	6559	G	29	0	6516	27.0277777777778
A_NA_N2	1385	6548	C	37	0	6448	24.9703784119107
A_NA_N2	1386	6512	G	71	0	6285	22.1129673826571
A_NA_N2	1387	6547	A	36	0	6480	21.8393518518519
A_NA_N2	1388	6545	A	37	0	6480	21.5984567901235
A_NA_N2	1389	6526	C	53	0	6462	21.9552770040235
A_NA_N2	1390	6545	C	30	0	6463	23.1285780597246
A_NA_N2	1391	6552	T	23	0	6523	23.3127395370228
A_NA_N2	1392	6497	C	67	0	6107	21.4062551170788
A_NA_N2	1393	6518	A	41	0	6409	19.8879700421283
A_NA_N2	1394	6528	G	28	0	6451	20.1099054410169
A_NA_N2	1395	6517	T	35	0	6439	19.8116167106694
A_NA_N2	1396	6512	C	38	0	6403	21.5428705294393
A_NA_N2	1397	6496	T	43	0	6456	22.788258983891
A_NA_N2	1398	6509	C	19	0	6383	22.7374275419082
A_NA_N2	1399	6515	A	10	0	6468	22.0068027210884
A_NA_N2	1400	6515	T	8	0	6469	22.8069253362189
A_NA_N2	1401	6504	G	11	0	6476	22.4550648548487
A_NA_N2	1402	6484	C	20	0	6457	22.8290227659904
A_NA_N2	1403	6485	A	9	0	6451	22.9688420399938
A_NA_N2	1404	6478	T	6	0	6457	22.0250890506427
A_NA_N2	1405	6463	A	4	0	6428	20.8582762912259
A_NA_N2	1406	6432	C	0	0	6427	20.7166640734402
A_NA_N2	1407	6408	A	0	0	6369	20.3206154812372
A_NA_N2	1408	6376	T	0	0	6364	20.2498428661219
A_NA_N2	1409	6345	A	0	0	6345	19.9594956658786
A_NA_N2	1410	6281	A	0	0	6281	19.3709600382105
