Reference_Name	Position	Coverage Depth	Consensus	Deletions	Ambiguous	Consensus_Count	Consensus_Average_Quality
A_NP	1	6231	A	0	0	6231	31.1935483870968
A_NP	2	6253	T	0	0	6253	32.696145849992
A_NP	3	6288	G	0	0	6208	29.2801224226804
A_NP	4	6326	G	0	0	6322	29.4810186649794
A_NP	5	6331	C	1	0	6305	29.7424266455194
A_NP	6	6342	G	2	0	6264	28.3941570881226
A_NP	7	6358	T	5	0	6322	29.8802594115786
A_NP	8	6346	C	47	0	6292	27.3397965670693
A_NP	9	6416	C	2	0	6396	28.2220137585991
A_NP	10	6463	C	6	0	6437	30.9591424576666
A_NP	11	6435	A	39	0	6381	29.0865068171133
A_NP	12	6457	A	17	0	6435	29.8699300699301
A_NP	13	6447	G	28	0	6433	30.060314005907
A_NP	14	6465	G	12	0	6457	30.7690878116772
A_NP	15	6467	C	11	0	6452	34.4353688778673
A_NP	16	6463	A	17	0	6314	30.2372505543237
A_NP	17	6329	C	154	0	6311	30.5843764855015
A_NP	18	6475	C	11	0	6346	27.7158840214308
A_NP	19	6462	A	25	0	6440	24.963198757764
A_NP	20	6480	A	7	0	6470	27.3213292117465
A_NP	21	6482	A	5	0	6437	29.1968308218114
A_NP	22	6481	C	6	0	6379	29.1835710926477
A_NP	23	6471	G	16	0	6366	26.9159597863651
A_NP	24	6478	G	9	0	6462	26.7400185701021
A_NP	25	6467	T	20	0	6432	27.0788246268657
A_NP	26	6456	C	31	0	6372	28.23289391086
A_NP	27	6385	T	102	0	6328	31.259007585335
A_NP	28	6464	T	23	0	6443	29.9009778053702
A_NP	29	6458	A	29	0	6447	28.0887234372576
A_NP	30	6480	T	7	0	6447	29.5041104389639
A_NP	31	6477	G	10	0	6272	26.1358418367347
A_NP	32	6470	A	17	0	6434	25.7057817842711
A_NP	33	6474	A	13	0	6453	26.3373624670696
A_NP	34	6466	C	21	0	6423	27.5740308267165
A_NP	35	6475	A	12	0	6449	31.0251201736703
A_NP	36	6478	G	9	0	6417	31.6361227988156
A_NP	37	6485	A	2	0	6463	30.542008355253
A_NP	38	6487	T	0	0	6465	31.9604021655066
A_NP	39	6473	G	14	0	6454	30.9724202045243
A_NP	40	6481	G	6	0	6465	30.815003866976
A_NP	41	6471	A	16	0	6449	30.5126376182354
A_NP	42	6483	A	4	0	6454	35.8419584753641
A_NP	43	6484	A	3	0	6447	36.6022956413836
A_NP	44	6479	C	8	0	6430	33.9093312597201
A_NP	45	6464	T	23	0	6417	31.6813152563503
A_NP	46	6463	G	24	0	6346	30.3681058934762
A_NP	47	6472	A	15	0	6435	30.1305361305361
A_NP	48	6484	T	3	0	6461	31.0068100913171
A_NP	49	6469	G	18	0	6451	30.1119206324601
A_NP	50	6481	G	6	0	6457	30.8957720303547
A_NP	51	6482	A	5	0	6443	32.0183144497905
A_NP	52	6458	G	29	0	6360	34.4410377358491
A_NP	53	6480	A	7	0	6459	33.0139340455179
A_NP	54	6481	T	6	0	6463	31.475166331425
A_NP	55	6460	C	27	0	6186	28.2051406401552
A_NP	56	6467	G	20	0	6355	24.6322580645161
A_NP	57	6414	C	73	0	6386	24.3180394613216
A_NP	58	6447	C	40	0	6414	24.2790770190209
A_NP	59	6397	A	90	0	6353	24.6168739178341
A_NP	60	6399	G	88	0	6287	28.4178463496103
A_NP	61	6419	A	68	0	6368	28.4550879396985
A_NP	62	6473	A	14	0	6440	29.2423913043478
A_NP	63	6471	T	16	0	6423	29.849914370232
A_NP	64	6463	G	24	0	6378	30.228127939793
A_NP	65	6437	C	50	0	6394	32.766812636847
A_NP	66	6474	A	14	0	6354	29.2389046270066
A_NP	67	6453	A	35	0	6405	29.7809523809524
A_NP	68	6449	C	39	0	6412	31.1918278228322
A_NP	69	6455	T	33	0	6400	30.53390625
A_NP	70	6422	G	66	0	6370	30.4133437990581
A_NP	71	6434	A	54	0	6388	30.0767063243582
A_NP	72	6402	G	86	0	6340	29.7178233438486
A_NP	73	6467	A	21	0	6445	28.6273079906905
A_NP	74	6454	T	34	0	6408	27.3447253433208
A_NP	75	6467	T	21	0	6357	27.4429762466572
A_NP	76	6433	A	55	0	6284	24.9274347549332
A_NP	77	6418	G	70	0	6352	24.8685453400504
A_NP	78	6472	G	16	0	6454	25.8690734428262
A_NP	79	6474	G	14	0	6430	29.0270606531882
A_NP	80	6461	C	27	0	6404	33.2348532167395
A_NP	81	6475	A	13	0	6372	29.7004080351538
A_NP	82	6470	T	18	0	6435	29.3773115773116
A_NP	83	6437	C	51	0	6336	28.0767045454545
A_NP	84	6470	C	19	0	6315	28.1789390340459
A_NP	85	6475	G	14	0	6317	25.4297926230806
A_NP	86	6481	T	8	0	6463	26.6588271700449
A_NP	87	6414	C	75	0	6160	24.600974025974
A_NP	88	6375	G	114	0	6311	23.6363492315006
A_NP	89	6480	G	9	0	6463	25.1890762803652
A_NP	90	6478	G	11	0	6435	24.6517482517483
A_NP	91	6472	A	17	0	6443	28.4033835169952
A_NP	92	6482	A	7	0	6455	36.0102246320682
A_NP	93	6482	G	7	0	6442	32.7218255200248
A_NP	94	6371	A	118	0	6339	31.3434295630226
A_NP	95	6473	T	16	0	6426	32.3683473389356
A_NP	96	6473	G	16	0	6319	29.9580629846495
A_NP	97	6471	A	18	0	6383	29.7819207269309
A_NP	98	6467	T	22	0	6425	30.7044357976654
A_NP	99	6479	T	10	0	6407	29.8092711097237
A_NP	100	6481	G	8	0	6421	28.8523594455692
A_NP	101	6481	A	8	0	6453	29.819773748644
A_NP	102	6480	T	9	0	6459	31.4862981885741
A_NP	103	6369	G	120	0	6206	28.6788591685466
A_NP	104	6384	G	105	0	6309	28.3452211126961
A_NP	105	6406	A	83	0	6349	27.9543235155143
A_NP	106	6426	A	64	0	6384	28.8297305764411
A_NP	107	6299	T	191	0	6136	29.0379726205997
A_NP	108	6462	T	28	0	6347	27.0557743815976
A_NP	109	6203	G	287	0	6076	24.0511849901251
A_NP	110	6478	G	12	0	6466	24.902876585215
A_NP	111	6476	G	14	0	6258	25.4570150207734
A_NP	112	6469	A	21	0	6435	29.1373737373737
A_NP	113	6334	G	156	0	6072	27.7893610013175
A_NP	114	6447	A	43	0	6381	25.297758971948
A_NP	115	6303	T	187	0	6215	24.8989541432019
A_NP	116	6428	T	62	0	6321	24.8020882771713
A_NP	117	6406	C	84	0	6061	25.996205246659
A_NP	118	6463	T	27	0	6429	25.5915383418883
A_NP	119	6205	A	284	0	6116	24.2872792674951
A_NP	120	6367	C	122	0	6306	23.8867745004757
A_NP	121	6482	A	7	0	6331	24.2380350655505
A_NP	122	6484	T	5	0	6444	24.5903165735568
A_NP	123	6469	C	20	0	6381	26.9015828240088
A_NP	124	6479	C	10	0	6439	28.240410001553
A_NP	125	6458	A	31	0	6423	29.9002023976335
A_NP	126	6486	A	2	0	6467	34.6251739601052
A_NP	127	6483	A	5	0	6458	35.368070610096
A_NP	128	6478	T	10	0	6444	38.4796710117939
A_NP	129	6477	G	11	0	6457	36.0617934025089
A_NP	130	6483	T	5	0	6458	37.7740786621245
A_NP	131	6467	G	21	0	6446	35.2458889233633
A_NP	132	6469	C	19	0	6443	36.2782865124942
A_NP	133	6474	A	14	0	6432	34.1222014925373
A_NP	134	6462	C	26	0	6430	34.3129082426127
A_NP	135	6478	T	10	0	6447	32.911586784551
A_NP	136	6462	G	26	0	6392	31.6971214017522
A_NP	137	6468	A	20	0	6449	32.1567684912389
A_NP	138	6474	A	14	0	6452	31.6760694358338
A_NP	139	6471	C	17	0	6417	31.875486987689
A_NP	140	6411	T	77	0	6374	31.6292751804205
A_NP	141	6474	T	14	0	6416	30.3315149625935
A_NP	142	6448	A	40	0	6369	27.3493484063432
A_NP	143	6482	A	6	0	6461	27.9967497291441
A_NP	144	6476	A	12	0	6425	29.6320622568093
A_NP	145	6475	C	13	0	6408	29.4680087390762
A_NP	146	6468	T	20	0	6419	29.3464714129927
A_NP	147	6460	C	28	0	6378	29.7270304170586
A_NP	148	6475	A	13	0	6448	29.8365384615385
A_NP	149	6477	G	10	0	6469	32.2464059360025
A_NP	150	6483	T	4	0	6466	33.5156201670275
A_NP	151	6482	G	5	0	6466	32.4271574389112
A_NP	152	6478	A	8	0	6462	34.6129681213247
A_NP	153	6458	T	28	0	6432	35.1436567164179
A_NP	154	6477	C	9	0	6419	33.1330425299891
A_NP	155	6476	A	9	0	6441	31.2383170315168
A_NP	156	6472	T	13	0	6452	31.6599504029758
A_NP	157	6466	G	19	0	6421	29.7604734465037
A_NP	158	6460	A	25	0	6436	30.4092604101927
A_NP	159	6464	A	21	0	6435	32.0433566433566
A_NP	160	6458	G	27	0	6416	33.5793329177057
A_NP	161	6463	G	22	0	6419	35.0514098769279
A_NP	162	6473	A	12	0	6448	34.3799627791563
A_NP	163	6465	C	20	0	6418	33.9143035213462
A_NP	164	6466	G	19	0	6376	27.4689460476788
A_NP	165	6467	G	18	0	6449	27.327492634517
A_NP	166	6431	T	54	0	6378	27.5896832862966
A_NP	167	6474	T	11	0	6413	28.461874317792
A_NP	168	6461	G	24	0	6186	28.8831231813773
A_NP	169	6476	A	9	0	6460	28.1482972136223
A_NP	170	6479	T	6	0	6453	28.6341236634124
A_NP	171	6424	C	61	0	6332	28.0041061276058
A_NP	172	6470	C	14	0	6370	32.5792778649922
A_NP	173	6399	A	85	0	6361	30.5969187234712
A_NP	174	6468	A	16	0	6454	33.795010845987
A_NP	175	6474	A	10	0	6457	37.8587579371225
A_NP	176	6479	A	5	0	6441	40.7309424002484
A_NP	177	6478	C	5	0	6462	38.357938718663
A_NP	178	6473	A	10	0	6427	33.3805819200249
A_NP	179	6470	G	13	0	6443	33.1213720316623
A_NP	180	6469	C	14	0	6456	33.2162329615861
A_NP	181	6448	T	35	0	6420	32.6998442367601
A_NP	182	6470	T	13	0	6444	35.7746741154562
A_NP	183	6465	G	17	0	6447	33.5365286179618
A_NP	184	6463	A	19	0	6454	35.0604276417725
A_NP	185	6461	C	21	0	6451	36.785924662843
A_NP	186	6451	A	31	0	6329	28.6659819876758
A_NP	187	6456	A	26	0	6444	28.1455617628802
A_NP	188	6454	T	28	0	6411	27.4334737170488
A_NP	189	6321	A	160	0	6260	25.9813099041534
A_NP	190	6362	G	119	0	6343	26.037048715119
A_NP	191	6437	A	44	0	6413	25.2931545298612
A_NP	192	6455	G	26	0	6438	44.2059645852749
A_NP	193	6372	A	109	0	6336	49.1813446969697
A_NP	194	6438	A	43	0	6385	30.9550509005482
A_NP	195	6472	A	9	0	6448	31.9126861042184
A_NP	196	6467	A	14	0	6443	31.1510166071706
A_NP	197	6468	T	13	0	6438	31.4333643988816
A_NP	198	6467	G	14	0	6438	32.2732214973594
A_NP	199	6467	G	14	0	6447	32.769350085311
A_NP	200	6467	T	13	0	6433	33.0954453598632
A_NP	201	6428	G	52	0	6384	33.1906328320802
A_NP	202	6435	C	45	0	6372	32.1947583176397
A_NP	203	6413	T	67	0	6318	29.1171256726812
A_NP	204	6462	T	18	0	6420	29.4157320872274
A_NP	205	6461	T	19	0	6431	34.8459026589955
A_NP	206	6428	C	52	0	6382	30.2541523033532
A_NP	207	6449	T	31	0	6434	35.8461299347218
A_NP	208	6431	G	49	0	6390	34.3104851330203
A_NP	209	6437	C	42	0	6399	33.1869042037818
A_NP	210	6234	T	245	0	6195	32.699596448749
A_NP	211	6412	T	66	0	6389	31.1372671779621
A_NP	212	6462	T	16	0	6442	32.5734244023595
A_NP	213	6458	T	19	0	6418	31.142567778124
A_NP	214	6445	G	32	0	6382	28.7087120025071
A_NP	215	6447	A	30	0	6435	28.1636363636364
A_NP	216	6455	T	21	0	6434	29.0864159154492
A_NP	217	6347	G	129	0	6285	26.3901352426412
A_NP	218	6236	A	240	0	6214	27.4618603154168
A_NP	219	6375	A	101	0	6355	27.4596380802518
A_NP	220	6351	A	125	0	6286	28.7268533248489
A_NP	221	6397	G	79	0	6342	27.932986439609
A_NP	222	6384	A	92	0	6338	30.9586620384979
A_NP	223	6351	A	124	0	6319	28.8680170913119
A_NP	224	6345	G	130	0	6327	28.7355776829461
A_NP	225	6380	G	95	0	6256	26.8284846547315
A_NP	226	6423	A	52	0	6361	28.1586228580412
A_NP	227	6444	A	31	0	6407	30.5612611206493
A_NP	228	6439	T	36	0	6345	27.7694247438928
A_NP	229	6349	A	126	0	6229	27.8630598812008
A_NP	230	6458	A	17	0	6427	27.8177999066438
A_NP	231	6449	A	24	0	6412	26.9031503431067
A_NP	232	6443	T	30	0	6392	28.0752503128911
A_NP	233	6361	A	112	0	6203	27.0532000644849
A_NP	234	6429	C	44	0	6415	26.3021044427124
A_NP	235	6451	C	22	0	6429	25.6161144812568
A_NP	236	6421	T	52	0	6391	26.3742763260836
A_NP	237	6078	G	394	0	6035	27.5826014913007
A_NP	238	6386	G	85	0	6335	26.8819258089976
A_NP	239	6354	A	116	0	6333	27.1212695405021
A_NP	240	6393	A	77	0	6364	29.0406976744186
A_NP	241	6439	G	31	0	6388	29.5690356919224
A_NP	242	6227	A	243	0	6157	28.7763521195387
A_NP	243	6237	A	231	0	6195	26.6342211460856
A_NP	244	6236	C	232	0	6137	24.0930422030308
A_NP	245	6278	A	190	0	6152	21.6367035110533
A_NP	246	5700	C	768	0	5568	23.1104525862069
A_NP	247	6233	C	235	0	6052	22.5644415069399
A_NP	248	6440	C	27	0	6397	22.2302641863373
A_NP	249	6435	C	31	0	6351	24.0303889151315
A_NP	250	6433	A	33	0	6371	22.7998744310155
A_NP	251	6427	G	39	0	6410	25.5035881435257
A_NP	252	6437	C	29	0	6394	24.8612761964342
A_NP	253	6438	G	28	0	6326	24.2006006955422
A_NP	254	6440	C	26	0	6415	38.4759158222915
A_NP	255	5830	G	636	0	5692	25.4543218552354
A_NP	256	6322	G	144	0	6289	22.8317697567181
A_NP	257	6339	G	123	0	6325	24.9797628458498
A_NP	258	6047	G	411	0	5919	31.8214225375908
A_NP	259	5993	A	465	0	5950	31.3223529411765
A_NP	260	6426	A	32	0	6335	29.7816890292028
A_NP	261	6438	A	17	0	6122	27.6587716432538
A_NP	262	6431	G	24	0	6320	28.1397151898734
A_NP	263	6396	A	58	0	5828	24.6158201784489
A_NP	264	6393	T	61	0	6039	22.9814538830932
A_NP	265	4942	C	1511	0	4511	22.9840390157393
A_NP	266	6378	C	75	0	6281	20.4461073077535
A_NP	267	6290	C	162	0	6189	20.7660365164001
A_NP	268	6223	A	229	0	6135	18.9421352893236
A_NP	269	6302	A	150	0	6269	22.8200669963312
A_NP	270	6299	G	153	0	6220	23.5469453376206
A_NP	271	5426	A	1026	0	5326	25.8512955313556
A_NP	272	6096	A	356	0	6053	25.7701965967289
A_NP	273	6425	A	25	0	6304	24.7190672588832
A_NP	274	6412	A	38	0	6102	24.6456899377253
A_NP	275	6393	C	57	0	6311	23.1752495642529
A_NP	276	6407	T	43	0	6366	24.4084197298146
A_NP	277	5965	G	485	0	5831	23.3114388612588
A_NP	278	6356	G	94	0	6315	23.5963578780681
A_NP	279	6415	G	35	0	6345	25.1637509850276
A_NP	280	6431	G	19	0	6187	28.1535477614353
A_NP	281	6424	G	25	0	5698	27.4189189189189
A_NP	282	6365	G	83	0	6111	24.5719194894453
A_NP	283	6329	C	119	0	5832	24.0274348422497
A_NP	284	6374	C	74	0	6333	22.8967314069162
A_NP	285	6204	C	244	0	6101	24.6236682511064
A_NP	286	5568	A	880	0	5181	24.9602393360355
A_NP	287	5581	T	867	0	5519	24.7332850154013
A_NP	288	6354	A	94	0	6005	20.9975020815987
A_NP	289	6399	T	48	0	6344	24.906998738966
A_NP	290	6350	A	95	0	6165	19.2173560421736
A_NP	291	6410	C	35	0	6381	19.2159536122865
A_NP	292	6382	A	63	0	6273	21.91758329348
A_NP	293	6429	G	16	0	6425	22.9143968871595
A_NP	294	6434	G	11	0	6422	27.0221114917471
A_NP	295	6430	A	15	0	6413	27.6017464525183
A_NP	296	6420	G	25	0	6343	29.4986599400914
A_NP	297	6435	A	9	0	6412	36.2687149095446
A_NP	298	6430	G	14	0	6401	30.6077175441337
A_NP	299	6430	T	14	0	6397	29.1644520869157
A_NP	300	6406	C	37	0	6220	27.301768488746
A_NP	301	6421	G	22	0	6262	24.9607154263813
A_NP	302	6434	A	9	0	6423	24.7898178421298
A_NP	303	6435	T	8	0	6416	25.4867518703242
A_NP	304	6316	G	126	0	6293	26.6330843794693
A_NP	305	6439	G	3	0	6435	31.1644133644134
A_NP	306	6437	G	5	0	6409	29.5342487127477
A_NP	307	6424	A	18	0	6408	34.5984706616729
A_NP	308	6438	A	4	0	6415	35.2788776305534
A_NP	309	6436	A	4	0	6402	33.6510465479538
A_NP	310	6436	T	3	0	6420	32.5007788161994
A_NP	311	6415	G	24	0	6316	29.551298290057
A_NP	312	6430	G	7	0	6378	29.5708686108498
A_NP	313	6425	A	12	0	6329	28.7078527413493
A_NP	314	6420	T	17	0	6367	28.4020731898853
A_NP	315	6155	G	282	0	5916	26.8845503718729
A_NP	316	6210	A	227	0	6042	25.8507116848726
A_NP	317	6285	G	152	0	6261	25.0397700047916
A_NP	318	6421	G	15	0	6413	26.0746920318104
A_NP	319	6406	G	30	0	6359	27.2835351470357
A_NP	320	6364	A	72	0	6271	30.7238080051029
A_NP	321	6405	A	31	0	6292	34.6559122695486
A_NP	322	6409	C	27	0	6258	30.4787472035794
A_NP	323	6418	T	18	0	6386	30.7698089570936
A_NP	324	6392	C	43	0	6214	29.1414547795301
A_NP	325	6415	G	20	0	6302	26.7907013646461
A_NP	326	6416	T	19	0	6367	27.5831631851736
A_NP	327	6409	C	26	0	6317	27.3955991768244
A_NP	328	6407	C	28	0	6346	28.0438071225969
A_NP	329	6322	T	113	0	6205	32.9092667203868
A_NP	330	6383	T	52	0	6359	33.9578550086492
A_NP	331	6401	T	34	0	6381	32.946246669801
A_NP	332	6394	A	40	0	6319	28.451970248457
A_NP	333	6414	T	20	0	6349	30.9130571743582
A_NP	334	6382	G	52	0	6310	28.0627575277338
A_NP	335	6367	A	67	0	6308	28.2709258084971
A_NP	336	6386	C	48	0	6373	29.3315549976463
A_NP	337	6145	A	289	0	5871	24.4014648271163
A_NP	338	6141	A	293	0	6120	24.0294117647059
A_NP	339	6157	A	277	0	6138	24.8545128706419
A_NP	340	6337	G	97	0	6320	25.2588607594937
A_NP	341	6346	A	88	0	6315	33.3870150435471
A_NP	342	6381	A	53	0	6355	30.7852084972463
A_NP	343	6388	G	46	0	6377	28.796769640897
A_NP	344	6395	A	38	0	6352	29.1371221662469
A_NP	345	6409	A	24	0	6384	33.999373433584
A_NP	346	6411	A	22	0	6388	34.6263306199123
A_NP	347	6409	T	24	0	6395	32.2594214229867
A_NP	348	6383	A	50	0	6305	30.6420301348136
A_NP	349	6392	A	41	0	6344	29.1082912988651
A_NP	350	6392	G	41	0	6369	28.7993405558172
A_NP	351	6417	G	15	0	6404	30.4212991880075
A_NP	352	6413	C	18	0	6379	30.5842608559335
A_NP	353	6388	G	43	0	6195	27.1228410008071
A_NP	354	6408	A	23	0	6382	26.4136634283924
A_NP	355	6411	A	20	0	6372	25.9009730069052
A_NP	356	6375	T	56	0	6328	26.3625158027813
A_NP	357	6344	C	87	0	6140	27.8978827361564
A_NP	358	6359	T	72	0	6289	27.9491175067578
A_NP	359	6353	G	78	0	6270	26.3373205741627
A_NP	360	6387	G	44	0	6344	26.5394073139975
A_NP	361	6373	C	57	0	6283	28.0125736113322
A_NP	362	6327	G	103	0	6142	26.749104526213
A_NP	363	6366	C	64	0	6283	27.1836702212319
A_NP	364	6383	C	47	0	6328	26.5003160556258
A_NP	365	6251	A	178	0	6137	26.3366465699853
A_NP	366	6294	A	135	0	6242	28.41989746876
A_NP	367	6292	G	137	0	6233	27.3386812128991
A_NP	368	6397	C	32	0	6379	27.5348800752469
A_NP	369	6403	C	26	0	6352	28.7426007556675
A_NP	370	6401	A	28	0	6264	26.4607279693487
A_NP	371	6408	A	21	0	6388	27.4668127739512
A_NP	372	6419	C	10	0	6393	27.331299859221
A_NP	373	6415	A	14	0	6218	25.4852042457382
A_NP	374	6419	A	10	0	6399	25.7099546804188
A_NP	375	6409	T	20	0	6385	25.804228660924
A_NP	376	6407	G	22	0	6375	25.8985098039216
A_NP	377	6411	G	18	0	6388	30.2437382592361
A_NP	378	6411	T	16	0	6380	31.0398119122257
A_NP	379	6380	G	47	0	6348	30.2342470069313
A_NP	380	6380	A	47	0	6360	29.3798742138365
A_NP	381	6321	G	106	0	6299	29.3022702016193
A_NP	382	6389	G	38	0	6357	29.0762938493
A_NP	383	6362	A	64	0	6327	27.9200252884463
A_NP	384	6386	T	40	0	6340	28.1518927444795
A_NP	385	6369	G	57	0	6271	28.2816137777069
A_NP	386	6356	C	70	0	6266	28.3244494095117
A_NP	387	6391	T	35	0	6347	29.2720970537262
A_NP	388	6358	A	68	0	6301	28.340263450246
A_NP	389	6356	C	68	0	6325	28.003162055336
A_NP	390	6370	A	54	0	6261	28.2788691902252
A_NP	391	6368	T	56	0	6339	28.7682599779145
A_NP	392	6385	C	39	0	6334	28.307862330281
A_NP	393	6368	T	56	0	6312	29.7370088719899
A_NP	394	6387	G	37	0	6181	27.5591328264035
A_NP	395	6389	G	34	0	6301	28.1760038089192
A_NP	396	6334	T	88	0	6270	30.5818181818182
A_NP	397	6320	C	102	0	6265	29.9045490822027
A_NP	398	6360	T	60	0	6315	31.9057798891528
A_NP	399	6386	A	34	0	6294	30.5554496345726
A_NP	400	6393	A	26	0	6373	30.6292170092578
A_NP	401	6384	C	35	0	6364	32.2635135135135
A_NP	402	6398	C	20	0	6360	31.9317610062893
A_NP	403	6402	C	16	0	6326	33.2734745494783
A_NP	404	6399	A	17	0	6337	31.7333122928831
A_NP	405	6372	C	44	0	6331	32.8853261728005
A_NP	406	6404	C	12	0	6348	32.1257088846881
A_NP	407	6366	T	49	0	6287	31.0089072689677
A_NP	408	6359	A	55	0	6239	31.299406956243
A_NP	409	6403	A	11	0	6379	31.0456184354915
A_NP	410	6400	T	14	0	6377	33.6509330406147
A_NP	411	6390	G	24	0	6262	30.2267646119451
A_NP	412	6403	A	11	0	6383	30.0631364562118
A_NP	413	6315	T	98	0	6268	30.4976068921506
A_NP	414	6397	T	15	0	6371	29.9755140480301
A_NP	415	6404	T	8	0	6355	33.7277734067663
A_NP	416	6388	G	23	0	6367	32.3772577351971
A_NP	417	6404	G	7	0	6385	35.1722787783868
A_NP	418	6398	C	11	0	6371	34.4534609951342
A_NP	419	6401	A	8	0	6364	33.124921433061
A_NP	420	6389	T	20	0	6360	33.147641509434
A_NP	421	6399	T	9	0	6366	32.5298460571788
A_NP	422	6386	C	21	0	6358	32.3461780434099
A_NP	423	6397	C	10	0	6378	34.8060520539354
A_NP	424	6397	A	10	0	6359	33.0608586255701
A_NP	425	6399	A	7	0	6383	32.8364405451982
A_NP	426	6356	T	50	0	6324	31.1067362428842
A_NP	427	6399	T	7	0	6367	31.2520810428773
A_NP	428	6400	T	6	0	6320	31.1360759493671
A_NP	429	6396	G	10	0	6323	28.7912383362328
A_NP	430	6398	A	8	0	6381	29.8964112208118
A_NP	431	6396	A	9	0	6375	29.9781960784314
A_NP	432	6396	T	9	0	6374	31.0836209601506
A_NP	433	6396	G	9	0	6274	30.6883965572203
A_NP	434	6398	A	6	0	6385	29.8743931088489
A_NP	435	6398	T	6	0	6372	29.986974262398
A_NP	436	6389	G	15	0	6345	29.8012608353034
A_NP	437	6365	C	39	0	6319	30.9222978319354
A_NP	438	6382	A	22	0	6275	29.4254980079681
A_NP	439	6393	A	11	0	6350	29.575905511811
A_NP	440	6390	C	13	0	6378	29.8156161806209
A_NP	441	6387	A	16	0	6245	28.7482786228983
A_NP	442	6386	T	17	0	6366	26.1702796104304
A_NP	443	6380	A	23	0	6299	25.2098745832672
A_NP	444	6342	C	61	0	6327	25.0924608819346
A_NP	445	6387	C	16	0	6351	25.3637222484648
A_NP	446	6325	A	78	0	6305	25.6558287073751
A_NP	447	6368	A	35	0	6357	28.2996696554979
A_NP	448	6364	A	38	0	6317	30.6821275922115
A_NP	449	6360	G	42	0	6253	31.2829042059811
A_NP	450	6365	A	37	0	6321	30.0988767600063
A_NP	451	6370	A	31	0	6337	28.8653937194256
A_NP	452	6367	C	34	0	6336	27.7960858585859
A_NP	453	6287	A	114	0	6209	27.8813013367692
A_NP	454	6341	A	60	0	6281	27.8957172424773
A_NP	455	6324	G	76	0	6296	27.5597204574333
A_NP	456	6338	A	61	0	6281	28.882980417131
A_NP	457	6365	G	34	0	6341	30.3243967828418
A_NP	458	6345	C	54	0	6286	30.597995545657
A_NP	459	6333	T	66	0	6276	30.1848311026131
A_NP	460	6369	C	29	0	6312	28.6044043092522
A_NP	461	6310	T	88	0	6269	29.2140692295422
A_NP	462	6348	T	50	0	6307	30.5103852861899
A_NP	463	6339	G	59	0	6227	27.4185000802955
A_NP	464	6342	T	55	0	6188	27.0119586296057
A_NP	465	6379	T	17	0	6353	26.6329293247285
A_NP	466	6354	C	42	0	6246	24.0926993275696
A_NP	467	6180	G	216	0	5698	23.0831870831871
A_NP	468	6375	G	21	0	6091	22.3263831883106
A_NP	469	6371	A	25	0	6244	21.4375400384369
A_NP	470	6375	C	21	0	6297	22.2108940765444
A_NP	471	6378	T	18	0	6348	25.2120352867045
A_NP	472	6358	G	36	0	6301	22.9819076337089
A_NP	473	6373	G	21	0	6218	22.4498230942425
A_NP	474	6374	A	20	0	6334	22.9303757499211
A_NP	475	6369	A	25	0	6312	25.3013307984791
A_NP	476	6351	T	42	0	6200	25.0261290322581
A_NP	477	6113	G	280	0	5657	23.2312179600495
A_NP	478	6288	G	103	0	5947	21.2036320834034
A_NP	479	6308	A	83	0	6240	20.2713141025641
A_NP	480	5167	C	1223	0	4904	22.3321778140294
A_NP	481	6161	C	229	0	5995	21.9981651376147
A_NP	482	6343	C	46	0	6236	23.3999358563182
A_NP	483	6338	C	50	0	6180	25.0302588996764
A_NP	484	6322	A	66	0	6229	24.2202600738481
A_NP	485	6325	G	63	0	6251	26.0465525515917
A_NP	486	6330	A	58	0	6278	28.2171073590315
A_NP	487	6352	A	35	0	6329	29.3314899668194
A_NP	488	6304	T	81	0	6180	29.42071197411
A_NP	489	6328	G	57	0	6238	28.9285027252324
A_NP	490	6367	T	16	0	6266	29.9810086179381
A_NP	491	6328	G	54	0	6252	29.0011196417147
A_NP	492	6318	C	63	0	6269	29.1772212474079
A_NP	493	6334	T	46	0	6294	30.1239275500477
A_NP	494	6346	C	34	0	6220	30.0495176848875
A_NP	495	6352	T	28	0	6329	35.9944699004582
A_NP	496	6313	C	67	0	6265	59.9758978451716
A_NP	497	6343	T	37	0	6303	37.8733936220847
A_NP	498	6347	G	33	0	6273	30.1396461023434
A_NP	499	6367	A	13	0	6338	27.8247081098138
A_NP	500	6360	T	19	0	6275	28.6364940239044
A_NP	501	6348	G	31	0	6285	28.6978520286396
A_NP	502	6325	C	54	0	6295	29.3197776012709
A_NP	503	6300	A	79	0	6199	28.9699951605098
A_NP	504	6297	G	80	0	6261	29.2932438907523
A_NP	505	6343	G	33	0	6320	30.4128164556962
A_NP	506	6358	G	18	0	6339	30.6105063890204
A_NP	507	6353	C	23	0	6340	34.0263406940063
A_NP	508	6357	T	19	0	6331	35.7734954983415
A_NP	509	6279	C	96	0	6150	30.0861788617886
A_NP	510	6319	G	56	0	6182	25.9746036881268
A_NP	511	6360	A	14	0	6318	25.573915796138
A_NP	512	6338	C	36	0	6248	25.9274967989757
A_NP	513	6341	T	33	0	6304	26.8583439086294
A_NP	514	6313	C	61	0	6240	26.7519230769231
A_NP	515	6344	T	29	0	6306	35.3991436726927
A_NP	516	5912	C	460	0	5841	31.9316897791474
A_NP	517	6358	C	14	0	6341	27.345529096357
A_NP	518	6341	C	30	0	6309	27.8628942780155
A_NP	519	6306	T	65	0	6247	25.5338562510005
A_NP	520	6269	A	102	0	6137	27.2444190972788
A_NP	521	6311	G	60	0	6225	27.1463453815261
A_NP	522	6327	A	44	0	6286	27.5532930321349
A_NP	523	6351	A	18	0	6322	29.3000632711167
A_NP	524	6331	G	38	0	6288	30.968034351145
A_NP	525	6346	G	23	0	6271	32.0196140966353
A_NP	526	6345	T	24	0	6296	31.2134688691233
A_NP	527	6348	C	21	0	6263	30.5347277662462
A_NP	528	6350	C	19	0	6279	29.4964166268514
A_NP	529	6324	G	45	0	6282	25.878223495702
A_NP	530	6325	G	44	0	6297	27.2787041448309
A_NP	531	6324	A	44	0	6286	26.9926821508113
A_NP	532	6340	G	28	0	6305	30.0913560666138
A_NP	533	6336	C	32	0	6306	32.0440849984142
A_NP	534	6343	T	25	0	6276	31.9858189929892
A_NP	535	6327	G	41	0	6308	32.5033291058973
A_NP	536	6331	C	36	0	6308	33.8265694356373
A_NP	537	6343	C	22	0	6286	29.8300986318804
A_NP	538	6291	G	74	0	6268	26.5867900446713
A_NP	539	6350	G	14	0	6338	27.2611233827706
A_NP	540	6348	T	14	0	6316	27.153894870171
A_NP	541	6351	G	11	0	6334	29.7333438585412
A_NP	542	6344	C	18	0	6328	34.1485461441214
A_NP	543	6344	T	18	0	6295	33.1601270849881
A_NP	544	6295	G	67	0	6265	31.8373503591381
A_NP	545	6263	C	98	0	6204	31.9342359767892
A_NP	546	6329	A	32	0	6260	27.8669329073482
A_NP	547	6333	G	26	0	6276	27.4397705544933
A_NP	548	6342	T	17	0	6303	24.8246866571474
A_NP	549	6339	C	20	0	6271	24.5292616807527
A_NP	550	6313	A	44	0	6255	24.8546762589928
A_NP	551	6330	A	27	0	6316	26.5091830272324
A_NP	552	6333	A	24	0	6297	27.9304430681277
A_NP	553	6333	G	24	0	6318	30.6513137068693
A_NP	554	6335	G	21	0	6265	29.8177174780527
A_NP	555	6346	A	9	0	6309	28.5129180535743
A_NP	556	6346	A	9	0	6323	30.922188834414
A_NP	557	6342	T	11	0	6320	29.1982594936709
A_NP	558	6313	C	40	0	6218	29.7155033772917
A_NP	559	6330	G	23	0	6312	29.3209759188847
A_NP	560	6339	G	14	0	6312	28.8795944233207
A_NP	561	6320	A	33	0	6284	28.9950668364099
A_NP	562	6324	A	28	0	6291	30.6555396598315
A_NP	563	6328	C	24	0	6283	32.3536527136718
A_NP	564	6301	A	51	0	6241	29.1430860439032
A_NP	565	6307	A	45	0	6289	28.794243917952
A_NP	566	6305	T	47	0	6220	29.1313504823151
A_NP	567	6335	G	17	0	6327	29.7550181760708
A_NP	568	6338	G	12	0	6332	32.9537271004422
A_NP	569	6339	T	11	0	6228	32.7434168272319
A_NP	570	6338	G	12	0	6235	32.1132317562149
A_NP	571	6341	A	9	0	6319	30.348947618294
A_NP	572	6343	T	7	0	6300	29.952380952381
A_NP	573	6335	G	15	0	6304	29.9666878172589
A_NP	574	6338	G	11	0	6321	29.7482993197279
A_NP	575	6331	A	18	0	6288	31.4556297709924
A_NP	576	6338	A	11	0	6301	34.2750357086177
A_NP	577	6337	C	12	0	6300	33.4130158730159
A_NP	578	6327	T	21	0	6302	32.9830212630911
A_NP	579	6326	G	22	0	6246	31.1693884085815
A_NP	580	6337	A	11	0	6316	30.9075364154528
A_NP	581	6335	T	12	0	6317	30.9092923856261
A_NP	582	6317	C	28	0	6242	29.520346042935
A_NP	583	6308	A	36	0	6260	28.5784345047923
A_NP	584	6314	G	29	0	6229	27.9407609568149
A_NP	585	6309	A	34	0	6270	28.4304625199362
A_NP	586	6332	A	11	0	6283	28.6732452650008
A_NP	587	6333	T	10	0	6283	29.1037720833997
A_NP	588	6330	G	13	0	6157	27.3539061231119
A_NP	589	6332	A	11	0	6315	27.892478226445
A_NP	590	6332	T	11	0	6306	28.3983507770377
A_NP	591	6301	C	42	0	6093	27.3702609551945
A_NP	592	6276	A	67	0	6048	24.6329365079365
A_NP	593	6317	A	26	0	6283	24.1537482094541
A_NP	594	6295	A	47	0	6276	25.275493945188
A_NP	595	6287	C	55	0	6254	25.4696194435561
A_NP	596	5740	G	602	0	5637	24.974277097747
A_NP	597	6307	G	35	0	6269	25.3686393364173
A_NP	598	6326	G	15	0	6307	25.2364039955605
A_NP	599	6334	G	6	0	6208	33.6051868556701
A_NP	600	6333	G	7	0	6230	28.2027287319422
A_NP	601	6318	A	20	0	6270	26.7735247208931
A_NP	602	6319	T	16	0	6274	24.2491233662735
A_NP	603	6308	C	23	0	5846	22.3741019500513
A_NP	604	6313	A	18	0	6186	21.0520530229551
A_NP	605	6319	A	11	0	6288	20.6539440203562
A_NP	606	6314	C	15	0	6271	21.2686971774837
A_NP	607	6310	G	17	0	5399	22.0750138914614
A_NP	608	6317	A	10	0	6300	20.9996825396825
A_NP	609	6317	T	10	0	6302	21.2216756585211
A_NP	610	6158	C	169	0	5397	22.4122660737447
A_NP	611	6282	G	45	0	6220	21.3736334405145
A_NP	612	6304	A	23	0	6271	21.1489395630681
A_NP	613	6319	A	8	0	6307	21.4690026954178
A_NP	614	6317	A	10	0	6265	27.922905027933
A_NP	615	6120	T	206	0	5969	30.9768805495058
A_NP	616	6291	T	35	0	6233	29.7872613508744
A_NP	617	6319	T	7	0	6279	31.1122790253225
A_NP	618	6322	T	4	0	6277	33.2717858849769
A_NP	619	6317	T	8	0	6286	34.4692968501432
A_NP	620	6304	G	21	0	6293	31.0382965199428
A_NP	621	6301	G	24	0	6270	30.5854864433812
A_NP	622	6303	A	22	0	6283	30.4680884927582
A_NP	623	6308	G	17	0	6286	31.9772510340439
A_NP	624	6308	A	17	0	6254	37.4947233770387
A_NP	625	6308	G	16	0	6289	33.6993162664971
A_NP	626	6314	G	10	0	6305	29.7622521808089
A_NP	627	6308	T	16	0	6244	30.1207559256887
A_NP	628	6268	G	56	0	6162	28.6718597857838
A_NP	629	6267	A	57	0	6149	26.0614734103106
A_NP	630	6251	G	71	0	6184	24.7504851228978
A_NP	631	6158	A	163	0	6082	25.9136797106215
A_NP	632	6274	A	46	0	6108	25.4147020301244
A_NP	633	6278	T	41	0	6216	25.1632882882883
A_NP	634	6270	G	49	0	6030	22.5320066334992
A_NP	635	6289	G	30	0	6147	22.3756303888075
A_NP	636	6266	G	53	0	6219	22.8239266763145
A_NP	637	6252	C	66	0	6102	24.633726647001
A_NP	638	6070	G	247	0	5847	25.5761929194459
A_NP	639	6128	G	189	0	6070	23.8919275123558
A_NP	640	6155	A	161	0	6119	22.3886255924171
A_NP	641	6267	A	49	0	6159	23.7702549115116
A_NP	642	6289	A	27	0	6174	24.4672821509556
A_NP	643	6290	A	26	0	6171	24.6956733106466
A_NP	644	6281	C	35	0	6206	24.1313245246536
A_NP	645	6170	A	145	0	5989	24.5244615127734
A_NP	646	6247	A	67	0	6173	24.261785193585
A_NP	647	6266	G	48	0	6219	24.1234925229137
A_NP	648	6285	A	28	0	6258	25.3860658357303
A_NP	649	6230	A	83	0	6203	26.7365790746413
A_NP	650	6223	G	90	0	6182	27.4157230669686
A_NP	651	6288	T	25	0	6244	26.9344971172325
A_NP	652	6298	G	15	0	6260	26.7311501597444
A_NP	653	6264	C	49	0	6220	26.3445337620579
A_NP	654	6153	T	158	0	6116	27.6486265533028
A_NP	655	6292	T	19	0	6225	27.4390361445783
A_NP	656	6285	A	24	0	6253	26.953142491604
A_NP	657	6291	T	18	0	6226	28.2881464824928
A_NP	658	5986	G	321	0	5858	24.2666439057699
A_NP	659	6040	A	267	0	5991	24.0056751794358
A_NP	660	6177	G	129	0	6092	24.1685817465529
A_NP	661	6241	A	65	0	6214	35.5933376247184
A_NP	662	6236	G	70	0	6124	48.9939581972567
A_NP	663	6190	A	114	0	6158	37.3031828515752
A_NP	664	6256	A	46	0	6226	28.5114037905557
A_NP	665	6211	T	91	0	6073	27.9904495307097
A_NP	666	6246	G	56	0	6170	28.5685575364668
A_NP	667	6265	T	35	0	6135	29.2707416462918
A_NP	668	6257	G	41	0	6174	29.2287010042112
A_NP	669	6135	C	162	0	6038	29.0839682013912
A_NP	670	6249	A	48	0	6132	27.8892694063927
A_NP	671	6281	A	16	0	6219	27.8187811545265
A_NP	672	6277	C	19	0	6211	28.336499758493
A_NP	673	6258	A	37	0	6133	28.3326267731942
A_NP	674	6237	T	58	0	6176	27.9261658031088
A_NP	675	6226	T	67	0	6198	27.7541142303969
A_NP	676	6183	C	108	0	6028	25.9474120769741
A_NP	677	6238	T	50	0	6208	26.4674613402062
A_NP	678	6210	C	73	0	5873	25.3361144219309
A_NP	679	6197	A	84	0	6082	22.991943439658
A_NP	680	6260	A	21	0	6234	24.4266923323709
A_NP	681	6263	A	18	0	5875	26.2328510638298
A_NP	682	6258	G	21	0	6241	27.792180740266
A_NP	683	6264	G	13	0	6253	28.8798976491284
A_NP	684	6213	A	64	0	6162	24.991723466407
A_NP	685	6264	A	12	0	6239	31.1764705882353
A_NP	686	6262	A	12	0	6238	29.3921128566848
A_NP	687	6251	A	22	0	6160	29.5422077922078
A_NP	688	6233	T	40	0	6117	27.3052149746608
A_NP	689	6261	T	12	0	6195	26.5951573849879
A_NP	690	6257	T	15	0	6211	27.3955884720657
A_NP	691	6217	C	52	0	6085	27.076417419885
A_NP	692	6259	A	10	0	6152	27.22366710013
A_NP	693	6263	A	6	0	6243	27.6077206471248
A_NP	694	6261	A	8	0	6233	28.7341569067865
A_NP	695	6257	C	10	0	6238	30.4512664315486
A_NP	696	6254	A	12	0	6215	29.1496379726468
A_NP	697	6250	G	15	0	6240	28.6267628205128
A_NP	698	6248	C	17	0	6227	28.6250200738718
A_NP	699	6247	T	16	0	6217	28.6623773524208
A_NP	700	6227	G	36	0	6181	29.3082025562207
A_NP	701	6216	C	45	0	6201	29.7829382357684
A_NP	702	6226	A	35	0	6174	29.5434078393262
A_NP	703	6242	C	19	0	6223	29.1365900690985
A_NP	704	6164	A	95	0	6143	28.0135113136904
A_NP	705	6231	A	28	0	6218	27.4890640077195
A_NP	706	6244	A	15	0	6232	28.4139922978177
A_NP	707	6247	A	12	0	6209	30.5827025285875
A_NP	708	6247	A	12	0	6221	31.0059475968494
A_NP	709	6244	G	15	0	6239	28.9164930277288
A_NP	710	6243	C	14	0	6228	28.1571933204881
A_NP	711	6247	A	10	0	6200	26.8516129032258
A_NP	712	6249	A	8	0	6241	26.4262137477968
A_NP	713	6246	T	11	0	6232	25.8907252888318
A_NP	714	6249	G	8	0	6219	25.0823283486091
A_NP	715	6248	G	8	0	6234	24.9528392685274
A_NP	716	6250	T	6	0	6230	24.7202247191011
A_NP	717	6224	G	31	0	6100	23.1486885245902
A_NP	718	6247	G	8	0	6181	22.0483740495066
A_NP	719	6217	A	37	0	6168	21.617542153048
A_NP	720	6233	T	21	0	6166	20.2972753811223
A_NP	721	6051	C	201	0	5587	19.4723465187041
A_NP	722	6022	A	230	0	5815	18.1767841788478
A_NP	723	6223	A	29	0	6149	17.1061961294519
A_NP	724	6207	G	43	0	5981	17.3261996321685
A_NP	725	6134	T	114	0	6027	17.3353243736519
A_NP	726	6138	T	108	0	5950	18.793781512605
A_NP	727	5869	A	374	0	5759	16.2747004688314
A_NP	728	5922	G	321	0	5828	16.6048387096774
A_NP	729	6049	A	194	0	6012	17.2774451097804
A_NP	730	6059	G	184	0	5964	24.1130114017438
A_NP	731	6072	A	171	0	6019	27.6567536135571
A_NP	732	6189	A	54	0	6136	20.8394719687093
A_NP	733	6177	A	64	0	6145	21.373474369406
A_NP	734	6166	G	73	0	5772	21.0743243243243
A_NP	735	6197	C	42	0	6158	19.343293277038
A_NP	736	6203	C	36	0	6007	18.216081238555
A_NP	737	6036	G	202	0	5576	16.441893830703
A_NP	738	6205	G	33	0	5692	15.9239283204498
A_NP	739	6212	A	26	0	6168	15.0199416342412
A_NP	740	6221	A	16	0	6143	16.8455152205763
A_NP	741	6218	T	18	0	6183	17.6705482775352
A_NP	742	6079	C	156	0	5460	18.6265567765568
A_NP	743	6145	C	88	0	6006	17.7695637695638
A_NP	744	6119	A	113	0	6053	17.5260201552949
A_NP	745	6043	G	189	0	5995	19.6146788990826
A_NP	746	6130	G	101	0	6023	21.3162875643367
A_NP	747	6076	A	155	0	5945	20.8137931034483
A_NP	748	6186	A	45	0	6162	22.2143784485557
A_NP	749	6206	A	25	0	6175	23.1156275303644
A_NP	750	6175	C	55	0	6062	21.9293962388651
A_NP	751	6132	G	95	0	6037	18.5123405665065
A_NP	752	6189	C	37	0	6147	18.6240442492273
A_NP	753	6201	T	25	0	6165	18.7167883211679
A_NP	754	5962	G	262	0	5828	18.6566575154427
A_NP	755	6146	A	78	0	6100	19.9672131147541
A_NP	756	6182	G	42	0	6055	19.5755573905863
A_NP	757	6180	A	43	0	6138	20.1521668295862
A_NP	758	6199	T	23	0	6166	21.1342847875446
A_NP	759	6147	C	71	0	5882	20.2725263515811
A_NP	760	6126	G	91	0	5891	17.2962145645901
A_NP	761	6145	A	72	0	6059	16.9922429443803
A_NP	762	6191	A	26	0	6142	17.2009117551286
A_NP	763	6160	G	56	0	5905	18.268416596105
A_NP	764	6074	A	142	0	5964	21.2164654594232
A_NP	765	6035	T	180	0	5949	20.1138006387628
A_NP	766	6052	C	162	0	5858	20.2336975076818
A_NP	767	6139	T	75	0	6045	20.4699751861042
A_NP	768	6093	C	121	0	5837	19.7162926160699
A_NP	769	6040	A	174	0	5855	19.5099914602904
A_NP	770	6006	T	208	0	5799	18.7140886359717
A_NP	771	6023	A	191	0	5889	18.5442350144337
A_NP	772	5136	T	1078	0	4941	19.0048573163327
A_NP	773	6124	T	90	0	5919	19.1603311370164
A_NP	774	6161	T	53	0	6075	21.4265020576132
A_NP	775	6167	T	47	0	6075	24.0566255144033
A_NP	776	6134	T	79	0	5832	23.5497256515775
A_NP	777	6118	A	94	0	6064	20.6070250659631
A_NP	778	6105	G	107	0	6039	19.9407186620301
A_NP	779	6152	C	60	0	6103	20.2010486645912
A_NP	780	6155	A	57	0	6105	22.2044226044226
A_NP	781	6194	A	18	0	6146	21.5569476082005
A_NP	782	6189	G	23	0	6102	21.4770567027204
A_NP	783	6192	A	20	0	6160	20.7511363636364
A_NP	784	6157	T	54	0	6128	19.8942558746736
A_NP	785	6166	C	45	0	6119	19.7555156071253
A_NP	786	6199	T	12	0	6171	20.4312105007292
A_NP	787	6147	G	63	0	6098	21.0987208920958
A_NP	788	6182	C	28	0	6168	23.7065499351492
A_NP	789	6188	A	21	0	6166	23.2609471294194
A_NP	790	6190	C	19	0	6179	22.8862275449102
A_NP	791	6181	T	27	0	6140	23.1708469055375
A_NP	792	6182	G	26	0	6069	22.6501894875597
A_NP	793	6177	A	30	0	6155	22.1241267262388
A_NP	794	6157	T	50	0	6121	21.0901813429178
A_NP	795	6168	A	38	0	6144	20.3518880208333
A_NP	796	6104	T	101	0	6048	19.7175925925926
A_NP	797	6184	T	20	0	6131	19.9143695971293
A_NP	798	6143	G	60	0	6055	19.5516102394715
A_NP	799	6163	A	40	0	6128	19.7261749347258
A_NP	800	6155	G	47	0	6116	20.9744931327665
A_NP	801	6180	A	22	0	6160	25.3563311688312
A_NP	802	6162	G	40	0	6099	25.1616658468601
A_NP	803	6174	G	28	0	6130	21.3911908646003
A_NP	804	6163	A	39	0	6119	21.6275535218173
A_NP	805	6171	T	31	0	6119	21.1782971073705
A_NP	806	6124	C	77	0	5729	20.7350322918485
A_NP	807	6168	A	32	0	6111	20.0962199312715
A_NP	808	6157	G	42	0	6124	20.1218158066623
A_NP	809	6165	T	32	0	6109	20.1684400065477
A_NP	810	6000	T	196	0	5946	21.7685839219643
A_NP	811	5884	G	311	0	5732	21.7829727843685
A_NP	812	6080	C	114	0	6030	20.6
A_NP	813	6141	T	53	0	6102	21.5757128810226
A_NP	814	6133	C	61	0	6049	21.1909406513473
A_NP	815	6153	A	40	0	6098	21.0547720564119
A_NP	816	6165	C	26	0	6137	21.9371028189669
A_NP	817	6067	A	123	0	6033	21.4069285595889
A_NP	818	6179	A	10	0	6156	20.2665692007797
A_NP	819	6173	A	16	0	6121	21.471001470348
A_NP	820	6157	T	31	0	6116	21.5259973839111
A_NP	821	6149	C	38	0	5998	21.0288429476492
A_NP	822	6131	T	56	0	6096	20.8889435695538
A_NP	823	6109	T	77	0	6084	21.2580539119001
A_NP	824	6062	G	123	0	5901	21.1711574309439
A_NP	825	6106	C	79	0	6048	21.7944775132275
A_NP	826	6154	C	30	0	6135	22.8502037489813
A_NP	827	6164	T	20	0	6135	21.1085574572127
A_NP	828	6119	A	65	0	6086	21.1822214919487
A_NP	829	6146	C	38	0	6131	21.3252324253792
A_NP	830	6146	C	35	0	6129	21.4392233643335
A_NP	831	6146	T	35	0	6128	23.1984334203655
A_NP	832	6127	G	53	0	6092	24.5869993434012
A_NP	833	6115	C	65	0	6099	24.7778324315462
A_NP	834	6156	C	23	0	6125	24.0321632653061
A_NP	835	6140	T	39	0	6118	22.6819221967963
A_NP	836	6145	G	33	0	6127	23.532724008487
A_NP	837	6161	T	16	0	6139	23.685779442906
A_NP	838	6151	G	25	0	6134	23.8164329964134
A_NP	839	6159	C	17	0	6122	23.4132636393336
A_NP	840	6151	A	25	0	6120	22.3624183006536
A_NP	841	6153	T	23	0	6125	19.7072653061224
A_NP	842	6151	A	24	0	6113	18.8611156551611
A_NP	843	6159	T	14	0	6140	18.7578175895765
A_NP	844	6156	G	15	0	6126	18.9413973228861
A_NP	845	6162	G	8	0	6138	19.994623655914
A_NP	846	6162	A	8	0	6139	20.7033718846718
A_NP	847	6153	C	16	0	6134	21.0642321486795
A_NP	848	6157	C	11	0	6133	21.1020707647155
A_NP	849	6155	T	11	0	6141	22.9708516528253
A_NP	850	6153	G	13	0	6133	24.0593510516876
A_NP	851	6154	C	12	0	6142	24.9322696190166
A_NP	852	6153	A	11	0	6115	23.5381847914963
A_NP	853	6130	G	33	0	6096	22.3617125984252
A_NP	854	6144	T	19	0	6118	19.9521085322001
A_NP	855	6140	A	22	0	6103	18.6588563001802
A_NP	856	6145	T	16	0	6130	18.1030995106036
A_NP	857	6128	C	30	0	6090	18.2891625615764
A_NP	858	6146	C	12	0	6121	19.9290965528508
A_NP	859	6147	A	11	0	6133	20.9311919126039
A_NP	860	6125	G	33	0	6115	23.1816843826656
A_NP	861	6142	T	15	0	6127	22.8007181328546
A_NP	862	6146	G	11	0	6113	22.2627187960085
A_NP	863	6143	G	13	0	6095	22.3768662838392
A_NP	864	6135	T	19	0	6077	20.8747737370413
A_NP	865	6137	T	17	0	6095	20.5179655455291
A_NP	866	6114	A	40	0	6086	20.1613539270457
A_NP	867	6103	C	49	0	6037	18.9438462812655
A_NP	868	6109	G	41	0	5952	16.4452284946237
A_NP	869	6118	A	32	0	6042	16.3649453823237
A_NP	870	6120	C	30	0	6032	16.465848806366
A_NP	871	5975	T	174	0	5936	17.3830862533693
A_NP	872	6018	T	130	0	5989	21.6810819836367
A_NP	873	6105	T	42	0	6073	23.5232998518031
A_NP	874	6016	G	130	0	5932	20.86008091706
A_NP	875	5575	A	570	0	5535	21.5411020776874
A_NP	876	6060	A	85	0	6041	22.2097334878331
A_NP	877	6103	A	42	0	6086	22.1841932303648
A_NP	878	6103	A	41	0	6080	24.2616776315789
A_NP	879	6085	A	59	0	6052	23.4284534038334
A_NP	880	6032	G	108	0	5968	22.6422587131367
A_NP	881	6042	A	95	0	5982	21.2930458040789
A_NP	882	6013	G	123	0	5997	21.3571785892946
A_NP	883	6087	G	48	0	6072	21.4820487483531
A_NP	884	6077	G	53	0	6053	22.5678176111019
A_NP	885	6065	A	64	0	5999	22.6987831305218
A_NP	886	6043	T	85	0	5966	20.4795507877975
A_NP	887	6066	A	62	0	6019	19.8401727861771
A_NP	888	6076	T	52	0	6023	19.5840943051635
A_NP	889	6090	T	38	0	6018	19.6158192090395
A_NP	890	6092	C	35	0	6016	21.3371010638298
A_NP	891	6095	C	32	0	6054	23.0264288074001
A_NP	892	6060	T	67	0	6014	23.0527103425341
A_NP	893	6110	T	17	0	6064	24.184036939314
A_NP	894	6062	G	64	0	6009	22.106174072225
A_NP	895	6111	G	15	0	6093	21.6696208764156
A_NP	896	6112	T	14	0	6073	22.3377243536967
A_NP	897	6040	G	86	0	6022	22.5358684822318
A_NP	898	6101	G	24	0	6094	23.4671808336068
A_NP	899	6095	G	30	0	6025	23.7845643153527
A_NP	900	6093	A	32	0	6013	25.2140362547813
A_NP	901	6116	A	8	0	6075	23.6266666666667
A_NP	902	6111	T	13	0	6056	20.0082562747688
A_NP	903	6092	A	30	0	6038	19.0900960582974
A_NP	904	6092	G	29	0	5982	18.0745570043464
A_NP	905	6065	A	56	0	5949	17.8756093461086
A_NP	906	6037	C	84	0	5975	19.5044351464435
A_NP	907	6097	C	23	0	6024	19.2583001328021
A_NP	908	5968	C	152	0	5796	20.0954106280193
A_NP	909	5886	T	234	0	5785	22.4770959377701
A_NP	910	6064	T	56	0	6043	23.0537812344862
A_NP	911	6097	T	22	0	6024	23.6269920318725
A_NP	912	6044	C	71	0	5884	19.7593473827328
A_NP	913	6084	A	31	0	5990	20.9068447412354
A_NP	914	6104	A	11	0	6085	20.8027937551356
A_NP	915	6103	A	10	0	6035	21.6238608119304
A_NP	916	6103	C	10	0	6050	22.3695867768595
A_NP	917	6098	T	15	0	6064	21.2340039577836
A_NP	918	6091	A	22	0	6005	20.0539550374688
A_NP	919	6069	C	43	0	5883	19.0841407445181
A_NP	920	6082	T	30	0	6051	18.9246405552801
A_NP	921	6099	T	12	0	6063	20.0996206498433
A_NP	922	6057	C	53	0	5956	20.1707521826729
A_NP	923	6042	A	67	0	5973	22.2122886321781
A_NP	924	6098	A	11	0	6061	22.1187922785019
A_NP	925	6099	A	10	0	6079	22.0412896858036
A_NP	926	6098	A	11	0	6052	23.2982485128883
A_NP	927	6098	T	10	0	6074	21.4881461969048
A_NP	928	6091	A	16	0	6026	19.8018586126784
A_NP	929	6088	G	19	0	6007	19.2298984518062
A_NP	930	6084	C	23	0	6070	19.4591433278418
A_NP	931	6078	C	29	0	6051	20.8737398777062
A_NP	932	6046	A	60	0	5990	20.9033388981636
A_NP	933	6081	A	25	0	6054	23.4507763462174
A_NP	934	6086	A	20	0	6065	23.1487221764221
A_NP	935	6086	T	19	0	6054	22.0497191939214
A_NP	936	6090	A	13	0	5968	20.079591152815
A_NP	937	6091	T	12	0	6061	21.9356541824781
A_NP	938	6071	A	32	0	6018	19.1339315387172
A_NP	939	6070	C	32	0	6046	19.0360568971221
A_NP	940	6087	A	15	0	6051	19.6131217980499
A_NP	941	6081	G	21	0	6032	21.537301061008
A_NP	942	6095	C	7	0	6076	22.0268268597762
A_NP	943	6074	T	27	0	6042	22.3606421714664
A_NP	944	6094	T	7	0	6050	22.0236363636364
A_NP	945	6083	A	18	0	6057	21.7923064223213
A_NP	946	6096	A	5	0	6083	22.3309222423146
A_NP	947	6097	T	4	0	6078	21.6146758802238
A_NP	948	6052	C	48	0	5976	22.210843373494
A_NP	949	6082	A	18	0	6027	22.2976605276257
A_NP	950	6054	G	46	0	6008	21.7719707057257
A_NP	951	6085	A	15	0	6058	22.7027071640806
A_NP	952	6070	C	30	0	6029	22.520152595787
A_NP	953	6086	C	14	0	6034	22.4282399734836
A_NP	954	6085	T	15	0	6040	23.2748344370861
A_NP	955	6034	A	66	0	5942	22.4952877818916
A_NP	956	6082	A	17	0	6055	22.1592072667217
A_NP	957	6083	T	15	0	6059	22.1000165043737
A_NP	958	6057	G	39	0	5949	21.7947554210792
A_NP	959	6031	A	65	0	5979	21.6504432179294
A_NP	960	6038	G	58	0	5957	20.9660903139164
A_NP	961	6063	A	33	0	6033	21.8045748383889
A_NP	962	6088	A	7	0	6065	21.3076669414674
A_NP	963	6086	T	9	0	6052	20.5052875082617
A_NP	964	6071	C	23	0	6002	21.0021659446851
A_NP	965	6079	C	15	0	6038	21.2222590261676
A_NP	966	6082	A	12	0	6045	21.5576509511993
A_NP	967	6078	G	15	0	6065	23.3112943116241
A_NP	968	6002	C	91	0	5985	23.446783625731
A_NP	969	6002	A	91	0	5976	22.6318607764391
A_NP	970	6072	C	21	0	6060	22.5377887788779
A_NP	971	6058	A	34	0	6039	24.642159297897
A_NP	972	6064	C	27	0	6036	49.649436713055
A_NP	973	6041	A	50	0	6013	23.5794112755696
A_NP	974	6076	A	15	0	6054	20.1574165840766
A_NP	975	6044	G	45	0	6010	20.0231281198003
A_NP	976	6070	A	19	0	6049	19.9459414779302
A_NP	977	6075	G	14	0	6057	20.2321281162292
A_NP	978	6072	T	17	0	6037	19.4696041080007
A_NP	979	6016	C	70	0	5938	19.1790165038734
A_NP	980	6070	A	16	0	6024	19.1012616201859
A_NP	981	6046	G	39	0	6037	19.7326486665562
A_NP	982	6071	C	14	0	6064	22.2307058047493
A_NP	983	6070	T	15	0	6052	22.9864507600793
A_NP	984	6027	G	58	0	6002	23.7495834721759
A_NP	985	6058	G	24	0	6032	22.826425729443
A_NP	986	6054	T	28	0	6021	22.5176880916791
A_NP	987	6064	G	16	0	6007	22.3244548027301
A_NP	988	6060	T	19	0	6028	26.8591572660916
A_NP	989	6027	G	50	0	5978	24.1219471395115
A_NP	990	6068	G	6	0	6031	21.8673520145913
A_NP	991	6061	A	11	0	6024	20.7234395750332
A_NP	992	6063	T	9	0	6014	20.5530428999002
A_NP	993	6055	G	14	0	6006	20.4518814518815
A_NP	994	6049	G	17	0	6008	20.1434753661784
A_NP	995	6049	C	17	0	6021	20.7008802524498
A_NP	996	6048	A	18	0	6020	21.0990033222591
A_NP	997	6053	T	13	0	6023	20.6847086169683
A_NP	998	6053	G	13	0	6015	20.5448046550291
A_NP	999	6045	T	21	0	6010	19.8397670549085
A_NP	1000	6051	C	12	0	5960	19.9602348993289
A_NP	1001	6053	A	10	0	6014	19.7929830395743
A_NP	1002	6037	T	26	0	5990	19.4644407345576
A_NP	1003	6048	T	15	0	6023	20.1331562344347
A_NP	1004	6025	C	36	0	5961	20.3650394229156
A_NP	1005	6036	T	22	0	6019	21.521182920751
A_NP	1006	6021	G	37	0	5986	23.3578349482125
A_NP	1007	6028	C	29	0	6000	23.912
A_NP	1008	6036	T	20	0	6021	24.152466367713
A_NP	1009	6031	G	25	0	5998	23.4264754918306
A_NP	1010	6002	C	50	0	5950	22.8998319327731
A_NP	1011	6020	A	32	0	5996	21.842895263509
A_NP	1012	5976	T	71	0	5925	20.7871729957806
A_NP	1013	6041	T	6	0	6009	20.7350640705608
A_NP	1014	6036	T	10	0	6000	21.5686666666667
A_NP	1015	6033	G	13	0	5991	21.3705558337506
A_NP	1016	6031	A	15	0	6011	22.1999667276659
A_NP	1017	6034	A	11	0	6021	21.477993688756
A_NP	1018	6000	G	44	0	5954	20.4417198522002
A_NP	1019	5995	A	43	0	5950	19.966218487395
A_NP	1020	5958	T	80	0	5877	19.5809086268504
A_NP	1021	6012	T	26	0	5968	19.8565683646113
A_NP	1022	6019	T	19	0	5971	20.6732540612963
A_NP	1023	5924	A	114	0	5854	19.7063546293133
A_NP	1024	6009	A	29	0	5966	19.796513576936
A_NP	1025	6002	G	35	0	5936	18.8003706199461
A_NP	1026	5828	A	208	0	5799	19.2127953095361
A_NP	1027	5886	T	150	0	5836	18.5387251542152
A_NP	1028	5946	T	90	0	5911	18.5941465065133
A_NP	1029	5984	G	52	0	5844	18.855749486653
A_NP	1030	5996	T	40	0	5787	18.5719716606186
A_NP	1031	5997	T	39	0	5954	18.9306348673161
A_NP	1032	5923	A	113	0	5862	18.1376663254862
A_NP	1033	6023	A	12	0	5979	18.3423649439706
A_NP	1034	6016	G	19	0	5966	19.6677841099564
A_NP	1035	6020	C	15	0	5969	19.8006366225498
A_NP	1036	5869	T	166	0	5820	20.7142611683849
A_NP	1037	5888	T	147	0	5842	21.2856898322492
A_NP	1038	6009	C	24	0	5938	20.7352643987875
A_NP	1039	6011	A	22	0	5978	20.483606557377
A_NP	1040	6014	T	19	0	5993	20.3459035541465
A_NP	1041	5918	C	110	0	5854	20.3754697642638
A_NP	1042	5851	A	177	0	5810	20.2289156626506
A_NP	1043	5843	G	184	0	5806	20.1167757492249
A_NP	1044	5980	A	47	0	5957	20.381567903307
A_NP	1045	5952	G	74	0	5906	21.0001693193363
A_NP	1046	5946	G	79	0	5831	19.6618075801749
A_NP	1047	5925	A	100	0	5876	19.896017699115
A_NP	1048	5980	A	44	0	5939	20.8627715103553
A_NP	1049	5937	C	86	0	5824	19.9622252747253
A_NP	1050	5388	A	635	0	5276	20.2196739954511
A_NP	1051	6008	A	15	0	5941	20.0102676317118
A_NP	1052	6014	A	8	0	5955	20.767422334173
A_NP	1053	6006	A	15	0	5934	22.4679811257162
A_NP	1054	5988	G	33	0	5866	20.9162973065121
A_NP	1055	5982	T	38	0	5849	19.213882714994
A_NP	1056	5982	A	36	0	5848	18.6121751025992
A_NP	1057	5970	T	48	0	5935	17.7556866048863
A_NP	1058	5948	C	68	0	5865	18.1940323955669
A_NP	1059	5988	T	26	0	5956	19.0377770315648
A_NP	1060	5971	C	39	0	5934	19.0945399393327
A_NP	1061	5976	C	33	0	5938	20.7354328056585
A_NP	1062	5972	T	37	0	5961	21.6079516859587
A_NP	1063	5337	C	671	0	5085	17.5972468043264
A_NP	1064	5247	G	760	0	5127	13.4846889018919
A_NP	1065	5886	G	121	0	5863	14.1031894934334
A_NP	1066	5995	G	11	0	5978	14.6838407494145
A_NP	1067	5988	G	18	0	5970	23.0214405360134
A_NP	1068	5932	G	72	0	5900	24.3920338983051
A_NP	1069	5879	A	124	0	5818	24.2452732897903
A_NP	1070	5968	A	33	0	5892	22.9192124915139
A_NP	1071	5980	A	19	0	5855	21.8975234842015
A_NP	1072	5976	C	23	0	5899	21.164773690456
A_NP	1073	5963	T	35	0	5946	21.192398250925
A_NP	1074	5889	G	108	0	5585	19.9333930170098
A_NP	1075	5920	T	76	0	5875	17.9176170212766
A_NP	1076	5736	C	259	0	5311	17.121069478441
A_NP	1077	5965	A	29	0	5501	15.8374840938011
A_NP	1078	5971	A	23	0	5878	15.8960530792787
A_NP	1079	5965	C	28	0	5872	16.7258174386921
A_NP	1080	5960	T	33	0	5923	17.5149417524903
A_NP	1081	5787	A	205	0	5595	18.6618409294013
A_NP	1082	5823	G	168	0	5651	17.6904972571226
A_NP	1083	5942	A	48	0	5910	17.7030456852792
A_NP	1084	5917	G	72	0	5872	18.9470367847411
A_NP	1085	5890	G	98	0	5821	19.5741281566741
A_NP	1086	5887	A	100	0	5852	20.4735133287765
A_NP	1087	5845	G	142	0	5745	20.5180156657963
A_NP	1088	5884	T	102	0	5795	18.3924072476273
A_NP	1089	5875	A	110	0	5758	17.8683570684265
A_NP	1090	5924	C	59	0	5800	17.6018965517241
A_NP	1091	5878	A	104	0	5796	17.8633540372671
A_NP	1092	5962	A	20	0	5894	18.6549032914829
A_NP	1093	5951	A	29	0	5840	19.2631849315068
A_NP	1094	5949	T	31	0	5899	18.8133581963045
A_NP	1095	5968	T	11	0	5913	19.1970235075258
A_NP	1096	5955	G	24	0	5783	18.4572021442158
A_NP	1097	5958	C	21	0	5885	18.6819031435854
A_NP	1098	5941	T	38	0	5913	20.0569930661255
A_NP	1099	5953	T	25	0	5916	20.1577079107505
A_NP	1100	5932	C	43	0	5781	20.712506486767
A_NP	1101	5842	A	133	0	5753	20.5591865113854
A_NP	1102	5967	A	7	0	5959	20.1725121664709
A_NP	1103	5965	A	9	0	5943	20.9777889954568
A_NP	1104	5963	T	9	0	5952	20.7169018817204
A_NP	1105	5936	G	35	0	5910	21.4037225042301
A_NP	1106	5921	A	48	0	5895	21.1343511450382
A_NP	1107	5940	G	26	0	5909	20.898798443053
A_NP	1108	5946	A	20	0	5918	21.1101723555255
A_NP	1109	5957	A	8	0	5932	20.5901888064734
A_NP	1110	5952	C	11	0	5909	20.8329666610256
A_NP	1111	5950	A	13	0	5922	20.2406281661601
A_NP	1112	5957	T	6	0	5941	20.0898838579364
A_NP	1113	5945	G	18	0	5929	20.489121268342
A_NP	1114	5950	G	11	0	5936	20.5213948787062
A_NP	1115	5933	A	28	0	5910	20.8522842639594
A_NP	1116	5930	T	31	0	5878	19.6119428376999
A_NP	1117	5889	A	71	0	5807	18.5507146547271
A_NP	1118	5899	A	61	0	5835	17.8975149957155
A_NP	1119	5904	T	55	0	5795	17.4250215703192
A_NP	1120	5898	A	62	0	5827	17.6952119443968
A_NP	1121	5873	T	87	0	5818	18.2102096940529
A_NP	1122	5487	G	473	0	5374	16.8917007815408
A_NP	1123	5941	G	19	0	5860	17.8755972696246
A_NP	1124	5944	G	16	0	5843	18.5743624850248
A_NP	1125	5944	A	16	0	5912	21.1919824086604
A_NP	1126	5946	T	12	0	5822	19.2566128478186
A_NP	1127	5847	C	109	0	5638	19.0862007804186
A_NP	1128	5859	A	97	0	5790	18.4286701208981
A_NP	1129	5928	A	26	0	5885	18.1848768054376
A_NP	1130	5919	G	34	0	5877	19.2749702229028
A_NP	1131	5930	C	23	0	5794	20.2937521574042
A_NP	1132	5924	A	29	0	5858	20.4049163537043
A_NP	1133	5883	C	70	0	5847	20.5650761074055
A_NP	1134	5880	T	73	0	5823	20.2050489438434
A_NP	1135	5886	C	65	0	5735	20.0904969485615
A_NP	1136	5832	T	118	0	5732	20.5636775994417
A_NP	1137	5903	T	47	0	5864	20.5197817189632
A_NP	1138	5895	G	55	0	5791	20.610948022794
A_NP	1139	5921	A	27	0	5900	20.4718644067797
A_NP	1140	5934	A	13	0	5903	21.5251566999831
A_NP	1141	5918	C	27	0	5888	21.7331861413043
A_NP	1142	5902	T	39	0	5858	22.0986684875384
A_NP	1143	5860	G	80	0	5794	21.9456334138764
A_NP	1144	5882	A	56	0	5857	22.3952535427693
A_NP	1145	5922	G	16	0	5847	21.9013169146571
A_NP	1146	5917	A	21	0	5889	21.8695873662761
A_NP	1147	5924	A	14	0	5893	21.4710673680638
A_NP	1148	5912	G	25	0	5884	21.6055404486744
A_NP	1149	5900	C	36	0	5784	21.280428769018
A_NP	1150	5903	G	32	0	5852	19.3385167464115
A_NP	1151	5928	G	7	0	5916	19.5331304935767
A_NP	1152	5914	G	21	0	5891	19.8438295705313
A_NP	1153	5909	T	26	0	5882	19.5717443046583
A_NP	1154	5925	A	11	0	5912	20.6173883626522
A_NP	1155	5886	C	49	0	5840	20.5419520547945
A_NP	1156	5921	T	14	0	5889	20.2934284258788
A_NP	1157	5871	G	64	0	5761	21.781808713765
A_NP	1158	5931	G	4	0	5920	21.9131756756757
A_NP	1159	5920	G	14	0	5915	21.8779374471682
A_NP	1160	5897	C	36	0	5869	22.9119100357812
A_NP	1161	5902	C	29	0	5790	23.2721934369603
A_NP	1162	5893	A	39	0	5774	21.8191894700381
A_NP	1163	5889	T	39	0	5854	18.5953194396994
A_NP	1164	5738	A	191	0	5652	18.0445859872611
A_NP	1165	5627	A	302	0	5578	17.7108282538544
A_NP	1166	5686	G	242	0	5647	17.8200814591819
A_NP	1167	5862	G	66	0	5837	19.5206441665239
A_NP	1168	5870	A	59	0	5839	19.2880630244905
A_NP	1169	5775	C	153	0	5671	21.0749426908834
A_NP	1170	5890	C	38	0	5854	21.6484455073454
A_NP	1171	5891	A	37	0	5863	21.9551424185571
A_NP	1172	5888	G	39	0	5876	23.1172566371681
A_NP	1173	5884	G	43	0	5833	22.226127207269
A_NP	1174	5896	A	30	0	5847	21.3748931075765
A_NP	1175	5862	G	64	0	5825	21.4077253218884
A_NP	1176	5907	T	18	0	5873	20.3121062489358
A_NP	1177	5838	G	87	0	5820	20.7489690721649
A_NP	1178	5877	G	48	0	5858	20.6273472174804
A_NP	1179	5874	A	51	0	5845	21.0001710863986
A_NP	1180	5905	G	19	0	5886	22.3521916411825
A_NP	1181	5862	G	59	0	5848	22.6436388508892
A_NP	1182	5824	A	97	0	5760	22.1708333333333
A_NP	1183	5881	A	39	0	5838	23.3967112024666
A_NP	1184	5899	A	21	0	5852	23.134996582365
A_NP	1185	5901	C	19	0	5875	22.2808510638298
A_NP	1186	5892	A	27	0	5770	21.7927209705373
A_NP	1187	5882	C	35	0	5845	21.8099230111206
A_NP	1188	5899	T	17	0	5863	20.0622548183524
A_NP	1189	5899	A	17	0	5784	19.0765905947441
A_NP	1190	5905	A	11	0	5875	18.8713191489362
A_NP	1191	5907	T	9	0	5882	18.7781366882013
A_NP	1192	5871	C	42	0	5518	18.321493294672
A_NP	1193	5885	A	28	0	5818	18.040048126504
A_NP	1194	5884	G	29	0	5861	18.4535062276062
A_NP	1195	5889	C	24	0	5877	19.7398332482559
A_NP	1196	5864	A	48	0	5834	22.4775454233802
A_NP	1197	5843	G	68	0	5786	21.9472865537504
A_NP	1198	5876	A	35	0	5854	21.5312606764605
A_NP	1199	5877	G	33	0	5846	21.0803968525488
A_NP	1200	5880	G	29	0	5853	21.0515974713822
A_NP	1201	5871	G	38	0	5843	22.9359917850419
A_NP	1202	5861	C	48	0	5834	23.0937607130614
A_NP	1203	5867	C	42	0	5829	22.7733745067765
A_NP	1204	5875	T	34	0	5843	22.1271607051172
A_NP	1205	5838	C	71	0	5743	21.8770677346335
A_NP	1206	5864	C	44	0	5797	20.2475418319821
A_NP	1207	5866	G	41	0	5731	18.4227883440935
A_NP	1208	5877	C	28	0	5810	19.0566265060241
A_NP	1209	5884	A	21	0	5830	18.6349914236707
A_NP	1210	5806	G	98	0	5748	19.6009046624913
A_NP	1211	5874	G	30	0	5864	20.9479877216917
A_NP	1212	5875	C	29	0	5841	20.8014038692005
A_NP	1213	5882	C	21	0	5818	22.3324166380199
A_NP	1214	5868	A	35	0	5816	21.9040577716644
A_NP	1215	5894	A	8	0	5882	23.1203672220333
A_NP	1216	5891	A	8	0	5859	22.5205666495989
A_NP	1217	5884	C	14	0	5856	22.1227800546448
A_NP	1218	5889	C	6	0	5843	22.8933766900565
A_NP	1219	5875	A	18	0	5853	22.1783700666325
A_NP	1220	5833	G	60	0	5812	21.0872333103923
A_NP	1221	5859	T	33	0	5813	20.4909685188371
A_NP	1222	5870	G	22	0	5842	20.090380006847
A_NP	1223	5875	T	15	0	5836	22.9665867032214
A_NP	1224	5853	G	37	0	5837	22.1833133458969
A_NP	1225	5840	C	49	0	5801	21.9319082916738
A_NP	1226	5860	A	26	0	5822	21.497938852628
A_NP	1227	5878	A	7	0	5840	21.5155821917808
A_NP	1228	5872	C	13	0	5847	21.6391311783821
A_NP	1229	5878	C	7	0	5830	22.0969125214408
A_NP	1230	5872	A	13	0	5832	22.8017832647462
A_NP	1231	5881	A	4	0	5869	23.8340432782416
A_NP	1232	5876	C	8	0	5837	23.3931814288162
A_NP	1233	5870	G	12	0	5786	20.6790528862772
A_NP	1234	5832	T	50	0	5799	20.2769443007415
A_NP	1235	5869	T	12	0	5845	20.3110350727117
A_NP	1236	5860	T	17	0	5847	20.8626646143321
A_NP	1237	5838	T	39	0	5814	26.4516683866529
A_NP	1238	5820	C	57	0	5726	24.8157527069508
A_NP	1239	5818	T	56	0	5790	24.0981001727116
A_NP	1240	5819	G	55	0	5706	23.5233087977567
A_NP	1241	5772	T	101	0	5695	19.8937664618086
A_NP	1242	5760	A	111	0	5691	19.3062730627306
A_NP	1243	5770	C	101	0	5619	18.9539063890372
A_NP	1244	5707	A	163	0	5638	18.5239446612274
A_NP	1245	5835	A	34	0	5809	20.1652608022035
A_NP	1246	5831	A	38	0	5807	21.1899431720338
A_NP	1247	5825	G	41	0	5744	22.8659470752089
A_NP	1248	5841	A	24	0	5801	23.0996379934494
A_NP	1249	5855	A	10	0	5818	23.062392574768
A_NP	1250	5846	A	17	0	5791	23.696770851321
A_NP	1251	5837	C	25	0	5784	23.7480982019364
A_NP	1252	5848	C	13	0	5788	23.7194194885971
A_NP	1253	5846	T	14	0	5823	24.3113515370084
A_NP	1254	5765	C	91	0	5721	24.3485404649537
A_NP	1255	5847	C	8	0	5830	24.6818181818182
A_NP	1256	5840	C	13	0	5807	27.4126054761495
A_NP	1257	5817	A	36	0	5798	25.1704035874439
A_NP	1258	5780	T	73	0	5718	23.992130115425
A_NP	1259	5849	T	4	0	5829	23.3731343283582
A_NP	1260	5837	T	14	0	5783	23.5823966799239
A_NP	1261	5828	G	25	0	5791	23.0126057675704
A_NP	1262	5745	A	108	0	5711	24.3945018385572
A_NP	1263	5830	A	21	0	5813	24.0951316015827
A_NP	1264	5844	A	5	0	5808	24.3639807162534
A_NP	1265	5835	A	11	0	5797	25.5059513541487
A_NP	1266	5830	G	16	0	5781	23.432451133022
A_NP	1267	5819	T	26	0	5771	22.1159244498354
A_NP	1268	5761	C	82	0	5670	21.3825396825397
A_NP	1269	5826	A	18	0	5764	20.7000346981263
A_NP	1270	5827	A	17	0	5782	20.9047042545832
A_NP	1271	5825	C	19	0	5805	21.9074935400517
A_NP	1272	5829	C	14	0	5791	22.3590053531342
A_NP	1273	5828	A	14	0	5779	22.9558747188095
A_NP	1274	5826	T	15	0	5804	22.2684355616816
A_NP	1275	5832	C	8	0	5771	21.9232368740253
A_NP	1276	5836	A	4	0	5802	20.9339882799035
A_NP	1277	5838	T	2	0	5824	21.0060096153846
A_NP	1278	5832	G	6	0	5802	21.7781799379524
A_NP	1279	5815	G	21	0	5805	21.9138673557278
A_NP	1280	5807	C	29	0	5791	23.4353306855465
A_NP	1281	5826	A	10	0	5790	24.3687392055268
A_NP	1282	5828	G	7	0	5806	24.4118153634172
A_NP	1283	5827	C	6	0	5794	24.8094580600621
A_NP	1284	5820	A	13	0	5787	24.1734923103508
A_NP	1285	5792	T	41	0	5767	22.3558175827987
A_NP	1286	5827	T	6	0	5795	22.1201035375324
A_NP	1287	5828	C	4	0	5805	22.0447889750215
A_NP	1288	5821	A	11	0	5803	22.1700844390832
A_NP	1289	5826	C	7	0	5811	25.0101531578042
A_NP	1290	5824	T	7	0	5809	24.6644861421931
A_NP	1291	5816	G	15	0	5804	24.210372157133
A_NP	1292	5824	G	9	0	5817	24.4359635550971
A_NP	1293	5800	A	33	0	5763	24.432413673434
A_NP	1294	5823	A	11	0	5758	25.4947898575894
A_NP	1295	5820	A	11	0	5792	24.2881560773481
A_NP	1296	5794	T	37	0	5758	22.9286210489753
A_NP	1297	5783	A	47	0	5692	21.7926914968377
A_NP	1298	5772	C	58	0	5735	21.277593722755
A_NP	1299	5714	G	115	0	5667	20.2226927827775
A_NP	1300	5783	G	45	0	5753	20.7064140448462
A_NP	1301	5773	A	55	0	5746	21.1689871214758
A_NP	1302	5781	A	46	0	5751	22.5957224830464
A_NP	1303	5798	G	27	0	5772	24.1562716562717
A_NP	1304	5794	G	28	0	5768	22.4152219140083
A_NP	1305	5782	A	37	0	5750	21.4862608695652
A_NP	1306	5770	A	47	0	5732	20.8691556175855
A_NP	1307	5759	G	58	0	5664	20.7236935028249
A_NP	1308	5556	A	259	0	5531	20.7143373711806
A_NP	1309	5727	A	88	0	5670	20.4409171075838
A_NP	1310	5743	C	71	0	5686	18.2384804783679
A_NP	1311	5604	T	209	0	5530	19.5021699819168
A_NP	1312	5701	T	112	0	5608	20.561697574893
A_NP	1313	5704	C	108	0	5522	19.7520825787758
A_NP	1314	5771	A	41	0	5689	19.8395148532255
A_NP	1315	5771	G	41	0	5748	20.973382045929
A_NP	1316	5737	A	75	0	5707	20.7618713860172
A_NP	1317	5792	C	19	0	5772	21.7103257103257
A_NP	1318	5783	A	28	0	5702	21.3360224482638
A_NP	1319	5783	T	27	0	5756	21.1089298123697
A_NP	1320	5743	G	62	0	5672	20.882581100141
A_NP	1321	5712	A	92	0	5646	20.7515054906128
A_NP	1322	5516	G	287	0	5490	21.4746812386157
A_NP	1323	5713	G	89	0	5680	21.8221830985915
A_NP	1324	5747	G	53	0	5719	23.2378038118552
A_NP	1325	5719	C	80	0	5683	22.9459792363188
A_NP	1326	5763	A	36	0	5721	23.7524908232826
A_NP	1327	5753	G	45	0	5734	24.2554935472619
A_NP	1328	5667	A	130	0	5596	23.6606504646176
A_NP	1329	5738	A	58	0	5669	23.5690597989063
A_NP	1330	5709	A	86	0	5540	23.5534296028881
A_NP	1331	5718	T	77	0	5656	22.3864922206506
A_NP	1332	5736	T	59	0	5624	22.526493598862
A_NP	1333	5750	A	45	0	5584	21.017729226361
A_NP	1334	5757	T	36	0	5731	19.5677892165416
A_NP	1335	5734	A	59	0	5640	19.3712765957447
A_NP	1336	5768	A	25	0	5709	19.3342091434577
A_NP	1337	5771	G	22	0	5756	20.2126476719944
A_NP	1338	5780	G	13	0	5763	22.7509977442304
A_NP	1339	5735	A	55	0	5688	23.4660689170183
A_NP	1340	5767	T	22	0	5736	23.1286610878661
A_NP	1341	5767	G	20	0	5647	22.7418098105189
A_NP	1342	5774	A	13	0	5708	21.2820602662929
A_NP	1343	5774	T	12	0	5753	20.9848774552407
A_NP	1344	5777	G	8	0	5760	20.9708333333333
A_NP	1345	5780	G	4	0	5769	21.0258276997747
A_NP	1346	5751	A	32	0	5697	21.9668246445498
A_NP	1347	5778	A	6	0	5743	23.5479714434964
A_NP	1348	5717	G	66	0	5614	22.2921268257927
A_NP	1349	5769	G	11	0	5691	22.158495870673
A_NP	1350	5770	T	10	0	5727	20.8763750654793
A_NP	1351	5743	G	35	0	5619	20.5960135255384
A_NP	1352	5744	C	32	0	5658	20.8022269353128
A_NP	1353	5684	A	91	0	5519	20.4018843993477
A_NP	1354	5763	A	10	0	5631	19.4391759900551
A_NP	1355	5765	A	8	0	5693	19.6984015457579
A_NP	1356	5756	A	16	0	5695	21.4784899034241
A_NP	1357	5742	C	29	0	5702	20.8361978253244
A_NP	1358	5755	C	14	0	5723	21.9211951773545
A_NP	1359	5683	A	85	0	5617	21.9385793128004
A_NP	1360	5686	G	81	0	5674	21.7132534367289
A_NP	1361	5688	A	79	0	5670	20.9984126984127
A_NP	1362	5740	A	27	0	5705	20.6489044697634
A_NP	1363	5731	G	34	0	5715	20.8372703412074
A_NP	1364	5745	A	18	0	5699	20.8262853132128
A_NP	1365	5689	A	73	0	5603	21.1199357487061
A_NP	1366	5628	G	131	0	5558	20.4300107952501
A_NP	1367	5721	T	37	0	5701	19.2027714436064
A_NP	1368	5698	G	60	0	5643	19.3095870990608
A_NP	1369	5712	T	46	0	5629	18.3442885059513
A_NP	1370	5725	C	33	0	5521	17.860170259011
A_NP	1371	5727	A	30	0	5664	17.4184322033898
A_NP	1372	5671	T	85	0	5603	17.4299482420132
A_NP	1373	5733	T	21	0	5710	19.0966725043783
A_NP	1374	5653	C	100	0	5597	19.7852420939789
A_NP	1375	5687	C	64	0	5645	21.2325952170062
A_NP	1376	4386	G	1360	0	4351	19.8979544932199
A_NP	1377	5328	G	415	0	5313	21.0075287031809
A_NP	1378	5580	G	163	0	5551	21.1662763466042
A_NP	1379	5617	G	125	0	5592	25.3479971387697
A_NP	1380	5540	G	195	0	5466	24.2652762532016
A_NP	1381	5526	A	209	0	5487	22.212866776016
A_NP	1382	5124	G	611	0	4974	21.5454362685967
A_NP	1383	5624	G	111	0	5587	21.5691784499732
A_NP	1384	5507	G	226	0	5446	21.8518178479618
A_NP	1385	5477	G	250	0	5157	22.8919914679077
A_NP	1386	5451	A	275	0	5311	21.650724910563
A_NP	1387	5502	G	222	0	5342	20.3798202920255
A_NP	1388	5102	T	622	0	4545	19.6171617161716
A_NP	1389	5558	T	166	0	5125	18.9890731707317
A_NP	1390	5601	T	123	0	5462	18.7052361772245
A_NP	1391	5372	T	349	0	5270	20.3481973434535
A_NP	1392	5055	C	664	0	4851	19.0218511647083
A_NP	1393	5310	G	409	0	4890	16.9159509202454
A_NP	1394	5682	A	37	0	5617	16.1536407334876
A_NP	1395	5669	G	50	0	5624	16.4646159317212
A_NP	1396	5636	C	82	0	5598	17.7029296177206
A_NP	1397	5641	T	75	0	5567	22.0966409197054
A_NP	1398	5661	C	55	0	5602	21.6613709389504
A_NP	1399	5659	T	55	0	5627	27.6852674604585
A_NP	1400	5642	C	71	0	5597	38.9342504913346
A_NP	1401	5662	T	49	0	5519	28.1255662257655
A_NP	1402	5606	G	105	0	5438	20.9132033835969
A_NP	1403	5668	A	43	0	5645	20.8267493356953
A_NP	1404	5666	C	44	0	5564	21.2857656362329
A_NP	1405	5561	G	149	0	5434	19.7296650717703
A_NP	1406	5589	A	120	0	5552	19.721181556196
A_NP	1407	5684	G	25	0	5649	19.7684545937334
A_NP	1408	5604	A	104	0	5561	21.5083618054307
A_NP	1409	5685	A	23	0	5653	22.2906421369184
A_NP	1410	5680	G	27	0	5666	22.9685845393576
A_NP	1411	5688	G	18	0	5671	23.5586316346323
A_NP	1412	5681	C	24	0	5637	24.1802377150967
A_NP	1413	5691	A	12	0	5629	23.2718067152247
A_NP	1414	5680	G	23	0	5657	23.1799540392434
A_NP	1415	5677	C	26	0	5625	22.6145777777778
A_NP	1416	5665	G	36	0	5537	20.5560772981759
A_NP	1417	5665	A	36	0	5613	20.5366114377338
A_NP	1418	5679	A	21	0	5620	20.1375444839858
A_NP	1419	5655	C	43	0	5498	20.3886867951983
A_NP	1420	5682	C	13	0	5615	22.0819234194123
A_NP	1421	5679	C	14	0	5541	21.9361126150514
A_NP	1422	5626	G	66	0	5397	20.8041504539559
A_NP	1423	5678	A	14	0	5656	20.1272984441301
A_NP	1424	5679	T	12	0	5668	20.0465772759351
A_NP	1425	5671	C	17	0	5268	19.8990129081245
A_NP	1426	5673	G	14	0	5626	18.8956629932456
A_NP	1427	5667	T	20	0	5612	18.6436208125445
A_NP	1428	5640	G	46	0	5617	19.1977924158804
A_NP	1429	5595	C	89	0	5556	20.9481641468683
A_NP	1430	5643	C	41	0	5620	22.8749110320285
A_NP	1431	5647	C	35	0	5614	22.9132525828286
A_NP	1432	5643	T	39	0	5620	23.2663701067616
A_NP	1433	5645	C	37	0	5538	22.6572769953052
A_NP	1434	5333	T	348	0	5276	22.6059514783927
A_NP	1435	5580	T	101	0	5559	20.9832703723691
A_NP	1436	5663	T	16	0	5645	22.9454384410983
A_NP	1437	5652	T	26	0	5594	23.3582409724705
A_NP	1438	5651	G	26	0	5609	21.8331253342842
A_NP	1439	5641	A	36	0	5624	22.5469416785206
A_NP	1440	5642	T	35	0	5606	21.0205137352836
A_NP	1441	5659	A	18	0	5638	20.6103228095069
A_NP	1442	5670	T	7	0	5635	20.5041703637977
A_NP	1443	5663	G	13	0	5573	19.8216400502422
A_NP	1444	5650	A	25	0	5610	20.3661319073084
A_NP	1445	5652	G	21	0	5617	20.880897276126
A_NP	1446	5644	T	29	0	5594	19.9326063639614
A_NP	1447	5650	A	23	0	5626	20.0954496978315
A_NP	1448	5666	A	7	0	5643	20.5513024986709
A_NP	1449	5658	C	11	0	5627	20.7195663763995
A_NP	1450	5595	G	69	0	5514	20.7858179180268
A_NP	1451	5583	A	80	0	5551	20.9239776616826
A_NP	1452	5610	A	52	0	5563	21.3670681287075
A_NP	1453	5633	G	28	0	5550	22.8513513513514
A_NP	1454	5628	G	26	0	5547	24.2226428700198
A_NP	1455	5627	A	26	0	5572	23.5441493180187
A_NP	1456	5571	T	79	0	5498	22.673153874136
A_NP	1457	5607	C	43	0	5539	22.3877956309803
A_NP	1458	5578	T	72	0	5524	23.098660391021
A_NP	1459	5626	T	22	0	5523	23.0251674814412
A_NP	1460	5625	A	23	0	5582	22.9697241132211
A_NP	1461	5615	T	33	0	5528	22.1975397973951
A_NP	1462	5615	T	33	0	5580	22.1962365591398
A_NP	1463	5610	T	37	0	5569	22.6895313341713
A_NP	1464	5601	C	44	0	5570	23.0847396768402
A_NP	1465	5585	T	60	0	5556	25.6151907847372
A_NP	1466	5620	T	24	0	5573	24.8901848196662
A_NP	1467	5594	C	48	0	5447	23.7024049935744
A_NP	1468	5603	G	39	0	5564	20.9750179726815
A_NP	1469	5623	G	18	0	5603	21.0062466535784
A_NP	1470	5627	A	13	0	5600	21.04875
A_NP	1471	5613	G	26	0	5575	22.3286098654709
A_NP	1472	5569	A	68	0	5528	23.2433068017366
A_NP	1473	5611	C	24	0	5584	22.8416905444126
A_NP	1474	5615	A	20	0	5371	20.7056414075591
A_NP	1475	5628	A	6	0	5601	20.1456882699518
A_NP	1476	5627	T	7	0	5614	20.0999287495547
A_NP	1477	5618	G	14	0	5534	20.3814600650524
A_NP	1478	5582	C	50	0	5529	22.4004340748779
A_NP	1479	5391	A	239	0	5350	22.3639252336449
A_NP	1480	5374	G	246	0	5347	22.1920703198055
A_NP	1481	5595	A	23	0	5567	21.3610562241782
A_NP	1482	5595	A	22	0	5534	21.9414528370076
A_NP	1483	5587	G	27	0	5563	21.5378392953442
A_NP	1484	5572	A	39	0	5359	22.245194999067
A_NP	1485	5583	A	19	0	5540	21.7720216606498
A_NP	1486	5582	T	18	0	5551	19.7357232931003
A_NP	1487	5552	A	46	0	5357	19.9010640283741
A_NP	1488	5547	C	50	0	5475	18.9563470319635
A_NP	1489	5581	G	11	0	5499	17.6772140389162
A_NP	1490	5586	A	4	0	5568	18.2092313218391
A_NP	1491	5576	C	6	0	5560	18.9196043165468
A_NP	1492	5572	A	2	0	5528	19.4232995658466
A_NP	1493	5556	A	0	0	5547	20.7048855237065
A_NP	1494	5541	T	0	0	5526	20.1161780673181
A_NP	1495	5498	T	0	0	5495	21.1157415832575
A_NP	1496	5432	A	0	0	5432	20.3641384388807
A_NP	1497	5271	A	0	0	5271	20.9929804591159
