Reference_Name	Position	Coverage Depth	Consensus	Deletions	Ambiguous	Consensus_Count	Consensus_Average_Quality
A_NS	1	5225	A	0	0	5225	27.906985645933
A_NS	2	5247	T	0	0	5247	28.6697160282066
A_NS	3	5322	G	0	0	5161	27.2544080604534
A_NS	4	5354	G	0	0	5318	26.7399398270026
A_NS	5	5444	A	0	0	5439	25.7306490163633
A_NS	6	5440	T	8	0	5413	26.7781267319416
A_NS	7	5468	T	2	0	5287	27.8810289389068
A_NS	8	5439	C	53	0	5331	27.448321140499
A_NS	9	5519	C	9	0	5481	28.2118226600985
A_NS	10	5518	A	12	0	5460	26.190293040293
A_NS	11	5574	A	1	0	5555	27.9692169216922
A_NS	12	5575	C	0	0	5571	30.4275713516424
A_NS	13	5574	A	1	0	5539	29.4574833002347
A_NS	14	5571	C	4	0	5560	32.8241007194245
A_NS	15	5544	T	31	0	5519	31.8380141329951
A_NS	16	5546	G	29	0	5531	31.7119869824625
A_NS	17	5571	T	5	0	5550	34.1367567567568
A_NS	18	5558	G	18	0	5539	44.6129265210327
A_NS	19	5549	T	27	0	5523	40.6261089987326
A_NS	20	5522	C	54	0	5470	31.2522851919561
A_NS	21	5543	A	33	0	5476	29.6367786705625
A_NS	22	5566	A	11	0	5545	30.0970243462579
A_NS	23	5565	G	13	0	5521	30.4868683209563
A_NS	24	5484	T	95	0	5448	32.6993392070485
A_NS	25	5550	T	29	0	5520	32.7050724637681
A_NS	26	5552	T	27	0	5536	39.7243497109827
A_NS	27	5547	T	32	0	5520	38.466847826087
A_NS	28	5460	C	119	0	5398	29.5090774360874
A_NS	29	5536	A	43	0	5402	26.9587189929656
A_NS	30	5565	G	14	0	5557	26.6753644052546
A_NS	31	5569	G	10	0	5549	27.4281852586052
A_NS	32	5568	T	11	0	5529	29.5530837402785
A_NS	33	5563	A	16	0	5460	30.0430402930403
A_NS	34	5549	G	30	0	5448	26.5466226138032
A_NS	35	5545	A	34	0	5526	25.4277958740499
A_NS	36	5548	T	31	0	5468	25.5433430870519
A_NS	37	5567	T	12	0	5542	25.3089137495489
A_NS	38	5563	G	16	0	5528	26.7391461649783
A_NS	39	5547	C	32	0	5517	27.9483414899402
A_NS	40	5515	T	64	0	5494	29.1133964324718
A_NS	41	5548	T	31	0	5527	31.337072552922
A_NS	42	5553	T	26	0	5520	31.1952898550725
A_NS	43	5553	C	26	0	5371	27.5339787749023
A_NS	44	5180	T	400	0	5026	27.4637883008357
A_NS	45	5563	T	17	0	5540	26.0429602888087
A_NS	46	5577	T	3	0	5528	26.5906295224313
A_NS	47	5563	G	17	0	5523	21.7881586094514
A_NS	48	5572	G	8	0	5557	27.6449523123988
A_NS	49	5575	C	5	0	5556	28.9168466522678
A_NS	50	5566	A	14	0	5522	27.2318000724375
A_NS	51	5563	T	17	0	5550	28.2518918918919
A_NS	52	5567	A	13	0	5546	27.3310494049766
A_NS	53	5567	T	13	0	5548	28.2269286229272
A_NS	54	5544	C	36	0	5497	28.533199927233
A_NS	55	5563	C	17	0	5536	29.9087789017341
A_NS	56	5524	G	56	0	5483	26.5276308590188
A_NS	57	5554	G	26	0	5519	26.9672042036601
A_NS	58	5544	A	36	0	5481	27.1689472723955
A_NS	59	5573	A	7	0	5554	30.0381706877926
A_NS	60	5574	A	6	0	5551	37.156368221942
A_NS	61	5573	C	7	0	5539	33.7461635674309
A_NS	62	5568	A	12	0	5493	30.6111414527581
A_NS	63	5557	A	23	0	5500	30.1727272727273
A_NS	64	5540	G	40	0	5460	30.1858974358974
A_NS	65	5556	T	24	0	5467	30.8459850009146
A_NS	66	5557	T	23	0	5536	31.7198338150289
A_NS	67	5553	G	27	0	5513	28.991837475059
A_NS	68	5539	T	41	0	5488	29.998360058309
A_NS	69	5528	A	52	0	5487	26.9323856387826
A_NS	70	5531	G	49	0	5464	25.8956808199122
A_NS	71	5513	A	67	0	5464	25.6202415812592
A_NS	72	5563	C	17	0	5532	27.7020968908171
A_NS	73	5568	C	12	0	5499	27.0696490270958
A_NS	74	5534	A	46	0	5505	27.2059945504087
A_NS	75	5575	A	5	0	5559	30.9503507825148
A_NS	76	5574	A	6	0	5561	33.4474015464844
A_NS	77	5570	A	10	0	5495	36.2484076433121
A_NS	78	5561	C	19	0	5537	31.7885136355427
A_NS	79	5577	C	3	0	5551	30.6303368762385
A_NS	80	5517	T	63	0	5439	30.9354660783232
A_NS	81	5528	G	52	0	5416	27.567023633678
A_NS	82	5557	A	23	0	5521	27.1240717261366
A_NS	83	5571	G	9	0	5566	27.0885734818541
A_NS	84	5572	T	8	0	5406	28.1317055123936
A_NS	85	5569	G	11	0	5536	31.7395231213873
A_NS	86	5571	A	9	0	5549	33.8542079653992
A_NS	87	5570	T	10	0	5526	33.2059355772711
A_NS	88	5562	G	18	0	5524	31.2635771180304
A_NS	89	5445	C	135	0	5401	30.4177004258471
A_NS	90	5558	T	22	0	5538	31.1193571686529
A_NS	91	5531	C	49	0	5489	30.4940790672254
A_NS	92	5563	C	17	0	5394	32.5218761586948
A_NS	93	5566	A	14	0	5515	29.8580235720762
A_NS	94	5548	T	32	0	5506	33.676171449328
A_NS	95	5569	T	11	0	5543	32.2482410247159
A_NS	96	5558	C	22	0	5505	31.2579473206176
A_NS	97	5561	A	19	0	5516	29.7766497461929
A_NS	98	5570	T	10	0	5553	29.8487304159914
A_NS	99	5566	C	14	0	5317	27.0528493511379
A_NS	100	5506	G	74	0	5238	24.7766323024055
A_NS	101	5576	A	4	0	5564	25.0772825305536
A_NS	102	5574	T	6	0	5555	25.7886588658866
A_NS	103	5538	C	42	0	5349	27.7515423443634
A_NS	104	5561	G	19	0	5390	28.1066790352505
A_NS	105	5571	G	9	0	5551	26.9059628895694
A_NS	106	5567	C	13	0	5552	27.1529178674352
A_NS	107	5518	T	62	0	5486	29.4157856361648
A_NS	108	5566	T	14	0	5509	33.992376111817
A_NS	109	5560	C	20	0	5394	29.6594364108268
A_NS	110	5571	G	9	0	5538	25.1838208739617
A_NS	111	5543	C	37	0	5510	25.9736842105263
A_NS	112	5572	C	8	0	5536	25.6464956647399
A_NS	113	5378	G	202	0	5284	25.2747918243755
A_NS	114	5403	A	177	0	5371	27.4725377024763
A_NS	115	5487	G	93	0	5360	27.0311567164179
A_NS	116	5526	A	54	0	5489	27.2426671524868
A_NS	117	5533	T	47	0	5469	28.0548546352167
A_NS	118	5508	C	72	0	5173	23.8613957084864
A_NS	119	5413	A	167	0	5286	20.2147181233447
A_NS	120	5417	G	163	0	5311	19.2487290529091
A_NS	121	5553	A	27	0	5510	19.516333938294
A_NS	122	5552	G	28	0	5500	24.4263636363636
A_NS	123	5557	G	23	0	5534	26.6785327069028
A_NS	124	5537	T	43	0	5463	29.2546220025627
A_NS	125	5458	C	122	0	5199	27.5670321215618
A_NS	126	5549	C	31	0	5504	27.9509447674419
A_NS	127	5562	C	18	0	5455	26.8643446379468
A_NS	128	5559	T	21	0	5505	26.8652134423252
A_NS	129	5535	A	45	0	5397	25.390402075227
A_NS	130	5441	A	138	0	5400	24.6362962962963
A_NS	131	5166	G	413	0	5018	26.4583499402152
A_NS	132	5556	G	23	0	5543	29.0966985386975
A_NS	133	5569	G	10	0	5558	33.8405901403383
A_NS	134	5560	G	19	0	5518	36.0994925697717
A_NS	135	5547	A	32	0	5521	35.3111755116827
A_NS	136	5564	A	15	0	5540	32.6956678700361
A_NS	137	5558	G	21	0	5493	28.4301838703805
A_NS	138	5385	A	194	0	5308	26.405425772419
A_NS	139	5555	G	24	0	5543	25.1731914125925
A_NS	140	5560	G	18	0	5551	27.052062691407
A_NS	141	5510	C	68	0	5445	25.6528925619835
A_NS	142	5536	A	42	0	5029	23.7597931994432
A_NS	143	5553	A	25	0	5455	22.033180568286
A_NS	144	5546	T	32	0	5466	21.3823637028906
A_NS	145	5476	A	102	0	5204	20.8579938508839
A_NS	146	5468	C	110	0	5288	20.7978441754917
A_NS	147	5485	T	92	0	5429	19.8703260268926
A_NS	148	5438	C	139	0	5344	19.063248502994
A_NS	149	5506	T	71	0	5446	24.558942343004
A_NS	150	5366	C	211	0	5203	21.0695752450509
A_NS	151	5498	G	79	0	5282	18.9004165088981
A_NS	152	5529	G	48	0	5470	21.0074954296161
A_NS	153	5523	T	54	0	5474	22.3549506759225
A_NS	154	5493	C	83	0	5333	26.1376336021001
A_NS	155	5509	T	67	0	5451	28.6433681893231
A_NS	156	5366	A	210	0	5234	25.1757737867788
A_NS	157	5477	G	99	0	5341	24.4439243587343
A_NS	158	5418	A	158	0	5392	24.594028189911
A_NS	159	5561	C	15	0	5538	25.4841097869267
A_NS	160	5562	A	14	0	5504	24.9642078488372
A_NS	161	5565	T	10	0	5544	26.8616522366522
A_NS	162	5516	C	59	0	5457	27.2930181418362
A_NS	163	5526	A	49	0	5445	25.7702479338843
A_NS	164	5571	A	4	0	5545	26.6770063119928
A_NS	165	5565	A	9	0	5536	28.7236271676301
A_NS	166	5563	T	11	0	5545	29.8521190261497
A_NS	167	5552	C	22	0	5402	28.2425027767494
A_NS	168	5562	A	12	0	5462	27.4342731600146
A_NS	169	5550	G	24	0	5539	27.6932659324788
A_NS	170	5546	C	28	0	5526	27.7692725298588
A_NS	171	5565	C	9	0	5515	28.762647325476
A_NS	172	5566	A	8	0	5491	28.5696594427245
A_NS	173	5520	C	54	0	5490	28.8976320582878
A_NS	174	5565	C	9	0	5548	28.9581831290555
A_NS	175	5566	C	6	0	5493	31.1931549244493
A_NS	176	5563	A	9	0	5502	30.584151217739
A_NS	177	5562	T	9	0	5545	29.5974752028855
A_NS	178	5558	G	13	0	5530	28.5401446654611
A_NS	179	5560	C	11	0	5544	30.0560966810967
A_NS	180	5568	T	3	0	5553	34.3578245993157
A_NS	181	5540	G	31	0	5526	32.8868982989504
A_NS	182	5562	G	9	0	5549	31.3469093530366
A_NS	183	5558	A	12	0	5545	30.8477908025248
A_NS	184	5565	A	5	0	5550	34.6506306306306
A_NS	185	5566	A	4	0	5543	35.1555114558903
A_NS	186	5560	G	10	0	5470	34.3707495429616
A_NS	187	5564	C	6	0	5545	33.1271415689811
A_NS	188	5565	A	5	0	5549	31.1162371598486
A_NS	189	5569	A	1	0	5552	30.8396974063401
A_NS	190	5565	A	4	0	5548	32.2862292718097
A_NS	191	5563	T	5	0	5540	32.9958483754513
A_NS	192	5547	C	21	0	4753	24.7155480749001
A_NS	193	5498	G	70	0	5400	22.1631481481481
A_NS	194	5494	T	74	0	5427	21.9725446839875
A_NS	195	4948	A	620	0	4791	22.6364015863077
A_NS	196	5318	G	250	0	4822	23.4776026545002
A_NS	197	5388	A	180	0	5235	22.9703915950334
A_NS	198	5540	A	28	0	5522	24.0184715682724
A_NS	199	5554	A	14	0	5527	26.3620408901755
A_NS	200	5561	A	7	0	5515	33.1666364460562
A_NS	201	5552	G	16	0	5497	34.1289794433327
A_NS	202	5537	A	31	0	5504	29.8793604651163
A_NS	203	5524	T	44	0	5461	28.5467863028749
A_NS	204	5556	T	12	0	5498	27.4581666060386
A_NS	205	5539	C	27	0	5485	27.1278030993619
A_NS	206	5552	T	14	0	5527	28.0001809299801
A_NS	207	5516	G	50	0	5482	29.8164903319956
A_NS	208	5396	A	170	0	5368	31.4333084947839
A_NS	209	5558	A	8	0	5546	33.6422646952759
A_NS	210	5554	A	12	0	5502	32.9832788077063
A_NS	211	5550	G	15	0	5531	33.8139576930031
A_NS	212	5544	G	19	0	5498	34.1742451800655
A_NS	213	5546	A	16	0	5517	30.5802066340402
A_NS	214	5533	G	29	0	5487	29.5864771277565
A_NS	215	5539	A	22	0	5501	29.8180330848937
A_NS	216	5547	A	14	0	5521	29.4222061220793
A_NS	217	5528	T	32	0	5496	29.0673216885007
A_NS	218	5522	C	38	0	5447	28.6214429961447
A_NS	219	5533	T	27	0	5483	30.4665329199343
A_NS	220	5543	G	16	0	5475	29.598904109589
A_NS	221	5553	A	6	0	5527	30.0213497376515
A_NS	222	5555	T	4	0	5531	32.3330320014464
A_NS	223	5533	G	26	0	5500	29.18
A_NS	224	5535	A	24	0	5521	29.9463865241804
A_NS	225	5549	G	10	0	5535	32.7382113821138
A_NS	226	5551	G	8	0	5543	34.030849720368
A_NS	227	5549	C	10	0	5509	35.5334906516609
A_NS	228	5551	A	8	0	5507	33.9778463773379
A_NS	229	5536	C	22	0	5495	32.9736123748863
A_NS	230	5538	T	20	0	5485	31.1163172288058
A_NS	231	5545	T	13	0	5479	31.964409563789
A_NS	232	5464	A	92	0	5429	29.2514275188801
A_NS	233	5549	A	7	0	5516	30.7451051486584
A_NS	234	5552	A	4	0	5543	32.686812195562
A_NS	235	5551	A	3	0	5501	36.3504817305944
A_NS	236	5550	T	4	0	5526	34.3280854144046
A_NS	237	5549	G	5	0	5514	30.6574174827711
A_NS	238	5549	A	4	0	5513	28.5202249229095
A_NS	239	5546	C	7	0	5532	28.8103759942155
A_NS	240	5550	C	3	0	5524	28.7407675597393
A_NS	241	5548	A	4	0	5522	28.3665338645418
A_NS	242	5546	T	6	0	5537	29.7227740653784
A_NS	243	5544	G	7	0	5507	28.1084074813873
A_NS	244	5545	G	5	0	5529	28.6247060951347
A_NS	245	5543	C	6	0	5538	30.1710003611412
A_NS	246	5543	C	6	0	5533	30.2767034158684
A_NS	247	5541	T	8	0	5522	31.8435349511047
A_NS	248	5517	C	30	0	5489	29.7790125705957
A_NS	249	5517	G	30	0	5450	27.3176146788991
A_NS	250	5513	A	34	0	5490	27.143897996357
A_NS	251	5527	C	20	0	5499	28.0987452264048
A_NS	252	5539	A	8	0	5511	27.9007439666122
A_NS	253	5534	C	12	0	5521	31.7898931353016
A_NS	254	5534	C	12	0	5516	30.8192530819434
A_NS	255	5528	T	16	0	5509	32.0279542566709
A_NS	256	5505	G	38	0	5459	32.3178237772486
A_NS	257	5504	C	37	0	5469	30.9486194916804
A_NS	258	5462	T	79	0	5429	30.4619635291951
A_NS	259	5530	T	9	0	5492	28.9060451565914
A_NS	260	5518	C	21	0	5407	26.9238024782689
A_NS	261	5518	G	21	0	5476	26.5518626734843
A_NS	262	5526	C	13	0	5497	26.9006730944151
A_NS	263	5525	G	14	0	5368	24.8692250372578
A_NS	264	5526	A	13	0	5506	24.9700326916092
A_NS	265	5511	T	27	0	5481	24.8938149972633
A_NS	266	5489	A	49	0	5449	25.3391447972105
A_NS	267	5520	C	16	0	5496	29.0967976710335
A_NS	268	5525	A	11	0	5491	27.778910945183
A_NS	269	5524	T	12	0	5497	28.374022193924
A_NS	270	5520	A	14	0	5480	27.2981751824818
A_NS	271	5511	A	23	0	5489	27.3124430679541
A_NS	272	5511	C	23	0	5491	28.9360772172646
A_NS	273	5523	T	11	0	5480	31.2742700729927
A_NS	274	5519	G	14	0	5486	31.2070725483048
A_NS	275	5521	A	12	0	5499	31.0509183487907
A_NS	276	5524	C	8	0	5505	31.6526793823797
A_NS	277	5521	A	11	0	5495	29.89135577798
A_NS	278	5526	T	6	0	5497	30.5510278333637
A_NS	279	5521	G	10	0	5474	29.718487394958
A_NS	280	5523	A	8	0	5484	30.1559080962801
A_NS	281	5523	C	7	0	5504	32.0176235465116
A_NS	282	5513	T	17	0	5463	31.2286289584477
A_NS	283	5476	A	52	0	5427	29.7798046803022
A_NS	284	5487	T	40	0	5439	29.0774039345468
A_NS	285	5499	T	27	0	5442	28.0303197353914
A_NS	286	5317	G	207	0	5227	25.1220585421848
A_NS	287	5336	A	188	0	5300	24.7577358490566
A_NS	288	5452	G	72	0	5388	26.3750927988122
A_NS	289	5308	G	214	0	5269	26.2036439552097
A_NS	290	5281	A	240	0	5240	25.6965648854962
A_NS	291	5020	A	497	0	4942	27.4053014973695
A_NS	292	4985	T	532	0	4854	26.0653069633292
A_NS	293	5069	T	448	0	5013	25.4785557550369
A_NS	294	5193	G	322	0	5093	23.7669350088357
A_NS	295	5224	T	291	0	5178	23.507145616068
A_NS	296	5110	C	403	0	4868	22.0466310599836
A_NS	297	5309	A	204	0	5221	20.0639724190768
A_NS	298	5396	A	116	0	5336	20.438155922039
A_NS	299	5401	G	111	0	5257	21.6515122693551
A_NS	300	5398	A	114	0	5303	23.7499528568735
A_NS	301	5484	A	28	0	5421	24.9359896698026
A_NS	302	5484	A	27	0	5452	26.4963316214233
A_NS	303	5482	C	28	0	5433	26.0879808577213
A_NS	304	5490	T	20	0	5466	28.5854372484449
A_NS	305	5440	G	70	0	5391	28.1357818586533
A_NS	306	5487	G	23	0	5447	27.88874609877
A_NS	307	5465	T	45	0	5374	29.945664309639
A_NS	308	5484	T	26	0	5402	27.907997038134
A_NS	309	5473	C	35	0	5262	26.8031166856708
A_NS	310	5477	A	31	0	5435	25.5760809567617
A_NS	311	5481	T	27	0	5423	25.9035589157293
A_NS	312	5484	G	24	0	5455	27.6733272227314
A_NS	313	5476	C	32	0	5433	28.7680839315295
A_NS	314	5485	T	21	0	5419	28.6408931537184
A_NS	315	5486	A	20	0	5306	26.820015077271
A_NS	316	5493	A	13	0	5482	26.1238599051441
A_NS	317	5493	T	13	0	5457	27.2869708631116
A_NS	318	5489	G	17	0	5470	28.0859232175503
A_NS	319	5368	C	138	0	5349	30.9082071415218
A_NS	320	5492	C	14	0	5483	31.2476746306766
A_NS	321	5483	C	23	0	5469	32.1817516913513
A_NS	322	5435	A	69	0	5392	31.2527818991098
A_NS	323	5474	A	29	0	5465	32.1207685269899
A_NS	324	5467	G	36	0	5453	29.5107280396112
A_NS	325	5468	C	33	0	5447	31.0313934275748
A_NS	326	5472	A	29	0	5434	31.9904306220096
A_NS	327	5466	G	34	0	5447	32.3783734165596
A_NS	328	5398	A	102	0	5376	32.6979166666667
A_NS	329	5485	A	15	0	5469	32.4454196379594
A_NS	330	5482	A	17	0	5462	34.1730135481509
A_NS	331	5479	G	19	0	5440	31.5654411764706
A_NS	332	5479	T	19	0	5459	31.1765891188862
A_NS	333	5461	G	36	0	5438	31.18995954395
A_NS	334	5479	G	18	0	5441	30.8244807939717
A_NS	335	5449	A	48	0	5433	32.134732192159
A_NS	336	5474	A	23	0	5425	34.6025806451613
A_NS	337	5460	G	35	0	5402	34.4568678267308
A_NS	338	5463	G	31	0	5396	33.3450704225352
A_NS	339	5457	A	37	0	5410	31.5706099815157
A_NS	340	5458	C	36	0	5430	31.5162062615101
A_NS	341	5462	C	32	0	5436	29.7157836644592
A_NS	342	5448	T	46	0	5441	31.0545855541261
A_NS	343	5436	C	57	0	5313	26.9860718991154
A_NS	344	5323	T	170	0	5249	26.8009144598971
A_NS	345	5446	T	46	0	5436	27.7008830022075
A_NS	346	5458	T	34	0	5411	29.8515985954537
A_NS	347	5425	G	67	0	5377	26.9588990143203
A_NS	348	5461	C	31	0	5431	30.2938685324986
A_NS	349	5534	A	25	0	5492	29.6411143481428
A_NS	350	5542	T	18	0	5519	28.8331219423809
A_NS	351	5509	C	49	0	5434	28.852962826647
A_NS	352	5511	A	47	0	5449	28.2962011378235
A_NS	353	5506	G	51	0	5424	27.7230825958702
A_NS	354	5482	A	75	0	5444	28.6186627479794
A_NS	355	5544	A	13	0	5525	28.1581900452489
A_NS	356	5544	T	12	0	5519	27.632542127197
A_NS	357	5512	G	42	0	5404	27.9267209474463
A_NS	358	5535	G	18	0	5470	27.9884826325411
A_NS	359	5531	A	20	0	5512	28.1946661828737
A_NS	360	5506	C	45	0	5474	29.1757398611619
A_NS	361	5524	C	27	0	5477	29.527113383239
A_NS	362	5487	A	64	0	5452	29.8741746148202
A_NS	363	5522	G	29	0	5513	30.6292399782333
A_NS	364	5538	G	14	0	5533	30.4518344478583
A_NS	365	5497	C	55	0	5467	29.9720139015914
A_NS	366	5537	A	15	0	5479	28.2737725862384
A_NS	367	5532	A	18	0	5518	28.0588981515042
A_NS	368	5531	T	18	0	5522	27.5639261137269
A_NS	369	5519	C	29	0	5353	24.9805716420699
A_NS	370	5501	A	47	0	5233	23.6579399961781
A_NS	371	5501	T	46	0	5471	22.6432096508865
A_NS	372	5249	A	297	0	5006	20.3837395125849
A_NS	373	5069	G	477	0	4795	19.3282586027112
A_NS	374	5355	A	190	0	5292	18.8766061980348
A_NS	375	5369	G	176	0	5296	31.9359894259819
A_NS	376	5026	A	519	0	4980	30.9102409638554
A_NS	377	5499	A	46	0	5474	25.2380343441725
A_NS	378	5522	A	23	0	5495	26.8464058234759
A_NS	379	5528	A	17	0	5497	30.535746770966
A_NS	380	5523	A	20	0	5455	32.3970669110907
A_NS	381	5519	C	24	0	5490	30.1173041894353
A_NS	382	5524	A	19	0	5427	27.7335544499724
A_NS	383	5521	T	22	0	5484	27.7069657184537
A_NS	384	5525	C	17	0	5436	27.4968727005151
A_NS	385	5523	A	18	0	5491	27.5904206883992
A_NS	386	5525	T	15	0	5488	29.326166180758
A_NS	387	5522	G	17	0	5500	29.2561818181818
A_NS	388	5473	T	66	0	5453	31.0229231615624
A_NS	389	5514	T	24	0	5483	29.9358015684844
A_NS	390	5457	A	81	0	5435	27.3357865685373
A_NS	391	5518	A	20	0	5505	27.9702089009991
A_NS	392	5528	A	10	0	5507	31.6399128382059
A_NS	393	5526	A	11	0	5505	35.5046321525886
A_NS	394	5524	G	13	0	5516	32.668237853517
A_NS	395	5520	C	16	0	5445	30.9146005509642
A_NS	396	5494	G	41	0	5415	26.3577100646353
A_NS	397	5513	A	22	0	5490	26.223679417122
A_NS	398	5517	A	17	0	5479	26.5563058952364
A_NS	399	5510	T	24	0	5435	27.0132474701012
A_NS	400	5521	T	13	0	5497	32.3338184464253
A_NS	401	5518	T	14	0	5474	34.206795761783
A_NS	402	5502	C	26	0	5452	30.7920029347029
A_NS	403	5505	A	21	0	5459	30.7561824509984
A_NS	404	5504	A	21	0	5496	29.7545487627365
A_NS	405	5495	T	29	0	5480	30.061496350365
A_NS	406	5497	G	26	0	5478	31.8981380065717
A_NS	407	5494	T	29	0	5432	32.4118188512518
A_NS	408	5460	G	63	0	5408	29.0279215976331
A_NS	409	5504	A	19	0	5480	28.588503649635
A_NS	410	5473	T	50	0	5376	28.1837797619048
A_NS	411	5502	T	20	0	5464	27.7633601756955
A_NS	412	5506	T	15	0	5488	33.952806122449
A_NS	413	5509	T	12	0	5489	36.6263435962835
A_NS	414	5499	T	20	0	5469	38.6017553483269
A_NS	415	5473	G	45	0	5395	27.833734939759
A_NS	416	5477	G	41	0	5464	27.4886530014641
A_NS	417	5459	C	59	0	5446	27.2185089974293
A_NS	418	5490	C	26	0	5435	28.0969641214351
A_NS	419	5466	G	48	0	5248	22.6909298780488
A_NS	420	5486	A	28	0	5444	21.5716385011021
A_NS	421	5487	C	27	0	5410	20.7781885397412
A_NS	422	5481	T	33	0	5418	21.4007013658176
A_NS	423	5247	A	265	0	5135	22.8142161635833
A_NS	424	5412	G	100	0	5323	21.6981025737366
A_NS	425	5441	A	71	0	5388	22.0413882702301
A_NS	426	5485	G	27	0	5455	28.6999083409716
A_NS	427	5406	A	105	0	5297	26.5952425901454
A_NS	428	5484	C	27	0	5447	23.692858454195
A_NS	429	5489	C	22	0	5402	24.0261014439097
A_NS	430	5475	A	36	0	5413	24.1387400702014
A_NS	431	5467	T	44	0	5393	26.8312627480067
A_NS	432	5470	A	39	0	5302	25.2723500565824
A_NS	433	5479	G	30	0	5442	25.2664461595002
A_NS	434	5465	T	44	0	5389	25.1523473742809
A_NS	435	5463	A	46	0	5311	25.7102240632649
A_NS	436	5472	T	37	0	5442	26.1332230797501
A_NS	437	5481	T	27	0	5429	26.595321421993
A_NS	438	5480	G	28	0	5457	26.8561480667033
A_NS	439	5453	C	55	0	5397	30.3878080415045
A_NS	440	5466	T	40	0	5418	31.1858619416759
A_NS	441	5439	A	67	0	5370	29.5925512104283
A_NS	442	5479	A	27	0	5458	28.639061927446
A_NS	443	5464	G	42	0	5450	30.0433027522936
A_NS	444	5482	G	24	0	5457	33.621586952538
A_NS	445	5486	G	20	0	5480	35.5589416058394
A_NS	446	5485	C	21	0	5468	35.384601316752
A_NS	447	5469	T	37	0	5439	34.7236624379481
A_NS	448	5483	T	23	0	5454	37.54767143381
A_NS	449	5487	T	19	0	5463	37.4481054365733
A_NS	450	5463	C	40	0	5436	31.7167034584253
A_NS	451	5480	A	23	0	5387	27.9955448301466
A_NS	452	5365	C	138	0	5333	28.6842302643915
A_NS	453	5465	C	36	0	5412	25.7245011086474
A_NS	454	5409	G	92	0	5298	22.4947149867875
A_NS	455	5426	A	75	0	5407	23.1956722766784
A_NS	456	5415	A	86	0	5393	23.6517708140182
A_NS	457	5417	G	84	0	5367	25.4210918576486
A_NS	458	5437	A	62	0	5393	27.3465603560171
A_NS	459	5410	G	89	0	5368	27.7049180327869
A_NS	460	5466	G	32	0	5451	29.1748303063658
A_NS	461	5466	G	31	0	5422	30.3784581335301
A_NS	462	5458	A	38	0	5388	30.6546028210839
A_NS	463	5442	G	54	0	5387	31.1219602747355
A_NS	464	5442	C	54	0	5390	30.447866419295
A_NS	465	5458	A	37	0	5390	29.073840445269
A_NS	466	5463	A	32	0	5433	29.6574636480766
A_NS	467	5400	T	93	0	5304	29.901395173454
A_NS	468	5436	T	55	0	5377	29.5456574297936
A_NS	469	5414	G	76	0	5330	28.0121951219512
A_NS	470	5422	T	65	0	5374	27.9337551172311
A_NS	471	5449	T	36	0	5368	27.753912071535
A_NS	472	5411	G	73	0	5320	25.6396616541353
A_NS	473	5429	G	55	0	5410	26.4521256931608
A_NS	474	5434	C	50	0	5386	27.3406981062013
A_NS	475	5415	G	69	0	5275	27.1319431279621
A_NS	476	5407	A	77	0	5354	27.2966006723945
A_NS	477	5433	A	51	0	5370	27.2843575418994
A_NS	478	5440	A	42	0	5392	29.3227002967359
A_NS	479	5411	T	71	0	5372	31.0022338049144
A_NS	480	5350	C	131	0	5104	26.9175156739812
A_NS	481	5407	T	74	0	5271	26.7133371276798
A_NS	482	5388	C	91	0	5274	24.8143723928707
A_NS	483	5419	A	60	0	5283	23.4433087261026
A_NS	484	5420	C	59	0	5403	24.5867110864335
A_NS	485	5446	C	29	0	5420	25.0867158671587
A_NS	486	5440	A	34	0	5361	24.4558850960642
A_NS	487	5446	C	28	0	5423	28.0442559468929
A_NS	488	5444	T	30	0	5421	28.657812211769
A_NS	489	5423	G	50	0	5360	28.6061567164179
A_NS	490	5443	C	30	0	5432	29.8492268041237
A_NS	491	5436	C	36	0	5428	29.0950626381724
A_NS	492	5410	T	62	0	5397	29.7268853066518
A_NS	493	5421	T	50	0	5371	30.7585179668591
A_NS	494	5414	C	57	0	5310	27.4195856873823
A_NS	495	5198	T	272	0	5126	27.4857588763168
A_NS	496	5371	T	98	0	5344	26.7331586826347
A_NS	497	5430	T	38	0	5414	30.7957148134466
A_NS	498	5436	T	31	0	5419	29.5966045395829
A_NS	499	5403	C	64	0	5378	29.0754927482335
A_NS	500	5432	C	34	0	5421	30.723113816639
A_NS	501	5436	A	30	0	5422	26.5328292143121
A_NS	502	5439	G	27	0	5431	31.3172528079543
A_NS	503	5441	G	23	0	5432	31.7468703976436
A_NS	504	5430	A	33	0	5398	30.6961837717673
A_NS	505	5432	C	31	0	5399	31.585478792369
A_NS	506	5431	A	32	0	5399	28.4373032042971
A_NS	507	5420	T	43	0	5396	27.2446256486286
A_NS	508	5396	A	67	0	5371	26.1744554086762
A_NS	509	5422	C	40	0	5399	26.3202444897203
A_NS	510	5440	T	21	0	5404	27.0684678016284
A_NS	511	5439	G	22	0	5422	29.6394319439321
A_NS	512	5406	T	54	0	5378	29.538676087765
A_NS	513	5435	T	21	0	5355	28.9380018674136
A_NS	514	5418	G	36	0	5385	27.1515320334262
A_NS	515	5425	A	29	0	5393	26.8969033932876
A_NS	516	5374	G	79	0	5356	30.6573935772965
A_NS	517	5406	G	47	0	5385	31.5719591457753
A_NS	518	5399	A	52	0	5377	31.1936023805096
A_NS	519	5375	T	74	0	5333	33.4200262516407
A_NS	520	5400	G	49	0	5281	30.889793599697
A_NS	521	5382	T	66	0	5357	30.920104536121
A_NS	522	5373	C	73	0	5317	29.6891104006018
A_NS	523	5323	A	123	0	5276	28.5485216072782
A_NS	524	5399	A	46	0	5379	29.0461052240193
A_NS	525	5391	A	53	0	5356	30.5067214339059
A_NS	526	5408	A	35	0	5371	38.2757400856451
A_NS	527	5404	A	39	0	5315	32.6359360301035
A_NS	528	5399	T	44	0	5381	31.3889611596358
A_NS	529	5355	G	85	0	5260	29.0971482889734
A_NS	530	5355	C	85	0	5233	27.615325816931
A_NS	531	5371	A	69	0	5175	24.6662801932367
A_NS	532	5414	A	26	0	5384	23.9123328380386
A_NS	533	5398	T	38	0	5316	22.5427012791573
A_NS	534	5403	T	31	0	5293	23.7919894199887
A_NS	535	5326	G	108	0	5258	25.2906047926968
A_NS	536	5408	G	26	0	5371	25.0400297896109
A_NS	537	5409	G	23	0	5371	28.6250232731335
A_NS	538	5373	G	59	0	5312	30.4749623493976
A_NS	539	5343	T	89	0	5287	29.6572725553244
A_NS	540	5333	C	99	0	5124	28.3815378610461
A_NS	541	5357	C	72	0	5190	28.454527938343
A_NS	542	5367	T	62	0	5330	28.5981238273921
A_NS	543	5382	C	44	0	5233	27.8293521880375
A_NS	544	5400	A	26	0	5311	26.299002071173
A_NS	545	5410	T	15	0	5360	26.7339552238806
A_NS	546	5353	C	69	0	5092	23.7731736056559
A_NS	547	5322	G	100	0	5277	22.8599583096456
A_NS	548	5369	G	53	0	5325	23.8557746478873
A_NS	549	5399	A	20	0	5360	24.2261194029851
A_NS	550	5311	G	106	0	5256	29.8047945205479
A_NS	551	5371	G	45	0	5226	28.9332185227708
A_NS	552	5370	A	44	0	5329	26.5727153312066
A_NS	553	5396	C	16	0	5305	26.6103675777568
A_NS	554	5153	T	259	0	5075	27.8924137931034
A_NS	555	5382	T	27	0	5264	26.5674392097264
A_NS	556	5370	G	38	0	5223	23.2029484970324
A_NS	557	5375	A	33	0	5346	23.5478862701085
A_NS	558	5395	A	13	0	5361	24.7446371945533
A_NS	559	5398	T	10	0	5376	25.4352678571429
A_NS	560	5380	G	28	0	5328	27.446509009009
A_NS	561	5398	G	7	0	5197	26.8285549355397
A_NS	562	5387	A	18	0	5350	27.308785046729
A_NS	563	5400	A	5	0	5356	31.0061613144137
A_NS	564	5397	T	7	0	5380	29.5944237918216
A_NS	565	5396	G	8	0	5255	29.5868696479543
A_NS	566	5396	A	6	0	5361	29.0341354224958
A_NS	567	5394	T	7	0	5378	27.0154332465601
A_NS	568	5375	A	21	0	5027	25.3262383131092
A_NS	569	5372	A	23	0	5320	24.3966165413534
A_NS	570	5368	C	25	0	5344	24.2619760479042
A_NS	571	5363	A	26	0	5175	25.9033816425121
A_NS	572	5364	C	24	0	5340	41.6177902621723
A_NS	573	5361	A	25	0	5288	32.7798789712557
A_NS	574	5349	G	35	0	5251	26.26756808227
A_NS	575	5337	T	45	0	5232	25.684250764526
A_NS	576	5361	T	19	0	5311	25.5846356618339
A_NS	577	5327	C	51	0	5124	24.2978142076503
A_NS	578	5346	G	32	0	5232	23.2788608562691
A_NS	579	5358	A	19	0	5348	23.6325729244577
A_NS	580	5364	G	13	0	5319	23.6664786614025
A_NS	581	5283	T	92	0	5240	25.5496183206107
A_NS	582	5280	C	95	0	5184	27.1826774691358
A_NS	583	5353	T	22	0	5329	27.2321261024582
A_NS	584	5300	C	75	0	5238	33.5150820924017
A_NS	585	5308	T	67	0	5256	33.6740867579909
A_NS	586	5213	A	162	0	5165	25.7725072604066
A_NS	587	5350	A	25	0	5312	25.5709713855422
A_NS	588	5358	A	16	0	5317	29.7483543351514
A_NS	589	5337	A	37	0	5318	36.3072583678074
A_NS	590	5319	A	55	0	5265	33.5259259259259
A_NS	591	5304	T	69	0	5249	31.4959039817108
A_NS	592	5309	C	62	0	5195	29.0689124157844
A_NS	593	5347	T	24	0	5312	29.9066265060241
A_NS	594	5330	A	40	0	5242	27.991224723388
A_NS	595	5334	C	35	0	5314	28.2117049303726
A_NS	596	5292	A	72	0	5231	26.1470082202256
A_NS	597	5280	G	83	0	5239	25.3554113380416
A_NS	598	5336	A	27	0	5305	26.5457115928369
A_NS	599	5322	G	41	0	5298	33.8775009437524
A_NS	600	5338	A	24	0	5312	29.9563253012048
A_NS	601	5310	T	51	0	5274	28.9361016306409
A_NS	602	5345	T	15	0	5306	28.941575574821
A_NS	603	5339	C	21	0	5237	28.8921138056139
A_NS	604	5344	G	15	0	5055	24.2415430267062
A_NS	605	5343	C	16	0	5332	23.7676294073518
A_NS	606	5215	T	144	0	5197	23.9551664421782
A_NS	607	5351	T	8	0	5333	24.0836302268892
A_NS	608	5305	G	52	0	5295	28.071388101983
A_NS	609	5348	G	9	0	5334	29.5494938132733
A_NS	610	5329	A	25	0	5120	32.5
A_NS	611	5342	G	12	0	5329	34.649089885532
A_NS	612	5328	A	25	0	5317	34.0252021816814
A_NS	613	5344	A	8	0	5311	34.1423460741857
A_NS	614	5341	G	11	0	5334	32.789088863892
A_NS	615	5337	C	15	0	5314	33.8880316146029
A_NS	616	5341	A	9	0	5231	29.7480405276238
A_NS	617	5335	G	14	0	5312	30.1965361445783
A_NS	618	5322	T	26	0	5301	28.0830032069421
A_NS	619	5308	A	38	0	5157	26.4467713787086
A_NS	620	5333	A	13	0	5292	26.5340136054422
A_NS	621	5334	T	12	0	5317	26.7893548993794
A_NS	622	5277	G	67	0	5136	24.5243380062305
A_NS	623	5242	A	101	0	5145	24.7790087463557
A_NS	624	5259	G	84	0	5156	23.6904577191621
A_NS	625	5295	A	48	0	5238	24.1897670866743
A_NS	626	5295	A	48	0	5275	24.0648341232227
A_NS	627	5266	T	75	0	5138	23.7703386531724
A_NS	628	4507	G	833	0	4349	24.1317544263049
A_NS	629	5082	G	257	0	4999	24.876775355071
A_NS	630	5286	G	52	0	5231	25.9095775186389
A_NS	631	5268	G	69	0	5217	33.3927544565842
A_NS	632	5247	G	87	0	5142	34.2884091793077
A_NS	633	5238	A	94	0	5174	30.509663703131
A_NS	634	5285	C	47	0	5101	27.4697118212115
A_NS	635	5305	C	27	0	4975	26.7306532663317
A_NS	636	5301	T	31	0	5075	26.2768472906404
A_NS	637	5250	C	81	0	5201	26.6944818304172
A_NS	638	5311	C	19	0	5286	27.7656072644722
A_NS	639	5309	A	21	0	5234	26.2919373328238
A_NS	640	5313	C	14	0	5280	28.8100378787879
A_NS	641	5292	T	34	0	5257	28.5153129161118
A_NS	642	5302	T	23	0	5281	28.0810452565802
A_NS	643	5244	A	81	0	5168	26.6273219814241
A_NS	644	5299	C	25	0	5186	27.1153104512148
A_NS	645	5307	T	17	0	5287	27.9714393796104
A_NS	646	5300	C	23	0	5277	27.9086602236119
A_NS	647	5312	C	8	0	5293	29.6612507084829
A_NS	648	5268	A	52	0	5251	31.247191011236
A_NS	649	5304	A	16	0	5291	32.7210357210357
A_NS	650	5308	A	11	0	5298	35.0362400906002
A_NS	651	5306	A	10	0	5289	36.9353374929098
A_NS	652	5302	C	13	0	5289	35.6988088485536
A_NS	653	5301	A	12	0	5268	31.6429384965831
A_NS	654	5294	G	18	0	5278	31.0555134520652
A_NS	655	5301	A	11	0	5279	30.0068194733851
A_NS	656	5308	A	3	0	5294	30.5976577257272
A_NS	657	5302	A	8	0	5287	34.1149990542841
A_NS	658	5297	C	11	0	5272	30.5525417298938
A_NS	659	5166	G	138	0	5140	26.65953307393
A_NS	660	5296	G	6	0	5291	27.3757323757324
A_NS	661	5293	G	6	0	5213	26.1106848263955
A_NS	662	5279	A	17	0	5267	28.7858363394722
A_NS	663	5285	A	9	0	5269	35.0700322641868
A_NS	664	5278	A	10	0	5263	34.9906897206916
A_NS	665	5278	T	9	0	5261	32.531838053602
A_NS	666	5276	G	10	0	5257	30.0542134297128
A_NS	667	5275	G	9	0	5270	29.9768500948767
A_NS	668	5271	C	10	0	5238	29.0519282168767
A_NS	669	5171	G	109	0	5093	25.9346161397997
A_NS	670	5233	A	45	0	5187	25.2941970310391
A_NS	671	5231	G	47	0	5194	24.8592606854062
A_NS	672	5232	A	46	0	5207	26.2617630113309
A_NS	673	5258	A	17	0	5225	27.6461244019139
A_NS	674	5262	C	13	0	5242	27.5547500953834
A_NS	675	5259	A	15	0	5122	27.881296368606
A_NS	676	5259	G	11	0	5245	28.1475691134414
A_NS	677	5259	C	9	0	5247	29.1713360015247
A_NS	678	5252	T	14	0	5230	28.7741873804971
A_NS	679	5236	A	26	0	5131	28.5361527967258
A_NS	680	5246	G	14	0	5229	28.6207687894435
A_NS	681	5256	G	4	0	5225	28.7921531100478
A_NS	682	5252	T	8	0	5227	30.4105605509853
A_NS	683	5205	C	55	0	5133	31.6113383985973
A_NS	684	5223	A	36	0	5196	31.4690146266359
A_NS	685	5223	G	31	0	5196	32.8162047729022
A_NS	686	5239	A	15	0	5216	32.4171779141104
A_NS	687	5241	A	13	0	5212	33.1435149654643
A_NS	688	5238	G	16	0	5181	30.7135688091102
A_NS	689	5219	T	35	0	5174	31.1592578275995
A_NS	690	5246	T	8	0	5218	30.6609812188578
A_NS	691	5248	T	5	0	5213	32.1605601381162
A_NS	692	5235	G	18	0	5208	30.7567204301075
A_NS	693	5225	A	29	0	5201	32.626225725822
A_NS	694	5239	A	15	0	5214	31.89777522056
A_NS	695	5232	G	21	0	5223	32.4474439977025
A_NS	696	5232	A	20	0	5208	32.409178187404
A_NS	697	5221	G	30	0	5188	43.7341942945258
A_NS	698	5230	A	20	0	5217	34.1059996166379
A_NS	699	5225	T	24	0	5201	29.7133243606999
A_NS	700	5150	A	98	0	5122	28.4064818430301
A_NS	701	5239	A	9	0	5217	28.1466359976998
A_NS	702	5234	G	13	0	5166	27.4134727061556
A_NS	703	5230	A	13	0	5207	29.9295179565969
A_NS	704	5237	T	6	0	5204	31.2365488086088
A_NS	705	5235	G	8	0	5216	28.7956288343558
A_NS	706	5235	G	6	0	5223	29.586444572085
A_NS	707	5218	C	23	0	5173	29.7167987628069
A_NS	708	5217	T	23	0	5156	29.9088440651668
A_NS	709	5215	A	24	0	5166	29.2564847077042
A_NS	710	5227	A	12	0	5200	28.8192307692308
A_NS	711	5224	T	14	0	5184	29.0281635802469
A_NS	712	5232	T	1	0	5173	30.6804562149623
A_NS	713	5226	G	7	0	5202	28.2654748173779
A_NS	714	5185	A	48	0	5163	29.8026341274453
A_NS	715	5222	A	11	0	5203	29.2306361714396
A_NS	716	5219	G	13	0	5208	29.0013440860215
A_NS	717	5221	A	11	0	5186	28.8293482452757
A_NS	718	5226	G	6	0	5210	29.7690978886756
A_NS	719	5226	G	6	0	5216	29.6094708588957
A_NS	720	5225	T	7	0	5207	30.6034184751296
A_NS	721	5205	G	26	0	5176	29.3214837712519
A_NS	722	5155	A	73	0	5117	27.8385772913817
A_NS	723	5183	G	43	0	5149	27.060400077685
A_NS	724	5098	A	128	0	5080	27.8311023622047
A_NS	725	5106	C	119	0	5050	27.8835643564356
A_NS	726	5212	A	14	0	5175	27.2367149758454
A_NS	727	5205	C	18	0	5165	41.8048402710552
A_NS	728	5204	A	17	0	5181	32.6429260760471
A_NS	729	5192	G	22	0	5144	27.0188569206843
A_NS	730	5179	A	34	0	5149	26.6811031268207
A_NS	731	5186	T	27	0	5157	26.8572813651348
A_NS	732	5203	T	9	0	5156	27.7046159813809
A_NS	733	5147	A	65	0	5125	26.3215609756098
A_NS	734	5186	A	26	0	5171	28.2438599883968
A_NS	735	5207	A	4	0	5191	29.7653631284916
A_NS	736	5204	A	6	0	5201	37.9342434147279
A_NS	737	5200	A	9	0	5165	36.3444336882865
A_NS	738	5190	C	15	0	5182	32.7375530683134
A_NS	739	5201	A	4	0	5168	29.813080495356
A_NS	740	5199	A	6	0	5181	29.9455703532137
A_NS	741	5191	C	8	0	5175	30.8021256038647
A_NS	742	5180	T	16	0	5171	31.2539160703926
A_NS	743	5181	G	15	0	5150	31.6858252427184
A_NS	744	5146	A	48	0	5125	32.944
A_NS	745	5182	A	9	0	5165	32.9632139399806
A_NS	746	5186	A	3	0	5156	36.0694336695112
A_NS	747	5184	A	4	0	5153	35.7554822433534
A_NS	748	5180	T	5	0	5151	33.4911667637352
A_NS	749	5175	A	8	0	5085	30.8104228121927
A_NS	750	5178	G	4	0	5125	29.7707317073171
A_NS	751	5178	C	4	0	5162	29.3839597055405
A_NS	752	5143	T	37	0	5117	29.2802423294899
A_NS	753	5172	T	10	0	5160	29.8612403100775
A_NS	754	5176	T	3	0	5148	34.3391608391608
A_NS	755	5160	G	17	0	5086	29.689539913488
A_NS	756	5155	A	21	0	5128	30.3777301092044
A_NS	757	5165	A	11	0	5137	31.2571539809227
A_NS	758	5152	C	24	0	5104	31.1972962382445
A_NS	759	5137	A	38	0	5083	30.1383041510919
A_NS	760	5121	G	51	0	5052	29.2234758511481
A_NS	761	5149	A	22	0	5123	27.9785282061292
A_NS	762	5149	T	20	0	5132	27.512470771629
A_NS	763	5147	A	21	0	5068	27.1026045777427
A_NS	764	5152	A	15	0	5121	27.0699082210506
A_NS	765	5137	C	26	0	5107	27.6293322890151
A_NS	766	5116	A	45	0	5030	28.1522862823062
A_NS	767	5100	T	60	0	5065	28.3613030602172
A_NS	768	5139	T	19	0	5105	28.0611165523996
A_NS	769	5130	C	21	0	4975	26.6749748743719
A_NS	770	5133	A	18	0	5041	27.2481650466177
A_NS	771	5138	T	12	0	5105	28.2125367286974
A_NS	772	5125	G	24	0	5074	28.6649586125345
A_NS	773	5110	C	38	0	5080	29.5622047244094
A_NS	774	5121	A	27	0	5086	29.9410145497444
A_NS	775	5139	A	8	0	5104	29.7098354231975
A_NS	776	5124	G	21	0	5094	30.639772281115
A_NS	777	5131	C	11	0	5113	30.648151769998
A_NS	778	5131	A	10	0	5106	30.0009792401097
A_NS	779	5124	T	17	0	5104	30.2127742946708
A_NS	780	5130	T	7	0	5110	30.8440313111546
A_NS	781	5113	G	21	0	5051	30.1344288259751
A_NS	782	5112	C	21	0	5084	31.2753737214791
A_NS	783	5111	A	21	0	5097	31.1977633902295
A_NS	784	5116	A	16	0	5094	30.9063604240283
A_NS	785	5104	C	23	0	5078	31.0996455297361
A_NS	786	5110	T	15	0	5068	30.6546961325967
A_NS	787	5102	A	22	0	5072	30.511238170347
A_NS	788	5102	C	19	0	5047	29.6419655240737
A_NS	789	5098	T	20	0	5081	30.0572721905137
A_NS	790	5095	G	23	0	5078	29.7788499409216
A_NS	791	5079	T	39	0	5042	28.3462911543038
A_NS	792	5103	T	14	0	5080	28.696062992126
A_NS	793	5109	T	7	0	5086	28.9563507668109
A_NS	794	5101	G	15	0	5079	28.2303603071471
A_NS	795	5104	A	11	0	5091	32.2816735415439
A_NS	796	5105	A	9	0	5084	32.3082218725413
A_NS	797	5102	G	11	0	5087	30.6264989188127
A_NS	798	5108	T	5	0	5094	30.8881036513545
A_NS	799	5097	G	13	0	4952	27.796647819063
A_NS	800	5103	G	6	0	5042	26.9746132487108
A_NS	801	5090	A	19	0	5011	26.8712831770106
A_NS	802	5098	A	10	0	5081	28.4060224365282
A_NS	803	5098	C	9	0	5077	27.6513689186527
A_NS	804	5031	A	75	0	4969	26.336888710002
A_NS	805	5088	G	14	0	5078	26.5870421425758
A_NS	806	5089	G	8	0	5078	25.1311539976369
A_NS	807	5086	A	11	0	5015	24.4586241276171
A_NS	808	5034	G	62	0	4887	24.5954573357888
A_NS	809	5060	A	31	0	5021	22.6725751842263
A_NS	810	5072	T	18	0	5029	21.830184927421
A_NS	811	4988	A	100	0	4931	20.9239505171365
A_NS	812	5034	A	54	0	5009	21.3485725693751
A_NS	813	5021	G	62	0	4919	20.9274242732263
A_NS	814	4920	A	163	0	4879	23.3047755687641
A_NS	815	4975	A	105	0	4918	24.2204148027654
A_NS	816	4974	C	104	0	4873	21.4939462343526
A_NS	817	4965	T	111	0	4864	22.2006578947368
A_NS	818	5028	T	47	0	4990	24.4603206412826
A_NS	819	5048	T	22	0	5011	27.2217122330872
A_NS	820	5031	C	37	0	4973	25.4132314498291
A_NS	821	5053	T	14	0	5033	26.502483608186
A_NS	822	5027	C	35	0	4943	24.6702407444872
A_NS	823	5056	A	6	0	5030	23.8003976143141
A_NS	824	5038	T	22	0	4992	25.2367788461538
A_NS	825	5058	T	2	0	5038	25.562723302898
A_NS	826	5052	T	4	0	5037	29.7421083978559
A_NS	827	5020	C	22	0	4993	29.2074904866814
A_NS	828	5039	A	1	0	5015	29.4983050847458
A_NS	829	5031	G	7	0	5011	28.2398722809818
A_NS	830	5031	C	5	0	5007	28.0197723187537
A_NS	831	5029	T	5	0	5016	27.8291467304625
A_NS	832	5026	T	2	0	5017	28.433924656169
A_NS	833	5022	A	1	0	4994	26.4857829395274
A_NS	834	5011	T	0	0	4980	27.5355421686747
A_NS	835	5007	T	0	0	5001	26.8560287942412
A_NS	836	4969	T	0	0	4960	25.6344758064516
A_NS	837	4941	A	0	0	4941	26.3108682452945
A_NS	838	4929	A	0	0	4929	27.5905863258267
