Reference_Name	Position	Coverage Depth	Consensus	Deletions	Ambiguous	Consensus_Count	Consensus_Average_Quality
A_PA	1	249	A	0	0	249	38.5903614457831
A_PA	2	252	T	0	0	252	38.2142857142857
A_PA	3	255	G	0	0	254	35.9330708661417
A_PA	4	257	G	0	0	257	36.8988326848249
A_PA	5	258	A	0	0	257	34.8677042801556
A_PA	6	259	A	0	0	258	39.1976744186046
A_PA	7	259	G	0	0	256	38.84765625
A_PA	8	258	A	1	0	257	34.7665369649805
A_PA	9	257	T	2	0	255	34.6627450980392
A_PA	10	259	T	0	0	259	31.7876447876448
A_PA	11	259	T	0	0	257	38.0856031128405
A_PA	12	259	T	1	0	256	38.96484375
A_PA	13	257	G	3	0	252	32.3452380952381
A_PA	14	261	T	0	0	259	31.5019305019305
A_PA	15	258	G	3	0	258	29.8527131782946
A_PA	16	255	C	6	0	249	28.2168674698795
A_PA	17	262	G	0	0	260	28.0884615384615
A_PA	18	262	A	0	0	262	28.1488549618321
A_PA	19	260	C	2	0	258	28.953488372093
A_PA	20	258	A	4	0	255	30.3254901960784
A_PA	21	260	A	2	0	259	32.3011583011583
A_PA	22	260	T	2	0	259	33.2277992277992
A_PA	23	262	G	0	0	260	33.6615384615385
A_PA	24	262	C	0	0	260	32.9692307692308
A_PA	25	257	T	5	0	254	33.4055118110236
A_PA	26	261	T	1	0	259	30.8571428571429
A_PA	27	262	C	0	0	258	27.7209302325581
A_PA	28	261	A	1	0	258	27.8798449612403
A_PA	29	261	A	1	0	259	28.0733590733591
A_PA	30	256	C	6	0	253	31.695652173913
A_PA	31	262	C	0	0	257	34.6692607003891
A_PA	32	261	C	2	0	259	36.3783783783784
A_PA	33	261	G	2	0	244	31.3606557377049
A_PA	34	262	A	1	0	260	32.6461538461538
A_PA	35	263	T	0	0	260	33.7230769230769
A_PA	36	263	G	0	0	255	34.1529411764706
A_PA	37	262	A	1	0	261	35.5172413793103
A_PA	38	260	T	3	0	258	35.6279069767442
A_PA	39	258	T	5	0	256	34.80859375
A_PA	40	256	G	7	0	251	35.1474103585657
A_PA	41	259	T	4	0	257	34.2451361867704
A_PA	42	259	C	4	0	250	33.008
A_PA	43	259	G	4	0	253	28.0671936758893
A_PA	44	261	A	2	0	261	28.9003831417625
A_PA	45	263	A	0	0	262	28.5267175572519
A_PA	46	263	C	0	0	257	29.2062256809339
A_PA	47	257	T	6	0	252	32.3293650793651
A_PA	48	263	T	0	0	259	32.965250965251
A_PA	49	262	G	1	0	252	29.5793650793651
A_PA	50	261	C	2	0	257	29.7898832684825
A_PA	51	259	A	4	0	259	31.2239382239382
A_PA	52	260	G	3	0	258	29.9031007751938
A_PA	53	257	A	6	0	256	32.16796875
A_PA	54	261	A	2	0	260	33.0730769230769
A_PA	55	263	A	0	0	258	38.7441860465116
A_PA	56	263	A	0	0	261	39.4865900383142
A_PA	57	263	A	0	0	263	41.2053231939163
A_PA	58	262	G	1	0	262	37.3473282442748
A_PA	59	263	C	0	0	262	36.1221374045802
A_PA	60	263	A	0	0	256	30.87109375
A_PA	61	263	A	0	0	262	30.1259541984733
A_PA	62	256	T	7	0	254	30.4015748031496
A_PA	63	255	G	8	0	254	29.9685039370079
A_PA	64	248	A	15	0	248	33.3225806451613
A_PA	65	255	A	8	0	252	33.6111111111111
A_PA	66	254	A	9	0	254	34.3425196850394
A_PA	67	254	G	9	0	250	37.88
A_PA	68	254	A	9	0	251	34.6414342629482
A_PA	69	254	G	9	0	243	30.9465020576132
A_PA	70	256	T	7	0	253	29.2648221343874
A_PA	71	263	A	0	0	257	30.0544747081712
A_PA	72	262	T	1	0	262	29.6259541984733
A_PA	73	231	G	32	0	225	28.3822222222222
A_PA	74	251	G	12	0	249	26.3574297188755
A_PA	75	261	G	2	0	258	29.1976744186047
A_PA	76	262	G	1	0	259	34.9459459459459
A_PA	77	261	A	2	0	259	33.6100386100386
A_PA	78	261	G	2	0	245	31.0081632653061
A_PA	79	262	G	1	0	253	29.5375494071146
A_PA	80	256	A	7	0	255	28.0549019607843
A_PA	81	260	T	3	0	255	28.5764705882353
A_PA	82	257	C	6	0	237	28.3037974683544
A_PA	83	262	T	1	0	260	26.5115384615385
A_PA	84	259	G	4	0	256	25.921875
A_PA	85	256	A	7	0	255	25.4313725490196
A_PA	86	262	A	1	0	261	29.5249042145594
A_PA	87	262	A	1	0	260	33.2115384615385
A_PA	88	262	A	1	0	260	35.9923076923077
A_PA	89	261	T	2	0	258	39.5077519379845
A_PA	90	263	T	0	0	257	37.1712062256809
A_PA	91	263	G	0	0	261	32.0689655172414
A_PA	92	260	A	3	0	256	34.640625
A_PA	93	260	A	3	0	260	34.8846153846154
A_PA	94	261	A	2	0	261	37.8697318007663
A_PA	95	260	C	3	0	256	38.21484375
A_PA	96	260	C	3	0	256	33.8203125
A_PA	97	262	A	1	0	257	29.84046692607
A_PA	98	261	A	2	0	261	30.1877394636015
A_PA	99	261	C	2	0	258	31.593023255814
A_PA	100	261	A	2	0	254	27.1929133858268
A_PA	101	263	A	0	0	262	28.1412213740458
A_PA	102	263	A	0	0	260	26.5923076923077
A_PA	103	261	T	2	0	254	27.0787401574803
A_PA	104	263	T	0	0	263	32.0988593155894
A_PA	105	261	T	2	0	258	29.2558139534884
A_PA	106	260	G	3	0	254	25.9055118110236
A_PA	107	260	C	2	0	259	29.6409266409266
A_PA	108	262	A	0	0	262	28.6030534351145
A_PA	109	261	G	1	0	261	30.0919540229885
A_PA	110	261	C	1	0	260	31.9423076923077
A_PA	111	258	A	4	0	252	30.8531746031746
A_PA	112	261	A	1	0	260	32.0615384615385
A_PA	113	261	T	1	0	253	29.9802371541502
A_PA	114	256	A	4	0	255	30.9647058823529
A_PA	115	256	T	1	0	254	32.1299212598425
A_PA	116	254	G	3	0	252	31.3293650793651
A_PA	117	255	C	2	0	255	33.3372549019608
A_PA	118	256	A	1	0	255	33.078431372549
A_PA	119	255	C	2	0	254	33.1496062992126
A_PA	120	253	T	4	0	253	33.6798418972332
A_PA	121	256	C	1	0	255	32.8235294117647
A_PA	122	256	A	1	0	249	30.859437751004
A_PA	123	255	C	2	0	255	32.2980392156863
A_PA	124	254	T	3	0	254	32.0787401574803
A_PA	125	250	T	2	0	249	31.0240963855422
A_PA	126	250	G	2	0	250	34.856
A_PA	127	249	G	3	0	249	34.3815261044177
A_PA	128	250	A	2	0	249	36.566265060241
A_PA	129	250	G	2	0	247	38.4939271255061
A_PA	130	249	G	3	0	245	33.8448979591837
A_PA	131	249	T	3	0	249	33.6506024096386
A_PA	132	251	G	1	0	246	35.7276422764228
A_PA	133	250	T	1	0	248	47.0524193548387
A_PA	134	249	G	2	0	247	65.8704453441295
A_PA	135	249	T	2	0	244	47.8729508196721
A_PA	136	249	T	2	0	244	34.1844262295082
A_PA	137	248	T	2	0	246	34.0447154471545
A_PA	138	247	C	3	0	242	31.8099173553719
A_PA	139	245	A	5	0	241	33.9668049792531
A_PA	140	241	T	9	0	237	37.084388185654
A_PA	141	240	G	10	0	237	35.1518987341772
A_PA	142	244	T	6	0	242	33.6776859504132
A_PA	143	244	A	6	0	230	33.1130434782609
A_PA	144	247	T	3	0	245	28.9755102040816
A_PA	145	247	T	3	0	245	29.4081632653061
A_PA	146	246	C	4	0	241	27.7385892116183
A_PA	147	240	A	10	0	232	29.8965517241379
A_PA	148	247	G	3	0	241	29.045643153527
A_PA	149	245	A	5	0	245	29.2448979591837
A_PA	150	246	T	4	0	246	29.4024390243902
A_PA	151	247	T	3	0	247	32.0404858299595
A_PA	152	247	T	3	0	244	30.5491803278689
A_PA	153	244	C	6	0	243	31.4115226337449
A_PA	154	247	C	3	0	244	31.594262295082
A_PA	155	247	A	3	0	246	26.219512195122
A_PA	156	243	T	7	0	241	32.6680497925311
A_PA	157	246	T	4	0	245	34.130612244898
A_PA	158	244	T	3	0	243	32.9835390946502
A_PA	159	244	C	3	0	241	30.9668049792531
A_PA	160	245	A	2	0	243	31.440329218107
A_PA	161	245	T	2	0	241	32.1659751037344
A_PA	162	243	C	4	0	234	31.8675213675214
A_PA	163	245	A	2	0	243	29.9876543209877
A_PA	164	245	A	2	0	245	30.3836734693878
A_PA	165	245	T	2	0	245	31.7183673469388
A_PA	166	244	G	3	0	243	31.1069958847737
A_PA	167	244	A	2	0	243	35.119341563786
A_PA	168	243	A	3	0	241	32.7510373443983
A_PA	169	242	C	2	0	240	33.3291666666667
A_PA	170	243	A	1	0	241	33.6016597510373
A_PA	171	243	A	1	0	242	31.7892561983471
A_PA	172	244	G	0	0	243	33.0123456790123
A_PA	173	244	G	0	0	244	33.1926229508197
A_PA	174	244	C	0	0	244	34.7704918032787
A_PA	175	244	G	0	0	233	29.8927038626609
A_PA	176	244	A	0	0	242	28.5702479338843
A_PA	177	244	A	0	0	243	29.156378600823
A_PA	178	244	T	0	0	244	29.3196721311475
A_PA	179	244	C	0	0	239	31.2887029288703
A_PA	180	241	A	3	0	238	30.0126050420168
A_PA	181	243	A	1	0	241	29.5269709543568
A_PA	182	241	T	3	0	237	30.1139240506329
A_PA	183	240	A	4	0	228	27.8245614035088
A_PA	184	240	G	4	0	232	28.3275862068966
A_PA	185	241	T	3	0	237	26.2025316455696
A_PA	186	232	A	12	0	219	23.6986301369863
A_PA	187	231	G	12	0	226	22.8849557522124
A_PA	188	231	T	12	0	220	22.7
A_PA	189	229	A	13	0	225	21.3022222222222
A_PA	190	220	G	22	0	213	23.5164319248826
A_PA	191	229	A	13	0	219	21.9269406392694
A_PA	192	231	A	11	0	229	22.1048034934498
A_PA	193	230	C	12	0	216	20.7083333333333
A_PA	194	225	T	17	0	222	22.8693693693694
A_PA	195	228	T	14	0	224	24.5892857142857
A_PA	196	225	G	17	0	219	23.662100456621
A_PA	197	238	A	4	0	238	27.3571428571429
A_PA	198	238	C	4	0	226	29.8008849557522
A_PA	199	239	G	3	0	227	24.5991189427313
A_PA	200	239	A	3	0	238	24.4075630252101
A_PA	201	233	T	2	0	232	24.7456896551724
A_PA	202	232	C	3	0	227	26.0264317180617
A_PA	203	233	C	2	0	229	30.7161572052402
A_PA	204	232	A	3	0	230	29.6782608695652
A_PA	205	233	A	2	0	230	32.7478260869565
A_PA	206	234	A	1	0	232	34.073275862069
A_PA	207	234	T	1	0	234	34.5470085470085
A_PA	208	234	G	1	0	232	32.5474137931034
A_PA	209	230	C	4	0	228	32.75
A_PA	210	231	A	3	0	229	31.5851528384279
A_PA	211	231	C	3	0	228	30.7719298245614
A_PA	212	231	T	2	0	229	28.9344978165939
A_PA	213	231	G	2	0	230	28.1782608695652
A_PA	214	232	T	1	0	230	29.0347826086957
A_PA	215	233	T	0	0	228	28.7850877192982
A_PA	216	229	A	4	0	227	27.6696035242291
A_PA	217	233	A	0	0	227	28.4096916299559
A_PA	218	231	A	2	0	230	33.2434782608696
A_PA	219	230	A	3	0	228	34.8947368421053
A_PA	220	229	C	3	0	226	32.7566371681416
A_PA	221	232	A	0	0	224	30.4508928571429
A_PA	222	232	C	0	0	229	38.0480349344978
A_PA	223	232	A	0	0	229	29.3624454148472
A_PA	224	230	G	2	0	227	25.9118942731278
A_PA	225	226	A	6	0	222	27.3198198198198
A_PA	226	227	T	5	0	225	27.2533333333333
A_PA	227	230	T	1	0	230	26.5869565217391
A_PA	228	230	T	1	0	227	28.5814977973568
A_PA	229	229	G	2	0	226	27.2433628318584
A_PA	230	225	A	5	0	218	29.0137614678899
A_PA	231	229	A	1	0	228	31.1447368421053
A_PA	232	229	A	1	0	227	33.7180616740088
A_PA	233	229	T	1	0	220	33.1090909090909
A_PA	234	229	A	1	0	223	30.5112107623318
A_PA	235	230	A	0	0	229	29.1572052401747
A_PA	236	230	T	0	0	228	30.0175438596491
A_PA	237	220	C	10	0	209	24.8803827751196
A_PA	238	225	G	5	0	216	21.7777777777778
A_PA	239	224	A	6	0	222	21.8603603603604
A_PA	240	202	G	28	0	201	21.4477611940299
A_PA	241	228	G	2	0	227	23.8017621145374
A_PA	242	229	G	1	0	228	27.7280701754386
A_PA	243	228	G	2	0	221	29.6561085972851
A_PA	244	226	A	4	0	224	28.3705357142857
A_PA	245	230	G	0	0	219	24.8904109589041
A_PA	246	230	A	0	0	228	31.4078947368421
A_PA	247	226	G	3	0	221	44.3122171945701
A_PA	248	224	A	5	0	219	24.6118721461187
A_PA	249	226	C	3	0	222	25.4279279279279
A_PA	250	224	A	4	0	219	23.8630136986301
A_PA	251	219	G	9	0	212	23.0660377358491
A_PA	252	222	A	6	0	218	23.4862385321101
A_PA	253	226	A	2	0	224	24.3616071428571
A_PA	254	225	C	2	0	219	25.4018264840183
A_PA	255	222	A	4	0	213	27.075117370892
A_PA	256	222	A	4	0	220	29.2090909090909
A_PA	257	220	T	6	0	219	31.351598173516
A_PA	258	213	G	13	0	203	29.9605911330049
A_PA	259	211	G	15	0	206	30.6990291262136
A_PA	260	209	C	17	0	207	29.304347826087
A_PA	261	209	C	17	0	199	31.8341708542714
A_PA	262	211	T	15	0	200	32.265
A_PA	263	207	G	19	0	198	31.8888888888889
A_PA	264	212	G	14	0	209	32.4210526315789
A_PA	265	208	A	18	0	204	31.3137254901961
A_PA	266	211	C	15	0	204	32.1862745098039
A_PA	267	198	A	19	0	182	28.7582417582418
A_PA	268	195	G	22	0	187	27.1657754010695
A_PA	269	186	T	31	0	173	26.1849710982659
A_PA	270	194	A	22	0	153	27.1633986928105
A_PA	271	191	G	24	0	171	24.6666666666667
A_PA	272	176	T	39	0	164	22.7682926829268
A_PA	273	183	A	32	0	152	23.3552631578947
A_PA	274	195	A	20	0	189	22.1957671957672
A_PA	275	201	A	14	0	196	25.0714285714286
A_PA	276	196	C	19	0	186	26.0268817204301
A_PA	277	199	A	14	0	185	26.8702702702703
A_PA	278	195	G	18	0	181	25.5690607734807
A_PA	279	195	T	18	0	189	26.4179894179894
A_PA	280	195	A	18	0	183	27.327868852459
A_PA	281	195	T	18	0	192	26.4322916666667
A_PA	282	197	C	14	0	189	28.4021164021164
A_PA	283	199	T	12	0	187	28
A_PA	284	194	G	17	0	183	28.5956284153005
A_PA	285	192	C	19	0	191	30.0523560209424
A_PA	286	194	A	17	0	191	29.5759162303665
A_PA	287	198	A	13	0	195	29.2102564102564
A_PA	288	198	C	13	0	195	31.7794871794872
A_PA	289	199	A	12	0	194	31.7628865979381
A_PA	290	198	C	13	0	185	32.8108108108108
A_PA	291	199	T	12	0	186	31.747311827957
A_PA	292	196	A	15	0	188	30.3191489361702
A_PA	293	197	C	13	0	195	29.9179487179487
A_PA	294	197	T	12	0	194	30.819587628866
A_PA	295	195	G	13	0	194	31.0051546391753
A_PA	296	205	G	3	0	201	35.1990049751244
A_PA	297	206	A	2	0	203	34.3891625615764
A_PA	298	205	G	2	0	203	33.3546798029557
A_PA	299	204	C	3	0	203	33.7241379310345
A_PA	300	206	T	1	0	205	33.1756097560976
A_PA	301	202	G	5	0	200	28.985
A_PA	302	186	A	20	0	185	29.8
A_PA	303	200	A	6	0	199	30.6633165829146
A_PA	304	200	A	4	0	197	32.1827411167513
A_PA	305	201	A	3	0	196	35.9132653061224
A_PA	306	197	A	6	0	184	34.570652173913
A_PA	307	196	C	7	0	192	32.875
A_PA	308	197	C	5	0	186	31.5645161290323
A_PA	309	199	G	3	0	194	29.680412371134
A_PA	310	195	A	7	0	194	28.9845360824742
A_PA	311	198	A	4	0	198	29.2323232323232
A_PA	312	198	G	4	0	195	33.3846153846154
A_PA	313	187	T	15	0	183	31.1857923497268
A_PA	314	199	T	3	0	198	30.0808080808081
A_PA	315	201	T	1	0	196	31.5051020408163
A_PA	316	202	T	0	0	198	35.9545454545455
A_PA	317	200	T	2	0	195	36.8461538461538
A_PA	318	197	G	5	0	191	32.2774869109948
A_PA	319	200	C	2	0	197	33.0609137055838
A_PA	320	200	C	2	0	192	31.984375
A_PA	321	200	G	2	0	196	29.6785714285714
A_PA	322	201	G	1	0	199	31.8291457286432
A_PA	323	202	A	0	0	201	30.3084577114428
A_PA	324	197	T	5	0	196	32.7551020408163
A_PA	325	202	T	0	0	200	36.45
A_PA	326	202	T	0	0	200	37.22
A_PA	327	202	G	0	0	200	31.965
A_PA	328	202	T	0	0	194	33.1907216494845
A_PA	329	200	A	1	0	195	30.9076923076923
A_PA	330	200	T	1	0	194	29.659793814433
A_PA	331	198	G	2	0	184	29.5163043478261
A_PA	332	198	A	2	0	195	29.2205128205128
A_PA	333	199	T	1	0	191	31.3979057591623
A_PA	334	199	T	1	0	197	29.7106598984772
A_PA	335	198	A	2	0	196	29.8367346938776
A_PA	336	198	C	2	0	197	30.0862944162437
A_PA	337	193	A	7	0	192	28.3854166666667
A_PA	338	198	A	2	0	198	27.3989898989899
A_PA	339	197	A	3	0	192	28.140625
A_PA	340	197	G	3	0	191	30.0157068062827
A_PA	341	198	A	1	0	197	31.0507614213198
A_PA	342	195	G	4	0	190	41.3105263157895
A_PA	343	193	A	6	0	192	36.0260416666667
A_PA	344	199	A	0	0	197	31.5888324873096
A_PA	345	197	C	2	0	193	35.4818652849741
A_PA	346	194	A	5	0	192	34.5885416666667
A_PA	347	197	G	2	0	194	35.9845360824742
A_PA	348	196	A	3	0	194	33.1082474226804
A_PA	349	196	T	2	0	193	34.0103626943005
A_PA	350	197	T	1	0	197	36.3654822335025
A_PA	351	197	C	1	0	190	34.6578947368421
A_PA	352	198	A	0	0	196	34.5102040816327
A_PA	353	198	T	0	0	197	35.2791878172589
A_PA	354	197	C	1	0	191	33.1675392670157
A_PA	355	197	G	1	0	192	31.6979166666667
A_PA	356	197	A	1	0	196	31.0714285714286
A_PA	357	198	A	0	0	198	29.8030303030303
A_PA	358	198	A	0	0	197	31.746192893401
A_PA	359	197	T	1	0	194	35.2216494845361
A_PA	360	198	T	0	0	198	33.2272727272727
A_PA	361	198	G	0	0	197	32.5989847715736
A_PA	362	197	G	1	0	196	31.3724489795918
A_PA	363	197	A	1	0	197	32.1167512690355
A_PA	364	197	G	1	0	195	30.9589743589744
A_PA	365	198	T	0	0	195	32.7538461538462
A_PA	366	198	G	0	0	195	30.0615384615385
A_PA	367	198	A	0	0	198	30.6868686868687
A_PA	368	198	C	0	0	196	30.515306122449
A_PA	369	195	A	3	0	192	28.9947916666667
A_PA	370	196	A	2	0	195	28.9076923076923
A_PA	371	196	G	2	0	196	28.4540816326531
A_PA	372	194	G	4	0	192	28.1354166666667
A_PA	373	192	A	6	0	191	28.9842931937173
A_PA	374	192	G	6	0	191	26.9528795811518
A_PA	375	193	A	4	0	189	33.1693121693122
A_PA	376	194	G	3	0	189	44.3809523809524
A_PA	377	189	A	8	0	187	36.6310160427808
A_PA	378	194	A	3	0	193	26.300518134715
A_PA	379	193	G	4	0	183	26.9398907103825
A_PA	380	195	T	2	0	191	26.544502617801
A_PA	381	191	C	5	0	187	27.7219251336898
A_PA	382	194	C	2	0	189	26.3386243386243
A_PA	383	195	A	1	0	191	27.7434554973822
A_PA	384	193	C	3	0	192	30.140625
A_PA	385	189	A	7	0	185	31.8864864864865
A_PA	386	190	T	6	0	186	32.1720430107527
A_PA	387	194	A	2	0	192	30.375
A_PA	388	195	T	1	0	190	37.4578947368421
A_PA	389	190	A	5	0	189	49.8624338624339
A_PA	390	183	T	4	0	180	43.7166666666667
A_PA	391	184	T	3	0	179	29.2513966480447
A_PA	392	183	A	4	0	179	28.3575418994413
A_PA	393	185	C	2	0	184	28.1467391304348
A_PA	394	186	C	1	0	185	28.7243243243243
A_PA	395	183	T	4	0	179	28.5530726256983
A_PA	396	186	T	1	0	184	30.5271739130435
A_PA	397	186	G	1	0	181	25.7513812154696
A_PA	398	186	A	1	0	185	28.0648648648649
A_PA	399	187	A	0	0	187	30.4331550802139
A_PA	400	186	A	0	0	185	31.6108108108108
A_PA	401	186	A	0	0	186	32.1075268817204
A_PA	402	186	G	0	0	186	32.8333333333333
A_PA	403	186	G	0	0	186	31.3118279569892
A_PA	404	185	C	1	0	185	30.1243243243243
A_PA	405	184	C	1	0	183	29.7267759562842
A_PA	406	182	A	3	0	173	27.7919075144509
A_PA	407	182	A	3	0	182	26.2637362637363
A_PA	408	182	T	3	0	181	26.4033149171271
A_PA	409	179	A	6	0	177	27.8700564971751
A_PA	410	181	A	4	0	179	28.3184357541899
A_PA	411	181	G	4	0	178	27.6966292134831
A_PA	412	185	A	0	0	183	27.775956284153
A_PA	413	183	T	2	0	182	28.3076923076923
A_PA	414	185	T	0	0	182	27.8296703296703
A_PA	415	182	A	3	0	180	29.15
A_PA	416	184	A	1	0	183	29.7267759562842
A_PA	417	184	A	1	0	181	30.2154696132597
A_PA	418	182	T	3	0	180	30.7055555555556
A_PA	419	182	C	3	0	177	30.6101694915254
A_PA	420	181	T	4	0	178	31.0786516853933
A_PA	421	169	G	16	0	165	30.5575757575758
A_PA	422	178	A	6	0	176	29.5852272727273
A_PA	423	180	G	4	0	174	28.683908045977
A_PA	424	179	A	5	0	177	29.0734463276836
A_PA	425	181	A	3	0	178	31.0842696629213
A_PA	426	183	A	1	0	182	34.3461538461538
A_PA	427	182	A	2	0	182	33.9835164835165
A_PA	428	180	C	4	0	178	33.9719101123596
A_PA	429	184	A	0	0	183	30.016393442623
A_PA	430	181	C	3	0	180	37.6666666666667
A_PA	431	184	A	0	0	181	48.5193370165746
A_PA	432	184	C	0	0	184	50.5489130434783
A_PA	433	184	A	0	0	180	31.8722222222222
A_PA	434	183	T	1	0	183	30.4644808743169
A_PA	435	184	T	0	0	182	30.4725274725275
A_PA	436	184	C	0	0	182	29.6703296703297
A_PA	437	184	A	0	0	178	30.9831460674157
A_PA	438	183	C	1	0	180	32.5333333333333
A_PA	439	182	A	2	0	179	32.3519553072626
A_PA	440	172	T	12	0	172	32.6279069767442
A_PA	441	180	T	4	0	179	32.9217877094972
A_PA	442	183	T	1	0	180	33.1555555555556
A_PA	443	184	T	0	0	181	33.0165745856354
A_PA	444	184	T	0	0	183	34.3114754098361
A_PA	445	184	T	0	0	184	32.929347826087
A_PA	446	184	C	0	0	182	31.8736263736264
A_PA	447	183	A	1	0	180	30.2166666666667
A_PA	448	184	T	0	0	184	30.5271739130435
A_PA	449	184	T	0	0	180	31.9888888888889
A_PA	450	184	C	0	0	184	31.179347826087
A_PA	451	183	A	1	0	182	32.3901098901099
A_PA	452	182	C	2	0	180	32.4
A_PA	453	182	T	2	0	180	31.1555555555556
A_PA	454	166	G	18	0	165	29.1757575757576
A_PA	455	180	G	4	0	180	30.2722222222222
A_PA	456	183	G	1	0	181	30.1160220994475
A_PA	457	183	G	1	0	176	33.8295454545455
A_PA	458	183	A	1	0	183	33.0983606557377
A_PA	459	183	G	1	0	183	32.3387978142077
A_PA	460	183	G	1	0	181	31.5193370165746
A_PA	461	183	A	1	0	182	30.6538461538462
A_PA	462	183	A	1	0	182	33.3901098901099
A_PA	463	183	A	1	0	182	33.9340659340659
A_PA	464	183	T	1	0	181	34.0662983425414
A_PA	465	183	G	1	0	180	33.8888888888889
A_PA	466	182	G	2	0	182	31.7637362637363
A_PA	467	183	C	1	0	183	30.0655737704918
A_PA	468	183	C	1	0	179	30.9832402234637
A_PA	469	183	A	1	0	181	29.6077348066298
A_PA	470	183	C	1	0	182	28.9120879120879
A_PA	471	179	A	5	0	177	28.3672316384181
A_PA	472	179	A	5	0	179	27.7821229050279
A_PA	473	179	G	5	0	179	29.9217877094972
A_PA	474	183	G	1	0	181	30.1767955801105
A_PA	475	183	G	1	0	183	30.0273224043716
A_PA	476	183	C	1	0	179	31.3240223463687
A_PA	477	181	A	3	0	180	28.7888888888889
A_PA	478	181	G	3	0	175	26.7657142857143
A_PA	479	183	A	1	0	180	25.95
A_PA	480	182	C	2	0	180	25.5611111111111
A_PA	481	184	T	0	0	181	25.0441988950276
A_PA	482	182	A	2	0	180	24.7944444444444
A_PA	483	182	C	2	0	178	25.9831460674157
A_PA	484	182	A	2	0	177	24.8418079096045
A_PA	485	181	C	3	0	179	24.1675977653631
A_PA	486	183	T	1	0	182	25.2692307692308
A_PA	487	182	C	2	0	182	24.6153846153846
A_PA	488	182	T	2	0	180	32.05
A_PA	489	178	C	6	0	171	25.1520467836257
A_PA	490	181	G	3	0	173	23.1156069364162
A_PA	491	184	A	0	0	184	22.6086956521739
A_PA	492	184	T	0	0	182	22.1868131868132
A_PA	493	175	G	9	0	173	23.3699421965318
A_PA	494	175	A	9	0	173	24.271676300578
A_PA	495	179	G	5	0	176	24.6761363636364
A_PA	496	181	G	3	0	181	25.939226519337
A_PA	497	179	A	5	0	179	26.6703910614525
A_PA	498	183	G	1	0	181	28.6629834254144
A_PA	499	183	A	1	0	181	34.4917127071823
A_PA	500	182	G	1	0	179	29.9385474860335
A_PA	501	182	C	1	0	180	29.3388888888889
A_PA	502	181	A	2	0	181	28.0386740331492
A_PA	503	180	G	1	0	179	28.4916201117318
A_PA	504	181	G	0	0	180	29.3722222222222
A_PA	505	180	G	0	0	179	30.4134078212291
A_PA	506	180	C	0	0	177	30.5367231638418
A_PA	507	179	T	1	0	176	31.5454545454545
A_PA	508	179	A	1	0	178	29.2303370786517
A_PA	509	177	G	3	0	173	27.878612716763
A_PA	510	178	G	2	0	176	28.4715909090909
A_PA	511	180	A	0	0	179	28.1675977653631
A_PA	512	180	T	0	0	178	28.7303370786517
A_PA	513	180	C	0	0	175	26.9942857142857
A_PA	514	177	A	3	0	176	27.2613636363636
A_PA	515	180	A	0	0	178	26.376404494382
A_PA	516	180	A	0	0	180	28.5777777777778
A_PA	517	180	A	0	0	179	32.9329608938547
A_PA	518	179	C	1	0	177	33.2372881355932
A_PA	519	179	C	1	0	176	30.9829545454545
A_PA	520	178	A	1	0	175	29.2228571428571
A_PA	521	175	G	4	0	175	29.2057142857143
A_PA	522	177	G	2	0	176	29.3295454545455
A_PA	523	177	C	2	0	176	30.25
A_PA	524	177	T	2	0	176	30.625
A_PA	525	177	G	2	0	176	31.8693181818182
A_PA	526	172	T	7	0	172	31.3662790697674
A_PA	527	175	T	4	0	174	30.551724137931
A_PA	528	178	T	1	0	175	29.0457142857143
A_PA	529	176	A	3	0	170	28.9941176470588
A_PA	530	176	C	3	0	175	30.5085714285714
A_PA	531	177	C	2	0	174	29.9942528735632
A_PA	532	177	A	2	0	175	28.88
A_PA	533	176	T	2	0	175	31.0514285714286
A_PA	534	172	A	6	0	170	30.3529411764706
A_PA	535	175	A	3	0	170	28.7882352941176
A_PA	536	176	G	2	0	175	27.6971428571429
A_PA	537	172	A	6	0	170	28.3352941176471
A_PA	538	174	C	4	0	172	30.0639534883721
A_PA	539	171	A	7	0	167	31.2994011976048
A_PA	540	168	A	10	0	167	30.8682634730539
A_PA	541	171	G	7	0	167	30.7604790419162
A_PA	542	176	A	2	0	170	31.9882352941176
A_PA	543	176	A	2	0	174	30.9655172413793
A_PA	544	176	A	2	0	175	33.5485714285714
A_PA	545	176	T	2	0	176	32.4261363636364
A_PA	546	177	G	1	0	174	31.7183908045977
A_PA	547	176	G	2	0	176	32.1136363636364
A_PA	548	175	C	3	0	174	32.2873563218391
A_PA	549	177	C	1	0	172	31.8604651162791
A_PA	550	174	A	4	0	166	29.144578313253
A_PA	551	176	A	2	0	174	28.8735632183908
A_PA	552	176	C	2	0	176	27.6875
A_PA	553	174	A	4	0	171	27.0818713450292
A_PA	554	174	G	4	0	172	26.75
A_PA	555	178	A	0	0	175	25.7828571428571
A_PA	556	175	G	3	0	172	28.7209302325581
A_PA	557	177	G	1	0	177	27.5649717514124
A_PA	558	178	C	0	0	174	27.9367816091954
A_PA	559	177	C	1	0	174	27.8620689655172
A_PA	560	176	T	2	0	175	27.9771428571429
A_PA	561	177	C	1	0	172	27.0174418604651
A_PA	562	173	T	5	0	171	25.5380116959064
A_PA	563	176	G	2	0	175	23.8114285714286
A_PA	564	177	G	1	0	175	24.0514285714286
A_PA	565	175	G	3	0	168	25.0297619047619
A_PA	566	175	A	3	0	174	25.0459770114943
A_PA	567	178	T	0	0	175	24.9542857142857
A_PA	568	178	T	0	0	175	22.7028571428571
A_PA	569	178	C	0	0	168	21.3511904761905
A_PA	570	175	C	3	0	168	22.2321428571429
A_PA	571	172	T	6	0	165	22.2181818181818
A_PA	572	176	T	2	0	175	21.6685714285714
A_PA	573	178	T	0	0	175	21.48
A_PA	574	175	C	3	0	166	19.6566265060241
A_PA	575	178	G	0	0	177	19.9039548022599
A_PA	576	178	T	0	0	178	20.4831460674157
A_PA	577	177	C	1	0	171	20.3684210526316
A_PA	578	173	A	5	0	168	19.2440476190476
A_PA	579	178	G	0	0	175	19.1714285714286
A_PA	580	178	T	0	0	177	19.1581920903955
A_PA	581	178	C	0	0	178	20.4438202247191
A_PA	582	178	C	0	0	178	22.8988764044944
A_PA	583	170	G	8	0	167	21.2994011976048
A_PA	584	168	A	10	0	167	21.1377245508982
A_PA	585	178	A	0	0	177	21.8474576271186
A_PA	586	176	A	2	0	176	24.0681818181818
A_PA	587	176	G	2	0	173	30.1098265895954
A_PA	588	177	A	1	0	176	26.6534090909091
A_PA	589	176	G	2	0	174	26.7758620689655
A_PA	590	177	G	1	0	177	26.4858757062147
A_PA	591	177	C	1	0	177	26.774011299435
A_PA	592	177	G	1	0	175	25.6685714285714
A_PA	593	177	A	1	0	176	28.0681818181818
A_PA	594	178	A	0	0	176	26.9772727272727
A_PA	595	177	G	1	0	174	26.5459770114943
A_PA	596	178	A	0	0	175	28.8857142857143
A_PA	597	178	A	0	0	176	29.9602272727273
A_PA	598	178	A	0	0	174	30.9367816091954
A_PA	599	177	C	1	0	176	30.4602272727273
A_PA	600	178	A	0	0	176	26.4829545454545
A_PA	601	178	A	0	0	178	26.4831460674157
A_PA	602	178	T	0	0	176	26.3409090909091
A_PA	603	178	T	0	0	174	27.9252873563218
A_PA	604	178	G	0	0	174	28.9827586206897
A_PA	605	178	A	0	0	178	31.2191011235955
A_PA	606	178	A	0	0	177	32.7909604519774
A_PA	607	178	G	0	0	177	32.9774011299435
A_PA	608	175	A	3	0	174	32.7988505747126
A_PA	609	177	A	1	0	177	33.3276836158192
A_PA	610	177	A	1	0	177	33.0338983050847
A_PA	611	178	A	0	0	178	32.9325842696629
A_PA	612	178	A	0	0	176	31.6193181818182
A_PA	613	177	T	1	0	175	31.8857142857143
A_PA	614	178	T	0	0	178	29.4887640449438
A_PA	615	178	T	0	0	177	29.2937853107345
A_PA	616	176	G	2	0	174	29.8275862068966
A_PA	617	177	A	1	0	177	30.4350282485876
A_PA	618	177	A	1	0	177	31.5197740112994
A_PA	619	177	A	1	0	175	32.5885714285714
A_PA	620	177	T	1	0	176	32.3579545454545
A_PA	621	173	C	5	0	171	29.2748538011696
A_PA	622	174	A	4	0	170	27.8411764705882
A_PA	623	175	C	3	0	173	27.5722543352601
A_PA	624	167	A	11	0	163	23.9631901840491
A_PA	625	168	G	10	0	167	23.0419161676647
A_PA	626	176	G	2	0	176	22.2045454545455
A_PA	627	174	G	3	0	171	22.2748538011696
A_PA	628	174	A	3	0	170	24.3411764705882
A_PA	629	172	C	5	0	167	24.748502994012
A_PA	630	175	T	2	0	170	23.0647058823529
A_PA	631	177	A	0	0	173	21.7976878612717
A_PA	632	177	T	0	0	174	21.6091954022989
A_PA	633	176	G	1	0	173	22.2138728323699
A_PA	634	177	C	0	0	172	21.343023255814
A_PA	635	174	G	3	0	169	21.5917159763314
A_PA	636	173	C	4	0	170	21.4823529411765
A_PA	637	172	A	5	0	172	21.2616279069767
A_PA	638	172	G	5	0	170	22.1647058823529
A_PA	639	174	G	3	0	170	24.4058823529412
A_PA	640	175	C	2	0	171	23.1520467836257
A_PA	641	175	T	2	0	172	24.0872093023256
A_PA	642	173	T	4	0	172	24.1976744186047
A_PA	643	171	G	6	0	166	22.4518072289157
A_PA	644	167	C	10	0	164	23.5121951219512
A_PA	645	172	C	5	0	166	21.3373493975904
A_PA	646	174	G	3	0	155	18.0129032258065
A_PA	647	174	A	3	0	171	18.3040935672515
A_PA	648	171	C	6	0	169	18.2603550295858
A_PA	649	174	C	3	0	169	19.2544378698225
A_PA	650	160	A	17	0	154	20.525974025974
A_PA	651	175	A	2	0	174	21.8448275862069
A_PA	652	174	A	3	0	169	22.6627218934911
A_PA	653	174	G	3	0	159	23.0251572327044
A_PA	654	174	T	2	0	159	23.6415094339623
A_PA	655	173	C	3	0	169	22.9585798816568
A_PA	656	174	T	2	0	172	22.8139534883721
A_PA	657	167	C	9	0	161	22.583850931677
A_PA	658	172	C	4	0	171	22.7309941520468
A_PA	659	172	C	4	0	169	23.0177514792899
A_PA	660	172	A	4	0	171	21.4678362573099
A_PA	661	171	C	5	0	166	23.0301204819277
A_PA	662	173	C	3	0	171	22.7426900584795
A_PA	663	171	G	5	0	153	20.0653594771242
A_PA	664	174	A	2	0	171	20.7134502923977
A_PA	665	175	A	1	0	174	21.0402298850575
A_PA	666	175	C	1	0	174	22.0804597701149
A_PA	667	172	T	4	0	171	24.5204678362573
A_PA	668	169	T	7	0	167	22.7604790419162
A_PA	669	168	C	8	0	166	22.2650602409639
A_PA	670	172	T	4	0	171	23.5789473684211
A_PA	671	171	C	5	0	170	23.8352941176471
A_PA	672	175	C	1	0	173	23.5491329479769
A_PA	673	176	T	0	0	172	24.7732558139535
A_PA	674	174	G	2	0	170	24.5470588235294
A_PA	675	175	C	1	0	173	25.2601156069364
A_PA	676	175	C	1	0	174	23.8103448275862
A_PA	677	166	T	10	0	164	22.6524390243902
A_PA	678	173	T	3	0	169	22.414201183432
A_PA	679	169	G	7	0	161	18.9937888198758
A_PA	680	172	A	3	0	170	20.4117647058824
A_PA	681	172	G	3	0	170	20.8647058823529
A_PA	682	173	A	2	0	170	21.8823529411765
A_PA	683	173	A	2	0	173	20.5953757225434
A_PA	684	168	T	7	0	165	21.2424242424242
A_PA	685	174	T	1	0	173	22.3988439306358
A_PA	686	174	T	1	0	170	23.4235294117647
A_PA	687	174	T	1	0	170	24.1470588235294
A_PA	688	173	A	2	0	173	20.8381502890173
A_PA	689	174	G	1	0	172	19.9476744186047
A_PA	690	175	A	0	0	175	19.4971428571429
A_PA	691	175	G	0	0	175	20.3771428571429
A_PA	692	172	C	3	0	172	21.0232558139535
A_PA	693	174	C	1	0	174	21.7068965517241
A_PA	694	171	T	4	0	169	21.414201183432
A_PA	695	172	A	3	0	172	20.8313953488372
A_PA	696	173	T	2	0	172	21.0058139534884
A_PA	697	174	G	1	0	173	20.4450867052023
A_PA	698	173	T	2	0	171	20.5263157894737
A_PA	699	171	G	4	0	166	19.1385542168675
A_PA	700	174	G	1	0	168	19.3571428571429
A_PA	701	174	A	1	0	174	18.2586206896552
A_PA	702	173	T	2	0	171	19.0760233918129
A_PA	703	174	G	1	0	166	18.9819277108434
A_PA	704	174	G	1	0	160	17.71875
A_PA	705	174	A	1	0	170	17.5705882352941
A_PA	706	171	T	4	0	167	17.874251497006
A_PA	707	174	T	1	0	171	18.2397660818713
A_PA	708	172	C	3	0	157	18.8025477707006
A_PA	709	166	G	9	0	159	17.251572327044
A_PA	710	173	A	3	0	169	16.9644970414201
A_PA	711	175	A	1	0	170	17.3
A_PA	712	172	C	4	0	166	18.6566265060241
A_PA	713	174	C	2	0	166	19.5903614457831
A_PA	714	170	G	6	0	149	18.3154362416107
A_PA	715	173	A	3	0	171	18.0292397660819
A_PA	716	173	A	3	0	171	18.327485380117
A_PA	717	171	C	5	0	160	18.5375
A_PA	718	172	G	4	0	159	18.1823899371069
A_PA	719	172	G	4	0	170	18.0647058823529
A_PA	720	172	C	4	0	169	17.7633136094675
A_PA	721	174	T	2	0	168	18.6190476190476
A_PA	722	174	G	2	0	169	21.8343195266272
A_PA	723	174	C	2	0	169	21.4082840236686
A_PA	724	170	A	6	0	166	19.355421686747
A_PA	725	170	T	6	0	169	18.8579881656805
A_PA	726	169	T	7	0	159	19.3207547169811
A_PA	727	164	G	12	0	154	18.8571428571429
A_PA	728	168	A	8	0	165	18.9939393939394
A_PA	729	161	G	15	0	157	20.3949044585987
A_PA	730	167	G	9	0	164	20.2073170731707
A_PA	731	160	G	16	0	158	20.8354430379747
A_PA	732	153	C	23	0	149	20.3288590604027
A_PA	733	162	A	14	0	159	19.748427672956
A_PA	734	170	A	6	0	166	19.3795180722892
A_PA	735	171	G	5	0	168	19.7678571428571
A_PA	736	172	C	4	0	169	18.9881656804734
A_PA	737	165	T	11	0	162	19.4074074074074
A_PA	738	171	T	5	0	167	20.1017964071856
A_PA	739	173	T	3	0	165	19.7333333333333
A_PA	740	172	C	4	0	168	18.6964285714286
A_PA	741	172	T	4	0	171	18.9356725146199
A_PA	742	169	C	7	0	162	19.0493827160494
A_PA	743	169	A	7	0	165	19.1212121212121
A_PA	744	173	A	3	0	170	19.0294117647059
A_PA	745	175	A	1	0	172	19.4011627906977
A_PA	746	175	T	1	0	172	19.3546511627907
A_PA	747	175	G	1	0	171	18.7485380116959
A_PA	748	173	T	3	0	171	17.7251461988304
A_PA	749	174	C	2	0	170	16.9941176470588
A_PA	750	175	C	1	0	174	16.6609195402299
A_PA	751	167	A	8	0	165	16.7575757575758
A_PA	752	171	A	4	0	171	18.1345029239766
A_PA	753	172	A	3	0	165	17.569696969697
A_PA	754	171	G	4	0	163	17.760736196319
A_PA	755	173	A	2	0	170	18.7352941176471
A_PA	756	173	A	2	0	173	18.1849710982659
A_PA	757	170	G	5	0	166	17.8855421686747
A_PA	758	172	T	2	0	170	17.6529411764706
A_PA	759	172	G	2	0	167	17.1197604790419
A_PA	760	169	A	5	0	169	17.1834319526627
A_PA	761	172	A	2	0	170	17.4588235294118
A_PA	762	172	T	2	0	168	18.1488095238095
A_PA	763	171	G	3	0	164	17.8963414634146
A_PA	764	167	C	7	0	162	18.3086419753086
A_PA	765	172	C	2	0	169	18.3254437869822
A_PA	766	172	C	2	0	169	18.8639053254438
A_PA	767	167	A	7	0	165	18.0121212121212
A_PA	768	173	A	1	0	170	19.3117647058824
A_PA	769	173	A	1	0	170	18.8
A_PA	770	171	T	3	0	168	18.4345238095238
A_PA	771	173	T	1	0	164	20.0670731707317
A_PA	772	172	G	2	0	165	19.030303030303
A_PA	773	172	A	2	0	171	18.8888888888889
A_PA	774	173	A	1	0	172	19.1046511627907
A_PA	775	173	C	1	0	173	19.1156069364162
A_PA	776	172	C	2	0	168	19.1964285714286
A_PA	777	168	T	6	0	167	18.748502994012
A_PA	778	172	T	2	0	172	19.9651162790698
A_PA	779	172	T	2	0	172	21.0174418604651
A_PA	780	169	T	5	0	169	21.2189349112426
A_PA	781	169	C	5	0	167	20.377245508982
A_PA	782	171	T	3	0	169	20.0177514792899
A_PA	783	153	A	21	0	145	18.9241379310345
A_PA	784	170	A	4	0	169	18.5798816568047
A_PA	785	171	A	3	0	169	19.6390532544379
A_PA	786	172	G	2	0	169	20.1656804733728
A_PA	787	169	A	5	0	169	18.9171597633136
A_PA	788	172	C	2	0	168	19.0416666666667
A_PA	789	172	A	2	0	172	17.8197674418605
A_PA	790	173	A	1	0	172	18.1104651162791
A_PA	791	172	C	2	0	170	18.9117647058824
A_PA	792	173	A	1	0	172	18.6220930232558
A_PA	793	172	C	2	0	172	18.5581395348837
A_PA	794	172	C	2	0	171	18.5263157894737
A_PA	795	173	A	1	0	173	18.6127167630058
A_PA	796	174	A	0	0	174	19.5632183908046
A_PA	797	174	G	0	0	172	18.9244186046512
A_PA	798	171	A	2	0	171	19.0409356725146
A_PA	799	173	C	0	0	173	18.8150289017341
A_PA	800	173	C	0	0	173	18.7398843930636
A_PA	801	172	A	1	0	171	19.0292397660819
A_PA	802	173	A	0	0	173	20.3294797687861
A_PA	803	173	T	0	0	171	19.5555555555556
A_PA	804	170	C	3	0	166	19.644578313253
A_PA	805	171	A	2	0	168	19.7738095238095
A_PA	806	172	A	1	0	171	18.8187134502924
A_PA	807	172	A	1	0	171	20.374269005848
A_PA	808	172	C	1	0	168	19.7202380952381
A_PA	809	172	T	1	0	169	19.7573964497041
A_PA	810	172	T	1	0	171	19.0584795321637
A_PA	811	170	C	3	0	168	18.4464285714286
A_PA	812	172	C	1	0	171	19.8362573099415
A_PA	813	171	T	2	0	166	20.289156626506
A_PA	814	172	A	1	0	167	18.6167664670659
A_PA	815	171	G	2	0	168	18.7797619047619
A_PA	816	172	T	1	0	167	18.9760479041916
A_PA	817	172	G	1	0	171	19.4736842105263
A_PA	818	172	G	1	0	171	20.0818713450292
A_PA	819	172	A	1	0	169	20.5917159763314
A_PA	820	172	C	1	0	171	20.3333333333333
A_PA	821	172	C	1	0	169	19.8639053254438
A_PA	822	172	T	1	0	172	20.0755813953488
A_PA	823	172	C	1	0	168	20.3511904761905
A_PA	824	171	C	2	0	170	19.3058823529412
A_PA	825	168	T	5	0	167	20.2395209580838
A_PA	826	170	T	3	0	168	20.75
A_PA	827	172	G	1	0	171	19.1052631578947
A_PA	828	173	T	0	0	169	18.8757396449704
A_PA	829	173	T	0	0	170	17.8647058823529
A_PA	830	173	A	0	0	172	17.203488372093
A_PA	831	173	T	0	0	172	17.1279069767442
A_PA	832	172	C	1	0	169	16.887573964497
A_PA	833	172	A	1	0	170	16.8588235294118
A_PA	834	172	G	1	0	172	17.3313953488372
A_PA	835	172	C	1	0	170	17.1352941176471
A_PA	836	171	G	2	0	166	16.6024096385542
A_PA	837	171	A	2	0	171	16.8830409356725
A_PA	838	171	T	2	0	170	16.8764705882353
A_PA	839	170	C	3	0	169	18.0887573964497
A_PA	840	171	C	2	0	170	19.7117647058824
A_PA	841	170	A	3	0	169	19.2840236686391
A_PA	842	172	A	1	0	172	20.0406976744186
A_PA	843	169	A	4	0	164	19.9451219512195
A_PA	844	169	T	4	0	167	19.5868263473054
A_PA	845	167	T	6	0	166	19.7771084337349
A_PA	846	169	C	4	0	168	19.297619047619
A_PA	847	170	C	3	0	166	20.0963855421687
A_PA	848	170	T	3	0	169	21.0650887573964
A_PA	849	171	C	2	0	170	21.3117647058824
A_PA	850	171	C	2	0	171	21.0292397660819
A_PA	851	170	T	3	0	169	21.0118343195266
A_PA	852	169	G	4	0	168	22.4404761904762
A_PA	853	172	A	1	0	170	20.0647058823529
A_PA	854	172	T	1	0	171	20.0818713450292
A_PA	855	171	G	2	0	169	19.8402366863905
A_PA	856	172	G	1	0	172	19.343023255814
A_PA	857	173	A	0	0	172	20
A_PA	858	172	T	1	0	167	20.2814371257485
A_PA	859	173	G	0	0	170	20.0117647058824
A_PA	860	173	C	0	0	170	19.9058823529412
A_PA	861	169	T	4	0	168	19.5416666666667
A_PA	862	171	T	2	0	168	19.8511904761905
A_PA	863	172	T	1	0	170	21.1705882352941
A_PA	864	172	G	1	0	170	19.7
A_PA	865	169	A	4	0	168	20.3154761904762
A_PA	866	172	A	1	0	171	20.3567251461988
A_PA	867	172	A	1	0	172	19.6918604651163
A_PA	868	170	T	3	0	170	19.6882352941176
A_PA	869	172	T	1	0	171	19.5146198830409
A_PA	870	171	G	2	0	162	18.3827160493827
A_PA	871	172	A	1	0	172	18.3197674418605
A_PA	872	171	G	2	0	171	18.7309941520468
A_PA	873	171	C	2	0	171	18.6608187134503
A_PA	874	171	A	2	0	170	18.6823529411765
A_PA	875	168	T	5	0	168	17.6666666666667
A_PA	876	172	T	1	0	171	17.9356725146199
A_PA	877	171	G	2	0	171	17.0409356725146
A_PA	878	170	A	2	0	170	17.3235294117647
A_PA	879	171	A	1	0	169	18.7869822485207
A_PA	880	170	G	2	0	166	17.7951807228916
A_PA	881	170	A	2	0	169	17.6390532544379
A_PA	882	168	C	4	0	167	17.1616766467066
A_PA	883	171	C	1	0	169	16.887573964497
A_PA	884	171	C	1	0	171	17.953216374269
A_PA	885	167	A	5	0	163	19.0061349693252
A_PA	886	171	A	1	0	171	18.5087719298246
A_PA	887	170	G	2	0	170	17.8235294117647
A_PA	888	170	T	2	0	169	17.6094674556213
A_PA	889	169	C	3	0	167	17.8982035928144
A_PA	890	168	A	4	0	167	18.2994011976048
A_PA	891	168	C	4	0	165	18.4060606060606
A_PA	892	169	G	3	0	164	15.6524390243902
A_PA	893	166	A	6	0	161	15.2857142857143
A_PA	894	171	A	1	0	169	14.792899408284
A_PA	895	171	G	1	0	170	15.6588235294118
A_PA	896	165	G	7	0	164	18.140243902439
A_PA	897	165	A	7	0	165	17.7393939393939
A_PA	898	168	G	4	0	167	16.8023952095808
A_PA	899	166	A	6	0	166	16.3313253012048
A_PA	900	169	A	3	0	165	17.1939393939394
A_PA	901	165	G	7	0	164	17.5853658536585
A_PA	902	168	G	3	0	164	19.2134146341463
A_PA	903	168	G	3	0	164	19.6646341463415
A_PA	904	170	A	1	0	168	19.047619047619
A_PA	905	170	T	1	0	167	18.0239520958084
A_PA	906	164	C	7	0	152	17.3157894736842
A_PA	907	169	C	2	0	163	16.6687116564417
A_PA	908	169	C	2	0	167	17.6047904191617
A_PA	909	168	A	3	0	165	17.4666666666667
A_PA	910	169	T	2	0	169	17.7514792899408
A_PA	911	168	T	3	0	165	17.9515151515152
A_PA	912	168	A	3	0	167	16.9940119760479
A_PA	913	170	T	1	0	168	17.077380952381
A_PA	914	170	A	1	0	170	18.1352941176471
A_PA	915	170	T	1	0	170	17.6647058823529
A_PA	916	168	G	2	0	168	17.1369047619048
A_PA	917	169	A	1	0	168	17.4404761904762
A_PA	918	169	T	1	0	165	17.8484848484848
A_PA	919	169	G	1	0	169	18.0650887573964
A_PA	920	169	C	1	0	168	18.5416666666667
A_PA	921	169	A	1	0	168	18.6190476190476
A_PA	922	170	A	0	0	170	19.4058823529412
A_PA	923	170	T	0	0	170	19.0294117647059
A_PA	924	169	C	1	0	167	19.125748502994
A_PA	925	170	A	0	0	167	18.688622754491
A_PA	926	168	A	2	0	168	18.5833333333333
A_PA	927	167	G	3	0	166	18.6506024096386
A_PA	928	168	T	2	0	167	18.4191616766467
A_PA	929	168	G	2	0	165	18.5090909090909
A_PA	930	169	C	1	0	167	18.3293413173653
A_PA	931	169	A	1	0	169	18.3786982248521
A_PA	932	168	T	2	0	167	18.2275449101796
A_PA	933	168	G	2	0	167	17.9281437125749
A_PA	934	168	A	2	0	165	18.0606060606061
A_PA	935	169	A	1	0	169	18.3846153846154
A_PA	936	169	A	1	0	168	19.1904761904762
A_PA	937	168	A	2	0	168	20.5297619047619
A_PA	938	167	C	3	0	159	20.0377358490566
A_PA	939	168	A	2	0	168	19.1309523809524
A_PA	940	167	T	3	0	166	19
A_PA	941	169	T	1	0	167	18.7185628742515
A_PA	942	169	C	1	0	165	17.6969696969697
A_PA	943	167	T	3	0	166	18.1506024096386
A_PA	944	168	T	2	0	167	18.6526946107784
A_PA	945	168	T	2	0	166	19.9819277108434
A_PA	946	165	G	4	0	156	18.1923076923077
A_PA	947	168	G	1	0	160	18.1
A_PA	948	168	A	1	0	167	17.4730538922156
A_PA	949	168	T	1	0	168	17.3630952380952
A_PA	950	166	G	3	0	161	18.2732919254658
A_PA	951	167	G	2	0	162	18.3518518518519
A_PA	952	163	A	6	0	158	18.5
A_PA	953	168	A	1	0	168	19.3690476190476
A_PA	954	168	A	1	0	168	19.547619047619
A_PA	955	167	G	2	0	160	19.8
A_PA	956	164	A	5	0	160	19.0875
A_PA	957	166	A	3	0	163	18.6564417177914
A_PA	958	167	C	2	0	165	17.6909090909091
A_PA	959	166	C	3	0	166	17.6566265060241
A_PA	960	164	T	5	0	163	18.4846625766871
A_PA	961	163	T	6	0	163	20.3865030674847
A_PA	962	164	G	5	0	155	18.1483870967742
A_PA	963	167	T	2	0	162	18.2407407407407
A_PA	964	168	A	1	0	165	17.9272727272727
A_PA	965	167	T	2	0	164	16.9939024390244
A_PA	966	167	A	2	0	164	17.5426829268293
A_PA	967	167	G	2	0	165	17.8666666666667
A_PA	968	167	T	2	0	163	17.4233128834356
A_PA	969	166	C	3	0	162	17.7962962962963
A_PA	970	167	A	2	0	167	18.0059880239521
A_PA	971	168	A	1	0	167	18.7365269461078
A_PA	972	168	A	1	0	167	20.8562874251497
A_PA	973	167	C	2	0	166	21.1746987951807
A_PA	974	168	C	1	0	166	20.9036144578313
A_PA	975	167	A	2	0	165	20.7878787878788
A_PA	976	168	C	1	0	168	20.7738095238095
A_PA	977	168	A	1	0	165	21.8121212121212
A_PA	978	168	C	1	0	168	22.2083333333333
A_PA	979	163	G	6	0	153	16.3398692810458
A_PA	980	150	A	19	0	147	16.0272108843537
A_PA	981	165	A	4	0	165	16.0848484848485
A_PA	982	169	A	0	0	169	18.2840236686391
A_PA	983	169	A	0	0	166	21.0963855421687
A_PA	984	163	G	6	0	163	20.6503067484663
A_PA	985	169	G	0	0	169	19.8284023668639
A_PA	986	169	G	0	0	166	18.8192771084337
A_PA	987	169	A	0	0	169	20.112426035503
A_PA	988	169	A	0	0	168	19.9702380952381
A_PA	989	169	T	0	0	162	18.7407407407407
A_PA	990	167	A	2	0	162	18.5061728395062
A_PA	991	167	A	2	0	166	18.0903614457831
A_PA	992	167	A	2	0	164	18.1768292682927
A_PA	993	165	T	4	0	164	18.4634146341463
A_PA	994	168	T	1	0	166	19.3975903614458
A_PA	995	168	C	1	0	163	19.6257668711656
A_PA	996	167	A	2	0	164	19.8719512195122
A_PA	997	167	A	2	0	166	19.921686746988
A_PA	998	167	A	2	0	165	20.4848484848485
A_PA	999	168	T	1	0	166	20.2228915662651
A_PA	1000	169	T	0	0	163	19.8773006134969
A_PA	1001	169	A	0	0	166	18.7590361445783
A_PA	1002	169	C	0	0	169	18.4615384615385
A_PA	1003	167	C	2	0	166	18.8734939759036
A_PA	1004	167	T	2	0	163	20.2208588957055
A_PA	1005	167	G	2	0	167	20.5748502994012
A_PA	1006	167	C	2	0	167	20.5928143712575
A_PA	1007	168	T	1	0	165	20.430303030303
A_PA	1008	168	G	1	0	168	19.4821428571429
A_PA	1009	167	T	2	0	166	18.3975903614458
A_PA	1010	167	C	2	0	164	17.4878048780488
A_PA	1011	168	A	1	0	164	16.6280487804878
A_PA	1012	168	T	1	0	166	16.6325301204819
A_PA	1013	168	G	1	0	165	17.4909090909091
A_PA	1014	167	G	2	0	165	17.3454545454545
A_PA	1015	165	A	4	0	162	18.0246913580247
A_PA	1016	168	A	1	0	168	19.0654761904762
A_PA	1017	167	G	2	0	164	18.5670731707317
A_PA	1018	165	C	3	0	164	18.0853658536585
A_PA	1019	165	A	3	0	162	17.6851851851852
A_PA	1020	167	A	1	0	165	17.5151515151515
A_PA	1021	167	G	1	0	166	18.066265060241
A_PA	1022	166	T	2	0	165	17.7212121212121
A_PA	1023	166	A	2	0	159	17.6352201257862
A_PA	1024	166	C	2	0	165	17.1818181818182
A_PA	1025	165	T	3	0	164	17.3841463414634
A_PA	1026	165	G	3	0	163	17.9631901840491
A_PA	1027	166	T	2	0	165	18.3575757575758
A_PA	1028	165	C	2	0	163	18.2760736196319
A_PA	1029	162	A	5	0	160	17.95
A_PA	1030	163	G	4	0	161	18.3664596273292
A_PA	1031	167	A	0	0	163	18.5521472392638
A_PA	1032	166	A	1	0	165	18.5818181818182
A_PA	1033	166	T	1	0	162	18.1481481481481
A_PA	1034	166	T	1	0	163	18.4294478527607
A_PA	1035	174	G	1	0	168	17.6011904761905
A_PA	1036	172	C	3	0	172	17.4651162790698
A_PA	1037	171	A	4	0	171	18.3040935672515
A_PA	1038	167	G	7	0	165	18.4181818181818
A_PA	1039	170	G	4	0	167	18.688622754491
A_PA	1040	173	A	1	0	168	18.797619047619
A_PA	1041	172	C	2	0	171	18.6491228070175
A_PA	1042	172	A	2	0	169	18.5266272189349
A_PA	1043	167	T	7	0	166	18.3253012048193
A_PA	1044	172	T	2	0	171	18.6608187134503
A_PA	1045	170	G	3	0	170	18.4294117647059
A_PA	1046	168	A	5	0	167	18.9940119760479
A_PA	1047	170	A	3	0	167	20.2095808383234
A_PA	1048	170	A	3	0	168	19.9702380952381
A_PA	1049	168	A	5	0	164	19.7865853658537
A_PA	1050	168	T	5	0	167	19.8443113772455
A_PA	1051	168	G	5	0	168	18.8214285714286
A_PA	1052	170	A	3	0	163	19.0858895705521
A_PA	1053	171	G	2	0	171	17.9941520467836
A_PA	1054	168	G	5	0	166	18.7168674698795
A_PA	1055	168	A	5	0	166	19.0602409638554
A_PA	1056	170	G	3	0	167	18.8622754491018
A_PA	1057	165	A	8	0	164	19.1707317073171
A_PA	1058	170	A	3	0	168	19.2738095238095
A_PA	1059	169	G	3	0	163	18.6564417177914
A_PA	1060	166	A	5	0	163	18.3251533742331
A_PA	1061	168	T	3	0	163	17.9325153374233
A_PA	1062	169	T	2	0	165	17.6848484848485
A_PA	1063	168	C	3	0	163	17.760736196319
A_PA	1064	169	C	2	0	165	18.1878787878788
A_PA	1065	166	A	5	0	164	18.3353658536585
A_PA	1066	167	A	4	0	166	19.3855421686747
A_PA	1067	166	G	5	0	164	19.5182926829268
A_PA	1068	169	A	2	0	168	19.0297619047619
A_PA	1069	169	A	2	0	168	19.2738095238095
A_PA	1070	169	C	2	0	169	18.8520710059172
A_PA	1071	169	T	2	0	169	19.5798816568047
A_PA	1072	164	A	7	0	162	18.9135802469136
A_PA	1073	168	A	3	0	167	18.3832335329341
A_PA	1074	170	A	1	0	168	18.6428571428571
A_PA	1075	170	A	1	0	169	20.2366863905325
A_PA	1076	169	A	2	0	169	20.2366863905325
A_PA	1077	169	C	2	0	169	19.3076923076923
A_PA	1078	167	A	4	0	167	18.3293413173653
A_PA	1079	170	T	1	0	169	17.7633136094675
A_PA	1080	170	G	1	0	169	17.2840236686391
A_PA	1081	168	A	3	0	166	17.3614457831325
A_PA	1082	168	A	3	0	167	18.2694610778443
A_PA	1083	167	G	4	0	167	18.5329341317365
A_PA	1084	164	A	7	0	162	18.8456790123457
A_PA	1085	168	A	3	0	165	18.8727272727273
A_PA	1086	166	A	5	0	165	19.6969696969697
A_PA	1087	166	A	5	0	162	19.9382716049383
A_PA	1088	166	C	5	0	160	18.94375
A_PA	1089	163	G	8	0	148	16.6959459459459
A_PA	1090	170	A	1	0	168	15.8690476190476
A_PA	1091	168	G	3	0	166	15.8975903614458
A_PA	1092	170	T	1	0	169	16.0887573964497
A_PA	1093	169	C	2	0	163	17.6564417177914
A_PA	1094	170	A	1	0	167	17.0958083832335
A_PA	1095	170	A	1	0	170	17.1705882352941
A_PA	1096	170	C	1	0	170	17.9
A_PA	1097	170	T	1	0	169	18.3727810650888
A_PA	1098	170	G	1	0	167	18.0778443113772
A_PA	1099	167	A	4	0	166	18.1204819277108
A_PA	1100	170	A	1	0	168	18.4821428571429
A_PA	1101	170	G	1	0	168	18.1011904761905
A_PA	1102	170	T	1	0	170	18.7117647058824
A_PA	1103	169	G	2	0	168	18.3809523809524
A_PA	1104	169	G	1	0	169	18.1242603550296
A_PA	1105	169	G	1	0	169	18.4319526627219
A_PA	1106	168	C	2	0	167	18.7305389221557
A_PA	1107	168	T	2	0	166	18.8493975903614
A_PA	1108	169	C	1	0	168	19.3869047619048
A_PA	1109	167	T	3	0	166	18.7590361445783
A_PA	1110	169	T	1	0	167	18.8323353293413
A_PA	1111	168	G	2	0	168	18.1071428571429
A_PA	1112	168	G	2	0	167	17.9880239520958
A_PA	1113	168	T	2	0	166	18.3253012048193
A_PA	1114	168	G	2	0	168	17.5416666666667
A_PA	1115	165	A	5	0	164	17.7317073170732
A_PA	1116	168	A	2	0	168	17.9404761904762
A_PA	1117	169	A	1	0	163	18.6993865030675
A_PA	1118	169	A	1	0	168	19.4761904761905
A_PA	1119	169	C	1	0	168	18.8035714285714
A_PA	1120	166	A	4	0	164	17.9268292682927
A_PA	1121	167	T	3	0	165	17.5575757575758
A_PA	1122	167	G	3	0	161	17.0683229813665
A_PA	1123	168	G	2	0	162	16.9753086419753
A_PA	1124	167	C	3	0	167	17.1077844311377
A_PA	1125	168	A	2	0	167	18.2814371257485
A_PA	1126	163	C	7	0	161	19.2360248447205
A_PA	1127	169	C	1	0	168	18.6607142857143
A_PA	1128	166	A	4	0	164	17.6280487804878
A_PA	1129	168	G	2	0	166	16.9698795180723
A_PA	1130	169	A	1	0	168	17.672619047619
A_PA	1131	170	G	0	0	168	18.5238095238095
A_PA	1132	167	A	3	0	165	20.7636363636364
A_PA	1133	170	A	0	0	168	18.6785714285714
A_PA	1134	169	G	1	0	164	18.4024390243902
A_PA	1135	170	G	0	0	169	18.8343195266272
A_PA	1136	168	T	2	0	165	17.3575757575758
A_PA	1137	167	A	3	0	164	16.7743902439024
A_PA	1138	168	G	2	0	163	16.1472392638037
A_PA	1139	169	A	1	0	166	16.0120481927711
A_PA	1140	169	C	1	0	162	16.8148148148148
A_PA	1141	167	T	3	0	164	16.6280487804878
A_PA	1142	166	T	4	0	164	17.030487804878
A_PA	1143	166	T	4	0	165	17.9636363636364
A_PA	1144	165	G	4	0	164	17.2987804878049
A_PA	1145	162	A	7	0	159	17.9308176100629
A_PA	1146	166	A	3	0	164	18.5060975609756
A_PA	1147	168	A	1	0	164	19.2926829268293
A_PA	1148	168	A	1	0	164	20.2012195121951
A_PA	1149	168	C	1	0	165	19.5030303030303
A_PA	1150	168	T	1	0	166	19.2048192771084
A_PA	1151	167	G	2	0	164	19.2134146341463
A_PA	1152	167	C	2	0	167	19.1377245508982
A_PA	1153	168	A	1	0	166	19.1686746987952
A_PA	1154	168	G	1	0	166	19.0240963855422
A_PA	1155	168	A	1	0	167	19.2814371257485
A_PA	1156	168	G	1	0	166	20.433734939759
A_PA	1157	166	A	3	0	166	19.5903614457831
A_PA	1158	168	C	1	0	168	19.1071428571429
A_PA	1159	168	A	1	0	167	18.5269461077844
A_PA	1160	169	T	0	0	169	17.2603550295858
A_PA	1161	169	A	0	0	168	16.9107142857143
A_PA	1162	168	A	0	0	168	17.0714285714286
A_PA	1163	168	G	0	0	166	17.289156626506
A_PA	1164	168	C	0	0	166	18.0481927710843
A_PA	1165	167	G	1	0	153	16.843137254902
A_PA	1166	167	A	1	0	167	16.3473053892216
A_PA	1167	166	T	2	0	166	16.1746987951807
A_PA	1168	167	T	1	0	166	16.6084337349398
A_PA	1169	167	T	1	0	167	19.3652694610778
A_PA	1170	164	G	3	0	162	18.4074074074074
A_PA	1171	163	A	4	0	162	19.0308641975309
A_PA	1172	166	A	1	0	166	18.7168674698795
A_PA	1173	165	G	2	0	163	19.0920245398773
A_PA	1174	166	C	1	0	166	18.6987951807229
A_PA	1175	165	A	2	0	163	19.0122699386503
A_PA	1176	166	A	1	0	166	19.0602409638554
A_PA	1177	166	T	1	0	166	18.8373493975904
A_PA	1178	167	A	0	0	166	17.6626506024096
A_PA	1179	167	T	0	0	165	17.5212121212121
A_PA	1180	167	G	0	0	164	17.280487804878
A_PA	1181	166	A	1	0	166	17.6144578313253
A_PA	1182	166	T	1	0	164	17.3780487804878
A_PA	1183	166	A	1	0	162	17.0061728395062
A_PA	1184	165	G	2	0	161	17.0993788819876
A_PA	1185	166	T	1	0	166	16.5963855421687
A_PA	1186	166	G	1	0	166	17.0301204819277
A_PA	1187	162	A	5	0	162	16.9753086419753
A_PA	1188	166	A	1	0	163	17.2576687116564
A_PA	1189	166	G	1	0	158	17.8227848101266
A_PA	1190	163	A	4	0	158	17.6518987341772
A_PA	1191	162	A	5	0	158	16.5443037974684
A_PA	1192	164	C	3	0	164	16.2134146341463
A_PA	1193	162	C	4	0	161	16.3726708074534
A_PA	1194	162	T	4	0	159	16.9622641509434
A_PA	1195	162	G	4	0	158	17.2278481012658
A_PA	1196	165	A	1	0	164	17.5670731707317
A_PA	1197	166	A	0	0	164	16.6707317073171
A_PA	1198	165	T	1	0	163	16.361963190184
A_PA	1199	164	T	2	0	149	16.6510067114094
A_PA	1200	163	A	3	0	163	15.6441717791411
A_PA	1201	164	A	2	0	164	15.7439024390244
A_PA	1202	164	G	2	0	160	16.375
A_PA	1203	165	G	1	0	163	17.3006134969325
A_PA	1204	165	T	1	0	164	17.7865853658537
A_PA	1205	165	C	1	0	162	17.9691358024691
A_PA	1206	166	A	0	0	163	17.3742331288344
A_PA	1207	165	C	1	0	164	18.0182926829268
A_PA	1208	166	T	0	0	166	19.5
A_PA	1209	166	C	0	0	163	18.4601226993865
A_PA	1210	165	T	1	0	164	19.9390243902439
A_PA	1211	165	C	1	0	164	18.6890243902439
A_PA	1212	164	A	2	0	163	16.9447852760736
A_PA	1213	165	A	1	0	165	16.5272727272727
A_PA	1214	165	G	1	0	164	16.5487804878049
A_PA	1215	162	C	4	0	162	16.9320987654321
A_PA	1216	164	T	2	0	164	18.5731707317073
A_PA	1217	165	G	1	0	165	18.3878787878788
A_PA	1218	165	G	1	0	163	19.079754601227
A_PA	1219	165	A	1	0	165	19.2363636363636
A_PA	1220	165	T	1	0	161	17.0993788819876
A_PA	1221	165	A	1	0	164	16.5121951219512
A_PA	1222	163	C	3	0	163	16.3067484662577
A_PA	1223	162	A	4	0	161	16.2732919254658
A_PA	1224	162	G	4	0	162	17.0802469135802
A_PA	1225	165	A	1	0	164	17.0609756097561
A_PA	1226	164	G	2	0	161	17.3913043478261
A_PA	1227	164	T	2	0	164	18.4146341463415
A_PA	1228	163	G	3	0	162	18.5432098765432
A_PA	1229	163	A	3	0	162	19.0185185185185
A_PA	1230	163	G	3	0	163	19.7423312883436
A_PA	1231	164	T	2	0	163	19.2699386503067
A_PA	1232	165	T	1	0	165	18.9939393939394
A_PA	1233	164	C	2	0	163	18.6257668711656
A_PA	1234	164	A	2	0	161	18.6770186335404
A_PA	1235	165	A	1	0	165	19.1090909090909
A_PA	1236	165	C	1	0	164	19.4939024390244
A_PA	1237	165	A	1	0	165	19.569696969697
A_PA	1238	165	A	1	0	164	18.9878048780488
A_PA	1239	165	G	1	0	164	18.9512195121951
A_PA	1240	165	G	1	0	165	19.1393939393939
A_PA	1241	165	C	1	0	164	19.25
A_PA	1242	165	C	1	0	165	19.8727272727273
A_PA	1243	164	T	2	0	163	20.2638036809816
A_PA	1244	165	G	1	0	165	20.0727272727273
A_PA	1245	165	T	1	0	165	19.569696969697
A_PA	1246	165	G	1	0	164	18.9146341463415
A_PA	1247	162	A	4	0	162	18.6481481481481
A_PA	1248	165	G	1	0	164	18.2987804878049
A_PA	1249	165	C	1	0	164	18.2012195121951
A_PA	1250	165	T	1	0	163	17.920245398773
A_PA	1251	165	A	1	0	161	17.8757763975155
A_PA	1252	165	A	1	0	165	18.0606060606061
A_PA	1253	165	C	1	0	164	18.3963414634146
A_PA	1254	165	T	1	0	165	19.1393939393939
A_PA	1255	165	G	1	0	160	19.65625
A_PA	1256	165	A	1	0	163	19.4601226993865
A_PA	1257	165	T	1	0	164	18.7439024390244
A_PA	1258	165	T	1	0	164	18.640243902439
A_PA	1259	164	C	2	0	163	18.601226993865
A_PA	1260	165	A	1	0	163	18.6932515337423
A_PA	1261	160	G	6	0	160	19.225
A_PA	1262	165	T	1	0	164	18.3048780487805
A_PA	1263	164	C	2	0	162	18.2962962962963
A_PA	1264	165	T	1	0	162	18.5802469135802
A_PA	1265	165	G	1	0	162	18.8950617283951
A_PA	1266	165	G	1	0	164	19.359756097561
A_PA	1267	164	A	2	0	164	19.0060975609756
A_PA	1268	164	T	2	0	164	18.280487804878
A_PA	1269	162	A	4	0	162	18.1234567901235
A_PA	1270	162	G	4	0	157	17.3312101910828
A_PA	1271	163	A	3	0	163	16.7730061349693
A_PA	1272	165	A	1	0	162	17.4938271604938
A_PA	1273	165	C	1	0	163	17.3251533742331
A_PA	1274	165	T	1	0	164	17.7621951219512
A_PA	1275	164	C	2	0	154	17.3116883116883
A_PA	1276	165	G	1	0	159	15.8050314465409
A_PA	1277	166	A	0	0	166	15.6867469879518
A_PA	1278	165	T	1	0	165	15.5212121212121
A_PA	1279	165	G	1	0	165	16.5515151515152
A_PA	1280	161	A	5	0	161	17.7701863354037
A_PA	1281	165	A	1	0	164	17.4329268292683
A_PA	1282	163	A	3	0	160	17.825
A_PA	1283	159	T	7	0	158	17.3670886075949
A_PA	1284	162	T	4	0	157	17.6050955414013
A_PA	1285	158	G	8	0	153	17.7124183006536
A_PA	1286	161	G	5	0	154	17.8246753246753
A_PA	1287	162	A	4	0	162	18.5679012345679
A_PA	1288	164	G	2	0	160	18.2375
A_PA	1289	162	A	3	0	161	18.5652173913043
A_PA	1290	163	G	2	0	163	18.8220858895706
A_PA	1291	164	G	1	0	163	17.2085889570552
A_PA	1292	164	A	1	0	164	17.3658536585366
A_PA	1293	163	C	2	0	154	17.2662337662338
A_PA	1294	162	G	3	0	160	15.74375
A_PA	1295	162	T	3	0	162	15.6296296296296
A_PA	1296	163	A	2	0	162	15.3765432098765
A_PA	1297	163	G	2	0	163	15.7361963190184
A_PA	1298	139	C	26	0	139	17.863309352518
A_PA	1299	161	C	4	0	161	17.8695652173913
A_PA	1300	163	C	2	0	162	18.6172839506173
A_PA	1301	162	C	2	0	162	20.1913580246914
A_PA	1302	162	A	2	0	161	19.5652173913043
A_PA	1303	162	A	2	0	162	18.9814814814815
A_PA	1304	157	T	7	0	156	17.7435897435897
A_PA	1305	162	T	2	0	162	19.1543209876543
A_PA	1306	162	G	2	0	159	18.3459119496855
A_PA	1307	162	A	2	0	161	18.2484472049689
A_PA	1308	163	A	1	0	163	18.2576687116564
A_PA	1309	163	C	1	0	162	18.1481481481481
A_PA	1310	163	A	1	0	161	17.8633540372671
A_PA	1311	163	C	1	0	163	21.1226993865031
A_PA	1312	163	A	1	0	163	17.5705521472393
A_PA	1313	163	T	1	0	163	16.5153374233129
A_PA	1314	162	T	2	0	162	16.5308641975309
A_PA	1315	162	G	2	0	162	16.3950617283951
A_PA	1316	162	C	2	0	162	17.0987654320988
A_PA	1317	161	A	3	0	161	17.9813664596273
A_PA	1318	163	A	1	0	161	17.5776397515528
A_PA	1319	162	G	2	0	161	17.4906832298137
A_PA	1320	162	C	2	0	161	17.5403726708075
A_PA	1321	163	A	1	0	163	17.3312883435583
A_PA	1322	163	T	1	0	161	17.167701863354
A_PA	1323	159	G	5	0	158	16.4683544303797
A_PA	1324	159	A	5	0	158	16.5886075949367
A_PA	1325	162	G	2	0	162	16.5123456790123
A_PA	1326	160	A	4	0	160	17.40625
A_PA	1327	161	A	3	0	161	17.527950310559
A_PA	1328	160	G	4	0	160	17.43125
A_PA	1329	162	G	2	0	162	17.7037037037037
A_PA	1330	162	A	2	0	160	17.0125
A_PA	1331	162	A	2	0	161	17.5217391304348
A_PA	1332	161	T	2	0	157	17.3312101910828
A_PA	1333	161	T	2	0	159	17.2389937106918
A_PA	1334	162	A	1	0	160	16.6875
A_PA	1335	161	T	2	0	159	16.8427672955975
A_PA	1336	161	T	2	0	160	17.25625
A_PA	1337	161	T	2	0	158	17.7848101265823
A_PA	1338	159	C	4	0	158	18.4620253164557
A_PA	1339	160	A	3	0	160	18.4625
A_PA	1340	159	C	4	0	158	18.8607594936709
A_PA	1341	159	A	4	0	158	18.620253164557
A_PA	1342	160	G	3	0	158	18.2784810126582
A_PA	1343	161	C	2	0	158	18.8481012658228
A_PA	1344	161	A	2	0	161	18.5031055900621
A_PA	1345	161	G	2	0	159	18.3081761006289
A_PA	1346	161	A	2	0	161	18.2981366459627
A_PA	1347	159	G	4	0	156	18.2051282051282
A_PA	1348	160	G	3	0	158	18.0316455696203
A_PA	1349	160	T	3	0	158	18.006329113924
A_PA	1350	160	G	3	0	155	17.8387096774194
A_PA	1351	161	T	2	0	158	16.6329113924051
A_PA	1352	158	C	5	0	151	16.0794701986755
A_PA	1353	160	C	3	0	157	15.3885350318471
A_PA	1354	161	C	2	0	158	16.5822784810127
A_PA	1355	161	A	2	0	160	15.4875
A_PA	1356	161	T	2	0	159	15.7358490566038
A_PA	1357	161	T	2	0	161	15.8198757763975
A_PA	1358	160	G	3	0	160	15.8
A_PA	1359	158	T	5	0	156	16.0128205128205
A_PA	1360	162	A	1	0	161	15.9192546583851
A_PA	1361	161	G	2	0	160	15.8
A_PA	1362	161	A	2	0	161	16.0621118012422
A_PA	1363	162	G	1	0	159	16.7610062893082
A_PA	1364	162	C	1	0	161	16.6459627329193
A_PA	1365	162	T	1	0	161	17.1304347826087
A_PA	1366	161	A	2	0	160	17.025
A_PA	1367	161	C	2	0	161	17.3975155279503
A_PA	1368	161	T	2	0	161	17.8012422360248
A_PA	1369	160	G	3	0	160	18.01875
A_PA	1370	160	A	3	0	159	17.7924528301887
A_PA	1371	161	A	2	0	160	17.80625
A_PA	1372	161	T	2	0	161	16.7018633540373
A_PA	1373	161	A	2	0	161	16.472049689441
A_PA	1374	161	C	2	0	161	16.5217391304348
A_PA	1375	160	A	3	0	159	16.6792452830189
A_PA	1376	160	T	3	0	160	16.91875
A_PA	1377	160	A	3	0	160	17.0375
A_PA	1378	161	A	2	0	161	17.0062111801242
A_PA	1379	161	T	2	0	161	17.1925465838509
A_PA	1380	161	G	2	0	160	17.825
A_PA	1381	159	A	4	0	158	18.1139240506329
A_PA	1382	161	A	2	0	160	18.5125
A_PA	1383	160	A	3	0	159	18.6163522012579
A_PA	1384	158	G	5	0	157	18.9745222929936
A_PA	1385	162	G	1	0	162	18.8086419753086
A_PA	1386	161	G	2	0	161	18.6894409937888
A_PA	1387	160	G	3	0	158	19.3544303797468
A_PA	1388	157	T	6	0	154	17.6948051948052
A_PA	1389	159	A	4	0	158	17.2341772151899
A_PA	1390	160	T	3	0	156	16.6346153846154
A_PA	1391	160	A	3	0	157	16.3312101910828
A_PA	1392	161	C	2	0	157	16.4140127388535
A_PA	1393	161	A	2	0	158	16.3987341772152
A_PA	1394	159	T	3	0	158	17.0632911392405
A_PA	1395	159	T	3	0	154	16.8116883116883
A_PA	1396	158	A	4	0	154	15.9350649350649
A_PA	1397	160	A	2	0	159	16.3081761006289
A_PA	1398	159	T	3	0	152	16.5131578947368
A_PA	1399	158	A	4	0	155	16.8387096774194
A_PA	1400	158	C	4	0	157	16.5095541401274
A_PA	1401	160	T	2	0	160	16.40625
A_PA	1402	159	G	3	0	157	17.4713375796178
A_PA	1403	155	C	7	0	155	17.3225806451613
A_PA	1404	160	C	2	0	160	18.15625
A_PA	1405	160	C	2	0	159	17.7295597484277
A_PA	1406	160	T	2	0	159	17.9559748427673
A_PA	1407	160	G	2	0	158	18.1329113924051
A_PA	1408	160	C	2	0	158	17.6455696202532
A_PA	1409	159	T	3	0	159	17.0125786163522
A_PA	1410	158	C	4	0	150	16.9
A_PA	1411	160	A	2	0	157	16.2229299363057
A_PA	1412	160	A	2	0	160	15.86875
A_PA	1413	159	T	2	0	159	16
A_PA	1414	159	G	2	0	159	16.3207547169811
A_PA	1415	159	C	2	0	155	16.9096774193548
A_PA	1416	159	A	2	0	157	16.6050955414013
A_PA	1417	157	T	4	0	157	16.4140127388535
A_PA	1418	157	C	4	0	157	16.1656050955414
A_PA	1419	159	C	2	0	157	16.4394904458599
A_PA	1420	159	T	2	0	159	17.2767295597484
A_PA	1421	159	G	2	0	158	18.4113924050633
A_PA	1422	159	T	2	0	159	18.2075471698113
A_PA	1423	159	G	2	0	159	17.3459119496855
A_PA	1424	159	C	2	0	159	17.3018867924528
A_PA	1425	160	A	1	0	159	17.5283018867925
A_PA	1426	160	G	1	0	160	17.65625
A_PA	1427	160	C	1	0	159	17.9496855345912
A_PA	1428	160	A	1	0	160	17.95625
A_PA	1429	159	A	2	0	157	17.9936305732484
A_PA	1430	159	T	2	0	158	18.0506329113924
A_PA	1431	157	G	4	0	157	17.5414012738853
A_PA	1432	157	G	3	0	152	17.2039473684211
A_PA	1433	156	A	3	0	152	17.4868421052632
A_PA	1434	156	C	3	0	144	16.7986111111111
A_PA	1435	154	G	5	0	143	15.6013986013986
A_PA	1436	157	A	2	0	156	15.1025641025641
A_PA	1437	154	T	5	0	150	15.2
A_PA	1438	157	T	2	0	157	15.1210191082803
A_PA	1439	157	T	2	0	154	17.5909090909091
A_PA	1440	157	T	2	0	156	18.8525641025641
A_PA	1441	155	C	4	0	149	18.0805369127517
A_PA	1442	156	A	3	0	153	16.7777777777778
A_PA	1443	157	A	2	0	155	16.4516129032258
A_PA	1444	157	C	2	0	152	16.9276315789474
A_PA	1445	157	T	2	0	154	16.2272727272727
A_PA	1446	156	A	3	0	151	16.1192052980132
A_PA	1447	157	A	2	0	155	15.8451612903226
A_PA	1448	157	T	2	0	155	15.741935483871
A_PA	1449	157	T	2	0	156	16.2179487179487
A_PA	1450	155	C	4	0	147	15.8571428571429
A_PA	1451	158	C	1	0	157	16.6687898089172
A_PA	1452	158	C	1	0	153	18.437908496732
A_PA	1453	158	A	1	0	158	16.9303797468354
A_PA	1454	158	T	1	0	157	17.4012738853503
A_PA	1455	157	G	2	0	155	17.3870967741935
A_PA	1456	157	A	2	0	156	16.8012820512821
A_PA	1457	157	T	2	0	156	16.0128205128205
A_PA	1458	155	A	4	0	152	16.2434210526316
A_PA	1459	160	A	2	0	160	15.99375
A_PA	1460	160	G	2	0	159	16.5031446540881
A_PA	1461	160	C	2	0	160	17.0625
A_PA	1462	159	A	3	0	159	17.2452830188679
A_PA	1463	160	A	2	0	160	16.98125
A_PA	1464	160	G	2	0	156	16.8974358974359
A_PA	1465	160	T	2	0	157	17.3184713375796
A_PA	1466	160	G	2	0	158	16.9493670886076
A_PA	1467	160	C	2	0	157	17.2356687898089
A_PA	1468	159	A	3	0	159	17.4654088050314
A_PA	1469	159	G	3	0	158	17.1645569620253
A_PA	1470	158	A	4	0	153	17.6993464052288
A_PA	1471	160	A	2	0	156	17.2051282051282
A_PA	1472	160	C	2	0	152	16.6513157894737
A_PA	1473	160	T	2	0	156	16.6666666666667
A_PA	1474	135	A	26	0	133	16.0300751879699
A_PA	1475	151	A	10	0	150	16.0466666666667
A_PA	1476	154	A	7	0	154	16.3896103896104
A_PA	1477	158	G	3	0	156	16.7179487179487
A_PA	1478	159	A	2	0	159	16.7044025157233
A_PA	1479	152	G	8	0	152	17.2434210526316
A_PA	1480	156	G	4	0	155	17.4645161290323
A_PA	1481	156	G	4	0	152	17.6381578947368
A_PA	1482	153	A	7	0	152	17.9144736842105
A_PA	1483	158	A	2	0	157	18.375796178344
A_PA	1484	158	G	2	0	156	17.3461538461538
A_PA	1485	157	G	2	0	155	18.0064516129032
A_PA	1486	157	C	2	0	155	16.5354838709677
A_PA	1487	151	G	8	0	144	14.75
A_PA	1488	150	A	9	0	150	14.32
A_PA	1489	152	A	7	0	151	15.3907284768212
A_PA	1490	155	A	4	0	154	16.1818181818182
A_PA	1491	156	A	3	0	153	18.2875816993464
A_PA	1492	156	A	3	0	153	18.7712418300654
A_PA	1493	156	C	3	0	146	18.2945205479452
A_PA	1494	157	C	2	0	152	18.2171052631579
A_PA	1495	157	A	2	0	155	17.9354838709677
A_PA	1496	156	A	3	0	156	18.5128205128205
A_PA	1497	155	T	4	0	154	16.961038961039
A_PA	1498	156	T	3	0	156	16.9358974358974
A_PA	1499	156	T	2	0	151	18.7350993377483
A_PA	1500	156	A	2	0	156	18.0961538461538
A_PA	1501	156	T	2	0	153	17.2091503267974
A_PA	1502	156	A	2	0	156	15.3782051282051
A_PA	1503	156	T	2	0	154	15.5519480519481
A_PA	1504	156	G	2	0	154	15.1688311688312
A_PA	1505	156	G	2	0	153	15.0196078431373
A_PA	1506	156	A	2	0	155	15.1548387096774
A_PA	1507	156	T	2	0	155	14.8064516129032
A_PA	1508	156	T	2	0	154	15.2207792207792
A_PA	1509	156	C	2	0	152	14.9473684210526
A_PA	1510	156	A	2	0	155	15.1677419354839
A_PA	1511	155	T	3	0	155	15.6838709677419
A_PA	1512	155	C	3	0	154	15.7012987012987
A_PA	1513	156	A	2	0	156	14.974358974359
A_PA	1514	156	T	2	0	155	14.5612903225806
A_PA	1515	150	A	8	0	150	14.52
A_PA	1516	156	A	2	0	156	14.6153846153846
A_PA	1517	156	A	2	0	154	15.8246753246753
A_PA	1518	153	G	5	0	151	17.2251655629139
A_PA	1519	156	G	2	0	156	17.4230769230769
A_PA	1520	156	G	2	0	153	17.4313725490196
A_PA	1521	153	A	5	0	148	17.972972972973
A_PA	1522	155	A	3	0	154	18.3636363636364
A_PA	1523	155	G	3	0	150	17.28
A_PA	1524	156	A	2	0	155	17.2967741935484
A_PA	1525	156	T	2	0	156	16.7564102564103
A_PA	1526	155	C	3	0	150	16.94
A_PA	1527	155	T	3	0	151	17.1788079470199
A_PA	1528	155	C	3	0	151	17.0993377483444
A_PA	1529	156	A	2	0	150	17.5133333333333
A_PA	1530	153	C	4	0	150	17.9333333333333
A_PA	1531	155	C	2	0	155	18.141935483871
A_PA	1532	153	T	4	0	152	18.5131578947368
A_PA	1533	153	G	4	0	152	19.6710526315789
A_PA	1534	152	A	5	0	149	19
A_PA	1535	154	G	3	0	153	18.8039215686275
A_PA	1536	154	G	3	0	151	17.7615894039735
A_PA	1537	154	A	3	0	152	17.3355263157895
A_PA	1538	154	A	3	0	153	18.4509803921569
A_PA	1539	155	T	2	0	154	17.7402597402597
A_PA	1540	155	G	2	0	150	18
A_PA	1541	154	A	3	0	152	17.9144736842105
A_PA	1542	154	C	3	0	154	18.2662337662338
A_PA	1543	156	A	2	0	155	18.1741935483871
A_PA	1544	156	C	2	0	154	19.9285714285714
A_PA	1545	156	A	2	0	156	19.9679487179487
A_PA	1546	155	G	3	0	155	18.8258064516129
A_PA	1547	154	A	4	0	154	19.0714285714286
A_PA	1548	155	T	3	0	153	18.5816993464052
A_PA	1549	155	G	3	0	154	18.3636363636364
A_PA	1550	156	T	2	0	155	18.1161290322581
A_PA	1551	155	G	3	0	154	18.3896103896104
A_PA	1552	153	G	5	0	152	18.0921052631579
A_PA	1553	154	T	4	0	150	17.0866666666667
A_PA	1554	154	A	4	0	152	17.3157894736842
A_PA	1555	156	A	2	0	156	16.9423076923077
A_PA	1556	156	A	2	0	154	16.7012987012987
A_PA	1557	156	C	2	0	154	17.2402597402597
A_PA	1558	156	T	2	0	153	17.4640522875817
A_PA	1559	156	T	2	0	154	17.3831168831169
A_PA	1560	155	T	3	0	155	18.2709677419355
A_PA	1561	155	G	3	0	152	17.4934210526316
A_PA	1562	155	T	3	0	154	16.8571428571429
A_PA	1563	153	G	5	0	151	16.3907284768212
A_PA	1564	153	A	5	0	152	16.0526315789474
A_PA	1565	156	G	2	0	154	16.1818181818182
A_PA	1566	154	C	4	0	154	16.5064935064935
A_PA	1567	153	A	5	0	150	16.3333333333333
A_PA	1568	155	T	3	0	155	16.2709677419355
A_PA	1569	151	G	7	0	149	16.8724832214765
A_PA	1570	154	G	3	0	151	16.7350993377483
A_PA	1571	152	A	5	0	152	16.7828947368421
A_PA	1572	151	G	5	0	150	17.4933333333333
A_PA	1573	140	T	16	0	139	17.6834532374101
A_PA	1574	146	T	10	0	144	17.6944444444444
A_PA	1575	146	T	10	0	145	17.5724137931034
A_PA	1576	145	T	11	0	142	19.1619718309859
A_PA	1577	145	C	11	0	143	18.8881118881119
A_PA	1578	153	T	3	0	152	18.5526315789474
A_PA	1579	146	C	10	0	144	20.6041666666667
A_PA	1580	151	T	5	0	151	28.2251655629139
A_PA	1581	149	C	7	0	137	19.0656934306569
A_PA	1582	150	A	6	0	145	18.3172413793103
A_PA	1583	152	C	4	0	147	19.0612244897959
A_PA	1584	152	A	4	0	152	18.5328947368421
A_PA	1585	152	G	4	0	144	18.125
A_PA	1586	151	A	5	0	150	18.1
A_PA	1587	152	T	4	0	148	17.4391891891892
A_PA	1588	148	C	8	0	143	17.7832167832168
A_PA	1589	151	C	5	0	135	16.9851851851852
A_PA	1590	144	G	12	0	136	15.8308823529412
A_PA	1591	150	A	6	0	149	15.6241610738255
A_PA	1592	147	G	9	0	139	15.5395683453237
A_PA	1593	149	A	7	0	149	16.8859060402685
A_PA	1594	149	C	7	0	145	17.848275862069
A_PA	1595	144	T	12	0	141	17.9148936170213
A_PA	1596	151	T	4	0	148	18.3986486486486
A_PA	1597	152	G	3	0	142	17.3732394366197
A_PA	1598	152	A	3	0	148	17.3581081081081
A_PA	1599	151	A	4	0	150	17.9466666666667
A_PA	1600	149	C	6	0	146	18.6643835616438
A_PA	1601	151	C	4	0	147	18.7142857142857
A_PA	1602	151	A	4	0	148	18.4932432432432
A_PA	1603	151	C	4	0	151	18.5430463576159
A_PA	1604	150	A	5	0	149	18.0335570469799
A_PA	1605	150	T	5	0	149	16.4362416107383
A_PA	1606	150	A	5	0	147	16.2040816326531
A_PA	1607	152	A	3	0	150	15.6066666666667
A_PA	1608	152	A	3	0	152	16.0723684210526
A_PA	1609	152	T	3	0	149	16.7852348993289
A_PA	1610	149	G	6	0	148	17.0608108108108
A_PA	1611	151	G	4	0	150	16.9733333333333
A_PA	1612	150	G	5	0	146	16.6232876712329
A_PA	1613	150	A	5	0	150	17.4933333333333
A_PA	1614	151	G	4	0	149	17.1073825503356
A_PA	1615	148	A	7	0	148	17.2972972972973
A_PA	1616	149	A	6	0	148	17.3986486486486
A_PA	1617	150	A	5	0	150	17.44
A_PA	1618	149	T	6	0	148	17.2837837837838
A_PA	1619	151	A	4	0	150	16.0533333333333
A_PA	1620	150	T	5	0	149	15.496644295302
A_PA	1621	150	T	5	0	150	15.46
A_PA	1622	151	G	4	0	150	15.36
A_PA	1623	151	T	4	0	150	15.8933333333333
A_PA	1624	149	G	6	0	148	20.0202702702703
A_PA	1625	149	T	6	0	145	17.648275862069
A_PA	1626	149	C	6	0	147	17.3333333333333
A_PA	1627	152	C	3	0	150	17.44
A_PA	1628	151	T	4	0	148	17.5472972972973
A_PA	1629	152	T	3	0	152	18.9802631578947
A_PA	1630	151	G	4	0	148	17.9594594594595
A_PA	1631	151	A	4	0	148	17.8040540540541
A_PA	1632	150	G	5	0	147	17.2789115646259
A_PA	1633	152	A	3	0	152	16.9868421052632
A_PA	1634	151	T	4	0	149	16.8120805369128
A_PA	1635	148	A	7	0	145	17.0206896551724
A_PA	1636	151	G	4	0	150	16.8
A_PA	1637	152	G	3	0	152	16.8026315789474
A_PA	1638	152	A	3	0	146	18.1849315068493
A_PA	1639	148	G	7	0	145	18.6896551724138
A_PA	1640	147	A	8	0	147	17.8367346938776
A_PA	1641	147	T	8	0	146	17.0479452054795
A_PA	1642	150	A	5	0	146	16.7123287671233
A_PA	1643	151	T	4	0	148	16.6351351351351
A_PA	1644	150	G	5	0	148	16.5878378378378
A_PA	1645	151	T	4	0	151	17.0993377483444
A_PA	1646	150	T	5	0	144	17.1388888888889
A_PA	1647	147	A	8	0	139	16.6402877697842
A_PA	1648	149	C	6	0	146	16.3904109589041
A_PA	1649	150	T	5	0	149	16.4697986577181
A_PA	1650	145	A	10	0	141	16.9432624113475
A_PA	1651	146	A	9	0	144	17.5
A_PA	1652	146	G	9	0	145	18.0068965517241
A_PA	1653	147	G	8	0	143	18.1118881118881
A_PA	1654	148	A	7	0	147	17.6598639455782
A_PA	1655	150	G	5	0	147	17.5034013605442
A_PA	1656	151	T	4	0	151	16.7880794701987
A_PA	1657	151	G	4	0	151	16.635761589404
A_PA	1658	151	C	4	0	146	16.9383561643836
A_PA	1659	152	C	3	0	149	17.4093959731544
A_PA	1660	152	A	3	0	148	17.1756756756757
A_PA	1661	153	T	2	0	149	15.5906040268456
A_PA	1662	149	A	5	0	148	15.4864864864865
A_PA	1663	152	G	2	0	151	15.0397350993377
A_PA	1664	151	G	3	0	151	15.2384105960265
A_PA	1665	150	C	4	0	150	16.5733333333333
A_PA	1666	150	C	4	0	149	17.3020134228188
A_PA	1667	152	A	2	0	151	17.7019867549669
A_PA	1668	152	A	2	0	151	17.6556291390728
A_PA	1669	151	A	3	0	148	17.4324324324324
A_PA	1670	150	T	3	0	148	17.3918918918919
A_PA	1671	150	T	3	0	150	17.6733333333333
A_PA	1672	150	T	3	0	149	18
A_PA	1673	149	C	4	0	147	17.530612244898
A_PA	1674	149	A	4	0	148	17.1486486486486
A_PA	1675	149	A	4	0	149	17.261744966443
A_PA	1676	149	G	4	0	147	17.047619047619
A_PA	1677	149	G	4	0	148	17.7297297297297
A_PA	1678	148	C	5	0	147	18.1972789115646
A_PA	1679	148	C	4	0	146	18.6712328767123
A_PA	1680	144	A	8	0	141	19.1205673758865
A_PA	1681	148	A	4	0	148	19.027027027027
A_PA	1682	148	T	4	0	147	18.8639455782313
A_PA	1683	148	G	4	0	148	18.6824324324324
A_PA	1684	145	T	7	0	144	18.4097222222222
A_PA	1685	149	T	3	0	148	18.5337837837838
A_PA	1686	149	C	3	0	146	18.6369863013699
A_PA	1687	146	T	7	0	145	18.5655172413793
A_PA	1688	148	T	5	0	148	19.3108108108108
A_PA	1689	148	G	5	0	147	19.2040816326531
A_PA	1690	149	T	4	0	149	18.2818791946309
A_PA	1691	149	A	4	0	148	17.7094594594595
A_PA	1692	149	T	4	0	148	16.7567567567568
A_PA	1693	150	G	4	0	149	16.496644295302
A_PA	1694	152	T	2	0	150	16.9866666666667
A_PA	1695	152	G	2	0	152	16.3092105263158
A_PA	1696	152	A	2	0	152	17.0855263157895
A_PA	1697	150	G	4	0	148	16.7297297297297
A_PA	1698	151	G	3	0	149	17.4630872483221
A_PA	1699	150	A	4	0	148	16.2702702702703
A_PA	1700	152	C	2	0	149	16.7114093959732
A_PA	1701	151	A	3	0	149	16.6174496644295
A_PA	1702	150	A	4	0	150	16.5133333333333
A_PA	1703	150	A	4	0	149	17.3557046979866
A_PA	1704	150	C	4	0	147	17.0204081632653
A_PA	1705	148	G	5	0	145	15.1448275862069
A_PA	1706	151	G	2	0	148	15.4662162162162
A_PA	1707	149	A	4	0	148	15.3851351351351
A_PA	1708	151	A	2	0	151	16
A_PA	1709	151	C	2	0	151	17.9006622516556
A_PA	1710	151	A	2	0	150	17.6666666666667
A_PA	1711	151	T	2	0	151	16.6423841059603
A_PA	1712	150	C	3	0	146	16.3972602739726
A_PA	1713	145	A	8	0	142	16.5492957746479
A_PA	1714	150	A	3	0	148	16.6148648648649
A_PA	1715	150	A	3	0	150	19.0933333333333
A_PA	1716	150	A	3	0	149	19.0335570469799
A_PA	1717	150	G	3	0	148	18.4391891891892
A_PA	1718	150	T	3	0	149	17.3288590604027
A_PA	1719	146	C	7	0	143	17.034965034965
A_PA	1720	144	A	9	0	137	17.4379562043796
A_PA	1721	152	A	1	0	150	17.8933333333333
A_PA	1722	152	A	1	0	152	19.2960526315789
A_PA	1723	152	A	1	0	148	20.3513513513514
A_PA	1724	152	T	1	0	150	18.6333333333333
A_PA	1725	149	G	4	0	149	18.0738255033557
A_PA	1726	149	A	4	0	148	18.6081081081081
A_PA	1727	151	A	2	0	151	20.158940397351
A_PA	1728	151	A	2	0	151	20.4966887417219
A_PA	1729	152	T	1	0	152	22.1184210526316
A_PA	1730	145	G	8	0	145	21.7586206896552
A_PA	1731	151	G	2	0	150	24.9866666666667
A_PA	1732	152	G	1	0	150	26.82
A_PA	1733	151	G	2	0	145	26.0896551724138
A_PA	1734	151	A	2	0	150	24.8266666666667
A_PA	1735	151	A	2	0	151	25.4569536423841
A_PA	1736	151	T	2	0	149	24.6107382550336
A_PA	1737	151	G	1	0	149	22.6040268456376
A_PA	1738	150	G	2	0	148	22.8918918918919
A_PA	1739	149	A	3	0	148	19.3918918918919
A_PA	1740	151	A	1	0	148	20.3513513513514
A_PA	1741	150	A	1	0	147	20.1972789115646
A_PA	1742	150	T	1	0	148	21.4256756756757
A_PA	1743	147	G	4	0	137	17.7372262773723
A_PA	1744	148	A	3	0	147	16.7482993197279
A_PA	1745	145	G	5	0	144	16.9791666666667
A_PA	1746	144	A	6	0	142	16.8169014084507
A_PA	1747	144	C	6	0	138	16.7391304347826
A_PA	1748	146	G	4	0	138	16.4057971014493
A_PA	1749	147	T	3	0	145	16
A_PA	1750	147	T	3	0	147	15.8843537414966
A_PA	1751	143	G	7	0	138	16.6739130434783
A_PA	1752	143	C	7	0	142	16.4577464788732
A_PA	1753	146	C	4	0	144	16.9652777777778
A_PA	1754	146	T	4	0	145	17.1448275862069
A_PA	1755	145	C	5	0	140	18.9214285714286
A_PA	1756	147	C	3	0	145	18.0965517241379
A_PA	1757	140	T	10	0	139	18.0935251798561
A_PA	1758	148	T	2	0	147	17.9115646258503
A_PA	1759	149	C	1	0	147	16.8299319727891
A_PA	1760	147	A	3	0	146	16.5753424657534
A_PA	1761	149	G	1	0	148	17.0810810810811
A_PA	1762	149	T	1	0	148	16.5337837837838
A_PA	1763	149	C	1	0	148	16.4391891891892
A_PA	1764	149	A	1	0	149	16.3288590604027
A_PA	1765	149	C	1	0	149	16.744966442953
A_PA	1766	152	T	1	0	152	17.875
A_PA	1767	152	C	1	0	151	16.9801324503311
A_PA	1768	152	C	1	0	150	17.7266666666667
A_PA	1769	152	A	1	0	149	17.7919463087248
A_PA	1770	149	G	4	0	148	18.3175675675676
A_PA	1771	152	C	1	0	152	18.4013157894737
A_PA	1772	152	A	1	0	152	18.3684210526316
A_PA	1773	149	G	3	0	145	17.8068965517241
A_PA	1774	150	A	2	0	150	17.74
A_PA	1775	150	T	2	0	150	17.4333333333333
A_PA	1776	140	C	11	0	134	17.3283582089552
A_PA	1777	145	G	7	0	142	16.1267605633803
A_PA	1778	147	A	5	0	146	16.472602739726
A_PA	1779	149	G	3	0	147	16.4557823129252
A_PA	1780	149	A	3	0	148	18.0067567567568
A_PA	1781	149	G	3	0	145	17.8689655172414
A_PA	1782	149	C	3	0	148	17.4054054054054
A_PA	1783	150	A	2	0	149	17.6308724832215
A_PA	1784	150	T	2	0	149	17.1208053691275
A_PA	1785	149	G	3	0	148	17.7094594594595
A_PA	1786	150	A	2	0	149	17.6375838926174
A_PA	1787	148	T	4	0	148	17.0405405405405
A_PA	1788	150	T	2	0	148	16.6959459459459
A_PA	1789	150	G	2	0	144	16.5347222222222
A_PA	1790	148	A	4	0	146	17.027397260274
A_PA	1791	150	A	2	0	150	17.6933333333333
A_PA	1792	150	G	2	0	148	18.4189189189189
A_PA	1793	150	C	2	0	148	18.7297297297297
A_PA	1794	150	C	2	0	145	17.9862068965517
A_PA	1795	148	G	4	0	138	17.2101449275362
A_PA	1796	157	A	2	0	156	17.1410256410256
A_PA	1797	156	G	3	0	154	17.4545454545455
A_PA	1798	157	T	2	0	156	17.6282051282051
A_PA	1799	158	C	1	0	158	19.246835443038
A_PA	1800	158	C	1	0	157	19.2165605095541
A_PA	1801	158	T	1	0	150	18.86
A_PA	1802	158	C	1	0	153	20.6535947712418
A_PA	1803	156	A	3	0	154	20.3571428571429
A_PA	1804	156	G	3	0	150	19.6066666666667
A_PA	1805	155	T	4	0	149	18.6778523489933
A_PA	1806	161	T	1	0	160	18.71875
A_PA	1807	151	A	11	0	148	18.9932432432432
A_PA	1808	161	A	1	0	160	19.13125
A_PA	1809	158	A	4	0	157	20.0891719745223
A_PA	1810	158	G	4	0	157	20.3375796178344
A_PA	1811	159	A	3	0	159	21.6163522012579
A_PA	1812	159	G	3	0	158	26.7025316455696
A_PA	1813	161	A	1	0	159	35.1320754716981
A_PA	1814	162	G	0	0	161	33.6149068322981
A_PA	1815	162	A	0	0	161	27.639751552795
A_PA	1816	159	G	2	0	158	26.246835443038
A_PA	1817	162	A	0	0	161	19.4844720496894
A_PA	1818	160	C	1	0	159	19.3207547169811
A_PA	1819	160	A	1	0	159	19.1132075471698
A_PA	1820	161	T	0	0	160	19.01875
A_PA	1821	179	G	0	0	166	20.6927710843373
A_PA	1822	179	A	0	0	177	19.2090395480226
A_PA	1823	177	C	2	0	177	19.361581920904
A_PA	1824	179	C	0	0	179	18.9553072625698
A_PA	1825	179	A	0	0	179	18.9608938547486
A_PA	1826	179	A	0	0	178	19.7808988764045
A_PA	1827	179	A	0	0	178	20.0224719101124
A_PA	1828	178	G	1	0	176	20.5965909090909
A_PA	1829	179	A	0	0	178	20.6797752808989
A_PA	1830	178	G	1	0	178	20.3651685393258
A_PA	1831	170	T	9	0	168	19.422619047619
A_PA	1832	176	T	3	0	175	19.1142857142857
A_PA	1833	176	T	3	0	175	18.72
A_PA	1834	177	T	2	0	177	18.954802259887
A_PA	1835	176	T	3	0	175	20.9314285714286
A_PA	1836	175	T	5	0	173	21.0173410404624
A_PA	1837	174	G	6	0	170	19.9764705882353
A_PA	1838	178	A	2	0	177	18.954802259887
A_PA	1839	179	G	1	0	174	18.9252873563218
A_PA	1840	173	A	7	0	171	19.4502923976608
A_PA	1841	180	A	0	0	175	19.6914285714286
A_PA	1842	180	T	1	0	171	19.0877192982456
A_PA	1843	181	A	0	0	173	18.8959537572254
A_PA	1844	181	A	0	0	181	18.3093922651934
A_PA	1845	181	A	0	0	178	18.4606741573034
A_PA	1846	181	T	0	0	181	19.5635359116022
A_PA	1847	180	C	2	0	175	20.0342857142857
A_PA	1848	181	A	1	0	176	20.4204545454545
A_PA	1849	181	G	1	0	178	19.6011235955056
A_PA	1850	171	A	11	0	171	20.2280701754386
A_PA	1851	182	A	0	0	182	20.3956043956044
A_PA	1852	182	G	0	0	181	20.3149171270718
A_PA	1853	181	C	0	0	180	20.7555555555556
A_PA	1854	182	A	0	0	180	19.4055555555556
A_PA	1855	182	T	0	0	178	19.2808988764045
A_PA	1856	182	G	0	0	170	19.2529411764706
A_PA	1857	181	G	1	0	178	19.252808988764
A_PA	1858	180	C	2	0	179	19.4078212290503
A_PA	1859	182	C	0	0	180	20.7833333333333
A_PA	1860	181	C	1	0	179	20.5027932960894
A_PA	1861	181	A	1	0	180	20.9722222222222
A_PA	1862	179	T	3	0	178	19.5674157303371
A_PA	1863	179	T	3	0	175	19.1885714285714
A_PA	1864	172	G	10	0	169	18.0473372781065
A_PA	1865	180	G	2	0	180	18.0888888888889
A_PA	1866	179	G	3	0	178	18.9662921348315
A_PA	1867	179	G	3	0	174	21.183908045977
A_PA	1868	178	A	4	0	172	21.2558139534884
A_PA	1869	178	A	4	0	174	19.2183908045977
A_PA	1870	178	T	4	0	173	18.4161849710983
A_PA	1871	158	C	24	0	151	18.8675496688742
A_PA	1872	180	C	2	0	174	18.8793103448276
A_PA	1873	181	C	1	0	179	18.7877094972067
A_PA	1874	181	C	1	0	177	20.6497175141243
A_PA	1875	181	C	1	0	176	21.9204545454545
A_PA	1876	179	A	3	0	172	20.7732558139535
A_PA	1877	180	A	2	0	179	19.9944134078212
A_PA	1878	181	A	1	0	177	20.7005649717514
A_PA	1879	181	G	1	0	181	20.7845303867403
A_PA	1880	181	G	1	0	177	21.7175141242938
A_PA	1881	181	A	1	0	179	20.9664804469274
A_PA	1882	179	G	3	0	178	20.9044943820225
A_PA	1883	181	T	1	0	181	19.3038674033149
A_PA	1884	174	G	8	0	173	19.2890173410405
A_PA	1885	179	G	3	0	176	19.25
A_PA	1886	181	A	2	0	180	19.2888888888889
A_PA	1887	181	A	1	0	179	20.4357541899441
A_PA	1888	180	G	2	0	178	20.9719101123596
A_PA	1889	177	A	6	0	173	21.9190751445087
A_PA	1890	178	A	5	0	177	21.1525423728814
A_PA	1891	176	G	7	0	175	20.2285714285714
A_PA	1892	181	G	3	0	179	19.9664804469274
A_PA	1893	181	T	3	0	174	19.7586206896552
A_PA	1894	181	T	3	0	177	19.9491525423729
A_PA	1895	183	C	1	0	179	18.9441340782123
A_PA	1896	181	C	3	0	178	20.1685393258427
A_PA	1897	181	A	3	0	179	20.2625698324022
A_PA	1898	181	T	3	0	177	20.6949152542373
A_PA	1899	183	T	1	0	183	20.655737704918
A_PA	1900	177	G	7	0	175	19.8571428571429
A_PA	1901	183	G	1	0	182	20.5824175824176
A_PA	1902	181	G	3	0	176	21.2784090909091
A_PA	1903	150	A	34	0	142	22.4507042253521
A_PA	1904	183	A	1	0	183	23
A_PA	1905	182	A	2	0	182	22.8406593406593
A_PA	1906	182	G	2	0	181	22.3204419889503
A_PA	1907	184	T	0	0	180	21.1333333333333
A_PA	1908	181	C	3	0	173	20.8728323699422
A_PA	1909	176	T	8	0	175	20.5714285714286
A_PA	1910	179	G	5	0	175	19.9657142857143
A_PA	1911	179	T	7	0	177	19.1638418079096
A_PA	1912	174	A	12	0	172	18.9476744186047
A_PA	1913	170	G	17	0	167	19.0239520958084
A_PA	1914	184	A	3	0	177	19.5706214689266
A_PA	1915	184	A	3	0	183	20.2622950819672
A_PA	1916	183	C	4	0	178	19.7584269662921
A_PA	1917	184	T	3	0	182	20.489010989011
A_PA	1918	181	C	6	0	175	19.7371428571429
A_PA	1919	181	T	6	0	179	20.5530726256983
A_PA	1920	182	A	5	0	182	19.4450549450549
A_PA	1921	182	T	5	0	179	18.6536312849162
A_PA	1922	181	T	6	0	179	18.9944134078212
A_PA	1923	182	G	5	0	182	18.6153846153846
A_PA	1924	183	G	5	0	183	19.3114754098361
A_PA	1925	185	C	3	0	180	21.1
A_PA	1926	186	T	3	0	183	21.4426229508197
A_PA	1927	187	A	2	0	186	20.8010752688172
A_PA	1928	188	A	1	0	188	20.9946808510638
A_PA	1929	188	G	1	0	188	21.1489361702128
A_PA	1930	188	T	1	0	186	21.3172043010753
A_PA	1931	187	C	2	0	182	21.2032967032967
A_PA	1932	186	A	3	0	185	20.627027027027
A_PA	1933	187	G	2	0	186	20.5537634408602
A_PA	1934	192	T	0	0	191	19.8115183246073
A_PA	1935	192	A	0	0	189	19.962962962963
A_PA	1936	190	T	2	0	188	19.1542553191489
A_PA	1937	193	T	0	0	192	19.9322916666667
A_PA	1938	191	C	2	0	186	19.510752688172
A_PA	1939	191	A	2	0	188	19.7553191489362
A_PA	1940	193	A	0	0	193	19.6735751295337
A_PA	1941	192	T	1	0	190	18.8894736842105
A_PA	1942	193	A	0	0	192	20.1197916666667
A_PA	1943	193	G	0	0	192	20.0572916666667
A_PA	1944	191	C	2	0	190	19.5421052631579
A_PA	1945	191	C	2	0	190	19.4789473684211
A_PA	1946	186	T	9	0	180	20.5055555555556
A_PA	1947	189	A	8	0	187	20.4598930481283
A_PA	1948	193	T	5	0	190	20.2105263157895
A_PA	1949	194	A	6	0	191	21.586387434555
A_PA	1950	196	T	4	0	194	22.5567010309278
A_PA	1951	196	G	4	0	195	20.4820512820513
A_PA	1952	196	C	5	0	192	21.8697916666667
A_PA	1953	198	A	3	0	197	21.4771573604061
A_PA	1954	199	T	2	0	196	20.5102040816327
A_PA	1955	197	C	4	0	193	22.0103626943005
A_PA	1956	197	A	4	0	196	21.3010204081633
A_PA	1957	194	C	6	0	193	21.4715025906736
A_PA	1958	196	C	4	0	195	22.9846153846154
A_PA	1959	198	A	2	0	195	22.5846153846154
A_PA	1960	200	C	1	0	198	23.6262626262626
A_PA	1961	201	A	1	0	201	22.2537313432836
A_PA	1962	201	A	1	0	199	21.2412060301508
A_PA	1963	198	T	4	0	196	21.5714285714286
A_PA	1964	203	T	1	0	201	21.4825870646766
A_PA	1965	204	G	1	0	203	21.0738916256158
A_PA	1966	204	G	1	0	202	20.7425742574257
A_PA	1967	199	A	7	0	198	22.9191919191919
A_PA	1968	202	A	3	0	200	23.22
A_PA	1969	201	G	4	0	199	23.6482412060301
A_PA	1970	202	G	2	0	199	22.6381909547739
A_PA	1971	203	A	2	0	201	21.9402985074627
A_PA	1972	197	T	8	0	194	20.2835051546392
A_PA	1973	202	T	3	0	199	20.035175879397
A_PA	1974	203	T	2	0	202	20.5891089108911
A_PA	1975	202	T	3	0	201	22.4328358208955
A_PA	1976	198	C	7	0	196	20.7959183673469
A_PA	1977	202	A	3	0	199	20.2412060301508
A_PA	1978	203	G	2	0	203	19.7783251231527
A_PA	1979	204	C	1	0	202	20.2970297029703
A_PA	1980	204	A	1	0	198	20.8232323232323
A_PA	1981	203	G	3	0	199	20.1608040201005
A_PA	1982	203	A	3	0	201	19.4427860696517
A_PA	1983	203	G	3	0	203	19.2955665024631
A_PA	1984	202	T	4	0	200	18.865
A_PA	1985	200	C	5	0	196	18.7551020408163
A_PA	1986	195	A	10	0	191	18.5078534031414
A_PA	1987	194	A	11	0	191	19.6806282722513
A_PA	1988	193	G	12	0	188	20.4840425531915
A_PA	1989	196	A	21	0	194	21.4484536082474
A_PA	1990	207	A	10	0	205	21.1951219512195
A_PA	1991	209	A	7	0	204	20.9460784313725
A_PA	1992	207	A	9	0	204	22.3382352941176
A_PA	1993	207	C	9	0	201	21.6218905472637
A_PA	1994	210	T	9	0	204	22.2303921568627
A_PA	1995	327	G	3	0	323	26.8390092879257
A_PA	1996	329	C	2	0	324	28.0493827160494
A_PA	1997	326	T	5	0	323	28.6904024767802
A_PA	1998	325	C	6	0	323	27.9040247678019
A_PA	1999	325	C	7	0	323	26.8885448916409
A_PA	2000	318	T	14	0	311	26.5787781350482
A_PA	2001	324	T	8	0	319	28.7774294670846
A_PA	2002	326	A	8	0	318	23.6352201257862
A_PA	2003	333	T	1	0	326	27.5552147239264
A_PA	2004	333	T	1	0	324	25.7283950617284
A_PA	2005	331	G	3	0	324	24.6666666666667
A_PA	2006	328	T	6	0	321	24.6386292834891
A_PA	2007	329	T	5	0	328	24.7774390243902
A_PA	2008	322	C	12	0	316	23.6392405063291
A_PA	2009	328	A	7	0	325	23.4
A_PA	2010	323	G	12	0	320	27.484375
A_PA	2011	331	G	4	0	327	25.9266055045872
A_PA	2012	326	C	9	0	320	26.1375
A_PA	2013	323	T	12	0	320	26.63125
A_PA	2014	328	C	6	0	322	24.9316770186335
A_PA	2015	316	T	19	0	310	26.8451612903226
A_PA	2016	326	T	9	0	311	27.0032154340836
A_PA	2017	328	A	7	0	317	22.0851735015773
A_PA	2018	320	G	15	0	307	22.3322475570033
A_PA	2019	329	G	6	0	324	23.5185185185185
A_PA	2020	329	G	6	0	327	25.4525993883792
A_PA	2021	329	A	7	0	327	25.9633027522936
A_PA	2022	327	C	9	0	319	26.6363636363636
A_PA	2023	314	A	22	0	304	22.3947368421053
A_PA	2024	334	A	2	0	323	21.8606811145511
A_PA	2025	334	A	2	0	323	21.640866873065
A_PA	2026	333	C	3	0	326	21.4631901840491
A_PA	2027	335	T	2	0	334	24.1437125748503
A_PA	2028	331	C	6	0	312	23.1217948717949
A_PA	2029	336	G	3	0	321	21.2274143302181
A_PA	2030	339	A	0	0	338	21.9378698224852
A_PA	2031	339	A	0	0	338	21.2692307692308
A_PA	2032	337	C	2	0	335	23.2835820895522
A_PA	2033	337	C	1	0	335	25.2328358208955
A_PA	2034	336	T	2	0	330	25.9060606060606
A_PA	2035	331	G	7	0	318	25.059748427673
A_PA	2036	335	G	3	0	330	26.5787878787879
A_PA	2037	333	G	5	0	316	25.746835443038
A_PA	2038	339	A	5	0	332	28.6385542168675
A_PA	2039	341	C	3	0	326	25.4171779141104
A_PA	2040	331	T	13	0	321	23.9003115264798
A_PA	2041	335	T	9	0	334	26.5958083832335
A_PA	2042	338	T	5	0	335	29.8507462686567
A_PA	2043	339	T	4	0	329	31.531914893617
A_PA	2044	341	G	2	0	328	23.6951219512195
A_PA	2045	341	A	2	0	338	23.2307692307692
A_PA	2046	339	T	4	0	334	23.3053892215569
A_PA	2047	340	C	3	0	336	22.7053571428571
A_PA	2048	343	T	3	0	342	26.1549707602339
A_PA	2049	341	T	5	0	336	26.0892857142857
A_PA	2050	302	G	43	0	298	21.2214765100671
A_PA	2051	331	G	14	0	331	23.3262839879154
A_PA	2052	335	G	10	0	334	22.9161676646707
A_PA	2053	339	G	6	0	336	30.5
A_PA	2054	340	G	5	0	336	33.3333333333333
A_PA	2055	340	G	5	0	339	28.5899705014749
A_PA	2056	336	C	9	0	332	27.7620481927711
A_PA	2057	331	T	13	0	316	27.0411392405063
A_PA	2058	334	A	9	0	327	28.262996941896
A_PA	2059	337	T	6	0	332	27.8795180722892
A_PA	2060	335	A	7	0	330	26.4939393939394
A_PA	2061	336	T	6	0	329	30.5562310030395
A_PA	2062	336	G	6	0	324	22.2530864197531
A_PA	2063	340	A	2	0	330	22.3848484848485
A_PA	2064	341	A	1	0	340	22.2411764705882
A_PA	2065	341	G	1	0	339	23.4601769911504
A_PA	2066	341	C	1	0	334	25.6916167664671
A_PA	2067	342	A	0	0	334	25.4281437125749
A_PA	2068	342	A	0	0	338	24.8994082840237
A_PA	2069	341	T	1	0	339	25.3392330383481
A_PA	2070	342	T	0	0	338	25.2603550295858
A_PA	2071	336	G	5	0	332	25.5692771084337
A_PA	2072	337	A	3	0	333	24.7327327327327
A_PA	2073	332	G	8	0	330	24.9757575757576
A_PA	2074	335	G	5	0	329	24.4741641337386
A_PA	2075	336	A	4	0	333	23.3033033033033
A_PA	2076	333	G	7	0	326	25.340490797546
A_PA	2077	338	T	2	0	335	24.0149253731343
A_PA	2078	340	G	2	0	325	24.3815384615385
A_PA	2079	338	C	4	0	330	24.1515151515152
A_PA	2080	339	C	3	0	332	24.7951807228916
A_PA	2081	339	T	3	0	336	24.4821428571429
A_PA	2082	340	G	2	0	336	24.625
A_PA	2083	340	A	2	0	339	24.8377581120944
A_PA	2084	338	T	4	0	336	24.8839285714286
A_PA	2085	341	T	1	0	336	25.1696428571429
A_PA	2086	339	A	3	0	333	24.5915915915916
A_PA	2087	341	A	1	0	336	26.0357142857143
A_PA	2088	342	T	0	0	338	28.5502958579882
A_PA	2089	342	G	0	0	330	26.2727272727273
A_PA	2090	341	A	1	0	339	26.4660766961652
A_PA	2091	341	T	1	0	336	26.4136904761905
A_PA	2092	339	C	3	0	326	24.8558282208589
A_PA	2093	342	C	0	0	338	25.1065088757396
A_PA	2094	340	C	1	0	338	27.4289940828402
A_PA	2095	336	T	4	0	332	25.5481927710843
A_PA	2096	335	G	4	0	335	25.1134328358209
A_PA	2097	337	G	2	0	332	26.7650602409639
A_PA	2098	337	G	2	0	335	26.0477611940298
A_PA	2099	337	T	2	0	335	30.6925373134328
A_PA	2100	338	T	1	0	335	29.9820895522388
A_PA	2101	339	T	0	0	338	30.3786982248521
A_PA	2102	339	T	0	0	338	31.905325443787
A_PA	2103	339	G	0	0	339	27.4424778761062
A_PA	2104	335	C	4	0	332	27.6355421686747
A_PA	2105	337	T	2	0	336	28.7142857142857
A_PA	2106	336	C	3	0	322	25.4347826086957
A_PA	2107	339	A	0	0	331	23.9123867069486
A_PA	2108	339	A	0	0	338	25.8195266272189
A_PA	2109	339	T	0	0	338	27.5295857988166
A_PA	2110	337	G	2	0	331	30.441087613293
A_PA	2111	337	C	1	0	331	30.1329305135952
A_PA	2112	333	G	5	0	327	25.9174311926606
A_PA	2113	334	T	4	0	333	25.993993993994
A_PA	2114	336	C	2	0	327	25.1498470948012
A_PA	2115	330	T	8	0	326	26.4815950920245
A_PA	2116	338	T	0	0	333	29.0750750750751
A_PA	2117	338	G	0	0	333	24.6936936936937
A_PA	2118	338	G	0	0	332	24.828313253012
A_PA	2119	337	T	1	0	336	26.3809523809524
A_PA	2120	338	T	0	0	333	27.1111111111111
A_PA	2121	336	C	2	0	304	27.1151315789474
A_PA	2122	334	A	4	0	327	25.7798165137615
A_PA	2123	334	A	3	0	327	25.388379204893
A_PA	2124	330	C	7	0	324	27.1666666666667
A_PA	2125	332	T	5	0	330	28.7393939393939
A_PA	2126	334	C	3	0	330	28.1818181818182
A_PA	2127	333	C	4	0	328	26.4634146341463
A_PA	2128	327	T	10	0	325	28.6953846153846
A_PA	2129	336	T	1	0	331	26.3504531722054
A_PA	2130	334	C	3	0	328	24.3048780487805
A_PA	2131	337	C	0	0	335	26.8268656716418
A_PA	2132	333	T	4	0	326	24.7883435582822
A_PA	2133	326	G	11	0	321	27.5638629283489
A_PA	2134	330	A	7	0	330	27.8787878787879
A_PA	2135	333	C	4	0	326	30.058282208589
A_PA	2136	336	A	1	0	336	28.0714285714286
A_PA	2137	336	C	1	0	334	38.3982035928144
A_PA	2138	335	A	1	0	329	29.1702127659574
A_PA	2139	335	T	1	0	334	28.4011976047904
A_PA	2140	336	G	0	0	336	27.5059523809524
A_PA	2141	335	C	0	0	334	27.3383233532934
A_PA	2142	335	A	0	0	334	28.6287425149701
A_PA	2143	333	C	2	0	329	29.2310030395137
A_PA	2144	334	T	0	0	332	27.2771084337349
A_PA	2145	333	A	0	0	328	25.6219512195122
A_PA	2146	333	A	0	0	332	26.2650602409639
A_PA	2147	332	A	0	0	332	28.6415662650602
A_PA	2148	325	A	0	0	324	29.0679012345679
A_PA	2149	323	T	0	0	321	30.2679127725857
A_PA	2150	319	A	0	0	319	25.0219435736677
A_PA	2151	318	G	0	0	318	25.2012578616352
