Reference_Name	Position	Coverage Depth	Consensus	Deletions	Ambiguous	Consensus_Count	Consensus_Average_Quality
A_PB1	1	535	A	0	0	535	19.7420560747664
A_PB1	2	536	T	0	0	536	19.0074626865672
A_PB1	3	539	G	0	0	536	19.2201492537313
A_PB1	4	540	G	0	0	539	18.6493506493506
A_PB1	5	540	A	0	0	538	18.7081784386617
A_PB1	6	541	T	0	0	540	19.0222222222222
A_PB1	7	541	G	0	0	538	18.089219330855
A_PB1	8	540	T	2	0	537	16.6666666666667
A_PB1	9	541	C	1	0	534	16.1048689138577
A_PB1	10	543	A	1	0	542	15.2527675276753
A_PB1	11	545	A	0	0	545	14.8990825688073
A_PB1	12	545	T	0	0	541	15.4990757855823
A_PB1	13	541	C	4	0	536	15.8470149253731
A_PB1	14	544	C	1	0	534	15.2022471910112
A_PB1	15	539	G	6	0	499	13.0921843687375
A_PB1	16	545	A	0	0	539	13.1892393320965
A_PB1	17	544	C	1	0	534	13.185393258427
A_PB1	18	541	T	4	0	540	14.2685185185185
A_PB1	19	539	C	6	0	517	17.8065764023211
A_PB1	20	539	T	7	0	524	16.9484732824427
A_PB1	21	538	A	8	0	538	16.4275092936803
A_PB1	22	540	T	6	0	537	15.1769087523277
A_PB1	23	545	T	1	0	543	15.8526703499079
A_PB1	24	545	G	1	0	539	15.0630797773655
A_PB1	25	546	T	0	0	541	14.8817005545287
A_PB1	26	544	T	2	0	539	16.2931354359926
A_PB1	27	544	C	2	0	542	15.9280442804428
A_PB1	28	546	C	0	0	541	18.5268022181146
A_PB1	29	544	T	2	0	541	19.4787430683919
A_PB1	30	542	A	5	0	537	19.4785847299814
A_PB1	31	545	A	2	0	541	18.8964879852126
A_PB1	32	545	A	2	0	544	19.3216911764706
A_PB1	33	547	A	0	0	545	21.2935779816514
A_PB1	34	543	G	4	0	532	18.4924812030075
A_PB1	35	542	T	5	0	533	16.8386491557223
A_PB1	36	542	T	5	0	539	16.5974025974026
A_PB1	37	532	C	15	0	523	16.1912045889101
A_PB1	38	542	C	5	0	529	18.9640831758034
A_PB1	39	545	A	2	0	543	18.646408839779
A_PB1	40	539	G	8	0	536	18.669776119403
A_PB1	41	544	C	3	0	535	15.2504672897196
A_PB1	42	544	G	3	0	512	12.0859375
A_PB1	43	545	C	2	0	544	11.9393382352941
A_PB1	44	532	A	15	0	530	12.1905660377358
A_PB1	45	545	A	2	0	543	13.2670349907919
A_PB1	46	547	A	0	0	546	19.503663003663
A_PB1	47	546	A	1	0	542	20.8929889298893
A_PB1	48	545	T	2	0	537	19.4711359404097
A_PB1	49	544	G	3	0	539	18.5250463821892
A_PB1	50	545	C	2	0	543	18.4069981583794
A_PB1	51	545	C	2	0	544	18.8713235294118
A_PB1	52	545	A	2	0	543	18.4235727440147
A_PB1	53	543	T	4	0	540	14.862962962963
A_PB1	54	527	A	20	0	516	14.4786821705426
A_PB1	55	541	A	6	0	538	13.9275092936803
A_PB1	56	535	G	12	0	530	13.8641509433962
A_PB1	57	544	C	3	0	542	17.0645756457565
A_PB1	58	546	A	1	0	541	17.6487985212569
A_PB1	59	547	C	0	0	546	18.0457875457875
A_PB1	60	547	A	0	0	547	18.6215722120658
A_PB1	61	547	A	0	0	543	17.767955801105
A_PB1	62	547	C	0	0	547	18.5612431444241
A_PB1	63	547	A	0	0	545	18.3009174311927
A_PB1	64	546	T	1	0	544	16.9246323529412
A_PB1	65	546	T	1	0	542	17.239852398524
A_PB1	66	545	C	2	0	538	17.0520446096654
A_PB1	67	546	C	1	0	545	18.6330275229358
A_PB1	68	546	C	1	0	545	23.4495412844037
A_PB1	69	541	T	6	0	536	22.509328358209
A_PB1	70	545	T	2	0	544	21.7959558823529
A_PB1	71	543	A	4	0	539	17.1688311688312
A_PB1	72	544	T	3	0	540	15.712962962963
A_PB1	73	518	A	29	0	516	15.3294573643411
A_PB1	74	545	C	2	0	543	15.5561694290976
A_PB1	75	547	T	0	0	545	16.5045871559633
A_PB1	76	544	G	3	0	541	18.9390018484288
A_PB1	77	546	G	1	0	542	19.9944649446494
A_PB1	78	545	A	2	0	541	20.2421441774492
A_PB1	79	543	G	4	0	536	19.410447761194
A_PB1	80	544	A	3	0	540	18.0111111111111
A_PB1	81	541	T	6	0	539	17.2022263450835
A_PB1	82	544	C	3	0	536	16.9533582089552
A_PB1	83	546	C	1	0	543	17.8379373848987
A_PB1	84	546	T	1	0	544	19.1599264705882
A_PB1	85	545	C	2	0	539	21.1539888682746
A_PB1	86	547	C	0	0	545	21.8697247706422
A_PB1	87	547	A	0	0	544	19.7665441176471
A_PB1	88	545	T	2	0	540	17.2259259259259
A_PB1	89	546	A	2	0	544	16.8180147058824
A_PB1	90	546	C	2	0	541	16.7134935304991
A_PB1	91	547	A	1	0	534	17.4063670411985
A_PB1	92	547	G	1	0	543	19.6132596685083
A_PB1	93	548	C	0	0	548	21.6167883211679
A_PB1	94	548	C	0	0	547	22.0603290676417
A_PB1	95	548	A	0	0	545	21.0477064220183
A_PB1	96	548	T	0	0	548	20.1843065693431
A_PB1	97	544	G	4	0	539	19.7012987012987
A_PB1	98	547	G	1	0	539	18.2040816326531
A_PB1	99	545	A	3	0	543	18.2836095764273
A_PB1	100	546	A	2	0	543	19.5377532228361
A_PB1	101	545	C	3	0	541	18.3807763401109
A_PB1	102	543	A	5	0	540	18.2907407407407
A_PB1	103	541	G	7	0	541	18.9353049907579
A_PB1	104	542	G	6	0	541	19.3844731977819
A_PB1	105	543	G	5	0	533	18.9174484052533
A_PB1	106	544	A	4	0	542	20.0738007380074
A_PB1	107	547	C	1	0	540	19.2037037037037
A_PB1	108	547	T	1	0	545	19.2917431192661
A_PB1	109	541	G	7	0	533	21.06191369606
A_PB1	110	547	G	1	0	544	21.0128676470588
A_PB1	111	545	G	3	0	542	20.3985239852399
A_PB1	112	543	T	5	0	540	18.2148148148148
A_PB1	113	546	A	2	0	538	17.0687732342007
A_PB1	114	545	C	3	0	539	16.9424860853432
A_PB1	115	547	A	1	0	531	16.8870056497175
A_PB1	116	548	C	0	0	546	19.1245421245421
A_PB1	117	539	T	9	0	532	16.9304511278195
A_PB1	118	539	A	9	0	534	16.1385767790262
A_PB1	119	544	T	4	0	543	16.2173112338858
A_PB1	120	545	G	3	0	538	15.7620817843866
A_PB1	121	544	G	4	0	539	16.8330241187384
A_PB1	122	543	A	5	0	539	17.8293135435993
A_PB1	123	545	C	3	0	542	18.9428044280443
A_PB1	124	546	A	2	0	540	18.95
A_PB1	125	546	C	2	0	544	25.1764705882353
A_PB1	126	544	A	4	0	538	22.2044609665428
A_PB1	127	534	G	14	0	528	19.219696969697
A_PB1	128	544	T	4	0	541	15.8410351201479
A_PB1	129	542	C	6	0	521	14.9865642994242
A_PB1	130	543	A	5	0	527	14.2504743833017
A_PB1	131	544	A	4	0	542	14.5645756457565
A_PB1	132	544	C	4	0	543	17.5009208103131
A_PB1	133	541	A	7	0	538	18.2676579925651
A_PB1	134	541	G	7	0	534	18.3576779026217
A_PB1	135	544	A	4	0	541	17.7430683918669
A_PB1	136	544	A	4	0	541	17.2698706099815
A_PB1	137	545	C	3	0	539	16.9628942486085
A_PB1	138	547	A	1	0	537	17.2718808193669
A_PB1	139	546	C	1	0	546	24.007326007326
A_PB1	140	542	A	5	0	536	27.9347014925373
A_PB1	141	544	C	3	0	544	23.7904411764706
A_PB1	142	545	C	2	0	542	18.330258302583
A_PB1	143	546	A	1	0	536	17.0111940298507
A_PB1	144	546	A	1	0	546	18.3241758241758
A_PB1	145	545	T	2	0	542	15.1937269372694
A_PB1	146	539	A	7	0	538	14.7137546468401
A_PB1	147	539	C	6	0	533	15.0168855534709
A_PB1	148	541	T	4	0	540	14.5833333333333
A_PB1	149	526	C	19	0	523	15.4933078393881
A_PB1	150	411	A	134	0	405	15.3506172839506
A_PB1	151	424	G	121	0	421	17.6627078384798
A_PB1	152	528	A	15	0	524	18.456106870229
A_PB1	153	530	G	13	0	527	33.1423149905123
A_PB1	154	538	A	5	0	535	45.1046728971963
A_PB1	155	538	G	5	0	534	50.5168539325843
A_PB1	156	539	A	4	0	538	43.7026022304833
A_PB1	157	537	G	6	0	537	24.7094972067039
A_PB1	158	542	G	1	0	541	18.5415896487985
A_PB1	159	542	G	1	0	540	18.4092592592593
A_PB1	160	541	A	1	0	539	19.2356215213358
A_PB1	161	541	A	1	0	541	19.7707948243993
A_PB1	162	540	G	1	0	539	18.1020408163265
A_PB1	163	539	T	2	0	537	18.5530726256983
A_PB1	164	538	G	3	0	535	17.9102803738318
A_PB1	165	531	G	7	0	520	17.4653846153846
A_PB1	166	531	A	7	0	529	18.4310018903592
A_PB1	167	534	C	4	0	528	17.0170454545455
A_PB1	168	532	G	5	0	461	12.7700650759219
A_PB1	169	530	A	7	0	529	12.3119092627599
A_PB1	170	533	C	4	0	528	12.3522727272727
A_PB1	171	528	A	9	0	518	13.3397683397683
A_PB1	172	535	A	2	0	533	17.8855534709193
A_PB1	173	534	A	2	0	527	18.3055028462998
A_PB1	174	533	T	3	0	528	16.0568181818182
A_PB1	175	533	A	3	0	512	15.05078125
A_PB1	176	531	C	5	0	522	15.1896551724138
A_PB1	177	531	A	5	0	530	14.8377358490566
A_PB1	178	522	G	14	0	519	16.9460500963391
A_PB1	179	525	A	11	0	522	17.9674329501916
A_PB1	180	533	A	3	0	527	17.3681214421252
A_PB1	181	533	A	3	0	526	17.6844106463878
A_PB1	182	532	C	3	0	526	17.4866920152091
A_PB1	183	533	T	2	0	531	17.8361581920904
A_PB1	184	517	G	18	0	507	18.0355029585799
A_PB1	185	533	G	2	0	525	18.08
A_PB1	186	532	G	3	0	518	17.1235521235521
A_PB1	187	528	G	7	0	520	18.7442307692308
A_PB1	188	528	C	7	0	528	17.532196969697
A_PB1	189	530	T	5	0	525	17.5009523809524
A_PB1	190	466	C	68	0	448	19.4486607142857
A_PB1	191	528	C	6	0	508	19.255905511811
A_PB1	192	533	C	1	0	528	19.7632575757576
A_PB1	193	530	C	3	0	524	20.4961832061069
A_PB1	194	529	A	4	0	527	18.7988614800759
A_PB1	195	526	G	7	0	521	19.4241842610365
A_PB1	196	527	C	6	0	522	19.0383141762452
A_PB1	197	532	T	1	0	532	18.6635338345865
A_PB1	198	530	C	2	0	524	19.0209923664122
A_PB1	199	530	A	2	0	530	18.0905660377359
A_PB1	200	531	A	1	0	530	17.388679245283
A_PB1	201	530	C	2	0	528	18.3503787878788
A_PB1	202	531	C	1	0	530	18.8509433962264
A_PB1	203	531	C	1	0	526	20.4068441064639
A_PB1	204	529	A	3	0	528	22.4337121212121
A_PB1	205	529	A	3	0	527	19.4895635673624
A_PB1	206	528	T	4	0	526	15.3992395437262
A_PB1	207	530	T	2	0	528	15.7272727272727
A_PB1	208	528	G	4	0	526	15.1920152091255
A_PB1	209	529	A	3	0	527	15.0702087286528
A_PB1	210	529	T	3	0	527	16.9032258064516
A_PB1	211	526	G	6	0	517	16.6402321083172
A_PB1	212	529	G	3	0	525	16.1638095238095
A_PB1	213	527	A	5	0	525	17.152380952381
A_PB1	214	527	C	5	0	526	17.8631178707224
A_PB1	215	527	C	5	0	525	18.4933333333333
A_PB1	216	530	A	2	0	528	19.9469696969697
A_PB1	217	529	C	3	0	527	20.3567362428842
A_PB1	218	530	T	2	0	528	17.3484848484848
A_PB1	219	529	A	3	0	524	16.6469465648855
A_PB1	220	531	C	1	0	529	16.7334593572779
A_PB1	221	531	C	1	0	530	16.8150943396226
A_PB1	222	530	T	2	0	527	20.2732447817837
A_PB1	223	526	G	5	0	523	20.6730401529637
A_PB1	224	526	A	5	0	526	19.5437262357414
A_PB1	225	525	G	6	0	524	19.5190839694656
A_PB1	226	530	G	1	0	529	19.1285444234405
A_PB1	227	529	A	2	0	526	19.1045627376426
A_PB1	228	528	T	3	0	521	16.3090211132438
A_PB1	229	528	A	3	0	525	15.4990476190476
A_PB1	230	530	A	1	0	529	15.0926275992439
A_PB1	231	530	T	1	0	530	15.1981132075472
A_PB1	232	529	G	2	0	520	16.7846153846154
A_PB1	233	530	A	1	0	526	16.6045627376426
A_PB1	234	530	A	1	0	528	17.3030303030303
A_PB1	235	530	C	1	0	528	17.9204545454545
A_PB1	236	528	C	3	0	527	20
A_PB1	237	528	A	3	0	526	19.5931558935361
A_PB1	238	529	A	2	0	527	21.134724857685
A_PB1	239	528	G	3	0	525	18.6019047619048
A_PB1	240	530	T	1	0	529	18.6143667296786
A_PB1	241	528	G	3	0	528	19.1799242424242
A_PB1	242	529	G	2	0	527	18.876660341556
A_PB1	243	529	A	2	0	526	19.4733840304183
A_PB1	244	530	T	1	0	528	16.7045454545455
A_PB1	245	528	A	2	0	527	15.7779886148008
A_PB1	246	527	T	3	0	525	15.88
A_PB1	247	526	G	4	0	524	15.7404580152672
A_PB1	248	523	C	7	0	521	18.1516314779271
A_PB1	249	522	A	8	0	522	19.1743295019157
A_PB1	250	525	C	5	0	522	20.3467432950192
A_PB1	251	525	A	5	0	523	19.9655831739962
A_PB1	252	528	A	2	0	527	17.7571157495256
A_PB1	253	528	A	2	0	526	18.2300380228137
A_PB1	254	526	C	4	0	524	18.3912213740458
A_PB1	255	527	A	3	0	525	17.9695238095238
A_PB1	256	527	G	3	0	520	18.95
A_PB1	257	528	A	2	0	523	18.3919694072658
A_PB1	258	528	C	2	0	525	18.1447619047619
A_PB1	259	526	T	4	0	524	18.543893129771
A_PB1	260	525	G	5	0	524	19.763358778626
A_PB1	261	528	T	2	0	526	21.0171102661597
A_PB1	262	527	G	3	0	526	22.7699619771863
A_PB1	263	529	T	1	0	526	20.0095057034221
A_PB1	264	528	C	2	0	528	18.1837121212121
A_PB1	265	529	C	1	0	528	18.6723484848485
A_PB1	266	530	T	0	0	530	19.1905660377358
A_PB1	267	530	G	0	0	529	24.4461247637051
A_PB1	268	530	G	0	0	529	22.5406427221172
A_PB1	269	530	A	0	0	527	20.7267552182163
A_PB1	270	530	G	0	0	528	19.9848484848485
A_PB1	271	530	G	0	0	528	19.3409090909091
A_PB1	272	530	C	1	0	528	19.4886363636364
A_PB1	273	529	T	2	0	528	17.7443181818182
A_PB1	274	530	A	0	0	525	15.7847619047619
A_PB1	275	530	T	0	0	529	15.2022684310019
A_PB1	276	529	G	1	0	525	14.9695238095238
A_PB1	277	529	G	1	0	528	15.7897727272727
A_PB1	278	529	C	1	0	528	18.4299242424242
A_PB1	279	530	C	0	0	526	19.9695817490494
A_PB1	280	527	T	3	0	516	19.3236434108527
A_PB1	281	528	T	2	0	525	22.3485714285714
A_PB1	282	527	T	3	0	523	22.2160611854685
A_PB1	283	526	C	4	0	518	20.523166023166
A_PB1	284	512	T	18	0	503	19.9363817097415
A_PB1	285	528	T	2	0	524	19.1832061068702
A_PB1	286	518	G	12	0	510	17.6882352941176
A_PB1	287	520	A	10	0	517	16.3965183752418
A_PB1	288	521	A	9	0	516	17.4341085271318
A_PB1	289	525	G	5	0	517	17.321083172147
A_PB1	290	522	A	8	0	518	17.457528957529
A_PB1	291	524	A	6	0	516	17.1957364341085
A_PB1	292	523	T	7	0	517	16.1353965183752
A_PB1	293	506	C	24	0	500	15.942
A_PB1	294	526	C	4	0	525	15.8838095238095
A_PB1	295	529	C	1	0	521	18.7178502879079
A_PB1	296	528	A	2	0	515	17.8116504854369
A_PB1	297	526	C	4	0	521	19.8752399232246
A_PB1	298	526	C	4	0	523	20.6099426386233
A_PB1	299	523	C	7	0	520	21.3038461538462
A_PB1	300	518	A	12	0	509	21.0275049115914
A_PB1	301	512	G	18	0	505	20.2
A_PB1	302	525	G	5	0	522	18.2854406130268
A_PB1	303	523	T	7	0	520	15.7961538461538
A_PB1	304	527	A	3	0	515	15.5223300970874
A_PB1	305	525	T	5	0	520	14.6596153846154
A_PB1	306	525	C	5	0	499	14.4529058116232
A_PB1	307	522	T	8	0	511	15.2544031311155
A_PB1	308	527	T	3	0	519	15.4566473988439
A_PB1	309	527	T	3	0	521	18.8541266794626
A_PB1	310	520	G	10	0	508	16.9566929133858
A_PB1	311	518	A	11	0	513	17.1578947368421
A_PB1	312	523	A	6	0	519	17.4181117533719
A_PB1	313	529	A	0	0	524	17.7480916030534
A_PB1	314	528	A	1	0	521	19.9923224568138
A_PB1	315	525	C	4	0	523	18.4837476099426
A_PB1	316	528	T	1	0	523	18.2600382409178
A_PB1	317	528	C	1	0	524	18.4732824427481
A_PB1	318	529	C	0	0	523	19.1950286806883
A_PB1	319	527	T	2	0	524	20.131679389313
A_PB1	320	525	G	4	0	510	20.978431372549
A_PB1	321	523	C	6	0	521	20.8925143953935
A_PB1	322	526	C	3	0	521	20.0690978886756
A_PB1	323	513	T	16	0	510	18.9960784313725
A_PB1	324	526	T	3	0	523	21.6080305927342
A_PB1	325	526	G	3	0	517	17.6228239845261
A_PB1	326	525	A	4	0	521	17.4069097888676
A_PB1	327	528	A	1	0	528	17.7878787878788
A_PB1	328	528	A	1	0	523	17.9655831739962
A_PB1	329	527	C	2	0	522	18.3831417624521
A_PB1	330	527	A	2	0	524	17.4942748091603
A_PB1	331	527	A	2	0	523	17.4130019120459
A_PB1	332	526	T	2	0	526	17.5076045627376
A_PB1	333	526	G	2	0	522	17.992337164751
A_PB1	334	527	G	1	0	522	18.1532567049808
A_PB1	335	528	A	0	0	523	18.4493307839388
A_PB1	336	528	A	0	0	527	20.258064516129
A_PB1	337	526	G	2	0	519	18.6512524084778
A_PB1	338	527	C	1	0	522	18.9501915708812
A_PB1	339	525	C	3	0	516	16.4980620155039
A_PB1	340	524	G	4	0	494	12.5910931174089
A_PB1	341	526	T	2	0	520	12.0384615384615
A_PB1	342	526	T	2	0	523	11.9789674952199
A_PB1	343	524	C	4	0	508	12.8937007874016
A_PB1	344	527	A	1	0	522	17.8812260536398
A_PB1	345	525	A	3	0	522	18.8908045977011
A_PB1	346	524	C	4	0	522	19.0862068965517
A_PB1	347	524	A	4	0	523	18.9349904397706
A_PB1	348	520	G	8	0	516	18.515503875969
A_PB1	349	525	A	3	0	519	18.4566473988439
A_PB1	350	525	C	3	0	521	18.5163147792706
A_PB1	351	523	A	5	0	520	17.9230769230769
A_PB1	352	524	A	4	0	523	17.9196940726577
A_PB1	353	523	G	5	0	521	18.2667946257198
A_PB1	354	526	G	2	0	525	18.4666666666667
A_PB1	355	525	G	3	0	522	18.8218390804598
A_PB1	356	522	T	6	0	515	16.6097087378641
A_PB1	357	524	A	4	0	520	15.9653846153846
A_PB1	358	522	G	6	0	514	15.3910505836576
A_PB1	359	528	A	0	0	524	15.5667938931298
A_PB1	360	528	C	0	0	523	17.9541108986616
A_PB1	361	525	A	3	0	520	17.4692307692308
A_PB1	362	528	A	0	0	527	18.7798861480076
A_PB1	363	527	A	1	0	523	20.5047801147228
A_PB1	364	526	C	2	0	521	19.831094049904
A_PB1	365	527	T	0	0	521	16.8406909788868
A_PB1	366	527	A	0	0	519	15.7032755298651
A_PB1	367	527	A	0	0	526	15.2623574144487
A_PB1	368	523	C	4	0	520	15.8653846153846
A_PB1	369	524	C	3	0	523	18.5621414913958
A_PB1	370	525	C	2	0	522	20.4444444444444
A_PB1	371	524	A	2	0	519	22.2196531791908
A_PB1	372	525	A	1	0	524	21.2175572519084
A_PB1	373	524	G	2	0	521	19.9385796545106
A_PB1	374	525	G	1	0	522	19.8505747126437
A_PB1	375	524	T	2	0	519	17.8998073217726
A_PB1	376	525	C	1	0	512	16.572265625
A_PB1	377	524	G	2	0	505	13.0455445544554
A_PB1	378	524	C	2	0	520	12.8192307692308
A_PB1	379	525	C	1	0	519	13.3718689788054
A_PB1	380	521	A	5	0	521	13.9673704414587
A_PB1	381	520	G	6	0	514	19.5525291828794
A_PB1	382	522	A	4	0	519	18.4084778420039
A_PB1	383	522	C	4	0	516	18.6143410852713
A_PB1	384	519	T	7	0	517	16.8858800773694
A_PB1	385	525	T	1	0	521	16.5451055662188
A_PB1	386	525	A	1	0	515	15.4970873786408
A_PB1	387	523	T	2	0	520	15.3903846153846
A_PB1	388	524	G	1	0	503	15.1988071570577
A_PB1	389	525	A	0	0	519	14.9441233140655
A_PB1	390	524	T	1	0	519	14.1541425818882
A_PB1	391	522	T	3	0	518	14.3861003861004
A_PB1	392	520	G	4	0	515	15.2660194174757
A_PB1	393	523	G	1	0	516	15.5833333333333
A_PB1	394	524	A	0	0	520	18.3538461538462
A_PB1	395	523	C	1	0	518	18.5212355212355
A_PB1	396	524	A	0	0	522	17.6992337164751
A_PB1	397	517	T	7	0	513	16.9415204678363
A_PB1	398	523	T	1	0	518	15.5444015444015
A_PB1	399	523	A	1	0	516	14.3972868217054
A_PB1	400	523	A	1	0	523	14.6328871892925
A_PB1	401	523	A	1	0	522	15.7222222222222
A_PB1	402	521	C	3	0	520	17.2653846153846
A_PB1	403	519	A	5	0	515	18.2970873786408
A_PB1	404	517	G	7	0	515	18.5864077669903
A_PB1	405	519	G	5	0	513	17.6120857699805
A_PB1	406	522	A	2	0	516	17.0910852713178
A_PB1	407	522	A	2	0	520	18.4365384615385
A_PB1	408	522	C	2	0	517	17.3500967117988
A_PB1	409	524	C	0	0	512	18.80078125
A_PB1	410	524	A	0	0	520	18.5846153846154
A_PB1	411	524	A	0	0	523	19.1931166347992
A_PB1	412	518	C	6	0	518	18.7258687258687
A_PB1	413	521	C	3	0	507	15.8027613412229
A_PB1	414	520	G	3	0	511	12.2504892367906
A_PB1	415	519	G	4	0	517	12.3114119922631
A_PB1	416	517	C	6	0	515	12.3456310679612
A_PB1	417	521	A	2	0	518	14.034749034749
A_PB1	418	521	G	2	0	519	19.6531791907514
A_PB1	419	521	C	2	0	518	20.3069498069498
A_PB1	420	518	A	5	0	510	18.9745098039216
A_PB1	421	521	A	2	0	518	17.7335907335907
A_PB1	422	521	C	2	0	509	18.4734774066798
A_PB1	423	522	T	1	0	518	18.027027027027
A_PB1	424	520	G	3	0	511	18.0880626223092
A_PB1	425	523	C	0	0	520	19.1403846153846
A_PB1	426	523	A	0	0	515	18.4893203883495
A_PB1	427	518	T	5	0	516	16.484496124031
A_PB1	428	522	T	1	0	514	15.6848249027237
A_PB1	429	520	A	3	0	508	14.7795275590551
A_PB1	430	517	G	6	0	511	14.7632093933464
A_PB1	431	522	C	1	0	519	15.8959537572254
A_PB1	432	523	C	0	0	519	17.3391136801541
A_PB1	433	523	A	0	0	518	18.6911196911197
A_PB1	434	522	A	1	0	521	19.5681381957774
A_PB1	435	521	C	1	0	518	18.9208494208494
A_PB1	436	522	A	0	0	522	18.1379310344828
A_PB1	437	522	C	0	0	521	18.6621880998081
A_PB1	438	522	C	0	0	522	19.9425287356322
A_PB1	439	522	A	0	0	521	19.0998080614203
A_PB1	440	521	T	1	0	516	16.0329457364341
A_PB1	441	510	A	12	0	498	14.8995983935743
A_PB1	442	519	G	2	0	510	13.8647058823529
A_PB1	443	518	A	3	0	515	14.0970873786408
A_PB1	444	517	A	3	0	511	17.26614481409
A_PB1	445	516	G	4	0	513	16.9980506822612
A_PB1	446	518	T	2	0	516	17.6162790697674
A_PB1	447	518	C	2	0	509	17.2023575638507
A_PB1	448	489	T	31	0	486	17.4197530864198
A_PB1	449	518	T	2	0	512	18.421875
A_PB1	450	508	T	12	0	498	17.8052208835341
A_PB1	451	505	A	15	0	498	15.7951807228916
A_PB1	452	509	G	11	0	498	14.9598393574297
A_PB1	453	519	A	1	0	516	14.6337209302326
A_PB1	454	519	T	1	0	517	15.7408123791103
A_PB1	455	503	C	17	0	469	15.5287846481876
A_PB1	456	515	G	5	0	490	12.4367346938776
A_PB1	457	514	A	6	0	513	11.7602339181287
A_PB1	458	519	A	1	0	517	12.1489361702128
A_PB1	459	519	C	1	0	510	12.4078431372549
A_PB1	460	518	G	2	0	501	13.1836327345309
A_PB1	461	519	G	1	0	512	13.03515625
A_PB1	462	519	A	1	0	516	13.1143410852713
A_PB1	463	517	T	3	0	513	14.3294346978558
A_PB1	464	520	T	0	0	516	17.0794573643411
A_PB1	465	519	A	1	0	518	16.5830115830116
A_PB1	466	520	A	0	0	518	16.965250965251
A_PB1	467	520	C	0	0	515	17.568932038835
A_PB1	468	520	A	0	0	514	19.1536964980545
A_PB1	469	520	G	0	0	519	19.597302504817
A_PB1	470	520	C	0	0	518	20.4150579150579
A_PB1	471	519	T	1	0	515	19.3339805825243
A_PB1	472	520	A	0	0	513	18.5068226120858
A_PB1	473	520	A	0	0	520	17.7961538461538
A_PB1	474	520	T	0	0	518	17.4517374517375
A_PB1	475	517	G	3	0	510	17.2137254901961
A_PB1	476	510	A	10	0	507	17.2130177514793
A_PB1	477	517	A	3	0	515	17.3359223300971
A_PB1	478	516	T	4	0	515	16.8699029126214
A_PB1	479	518	C	2	0	506	17.2411067193676
A_PB1	480	519	A	1	0	513	17.3859649122807
A_PB1	481	518	G	1	0	515	17.9650485436893
A_PB1	482	518	G	1	0	516	18.5872093023256
A_PB1	483	516	A	3	0	516	18.672480620155
A_PB1	484	518	A	1	0	517	19.8104448742747
A_PB1	485	519	G	0	0	517	18.3675048355899
A_PB1	486	519	G	0	0	516	20.3313953488372
A_PB1	487	518	C	1	0	510	18.6686274509804
A_PB1	488	514	T	5	0	509	17.6836935166994
A_PB1	489	515	A	4	0	502	18.2689243027888
A_PB1	490	518	A	1	0	515	17.2233009708738
A_PB1	491	518	T	1	0	510	16.1450980392157
A_PB1	492	513	A	6	0	495	16.7252525252525
A_PB1	493	514	G	4	0	489	15.4437627811861
A_PB1	494	516	A	2	0	512	15.509765625
A_PB1	495	510	T	8	0	492	15.619918699187
A_PB1	496	516	T	2	0	509	15.3025540275049
A_PB1	497	516	T	2	0	507	16.6331360946746
A_PB1	498	515	C	3	0	510	16.5450980392157
A_PB1	499	517	C	1	0	513	20.0721247563353
A_PB1	500	516	T	2	0	513	20.4405458089669
A_PB1	501	512	C	6	0	501	21.1137724550898
A_PB1	502	515	A	3	0	509	20.2475442043222
A_PB1	503	515	A	3	0	515	19.4679611650485
A_PB1	504	516	G	2	0	516	19.3759689922481
A_PB1	505	518	G	0	0	518	19.8667953667954
A_PB1	506	518	A	0	0	517	19.1856866537718
A_PB1	507	513	T	5	0	509	18.8172888015717
A_PB1	508	515	G	3	0	512	18.693359375
A_PB1	509	517	T	1	0	517	18.2088974854932
A_PB1	510	517	G	1	0	517	18.4332688588008
A_PB1	511	518	A	0	0	517	18.1295938104449
A_PB1	512	517	T	1	0	513	18.5341130604289
A_PB1	513	511	G	7	0	509	18.1611001964637
A_PB1	514	517	G	1	0	512	17.3203125
A_PB1	515	514	A	4	0	512	17.810546875
A_PB1	516	515	A	3	0	512	19.373046875
A_PB1	517	515	T	3	0	512	17.42578125
A_PB1	518	514	C	4	0	505	17.2514851485149
A_PB1	519	518	A	0	0	517	17.0522243713733
A_PB1	520	518	A	0	0	516	17.0290697674419
A_PB1	521	518	T	0	0	517	18.5705996131528
A_PB1	522	516	G	1	0	514	18.7315175097276
A_PB1	523	517	G	0	0	517	18.6344294003868
A_PB1	524	515	A	2	0	510	19.0686274509804
A_PB1	525	516	T	1	0	513	16.7914230019493
A_PB1	526	500	A	17	0	495	16.2505050505051
A_PB1	527	508	A	9	0	504	15.5753968253968
A_PB1	528	508	G	9	0	505	15.619801980198
A_PB1	529	509	G	8	0	508	18.3543307086614
A_PB1	530	513	A	4	0	509	19.180746561886
A_PB1	531	515	G	2	0	515	19.6446601941748
A_PB1	532	514	G	2	0	514	19.6984435797665
A_PB1	533	510	A	6	0	506	19.5731225296443
A_PB1	534	514	A	2	0	506	20.703557312253
A_PB1	535	516	A	0	0	512	21.8125
A_PB1	536	514	T	2	0	511	21.8649706457926
A_PB1	537	516	G	0	0	515	20.673786407767
A_PB1	538	516	G	0	0	514	19.8871595330739
A_PB1	539	516	A	0	0	500	18.964
A_PB1	540	515	G	1	0	498	18.6967871485944
A_PB1	541	513	A	2	0	512	17.60546875
A_PB1	542	514	T	1	0	512	15.685546875
A_PB1	543	512	A	3	0	509	14.8840864440079
A_PB1	544	512	A	3	0	511	15.5577299412916
A_PB1	545	511	C	3	0	510	15.9196078431373
A_PB1	546	511	A	2	0	511	17.8277886497065
A_PB1	547	511	A	2	0	509	17.1984282907662
A_PB1	548	510	C	3	0	507	17.5581854043393
A_PB1	549	509	A	4	0	506	17.796442687747
A_PB1	550	511	C	2	0	510	25.3686274509804
A_PB1	551	511	A	2	0	508	25.7893700787402
A_PB1	552	512	C	1	0	508	21.2854330708661
A_PB1	553	486	T	27	0	481	19.1455301455301
A_PB1	554	510	T	3	0	509	18.8506876227898
A_PB1	555	509	T	4	0	507	19.7988165680473
A_PB1	556	502	C	11	0	493	17.709939148073
A_PB1	557	509	A	4	0	502	19.2310756972112
A_PB1	558	508	A	5	0	507	20.0473372781065
A_PB1	559	504	A	9	0	500	22.204
A_PB1	560	503	G	10	0	500	22.818
A_PB1	561	459	A	54	0	455	22.8373626373626
A_PB1	562	502	A	11	0	496	21.5866935483871
A_PB1	563	511	A	2	0	508	22.1043307086614
A_PB1	564	512	A	1	0	510	22.8098039215686
A_PB1	565	512	A	1	0	508	22.740157480315
A_PB1	566	511	G	2	0	508	22.3661417322835
A_PB1	567	512	G	1	0	510	20.8372549019608
A_PB1	568	511	A	2	0	508	19.753937007874
A_PB1	569	504	G	9	0	498	18.929718875502
A_PB1	570	509	A	4	0	502	20.3406374501992
A_PB1	571	508	G	5	0	497	19.2173038229376
A_PB1	572	499	T	14	0	490	13.8061224489796
A_PB1	573	511	A	2	0	506	13.3418972332016
A_PB1	574	513	A	0	0	507	13.232741617357
A_PB1	575	508	G	5	0	502	14.2131474103586
A_PB1	576	507	G	6	0	507	18.3648915187377
A_PB1	577	509	G	4	0	504	18.1031746031746
A_PB1	578	509	A	3	0	507	18.6370808678501
A_PB1	579	511	C	1	0	511	18.1135029354207
A_PB1	580	511	A	1	0	510	18.3627450980392
A_PB1	581	510	A	2	0	501	18.5269461077844
A_PB1	582	510	C	2	0	506	18.5375494071146
A_PB1	583	509	A	3	0	499	18.0701402805611
A_PB1	584	511	T	1	0	506	16.8596837944664
A_PB1	585	511	G	1	0	502	15.6812749003984
A_PB1	586	512	A	0	0	508	15.6496062992126
A_PB1	587	506	C	6	0	504	16.2599206349206
A_PB1	588	507	C	4	0	506	17.3873517786561
A_PB1	589	491	A	18	0	490	18.7448979591837
A_PB1	590	495	A	14	0	494	19.8056680161943
A_PB1	591	495	G	14	0	494	18.9048582995951
A_PB1	592	497	A	12	0	495	18.8080808080808
A_PB1	593	504	A	5	0	504	18.4543650793651
A_PB1	594	508	A	1	0	503	19.4294234592445
A_PB1	595	508	A	1	0	507	21.1775147928994
A_PB1	596	508	T	1	0	508	19.9271653543307
A_PB1	597	509	G	0	0	501	19.0499001996008
A_PB1	598	509	G	0	0	507	18.2938856015779
A_PB1	599	507	T	1	0	506	16.3893280632411
A_PB1	600	507	C	1	0	499	15.9258517034068
A_PB1	601	508	A	0	0	500	15.638
A_PB1	602	507	C	1	0	504	15.9424603174603
A_PB1	603	506	A	2	0	506	20.6916996047431
A_PB1	604	504	C	4	0	504	43.6150793650794
A_PB1	605	505	A	2	0	499	20.9659318637275
A_PB1	606	507	A	0	0	506	18.0830039525692
A_PB1	607	507	A	0	0	507	18.8303747534517
A_PB1	608	505	G	1	0	500	18.436
A_PB1	609	500	A	6	0	499	18.0120240480962
A_PB1	610	504	A	3	0	501	17.9620758483034
A_PB1	611	505	C	2	0	504	16.5119047619048
A_PB1	612	506	A	1	0	483	14.5817805383023
A_PB1	613	506	A	1	0	503	14.5387673956262
A_PB1	614	504	T	3	0	502	12.8924302788845
A_PB1	615	473	A	33	0	459	12.5272331154684
A_PB1	616	500	G	6	0	488	12.766393442623
A_PB1	617	503	G	3	0	501	13.2534930139721
A_PB1	618	503	G	3	0	499	16.6533066132265
A_PB1	619	502	A	4	0	501	19.7165668662675
A_PB1	620	501	A	5	0	500	21.61
A_PB1	621	501	G	5	0	495	19.6848484848485
A_PB1	622	437	A	69	0	435	20.248275862069
A_PB1	623	499	A	7	0	495	19.9272727272727
A_PB1	624	501	A	5	0	497	20.6700201207243
A_PB1	625	505	A	1	0	504	21.5079365079365
A_PB1	626	505	A	1	0	501	22.0938123752495
A_PB1	627	505	A	1	0	503	21.506958250497
A_PB1	628	504	C	2	0	499	20.6593186372745
A_PB1	629	506	A	0	0	502	19.7310756972112
A_PB1	630	506	A	0	0	503	19.7117296222664
A_PB1	631	506	A	0	0	505	21.2019801980198
A_PB1	632	503	G	3	0	495	22.3515151515152
A_PB1	633	504	A	2	0	501	21.4111776447106
A_PB1	634	504	G	2	0	501	19.9820359281437
A_PB1	635	505	T	1	0	501	18.7864271457086
A_PB1	636	506	G	0	0	503	19.0357852882704
A_PB1	637	504	A	2	0	497	18.5835010060362
A_PB1	638	506	A	0	0	505	18.7287128712871
A_PB1	639	506	T	0	0	502	16.8446215139442
A_PB1	640	437	A	69	0	431	15.3712296983759
A_PB1	641	484	A	22	0	478	13.8556485355649
A_PB1	642	502	G	4	0	497	12.7927565392354
A_PB1	643	502	A	4	0	500	14.638
A_PB1	644	502	G	4	0	502	19.6314741035857
A_PB1	645	502	A	4	0	502	29.4701195219124
A_PB1	646	502	G	3	0	502	21.0896414342629
A_PB1	647	503	G	2	0	498	19.136546184739
A_PB1	648	502	C	3	0	500	20.078
A_PB1	649	502	T	3	0	499	19.5410821643287
A_PB1	650	498	A	7	0	492	19.3252032520325
A_PB1	651	499	C	6	0	497	19.7424547283702
A_PB1	652	504	C	1	0	499	19.5270541082164
A_PB1	653	505	T	0	0	502	19.796812749004
A_PB1	654	495	A	9	0	482	18.6327800829876
A_PB1	655	502	A	2	0	500	17.928
A_PB1	656	502	T	2	0	498	16.3433734939759
A_PB1	657	493	A	11	0	490	16.2469387755102
A_PB1	658	503	A	1	0	500	15.778
A_PB1	659	501	G	3	0	499	15.4008016032064
A_PB1	660	498	A	6	0	492	17.5386178861789
A_PB1	661	498	G	6	0	490	18.4632653061224
A_PB1	662	499	C	4	0	495	18.4585858585859
A_PB1	663	497	T	6	0	497	19.0643863179074
A_PB1	664	501	C	2	0	495	19.010101010101
A_PB1	665	503	T	0	0	501	20.2135728542914
A_PB1	666	499	G	4	0	496	20.4032258064516
A_PB1	667	503	A	0	0	499	19.9498997995992
A_PB1	668	503	C	0	0	502	19.8505976095618
A_PB1	669	503	A	0	0	501	18.0459081836327
A_PB1	670	501	T	2	0	495	16.7636363636364
A_PB1	671	503	T	0	0	496	16.7540322580645
A_PB1	672	502	G	1	0	499	15.7034068136273
A_PB1	673	503	A	0	0	500	16.326
A_PB1	674	503	A	0	0	502	17.9800796812749
A_PB1	675	502	C	1	0	501	18.4930139720559
A_PB1	676	501	A	2	0	501	18.9960079840319
A_PB1	677	500	C	3	0	495	19.2969696969697
A_PB1	678	499	G	3	0	480	14.2854166666667
A_PB1	679	501	A	1	0	501	13.9560878243513
A_PB1	680	501	T	1	0	499	14.1723446893788
A_PB1	681	500	G	2	0	494	14.7044534412955
A_PB1	682	501	A	1	0	500	18.416
A_PB1	683	501	C	1	0	499	19.0681362725451
A_PB1	684	502	C	0	0	501	19.688622754491
A_PB1	685	500	A	2	0	498	19.6124497991968
A_PB1	686	500	A	2	0	497	20.3118712273642
A_PB1	687	494	G	8	0	491	19.3930753564155
A_PB1	688	501	G	1	0	500	19.19
A_PB1	689	499	A	3	0	494	18.4554655870445
A_PB1	690	498	T	3	0	496	18.2620967741935
A_PB1	691	486	G	15	0	478	18.1046025104602
A_PB1	692	485	C	16	0	480	18.4395833333333
A_PB1	693	388	A	113	0	385	17.2727272727273
A_PB1	694	397	G	102	0	392	18.6913265306122
A_PB1	695	466	A	33	0	463	17.1036717062635
A_PB1	696	470	G	29	0	467	31.9743040685225
A_PB1	697	490	A	9	0	488	36.25
A_PB1	698	490	G	9	0	486	38.2633744855967
A_PB1	699	493	A	5	0	488	36.7069672131148
A_PB1	700	492	G	6	0	490	21.5489795918367
A_PB1	701	494	G	4	0	492	19
A_PB1	702	493	C	5	0	491	19.7148676171079
A_PB1	703	491	A	7	0	482	19.2655601659751
A_PB1	704	494	A	4	0	491	19.061099796334
A_PB1	705	494	A	4	0	489	20.081799591002
A_PB1	706	494	T	4	0	488	19.5450819672131
A_PB1	707	492	T	6	0	488	19.4938524590164
A_PB1	708	472	A	26	0	464	18.3836206896552
A_PB1	709	494	A	4	0	492	18.530487804878
A_PB1	710	495	A	3	0	493	19.9452332657201
A_PB1	711	494	A	4	0	492	23.6646341463415
A_PB1	712	494	A	4	0	490	22.9530612244898
A_PB1	713	495	G	3	0	492	21.2154471544715
A_PB1	714	495	A	3	0	492	20.2439024390244
A_PB1	715	497	A	1	0	497	20.7726358148893
A_PB1	716	495	G	3	0	493	21.0081135902637
A_PB1	717	498	G	0	0	495	21.6282828282828
A_PB1	718	498	G	0	0	497	22.0623742454728
A_PB1	719	497	C	0	0	494	21.2975708502024
A_PB1	720	497	T	0	0	493	20.7058823529412
A_PB1	721	496	A	1	0	494	20.8785425101215
A_PB1	722	494	T	3	0	491	18.9226069246436
A_PB1	723	497	T	0	0	495	18.6141414141414
A_PB1	724	496	G	1	0	486	18.2572016460905
A_PB1	725	494	C	3	0	490	18.3857142857143
A_PB1	726	496	A	1	0	482	19.6804979253112
A_PB1	727	496	A	1	0	492	18.6646341463415
A_PB1	728	494	C	3	0	491	19.7189409368635
A_PB1	729	492	A	4	0	486	19.7201646090535
A_PB1	730	488	C	7	0	487	20.5133470225873
A_PB1	731	493	C	2	0	493	20.5720081135903
A_PB1	732	491	C	4	0	484	19.3409090909091
A_PB1	733	485	G	10	0	479	17.2087682672234
A_PB1	734	492	G	3	0	481	17.3180873180873
A_PB1	735	493	G	2	0	479	17.4697286012526
A_PB1	736	495	A	0	0	494	18.2105263157895
A_PB1	737	493	T	2	0	488	19.9344262295082
A_PB1	738	482	G	13	0	468	19.3183760683761
A_PB1	739	491	C	4	0	487	19.0246406570842
A_PB1	740	476	A	19	0	470	18.5914893617021
A_PB1	741	495	A	0	0	493	18.7139959432049
A_PB1	742	495	A	0	0	476	19.0147058823529
A_PB1	743	494	T	1	0	485	17.1505154639175
A_PB1	744	474	A	21	0	454	15.4559471365639
A_PB1	745	491	A	4	0	482	14.655601659751
A_PB1	746	480	G	15	0	476	14.4600840336134
A_PB1	747	489	A	6	0	489	16.2760736196319
A_PB1	748	486	G	9	0	469	18.9786780383795
A_PB1	749	490	G	5	0	486	17.7366255144033
A_PB1	750	487	A	7	0	482	17.7489626556017
A_PB1	751	477	T	17	0	464	17.4461206896552
A_PB1	752	493	T	1	0	474	17.0654008438819
A_PB1	753	490	C	4	0	458	16.3602620087336
A_PB1	754	491	G	3	0	484	13.9648760330579
A_PB1	755	490	T	4	0	487	14.5626283367556
A_PB1	756	493	G	1	0	484	15.4814049586777
A_PB1	757	492	T	2	0	488	16.125
A_PB1	758	491	A	3	0	480	17.7583333333333
A_PB1	759	485	T	9	0	481	16.962577962578
A_PB1	760	493	T	1	0	485	17.2144329896907
A_PB1	761	493	T	1	0	476	18.6134453781513
A_PB1	762	492	C	2	0	441	17.1791383219955
A_PB1	763	494	G	0	0	478	14.7196652719665
A_PB1	764	489	T	5	0	481	14.4989604989605
A_PB1	765	494	T	0	0	492	14.5243902439024
A_PB1	766	494	G	0	0	491	16.1262729124236
A_PB1	767	493	A	1	0	491	19.887983706721
A_PB1	768	494	A	0	0	493	21.2535496957404
A_PB1	769	493	A	1	0	491	22.6150712830957
A_PB1	770	492	C	2	0	484	22.1570247933884
A_PB1	771	491	T	3	0	487	21.3737166324435
A_PB1	772	494	T	0	0	490	20.9510204081633
A_PB1	773	493	T	1	0	489	22.1145194274029
A_PB1	774	493	A	1	0	485	20.9835051546392
A_PB1	775	492	G	2	0	489	20.0224948875256
A_PB1	776	493	C	1	0	490	21.1142857142857
A_PB1	777	494	T	0	0	491	20.6578411405295
A_PB1	778	488	A	6	0	483	20.2215320910973
A_PB1	779	493	G	1	0	487	19.6960985626283
A_PB1	780	486	A	8	0	482	19.454356846473
A_PB1	781	492	A	2	0	491	20.8391038696538
A_PB1	782	492	G	2	0	490	20.769387755102
A_PB1	783	491	C	3	0	489	22.3435582822086
A_PB1	784	492	A	2	0	488	21.2090163934426
A_PB1	785	482	T	11	0	478	20.6150627615063
A_PB1	786	492	T	1	0	492	20.7032520325203
A_PB1	787	482	T	11	0	479	21.1273486430063
A_PB1	788	479	G	14	0	468	21.0961538461538
A_PB1	789	489	C	4	0	475	19.4105263157895
A_PB1	790	422	G	71	0	415	13.6433734939759
A_PB1	791	487	A	6	0	484	12.6942148760331
A_PB1	792	492	A	1	0	490	12.8183673469388
A_PB1	793	492	A	1	0	492	15.9471544715447
A_PB1	794	492	A	1	0	491	23.775967413442
A_PB1	795	492	A	1	0	488	22.141393442623
A_PB1	796	490	C	3	0	483	19.9648033126294
A_PB1	797	483	T	10	0	476	19.7689075630252
A_PB1	798	492	T	1	0	481	19.4968814968815
A_PB1	799	491	G	2	0	483	18.2939958592133
A_PB1	800	491	A	2	0	488	18.7377049180328
A_PB1	801	492	A	1	0	487	19.8377823408624
A_PB1	802	491	C	2	0	485	20.1216494845361
A_PB1	803	491	A	2	0	487	19.1950718685832
A_PB1	804	489	A	4	0	483	18.4575569358178
A_PB1	805	487	T	6	0	483	17.9585921325052
A_PB1	806	485	C	8	0	471	18.3205944798301
A_PB1	807	487	T	6	0	482	19.2323651452282
A_PB1	808	488	G	5	0	483	20.2463768115942
A_PB1	809	487	G	6	0	479	20.9415448851775
A_PB1	810	489	A	4	0	483	21.2215320910973
A_PB1	811	491	C	2	0	477	19.9454926624738
A_PB1	812	467	T	26	0	461	19.060737527115
A_PB1	813	490	T	3	0	485	19.3113402061856
A_PB1	814	485	C	7	0	474	18.8481012658228
A_PB1	815	489	C	3	0	479	18.286012526096
A_PB1	816	489	G	3	0	446	15.4192825112108
A_PB1	817	488	G	4	0	480	15.2291666666667
A_PB1	818	485	T	7	0	479	14.3528183716075
A_PB1	819	488	T	4	0	463	16.1814254859611
A_PB1	820	459	G	32	0	445	18.5101123595506
A_PB1	821	489	G	2	0	489	18.6830265848671
A_PB1	822	491	G	0	0	487	20.1889117043121
A_PB1	823	488	G	3	0	487	24.2977412731006
A_PB1	824	487	G	4	0	486	24.8497942386831
A_PB1	825	486	T	5	0	482	21.5705394190871
A_PB1	826	486	A	5	0	472	19.114406779661
A_PB1	827	490	A	1	0	487	17.8501026694045
A_PB1	828	489	T	1	0	486	17.5
A_PB1	829	487	G	3	0	480	16.86875
A_PB1	830	479	A	11	0	477	17.0566037735849
A_PB1	831	485	A	5	0	484	17.6487603305785
A_PB1	832	487	A	3	0	485	20.0659793814433
A_PB1	833	487	A	3	0	479	21.8726513569937
A_PB1	834	485	G	5	0	476	20.8928571428571
A_PB1	835	486	A	4	0	484	19.8698347107438
A_PB1	836	489	A	1	0	489	20.799591002045
A_PB1	837	488	A	2	0	484	22.2561983471074
A_PB1	838	487	G	3	0	481	22.2910602910603
A_PB1	839	487	C	3	0	486	21.380658436214
A_PB1	840	488	C	2	0	485	21.9278350515464
A_PB1	841	490	A	0	0	486	22.1069958847737
A_PB1	842	490	A	0	0	488	23.6639344262295
A_PB1	843	490	A	0	0	490	23.4959183673469
A_PB1	844	490	C	0	0	486	23.2098765432099
A_PB1	845	490	T	0	0	486	22.5493827160494
A_PB1	846	488	G	2	0	487	22.4127310061602
A_PB1	847	489	G	1	0	489	21.8323108384458
A_PB1	848	489	C	1	0	488	22.577868852459
A_PB1	849	489	A	1	0	488	22.5676229508197
A_PB1	850	490	A	0	0	488	22.4446721311475
A_PB1	851	486	A	4	0	483	23.5155279503106
A_PB1	852	485	T	5	0	482	25.1887966804979
A_PB1	853	484	G	6	0	484	22.5206611570248
A_PB1	854	487	T	3	0	486	21.0432098765432
A_PB1	855	489	T	1	0	488	20.7151639344262
A_PB1	856	489	G	1	0	484	19.6756198347107
A_PB1	857	489	T	1	0	487	17.8809034907598
A_PB1	858	488	A	2	0	483	17.7971014492754
A_PB1	859	490	A	0	0	488	17.3217213114754
A_PB1	860	489	G	1	0	486	18.5349794238683
A_PB1	861	463	A	27	0	463	22.2505399568035
A_PB1	862	487	A	2	0	486	21.537037037037
A_PB1	863	487	A	2	0	486	22.1316872427984
A_PB1	864	486	A	3	0	484	23.8409090909091
A_PB1	865	485	A	4	0	484	23.5495867768595
A_PB1	866	486	T	3	0	484	22.2871900826446
A_PB1	867	486	G	3	0	475	20.2126315789474
A_PB1	868	488	A	1	0	483	18.9648033126294
A_PB1	869	489	T	0	0	488	18.9467213114754
A_PB1	870	487	G	2	0	475	18.6484210526316
A_PB1	871	484	A	5	0	478	18.6422594142259
A_PB1	872	483	C	6	0	473	19.2093023255814
A_PB1	873	485	T	4	0	481	18.5301455301455
A_PB1	874	488	A	1	0	485	18.1113402061856
A_PB1	875	487	A	2	0	476	18.0126050420168
A_PB1	876	487	T	2	0	481	17.970893970894
A_PB1	877	488	T	1	0	485	20.3443298969072
A_PB1	878	487	C	2	0	483	19.3871635610766
A_PB1	879	486	A	3	0	484	20.2190082644628
A_PB1	880	485	C	4	0	484	21.4070247933884
A_PB1	881	474	A	15	0	474	20.4177215189873
A_PB1	882	483	A	6	0	478	19.0899581589958
A_PB1	883	483	G	6	0	480	18.3708333333333
A_PB1	884	488	A	1	0	484	18.7045454545455
A_PB1	885	488	C	1	0	476	19.0483193277311
A_PB1	886	488	A	1	0	486	19.2798353909465
A_PB1	887	487	C	2	0	484	28.2768595041322
A_PB1	888	484	A	5	0	483	23.703933747412
A_PB1	889	483	G	6	0	481	19.9334719334719
A_PB1	890	487	A	2	0	485	19.9587628865979
A_PB1	891	489	G	0	0	487	19.5359342915811
A_PB1	892	488	C	1	0	485	19.3257731958763
A_PB1	893	484	T	5	0	479	19.9352818371608
A_PB1	894	486	T	3	0	485	20.5917525773196
A_PB1	895	487	T	2	0	486	24.9506172839506
A_PB1	896	487	C	2	0	479	22.1419624217119
A_PB1	897	472	T	17	0	466	21.7467811158798
A_PB1	898	487	T	2	0	487	21.6262833675565
A_PB1	899	486	T	3	0	483	22.7619047619048
A_PB1	900	482	C	7	0	479	20.544885177453
A_PB1	901	483	A	6	0	481	21.049896049896
A_PB1	902	484	C	5	0	484	21.2107438016529
A_PB1	903	487	A	2	0	482	20.3236514522822
A_PB1	904	486	A	3	0	485	18.9896907216495
A_PB1	905	486	T	3	0	482	19.1265560165975
A_PB1	906	488	T	1	0	487	19.9568788501027
A_PB1	907	485	A	4	0	476	18.6680672268908
A_PB1	908	488	C	1	0	484	19.2851239669421
A_PB1	909	487	T	1	0	486	20.4362139917695
A_PB1	910	485	G	3	0	480	20.8958333333333
A_PB1	911	486	G	2	0	478	21.4811715481172
A_PB1	912	487	A	1	0	487	21.5297741273101
A_PB1	913	488	G	0	0	479	20.2881002087683
A_PB1	914	482	A	6	0	477	20.0880503144654
A_PB1	915	486	C	2	0	476	19.7794117647059
A_PB1	916	485	A	3	0	482	18.8112033195021
A_PB1	917	486	A	2	0	484	19.1053719008264
A_PB1	918	485	C	3	0	483	19.5548654244306
A_PB1	919	483	A	5	0	474	19.9810126582278
A_PB1	920	485	C	3	0	479	19.8601252609603
A_PB1	921	486	T	2	0	484	17.952479338843
A_PB1	922	476	A	12	0	472	17.3580508474576
A_PB1	923	486	A	2	0	484	16.9669421487603
A_PB1	924	483	G	5	0	481	16.6777546777547
A_PB1	925	486	T	1	0	484	18.6363636363636
A_PB1	926	486	G	1	0	485	20.319587628866
A_PB1	927	486	G	0	0	476	20.3382352941176
A_PB1	928	486	A	0	0	483	20.7308488612836
A_PB1	929	486	A	0	0	483	23.7494824016563
A_PB1	930	486	T	0	0	483	20.7660455486542
A_PB1	931	482	G	4	0	465	20.5032258064516
A_PB1	932	476	A	10	0	467	19.847965738758
A_PB1	933	485	A	1	0	484	19.5847107438017
A_PB1	934	485	A	0	0	484	22.3057851239669
A_PB1	935	484	A	1	0	481	24.2806652806653
A_PB1	936	483	T	2	0	478	21.6129707112971
A_PB1	937	483	C	2	0	471	20.1847133757962
A_PB1	938	483	A	2	0	473	19.6723044397463
A_PB1	939	484	A	1	0	482	19.8900414937759
A_PB1	940	484	A	1	0	482	22.7033195020747
A_PB1	941	482	A	3	0	481	23.8419958419958
A_PB1	942	472	C	13	0	465	21.1462365591398
A_PB1	943	476	C	8	0	468	20.4252136752137
A_PB1	944	482	C	2	0	477	20.7840670859539
A_PB1	945	481	C	3	0	478	23.0774058577406
A_PB1	946	475	C	8	0	471	24.0254777070064
A_PB1	947	443	G	40	0	407	16.8181818181818
A_PB1	948	482	A	1	0	481	14.3846153846154
A_PB1	949	482	A	1	0	482	14.396265560166
A_PB1	950	481	T	2	0	479	15.4885177453027
A_PB1	951	483	G	0	0	481	20.7796257796258
A_PB1	952	475	T	8	0	472	19.5614406779661
A_PB1	953	481	T	2	0	479	19.2108559498956
A_PB1	954	482	T	1	0	479	19.3987473903967
A_PB1	955	483	T	0	0	479	23.0855949895616
A_PB1	956	483	T	0	0	478	23.8033472803347
A_PB1	957	479	G	4	0	478	21.8284518828452
A_PB1	958	482	G	1	0	482	21.0643153526971
A_PB1	959	481	C	2	0	477	20.6729559748428
A_PB1	960	483	A	0	0	482	20.396265560166
A_PB1	961	483	A	0	0	480	20.3479166666667
A_PB1	962	483	T	0	0	482	20.9211618257261
A_PB1	963	480	G	2	0	470	20.1127659574468
A_PB1	964	482	A	0	0	479	19.4384133611691
A_PB1	965	478	T	4	0	468	18.9294871794872
A_PB1	966	482	T	0	0	480	18.2395833333333
A_PB1	967	477	A	4	0	477	18.3941299790356
A_PB1	968	479	C	2	0	474	18.7974683544304
A_PB1	969	467	A	14	0	465	19.4623655913978
A_PB1	970	467	T	14	0	467	18.8351177730193
A_PB1	971	477	A	4	0	475	18.4463157894737
A_PB1	972	477	T	4	0	476	21.0504201680672
A_PB1	973	478	A	3	0	475	24.9410526315789
A_PB1	974	478	T	3	0	474	19.9514767932489
A_PB1	975	477	C	4	0	475	17.9705263157895
A_PB1	976	477	A	3	0	474	18.9261603375527
A_PB1	977	479	C	1	0	474	20.0611814345992
A_PB1	978	478	A	2	0	476	21.5336134453782
A_PB1	979	480	A	0	0	480	20.3916666666667
A_PB1	980	480	A	0	0	479	21.5845511482255
A_PB1	981	476	G	4	0	469	21.6567164179104
A_PB1	982	477	A	3	0	473	20.9090909090909
A_PB1	983	480	A	0	0	478	20.7008368200837
A_PB1	984	480	T	0	0	476	19.5861344537815
A_PB1	985	476	C	4	0	466	20.0557939914163
A_PB1	986	478	A	2	0	469	19.6908315565032
A_PB1	987	477	A	3	0	476	19.1470588235294
A_PB1	988	476	C	4	0	475	20.4926315789474
A_PB1	989	478	C	2	0	475	20.8484210526316
A_PB1	990	479	T	1	0	479	21.929018789144
A_PB1	991	479	G	1	0	475	22.1536842105263
A_PB1	992	478	A	2	0	477	22.4109014675052
A_PB1	993	479	A	1	0	478	21.5983263598326
A_PB1	994	479	T	1	0	478	20.6882845188285
A_PB1	995	478	G	2	0	474	20.8270042194093
A_PB1	996	477	G	2	0	473	19.8858350951374
A_PB1	997	477	T	2	0	470	19.536170212766
A_PB1	998	476	T	3	0	463	19.2138228941685
A_PB1	999	476	C	3	0	463	19.6565874730022
A_PB1	1000	475	A	4	0	471	18.9723991507431
A_PB1	1001	473	G	6	0	467	19.6745182012848
A_PB1	1002	475	A	4	0	469	19.3027718550107
A_PB1	1003	478	A	1	0	476	19.3256302521008
A_PB1	1004	477	A	2	0	476	19.6281512605042
A_PB1	1005	476	C	3	0	472	19.7584745762712
A_PB1	1006	478	A	1	0	473	18.6321353065539
A_PB1	1007	475	T	4	0	472	17.9639830508475
A_PB1	1008	474	C	4	0	464	17.6012931034483
A_PB1	1009	473	T	5	0	468	17.3653846153846
A_PB1	1010	475	T	3	0	473	18.7441860465116
A_PB1	1011	474	G	4	0	468	19.207264957265
A_PB1	1012	477	A	1	0	473	20.122621564482
A_PB1	1013	470	G	8	0	467	20.6809421841542
A_PB1	1014	476	C	2	0	476	20.2752100840336
A_PB1	1015	477	A	1	0	476	20.2478991596639
A_PB1	1016	477	T	1	0	476	19.1176470588235
A_PB1	1017	474	C	3	0	458	18.6310043668122
A_PB1	1018	475	G	2	0	454	15.0330396475771
A_PB1	1019	476	C	1	0	473	14.1754756871036
A_PB1	1020	475	A	2	0	472	14.510593220339
A_PB1	1021	469	C	8	0	467	15.7044967880086
A_PB1	1022	475	C	2	0	466	20.3605150214592
A_PB1	1023	474	A	3	0	465	19.1032258064516
A_PB1	1024	475	A	2	0	471	19.416135881104
A_PB1	1025	475	T	2	0	472	17.1716101694915
A_PB1	1026	475	A	2	0	468	16.7884615384615
A_PB1	1027	476	A	1	0	472	16.7881355932203
A_PB1	1028	474	T	3	0	470	17.0787234042553
A_PB1	1029	473	G	4	0	467	18.017130620985
A_PB1	1030	475	T	2	0	472	17.3326271186441
A_PB1	1031	476	T	1	0	472	18.2372881355932
A_PB1	1032	476	C	1	0	468	18.0448717948718
A_PB1	1033	475	T	2	0	474	18.9683544303797
A_PB1	1034	473	C	4	0	463	20.5896328293736
A_PB1	1035	474	A	3	0	471	19.9532908704883
A_PB1	1036	477	A	0	0	476	19.8970588235294
A_PB1	1037	477	A	0	0	475	20.2084210526316
A_PB1	1038	476	C	0	0	475	20.7136842105263
A_PB1	1039	473	A	3	0	468	20.6153846153846
A_PB1	1040	476	A	0	0	476	20.3991596638655
A_PB1	1041	476	A	0	0	474	22.0864978902954
A_PB1	1042	476	A	0	0	475	23.4947368421053
A_PB1	1043	476	T	0	0	476	22.0420168067227
A_PB1	1044	474	G	2	0	474	21.1898734177215
A_PB1	1045	475	G	1	0	475	20.7578947368421
A_PB1	1046	475	C	1	0	475	20.8
A_PB1	1047	470	A	6	0	468	20.792735042735
A_PB1	1048	473	A	3	0	470	19.3936170212766
A_PB1	1049	473	G	3	0	467	18.8458244111349
A_PB1	1050	472	A	4	0	468	18.965811965812
A_PB1	1051	473	C	3	0	466	19.1394849785408
A_PB1	1052	472	T	4	0	470	19.5531914893617
A_PB1	1053	453	G	23	0	448	19.9174107142857
A_PB1	1054	472	G	4	0	466	20.0901287553648
A_PB1	1055	470	G	6	0	469	20.3752665245203
A_PB1	1056	458	A	18	0	455	22.3142857142857
A_PB1	1057	476	A	0	0	473	21.8964059196617
A_PB1	1058	476	A	0	0	474	22.0021097046413
A_PB1	1059	476	A	0	0	470	23.0659574468085
A_PB1	1060	475	G	1	0	473	21.3255813953488
A_PB1	1061	475	G	0	0	469	19.63539445629
A_PB1	1062	471	A	4	0	462	18.0930735930736
A_PB1	1063	469	T	6	0	464	15.7176724137931
A_PB1	1064	462	A	13	0	454	15.3215859030837
A_PB1	1065	455	C	20	0	447	15.2013422818792
A_PB1	1066	463	A	12	0	448	14.9107142857143
A_PB1	1067	461	T	14	0	456	16.7587719298246
A_PB1	1068	467	G	8	0	451	16.609756097561
A_PB1	1069	468	T	7	0	458	16.3384279475983
A_PB1	1070	467	T	8	0	461	16.9696312364425
A_PB1	1071	460	C	15	0	411	14.5644768856448
A_PB1	1072	457	G	18	0	440	12.5681818181818
A_PB1	1073	469	A	6	0	467	12.2569593147752
A_PB1	1074	472	G	3	0	459	12.3420479302832
A_PB1	1075	466	A	9	0	463	16.6630669546436
A_PB1	1076	468	G	7	0	451	18.0066518847007
A_PB1	1077	467	T	8	0	459	14.962962962963
A_PB1	1078	465	A	10	0	462	14.0757575757576
A_PB1	1079	452	A	23	0	448	14.359375
A_PB1	1080	451	G	24	0	442	15.0384615384615
A_PB1	1081	465	A	10	0	460	18.0717391304348
A_PB1	1082	468	G	7	0	454	20.9030837004405
A_PB1	1083	473	A	2	0	468	18.8504273504273
A_PB1	1084	475	A	0	0	473	18.122621564482
A_PB1	1085	474	T	1	0	472	17.8559322033898
A_PB1	1086	473	G	2	0	470	18.5723404255319
A_PB1	1087	464	A	11	0	457	18.2800875273523
A_PB1	1088	470	A	4	0	465	18.5784946236559
A_PB1	1089	463	G	11	0	460	18.8913043478261
A_PB1	1090	467	C	7	0	458	18.5720524017467
A_PB1	1091	467	T	7	0	467	19.2997858672377
A_PB1	1092	461	C	12	0	446	19.5717488789238
A_PB1	1093	465	C	8	0	445	18.5932584269663
A_PB1	1094	457	G	16	0	443	14.255079006772
A_PB1	1095	468	G	5	0	448	14.8013392857143
A_PB1	1096	468	A	5	0	463	14.8142548596112
A_PB1	1097	467	C	6	0	441	16.4603174603175
A_PB1	1098	463	A	9	0	460	20.5
A_PB1	1099	460	C	12	0	452	26.3340707964602
A_PB1	1100	442	A	30	0	433	24.4272517321016
A_PB1	1101	470	A	2	0	468	20.957264957265
A_PB1	1102	470	A	2	0	466	21.7167381974249
A_PB1	1103	469	T	3	0	462	19.8809523809524
A_PB1	1104	464	A	8	0	455	18.567032967033
A_PB1	1105	466	C	6	0	465	18.2666666666667
A_PB1	1106	468	C	4	0	466	18.3390557939914
A_PB1	1107	469	T	3	0	466	20.9957081545064
A_PB1	1108	467	G	4	0	464	22.1056034482759
A_PB1	1109	466	C	5	0	454	22.0770925110132
A_PB1	1110	467	A	4	0	465	21.7655913978495
A_PB1	1111	469	G	2	0	467	20.8543897216274
A_PB1	1112	463	A	8	0	459	21.2701525054466
A_PB1	1113	471	A	0	0	467	21.541755888651
A_PB1	1114	471	A	0	0	470	22.1808510638298
A_PB1	1115	471	T	0	0	463	22.7105831533477
A_PB1	1116	471	G	0	0	469	21.8742004264392
A_PB1	1117	469	C	1	0	466	21.9077253218884
A_PB1	1118	469	T	1	0	464	20.9547413793103
A_PB1	1119	464	A	6	0	449	19.1670378619154
A_PB1	1120	461	G	9	0	446	18.1188340807175
A_PB1	1121	466	C	4	0	461	18.1475054229935
A_PB1	1122	468	A	2	0	460	19.5130434782609
A_PB1	1123	468	A	2	0	467	18.6937901498929
A_PB1	1124	465	G	5	0	464	19.7737068965517
A_PB1	1125	465	C	5	0	464	19.9245689655172
A_PB1	1126	468	A	2	0	466	19.5665236051502
A_PB1	1127	462	T	8	0	458	17.4410480349345
A_PB1	1128	468	T	2	0	462	17.4761904761905
A_PB1	1129	466	G	4	0	456	16.5285087719298
A_PB1	1130	467	A	3	0	465	16.7634408602151
A_PB1	1131	467	C	3	0	466	19.5236051502146
A_PB1	1132	470	C	0	0	466	19.3519313304721
A_PB1	1133	467	T	3	0	465	20.5806451612903
A_PB1	1134	464	G	6	0	464	21.0172413793103
A_PB1	1135	463	A	7	0	459	21.1742919389978
A_PB1	1136	469	A	1	0	467	21.4304068522484
A_PB1	1137	469	G	1	0	469	20.1172707889126
A_PB1	1138	464	T	6	0	461	18.5748373101952
A_PB1	1139	466	A	4	0	464	17.5129310344828
A_PB1	1140	461	T	9	0	453	16.4724061810155
A_PB1	1141	469	T	1	0	463	16.9805615550756
A_PB1	1142	469	T	1	0	460	17.7913043478261
A_PB1	1143	469	C	1	0	460	18.054347826087
A_PB1	1144	469	A	1	0	468	19.7991452991453
A_PB1	1145	469	A	1	0	467	18.9571734475375
A_PB1	1146	469	T	1	0	466	19.0364806866953
A_PB1	1147	467	G	3	0	452	18.353982300885
A_PB1	1148	469	A	1	0	467	18.0942184154176
A_PB1	1149	470	A	0	0	470	18.5446808510638
A_PB1	1150	469	T	0	0	466	18.5536480686695
A_PB1	1151	459	C	10	0	442	17.7918552036199
A_PB1	1152	464	A	5	0	450	16.7022222222222
A_PB1	1153	461	A	8	0	459	16.4291938997821
A_PB1	1154	461	C	8	0	459	17.0740740740741
A_PB1	1155	446	A	23	0	438	17.2191780821918
A_PB1	1156	443	A	26	0	440	17.7659090909091
A_PB1	1157	427	G	42	0	417	18.0335731414868
A_PB1	1158	437	G	32	0	433	17.9838337182448
A_PB1	1159	442	A	27	0	438	18.7488584474886
A_PB1	1160	442	A	27	0	441	19.6916099773243
A_PB1	1161	445	G	24	0	435	20.4275862068966
A_PB1	1162	438	A	31	0	435	20.7724137931034
A_PB1	1163	449	A	20	0	447	20.5302013422819
A_PB1	1164	458	A	11	0	453	19.4635761589404
A_PB1	1165	457	A	12	0	447	20.1185682326622
A_PB1	1166	457	T	12	0	448	17.5625
A_PB1	1167	458	T	10	0	455	17.8703296703297
A_PB1	1168	453	G	15	0	440	15.9931818181818
A_PB1	1169	459	A	9	0	454	15.8656387665198
A_PB1	1170	460	G	7	0	457	16.7592997811816
A_PB1	1171	454	A	13	0	453	18.2693156732892
A_PB1	1172	462	A	5	0	450	17.9
A_PB1	1173	462	A	4	0	457	19.199124726477
A_PB1	1174	462	A	4	0	459	20.0936819172113
A_PB1	1175	464	T	2	0	460	17.5760869565217
A_PB1	1176	464	A	2	0	452	16.7588495575221
A_PB1	1177	463	A	3	0	462	16.1147186147186
A_PB1	1178	450	G	16	0	449	16.4432071269488
A_PB1	1179	463	G	3	0	460	19.4347826086957
A_PB1	1180	461	C	4	0	460	18.845652173913
A_PB1	1181	459	C	6	0	457	19.8424507658643
A_PB1	1182	460	T	5	0	459	20.9346405228758
A_PB1	1183	460	C	5	0	450	20.9911111111111
A_PB1	1184	460	T	5	0	454	20.2753303964758
A_PB1	1185	460	T	5	0	457	19.870897155361
A_PB1	1186	457	C	8	0	449	19.706013363029
A_PB1	1187	462	T	3	0	456	19.7236842105263
A_PB1	1188	458	A	6	0	455	19.5956043956044
A_PB1	1189	460	A	4	0	460	18.6695652173913
A_PB1	1190	463	T	1	0	460	17.6586956521739
A_PB1	1191	461	A	3	0	455	17.5912087912088
A_PB1	1192	462	G	1	0	454	16.8017621145374
A_PB1	1193	462	A	1	0	461	16.6963123644252
A_PB1	1194	462	T	1	0	460	18.145652173913
A_PB1	1195	459	G	4	0	454	18.215859030837
A_PB1	1196	461	G	1	0	456	18.2785087719298
A_PB1	1197	458	A	3	0	454	19.1806167400881
A_PB1	1198	457	A	3	0	454	21.3722466960352
A_PB1	1199	454	C	6	0	450	20.3133333333333
A_PB1	1200	454	A	6	0	452	20.179203539823
A_PB1	1201	449	G	10	0	444	19.4369369369369
A_PB1	1202	455	C	4	0	451	19.3059866962306
A_PB1	1203	454	A	5	0	451	19.4745011086474
A_PB1	1204	453	T	6	0	452	18.1283185840708
A_PB1	1205	457	C	2	0	453	18.0971302428256
A_PB1	1206	455	A	4	0	452	17.3495575221239
A_PB1	1207	454	T	4	0	446	16.2174887892377
A_PB1	1208	457	T	1	0	445	17.3078651685393
A_PB1	1209	456	G	2	0	439	16.0273348519362
A_PB1	1210	455	A	3	0	454	16.2533039647577
A_PB1	1211	453	G	5	0	452	17.4601769911504
A_PB1	1212	448	C	10	0	445	18.0314606741573
A_PB1	1213	455	C	3	0	453	19.924944812362
A_PB1	1214	458	C	0	0	457	22.0962800875274
A_PB1	1215	456	T	2	0	455	24.5714285714286
A_PB1	1216	455	G	3	0	454	23.9669603524229
A_PB1	1217	455	G	2	0	451	22.5410199556541
A_PB1	1218	454	A	3	0	450	21.64
A_PB1	1219	454	A	3	0	451	22.9024390243902
A_PB1	1220	454	T	3	0	449	21.8930957683742
A_PB1	1221	455	G	2	0	428	20.7733644859813
A_PB1	1222	456	A	1	0	454	20.2246696035242
A_PB1	1223	457	T	0	0	454	19.7290748898678
A_PB1	1224	457	G	0	0	451	19.5720620842572
A_PB1	1225	457	A	0	0	454	18.7511013215859
A_PB1	1226	457	T	0	0	456	19.5679824561403
A_PB1	1227	450	G	7	0	448	19.4821428571429
A_PB1	1228	457	G	0	0	457	19.6061269146608
A_PB1	1229	457	G	0	0	457	20.9277899343545
A_PB1	1230	457	C	0	0	454	21.9977973568282
A_PB1	1231	457	A	0	0	455	21.1186813186813
A_PB1	1232	457	T	0	0	455	20.6681318681319
A_PB1	1233	457	G	0	0	453	20.5783664459161
A_PB1	1234	454	T	2	0	448	19.0513392857143
A_PB1	1235	450	T	6	0	449	19.1247216035635
A_PB1	1236	448	C	8	0	429	17.979020979021
A_PB1	1237	453	A	3	0	443	17.5756207674944
A_PB1	1238	455	A	1	0	453	18.757174392936
A_PB1	1239	455	C	1	0	454	18.8171806167401
A_PB1	1240	455	A	1	0	450	18.8444444444444
A_PB1	1241	455	T	1	0	455	18.8153846153846
A_PB1	1242	455	G	1	0	451	18.7915742793792
A_PB1	1243	455	C	1	0	455	19.1758241758242
A_PB1	1244	452	T	4	0	449	19.652561247216
A_PB1	1245	450	A	6	0	445	19.3370786516854
A_PB1	1246	453	A	3	0	449	18.6614699331849
A_PB1	1247	449	G	7	0	442	18.2805429864253
A_PB1	1248	455	T	1	0	450	17.6133333333333
A_PB1	1249	452	A	3	0	444	17.490990990991
A_PB1	1250	454	C	1	0	444	17.5518018018018
A_PB1	1251	454	A	1	0	445	16.8067415730337
A_PB1	1252	451	G	3	0	445	18.2921348314607
A_PB1	1253	443	T	11	0	440	17.5795454545455
A_PB1	1254	449	T	5	0	445	17.3415730337079
A_PB1	1255	449	T	4	0	447	18.8926174496644
A_PB1	1256	449	T	4	0	436	22.2729357798165
A_PB1	1257	443	A	10	0	438	16.7671232876712
A_PB1	1258	440	G	13	0	431	16.1972157772622
A_PB1	1259	447	G	6	0	442	15.4592760180995
A_PB1	1260	448	A	5	0	444	17.1328828828829
A_PB1	1261	441	G	12	0	436	17.401376146789
A_PB1	1262	446	T	7	0	442	16.552036199095
A_PB1	1263	442	C	11	0	427	16.192037470726
A_PB1	1264	452	T	1	0	447	15.7069351230425
A_PB1	1265	450	C	3	0	439	16.8063781321184
A_PB1	1266	448	A	5	0	440	18.1636363636364
A_PB1	1267	449	A	4	0	448	18.3102678571429
A_PB1	1268	450	T	3	0	448	16.6651785714286
A_PB1	1269	450	A	3	0	444	16.3040540540541
A_PB1	1270	444	C	9	0	443	16.3634311512415
A_PB1	1271	449	T	4	0	447	16.586129753915
A_PB1	1272	447	G	6	0	435	18.5770114942529
A_PB1	1273	453	A	0	0	451	18.3658536585366
A_PB1	1274	453	A	0	0	452	18.3097345132743
A_PB1	1275	451	T	2	0	448	17.4888392857143
A_PB1	1276	450	C	3	0	437	17.5011441647597
A_PB1	1277	451	T	2	0	445	17.1932584269663
A_PB1	1278	447	T	6	0	442	18.158371040724
A_PB1	1279	439	G	14	0	435	18.3103448275862
A_PB1	1280	444	G	9	0	439	17.870159453303
A_PB1	1281	445	A	8	0	442	18.5339366515837
A_PB1	1282	450	C	3	0	447	18.4250559284116
A_PB1	1283	431	A	22	0	429	18.2214452214452
A_PB1	1284	448	A	5	0	444	18.25
A_PB1	1285	449	A	4	0	447	18.6644295302013
A_PB1	1286	449	A	4	0	440	20.0613636363636
A_PB1	1287	451	G	2	0	445	19.4651685393258
A_PB1	1288	446	A	7	0	441	19.0362811791383
A_PB1	1289	452	A	1	0	448	19.1272321428571
A_PB1	1290	453	A	0	0	451	20.4678492239468
A_PB1	1291	453	T	0	0	448	18.9508928571429
A_PB1	1292	440	A	13	0	433	17.1824480369515
A_PB1	1293	448	C	5	0	448	16.578125
A_PB1	1294	447	A	6	0	443	16.3972911963883
A_PB1	1295	449	C	4	0	445	17.8404494382022
A_PB1	1296	436	C	17	0	433	19.0023094688222
A_PB1	1297	435	A	18	0	430	18.806976744186
A_PB1	1298	433	A	20	0	432	20.6111111111111
A_PB1	1299	441	G	12	0	429	19.2331002331002
A_PB1	1300	447	A	6	0	446	18.8183856502242
A_PB1	1301	450	C	3	0	448	18.5446428571429
A_PB1	1302	449	A	4	0	445	18.1168539325843
A_PB1	1303	448	A	4	0	446	18.7533632286996
A_PB1	1304	448	C	4	0	448	18.2901785714286
A_PB1	1305	448	G	4	0	435	15.9540229885057
A_PB1	1306	448	T	4	0	444	15.777027027027
A_PB1	1307	448	A	4	0	443	15.7200902934537
A_PB1	1308	448	C	4	0	445	16.1550561797753
A_PB1	1309	450	T	2	0	448	19.3616071428571
A_PB1	1310	452	G	0	0	446	20.1569506726457
A_PB1	1311	452	G	0	0	450	19.8022222222222
A_PB1	1312	452	T	0	0	448	20.5066964285714
A_PB1	1313	447	G	5	0	444	20.5698198198198
A_PB1	1314	450	G	2	0	441	19.5011337868481
A_PB1	1315	450	G	2	0	446	19.1681614349776
A_PB1	1316	450	A	2	0	445	19.4584269662921
A_PB1	1317	449	T	2	0	447	17.6174496644295
A_PB1	1318	443	G	8	0	438	16.865296803653
A_PB1	1319	449	G	2	0	446	16.9843049327354
A_PB1	1320	446	G	4	0	442	18.2126696832579
A_PB1	1321	447	C	3	0	439	21.4601366742597
A_PB1	1322	446	T	4	0	444	22.0518018018018
A_PB1	1323	447	C	3	0	438	20.4429223744292
A_PB1	1324	448	C	2	0	442	20.4140271493213
A_PB1	1325	439	A	11	0	428	19.5700934579439
A_PB1	1326	447	A	3	0	445	18.0808988764045
A_PB1	1327	444	T	6	0	438	17.1415525114155
A_PB1	1328	446	C	4	0	436	16.7981651376147
A_PB1	1329	448	C	2	0	434	17.4907834101382
A_PB1	1330	449	T	1	0	447	19.0134228187919
A_PB1	1331	444	C	6	0	422	20.7156398104265
A_PB1	1332	446	A	4	0	441	19.1269841269841
A_PB1	1333	444	G	6	0	433	18.4803695150115
A_PB1	1334	449	A	1	0	447	17.8836689038031
A_PB1	1335	448	C	2	0	433	16.4203233256351
A_PB1	1336	447	G	3	0	416	14.0216346153846
A_PB1	1337	449	A	1	0	446	14.0919282511211
A_PB1	1338	423	T	27	0	413	14.4334140435835
A_PB1	1339	448	T	2	0	445	15.3662921348315
A_PB1	1340	449	T	1	0	443	19.4401805869074
A_PB1	1341	444	T	6	0	442	22.0361990950226
A_PB1	1342	441	G	9	0	437	20.954233409611
A_PB1	1343	432	C	18	0	429	21.3403263403263
A_PB1	1344	446	C	4	0	445	21.6741573033708
A_PB1	1345	447	C	3	0	443	21.9006772009029
A_PB1	1346	446	T	4	0	446	22.2713004484305
A_PB1	1347	446	C	4	0	437	21.187643020595
A_PB1	1348	447	A	3	0	439	19.8063781321184
A_PB1	1349	449	T	1	0	446	17.6973094170404
A_PB1	1350	447	A	2	0	441	17.18820861678
A_PB1	1351	448	G	1	0	448	17.1696428571429
A_PB1	1352	448	T	1	0	448	17.5870535714286
A_PB1	1353	448	G	1	0	444	18.9211711711712
A_PB1	1354	446	A	3	0	443	19.4808126410835
A_PB1	1355	448	A	1	0	447	19.4809843400447
A_PB1	1356	446	T	2	0	444	19.9617117117117
A_PB1	1357	446	G	2	0	442	20.2443438914027
A_PB1	1358	445	C	3	0	443	20.5936794582393
A_PB1	1359	446	A	2	0	444	20.481981981982
A_PB1	1360	444	C	4	0	444	20.222972972973
A_PB1	1361	446	C	2	0	445	20.3258426966292
A_PB1	1362	444	A	4	0	442	19.6221719457014
A_PB1	1363	446	A	2	0	443	20.2618510158014
A_PB1	1364	445	A	3	0	441	21.3356009070295
A_PB1	1365	444	T	4	0	444	19.6801801801802
A_PB1	1366	440	C	8	0	427	18.8594847775176
A_PB1	1367	438	A	10	0	428	17.7873831775701
A_PB1	1368	439	T	9	0	431	17.8027842227378
A_PB1	1369	440	G	8	0	425	17.8235294117647
A_PB1	1370	440	A	8	0	422	17.4976303317536
A_PB1	1371	441	G	7	0	438	18.3470319634703
A_PB1	1372	444	G	4	0	444	18.6981981981982
A_PB1	1373	443	G	5	0	440	18.7977272727273
A_PB1	1374	441	A	7	0	433	21.635103926097
A_PB1	1375	445	A	3	0	443	20.7313769751693
A_PB1	1376	444	T	4	0	441	17.5510204081633
A_PB1	1377	442	A	6	0	428	17.5911214953271
A_PB1	1378	443	C	6	0	437	17.0549199084668
A_PB1	1379	612	A	17	0	609	18.6847290640394
A_PB1	1380	623	A	7	0	613	18.6296900489396
A_PB1	1381	622	G	8	0	612	18.5375816993464
A_PB1	1382	624	C	7	0	616	18.7678571428571
A_PB1	1383	628	A	3	0	620	19.008064516129
A_PB1	1384	620	G	11	0	618	19.8058252427184
A_PB1	1385	623	G	9	0	619	20.1744749596123
A_PB1	1386	627	A	5	0	619	19.5476575121163
A_PB1	1387	622	G	10	0	620	19.6112903225806
A_PB1	1388	630	T	2	0	623	19.5329052969502
A_PB1	1389	628	G	4	0	597	18.7906197654941
A_PB1	1390	633	G	0	0	617	18.0858995137763
A_PB1	1391	627	A	5	0	621	18.2962962962963
A_PB1	1392	630	T	2	0	622	17.2765273311897
A_PB1	1393	627	A	5	0	612	17.0114379084967
A_PB1	1394	628	G	4	0	601	15.8835274542429
A_PB1	1395	614	A	18	0	586	16.2184300341297
A_PB1	1396	622	T	10	0	601	16.8419301164725
A_PB1	1397	610	T	22	0	599	16.8764607679466
A_PB1	1398	613	C	19	0	576	16.859375
A_PB1	1399	616	T	16	0	607	16.7182866556837
A_PB1	1400	612	A	20	0	602	16.9883720930233
A_PB1	1401	626	T	6	0	623	15.7287319422151
A_PB1	1402	621	A	11	0	609	16.2266009852217
A_PB1	1403	629	G	3	0	624	15.9807692307692
A_PB1	1404	628	G	4	0	625	16.76
A_PB1	1405	628	A	4	0	623	18.8234349919743
A_PB1	1406	626	C	6	0	621	19.8389694041868
A_PB1	1407	629	C	3	0	623	20.0048154093098
A_PB1	1408	631	T	1	0	629	21.1939586645469
A_PB1	1409	631	G	1	0	623	21.3579454253612
A_PB1	1410	627	C	5	0	622	21.7556270096463
A_PB1	1411	627	A	4	0	621	20.9871175523349
A_PB1	1412	628	A	3	0	624	19.6298076923077
A_PB1	1413	627	G	4	0	623	19.6211878009631
A_PB1	1414	628	T	3	0	626	19.2507987220447
A_PB1	1415	629	T	2	0	624	19.0721153846154
A_PB1	1416	630	A	1	0	597	18.0201005025126
A_PB1	1417	631	G	0	0	607	17.7990115321252
A_PB1	1418	631	T	0	0	626	18.2955271565495
A_PB1	1419	624	G	7	0	622	18.6655948553055
A_PB1	1420	625	G	6	0	622	20.1591639871383
A_PB1	1421	626	G	4	0	617	20.7957860615883
A_PB1	1422	625	A	5	0	623	22.314606741573
A_PB1	1423	627	A	3	0	624	21.2291666666667
A_PB1	1424	626	T	4	0	619	19.0662358642973
A_PB1	1425	626	T	4	0	617	19.5251215559157
A_PB1	1426	626	A	4	0	613	18.0636215334421
A_PB1	1427	627	A	3	0	624	18.2163461538462
A_PB1	1428	627	C	3	0	621	18.85346215781
A_PB1	1429	627	A	3	0	620	18.3403225806452
A_PB1	1430	628	T	2	0	623	17.9181380417335
A_PB1	1431	620	G	9	0	601	16.1297836938436
A_PB1	1432	622	A	7	0	618	16.0744336569579
A_PB1	1433	605	G	24	0	595	17.3025210084034
A_PB1	1434	622	C	7	0	618	18.5242718446602
A_PB1	1435	606	A	23	0	602	19.2126245847176
A_PB1	1436	626	A	3	0	624	19.4519230769231
A_PB1	1437	628	A	1	0	626	21.1932907348243
A_PB1	1438	628	A	1	0	626	23.8817891373802
A_PB1	1439	626	A	3	0	624	22.8397435897436
A_PB1	1440	624	G	4	0	620	21.3838709677419
A_PB1	1441	624	A	4	0	620	20.5193548387097
A_PB1	1442	625	A	3	0	624	20.6522435897436
A_PB1	1443	624	G	4	0	623	19.6356340288925
A_PB1	1444	625	T	3	0	621	19.2351046698873
A_PB1	1445	623	C	5	0	618	18.8284789644013
A_PB1	1446	626	C	2	0	619	19.2084006462036
A_PB1	1447	623	T	4	0	622	20.0627009646302
A_PB1	1448	625	A	2	0	623	20.9486356340289
A_PB1	1449	626	T	1	0	623	18.8603531300161
A_PB1	1450	623	A	4	0	621	19.8164251207729
A_PB1	1451	623	T	4	0	620	34.7935483870968
A_PB1	1452	619	A	7	0	599	17.7779632721202
A_PB1	1453	623	A	3	0	617	17.9918962722853
A_PB1	1454	624	A	2	0	621	19.2045088566828
A_PB1	1455	623	T	3	0	620	19.8870967741935
A_PB1	1456	623	A	3	0	600	19.0516666666667
A_PB1	1457	626	A	0	0	624	19.0448717948718
A_PB1	1458	625	A	1	0	625	19.5376
A_PB1	1459	625	A	1	0	623	22.4253611556982
A_PB1	1460	625	C	1	0	622	21.6109324758842
A_PB1	1461	623	A	3	0	616	19.8928571428571
A_PB1	1462	620	G	4	0	619	19.6171243941842
A_PB1	1463	622	G	2	0	620	19.6935483870968
A_PB1	1464	620	G	3	0	618	20.8268608414239
A_PB1	1465	619	A	4	0	615	21.8731707317073
A_PB1	1466	619	C	4	0	611	21.2520458265139
A_PB1	1467	617	A	6	0	614	20.9560260586319
A_PB1	1468	622	T	1	0	616	20.9188311688312
A_PB1	1469	621	T	2	0	618	21.0307443365696
A_PB1	1470	619	T	3	0	615	22.7593495934959
A_PB1	1471	618	G	4	0	608	21.2878289473684
A_PB1	1472	620	A	1	0	616	20.1185064935065
A_PB1	1473	621	A	0	0	618	19.2168284789644
A_PB1	1474	621	T	0	0	612	18.3578431372549
A_PB1	1475	620	T	1	0	617	20.0421393841167
A_PB1	1476	620	C	1	0	611	19.4991816693944
A_PB1	1477	619	A	2	0	614	19.9543973941368
A_PB1	1478	619	C	2	0	616	21.6038961038961
A_PB1	1479	621	T	0	0	616	20.2094155844156
A_PB1	1480	620	A	1	0	616	19.4399350649351
A_PB1	1481	618	G	3	0	613	19.5562805872757
A_PB1	1482	616	C	5	0	615	19.7772357723577
A_PB1	1483	617	T	4	0	613	20.3719412724307
A_PB1	1484	618	T	3	0	612	21.1339869281046
A_PB1	1485	617	C	4	0	608	20.9424342105263
A_PB1	1486	555	T	66	0	548	22.3704379562044
A_PB1	1487	615	T	6	0	614	22.0325732899023
A_PB1	1488	618	T	3	0	617	23.1199351701783
A_PB1	1489	616	T	4	0	611	22.8428805237316
A_PB1	1490	617	A	3	0	613	20.8123980424144
A_PB1	1491	618	T	2	0	618	20.5647249190939
A_PB1	1492	614	C	5	0	585	18.4632478632479
A_PB1	1493	612	G	7	0	591	15.7191201353638
A_PB1	1494	613	A	6	0	611	15.6252045826514
A_PB1	1495	618	T	1	0	613	15.9184339314845
A_PB1	1496	619	A	0	0	607	16.5321252059308
A_PB1	1497	618	T	1	0	617	19.3290113452188
A_PB1	1498	618	G	1	0	616	19.1314935064935
A_PB1	1499	619	G	0	0	615	19.3772357723577
A_PB1	1500	619	A	0	0	618	20.7168284789644
A_PB1	1501	619	T	0	0	614	20.8257328990228
A_PB1	1502	618	T	1	0	616	20.8035714285714
A_PB1	1503	616	T	3	0	614	24.3550488599349
A_PB1	1504	614	G	5	0	613	23.0978792822186
A_PB1	1505	615	T	4	0	614	24.5798045602606
A_PB1	1506	612	G	6	0	611	23.1211129296236
A_PB1	1507	611	G	7	0	611	22.2618657937807
A_PB1	1508	610	C	8	0	605	22.5223140495868
A_PB1	1509	614	T	4	0	611	23.0098199672668
A_PB1	1510	615	A	3	0	611	22.7823240589198
A_PB1	1511	618	A	0	0	613	22.1435562805873
A_PB1	1512	613	T	5	0	608	21.9769736842105
A_PB1	1513	616	T	2	0	612	22.5522875816993
A_PB1	1514	617	T	1	0	613	22.9396411092985
A_PB1	1515	615	T	3	0	606	24.526402640264
A_PB1	1516	613	A	5	0	603	21.0315091210614
A_PB1	1517	614	G	3	0	603	19.8391376451078
A_PB1	1518	615	C	2	0	611	19.7545008183306
A_PB1	1519	616	A	1	0	609	19.9293924466338
A_PB1	1520	617	T	0	0	616	20.0746753246753
A_PB1	1521	613	G	4	0	611	21.0867430441899
A_PB1	1522	614	G	3	0	614	20.5130293159609
A_PB1	1523	613	A	4	0	610	21.8344262295082
A_PB1	1524	612	G	5	0	606	22.5660066006601
A_PB1	1525	613	C	3	0	610	22.2688524590164
A_PB1	1526	612	T	4	0	610	23.4508196721311
A_PB1	1527	609	G	7	0	606	24.0940594059406
A_PB1	1528	605	C	10	0	603	25.2786069651741
A_PB1	1529	608	C	6	0	604	25.567880794702
A_PB1	1530	608	A	6	0	606	24.1650165016502
A_PB1	1531	613	A	1	0	613	23.1647634584013
A_PB1	1532	612	G	2	0	609	22.3366174055829
A_PB1	1533	601	T	13	0	595	22.5193277310924
A_PB1	1534	609	T	5	0	607	22.7215815485997
A_PB1	1535	612	T	2	0	608	25.0394736842105
A_PB1	1536	608	T	6	0	604	27.1523178807947
A_PB1	1537	605	G	9	0	594	23.7138047138047
A_PB1	1538	608	G	6	0	605	21.004958677686
A_PB1	1539	609	A	5	0	605	21.0214876033058
A_PB1	1540	610	G	4	0	598	20.9214046822742
A_PB1	1541	612	T	2	0	609	20.6847290640394
A_PB1	1542	608	G	6	0	595	21.2655462184874
A_PB1	1543	608	T	6	0	606	20.1419141914191
A_PB1	1544	604	C	10	0	590	20.5966101694915
A_PB1	1545	607	T	7	0	605	20.5338842975207
A_PB1	1546	594	G	20	0	591	21.1539763113367
A_PB1	1547	612	G	2	0	606	23.1600660066007
A_PB1	1548	611	A	3	0	609	23.4220032840723
A_PB1	1549	612	A	2	0	602	24.0332225913621
A_PB1	1550	610	T	3	0	603	22.2388059701493
A_PB1	1551	609	A	3	0	597	20.787269681742
A_PB1	1552	609	A	3	0	607	20.3937397034596
A_PB1	1553	607	A	5	0	603	20.8955223880597
A_PB1	1554	607	C	5	0	600	20.42
A_PB1	1555	587	G	25	0	539	17.2244897959184
A_PB1	1556	609	A	3	0	599	16.1435726210351
A_PB1	1557	606	G	6	0	602	15.9900332225914
A_PB1	1558	608	T	4	0	605	16.8710743801653
A_PB1	1559	603	C	9	0	582	19.0910652920962
A_PB1	1560	609	A	3	0	604	18.6274834437086
A_PB1	1561	605	G	7	0	600	19.1416666666667
A_PB1	1562	611	C	1	0	609	19.6141215106732
A_PB1	1563	611	T	1	0	608	21.3651315789474
A_PB1	1564	612	G	0	0	609	21.7848932676519
A_PB1	1565	610	A	2	0	606	22
A_PB1	1566	608	C	3	0	604	22.2582781456954
A_PB1	1567	610	A	1	0	603	20.8275290215589
A_PB1	1568	611	T	0	0	609	21.1083743842365
A_PB1	1569	608	G	3	0	601	19.7487520798669
A_PB1	1570	608	A	3	0	603	19.742951907131
A_PB1	1571	599	G	11	0	598	20.6254180602007
A_PB1	1572	607	C	3	0	604	20.953642384106
A_PB1	1573	607	A	3	0	605	21.5074380165289
A_PB1	1574	605	T	5	0	603	20.2039800995025
A_PB1	1575	608	T	2	0	605	20.998347107438
A_PB1	1576	607	G	2	0	604	20.5513245033113
A_PB1	1577	605	G	3	0	597	20.4154103852596
A_PB1	1578	605	A	3	0	603	22.5207296849088
A_PB1	1579	605	G	3	0	600	22.5866666666667
A_PB1	1580	605	T	3	0	598	20.443143812709
A_PB1	1581	606	A	2	0	601	20.2745424292845
A_PB1	1582	606	A	2	0	603	20.0049751243781
A_PB1	1583	606	C	2	0	604	20.8294701986755
A_PB1	1584	605	A	3	0	601	23
A_PB1	1585	605	G	3	0	605	22.7818181818182
A_PB1	1586	604	T	4	0	604	22.6175496688742
A_PB1	1587	604	G	4	0	598	22.1839464882943
A_PB1	1588	603	A	5	0	600	22.0816666666667
A_PB1	1589	604	T	4	0	603	21.2553897180763
A_PB1	1590	599	A	9	0	596	21.3456375838926
A_PB1	1591	602	A	6	0	599	21.4424040066778
A_PB1	1592	603	A	5	0	597	22.2462311557789
A_PB1	1593	602	G	6	0	596	22.8506711409396
A_PB1	1594	604	A	4	0	597	22.4556113902848
A_PB1	1595	606	A	2	0	601	22.0748752079867
A_PB1	1596	604	C	4	0	599	21.5893155258765
A_PB1	1597	606	A	2	0	601	21.3826955074875
A_PB1	1598	606	A	1	0	603	21.0315091210614
A_PB1	1599	606	C	1	0	605	21.495867768595
A_PB1	1600	605	A	2	0	602	21.6511627906977
A_PB1	1601	606	T	1	0	603	22.2653399668325
A_PB1	1602	604	G	2	0	597	21.9782244556114
A_PB1	1603	604	A	2	0	602	21.5448504983389
A_PB1	1604	603	T	3	0	599	20.6410684474124
A_PB1	1605	598	A	8	0	594	20.5572390572391
A_PB1	1606	604	A	2	0	599	20.5058430717863
A_PB1	1607	603	A	3	0	599	21.2904841402337
A_PB1	1608	602	T	4	0	598	22.1772575250836
A_PB1	1609	604	A	1	0	598	21.9280936454849
A_PB1	1610	604	A	1	0	600	21.905
A_PB1	1611	604	T	1	0	602	22.5598006644518
A_PB1	1612	601	G	3	0	590	23.3050847457627
A_PB1	1613	601	A	3	0	595	22.8319327731092
A_PB1	1614	601	C	3	0	597	23.3132328308208
A_PB1	1615	603	C	1	0	595	23.5563025210084
A_PB1	1616	601	T	3	0	597	23.5829145728643
A_PB1	1617	601	T	3	0	600	26.1216666666667
A_PB1	1618	597	G	5	0	591	22.082910321489
A_PB1	1619	600	G	2	0	596	21.0604026845638
A_PB1	1620	602	A	0	0	600	21.2316666666667
A_PB1	1621	599	C	3	0	593	21.4215851602024
A_PB1	1622	600	C	1	0	598	21.1722408026756
A_PB1	1623	600	A	1	0	598	22.8361204013378
A_PB1	1624	595	G	5	0	593	22.6981450252951
A_PB1	1625	598	C	2	0	596	23.3808724832215
A_PB1	1626	599	A	1	0	596	22.751677852349
A_PB1	1627	598	A	1	0	596	22.2315436241611
A_PB1	1628	597	C	2	0	594	23.4141414141414
A_PB1	1629	598	A	1	0	597	23.0469011725293
A_PB1	1630	595	G	4	0	591	22.9678510998308
A_PB1	1631	593	C	6	0	590	23.9525423728814
A_PB1	1632	596	C	3	0	593	24.5025295109612
A_PB1	1633	596	C	3	0	590	25.4084745762712
A_PB1	1634	594	A	5	0	587	26.6405451448041
A_PB1	1635	596	A	2	0	594	26.8686868686869
A_PB1	1636	597	A	1	0	595	25.2521008403361
A_PB1	1637	596	T	2	0	593	25.9021922428331
A_PB1	1638	594	G	3	0	593	25.2276559865093
A_PB1	1639	594	G	3	0	590	24.2067796610169
A_PB1	1640	593	C	4	0	588	24.2857142857143
A_PB1	1641	594	T	3	0	589	24.1052631578947
A_PB1	1642	594	C	3	0	569	23.3216168717047
A_PB1	1643	596	T	1	0	593	25.6677908937605
A_PB1	1644	590	C	5	0	583	25.4030874785592
A_PB1	1645	594	C	1	0	589	23.7945670628183
A_PB1	1646	594	A	1	0	592	24.7297297297297
A_PB1	1647	594	A	0	0	593	24.460370994941
A_PB1	1648	593	T	1	0	590	22.6983050847458
A_PB1	1649	591	T	2	0	587	24.3798977853492
A_PB1	1650	591	G	2	0	588	22.5425170068027
A_PB1	1651	590	T	2	0	587	22.0971039182283
A_PB1	1652	592	T	0	0	589	22.3735144312394
A_PB1	1653	592	C	0	0	586	21.5170648464164
A_PB1	1654	592	A	0	0	590	20.9033898305085
A_PB1	1655	592	T	0	0	592	21.9425675675676
A_PB1	1656	588	C	3	0	581	21.9414802065404
A_PB1	1657	588	A	3	0	585	22.3880341880342
A_PB1	1658	589	A	0	0	587	22.7274275979557
A_PB1	1659	589	A	0	0	585	24.2461538461538
A_PB1	1660	588	G	1	0	582	23.4054982817869
A_PB1	1661	585	A	4	0	582	21.5240549828179
A_PB1	1662	585	T	4	0	581	20.3528399311532
A_PB1	1663	587	T	2	0	582	19.7388316151203
A_PB1	1664	586	A	3	0	578	19.8269896193772
A_PB1	1665	585	C	4	0	584	20.3972602739726
A_PB1	1666	586	A	3	0	580	21.5206896551724
A_PB1	1667	586	G	3	0	582	21.9020618556701
A_PB1	1668	585	A	4	0	579	21.6442141623489
A_PB1	1669	586	T	3	0	582	20.7182130584192
A_PB1	1670	581	A	8	0	575	20.8295652173913
A_PB1	1671	584	C	5	0	578	21.3287197231834
A_PB1	1672	585	A	2	0	577	21.3084922010399
A_PB1	1673	582	C	4	0	576	23.4010416666667
A_PB1	1674	583	G	3	0	559	19.0286225402504
A_PB1	1675	584	T	2	0	583	18.5951972555746
A_PB1	1676	585	A	1	0	580	18.7655172413793
A_PB1	1677	584	T	2	0	583	18.7255574614065
A_PB1	1678	576	C	10	0	538	19.4758364312268
A_PB1	1679	586	G	0	0	549	16.5828779599271
A_PB1	1680	586	G	0	0	585	15.9247863247863
A_PB1	1681	586	T	0	0	578	16.461937716263
A_PB1	1682	581	G	5	0	581	17.7469879518072
A_PB1	1683	576	C	10	0	574	23.7822299651568
A_PB1	1684	576	C	9	0	553	20.625678119349
A_PB1	1685	574	A	11	0	550	19.5854545454545
A_PB1	1686	574	T	11	0	571	17.9141856392294
A_PB1	1687	538	A	47	0	528	16.4185606060606
A_PB1	1688	552	G	33	0	549	15.1384335154827
A_PB1	1689	550	A	35	0	543	16.0441988950276
A_PB1	1690	584	G	1	0	584	17.4965753424658
A_PB1	1691	581	G	3	0	578	18.3131487889273
A_PB1	1692	579	A	5	0	577	18.051993067591
A_PB1	1693	567	G	17	0	559	21.1574239713775
A_PB1	1694	573	A	10	0	568	20.7728873239437
A_PB1	1695	571	C	12	0	570	21.359649122807
A_PB1	1696	581	A	2	0	570	20.7
A_PB1	1697	581	C	2	0	580	30.2827586206897
A_PB1	1698	580	A	3	0	578	37.9204152249135
A_PB1	1699	579	C	3	0	578	52.8806228373702
A_PB1	1700	574	A	8	0	572	26.7674825174825
A_PB1	1701	582	A	0	0	580	21.0362068965517
A_PB1	1702	581	A	0	0	574	22.9547038327526
A_PB1	1703	581	T	0	0	578	21.8010380622837
A_PB1	1704	578	C	3	0	571	22.2907180385289
A_PB1	1705	579	C	2	0	570	22.8421052631579
A_PB1	1706	579	A	3	0	571	21.9614711033275
A_PB1	1707	582	A	0	0	578	23.8425605536332
A_PB1	1708	582	A	0	0	580	23.3448275862069
A_PB1	1709	582	C	0	0	577	22.6741767764298
A_PB1	1710	569	A	13	0	567	22.4391534391534
A_PB1	1711	568	A	14	0	561	21.4777183600713
A_PB1	1712	567	G	15	0	562	20.2633451957295
A_PB1	1713	580	A	2	0	578	20.1522491349481
A_PB1	1714	575	A	7	0	569	20.3673110720562
A_PB1	1715	574	G	8	0	554	19.1985559566787
A_PB1	1716	574	A	8	0	569	19.9138840070299
A_PB1	1717	579	T	3	0	574	18.9721254355401
A_PB1	1718	578	C	4	0	557	18.7450628366248
A_PB1	1719	578	A	4	0	570	18.9035087719298
A_PB1	1720	558	T	24	0	546	18.8772893772894
A_PB1	1721	569	T	13	0	555	19.9351351351351
A_PB1	1722	536	C	45	0	508	19.1909448818898
A_PB1	1723	567	G	14	0	560	16.8446428571429
A_PB1	1724	575	A	6	0	560	17.4571428571429
A_PB1	1725	572	G	9	0	557	17.2764811490126
A_PB1	1726	575	A	6	0	570	19.0315789473684
A_PB1	1727	573	T	8	0	569	20.2706502636204
A_PB1	1728	564	A	17	0	550	19.0781818181818
A_PB1	1729	569	A	12	0	558	20.0250896057348
A_PB1	1730	570	A	11	0	559	20.1967799642218
A_PB1	1731	569	G	11	0	563	22.0639431616341
A_PB1	1732	568	A	12	0	565	21.6106194690265
A_PB1	1733	573	A	7	0	567	21.626102292769
A_PB1	1734	572	G	8	0	568	21.169014084507
A_PB1	1735	579	C	1	0	574	21.6236933797909
A_PB1	1736	578	T	2	0	575	22.8626086956522
A_PB1	1737	577	G	3	0	573	22.9703315881326
A_PB1	1738	578	T	1	0	576	24.0329861111111
A_PB1	1739	547	G	32	0	543	23.8710865561694
A_PB1	1740	569	G	10	0	558	21.8189964157706
A_PB1	1741	577	G	2	0	571	21.1768826619965
A_PB1	1742	578	A	1	0	576	21.4392361111111
A_PB1	1743	579	T	0	0	574	20.2717770034843
A_PB1	1744	577	C	2	0	544	20.6838235294118
A_PB1	1745	577	A	2	0	571	20.260945709282
A_PB1	1746	579	A	0	0	578	19.6799307958477
A_PB1	1747	579	A	0	0	576	22.0486111111111
A_PB1	1748	578	C	1	0	573	23.5584642233857
A_PB1	1749	578	C	1	0	571	23.7950963222417
A_PB1	1750	579	C	0	0	573	23.935427574171
A_PB1	1751	578	A	0	0	575	23.4782608695652
A_PB1	1752	578	A	0	0	575	22.7947826086957
A_PB1	1753	578	T	0	0	574	21.4076655052265
A_PB1	1754	569	C	9	0	509	20.0687622789784
A_PB1	1755	570	A	8	0	536	19.7798507462687
A_PB1	1756	574	A	3	0	573	19.2460732984293
A_PB1	1757	572	A	5	0	570	21.0561403508772
A_PB1	1758	572	G	5	0	544	21.5827205882353
A_PB1	1759	558	A	20	0	552	21.5199275362319
A_PB1	1760	578	C	0	0	575	19.9704347826087
A_PB1	1761	569	A	9	0	565	19.5327433628319
A_PB1	1762	574	G	4	0	571	20.3800350262697
A_PB1	1763	568	G	9	0	565	21.2690265486726
A_PB1	1764	563	A	14	0	555	21.1459459459459
A_PB1	1765	565	T	12	0	558	20.7060931899642
A_PB1	1766	561	T	16	0	552	20.5978260869565
A_PB1	1767	562	A	15	0	555	20.2072072072072
A_PB1	1768	575	T	2	0	570	19.8210526315789
A_PB1	1769	576	T	1	0	573	20.5706806282722
A_PB1	1770	574	G	3	0	571	19.9684763572679
A_PB1	1771	575	G	2	0	573	21.0855148342059
A_PB1	1772	576	T	1	0	573	21.0471204188482
A_PB1	1773	573	A	4	0	571	20.6549912434326
A_PB1	1774	574	T	3	0	570	19.8385964912281
A_PB1	1775	567	C	10	0	562	19.5711743772242
A_PB1	1776	572	A	5	0	564	19.5195035460993
A_PB1	1777	573	G	4	0	570	19.4666666666667
A_PB1	1778	574	A	3	0	572	21.1083916083916
A_PB1	1779	574	T	3	0	572	21.513986013986
A_PB1	1780	538	G	39	0	535	19.2616822429907
A_PB1	1781	568	G	9	0	566	19.643109540636
A_PB1	1782	574	G	1	0	568	20.2042253521127
A_PB1	1783	575	G	0	0	572	26.5192307692308
A_PB1	1784	573	G	2	0	559	26.1502683363148
A_PB1	1785	571	A	4	0	562	22.9466192170818
A_PB1	1786	570	C	5	0	557	19.9856373429084
A_PB1	1787	572	C	2	0	551	20.1887477313975
A_PB1	1788	569	A	4	0	559	20.6869409660107
A_PB1	1789	570	A	3	0	567	21.8853615520282
A_PB1	1790	569	A	4	0	561	22.632798573975
A_PB1	1791	568	C	5	0	551	21.1270417422868
A_PB1	1792	565	T	8	0	555	20.4324324324324
A_PB1	1793	569	T	4	0	563	19.9218472468917
A_PB1	1794	565	A	8	0	547	18.1425959780622
A_PB1	1795	567	T	6	0	561	17.8716577540107
A_PB1	1796	560	A	13	0	540	18.2814814814815
A_PB1	1797	566	C	6	0	554	18.1480144404332
A_PB1	1798	567	A	5	0	546	18.2802197802198
A_PB1	1799	566	A	6	0	563	18.8348134991119
A_PB1	1800	565	T	7	0	563	19.2984014209591
A_PB1	1801	567	A	5	0	554	20.2960288808664
A_PB1	1802	571	T	1	0	570	21.7824561403509
A_PB1	1803	566	C	6	0	533	20.6604127579737
A_PB1	1804	570	C	2	0	557	19.9407540394973
A_PB1	1805	540	G	32	0	486	18.4547325102881
A_PB1	1806	568	A	4	0	565	17.1769911504425
A_PB1	1807	572	A	0	0	570	17.2789473684211
A_PB1	1808	572	A	0	0	571	21.3362521891419
A_PB1	1809	569	T	2	0	564	23.386524822695
A_PB1	1810	562	C	9	0	518	19.9787644787645
A_PB1	1811	564	T	7	0	553	19.2169981916817
A_PB1	1812	565	T	6	0	552	19.0760869565217
A_PB1	1813	560	C	11	0	546	17.0311355311355
A_PB1	1814	568	A	3	0	558	18.6093189964158
A_PB1	1815	568	C	3	0	568	19.8116197183099
A_PB1	1816	566	A	5	0	564	22.136524822695
A_PB1	1817	570	T	1	0	569	21.5430579964851
A_PB1	1818	550	C	21	0	543	22.171270718232
A_PB1	1819	571	C	0	0	571	22.5306479859895
A_PB1	1820	570	C	1	0	570	24.4526315789474
A_PB1	1821	569	T	2	0	568	25.4119718309859
A_PB1	1822	564	G	7	0	562	27.6921708185053
A_PB1	1823	567	A	4	0	566	26.5053003533569
A_PB1	1824	570	A	1	0	570	25.559649122807
A_PB1	1825	570	G	1	0	570	24.6964912280702
A_PB1	1826	568	T	3	0	566	24.5459363957597
A_PB1	1827	568	C	3	0	563	23.9413854351687
A_PB1	1828	567	T	3	0	566	24.2968197879859
A_PB1	1829	567	G	3	0	565	24.8159292035398
A_PB1	1830	569	C	1	0	567	27.6772486772487
A_PB1	1831	569	T	0	0	568	27.5739436619718
A_PB1	1832	567	G	2	0	566	27.3886925795053
A_PB1	1833	568	G	1	0	567	27.4955908289242
A_PB1	1834	564	A	5	0	560	27.2178571428571
A_PB1	1835	569	A	0	0	569	28.6115992970123
A_PB1	1836	569	G	0	0	567	26.9594356261023
A_PB1	1837	569	T	0	0	568	27.2640845070423
A_PB1	1838	555	G	13	0	552	26.3007246376812
A_PB1	1839	565	G	3	0	562	27.0533807829182
A_PB1	1840	566	G	2	0	565	25.8991150442478
A_PB1	1841	564	A	4	0	562	27.7491103202847
A_PB1	1842	565	G	3	0	558	25.9086021505376
A_PB1	1843	562	C	6	0	556	25.2356115107914
A_PB1	1844	561	T	7	0	559	24.9982110912343
A_PB1	1845	564	G	4	0	545	24.2697247706422
A_PB1	1846	565	A	3	0	564	23.8829787234043
A_PB1	1847	566	T	2	0	563	23.7833037300178
A_PB1	1848	559	G	9	0	523	21.9464627151052
A_PB1	1849	564	G	4	0	555	21.2684684684685
A_PB1	1850	565	A	3	0	562	21.4679715302491
A_PB1	1851	563	T	5	0	558	22.3835125448029
A_PB1	1852	557	G	11	0	526	23.8764258555133
A_PB1	1853	559	A	9	0	552	22.8333333333333
A_PB1	1854	560	C	8	0	548	23.3540145985401
A_PB1	1855	564	A	4	0	524	22.1545801526718
A_PB1	1856	566	A	2	0	562	20.6334519572954
A_PB1	1857	560	T	8	0	553	21.0886075949367
A_PB1	1858	562	T	6	0	552	21.8152173913043
A_PB1	1859	562	A	6	0	530	20.0849056603774
A_PB1	1860	565	T	3	0	563	19.8312611012433
A_PB1	1861	477	C	90	0	430	18.1767441860465
A_PB1	1862	551	G	16	0	524	14.7156488549618
A_PB1	1863	564	G	3	0	548	14.8375912408759
A_PB1	1864	566	G	1	0	562	16.346975088968
A_PB1	1865	564	G	3	0	546	24.7032967032967
A_PB1	1866	564	A	3	0	564	24.5797872340426
A_PB1	1867	566	A	1	0	561	25.4224598930481
A_PB1	1868	560	G	7	0	540	22.0666666666667
A_PB1	1869	538	A	29	0	523	22.1051625239006
A_PB1	1870	543	C	23	0	529	20.82797731569
A_PB1	1871	473	T	93	0	453	21.5629139072848
A_PB1	1872	557	T	9	0	542	21.2380073800738
A_PB1	1873	560	T	5	0	556	22.0395683453237
A_PB1	1874	560	G	5	0	550	18.6472727272727
A_PB1	1875	567	T	3	0	559	20.1914132379249
A_PB1	1876	568	A	2	0	559	21.1484794275492
A_PB1	1877	563	A	7	0	557	20.4039497307002
A_PB1	1878	561	T	8	0	556	21.0017985611511
A_PB1	1879	547	C	22	0	535	21.6130841121495
A_PB1	1880	559	C	10	0	553	21.8860759493671
A_PB1	1881	564	C	5	0	562	23.6281138790036
A_PB1	1882	562	C	7	0	554	27.3086642599278
A_PB1	1883	548	T	20	0	546	26.2967032967033
A_PB1	1884	558	G	10	0	544	21.0073529411765
A_PB1	1885	566	A	3	0	565	20.5061946902655
A_PB1	1886	569	A	0	0	568	20.7834507042254
A_PB1	1887	568	T	0	0	566	20.8816254416961
A_PB1	1888	566	C	2	0	556	22.8345323741007
A_PB1	1889	568	C	0	0	561	24.0249554367201
A_PB1	1890	567	C	1	0	560	24.5571428571429
A_PB1	1891	567	T	1	0	566	26.9558303886926
A_PB1	1892	565	T	1	0	563	25.8365896980462
A_PB1	1893	565	T	1	0	564	26.6081560283688
A_PB1	1894	565	G	1	0	564	23.9024822695035
A_PB1	1895	564	T	2	0	562	24.5782918149466
A_PB1	1896	565	C	1	0	556	25.0179856115108
A_PB1	1897	565	A	1	0	561	24.0427807486631
A_PB1	1898	565	G	1	0	562	23.7508896797153
A_PB1	1899	566	C	0	0	566	25.0618374558304
A_PB1	1900	565	C	1	0	563	25.7637655417407
A_PB1	1901	565	A	1	0	562	26.5978647686833
A_PB1	1902	564	T	2	0	561	24.5846702317291
A_PB1	1903	558	A	8	0	555	23.2990990990991
A_PB1	1904	556	A	10	0	554	23.2671480144404
A_PB1	1905	558	A	8	0	556	24.1223021582734
A_PB1	1906	559	G	6	0	557	25.4165170556553
A_PB1	1907	563	A	2	0	559	26.093023255814
A_PB1	1908	573	A	2	0	569	25.311072056239
A_PB1	1909	572	A	3	0	568	25.931338028169
A_PB1	1910	571	T	4	0	568	25.419014084507
A_PB1	1911	574	T	1	0	569	25.1757469244288
A_PB1	1912	574	G	1	0	567	24.2539682539683
A_PB1	1913	574	A	1	0	572	23.7587412587413
A_PB1	1914	564	A	11	0	562	24.346975088968
A_PB1	1915	561	T	13	0	555	23.0846846846847
A_PB1	1916	558	C	15	0	551	23.5372050816697
A_PB1	1917	556	T	17	0	556	23.8507194244604
A_PB1	1918	559	G	14	0	554	23.8176895306859
A_PB1	1919	570	T	3	0	566	23.1943462897527
A_PB1	1920	566	A	7	0	560	22.5178571428571
A_PB1	1921	571	A	2	0	568	22.1707746478873
A_PB1	1922	572	A	1	0	568	23.3732394366197
A_PB1	1923	570	C	3	0	567	24.7407407407407
A_PB1	1924	570	A	3	0	565	23.4159292035398
A_PB1	1925	570	A	3	0	567	22.9664902998236
A_PB1	1926	568	T	4	0	565	23.5893805309735
A_PB1	1927	568	G	4	0	563	23.6465364120782
A_PB1	1928	569	C	3	0	562	24.7811387900356
A_PB1	1929	570	T	2	0	566	25.9646643109541
A_PB1	1930	569	G	3	0	563	26.7051509769094
A_PB1	1931	567	T	4	0	561	23.9893048128342
A_PB1	1932	568	A	3	0	561	22.2032085561497
A_PB1	1933	567	G	4	0	564	21.563829787234
A_PB1	1934	570	T	3	0	569	20.1968365553603
A_PB1	1935	570	A	3	0	561	21.2139037433155
A_PB1	1936	570	A	3	0	569	21.2355008787346
A_PB1	1937	571	T	1	0	569	21.6449912126538
A_PB1	1938	570	G	2	0	567	23.8183421516755
A_PB1	1939	558	C	14	0	554	24.7436823104693
A_PB1	1940	571	C	1	0	566	25.0194346289753
A_PB1	1941	570	A	1	0	566	24.2950530035336
A_PB1	1942	568	G	2	0	565	24.3486725663717
A_PB1	1943	568	C	2	0	566	24.4487632508834
A_PB1	1944	568	T	2	0	568	24.7447183098592
A_PB1	1945	567	C	3	0	558	24.2204301075269
A_PB1	1946	567	A	3	0	564	22.8599290780142
A_PB1	1947	565	T	5	0	565	23.5982300884956
A_PB1	1948	563	G	6	0	540	20.8925925925926
A_PB1	1949	565	G	6	0	558	20.3243727598566
A_PB1	1950	566	T	5	0	559	20.2647584973166
A_PB1	1951	563	C	8	0	550	20.0654545454545
A_PB1	1952	564	C	6	0	545	20.9229357798165
A_PB1	1953	549	G	20	0	530	18.9849056603774
A_PB1	1954	560	G	9	0	551	18.3629764065336
A_PB1	1955	561	C	8	0	559	17.9516994633274
A_PB1	1956	563	C	6	0	551	19.9219600725953
A_PB1	1957	555	A	14	0	549	22.4826958105647
A_PB1	1958	567	A	2	0	561	22.8823529411765
A_PB1	1959	568	A	1	0	567	22.6560846560847
A_PB1	1960	566	A	3	0	560	24.9535714285714
A_PB1	1961	564	G	5	0	553	23.1971066907776
A_PB1	1962	555	T	14	0	551	21.3883847549909
A_PB1	1963	516	A	52	0	496	19.9677419354839
A_PB1	1964	502	T	66	0	498	19.3915662650602
A_PB1	1965	490	G	78	0	476	21.0357142857143
A_PB1	1966	530	G	37	0	507	20.0059171597633
A_PB1	1967	548	A	26	0	510	21.9843137254902
A_PB1	1968	559	A	15	0	557	22.5780969479354
A_PB1	1969	559	T	14	0	538	21.2434944237918
A_PB1	1970	569	A	4	0	549	19.9799635701275
A_PB1	1971	566	T	6	0	560	20.0392857142857
A_PB1	1972	564	G	8	0	545	19.9321100917431
A_PB1	1973	569	A	4	0	565	19.7115044247788
A_PB1	1974	570	T	2	0	567	20.8042328042328
A_PB1	1975	567	G	5	0	547	20.8446069469835
A_PB1	1976	566	C	6	0	559	21.1431127012522
A_PB1	1977	517	C	55	0	499	21.6693386773547
A_PB1	1978	519	G	53	0	496	19.7661290322581
A_PB1	1979	554	T	18	0	507	19.1834319526627
A_PB1	1980	558	T	14	0	545	18.7284403669725
A_PB1	1981	543	G	29	0	520	19.5692307692308
A_PB1	1982	555	C	17	0	525	19.872380952381
A_PB1	1983	555	G	16	0	527	18.4079696394687
A_PB1	1984	558	A	13	0	553	17.2115732368897
A_PB1	1985	565	C	6	0	549	18.4626593806922
A_PB1	1986	566	T	6	0	564	19.1666666666667
A_PB1	1987	544	A	28	0	539	20.2115027829314
A_PB1	1988	553	C	18	0	548	20.1386861313869
A_PB1	1989	566	A	5	0	552	20.6159420289855
A_PB1	1990	566	C	5	0	565	26.0371681415929
A_PB1	1991	566	A	5	0	543	42.5893186003683
A_PB1	1992	567	C	4	0	562	25.9661921708185
A_PB1	1993	570	T	1	0	563	22.9769094138544
A_PB1	1994	569	C	2	0	566	22.4363957597173
A_PB1	1995	570	C	1	0	570	24.159649122807
A_PB1	1996	570	T	1	0	565	24.8247787610619
A_PB1	1997	565	G	6	0	543	24.377532228361
A_PB1	1998	568	G	2	0	554	23.4061371841155
A_PB1	1999	568	A	2	0	564	21.8971631205674
A_PB1	2000	568	T	1	0	564	21.8510638297872
A_PB1	2001	567	T	1	0	559	23.2844364937388
A_PB1	2002	546	C	22	0	535	23.9271028037383
A_PB1	2003	565	C	2	0	564	24.9237588652482
A_PB1	2004	560	C	7	0	554	27.14440433213
A_PB1	2005	551	A	16	0	549	24.3734061930783
A_PB1	2006	558	A	9	0	557	26.9425493716338
A_PB1	2007	560	A	7	0	557	27.689407540395
A_PB1	2008	559	A	7	0	557	29.3554757630162
A_PB1	2009	559	G	6	0	556	27.9712230215827
A_PB1	2010	563	G	2	0	558	25.7688172043011
A_PB1	2011	562	A	2	0	557	24.0825852782765
A_PB1	2012	561	A	3	0	557	25.5008976660682
A_PB1	2013	558	C	4	0	553	24.6672694394213
A_PB1	2014	558	C	4	0	550	23.6927272727273
A_PB1	2015	558	G	4	0	551	22.032667876588
A_PB1	2016	560	C	2	0	559	22.2862254025045
A_PB1	2017	560	T	2	0	555	22.9171171171171
A_PB1	2018	555	C	7	0	545	24.3266055045872
A_PB1	2019	557	T	6	0	551	27.4827586206897
A_PB1	2020	555	A	8	0	548	24.6021897810219
A_PB1	2021	561	T	2	0	550	23.9563636363636
A_PB1	2022	562	T	1	0	556	24.0539568345324
A_PB1	2023	559	C	4	0	550	24.02
A_PB1	2024	561	T	2	0	559	24.695885509839
A_PB1	2025	559	A	4	0	553	25.1066907775769
A_PB1	2026	563	A	0	0	556	24.5377697841727
A_PB1	2027	564	A	0	0	563	24.9484902309059
A_PB1	2028	563	C	1	0	561	25.8021390374332
A_PB1	2029	564	A	0	0	557	24.0879712746858
A_PB1	2030	564	C	0	0	562	30.297153024911
A_PB1	2031	562	A	2	0	560	26.1071428571429
A_PB1	2032	564	A	0	0	562	23.6761565836299
A_PB1	2033	564	G	0	0	562	24.8238434163701
A_PB1	2034	563	C	1	0	561	25.3939393939394
A_PB1	2035	563	C	0	0	561	26.0641711229947
A_PB1	2036	560	A	3	0	556	26.294964028777
A_PB1	2037	562	A	0	0	560	27.9553571428571
A_PB1	2038	561	A	0	0	557	26.0143626570916
A_PB1	2039	550	G	11	0	548	26.5182481751825
A_PB1	2040	557	G	3	0	557	27.9910233393178
A_PB1	2041	559	G	1	0	548	26.5802919708029
A_PB1	2042	559	G	1	0	533	27.5272045028143
A_PB1	2043	558	A	2	0	553	26.3236889692586
A_PB1	2044	549	A	11	0	541	24.7929759704251
A_PB1	2045	545	T	15	0	537	22.8324022346369
A_PB1	2046	539	T	21	0	535	23.5158878504673
A_PB1	2047	543	C	16	0	523	22.5028680688337
A_PB1	2048	536	T	23	0	524	22.4790076335878
A_PB1	2049	550	T	9	0	531	23.4821092278719
A_PB1	2050	545	G	13	0	526	20.9505703422053
A_PB1	2051	553	A	5	0	544	21.6672794117647
A_PB1	2052	540	G	18	0	525	23.447619047619
A_PB1	2053	554	G	4	0	550	22.0363636363636
A_PB1	2054	554	A	4	0	550	22.0036363636364
A_PB1	2055	554	T	4	0	549	23.0892531876138
A_PB1	2056	549	G	9	0	512	22.6875
A_PB1	2057	550	A	8	0	545	21.6587155963303
A_PB1	2058	552	A	6	0	547	21.7897623400366
A_PB1	2059	554	C	4	0	548	22.1386861313869
A_PB1	2060	552	A	6	0	536	23.134328358209
A_PB1	2061	556	A	2	0	542	22.7933579335793
A_PB1	2062	552	A	5	0	549	23.5355191256831
A_PB1	2063	548	T	9	0	543	24.0718232044199
A_PB1	2064	542	G	15	0	525	23.8990476190476
A_PB1	2065	543	T	14	0	531	21.9322033898305
A_PB1	2066	545	A	11	0	511	19.9921722113503
A_PB1	2067	541	C	15	0	537	18.9050279329609
A_PB1	2068	549	C	6	0	544	19.5698529411765
A_PB1	2069	549	A	6	0	542	19.9372693726937
A_PB1	2070	551	G	4	0	550	22.9163636363636
A_PB1	2071	554	A	1	0	550	23.7927272727273
A_PB1	2072	555	A	0	0	554	24.8483754512635
A_PB1	2073	554	A	1	0	553	25.7992766726944
A_PB1	2074	546	T	8	0	543	26.8268876611418
A_PB1	2075	545	G	9	0	541	24.9574861367837
A_PB1	2076	532	C	20	0	530	24.922641509434
A_PB1	2077	532	T	20	0	531	24.7909604519774
A_PB1	2078	528	G	24	0	524	24.6545801526718
A_PB1	2079	529	C	23	0	525	25.8190476190476
A_PB1	2080	529	A	23	0	524	24.0763358778626
A_PB1	2081	532	A	20	0	528	23.5056818181818
A_PB1	2082	532	C	20	0	529	24.7977315689981
A_PB1	2083	533	T	19	0	530	24.8981132075472
A_PB1	2084	541	T	17	0	536	27.1473880597015
A_PB1	2085	543	G	17	0	532	25.203007518797
A_PB1	2086	546	T	14	0	540	23.6851851851852
A_PB1	2087	540	T	19	0	535	22.9084112149533
A_PB1	2088	503	C	54	0	482	19.9875518672199
A_PB1	2089	513	G	44	0	500	17.658
A_PB1	2090	532	A	25	0	529	16.8676748582231
A_PB1	2091	540	G	17	0	530	17.1905660377358
A_PB1	2092	545	A	12	0	539	18.1688311688312
A_PB1	2093	548	A	9	0	546	21.3956043956044
A_PB1	2094	547	A	11	0	544	23.4154411764706
A_PB1	2095	530	T	27	0	519	24.2215799614644
A_PB1	2096	539	T	18	0	524	23.1812977099237
A_PB1	2097	547	T	10	0	533	23.4240150093809
A_PB1	2098	547	T	10	0	541	24.8280961182994
A_PB1	2099	546	T	12	0	522	25.8716475095785
A_PB1	2100	511	C	47	0	498	23.6967871485944
A_PB1	2101	546	C	12	0	541	22.8539741219963
A_PB1	2102	555	C	3	0	551	23.1270417422868
A_PB1	2103	560	T	7	0	557	20.5601436265709
A_PB1	2104	565	A	2	0	541	20.7966728280961
A_PB1	2105	559	G	8	0	542	19.9723247232472
A_PB1	2106	565	T	2	0	563	19.7051509769094
A_PB1	2107	567	A	0	0	542	20.6328413284133
A_PB1	2108	567	G	0	0	548	20.1806569343066
A_PB1	2109	566	T	1	0	561	20.4616755793226
A_PB1	2110	564	T	3	0	561	21.8003565062389
A_PB1	2111	564	C	3	0	541	22.6118299445471
A_PB1	2112	563	A	4	0	550	22.6690909090909
A_PB1	2113	564	T	3	0	561	22.4206773618538
A_PB1	2114	565	A	2	0	554	21.4945848375451
A_PB1	2115	564	T	3	0	560	23.8303571428571
A_PB1	2116	543	A	24	0	520	20.4576923076923
A_PB1	2117	556	G	11	0	546	19.543956043956
A_PB1	2118	564	G	3	0	561	19.349376114082
A_PB1	2119	567	A	0	0	563	21.6216696269982
A_PB1	2120	563	G	4	0	550	23.7927272727273
A_PB1	2121	565	A	2	0	556	23.136690647482
A_PB1	2122	564	C	3	0	551	22.7822141560799
A_PB1	2123	561	C	6	0	532	21.859022556391
A_PB1	2124	558	G	9	0	528	20.0018939393939
A_PB1	2125	566	A	1	0	563	19.0017761989343
A_PB1	2126	558	T	9	0	554	19.0397111913357
A_PB1	2127	564	T	3	0	560	20.2142857142857
A_PB1	2128	552	G	15	0	546	20.507326007326
A_PB1	2129	565	G	1	0	554	21.658844765343
A_PB1	2130	561	A	5	0	561	23.0267379679144
A_PB1	2131	563	A	3	0	561	24.1176470588235
A_PB1	2132	561	T	5	0	545	22.7192660550459
A_PB1	2133	562	T	3	0	561	23.8128342245989
A_PB1	2134	557	T	8	0	550	24.3363636363636
A_PB1	2135	555	C	11	0	544	23.1764705882353
A_PB1	2136	557	T	9	0	551	24.7622504537205
A_PB1	2137	561	A	5	0	549	23.9326047358834
A_PB1	2138	557	G	8	0	549	22.9653916211293
A_PB1	2139	562	C	3	0	560	23.0428571428571
A_PB1	2140	562	A	3	0	553	23.1609403254973
A_PB1	2141	563	T	2	0	562	22.9572953736655
A_PB1	2142	564	G	1	0	561	23.379679144385
A_PB1	2143	565	G	0	0	564	23.0035460992908
A_PB1	2144	565	T	0	0	563	24.9378330373002
A_PB1	2145	562	G	3	0	559	25.4060822898032
A_PB1	2146	562	G	3	0	558	24.9318996415771
A_PB1	2147	562	A	3	0	557	24.818671454219
A_PB1	2148	564	G	1	0	563	24.0763765541741
A_PB1	2149	563	G	2	0	560	23.3857142857143
A_PB1	2150	564	C	1	0	561	23.6631016042781
A_PB1	2151	564	C	1	0	557	24.3913824057451
A_PB1	2152	564	A	1	0	559	23.9159212880143
A_PB1	2153	565	T	0	0	564	24.218085106383
A_PB1	2154	562	G	3	0	545	21.9247706422018
A_PB1	2155	557	G	8	0	548	20.6751824817518
A_PB1	2156	549	T	16	0	533	19.9587242026266
A_PB1	2157	552	A	13	0	527	19.831119544592
A_PB1	2158	559	T	6	0	556	19.6618705035971
A_PB1	2159	547	C	18	0	525	19.1942857142857
A_PB1	2160	544	T	21	0	520	18.7480769230769
A_PB1	2161	524	A	41	0	500	19.064
A_PB1	2162	543	G	22	0	529	19.2986767485822
A_PB1	2163	552	G	13	0	547	19.5740402193784
A_PB1	2164	549	G	16	0	537	21.5921787709497
A_PB1	2165	549	C	16	0	539	22.7402597402597
A_PB1	2166	559	C	6	0	555	22.9675675675676
A_PB1	2167	560	C	3	0	549	21.9143897996357
A_PB1	2168	559	G	4	0	532	20.0225563909774
A_PB1	2169	559	G	4	0	548	20.0237226277372
A_PB1	2170	560	A	2	0	555	19.6054054054054
A_PB1	2171	559	T	3	0	554	20.3014440433213
A_PB1	2172	561	T	1	0	554	22.7743682310469
A_PB1	2173	561	G	1	0	543	20.9318600368324
A_PB1	2174	563	A	2	0	560	21.0803571428571
A_PB1	2175	561	T	3	0	554	21.0902527075812
A_PB1	2176	560	G	3	0	553	21.0669077757685
A_PB1	2177	556	C	6	0	552	22.4927536231884
A_PB1	2178	560	C	2	0	555	23.0576576576577
A_PB1	2179	554	A	8	0	550	23.1
A_PB1	2180	549	G	10	0	544	22.8455882352941
A_PB1	2181	555	A	4	0	550	23.4345454545455
A_PB1	2182	559	A	0	0	554	23.2472924187726
A_PB1	2183	557	T	2	0	547	22.4149908592322
A_PB1	2184	558	T	1	0	556	23.7482014388489
A_PB1	2185	556	G	1	0	548	22.279197080292
A_PB1	2186	556	A	1	0	551	22.5825771324864
A_PB1	2187	557	C	0	0	553	22.8661844484629
A_PB1	2188	554	T	3	0	552	22.7300724637681
A_PB1	2189	555	T	2	0	550	23.62
A_PB1	2190	551	C	6	0	521	21.1976967370441
A_PB1	2191	538	G	19	0	503	18.9125248508946
A_PB1	2192	556	A	1	0	547	17.4149908592322
A_PB1	2193	555	G	2	0	548	17.3193430656934
A_PB1	2194	556	T	1	0	552	17.9583333333333
A_PB1	2195	514	C	43	0	478	18.9874476987448
A_PB1	2196	495	G	62	0	473	17.0824524312896
A_PB1	2197	552	G	5	0	510	16.9274509803922
A_PB1	2198	554	G	3	0	548	17.0656934306569
A_PB1	2199	553	A	4	0	550	20.0236363636364
A_PB1	2200	555	A	2	0	554	22.9963898916968
A_PB1	2201	554	G	3	0	541	22.7929759704251
A_PB1	2202	554	G	2	0	549	22.7905282331512
A_PB1	2203	521	A	34	0	497	22.2736418511066
A_PB1	2204	526	T	29	0	516	20.4767441860465
A_PB1	2205	545	T	9	0	522	19.8697318007663
A_PB1	2206	524	A	31	0	493	18.5192697768763
A_PB1	2207	540	A	15	0	538	18.5371747211896
A_PB1	2208	542	G	13	0	533	18.3977485928705
A_PB1	2209	535	A	20	0	518	20.3474903474903
A_PB1	2210	551	A	4	0	545	23.8128440366972
A_PB1	2211	547	G	8	0	546	23.0695970695971
A_PB1	2212	550	G	5	0	544	23.2352941176471
A_PB1	2213	548	A	7	0	540	25.2574074074074
A_PB1	2214	550	A	5	0	548	25.5711678832117
A_PB1	2215	547	G	8	0	535	24.4504672897196
A_PB1	2216	540	A	15	0	537	25.3072625698324
A_PB1	2217	545	G	10	0	540	24.5574074074074
A_PB1	2218	540	T	15	0	532	23.7894736842105
A_PB1	2219	541	T	14	0	535	24.018691588785
A_PB1	2220	535	C	20	0	522	23.5172413793103
A_PB1	2221	543	T	11	0	540	23.9592592592593
A_PB1	2222	535	C	19	0	529	31.8638941398866
A_PB1	2223	536	T	18	0	533	28.5909943714822
A_PB1	2224	530	G	24	0	518	24.9150579150579
A_PB1	2225	542	A	12	0	539	24.4638218923933
A_PB1	2226	545	G	9	0	539	23.9443413729128
A_PB1	2227	549	A	4	0	544	23.7702205882353
A_PB1	2228	549	T	4	0	541	23.9667282809612
A_PB1	2229	546	C	5	0	537	23.804469273743
A_PB1	2230	544	A	7	0	537	23.1117318435754
A_PB1	2231	547	T	4	0	543	22.6666666666667
A_PB1	2232	532	G	18	0	529	23.0434782608696
A_PB1	2233	540	A	10	0	533	22.7673545966229
A_PB1	2234	547	A	3	0	540	23.0185185185185
A_PB1	2235	546	G	4	0	538	23.0167286245353
A_PB1	2236	546	A	4	0	541	22.6210720887246
A_PB1	2237	545	T	5	0	541	22.7652495378928
A_PB1	2238	544	C	6	0	526	22.4068441064639
A_PB1	2239	543	T	7	0	541	23.0887245841035
A_PB1	2240	534	G	15	0	513	23.5692007797271
A_PB1	2241	545	T	4	0	538	21.8011152416357
A_PB1	2242	546	T	3	0	535	21.8878504672897
A_PB1	2243	544	C	5	0	536	20.794776119403
A_PB1	2244	548	C	1	0	543	23.1804788213628
A_PB1	2245	547	A	2	0	545	23.5376146788991
A_PB1	2246	547	C	2	0	544	26.2591911764706
A_PB1	2247	548	C	1	0	545	26.1376146788991
A_PB1	2248	547	A	2	0	544	24.0790441176471
A_PB1	2249	547	T	2	0	546	22.2161172161172
A_PB1	2250	547	T	2	0	541	22.090573012939
A_PB1	2251	547	G	2	0	540	22.0759259259259
A_PB1	2252	542	A	7	0	536	22.1791044776119
A_PB1	2253	546	A	3	0	541	23.2181146025878
A_PB1	2254	548	G	1	0	543	22.8139963167587
A_PB1	2255	545	A	4	0	542	22.2380073800738
A_PB1	2256	545	A	3	0	538	22.0576208178439
A_PB1	2257	545	C	2	0	538	21.4126394052045
A_PB1	2258	542	T	5	0	539	21.9072356215213
A_PB1	2259	536	C	10	0	517	20.926499032882
A_PB1	2260	537	A	8	0	528	20.3598484848485
A_PB1	2261	538	G	7	0	526	20.458174904943
A_PB1	2262	543	A	2	0	534	19.9756554307116
A_PB1	2263	543	C	2	0	537	19.780260707635
A_PB1	2264	541	G	2	0	521	17.190019193858
A_PB1	2265	542	G	1	0	542	16.7214022140221
A_PB1	2266	542	C	1	0	542	16.7952029520295
A_PB1	2267	543	A	0	0	540	18.3166666666667
A_PB1	2268	543	A	0	0	538	20.2304832713755
A_PB1	2269	542	A	0	0	534	19.749063670412
A_PB1	2270	537	A	0	0	537	21.2346368715084
A_PB1	2271	530	A	0	0	527	20.842504743833
A_PB1	2272	526	C	0	0	526	19.7794676806084
A_PB1	2273	515	A	0	0	515	18.8718446601942
A_PB1	2274	511	A	0	0	511	19.0313111545988
