Reference_Name	Position	Coverage Depth	Consensus	Deletions	Ambiguous	Consensus_Count	Consensus_Average_Quality
A_PB2	1	699	A	0	0	699	20.6824034334764
A_PB2	2	705	T	0	0	705	21.2297872340426
A_PB2	3	709	G	0	0	709	21.5486600846262
A_PB2	4	711	G	0	0	710	21.1338028169014
A_PB2	5	711	A	2	0	710	22.5676056338028
A_PB2	6	713	A	0	0	713	25.8639551192146
A_PB2	7	713	A	0	0	711	25.535864978903
A_PB2	8	713	G	0	0	699	25.6852646638054
A_PB2	9	711	A	2	0	708	22.2824858757062
A_PB2	10	713	A	0	0	710	21.6521126760563
A_PB2	11	713	T	0	0	711	18.7763713080169
A_PB2	12	698	A	15	0	690	18.463768115942
A_PB2	13	709	A	4	0	705	18.2553191489362
A_PB2	14	709	A	4	0	709	19.8998589562764
A_PB2	15	708	A	5	0	705	24.7276595744681
A_PB2	16	710	G	3	0	702	22.7521367521368
A_PB2	17	711	A	2	0	703	21.7652916073969
A_PB2	18	711	A	2	0	709	21.049365303244
A_PB2	19	707	C	6	0	706	20.8526912181303
A_PB2	20	713	T	0	0	711	20.4289732770745
A_PB2	21	709	A	4	0	699	20.3090128755365
A_PB2	22	692	C	21	0	690	19.4231884057971
A_PB2	23	697	G	16	0	689	16.2714078374456
A_PB2	24	705	G	8	0	695	16.2158273381295
A_PB2	25	707	A	6	0	705	16.2198581560284
A_PB2	26	708	A	5	0	699	18.2904148783977
A_PB2	27	708	T	5	0	703	19.8022759601707
A_PB2	28	706	C	7	0	670	19.5089552238806
A_PB2	29	709	T	5	0	704	19.2798295454545
A_PB2	30	712	A	2	0	704	18.8423295454545
A_PB2	31	713	A	1	0	709	20.3864598025388
A_PB2	32	713	T	1	0	711	22.1462728551336
A_PB2	33	712	G	2	0	691	22.068017366136
A_PB2	34	703	T	11	0	699	18.7467811158798
A_PB2	35	699	C	15	0	680	17.2514705882353
A_PB2	36	698	G	16	0	671	15.4321907600596
A_PB2	37	702	C	12	0	697	15.3185078909613
A_PB2	38	709	A	5	0	690	15.9304347826087
A_PB2	39	694	G	20	0	674	16.9940652818991
A_PB2	40	694	T	20	0	684	17.6315789473684
A_PB2	41	693	C	21	0	665	17.0210526315789
A_PB2	42	706	T	8	0	698	16.8166189111748
A_PB2	43	705	C	9	0	685	16.3985401459854
A_PB2	44	705	G	9	0	679	14.7378497790869
A_PB2	45	710	C	4	0	707	15.2998585572843
A_PB2	46	711	A	3	0	702	15.3105413105413
A_PB2	47	692	C	22	0	687	17.0305676855895
A_PB2	48	702	C	12	0	695	22.3712230215827
A_PB2	49	701	C	13	0	699	20.20886981402
A_PB2	50	693	G	21	0	650	17.82
A_PB2	51	705	C	9	0	691	17.0564399421129
A_PB2	52	688	G	26	0	671	14.9120715350224
A_PB2	53	706	A	8	0	694	14.6296829971182
A_PB2	54	709	G	5	0	702	15.0826210826211
A_PB2	55	703	A	11	0	689	16.6937590711176
A_PB2	56	710	T	4	0	703	17.0554765291607
A_PB2	57	706	A	8	0	639	16.1079812206573
A_PB2	58	701	C	13	0	693	15.7157287157287
A_PB2	59	710	T	4	0	707	15.3762376237624
A_PB2	60	696	G	18	0	683	15.3250366032211
A_PB2	61	699	A	15	0	689	16.044992743106
A_PB2	62	707	C	7	0	695	16.7064748201439
A_PB2	63	696	A	18	0	693	16.8759018759019
A_PB2	64	710	A	4	0	708	16.7937853107345
A_PB2	65	714	A	0	0	710	18.7549295774648
A_PB2	66	711	A	3	0	702	23.9316239316239
A_PB2	67	711	A	3	0	709	24.0677009873061
A_PB2	68	709	C	5	0	705	22.3687943262411
A_PB2	69	712	C	2	0	709	22.6488011283498
A_PB2	70	712	A	2	0	710	23.0042253521127
A_PB2	71	711	C	3	0	708	24.9943502824859
A_PB2	72	712	A	2	0	705	23.1985815602837
A_PB2	73	710	G	4	0	704	21.6846590909091
A_PB2	74	713	T	1	0	713	21.632538569425
A_PB2	75	712	G	2	0	712	21.2682584269663
A_PB2	76	714	G	0	0	713	20.5610098176718
A_PB2	77	714	A	0	0	709	21.0592383638928
A_PB2	78	713	C	1	0	712	20.9691011235955
A_PB2	79	712	C	2	0	707	20.8373408769448
A_PB2	80	704	A	10	0	697	21.7474892395983
A_PB2	81	704	T	10	0	701	19.3338088445078
A_PB2	82	710	A	4	0	707	18.9179632248939
A_PB2	83	713	T	1	0	712	18.9424157303371
A_PB2	84	713	G	1	0	712	18.3019662921348
A_PB2	85	713	G	1	0	713	20.5848527349229
A_PB2	86	713	C	1	0	713	22
A_PB2	87	712	C	2	0	710	23.5521126760563
A_PB2	88	713	A	1	0	710	23.0422535211268
A_PB2	89	713	T	1	0	709	21.1918194640339
A_PB2	90	713	A	1	0	698	19.202005730659
A_PB2	91	714	A	0	0	709	18.0056417489422
A_PB2	92	712	T	2	0	708	17.7909604519774
A_PB2	93	713	T	0	0	706	19.4957507082153
A_PB2	94	703	A	10	0	688	18.2441860465116
A_PB2	95	700	A	13	0	695	18.2388489208633
A_PB2	96	700	G	13	0	693	17.7792207792208
A_PB2	97	706	A	7	0	699	19.1902718168813
A_PB2	98	707	A	6	0	697	19.3758967001435
A_PB2	99	708	G	5	0	700	18.6657142857143
A_PB2	100	710	T	3	0	695	17.9280575539568
A_PB2	101	702	A	11	0	674	17.326409495549
A_PB2	102	703	C	10	0	700	17.5171428571429
A_PB2	103	708	A	5	0	685	17.5109489051095
A_PB2	104	710	C	3	0	710	23.0549295774648
A_PB2	105	711	A	2	0	702	18.8703703703704
A_PB2	106	711	T	2	0	710	17.6197183098592
A_PB2	107	597	C	116	0	556	15.6690647482014
A_PB2	108	690	G	23	0	684	13.3947368421053
A_PB2	109	709	G	4	0	702	13.6766381766382
A_PB2	110	711	G	2	0	709	14.7926657263752
A_PB2	111	713	G	0	0	707	24.0551626591231
A_PB2	112	713	A	0	0	712	23.4845505617978
A_PB2	113	708	G	5	0	682	19.033724340176
A_PB2	114	710	A	3	0	701	17.546362339515
A_PB2	115	712	C	1	0	705	17.0666666666667
A_PB2	116	690	A	23	0	680	15.9382352941176
A_PB2	117	705	G	8	0	703	17.4281650071124
A_PB2	118	702	G	11	0	700	18.5757142857143
A_PB2	119	656	A	57	0	616	19.3133116883117
A_PB2	120	708	A	5	0	703	22.3726884779516
A_PB2	121	709	A	4	0	706	23.0949008498584
A_PB2	122	709	A	4	0	696	22.7586206896552
A_PB2	123	709	G	4	0	698	21.3166189111748
A_PB2	124	710	A	3	0	705	17.8283687943262
A_PB2	125	713	A	0	0	711	17.5372714486639
A_PB2	126	682	C	31	0	591	16.9830795262267
A_PB2	127	713	C	0	0	708	18.8827683615819
A_PB2	128	712	C	1	0	689	18.6545718432511
A_PB2	129	710	G	3	0	602	14.9302325581395
A_PB2	130	711	T	1	0	708	14.5254237288136
A_PB2	131	709	C	3	0	700	14.4742857142857
A_PB2	132	711	A	1	0	707	15.2192362093352
A_PB2	133	710	C	2	0	708	20.1059322033898
A_PB2	134	691	T	21	0	686	20.1107871720117
A_PB2	135	710	T	2	0	699	18.9141630901288
A_PB2	136	694	A	18	0	683	17.5797950219619
A_PB2	137	711	G	1	0	692	17.0476878612717
A_PB2	138	708	A	4	0	707	18.005657708628
A_PB2	139	712	A	0	0	711	19.3628691983122
A_PB2	140	711	T	0	0	704	19.4176136363636
A_PB2	141	711	G	0	0	701	20.0014265335235
A_PB2	142	710	A	1	0	709	20.1354019746121
A_PB2	143	711	A	0	0	709	20.327221438646
A_PB2	144	706	A	5	0	705	22.1702127659574
A_PB2	145	706	T	5	0	704	23.3678977272727
A_PB2	146	706	G	5	0	702	21.7236467236467
A_PB2	147	706	G	5	0	702	21.6780626780627
A_PB2	148	706	A	5	0	706	21.828611898017
A_PB2	149	706	T	5	0	705	22.4340425531915
A_PB2	150	706	G	5	0	697	21.1018651362984
A_PB2	151	710	A	1	0	709	20.4739069111425
A_PB2	152	710	T	1	0	706	20.4320113314448
A_PB2	153	710	G	1	0	710	20.5169014084507
A_PB2	154	710	G	1	0	709	20.9421720733427
A_PB2	155	708	C	2	0	704	22.9829545454545
A_PB2	156	708	A	2	0	706	22.8838526912181
A_PB2	157	710	A	0	0	709	21.9929478138223
A_PB2	158	710	T	0	0	709	22.080394922426
A_PB2	159	710	G	0	0	706	21.128895184136
A_PB2	160	709	A	1	0	706	20.3271954674221
A_PB2	161	710	A	0	0	706	20.7563739376771
A_PB2	162	710	A	0	0	708	22.8121468926554
A_PB2	163	710	T	0	0	709	22.2609308885755
A_PB2	164	708	A	0	0	704	21.1164772727273
A_PB2	165	697	T	1	0	697	19.5925394548063
A_PB2	166	697	C	1	0	691	19.0506512301013
A_PB2	167	698	C	0	0	692	19.5260115606936
A_PB2	168	697	A	1	0	693	20.1197691197691
A_PB2	169	698	A	0	0	698	22.8180515759312
A_PB2	170	697	T	1	0	690	20.2492753623188
A_PB2	171	696	T	2	0	693	19.966810966811
A_PB2	172	694	A	4	0	690	19.1217391304348
A_PB2	173	697	C	1	0	696	19.0704022988506
A_PB2	174	697	T	0	0	697	21.0057388809182
A_PB2	175	693	G	4	0	685	22.4350364963504
A_PB2	176	693	C	4	0	685	23.1737226277372
A_PB2	177	692	T	5	0	689	23.5283018867925
A_PB2	178	693	G	4	0	684	22.9809941520468
A_PB2	179	694	A	3	0	689	22.0856313497823
A_PB2	180	696	C	0	0	693	22.1991341991342
A_PB2	181	675	A	21	0	670	21.7597014925373
A_PB2	182	696	A	0	0	695	21.4748201438849
A_PB2	183	695	A	0	0	692	23.4364161849711
A_PB2	184	695	A	0	0	692	24.8887283236994
A_PB2	185	695	G	0	0	695	23.8
A_PB2	186	694	G	1	0	692	22.9046242774566
A_PB2	187	694	A	1	0	693	20.9451659451659
A_PB2	188	694	T	1	0	693	18.5844155844156
A_PB2	189	695	A	0	0	684	17.8728070175439
A_PB2	190	693	A	2	0	682	17.5381231671554
A_PB2	191	693	C	2	0	692	17.8554913294798
A_PB2	192	688	A	7	0	674	20.6409495548961
A_PB2	193	692	G	3	0	692	20.6459537572254
A_PB2	194	694	A	1	0	686	20.1122448979592
A_PB2	195	695	A	0	0	693	20.007215007215
A_PB2	196	694	A	0	0	692	22.1907514450867
A_PB2	197	693	T	1	0	688	21.718023255814
A_PB2	198	680	G	5	0	637	18.5384615384615
A_PB2	199	682	G	3	0	658	17.6337386018237
A_PB2	200	673	T	12	0	658	16.3328267477204
A_PB2	201	677	T	8	0	668	16.0164670658683
A_PB2	202	552	C	133	0	519	16.7726396917148
A_PB2	203	636	C	49	0	588	14.7329931972789
A_PB2	204	649	G	36	0	642	10.9984423676012
A_PB2	205	651	G	33	0	644	11.8167701863354
A_PB2	206	665	A	19	0	659	13.5204855842185
A_PB2	207	656	G	28	0	652	17.308282208589
A_PB2	208	678	A	6	0	674	31.4703264094955
A_PB2	209	679	G	5	0	673	34.1188707280832
A_PB2	210	678	A	6	0	666	26.1861861861862
A_PB2	211	683	A	1	0	682	20.2844574780059
A_PB2	212	682	A	2	0	671	22.6304023845007
A_PB2	213	682	T	2	0	678	22.3392330383481
A_PB2	214	683	G	1	0	661	18.8759455370651
A_PB2	215	682	A	2	0	675	18.2711111111111
A_PB2	216	683	A	1	0	679	18.7849779086892
A_PB2	217	683	C	1	0	678	19.3480825958702
A_PB2	218	681	A	3	0	677	20.9586410635155
A_PB2	219	678	A	6	0	676	20.75
A_PB2	220	678	G	6	0	674	20.3056379821958
A_PB2	221	679	G	5	0	678	20.4233038348083
A_PB2	222	681	A	3	0	679	20.2253313696613
A_PB2	223	682	C	2	0	674	20.3649851632047
A_PB2	224	684	A	0	0	682	20.1363636363636
A_PB2	225	683	A	1	0	683	20.3426061493411
A_PB2	226	681	A	2	0	672	21.8571428571429
A_PB2	227	679	C	4	0	671	21.9850968703428
A_PB2	228	681	C	2	0	675	22.0903703703704
A_PB2	229	682	C	1	0	676	23.258875739645
A_PB2	230	683	T	0	0	683	24.6266471449488
A_PB2	231	683	A	0	0	678	20.4631268436578
A_PB2	232	683	T	0	0	682	19.9340175953079
A_PB2	233	678	G	4	0	674	20.106824925816
A_PB2	234	676	G	4	0	673	19.334323922734
A_PB2	235	676	A	4	0	672	19.9315476190476
A_PB2	236	678	G	2	0	674	20.0237388724036
A_PB2	237	677	T	3	0	675	18.6992592592593
A_PB2	238	676	A	4	0	674	18.8694362017804
A_PB2	239	679	A	1	0	677	18.6395864106352
A_PB2	240	680	A	0	0	676	20.0931952662722
A_PB2	241	680	A	0	0	675	24.4933333333333
A_PB2	242	680	T	0	0	678	23.0088495575221
A_PB2	243	680	G	0	0	666	19.9864864864865
A_PB2	244	675	A	0	0	674	18.6691394658754
A_PB2	245	674	G	1	0	674	18.1839762611276
A_PB2	246	675	T	1	0	674	18.4169139465875
A_PB2	247	676	G	0	0	673	19.479940564636
A_PB2	248	674	A	0	0	673	19.6820208023774
A_PB2	249	672	T	0	0	670	19.8880597014925
A_PB2	250	672	G	0	0	670	19.944776119403
A_PB2	251	671	C	1	0	671	20.0760059612519
A_PB2	252	670	T	2	0	668	21.940119760479
A_PB2	253	666	G	5	0	662	22.8519637462236
A_PB2	254	669	G	2	0	667	22.2548725637181
A_PB2	255	671	G	0	0	663	21.1764705882353
A_PB2	256	670	T	1	0	665	20.4451127819549
A_PB2	257	656	C	15	0	639	19.0547730829421
A_PB2	258	669	A	2	0	659	18.7223065250379
A_PB2	259	668	G	3	0	664	18.8132530120482
A_PB2	260	671	A	0	0	664	18.7469879518072
A_PB2	261	671	T	0	0	665	17.2360902255639
A_PB2	262	645	A	26	0	634	16.0536277602524
A_PB2	263	666	G	5	0	656	14.3246951219512
A_PB2	264	670	A	1	0	664	14.3780120481928
A_PB2	265	670	G	1	0	669	16.5186846038864
A_PB2	266	670	T	1	0	665	17.8676691729323
A_PB2	267	671	G	0	0	670	19.7089552238806
A_PB2	268	671	A	0	0	669	19.7443946188341
A_PB2	269	670	T	0	0	668	20.372754491018
A_PB2	270	668	G	1	0	665	20.9458646616541
A_PB2	271	667	G	2	0	665	20.0917293233083
A_PB2	272	668	T	1	0	664	18.5542168674699
A_PB2	273	668	A	1	0	660	18.1484848484848
A_PB2	274	668	T	1	0	663	16.7405731523379
A_PB2	275	669	C	0	0	658	16.9240121580547
A_PB2	276	668	A	1	0	662	17.9516616314199
A_PB2	277	667	C	2	0	665	18.3533834586466
A_PB2	278	665	C	4	0	663	22.1930618401207
A_PB2	279	626	T	43	0	625	22.352
A_PB2	280	665	T	4	0	664	24.1024096385542
A_PB2	281	669	T	0	0	666	23.1861861861862
A_PB2	282	668	G	0	0	665	20.4195488721804
A_PB2	283	668	G	0	0	667	22.4827586206897
A_PB2	284	667	C	1	0	666	22.987987987988
A_PB2	285	667	T	1	0	662	23.4350453172205
A_PB2	286	666	G	2	0	664	23.1340361445783
A_PB2	287	668	T	0	0	666	19.481981981982
A_PB2	288	667	A	1	0	660	18.2848484848485
A_PB2	289	668	A	0	0	664	17.4954819277108
A_PB2	290	668	C	0	0	668	17.7664670658683
A_PB2	291	667	A	1	0	663	18.8748114630468
A_PB2	292	667	T	1	0	663	18.5882352941176
A_PB2	293	666	G	1	0	646	18.0356037151703
A_PB2	294	667	G	0	0	664	17.6340361445783
A_PB2	295	667	T	0	0	666	18.9714714714715
A_PB2	296	663	G	4	0	658	20.4422492401216
A_PB2	297	666	G	1	0	661	20.3903177004539
A_PB2	298	658	A	9	0	654	20.8608562691131
A_PB2	299	666	A	1	0	661	22.0226928895613
A_PB2	300	666	T	1	0	658	17.5334346504559
A_PB2	301	665	A	2	0	637	16.0313971742543
A_PB2	302	666	G	1	0	657	15.558599695586
A_PB2	303	661	G	6	0	639	14.6682316118936
A_PB2	304	660	A	7	0	644	16.3167701863354
A_PB2	305	665	A	2	0	652	18.7960122699387
A_PB2	306	664	T	3	0	656	16.7621951219512
A_PB2	307	659	G	8	0	634	16.4353312302839
A_PB2	308	665	G	2	0	658	15.9103343465046
A_PB2	309	662	G	4	0	641	16.0873634945398
A_PB2	310	654	C	12	0	640	18.653125
A_PB2	311	653	C	13	0	642	19.119937694704
A_PB2	312	660	C	6	0	641	17.3853354134165
A_PB2	313	653	G	13	0	566	15.3303886925795
A_PB2	314	654	T	12	0	653	14.2373660030628
A_PB2	315	656	G	10	0	644	14.2391304347826
A_PB2	316	655	A	11	0	652	15.9217791411043
A_PB2	317	657	C	9	0	644	19.304347826087
A_PB2	318	646	A	20	0	628	17.5429936305732
A_PB2	319	663	A	3	0	655	16.9053435114504
A_PB2	320	664	A	2	0	648	17.2746913580247
A_PB2	321	660	T	6	0	654	17.1070336391437
A_PB2	322	659	A	7	0	606	17.4950495049505
A_PB2	323	640	C	25	0	596	16.5402684563758
A_PB2	324	652	G	13	0	622	13.2813504823151
A_PB2	325	655	G	10	0	634	13.1940063091483
A_PB2	326	655	T	10	0	642	13.4610591900312
A_PB2	327	657	C	8	0	633	14.8515007898894
A_PB2	328	658	C	5	0	639	18.0907668231612
A_PB2	329	652	A	11	0	643	18.5334370139969
A_PB2	330	651	T	11	0	633	18.998420221169
A_PB2	331	656	T	6	0	653	18.0352220520674
A_PB2	332	657	A	5	0	645	16.906976744186
A_PB2	333	640	C	22	0	636	17.5157232704403
A_PB2	334	660	C	1	0	659	18.7268588770865
A_PB2	335	660	C	1	0	655	20.4870229007634
A_PB2	336	649	A	12	0	629	20.9634340222576
A_PB2	337	661	A	0	0	660	21.6121212121212
A_PB2	338	660	A	0	0	660	21.8151515151515
A_PB2	339	659	A	1	0	656	25.6463414634146
A_PB2	340	656	G	4	0	654	21.7522935779816
A_PB2	341	656	T	4	0	655	19.7893129770992
A_PB2	342	657	G	3	0	643	18.203732503888
A_PB2	343	658	T	2	0	655	16.8534351145038
A_PB2	344	657	A	3	0	648	16.1944444444444
A_PB2	345	656	C	4	0	635	16.2346456692913
A_PB2	346	650	A	9	0	648	16.3503086419753
A_PB2	347	656	A	3	0	655	17.5679389312977
A_PB2	348	656	A	3	0	654	18.8929663608563
A_PB2	349	656	A	3	0	652	22.2484662576687
A_PB2	350	655	C	4	0	638	19.0407523510972
A_PB2	351	654	T	4	0	647	18.6027820710974
A_PB2	352	651	T	7	0	647	18.741885625966
A_PB2	353	652	A	6	0	629	18.0079491255962
A_PB2	354	651	T	7	0	628	18.1305732484076
A_PB2	355	656	T	2	0	648	18.1929012345679
A_PB2	356	657	T	1	0	648	18.9768518518519
A_PB2	357	655	T	3	0	643	22.7402799377916
A_PB2	358	653	G	5	0	646	20.8111455108359
A_PB2	359	655	A	3	0	652	20.2131901840491
A_PB2	360	657	C	1	0	655	20.8152671755725
A_PB2	361	651	A	7	0	644	19.8307453416149
A_PB2	362	658	A	0	0	654	19.5672782874618
A_PB2	363	658	A	0	0	656	21.0579268292683
A_PB2	364	656	G	2	0	651	20.42089093702
A_PB2	365	658	T	0	0	657	19.5768645357686
A_PB2	366	656	C	2	0	636	17.5896226415094
A_PB2	367	648	G	10	0	631	13.6513470681458
A_PB2	368	657	A	1	0	652	13.4248466257669
A_PB2	369	658	A	0	0	655	13.6748091603053
A_PB2	370	658	A	0	0	653	19.0398162327718
A_PB2	371	657	G	0	0	656	22.2317073170732
A_PB2	372	657	G	0	0	654	20.5779816513761
A_PB2	373	651	T	6	0	650	18.2630769230769
A_PB2	374	655	T	2	0	649	18.4745762711864
A_PB2	375	655	G	2	0	644	18.3540372670807
A_PB2	376	653	A	4	0	650	18.9584615384615
A_PB2	377	657	A	0	0	655	20.1603053435114
A_PB2	378	657	A	0	0	656	20.7789634146341
A_PB2	379	657	C	0	0	654	20.7217125382263
A_PB2	380	657	A	0	0	649	18.7303543913713
A_PB2	381	657	T	0	0	655	18.3358778625954
A_PB2	382	648	G	9	0	638	18.2962382445141
A_PB2	383	655	G	1	0	652	17.8067484662577
A_PB2	384	655	A	1	0	653	19.4456355283308
A_PB2	385	656	A	0	0	654	20.6896024464832
A_PB2	386	654	C	2	0	646	19.7647058823529
A_PB2	387	654	C	1	0	650	20.0076923076923
A_PB2	388	636	T	19	0	632	20.0379746835443
A_PB2	389	650	T	4	0	645	22.3472868217054
A_PB2	390	652	T	2	0	649	23.2465331278891
A_PB2	391	652	G	2	0	650	20.4369230769231
A_PB2	392	651	G	3	0	648	20.25
A_PB2	393	651	C	3	0	648	20.7901234567901
A_PB2	394	652	C	1	0	651	21.5130568356375
A_PB2	395	651	C	2	0	647	21.1622874806801
A_PB2	396	650	T	3	0	646	23.0216718266254
A_PB2	397	650	G	3	0	647	21.0726429675425
A_PB2	398	652	T	1	0	649	19.7457627118644
A_PB2	399	644	C	9	0	641	19.9781591263651
A_PB2	400	650	C	3	0	643	19.5956454121306
A_PB2	401	649	A	4	0	644	18.7655279503106
A_PB2	402	623	T	30	0	610	21.2786885245902
A_PB2	403	653	T	0	0	652	20.638036809816
A_PB2	404	653	T	0	0	652	21.3052147239264
A_PB2	405	649	T	4	0	642	24.3115264797508
A_PB2	406	630	A	23	0	617	19.291734197731
A_PB2	407	644	G	9	0	617	17.6807131280389
A_PB2	408	642	A	11	0	637	17.276295133438
A_PB2	409	651	A	2	0	648	18.2608024691358
A_PB2	410	651	A	1	0	650	19.4138461538462
A_PB2	411	651	C	1	0	644	20.7344720496894
A_PB2	412	649	C	3	0	640	21.271875
A_PB2	413	648	A	4	0	638	21.0031347962382
A_PB2	414	652	A	0	0	648	21.3410493827161
A_PB2	415	649	G	3	0	639	19.1752738654147
A_PB2	416	651	T	1	0	645	18.137984496124
A_PB2	417	646	C	6	0	630	18.3603174603175
A_PB2	418	645	A	7	0	636	18.5864779874214
A_PB2	419	649	A	3	0	643	19.9642301710731
A_PB2	420	651	A	1	0	649	21.6147919876733
A_PB2	421	649	A	3	0	647	23.210200927357
A_PB2	422	647	T	4	0	645	19.6372093023256
A_PB2	423	645	A	6	0	632	18.5253164556962
A_PB2	424	646	C	5	0	633	16.2827804107425
A_PB2	425	650	G	1	0	624	13.0849358974359
A_PB2	426	649	T	2	0	638	13.1692789968652
A_PB2	427	642	A	9	0	627	12.7830940988836
A_PB2	428	635	G	15	0	611	13.9198036006547
A_PB2	429	641	A	9	0	640	16.3125
A_PB2	430	649	A	1	0	646	17.6934984520124
A_PB2	431	646	G	4	0	637	16.967032967033
A_PB2	432	648	A	2	0	646	19.2585139318885
A_PB2	433	647	G	2	0	644	18.9021739130435
A_PB2	434	644	T	5	0	640	15.996875
A_PB2	435	642	A	6	0	632	14.8227848101266
A_PB2	436	638	G	10	0	622	14.3247588424437
A_PB2	437	642	A	6	0	637	14.7770800627943
A_PB2	438	646	C	2	0	641	18.0764430577223
A_PB2	439	641	A	6	0	632	17.881329113924
A_PB2	440	646	C	1	0	643	28.2628304821151
A_PB2	441	644	A	3	0	637	22.1444270015699
A_PB2	442	647	A	0	0	646	18.5356037151703
A_PB2	443	647	A	0	0	644	20.1863354037267
A_PB2	444	647	C	0	0	645	20.246511627907
A_PB2	445	647	C	0	0	645	20.8573643410853
A_PB2	446	647	C	0	0	644	22.5745341614907
A_PB2	447	647	T	0	0	645	24.5054263565891
A_PB2	448	644	G	2	0	640	22.7578125
A_PB2	449	645	G	1	0	645	21.1922480620155
A_PB2	450	645	T	1	0	639	18.829420970266
A_PB2	451	644	C	1	0	633	18.4691943127962
A_PB2	452	643	A	1	0	639	17.7668231611894
A_PB2	453	640	T	4	0	639	17.9483568075117
A_PB2	454	639	G	5	0	633	19.0489731437599
A_PB2	455	641	C	2	0	641	19.1341653666147
A_PB2	456	641	A	2	0	639	19.5884194053208
A_PB2	457	635	G	6	0	628	19.1433121019108
A_PB2	458	633	A	8	0	628	19.3152866242038
A_PB2	459	641	C	0	0	639	19.0594679186228
A_PB2	460	641	C	0	0	640	19.0875
A_PB2	461	641	T	0	0	638	20.5815047021944
A_PB2	462	636	C	5	0	630	21.2873015873016
A_PB2	463	628	A	13	0	619	20.4798061389338
A_PB2	464	636	G	5	0	636	19.9292452830189
A_PB2	465	640	T	1	0	637	19.2747252747253
A_PB2	466	639	G	2	0	635	18.6661417322835
A_PB2	467	636	C	5	0	633	19.7251184834123
A_PB2	468	635	C	5	0	629	19.9379968203498
A_PB2	469	628	A	12	0	622	19.6913183279743
A_PB2	470	635	A	5	0	634	19.481072555205
A_PB2	471	634	A	5	0	634	19.3406940063091
A_PB2	472	635	G	3	0	633	20.345971563981
A_PB2	473	636	A	2	0	630	20.0174603174603
A_PB2	474	635	G	1	0	631	19.8589540412044
A_PB2	475	633	G	3	0	630	19.9809523809524
A_PB2	476	632	C	4	0	629	20.0015898251192
A_PB2	477	633	A	3	0	628	20.9808917197452
A_PB2	478	634	C	2	0	631	21.4580031695721
A_PB2	479	628	A	8	0	625	21.6816
A_PB2	480	634	A	2	0	630	20.4825396825397
A_PB2	481	634	G	2	0	630	19.6460317460317
A_PB2	482	631	A	5	0	628	19.671974522293
A_PB2	483	633	T	2	0	626	19.2747603833866
A_PB2	484	634	G	1	0	632	19.368670886076
A_PB2	485	632	T	3	0	630	18.1095238095238
A_PB2	486	633	A	2	0	623	17.569823434992
A_PB2	487	634	A	1	0	631	17.4960380348653
A_PB2	488	634	T	1	0	625	17.2368
A_PB2	489	635	T	0	0	631	19.9762282091918
A_PB2	490	633	A	2	0	623	16.4831460674157
A_PB2	491	635	T	0	0	633	16.1342812006319
A_PB2	492	631	G	4	0	625	16.416
A_PB2	493	635	G	0	0	630	16.3888888888889
A_PB2	494	635	A	0	0	631	19.5451664025357
A_PB2	495	632	A	3	0	627	21.8947368421053
A_PB2	496	630	G	5	0	624	20.2580128205128
A_PB2	497	626	T	8	0	620	19.458064516129
A_PB2	498	627	T	7	0	624	19.5929487179487
A_PB2	499	619	G	14	0	612	19.3856209150327
A_PB2	500	623	T	9	0	615	18.7723577235772
A_PB2	501	629	T	3	0	621	19.6859903381643
A_PB2	502	630	T	1	0	622	19.3408360128617
A_PB2	503	628	T	3	0	628	22.3917197452229
A_PB2	504	628	T	3	0	624	23.7676282051282
A_PB2	505	603	C	28	0	598	23.2073578595318
A_PB2	506	628	C	3	0	627	23.7687400318979
A_PB2	507	631	C	0	0	628	24.9872611464968
A_PB2	508	630	A	1	0	626	22.1246006389776
A_PB2	509	631	A	0	0	631	22.5689381933439
A_PB2	510	631	T	0	0	630	20.3571428571429
A_PB2	511	630	G	1	0	626	19.7987220447284
A_PB2	512	630	A	1	0	627	19.3891547049442
A_PB2	513	631	A	0	0	630	19.4126984126984
A_PB2	514	630	G	0	0	627	19.3237639553429
A_PB2	515	630	T	0	0	629	19.3068362480127
A_PB2	516	622	G	7	0	619	19.2584814216478
A_PB2	517	625	G	4	0	624	19.6923076923077
A_PB2	518	624	G	4	0	621	20.7037037037037
A_PB2	519	626	G	2	0	617	22.2690437601297
A_PB2	520	626	G	2	0	607	20.4909390444811
A_PB2	521	626	C	2	0	616	17.4675324675325
A_PB2	522	626	C	1	0	610	17.7032786885246
A_PB2	523	617	A	10	0	610	17.1770491803279
A_PB2	524	616	G	11	0	602	16.7076411960133
A_PB2	525	602	A	25	0	588	16.6020408163265
A_PB2	526	625	A	2	0	615	18.2146341463415
A_PB2	527	623	T	4	0	613	14.3181076672104
A_PB2	528	622	A	5	0	611	14.3747954173486
A_PB2	529	617	C	10	0	611	15.2291325695581
A_PB2	530	623	T	4	0	615	15.0162601626016
A_PB2	531	625	A	2	0	612	15.6617647058824
A_PB2	532	626	A	1	0	618	15.789644012945
A_PB2	533	625	C	1	0	624	17.0897435897436
A_PB2	534	626	A	0	0	620	18.0451612903226
A_PB2	535	626	T	0	0	622	17.8585209003215
A_PB2	536	626	C	0	0	618	18.2313915857605
A_PB2	537	624	A	2	0	618	18.2233009708738
A_PB2	538	621	G	5	0	613	18.1810766721044
A_PB2	539	623	A	3	0	621	20.5008051529791
A_PB2	540	624	A	2	0	622	20.2942122186495
A_PB2	541	623	T	2	0	620	19.1
A_PB2	542	623	C	2	0	619	19.8465266558966
A_PB2	543	623	A	2	0	619	20.2552504038772
A_PB2	544	623	C	2	0	621	20.6392914653784
A_PB2	545	624	A	1	0	616	22.737012987013
A_PB2	546	623	G	1	0	617	21.6418152350081
A_PB2	547	622	C	2	0	620	21.7016129032258
A_PB2	548	624	T	0	0	624	20.0192307692308
A_PB2	549	622	A	1	0	616	19.6363636363636
A_PB2	550	621	A	2	0	619	19.6042003231018
A_PB2	551	621	C	2	0	620	19.6532258064516
A_PB2	552	621	A	2	0	613	19.4877650897227
A_PB2	553	620	A	2	0	620	19.0741935483871
A_PB2	554	620	T	2	0	620	16.8064516129032
A_PB2	555	621	A	1	0	607	16.0560131795717
A_PB2	556	621	A	1	0	616	16.0162337662338
A_PB2	557	619	C	3	0	617	16.2058346839546
A_PB2	558	619	C	1	0	612	19.3970588235294
A_PB2	559	610	A	10	0	590	18.6949152542373
A_PB2	560	613	A	7	0	608	19.1398026315789
A_PB2	561	545	A	74	0	543	19.7900552486188
A_PB2	562	537	G	82	0	496	21.3790322580645
A_PB2	563	590	A	29	0	587	18.9199318568995
A_PB2	564	586	G	33	0	584	20.9777397260274
A_PB2	565	559	A	60	0	557	22.1472172351885
A_PB2	566	602	A	16	0	602	18.8372093023256
A_PB2	567	602	A	16	0	598	22.4899665551839
A_PB2	568	610	A	8	0	604	25.226821192053
A_PB2	569	614	A	4	0	610	24.1360655737705
A_PB2	570	611	A	6	0	607	22.6194398682043
A_PB2	571	607	G	10	0	603	21.6218905472637
A_PB2	572	608	A	9	0	607	19.5667215815486
A_PB2	573	580	A	37	0	578	19.5207612456747
A_PB2	574	554	G	63	0	551	18.2032667876588
A_PB2	575	567	A	50	0	560	18.2517857142857
A_PB2	576	612	A	5	0	607	16.7545304777595
A_PB2	577	612	C	5	0	602	14.8737541528239
A_PB2	578	612	T	5	0	606	16.5280528052805
A_PB2	579	601	C	14	0	547	16.6508226691042
A_PB2	580	611	C	4	0	601	15.3910149750416
A_PB2	581	597	G	18	0	560	14.3589285714286
A_PB2	582	608	A	6	0	605	14.5619834710744
A_PB2	583	604	G	10	0	592	15.2162162162162
A_PB2	584	603	A	11	0	601	16.3261231281198
A_PB2	585	583	T	30	0	569	17.3444639718805
A_PB2	586	610	T	3	0	608	17.1184210526316
A_PB2	587	605	G	8	0	577	16.9809358752166
A_PB2	588	606	C	7	0	600	17.1183333333333
A_PB2	589	610	A	3	0	608	18.6924342105263
A_PB2	590	611	A	1	0	610	18.3295081967213
A_PB2	591	610	A	2	0	607	20.7495881383855
A_PB2	592	605	A	4	0	599	24.1001669449082
A_PB2	593	605	T	4	0	593	21.106239460371
A_PB2	594	605	T	4	0	599	19.9248747913189
A_PB2	595	600	T	9	0	596	19.748322147651
A_PB2	596	548	C	61	0	534	20.5973782771536
A_PB2	597	592	C	17	0	589	22.5127334465195
A_PB2	598	595	C	9	0	587	24.9437819420784
A_PB2	599	598	C	6	0	597	24.8994974874372
A_PB2	600	594	C	10	0	572	24.7132867132867
A_PB2	601	591	T	12	0	590	23.6559322033898
A_PB2	602	596	T	7	0	595	22.6672268907563
A_PB2	603	597	G	6	0	594	17.5218855218855
A_PB2	604	599	A	4	0	597	19.1641541038526
A_PB2	605	597	T	5	0	594	20.8114478114478
A_PB2	606	598	G	4	0	577	19.786828422877
A_PB2	607	597	G	5	0	589	19.0322580645161
A_PB2	608	595	T	6	0	593	19.6913996627319
A_PB2	609	589	C	11	0	567	18.5202821869489
A_PB2	610	590	G	10	0	573	15.1256544502618
A_PB2	611	589	C	11	0	585	15.1162393162393
A_PB2	612	589	A	11	0	576	14.984375
A_PB2	613	591	T	8	0	588	15.0612244897959
A_PB2	614	590	A	9	0	585	17.7863247863248
A_PB2	615	592	C	7	0	590	18.0220338983051
A_PB2	616	592	A	6	0	582	17.4776632302405
A_PB2	617	592	T	6	0	589	19.2563667232598
A_PB2	618	589	G	9	0	577	19.3483535528596
A_PB2	619	587	C	10	0	585	19.7726495726496
A_PB2	620	583	T	14	0	578	19.9792387543253
A_PB2	621	381	A	216	0	372	16.241935483871
A_PB2	622	380	G	217	0	371	15.4285714285714
A_PB2	623	513	A	84	0	503	14.0019880715706
A_PB2	624	532	G	65	0	528	30.7708333333333
A_PB2	625	543	A	54	0	532	43.8684210526316
A_PB2	626	554	G	42	0	552	56.7699275362319
A_PB2	627	561	A	35	0	561	57.2923351158645
A_PB2	628	561	G	34	0	555	48.7657657657658
A_PB2	629	548	A	47	0	538	33.589219330855
A_PB2	630	567	A	27	0	553	19.8571428571429
A_PB2	631	573	C	21	0	554	18.028880866426
A_PB2	632	551	T	43	0	530	18.7377358490566
A_PB2	633	583	T	11	0	573	18.8150087260035
A_PB2	634	583	G	11	0	502	18.800796812749
A_PB2	635	580	T	14	0	577	17.4332755632582
A_PB2	636	576	G	18	0	539	18.1094619666048
A_PB2	637	578	C	16	0	558	17.2078853046595
A_PB2	638	558	G	35	0	541	16.9223659889094
A_PB2	639	572	G	21	0	571	16.2084063047285
A_PB2	640	561	A	32	0	553	16.0506329113924
A_PB2	641	573	A	20	0	548	17.7737226277372
A_PB2	642	584	A	9	0	566	21.6007067137809
A_PB2	643	586	A	7	0	562	21.982206405694
A_PB2	644	584	C	9	0	575	20.7965217391304
A_PB2	645	581	A	12	0	573	19.5636998254799
A_PB2	646	585	A	8	0	582	18.2903780068729
A_PB2	647	566	G	27	0	542	18.1678966789668
A_PB2	648	579	A	14	0	572	17.5437062937063
A_PB2	649	568	T	25	0	545	16.4862385321101
A_PB2	650	581	T	12	0	570	16.7456140350877
A_PB2	651	580	T	13	0	562	18.5391459074733
A_PB2	652	577	C	16	0	555	18.2810810810811
A_PB2	653	582	T	11	0	579	20.7962003454231
A_PB2	654	551	C	42	0	530	20.2981132075472
A_PB2	655	587	C	6	0	583	20.3207547169811
A_PB2	656	577	C	15	0	572	23.3653846153846
A_PB2	657	575	A	16	0	564	20.6276595744681
A_PB2	658	580	G	11	0	569	22.6467486818981
A_PB2	659	581	T	10	0	576	19.2309027777778
A_PB2	660	571	T	20	0	569	19.1933216168717
A_PB2	661	566	G	25	0	558	19.6935483870968
A_PB2	662	579	C	12	0	571	19.8108581436077
A_PB2	663	584	T	7	0	579	22.5112262521589
A_PB2	664	581	G	10	0	561	20.9857397504456
A_PB2	665	582	G	9	0	567	20.0952380952381
A_PB2	666	583	C	8	0	578	19.9809688581315
A_PB2	667	566	G	24	0	544	18.2573529411765
A_PB2	668	571	G	19	0	559	18.2039355992844
A_PB2	669	581	A	8	0	577	17.7504332755633
A_PB2	670	581	A	8	0	571	19.3747810858144
A_PB2	671	579	C	9	0	578	21.5346020761246
A_PB2	672	572	A	16	0	565	21.0619469026549
A_PB2	673	579	A	8	0	577	20.1629116117851
A_PB2	674	574	G	13	0	570	20.3368421052632
A_PB2	675	582	C	5	0	581	20.9827882960413
A_PB2	676	580	A	7	0	571	21.6252189141856
A_PB2	677	575	G	12	0	569	21.5219683655536
A_PB2	678	572	T	15	0	565	20.1256637168142
A_PB2	679	574	A	13	0	569	19.1511423550088
A_PB2	680	578	T	9	0	575	17.9808695652174
A_PB2	681	574	A	12	0	570	20.0122807017544
A_PB2	682	577	T	9	0	574	36.3414634146341
A_PB2	683	574	A	12	0	568	20.0387323943662
A_PB2	684	579	C	7	0	576	20.0017361111111
A_PB2	685	580	A	6	0	575	19.8139130434783
A_PB2	686	580	T	6	0	577	20.0207972270364
A_PB2	687	580	T	6	0	577	20.3535528596187
A_PB2	688	578	G	6	0	573	19.5322862129145
A_PB2	689	579	A	5	0	577	21.155979202773
A_PB2	690	578	A	5	0	577	22.5753899480069
A_PB2	691	579	G	4	0	571	22.1471103327496
A_PB2	692	575	T	8	0	571	21.8563922942207
A_PB2	693	577	T	6	0	576	22.1440972222222
A_PB2	694	576	T	7	0	570	24.3035087719298
A_PB2	695	576	T	7	0	575	26.375652173913
A_PB2	696	574	A	9	0	571	23.8021015761821
A_PB2	697	573	C	10	0	572	23.5087412587413
A_PB2	698	575	A	8	0	569	22.9490333919156
A_PB2	699	575	T	8	0	570	22.1684210526316
A_PB2	700	577	T	6	0	577	22.2270363951473
A_PB2	701	578	T	5	0	574	24.0313588850174
A_PB2	702	577	G	6	0	571	22.9474605954466
A_PB2	703	577	A	6	0	569	23.4165202108963
A_PB2	704	577	C	6	0	577	23.580589254766
A_PB2	705	575	T	8	0	572	21.9632867132867
A_PB2	706	571	C	12	0	562	21.2402135231317
A_PB2	707	574	A	9	0	566	20.886925795053
A_PB2	708	575	A	8	0	573	20.9581151832461
A_PB2	709	575	G	8	0	573	21.4677137870855
A_PB2	710	575	G	7	0	572	21.7692307692308
A_PB2	711	575	A	7	0	571	22.4886164623468
A_PB2	712	575	A	7	0	571	23.7162872154116
A_PB2	713	573	C	8	0	569	21.933216168717
A_PB2	714	571	G	10	0	536	18.8507462686567
A_PB2	715	574	T	7	0	572	18.5664335664336
A_PB2	716	568	G	12	0	559	18.8372093023256
A_PB2	717	566	T	14	0	562	19.2277580071174
A_PB2	718	569	T	11	0	561	21.017825311943
A_PB2	719	566	G	14	0	559	18.8228980322004
A_PB2	720	569	G	11	0	565	19.9823008849558
A_PB2	721	569	G	11	0	560	21.7785714285714
A_PB2	722	571	A	9	0	566	24.5512367491166
A_PB2	723	571	A	9	0	566	23.660777385159
A_PB2	724	572	C	8	0	559	21.9838998211091
A_PB2	725	562	A	17	0	540	21.8092592592593
A_PB2	726	571	A	7	0	561	20.9500891265597
A_PB2	727	570	A	8	0	566	21.5547703180212
A_PB2	728	568	T	10	0	560	22.2642857142857
A_PB2	729	566	G	12	0	548	22.1551094890511
A_PB2	730	563	T	15	0	551	20.3666061705989
A_PB2	731	561	A	17	0	545	19.1082568807339
A_PB2	732	563	C	15	0	556	18.5251798561151
A_PB2	733	566	A	12	0	543	18.1473296500921
A_PB2	734	570	C	8	0	562	19.3238434163701
A_PB2	735	571	T	7	0	570	19.8350877192982
A_PB2	736	565	C	13	0	559	20.2504472271914
A_PB2	737	571	C	7	0	569	21.8400702987698
A_PB2	738	568	A	10	0	563	21.234458259325
A_PB2	739	562	G	16	0	558	24.8781362007168
A_PB2	740	571	G	7	0	570	23.3052631578947
A_PB2	741	571	T	7	0	568	22.4718309859155
A_PB2	742	568	G	10	0	567	23.6543209876543
A_PB2	743	569	G	9	0	563	23.2380106571936
A_PB2	744	569	A	9	0	565	22.1646017699115
A_PB2	745	568	G	10	0	563	22.4156305506217
A_PB2	746	570	G	6	0	565	20.2637168141593
A_PB2	747	567	A	9	0	560	20.3678571428571
A_PB2	748	556	G	20	0	556	20.544964028777
A_PB2	749	567	T	9	0	565	19.2867256637168
A_PB2	750	564	G	12	0	548	19.3868613138686
A_PB2	751	568	A	8	0	564	18.75
A_PB2	752	562	G	13	0	562	19.3540925266904
A_PB2	753	558	G	17	0	543	20.0092081031308
A_PB2	754	553	A	22	0	542	20.0830258302583
A_PB2	755	566	A	8	0	561	21.8538324420677
A_PB2	756	567	T	7	0	563	20.3072824156305
A_PB2	757	568	G	6	0	556	20.0881294964029
A_PB2	758	566	A	8	0	551	20.5317604355717
A_PB2	759	566	C	7	0	559	18.8586762075134
A_PB2	760	565	G	8	0	526	17.6920152091255
A_PB2	761	564	A	9	0	559	17.1717352415027
A_PB2	762	555	T	18	0	552	18.2373188405797
A_PB2	763	556	G	17	0	542	19.9464944649446
A_PB2	764	543	T	30	0	526	20.9201520912548
A_PB2	765	566	T	5	0	547	20.1224862888483
A_PB2	766	566	G	5	0	552	18.5724637681159
A_PB2	767	564	A	7	0	554	18.2166064981949
A_PB2	768	565	C	6	0	562	20.0533807829182
A_PB2	769	566	C	5	0	561	20.5472370766488
A_PB2	770	566	A	5	0	563	21.3019538188277
A_PB2	771	567	A	4	0	565	23.3469026548673
A_PB2	772	567	A	4	0	566	23.773851590106
A_PB2	773	564	G	5	0	556	24.0971223021583
A_PB2	774	562	C	4	0	560	23.1821428571429
A_PB2	775	562	C	4	0	561	23.6631016042781
A_PB2	776	560	T	6	0	557	23.1041292639138
A_PB2	777	557	A	6	0	545	22.2495412844037
A_PB2	778	557	A	5	0	555	21.227027027027
A_PB2	779	555	T	7	0	551	20.529945553539
A_PB2	780	554	T	8	0	548	22.492700729927
A_PB2	781	548	A	13	0	528	19.4791666666667
A_PB2	782	547	T	13	0	539	18.3283858998145
A_PB2	783	542	T	18	0	540	18.6092592592593
A_PB2	784	537	G	22	0	521	18.9558541266795
A_PB2	785	533	C	26	0	512	19.837890625
A_PB2	786	549	G	10	0	534	16.4681647940075
A_PB2	787	549	G	10	0	540	16.2203703703704
A_PB2	788	550	C	9	0	546	16.2985347985348
A_PB2	789	553	C	5	0	552	18.0217391304348
A_PB2	790	547	A	11	0	547	23.3071297989031
A_PB2	791	547	G	9	0	544	24.1507352941176
A_PB2	792	544	G	12	0	540	21.9259259259259
A_PB2	793	541	A	14	0	537	21.4525139664804
A_PB2	794	550	A	4	0	546	22.4542124542125
A_PB2	795	549	C	4	0	549	21.327868852459
A_PB2	796	547	A	6	0	534	19.8464419475655
A_PB2	797	544	T	9	0	543	17.292817679558
A_PB2	798	540	A	12	0	505	15.0871287128713
A_PB2	799	539	G	12	0	532	14.3778195488722
A_PB2	800	544	T	7	0	539	14.8144712430427
A_PB2	801	532	G	18	0	527	17.3567362428842
A_PB2	802	530	A	20	0	522	19.2911877394636
A_PB2	803	540	G	10	0	533	19.2514071294559
A_PB2	804	542	A	8	0	536	20.1399253731343
A_PB2	805	541	A	9	0	538	20.5539033457249
A_PB2	806	539	G	11	0	532	21.2857142857143
A_PB2	807	541	A	9	0	536	21.6884328358209
A_PB2	808	534	G	16	0	533	22.5009380863039
A_PB2	809	531	C	17	0	526	23.5342205323194
A_PB2	810	530	C	18	0	524	21.8187022900763
A_PB2	811	539	G	9	0	531	19.8775894538606
A_PB2	812	539	C	9	0	535	19.6635514018692
A_PB2	813	538	A	10	0	524	18.9064885496183
A_PB2	814	539	G	9	0	531	19.8173258003766
A_PB2	815	538	T	8	0	535	20.603738317757
A_PB2	816	538	G	8	0	532	20.0845864661654
A_PB2	817	538	T	7	0	536	20.0652985074627
A_PB2	818	517	C	27	0	500	17.83
A_PB2	819	526	A	18	0	521	17.4529750479846
A_PB2	820	534	G	10	0	533	17.3302063789869
A_PB2	821	535	C	8	0	533	19.624765478424
A_PB2	822	536	A	7	0	531	20.5536723163842
A_PB2	823	535	G	7	0	530	20.7132075471698
A_PB2	824	535	A	7	0	529	19.8563327032136
A_PB2	825	536	T	6	0	536	19.339552238806
A_PB2	826	534	C	7	0	531	18.894538606403
A_PB2	827	534	C	7	0	534	20.2453183520599
A_PB2	828	533	A	8	0	529	20.6994328922495
A_PB2	829	530	C	9	0	530	24.1943396226415
A_PB2	830	531	T	7	0	527	22.3719165085389
A_PB2	831	531	C	7	0	510	19.7098039215686
A_PB2	832	530	G	8	0	516	17.3042635658915
A_PB2	833	530	C	8	0	528	17.2518939393939
A_PB2	834	528	A	10	0	524	17.4446564885496
A_PB2	835	529	T	9	0	527	18.180265654649
A_PB2	836	528	C	10	0	521	20.3550863723608
A_PB2	837	521	T	16	0	515	21.052427184466
A_PB2	838	522	T	14	0	515	21.547572815534
A_PB2	839	523	T	13	0	521	25.8483685220729
A_PB2	840	516	A	20	0	508	21.9271653543307
A_PB2	841	529	T	7	0	502	19.7888446215139
A_PB2	842	529	T	6	0	528	19.3333333333333
A_PB2	843	529	G	6	0	527	18.9962049335863
A_PB2	844	530	G	5	0	526	19.2585551330798
A_PB2	845	530	A	5	0	523	22.5678776290631
A_PB2	846	528	G	7	0	518	22.6505791505792
A_PB2	847	529	A	6	0	524	21.0687022900763
A_PB2	848	529	T	6	0	527	20.9962049335863
A_PB2	849	529	G	6	0	529	20.8449905482042
A_PB2	850	527	T	8	0	523	22.1931166347992
A_PB2	851	521	G	14	0	516	22.7364341085271
A_PB2	852	518	C	16	0	517	23.2030947775629
A_PB2	853	523	C	10	0	521	22.9731285988484
A_PB2	854	525	A	8	0	520	22.4211538461538
A_PB2	855	524	C	8	0	521	22.7485604606526
A_PB2	856	525	A	7	0	520	21.7384615384615
A_PB2	857	521	G	9	0	521	21.2456813819578
A_PB2	858	518	C	12	0	517	22.3307543520309
A_PB2	859	518	A	12	0	509	21.943025540275
A_PB2	860	518	C	12	0	513	19.2748538011696
A_PB2	861	519	G	11	0	511	16.8082191780822
A_PB2	862	519	C	10	0	518	16.5444015444015
A_PB2	863	513	A	16	0	506	16.899209486166
A_PB2	864	524	A	4	0	520	17.5307692307692
A_PB2	865	522	A	4	0	519	20.233140655106
A_PB2	866	519	T	7	0	518	19.2625482625483
A_PB2	867	517	T	9	0	515	20.2776699029126
A_PB2	868	511	G	14	0	497	18.6317907444668
A_PB2	869	513	G	11	0	508	19.1889763779528
A_PB2	870	515	C	8	0	507	20.792899408284
A_PB2	871	507	G	16	0	491	17.071283095723
A_PB2	872	506	G	17	0	498	17.1746987951807
A_PB2	873	514	A	9	0	507	16.7712031558185
A_PB2	874	516	A	7	0	511	17.972602739726
A_PB2	875	517	C	5	0	512	21.19140625
A_PB2	876	505	A	16	0	501	21.2035928143713
A_PB2	877	507	A	14	0	500	21.124
A_PB2	878	508	G	12	0	506	21.3241106719368
A_PB2	879	511	G	8	0	508	21.501968503937
A_PB2	880	511	A	8	0	507	21.5838264299803
A_PB2	881	511	T	7	0	507	22.1558185404339
A_PB2	882	511	G	7	0	503	20.9741550695825
A_PB2	883	512	G	6	0	511	20.1095890410959
A_PB2	884	512	T	6	0	504	20.5238095238095
A_PB2	885	510	G	8	0	507	21.5621301775148
A_PB2	886	512	G	6	0	509	22.2278978388998
A_PB2	887	507	A	11	0	503	22.4055666003976
A_PB2	888	504	C	12	0	500	23.132
A_PB2	889	507	A	9	0	505	21.4475247524752
A_PB2	890	500	T	16	0	495	21.1717171717172
A_PB2	891	501	T	15	0	498	21.2329317269076
A_PB2	892	502	C	14	0	488	21.0635245901639
A_PB2	893	486	T	30	0	472	22.0572033898305
A_PB2	894	506	T	9	0	489	19.6625766871166
A_PB2	895	505	A	10	0	491	17.2749490835031
A_PB2	896	506	G	9	0	497	17.6961770623742
A_PB2	897	507	G	8	0	502	19.9900398406375
A_PB2	898	508	C	7	0	506	22.8339920948617
A_PB2	899	504	A	11	0	497	23.5553319919517
A_PB2	900	499	G	16	0	496	23.0725806451613
A_PB2	901	505	A	8	0	499	22.1302605210421
A_PB2	902	506	A	7	0	505	21.4653465346535
A_PB2	903	505	C	8	0	491	20.3462321792261
A_PB2	904	508	C	5	0	503	21.9681908548708
A_PB2	905	507	C	6	0	498	22.0261044176707
A_PB2	906	506	G	7	0	465	17.0086021505376
A_PB2	907	506	A	7	0	503	15.6600397614314
A_PB2	908	506	C	7	0	502	15.7310756972112
A_PB2	909	506	T	7	0	505	16.5287128712871
A_PB2	910	506	G	7	0	505	22.9267326732673
A_PB2	911	505	A	8	0	503	22.9284294234592
A_PB2	912	503	A	9	0	501	22.9680638722555
A_PB2	913	504	G	8	0	499	22.5090180360721
A_PB2	914	503	A	9	0	498	22.4939759036145
A_PB2	915	504	A	8	0	500	21.846
A_PB2	916	506	C	6	0	504	21.5039682539683
A_PB2	917	506	A	6	0	503	21.610337972167
A_PB2	918	506	A	5	0	497	20.364185110664
A_PB2	919	503	G	8	0	496	20.7520161290323
A_PB2	920	503	C	8	0	502	21.0179282868526
A_PB2	921	500	T	10	0	498	22.0542168674699
A_PB2	922	500	G	10	0	498	23.5080321285141
A_PB2	923	501	T	7	0	497	24.6156941649899
A_PB2	924	500	G	7	0	495	23.3030303030303
A_PB2	925	497	G	8	0	493	22.2657200811359
A_PB2	926	486	A	19	0	483	22.175983436853
A_PB2	927	486	T	19	0	482	21.6016597510373
A_PB2	928	501	A	4	0	498	20.4678714859438
A_PB2	929	500	T	5	0	499	22.7074148296593
A_PB2	930	496	A	9	0	489	26.3353783231084
A_PB2	931	493	T	10	0	488	22.5860655737705
A_PB2	932	494	G	9	0	479	17.9665970772443
A_PB2	933	496	C	7	0	489	19.7239263803681
A_PB2	934	496	A	7	0	491	20.5784114052953
A_PB2	935	496	A	6	0	493	21.2555780933063
A_PB2	936	494	A	8	0	492	22.6178861788618
A_PB2	937	493	G	9	0	486	22.8909465020576
A_PB2	938	494	C	8	0	490	22.8183673469388
A_PB2	939	495	T	7	0	492	23.0752032520325
A_PB2	940	493	G	8	0	489	23.5398773006135
A_PB2	941	492	C	9	0	488	24.1434426229508
A_PB2	942	495	A	6	0	492	22.3882113821138
A_PB2	943	495	A	6	0	494	21.6356275303644
A_PB2	944	497	T	4	0	495	20.810101010101
A_PB2	945	487	G	14	0	484	20.6900826446281
A_PB2	946	497	G	4	0	490	21.0142857142857
A_PB2	947	496	G	5	0	491	20.4908350305499
A_PB2	948	495	A	6	0	492	22.8008130081301
A_PB2	949	493	T	7	0	482	19.3734439834025
A_PB2	950	485	T	15	0	479	18.9415448851775
A_PB2	951	475	G	24	0	471	17.2186836518047
A_PB2	952	476	A	23	0	468	17.5384615384615
A_PB2	953	481	G	17	0	474	19.3881856540084
A_PB2	954	490	A	8	0	487	19
A_PB2	955	491	A	7	0	482	18.5726141078838
A_PB2	956	492	T	6	0	488	17.9856557377049
A_PB2	957	488	C	10	0	452	18.0486725663717
A_PB2	958	490	A	7	0	463	17.6241900647948
A_PB2	959	490	G	7	0	482	18.0892116182573
A_PB2	960	491	C	5	0	490	19.6061224489796
A_PB2	961	492	T	4	0	490	21.0959183673469
A_PB2	962	488	C	7	0	469	20.680170575693
A_PB2	963	490	A	5	0	489	18.7382413087935
A_PB2	964	486	T	9	0	480	18.9729166666667
A_PB2	965	484	C	11	0	464	19.7219827586207
A_PB2	966	466	T	29	0	456	20.6732456140351
A_PB2	967	485	T	10	0	479	21.4405010438413
A_PB2	968	487	T	8	0	482	23.5165975103734
A_PB2	969	479	C	15	0	465	21.0064516129032
A_PB2	970	485	A	9	0	477	21.3962264150943
A_PB2	971	486	G	8	0	486	22.4218106995885
A_PB2	972	487	C	7	0	484	22.2210743801653
A_PB2	973	481	T	12	0	477	23.272536687631
A_PB2	974	486	T	7	0	485	23.8618556701031
A_PB2	975	486	T	7	0	484	24.9710743801653
A_PB2	976	485	G	8	0	481	22.6195426195426
A_PB2	977	486	G	7	0	485	21.0948453608247
A_PB2	978	488	T	5	0	485	21.2309278350515
A_PB2	979	480	G	11	0	472	20.5656779661017
A_PB2	980	479	G	12	0	475	20.5663157894737
A_PB2	981	480	C	11	0	475	20.4147368421053
A_PB2	982	469	T	21	0	463	20.9244060475162
A_PB2	983	476	T	14	0	471	21.2144373673036
A_PB2	984	476	T	12	0	472	23.8665254237288
A_PB2	985	467	A	20	0	455	20.7406593406593
A_PB2	986	467	C	18	0	464	20.8556034482759
A_PB2	987	474	A	11	0	472	19.9300847457627
A_PB2	988	471	T	14	0	459	19.2962962962963
A_PB2	989	477	T	8	0	472	18.8601694915254
A_PB2	990	478	T	6	0	473	19.5771670190275
A_PB2	991	473	A	10	0	465	19.2903225806452
A_PB2	992	476	A	6	0	475	21.7494736842105
A_PB2	993	475	A	6	0	474	22.3185654008439
A_PB2	994	472	A	8	0	468	24.8076923076923
A_PB2	995	470	G	7	0	468	22.8632478632479
A_PB2	996	472	A	5	0	462	21.534632034632
A_PB2	997	465	A	12	0	462	21.3225108225108
A_PB2	998	462	C	13	0	459	20.1677559912854
A_PB2	999	434	G	39	0	387	16.093023255814
A_PB2	1000	464	A	9	0	463	14.7278617710583
A_PB2	1001	461	G	12	0	460	14.7760869565217
A_PB2	1002	463	C	10	0	462	15.5324675324675
A_PB2	1003	464	G	8	0	369	16.4634146341463
A_PB2	1004	467	G	5	0	461	15.2017353579176
A_PB2	1005	467	G	5	0	465	15.3720430107527
A_PB2	1006	465	T	6	0	462	16.4480519480519
A_PB2	1007	464	C	6	0	355	17.5943661971831
A_PB2	1008	463	G	7	0	440	13.0636363636364
A_PB2	1009	463	T	7	0	451	12.5388026607539
A_PB2	1010	387	C	81	0	337	13.5370919881306
A_PB2	1011	457	A	11	0	455	12.8593406593407
A_PB2	1012	461	G	7	0	439	15.6856492027335
A_PB2	1013	461	T	7	0	457	15.601750547046
A_PB2	1014	457	C	11	0	442	15.5429864253394
A_PB2	1015	440	A	28	0	427	15.8032786885246
A_PB2	1016	460	A	7	0	451	18.3370288248337
A_PB2	1017	457	A	10	0	453	20.6887417218543
A_PB2	1018	452	A	14	0	446	23.4551569506726
A_PB2	1019	450	G	16	0	446	23.4394618834081
A_PB2	1020	453	A	13	0	453	22.242825607064
A_PB2	1021	445	G	21	0	436	26.447247706422
A_PB2	1022	452	A	14	0	448	44.9017857142857
A_PB2	1023	453	G	12	0	451	25.4013303769401
A_PB2	1024	458	G	7	0	458	19.5305676855895
A_PB2	1025	458	A	7	0	452	19.9424778761062
A_PB2	1026	456	A	8	0	456	21.7982456140351
A_PB2	1027	451	G	12	0	443	20.9661399548533
A_PB2	1028	445	A	17	0	440	20.9522727272727
A_PB2	1029	455	G	6	0	455	19.9296703296703
A_PB2	1030	454	G	7	0	446	20.2511210762332
A_PB2	1031	449	T	12	0	445	20.0404494382022
A_PB2	1032	451	T	10	0	443	20.5711060948081
A_PB2	1033	451	C	10	0	444	19.3558558558559
A_PB2	1034	432	T	28	0	427	20.6276346604215
A_PB2	1035	442	T	18	0	440	20.6204545454545
A_PB2	1036	437	A	23	0	432	19.1087962962963
A_PB2	1037	448	C	12	0	446	19.5179372197309
A_PB2	1038	454	A	6	0	450	19.2177777777778
A_PB2	1039	453	G	6	0	453	19.6247240618102
A_PB2	1040	454	G	5	0	453	20.5540838852097
A_PB2	1041	454	T	4	0	448	20.2611607142857
A_PB2	1042	454	A	4	0	446	19.8273542600897
A_PB2	1043	454	A	4	0	449	19.2628062360802
A_PB2	1044	452	T	4	0	452	19.179203539823
A_PB2	1045	452	C	4	0	430	19.5511627906977
A_PB2	1046	449	T	7	0	445	19.4674157303371
A_PB2	1047	448	C	7	0	439	19.49430523918
A_PB2	1048	449	C	6	0	441	20.1519274376417
A_PB2	1049	450	A	5	0	442	21.1877828054299
A_PB2	1050	451	A	4	0	448	22.7566964285714
A_PB2	1051	451	A	4	0	448	23.5803571428571
A_PB2	1052	451	C	4	0	450	23.4755555555556
A_PB2	1053	449	A	6	0	438	22.2100456621005
A_PB2	1054	446	T	9	0	443	20.2618510158014
A_PB2	1055	440	T	14	0	434	19.6981566820277
A_PB2	1056	430	G	24	0	424	18.4221698113208
A_PB2	1057	443	A	11	0	440	18.0795454545455
A_PB2	1058	445	G	9	0	434	19.7188940092166
A_PB2	1059	442	A	12	0	440	19.3863636363636
A_PB2	1060	443	A	11	0	440	20.0363636363636
A_PB2	1061	445	T	9	0	442	18.5045248868778
A_PB2	1062	441	A	13	0	435	18.3034482758621
A_PB2	1063	443	A	11	0	438	17.6461187214612
A_PB2	1064	434	G	20	0	433	17.2655889145497
A_PB2	1065	447	A	7	0	440	18.9636363636364
A_PB2	1066	450	G	4	0	440	18.5818181818182
A_PB2	1067	445	T	9	0	442	17.5927601809955
A_PB2	1068	445	A	9	0	439	17.6697038724374
A_PB2	1069	449	C	5	0	447	17.6599552572707
A_PB2	1070	449	A	5	0	447	18.1521252796421
A_PB2	1071	450	T	4	0	447	19.5906040268456
A_PB2	1072	447	G	7	0	445	19.2516853932584
A_PB2	1073	447	A	7	0	447	18.6420581655481
A_PB2	1074	433	G	21	0	433	19.6073903002309
A_PB2	1075	448	G	6	0	448	20.8616071428571
A_PB2	1076	449	G	5	0	448	22.5446428571429
A_PB2	1077	448	G	5	0	441	24.9455782312925
A_PB2	1078	447	T	6	0	447	20.6286353467562
A_PB2	1079	447	A	6	0	442	19.4547511312217
A_PB2	1080	449	T	4	0	448	18.703125
A_PB2	1081	440	G	13	0	440	18.3795454545455
A_PB2	1082	440	A	13	0	436	18.151376146789
A_PB2	1083	443	G	10	0	438	18.7922374429224
A_PB2	1084	431	G	21	0	425	20.0611764705882
A_PB2	1085	431	A	21	0	430	19.6697674418605
A_PB2	1086	444	A	7	0	439	21.9271070615034
A_PB2	1087	442	T	9	0	419	19.8830548926014
A_PB2	1088	445	T	6	0	440	20.1568181818182
A_PB2	1089	444	C	6	0	436	19.1077981651376
A_PB2	1090	443	A	6	0	430	19.4813953488372
A_PB2	1091	439	C	10	0	434	22.4032258064516
A_PB2	1092	445	A	4	0	437	21.766590389016
A_PB2	1093	445	A	4	0	444	20.3423423423423
A_PB2	1094	445	T	4	0	444	20.8986486486486
A_PB2	1095	443	G	5	0	441	20.8072562358277
A_PB2	1096	440	G	6	0	439	21.5535307517084
A_PB2	1097	439	T	7	0	438	21.7328767123288
A_PB2	1098	410	G	36	0	407	21.2063882063882
A_PB2	1099	439	G	7	0	435	21.7241379310345
A_PB2	1100	440	G	6	0	435	21.8551724137931
A_PB2	1101	432	G	12	0	431	23.6821345707657
A_PB2	1102	419	A	25	0	415	23.7156626506024
A_PB2	1103	434	A	10	0	428	22.9415887850467
A_PB2	1104	436	A	7	0	434	22.3341013824885
A_PB2	1105	436	A	7	0	412	22.2063106796117
A_PB2	1106	436	G	6	0	425	20.8941176470588
A_PB2	1107	432	A	10	0	424	19.4174528301887
A_PB2	1108	430	G	12	0	425	19.16
A_PB2	1109	434	C	8	0	426	18.8028169014085
A_PB2	1110	435	A	6	0	430	18.7279069767442
A_PB2	1111	435	A	6	0	435	18.6896551724138
A_PB2	1112	435	C	5	0	433	19.7066974595843
A_PB2	1113	431	A	9	0	422	20.824644549763
A_PB2	1114	433	G	7	0	431	20.8074245939675
A_PB2	1115	433	C	5	0	432	21.3472222222222
A_PB2	1116	430	T	5	0	428	21.4485981308411
A_PB2	1117	430	A	5	0	426	21.1361502347418
A_PB2	1118	427	T	8	0	424	19.3938679245283
A_PB2	1119	424	A	10	0	408	18.2745098039216
A_PB2	1120	424	C	8	0	423	17.8085106382979
A_PB2	1121	427	T	5	0	421	17.1187648456057
A_PB2	1122	395	A	37	0	389	18.0822622107969
A_PB2	1123	400	A	31	0	398	17.3618090452261
A_PB2	1124	405	G	25	0	395	17.3392405063291
A_PB2	1125	418	A	11	0	415	19.655421686747
A_PB2	1126	424	A	5	0	422	20.7938388625592
A_PB2	1127	425	A	4	0	423	21.451536643026
A_PB2	1128	425	A	4	0	420	25.352380952381
A_PB2	1129	424	G	5	0	423	23.7021276595745
A_PB2	1130	423	C	6	0	422	23.4644549763033
A_PB2	1131	423	A	6	0	415	21.621686746988
A_PB2	1132	423	A	6	0	419	20.8520286396181
A_PB2	1133	421	C	8	0	415	21.1686746987952
A_PB2	1134	421	C	8	0	413	21.7070217917676
A_PB2	1135	418	A	11	0	405	22.3728395061728
A_PB2	1136	421	G	8	0	417	22.5611510791367
A_PB2	1137	420	A	8	0	418	21.3564593301435
A_PB2	1138	422	A	6	0	416	21.2788461538462
A_PB2	1139	422	G	5	0	418	19.7057416267943
A_PB2	1140	418	A	9	0	410	20.2975609756098
A_PB2	1141	423	C	4	0	420	19.6095238095238
A_PB2	1142	422	T	5	0	420	19.7666666666667
A_PB2	1143	422	G	5	0	409	19.5819070904645
A_PB2	1144	422	G	5	0	417	19.1294964028777
A_PB2	1145	419	T	8	0	417	19.5875299760192
A_PB2	1146	419	T	7	0	411	19.9610705596107
A_PB2	1147	417	C	9	0	408	19.703431372549
A_PB2	1148	418	A	8	0	408	18.968137254902
A_PB2	1149	420	A	6	0	417	19.2637889688249
A_PB2	1150	420	C	6	0	415	19.4385542168675
A_PB2	1151	415	T	10	0	412	20.6674757281553
A_PB2	1152	414	C	8	0	408	21.2107843137255
A_PB2	1153	414	A	8	0	408	21.0882352941176
A_PB2	1154	416	T	6	0	415	19.7277108433735
A_PB2	1155	413	A	8	0	408	19.1470588235294
A_PB2	1156	414	G	7	0	412	19.2402912621359
A_PB2	1157	415	T	6	0	411	19.4768856447689
A_PB2	1158	410	G	11	0	403	20.0570719602978
A_PB2	1159	414	A	6	0	407	19.8034398034398
A_PB2	1160	415	G	5	0	412	19.3106796116505
A_PB2	1161	415	T	4	0	414	20.7657004830918
A_PB2	1162	412	G	7	0	411	21.676399026764
A_PB2	1163	413	G	5	0	410	22.3536585365854
A_PB2	1164	412	A	6	0	412	24.0315533980583
A_PB2	1165	413	A	5	0	413	25.0266343825666
A_PB2	1166	411	G	7	0	406	23.7044334975369
A_PB2	1167	411	A	6	0	407	24.039312039312
A_PB2	1168	408	G	9	0	399	26.4786967418546
A_PB2	1169	410	A	6	0	408	23.0294117647059
A_PB2	1170	411	C	5	0	407	21.1056511056511
A_PB2	1171	406	G	10	0	393	16.4147582697201
A_PB2	1172	410	A	6	0	409	16.3251833740831
A_PB2	1173	411	A	5	0	406	16.5221674876847
A_PB2	1174	411	C	5	0	407	17.7051597051597
A_PB2	1175	411	A	5	0	406	21.8251231527094
A_PB2	1176	410	G	6	0	407	21.5749385749386
A_PB2	1177	411	T	5	0	408	20.6887254901961
A_PB2	1178	406	C	9	0	396	19.5833333333333
A_PB2	1179	410	A	5	0	390	18.5769230769231
A_PB2	1180	410	A	4	0	406	18.5246305418719
A_PB2	1181	410	T	4	0	408	17.6127450980392
A_PB2	1182	409	A	4	0	396	17.4469696969697
A_PB2	1183	407	G	5	0	404	17.2920792079208
A_PB2	1184	406	C	6	0	404	17.5
A_PB2	1185	406	C	5	0	399	17.812030075188
A_PB2	1186	404	G	6	0	393	17.1246819338422
A_PB2	1187	405	A	5	0	405	17.0123456790123
A_PB2	1188	406	G	4	0	404	17.0173267326733
A_PB2	1189	406	G	4	0	406	19.0172413793103
A_PB2	1190	405	C	5	0	404	24.2475247524752
A_PB2	1191	403	A	6	0	397	24.0478589420655
A_PB2	1192	403	A	6	0	401	23.498753117207
A_PB2	1193	403	T	6	0	400	21.625
A_PB2	1194	404	A	5	0	395	20.4607594936709
A_PB2	1195	404	A	5	0	403	20.0397022332506
A_PB2	1196	400	T	9	0	397	19.9874055415617
A_PB2	1197	402	C	7	0	385	19.1064935064935
A_PB2	1198	402	G	7	0	399	16.5864661654135
A_PB2	1199	404	T	5	0	402	16.8905472636816
A_PB2	1200	404	G	5	0	404	17.0965346534653
A_PB2	1201	403	G	5	0	403	19.4913151364764
A_PB2	1202	404	C	4	0	403	23.0545905707196
A_PB2	1203	404	C	4	0	402	24.5149253731343
A_PB2	1204	402	A	6	0	400	23.28
A_PB2	1205	402	T	6	0	397	22.5969773299748
A_PB2	1206	401	G	7	0	395	20.9822784810127
A_PB2	1207	400	G	8	0	397	19.5994962216625
A_PB2	1208	390	T	17	0	383	19.2819843342037
A_PB2	1209	396	T	11	0	391	19.9641943734015
A_PB2	1210	398	T	9	0	386	20.3212435233161
A_PB2	1211	393	T	13	0	379	23.8627968337731
A_PB2	1212	390	T	15	0	388	23.8376288659794
A_PB2	1213	389	T	16	0	386	23.2901554404145
A_PB2	1214	289	C	116	0	278	22.8381294964029
A_PB2	1215	397	C	8	0	391	22.6547314578005
A_PB2	1216	393	C	12	0	388	21.430412371134
A_PB2	1217	388	A	17	0	385	16.0311688311688
A_PB2	1218	387	A	18	0	384	23.5208333333333
A_PB2	1219	386	G	19	0	384	21.2526041666667
A_PB2	1220	397	A	8	0	395	20.820253164557
A_PB2	1221	396	A	9	0	391	21.3503836317136
A_PB2	1222	394	G	11	0	391	19.2762148337596
A_PB2	1223	396	A	9	0	392	19.5331632653061
A_PB2	1224	396	T	9	0	392	18.1045918367347
A_PB2	1225	397	T	8	0	392	18.5204081632653
A_PB2	1226	397	G	8	0	375	19.3173333333333
A_PB2	1227	397	C	7	0	395	19.0025316455696
A_PB2	1228	397	A	7	0	392	20.030612244898
A_PB2	1229	397	T	6	0	396	19.2070707070707
A_PB2	1230	398	G	5	0	394	19.9873096446701
A_PB2	1231	399	A	4	0	398	19.3793969849246
A_PB2	1232	398	T	4	0	398	18.9623115577889
A_PB2	1233	396	A	6	0	394	19.6700507614213
A_PB2	1234	398	A	4	0	395	19.8303797468354
A_PB2	1235	398	A	4	0	393	20.6284987277354
A_PB2	1236	396	A	5	0	393	24.1832061068702
A_PB2	1237	396	G	5	0	396	23.2575757575758
A_PB2	1238	397	C	4	0	395	24.5088607594937
A_PB2	1239	396	A	5	0	393	24.1017811704835
A_PB2	1240	396	G	5	0	391	23.7544757033248
A_PB2	1241	397	T	4	0	397	21.9521410579345
A_PB2	1242	397	T	4	0	395	21.1240506329114
A_PB2	1243	387	A	10	0	384	20.2916666666667
A_PB2	1244	389	G	7	0	386	19.8626943005181
A_PB2	1245	389	A	7	0	387	20.6356589147287
A_PB2	1246	387	G	9	0	384	20.9973958333333
A_PB2	1247	390	G	6	0	388	20.5128865979381
A_PB2	1248	390	T	6	0	386	20.8963730569948
A_PB2	1249	388	G	7	0	381	20.5590551181102
A_PB2	1250	384	A	10	0	374	21.3582887700535
A_PB2	1251	382	C	10	0	371	22.6280323450135
A_PB2	1252	384	C	6	0	380	22.2631578947368
A_PB2	1253	385	T	5	0	384	22.5
A_PB2	1254	383	G	7	0	377	22.4721485411141
A_PB2	1255	384	A	6	0	382	22.3769633507853
A_PB2	1256	381	A	8	0	371	21.455525606469
A_PB2	1257	381	T	8	0	372	20.0188172043011
A_PB2	1258	383	T	6	0	375	22.3093333333333
A_PB2	1259	382	T	6	0	379	22.7915567282322
A_PB2	1260	381	T	7	0	379	25.023746701847
A_PB2	1261	381	G	7	0	372	22.5645161290323
A_PB2	1262	381	T	7	0	375	20.4906666666667
A_PB2	1263	376	C	11	0	362	18.7430939226519
A_PB2	1264	380	A	7	0	377	17.3023872679045
A_PB2	1265	381	A	6	0	377	17.9522546419098
A_PB2	1266	378	C	9	0	376	19.8510638297872
A_PB2	1267	371	A	15	0	368	20.8315217391304
A_PB2	1268	366	G	17	0	360	20.1777777777778
A_PB2	1269	374	A	9	0	372	19.6209677419355
A_PB2	1270	377	G	6	0	374	19.1764705882353
A_PB2	1271	375	C	8	0	373	19.7560321715818
A_PB2	1272	375	A	8	0	364	20.2417582417582
A_PB2	1273	377	A	6	0	374	19.8101604278075
A_PB2	1274	375	A	8	0	371	20.1455525606469
A_PB2	1275	374	T	7	0	371	20.533692722372
A_PB2	1276	357	C	24	0	324	17.9845679012346
A_PB2	1277	374	A	7	0	371	17.2156334231806
A_PB2	1278	369	G	12	0	366	17.275956284153
A_PB2	1279	374	C	7	0	369	17.0108401084011
A_PB2	1280	375	G	6	0	332	16.6204819277108
A_PB2	1281	374	G	7	0	368	15.7255434782609
A_PB2	1282	374	T	7	0	365	15.2767123287671
A_PB2	1283	371	T	10	0	366	16.2540983606557
A_PB2	1284	367	G	14	0	350	18.36
A_PB2	1285	372	A	9	0	366	17.1530054644809
A_PB2	1286	372	A	8	0	368	17.5135869565217
A_PB2	1287	372	C	8	0	359	18.3481894150418
A_PB2	1288	373	C	7	0	364	20.043956043956
A_PB2	1289	374	C	6	0	371	20.2695417789757
A_PB2	1290	372	C	6	0	364	23.1016483516484
A_PB2	1291	371	A	7	0	362	21.7044198895028
A_PB2	1292	372	T	6	0	371	19.3180592991914
A_PB2	1293	371	G	7	0	367	18.4713896457766
A_PB2	1294	372	C	6	0	370	18.9
A_PB2	1295	374	A	4	0	372	19.5215053763441
A_PB2	1296	373	T	5	0	371	19.7708894878706
A_PB2	1297	367	C	11	0	354	19.8474576271186
A_PB2	1298	371	A	7	0	365	19.2301369863014
A_PB2	1299	365	G	12	0	363	19.7685950413223
A_PB2	1300	368	C	9	0	365	20.9753424657534
A_PB2	1301	352	T	25	0	347	21.9423631123919
A_PB2	1302	362	T	15	0	358	21.5949720670391
A_PB2	1303	367	T	10	0	363	23.732782369146
A_PB2	1304	368	T	9	0	362	23.6132596685083
A_PB2	1305	364	A	13	0	360	20.4916666666667
A_PB2	1306	366	A	11	0	365	19.1479452054795
A_PB2	1307	367	G	10	0	366	18.9535519125683
A_PB2	1308	368	G	9	0	367	20.6866485013624
A_PB2	1309	369	C	7	0	368	21.866847826087
A_PB2	1310	364	A	11	0	360	22.2583333333333
A_PB2	1311	361	T	14	0	354	22.2655367231638
A_PB2	1312	363	T	12	0	359	22.4902506963788
A_PB2	1313	364	T	11	0	360	22.7583333333333
A_PB2	1314	359	T	16	0	359	26.2451253481894
A_PB2	1315	356	C	19	0	350	22.4542857142857
A_PB2	1316	348	A	27	0	336	20.8839285714286
A_PB2	1317	362	G	13	0	358	19.377094972067
A_PB2	1318	360	A	15	0	357	18.1792717086835
A_PB2	1319	365	A	10	0	360	18.4611111111111
A_PB2	1320	363	A	11	0	357	19.5714285714286
A_PB2	1321	358	G	15	0	346	19.9219653179191
A_PB2	1322	367	A	6	0	360	19.2583333333333
A_PB2	1323	366	T	7	0	362	18.3259668508287
A_PB2	1324	364	G	9	0	352	17.9232954545455
A_PB2	1325	364	C	9	0	349	16.9656160458453
A_PB2	1326	360	G	13	0	353	14.7903682719547
A_PB2	1327	365	A	8	0	362	14.4419889502762
A_PB2	1328	367	A	6	0	365	15.2082191780822
A_PB2	1329	368	A	5	0	366	20.155737704918
A_PB2	1330	367	G	6	0	363	21.7658402203857
A_PB2	1331	366	T	7	0	364	19.7664835164835
A_PB2	1332	366	A	7	0	358	19
A_PB2	1333	361	C	11	0	357	18.5882352941176
A_PB2	1334	359	T	12	0	357	18.96918767507
A_PB2	1335	357	C	14	0	348	19.301724137931
A_PB2	1336	349	T	22	0	342	19.4619883040936
A_PB2	1337	362	T	8	0	360	19.9166666666667
A_PB2	1338	363	T	7	0	359	23.2841225626741
A_PB2	1339	362	C	8	0	353	20.5297450424929
A_PB2	1340	363	A	7	0	359	21.3537604456825
A_PB2	1341	363	A	7	0	362	20.3922651933702
A_PB2	1342	363	A	7	0	363	19.8236914600551
A_PB2	1343	361	A	8	0	355	21.9183098591549
A_PB2	1344	361	T	8	0	356	19.8988764044944
A_PB2	1345	360	T	9	0	356	19.7022471910112
A_PB2	1346	355	G	13	0	354	17.7062146892655
A_PB2	1347	361	G	7	0	356	18.1544943820225
A_PB2	1348	361	G	7	0	358	18.6648044692737
A_PB2	1349	362	G	6	0	350	21.1628571428571
A_PB2	1350	362	A	6	0	360	20.4388888888889
A_PB2	1351	358	G	10	0	352	20.2159090909091
A_PB2	1352	357	T	11	0	346	19.7225433526012
A_PB2	1353	360	T	8	0	352	19.8835227272727
A_PB2	1354	360	G	8	0	354	19.1412429378531
A_PB2	1355	360	A	8	0	359	19.6239554317549
A_PB2	1356	360	A	8	0	357	20.6162464985994
A_PB2	1357	360	C	7	0	359	21.3091922005571
A_PB2	1358	360	A	7	0	330	17.8666666666667
A_PB2	1359	360	C	7	0	359	23.3231197771588
A_PB2	1360	360	A	7	0	357	18.1260504201681
A_PB2	1361	360	T	7	0	359	16.91643454039
A_PB2	1362	355	C	11	0	345	18.3652173913043
A_PB2	1363	358	G	8	0	357	15.7366946778711
A_PB2	1364	360	A	6	0	359	15.6044568245125
A_PB2	1365	359	C	7	0	358	16.1480446927374
A_PB2	1366	359	A	7	0	357	17.624649859944
A_PB2	1367	358	G	8	0	358	21.108938547486
A_PB2	1368	358	T	8	0	354	21.2231638418079
A_PB2	1369	359	G	7	0	359	21.2089136490251
A_PB2	1370	360	T	6	0	357	26.2633053221289
A_PB2	1371	360	G	5	0	357	22.3305322128852
A_PB2	1372	359	A	5	0	358	20.2737430167598
A_PB2	1373	359	T	5	0	357	20.1372549019608
A_PB2	1374	357	G	7	0	354	20.4209039548023
A_PB2	1375	359	G	5	0	359	20.4206128133705
A_PB2	1376	358	G	6	0	353	20.2634560906516
A_PB2	1377	356	A	6	0	355	23.0732394366197
A_PB2	1378	356	A	6	0	355	21.8901408450704
A_PB2	1379	353	T	8	0	352	19.9261363636364
A_PB2	1380	354	G	7	0	340	19.4529411764706
A_PB2	1381	355	G	6	0	350	18.06
A_PB2	1382	355	T	6	0	353	17.371104815864
A_PB2	1383	347	T	14	0	343	18.2040816326531
A_PB2	1384	341	G	20	0	331	17.6374622356495
A_PB2	1385	347	G	14	0	329	16.8297872340426
A_PB2	1386	349	A	12	0	343	17.4373177842566
A_PB2	1387	351	G	9	0	347	16.9279538904899
A_PB2	1388	353	T	7	0	344	16.375
A_PB2	1389	352	A	8	0	336	14.9702380952381
A_PB2	1390	342	T	18	0	336	13.9821428571429
A_PB2	1391	347	T	12	0	342	14.3333333333333
A_PB2	1392	344	A	15	0	324	13.7716049382716
A_PB2	1393	347	C	12	0	342	14.0292397660819
A_PB2	1394	349	C	10	0	345	16.6869565217391
A_PB2	1395	352	A	7	0	336	17.1904761904762
A_PB2	1396	351	G	7	0	349	18.89111747851
A_PB2	1397	346	A	12	0	342	18.2777777777778
A_PB2	1398	346	T	12	0	344	16.6046511627907
A_PB2	1399	351	A	7	0	344	16.2529069767442
A_PB2	1400	351	T	7	0	349	16.7936962750716
A_PB2	1401	351	G	6	0	333	15.6306306306306
A_PB2	1402	351	A	6	0	345	16.9623188405797
A_PB2	1403	349	C	8	0	345	17.9942028985507
A_PB2	1404	349	T	8	0	348	18.6034482758621
A_PB2	1405	347	C	10	0	346	18.7080924855491
A_PB2	1406	347	C	10	0	343	19.9825072886297
A_PB2	1407	345	A	12	0	336	20.5059523809524
A_PB2	1408	348	A	8	0	348	19.4597701149425
A_PB2	1409	347	G	9	0	345	18.6753623188406
A_PB2	1410	347	C	9	0	345	18.1275362318841
A_PB2	1411	347	A	8	0	344	19.5872093023256
A_PB2	1412	347	C	8	0	346	20.4653179190751
A_PB2	1413	346	A	9	0	341	20.7624633431085
A_PB2	1414	346	G	9	0	343	19.8746355685131
A_PB2	1415	345	A	10	0	341	19.4340175953079
A_PB2	1416	344	G	11	0	342	21.1140350877193
A_PB2	1417	341	A	13	0	341	20.1378299120235
A_PB2	1418	346	T	8	0	344	19.5029069767442
A_PB2	1419	348	G	6	0	344	19.7732558139535
A_PB2	1420	342	T	12	0	338	18.810650887574
A_PB2	1421	340	C	12	0	315	17.3111111111111
A_PB2	1422	345	A	7	0	327	15.9663608562691
A_PB2	1423	345	A	7	0	344	15.7616279069767
A_PB2	1424	346	T	6	0	344	16.593023255814
A_PB2	1425	335	G	17	0	333	16.6336336336336
A_PB2	1426	335	A	16	0	329	16.8419452887538
A_PB2	1427	325	G	26	0	320	16.8
A_PB2	1428	333	A	18	0	333	23.1621621621622
A_PB2	1429	333	G	18	0	323	23.7894736842105
A_PB2	1430	325	G	26	0	315	17.3079365079365
A_PB2	1431	323	A	28	0	317	17.5047318611987
A_PB2	1432	327	A	23	0	320	19.9
A_PB2	1433	328	T	22	0	322	15.3167701863354
A_PB2	1434	308	A	42	0	296	15.347972972973
A_PB2	1435	322	A	28	0	313	14.6996805111821
A_PB2	1436	319	G	31	0	302	13.7152317880795
A_PB2	1437	330	A	19	0	320	15.84375
A_PB2	1438	328	G	21	0	323	16.3715170278638
A_PB2	1439	332	T	17	0	330	15.8484848484848
A_PB2	1440	322	C	27	0	298	16.4563758389262
A_PB2	1441	339	A	10	0	338	14.8372781065089
A_PB2	1442	336	G	12	0	331	15.595166163142
A_PB2	1443	339	C	9	0	337	17.7151335311573
A_PB2	1444	331	A	17	0	325	19.5292307692308
A_PB2	1445	340	A	8	0	339	18.6666666666667
A_PB2	1446	341	A	7	0	340	19.9235294117647
A_PB2	1447	341	A	7	0	340	21.6558823529412
A_PB2	1448	341	T	7	0	340	20.7529411764706
A_PB2	1449	341	G	7	0	339	20.1740412979351
A_PB2	1450	341	G	7	0	341	20.2492668621701
A_PB2	1451	342	G	6	0	341	20.574780058651
A_PB2	1452	339	C	7	0	336	20.0297619047619
A_PB2	1453	336	G	9	0	322	16.6304347826087
A_PB2	1454	337	T	8	0	336	16.125
A_PB2	1455	330	G	15	0	318	16.377358490566
A_PB2	1456	338	G	7	0	329	16.3738601823708
A_PB2	1457	338	A	5	0	335	18.2537313432836
A_PB2	1458	339	T	4	0	334	18.4640718562874
A_PB2	1459	337	G	6	0	320	16.65
A_PB2	1460	330	A	11	0	314	16.5955414012739
A_PB2	1461	334	A	7	0	325	16.0707692307692
A_PB2	1462	332	T	8	0	330	14.7151515151515
A_PB2	1463	327	A	12	0	316	15.4905063291139
A_PB2	1464	325	C	14	0	314	15.5859872611465
A_PB2	1465	331	T	7	0	328	15.1493902439024
A_PB2	1466	329	C	9	0	326	16.6134969325153
A_PB2	1467	330	C	8	0	325	17.9723076923077
A_PB2	1468	331	A	7	0	327	18.4311926605505
A_PB2	1469	322	G	16	0	318	20.940251572327
A_PB2	1470	331	T	6	0	329	16.3373860182371
A_PB2	1471	330	A	6	0	326	15.7883435582822
A_PB2	1472	330	C	6	0	328	16.4085365853659
A_PB2	1473	326	A	10	0	324	16.2438271604938
A_PB2	1474	324	G	11	0	320	19.334375
A_PB2	1475	330	A	4	0	325	18.6338461538462
A_PB2	1476	324	G	10	0	322	21.8198757763975
A_PB2	1477	320	A	12	0	318	30.2735849056604
A_PB2	1478	318	G	13	0	313	23.5686900958466
A_PB2	1479	326	G	5	0	323	20.7708978328173
A_PB2	1480	326	G	5	0	323	21.640866873065
A_PB2	1481	326	T	5	0	324	21.0123456790123
A_PB2	1482	326	G	5	0	316	20.4208860759494
A_PB2	1483	326	G	5	0	320	20.01875
A_PB2	1484	326	T	5	0	326	20.3312883435583
A_PB2	1485	325	G	6	0	323	21.1300309597523
A_PB2	1486	325	G	5	0	321	21.0155763239875
A_PB2	1487	322	T	8	0	317	20.4258675078864
A_PB2	1488	322	T	6	0	314	19.9585987261147
A_PB2	1489	320	A	7	0	310	19.2741935483871
A_PB2	1490	318	G	9	0	313	18.7891373801917
A_PB2	1491	319	C	7	0	316	19.5886075949367
A_PB2	1492	315	A	11	0	311	19.4051446945338
A_PB2	1493	317	T	9	0	316	17.5284810126582
A_PB2	1494	320	T	5	0	318	17.7075471698113
A_PB2	1495	319	G	5	0	312	17.0961538461538
A_PB2	1496	319	A	5	0	317	17.3343848580442
A_PB2	1497	318	T	5	0	317	17.8233438485804
A_PB2	1498	316	A	7	0	310	17.0903225806452
A_PB2	1499	316	G	7	0	316	17.1898734177215
A_PB2	1500	316	G	7	0	316	17.6360759493671
A_PB2	1501	302	T	21	0	300	19.3166666666667
A_PB2	1502	304	T	18	0	302	20.182119205298
A_PB2	1503	315	T	6	0	313	20.3610223642173
A_PB2	1504	315	T	6	0	312	23.599358974359
A_PB2	1505	316	T	5	0	309	24.8220064724919
A_PB2	1506	309	G	12	0	302	21.0927152317881
A_PB2	1507	313	A	8	0	313	19.6517571884984
A_PB2	1508	308	G	13	0	294	19.5578231292517
A_PB2	1509	315	A	6	0	312	20.3910256410256
A_PB2	1510	315	G	6	0	308	18.2272727272727
A_PB2	1511	311	T	10	0	306	16.4248366013072
A_PB2	1512	313	T	8	0	305	16.5377049180328
A_PB2	1513	311	C	8	0	282	15.0425531914894
A_PB2	1514	314	G	5	0	305	13.3803278688525
A_PB2	1515	312	T	7	0	309	13.9126213592233
A_PB2	1516	306	G	13	0	298	14.989932885906
A_PB2	1517	309	A	10	0	304	16.4703947368421
A_PB2	1518	309	C	10	0	306	19.9281045751634
A_PB2	1519	310	C	9	0	298	19.7315436241611
A_PB2	1520	312	A	7	0	303	18.2937293729373
A_PB2	1521	312	A	7	0	311	18.6527331189711
A_PB2	1522	311	C	8	0	303	17.2475247524752
A_PB2	1523	304	G	15	0	294	14.7006802721088
A_PB2	1524	313	G	6	0	309	14.8349514563107
A_PB2	1525	312	G	7	0	311	15.3440514469453
A_PB2	1526	314	G	5	0	313	22.3578274760383
A_PB2	1527	312	G	5	0	302	23.6026490066225
A_PB2	1528	310	A	6	0	306	22.8202614379085
A_PB2	1529	310	A	6	0	305	20.6786885245902
A_PB2	1530	311	T	5	0	309	18.8996763754045
A_PB2	1531	309	G	7	0	307	19.0944625407166
A_PB2	1532	307	T	9	0	306	17.8692810457516
A_PB2	1533	300	A	16	0	293	17.1331058020478
A_PB2	1534	300	T	16	0	296	16.5371621621622
A_PB2	1535	299	T	15	0	299	16.8996655518395
A_PB2	1536	299	G	15	0	295	17.5084745762712
A_PB2	1537	307	T	7	0	296	18.027027027027
A_PB2	1538	308	T	6	0	306	18.1666666666667
A_PB2	1539	308	A	6	0	304	16.7960526315789
A_PB2	1540	309	T	5	0	306	17.3856209150327
A_PB2	1541	305	C	8	0	291	17.8109965635739
A_PB2	1542	311	T	2	0	309	17.4271844660194
A_PB2	1543	310	C	3	0	307	18.9120521172638
A_PB2	1544	310	C	2	0	309	20.57928802589
A_PB2	1545	310	T	2	0	308	23.5974025974026
A_PB2	1546	309	G	3	0	305	21.9508196721311
A_PB2	1547	306	A	4	0	303	20.8943894389439
A_PB2	1548	307	G	2	0	307	20.8827361563518
A_PB2	1549	306	G	3	0	306	20.6960784313725
A_PB2	1550	305	A	3	0	305	20.8163934426229
A_PB2	1551	305	A	3	0	301	22.202657807309
A_PB2	1552	305	G	3	0	301	20.7508305647841
A_PB2	1553	303	T	4	0	300	21.0066666666667
A_PB2	1554	297	C	6	0	292	20.0719178082192
A_PB2	1555	302	A	1	0	299	19.6789297658863
A_PB2	1556	301	G	2	0	300	19.9966666666667
A_PB2	1557	302	T	1	0	302	20.8774834437086
A_PB2	1558	301	G	1	0	300	20.2066666666667
A_PB2	1559	299	A	3	0	297	20.3131313131313
A_PB2	1560	301	A	1	0	300	20.0033333333333
A_PB2	1561	298	A	4	0	292	21.1130136986301
A_PB2	1562	297	C	5	0	297	21.1481481481481
A_PB2	1563	299	A	3	0	297	19.7878787878788
A_PB2	1564	299	C	3	0	298	26.6476510067114
A_PB2	1565	297	A	5	0	296	21.8716216216216
A_PB2	1566	293	A	9	0	292	19.4109589041096
A_PB2	1567	294	G	8	0	294	20.5
A_PB2	1568	299	G	3	0	297	21.3569023569024
A_PB2	1569	301	A	1	0	298	20.4362416107383
A_PB2	1570	299	A	1	0	296	21.4662162162162
A_PB2	1571	298	C	2	0	296	21.25
A_PB2	1572	298	T	1	0	298	21.3489932885906
A_PB2	1573	298	G	1	0	298	21.1006711409396
A_PB2	1574	296	A	3	0	295	21.5491525423729
A_PB2	1575	298	A	1	0	298	21.3456375838926
A_PB2	1576	297	A	2	0	293	20.9317406143345
A_PB2	1577	296	G	2	0	286	20.4125874125874
A_PB2	1578	293	A	3	0	291	18.0171821305842
A_PB2	1579	294	C	1	0	293	17.8737201365188
A_PB2	1580	292	T	2	0	291	18.2577319587629
A_PB2	1581	291	G	3	0	287	18.9233449477352
A_PB2	1582	284	A	7	0	280	19.0535714285714
A_PB2	1583	287	C	3	0	280	19.7678571428571
A_PB2	1584	287	C	3	0	286	19.7762237762238
A_PB2	1585	289	A	1	0	285	18.4
A_PB2	1586	289	T	1	0	288	17.1319444444444
A_PB2	1587	288	A	1	0	275	16.8290909090909
A_PB2	1588	288	A	1	0	284	16.1056338028169
A_PB2	1589	288	C	1	0	284	16.8943661971831
A_PB2	1590	281	T	8	0	279	19.1863799283154
A_PB2	1591	283	T	6	0	281	18.9608540925267
A_PB2	1592	282	A	5	0	269	18.546468401487
A_PB2	1593	285	T	2	0	276	17.6630434782609
A_PB2	1594	287	T	0	0	287	17.0313588850174
A_PB2	1595	284	C	3	0	277	17.2274368231047
A_PB2	1596	284	A	3	0	280	18.4142857142857
A_PB2	1597	286	T	0	0	282	18.9432624113475
A_PB2	1598	286	C	0	0	280	19.8964285714286
A_PB2	1599	284	A	2	0	281	19.0640569395018
A_PB2	1600	283	T	2	0	283	20.2932862190813
A_PB2	1601	281	C	2	0	269	18.6951672862454
A_PB2	1602	281	G	2	0	270	15.2814814814815
A_PB2	1603	282	A	1	0	280	15.3142857142857
A_PB2	1604	281	T	1	0	280	15.7357142857143
A_PB2	1605	280	G	1	0	277	16.5776173285199
A_PB2	1606	280	A	1	0	277	19.1985559566787
A_PB2	1607	272	T	7	0	272	19.0257352941176
A_PB2	1608	266	G	13	0	265	18.8603773584906
A_PB2	1609	272	T	7	0	269	19.3271375464684
A_PB2	1610	263	G	15	0	259	20.5250965250965
A_PB2	1611	277	G	1	0	276	20.7536231884058
A_PB2	1612	277	G	1	0	274	21.1532846715328
A_PB2	1613	277	A	1	0	273	22.1611721611722
A_PB2	1614	274	G	3	0	268	20.044776119403
A_PB2	1615	274	A	2	0	270	18.2814814814815
A_PB2	1616	274	T	2	0	272	17.4632352941176
A_PB2	1617	275	T	1	0	271	16.8339483394834
A_PB2	1618	275	A	1	0	272	17.3382352941176
A_PB2	1619	274	A	2	0	272	17.6727941176471
A_PB2	1620	273	T	3	0	271	18.1439114391144
A_PB2	1621	270	G	4	0	269	18.7732342007435
A_PB2	1622	269	G	4	0	268	18.7686567164179
A_PB2	1623	271	T	2	0	269	19.3011152416357
A_PB2	1624	269	C	1	0	260	19.7153846153846
A_PB2	1625	269	C	1	0	262	19.7977099236641
A_PB2	1626	269	T	1	0	265	20.6188679245283
A_PB2	1627	262	G	8	0	256	20.85546875
A_PB2	1628	266	A	4	0	263	19.0228136882129
A_PB2	1629	267	G	2	0	264	17.6363636363636
A_PB2	1630	265	T	3	0	264	17.6893939393939
A_PB2	1631	232	C	36	0	211	15.9715639810427
A_PB2	1632	261	G	7	0	254	13.9212598425197
A_PB2	1633	266	G	2	0	264	13.9469696969697
A_PB2	1634	264	T	4	0	226	15
A_PB2	1635	265	T	3	0	257	16.7665369649805
A_PB2	1636	266	T	1	0	263	20.0912547528517
A_PB2	1637	265	T	1	0	253	21.7391304347826
A_PB2	1638	261	G	3	0	239	18.2301255230126
A_PB2	1639	258	G	6	0	255	17.0235294117647
A_PB2	1640	257	T	7	0	257	16.6731517509728
A_PB2	1641	252	C	12	0	231	17.8874458874459
A_PB2	1642	259	A	4	0	255	16.878431372549
A_PB2	1643	262	A	1	0	257	16.6692607003891
A_PB2	1644	262	T	1	0	260	15.9692307692308
A_PB2	1645	258	A	4	0	243	16.679012345679
A_PB2	1646	261	C	1	0	254	16.1535433070866
A_PB2	1647	261	C	1	0	255	16.3058823529412
A_PB2	1648	261	T	1	0	256	18.0859375
A_PB2	1649	260	A	2	0	254	18.9094488188976
A_PB2	1650	261	T	1	0	260	17.6269230769231
A_PB2	1651	258	C	2	0	238	17.5042016806723
A_PB2	1652	259	A	1	0	257	16.2412451361868
A_PB2	1653	259	A	1	0	255	16.2470588235294
A_PB2	1654	258	T	1	0	256	17.10546875
A_PB2	1655	254	G	3	0	244	18.1311475409836
A_PB2	1656	254	G	1	0	251	18.2470119521912
A_PB2	1657	253	A	1	0	249	18.8032128514056
A_PB2	1658	252	T	2	0	250	19.22
A_PB2	1659	252	C	2	0	234	19.8632478632479
A_PB2	1660	252	A	2	0	251	18.5338645418327
A_PB2	1661	252	T	2	0	252	18.4563492063492
A_PB2	1662	247	C	5	0	244	18.6475409836066
A_PB2	1663	249	A	3	0	247	18.5910931174089
A_PB2	1664	246	G	6	0	244	19.1926229508197
A_PB2	1665	247	G	5	0	245	19.0612244897959
A_PB2	1666	247	A	5	0	245	19.0612244897959
A_PB2	1667	249	A	3	0	247	19.8218623481781
A_PB2	1668	249	T	3	0	244	17.9754098360656
A_PB2	1669	250	T	2	0	247	18.6761133603239
A_PB2	1670	243	G	9	0	243	17.6707818930041
A_PB2	1671	250	G	1	0	250	18.056
A_PB2	1672	249	G	2	0	249	19.2208835341365
A_PB2	1673	248	A	3	0	244	21.4426229508197
A_PB2	1674	247	A	3	0	241	20.7178423236515
A_PB2	1675	243	G	6	0	240	19.2875
A_PB2	1676	245	C	3	0	245	19.1918367346939
A_PB2	1677	241	T	6	0	241	19.850622406639
A_PB2	1678	242	G	5	0	232	20.1206896551724
A_PB2	1679	232	T	15	0	231	18.1991341991342
A_PB2	1680	227	C	19	0	218	16.7247706422018
A_PB2	1681	241	A	5	0	230	15.6
A_PB2	1682	244	A	2	0	240	15.8916666666667
A_PB2	1683	241	A	3	0	239	18.0083682008368
A_PB2	1684	241	A	3	0	233	22.4978540772532
A_PB2	1685	240	T	4	0	233	19.5321888412017
A_PB2	1686	240	T	4	0	237	18.9071729957806
A_PB2	1687	236	C	7	0	222	17.6801801801802
A_PB2	1688	238	A	5	0	233	17.2360515021459
A_PB2	1689	238	G	5	0	233	19.274678111588
A_PB2	1690	239	T	2	0	235	19.0510638297872
A_PB2	1691	240	G	1	0	228	18.9956140350877
A_PB2	1692	240	G	1	0	233	18.3175965665236
A_PB2	1693	235	T	5	0	232	17.1681034482759
A_PB2	1694	231	C	6	0	218	17.5550458715596
A_PB2	1695	234	T	3	0	229	17.3362445414847
A_PB2	1696	230	C	7	0	225	17.8533333333333
A_PB2	1697	232	A	5	0	227	17.9118942731278
A_PB2	1698	235	G	2	0	227	17.7356828193833
A_PB2	1699	232	A	5	0	229	17.5152838427948
A_PB2	1700	236	A	1	0	236	17.4915254237288
A_PB2	1701	233	C	3	0	230	17.2869565217391
A_PB2	1702	233	C	2	0	231	18.1255411255411
A_PB2	1703	234	C	1	0	231	20.2727272727273
A_PB2	1704	233	T	1	0	231	22.4805194805195
A_PB2	1705	231	G	3	0	228	22.3815789473684
A_PB2	1706	230	C	4	0	227	22.863436123348
A_PB2	1707	231	A	3	0	230	20.6869565217391
A_PB2	1708	231	A	3	0	231	19.4805194805195
A_PB2	1709	229	T	4	0	227	19.647577092511
A_PB2	1710	230	G	3	0	229	19.4235807860262
A_PB2	1711	231	T	2	0	227	17.9691629955947
A_PB2	1712	230	T	2	0	230	18.1608695652174
A_PB2	1713	226	G	4	0	223	18.3004484304933
A_PB2	1714	228	T	2	0	227	17.0528634361233
A_PB2	1715	228	A	2	0	225	17.3022222222222
A_PB2	1716	225	C	5	0	216	17.1157407407407
A_PB2	1717	227	A	2	0	225	16.6
A_PB2	1718	226	A	2	0	225	17.8444444444444
A_PB2	1719	225	C	3	0	223	18.2107623318386
A_PB2	1720	224	A	4	0	216	18.6712962962963
A_PB2	1721	226	A	2	0	224	18.7276785714286
A_PB2	1722	226	A	2	0	226	20.3716814159292
A_PB2	1723	224	A	4	0	223	22.3991031390135
A_PB2	1724	223	T	4	0	223	21.7309417040359
A_PB2	1725	218	G	7	0	216	20.2916666666667
A_PB2	1726	218	G	5	0	210	19.0666666666667
A_PB2	1727	219	A	4	0	219	18.5159817351598
A_PB2	1728	218	A	3	0	215	20.353488372093
A_PB2	1729	216	T	5	0	206	18.4029126213592
A_PB2	1730	219	T	2	0	214	19.0093457943925
A_PB2	1731	219	T	2	0	214	19.3738317757009
A_PB2	1732	218	G	2	0	209	18.4736842105263
A_PB2	1733	218	A	1	0	216	19.625
A_PB2	1734	218	A	1	0	216	19.2314814814815
A_PB2	1735	217	C	2	0	213	19.3474178403756
A_PB2	1736	217	C	2	0	214	20.0981308411215
A_PB2	1737	217	A	2	0	217	19.4470046082949
A_PB2	1738	213	T	5	0	210	19.9380952380952
A_PB2	1739	214	T	4	0	214	19.5233644859813
A_PB2	1740	215	T	2	0	215	20.4697674418605
A_PB2	1741	214	C	3	0	204	20.3529411764706
A_PB2	1742	214	A	3	0	211	19.1137440758294
A_PB2	1743	215	A	2	0	212	18.0141509433962
A_PB2	1744	215	T	2	0	213	17.5680751173709
A_PB2	1745	213	C	4	0	207	18.7777777777778
A_PB2	1746	210	T	6	0	208	19.3076923076923
A_PB2	1747	213	T	3	0	211	19.6729857819905
A_PB2	1748	213	T	3	0	209	21.0861244019139
A_PB2	1749	212	A	4	0	210	18.7952380952381
A_PB2	1750	211	G	4	0	206	17.3058252427184
A_PB2	1751	213	T	2	0	210	16.4142857142857
A_PB2	1752	200	C	15	0	193	16.9481865284974
A_PB2	1753	212	C	3	0	211	17.2037914691943
A_PB2	1754	211	C	3	0	209	23.1578947368421
A_PB2	1755	212	C	1	0	211	24.8815165876777
A_PB2	1756	210	A	2	0	210	23.4761904761905
A_PB2	1757	209	A	3	0	208	23.2355769230769
A_PB2	1758	210	G	2	0	208	20.8028846153846
A_PB2	1759	209	G	2	0	207	20.9903381642512
A_PB2	1760	210	C	1	0	209	20.488038277512
A_PB2	1761	211	C	0	0	210	21.7285714285714
A_PB2	1762	211	A	0	0	208	21.2596153846154
A_PB2	1763	211	C	0	0	208	22.7692307692308
A_PB2	1764	210	T	1	0	206	18.9466019417476
A_PB2	1765	209	A	2	0	206	17.0291262135922
A_PB2	1766	208	G	3	0	200	16.61
A_PB2	1767	210	A	1	0	208	16.1538461538462
A_PB2	1768	210	A	1	0	209	18.4114832535885
A_PB2	1769	210	G	1	0	207	18.7536231884058
A_PB2	1770	210	C	1	0	209	19.3923444976077
A_PB2	1771	210	C	1	0	208	20.0144230769231
A_PB2	1772	209	A	1	0	206	20
A_PB2	1773	208	A	1	0	207	20.768115942029
A_PB2	1774	207	T	1	0	204	17.3480392156863
A_PB2	1775	204	A	2	0	200	16.87
A_PB2	1776	203	C	3	0	200	17.505
A_PB2	1777	205	A	1	0	200	17.16
A_PB2	1778	205	G	1	0	203	19.0049261083744
A_PB2	1779	205	T	1	0	204	20.8823529411765
A_PB2	1780	205	G	1	0	203	21.0935960591133
A_PB2	1781	204	G	1	0	203	21.8275862068966
A_PB2	1782	201	G	2	0	197	21.7360406091371
A_PB2	1783	197	T	6	0	195	21.4666666666667
A_PB2	1784	201	T	2	0	199	21.3266331658291
A_PB2	1785	201	T	1	0	199	22.3668341708543
A_PB2	1786	201	G	1	0	194	20.979381443299
A_PB2	1787	198	T	4	0	198	20.5353535353535
A_PB2	1788	188	C	13	0	181	18.5580110497238
A_PB2	1789	195	A	6	0	189	16.7142857142857
A_PB2	1790	192	G	9	0	187	16.3850267379679
A_PB2	1791	194	A	6	0	192	17.6875
A_PB2	1792	194	A	6	0	192	18.5208333333333
A_PB2	1793	194	C	6	0	191	17.9842931937173
A_PB2	1794	195	T	5	0	194	19.4123711340206
A_PB2	1795	195	C	4	0	184	18.6195652173913
A_PB2	1796	190	T	9	0	189	17.962962962963
A_PB2	1797	193	A	5	0	184	18.1576086956522
A_PB2	1798	194	T	4	0	191	16.9214659685864
A_PB2	1799	196	T	2	0	195	17.4461538461538
A_PB2	1800	193	C	4	0	192	17.2864583333333
A_PB2	1801	196	C	1	0	191	19.8115183246073
A_PB2	1802	196	A	1	0	195	21.974358974359
A_PB2	1803	196	A	1	0	196	22.3316326530612
A_PB2	1804	195	C	2	0	192	21.21875
A_PB2	1805	196	A	1	0	192	20.234375
A_PB2	1806	195	A	1	0	193	19.8290155440415
A_PB2	1807	193	A	2	0	192	20.8802083333333
A_PB2	1808	192	T	2	0	191	20.6596858638743
A_PB2	1809	185	G	8	0	180	18.6222222222222
A_PB2	1810	184	A	8	0	183	17.9180327868852
A_PB2	1811	189	G	3	0	184	17.2989130434783
A_PB2	1812	189	A	2	0	186	23.6397849462366
A_PB2	1813	181	G	9	0	175	25.44
A_PB2	1814	186	A	3	0	184	18.1521739130435
A_PB2	1815	185	C	4	0	177	16.4011299435028
A_PB2	1816	185	G	4	0	165	13.8545454545455
A_PB2	1817	186	T	3	0	183	13.3551912568306
A_PB2	1818	184	A	5	0	178	13.2752808988764
A_PB2	1819	181	C	6	0	175	14.2685714285714
A_PB2	1820	164	T	23	0	162	17.2283950617284
A_PB2	1821	182	T	5	0	182	16.3736263736264
A_PB2	1822	177	G	10	0	172	16.3023255813953
A_PB2	1823	184	G	2	0	184	16.6521739130435
A_PB2	1824	182	G	4	0	179	19.4525139664804
A_PB2	1825	181	A	5	0	180	20.3833333333333
A_PB2	1826	183	C	3	0	180	20.7555555555556
A_PB2	1827	183	A	3	0	183	19.7213114754098
A_PB2	1828	179	T	7	0	175	19.7942857142857
A_PB2	1829	182	T	4	0	181	19.1823204419889
A_PB2	1830	184	T	2	0	182	19.8956043956044
A_PB2	1831	184	G	2	0	180	19.1833333333333
A_PB2	1832	181	A	4	0	176	19.8920454545455
A_PB2	1833	182	C	2	0	181	20.8950276243094
A_PB2	1834	181	A	2	0	179	19.4301675977654
A_PB2	1835	181	C	2	0	178	19.747191011236
A_PB2	1836	180	T	2	0	178	20.5337078651685
A_PB2	1837	179	G	3	0	177	20.1468926553672
A_PB2	1838	177	C	5	0	174	21.3045977011494
A_PB2	1839	180	C	2	0	178	20.876404494382
A_PB2	1840	178	C	4	0	177	21.8474576271186
A_PB2	1841	176	A	4	0	173	21.7976878612717
A_PB2	1842	176	G	3	0	174	22.5344827586207
A_PB2	1843	172	A	6	0	170	20.6705882352941
A_PB2	1844	172	T	6	0	172	18.4651162790698
A_PB2	1845	172	A	6	0	168	17.1547619047619
A_PB2	1846	173	A	5	0	173	16.9942196531792
A_PB2	1847	174	T	4	0	173	16.2485549132948
A_PB2	1848	174	A	4	0	173	17.7687861271676
A_PB2	1849	176	A	2	0	174	17.4425287356322
A_PB2	1850	176	A	1	0	174	18.1264367816092
A_PB2	1851	171	G	4	0	168	19.2797619047619
A_PB2	1852	172	C	3	0	167	17.9161676646707
A_PB2	1853	168	T	7	0	167	18.8922155688623
A_PB2	1854	169	T	6	0	168	19.0892857142857
A_PB2	1855	170	C	4	0	167	18.2095808383234
A_PB2	1856	170	T	4	0	168	19.3095238095238
A_PB2	1857	167	C	6	0	164	20.4207317073171
A_PB2	1858	167	C	4	0	166	21.9036144578313
A_PB2	1859	167	C	4	0	164	23.1280487804878
A_PB2	1860	152	T	18	0	143	23.4755244755245
A_PB2	1861	165	T	4	0	163	22.8773006134969
A_PB2	1862	165	T	4	0	164	23.0487804878049
A_PB2	1863	164	T	4	0	162	22.8518518518519
A_PB2	1864	163	G	4	0	159	22.0377358490566
A_PB2	1865	164	C	3	0	163	23.4049079754601
A_PB2	1866	166	A	1	0	164	22.1280487804878
A_PB2	1867	166	G	1	0	164	20.5426829268293
A_PB2	1868	167	C	0	0	163	22.6625766871166
A_PB2	1869	167	T	0	0	166	21.5421686746988
A_PB2	1870	166	G	1	0	162	23.9074074074074
A_PB2	1871	164	C	2	0	162	23.5246913580247
A_PB2	1872	163	T	3	0	163	21.6134969325153
A_PB2	1873	161	C	4	0	158	20.2088607594937
A_PB2	1874	164	C	1	0	164	19.9939024390244
A_PB2	1875	162	A	1	0	160	18.4125
A_PB2	1876	160	C	3	0	159	23.7106918238994
A_PB2	1877	159	C	2	0	159	23.5911949685535
A_PB2	1878	159	A	2	0	155	21.541935483871
A_PB2	1879	160	A	1	0	159	21.1006289308176
A_PB2	1880	159	A	1	0	159	22.0125786163522
A_PB2	1881	157	G	2	0	157	20.7770700636943
A_PB2	1882	157	C	2	0	157	20.5987261146497
A_PB2	1883	158	A	1	0	157	20.0828025477707
A_PB2	1884	158	A	1	0	158	18.9810126582278
A_PB2	1885	156	A	2	0	154	20.2727272727273
A_PB2	1886	155	G	2	0	151	19.9602649006623
A_PB2	1887	156	C	1	0	154	20.6493506493506
A_PB2	1888	154	A	3	0	152	19.875
A_PB2	1889	150	G	6	0	147	18.8367346938776
A_PB2	1890	152	A	4	0	151	18.1390728476821
A_PB2	1891	154	A	2	0	153	17.5424836601307
A_PB2	1892	154	T	2	0	154	16.7727272727273
A_PB2	1893	151	G	5	0	146	17.7054794520548
A_PB2	1894	152	C	3	0	150	18.1533333333333
A_PB2	1895	152	A	3	0	150	18.5133333333333
A_PB2	1896	153	G	2	0	151	19.2251655629139
A_PB2	1897	149	T	6	0	148	17.4459459459459
A_PB2	1898	150	T	5	0	150	17.1333333333333
A_PB2	1899	145	C	9	0	142	17.387323943662
A_PB2	1900	149	T	4	0	146	17.958904109589
A_PB2	1901	148	C	5	0	145	27.8
A_PB2	1902	144	T	9	0	141	27.4822695035461
A_PB2	1903	150	T	2	0	149	20.2080536912752
A_PB2	1904	149	C	3	0	149	18.9127516778523
A_PB2	1905	150	A	2	0	150	20.04
A_PB2	1906	150	C	2	0	150	21.8066666666667
A_PB2	1907	148	T	3	0	147	21.9727891156463
A_PB2	1908	149	G	2	0	147	20.7891156462585
A_PB2	1909	148	A	3	0	148	20.7567567567568
A_PB2	1910	147	C	3	0	145	21.1862068965517
A_PB2	1911	146	T	4	0	145	21.8206896551724
A_PB2	1912	147	G	3	0	147	21.7414965986395
A_PB2	1913	148	T	2	0	148	22.8986486486486
A_PB2	1914	147	G	2	0	145	21.5241379310345
A_PB2	1915	145	A	4	0	143	20.5664335664336
A_PB2	1916	146	A	3	0	146	19.5068493150685
A_PB2	1917	145	T	4	0	145	18.8275862068966
A_PB2	1918	145	G	4	0	143	18.7692307692308
A_PB2	1919	146	T	3	0	146	18.7739726027397
A_PB2	1920	144	G	5	0	141	18.1985815602837
A_PB2	1921	145	A	4	0	142	17.0070422535211
A_PB2	1922	141	G	8	0	139	17.589928057554
A_PB2	1923	144	G	5	0	143	17.6503496503496
A_PB2	1924	144	G	5	0	140	18.3785714285714
A_PB2	1925	146	G	3	0	141	20.0709219858156
A_PB2	1926	147	A	2	0	141	18.7659574468085
A_PB2	1927	146	T	3	0	144	16.1666666666667
A_PB2	1928	135	C	14	0	115	15.4695652173913
A_PB2	1929	145	A	4	0	139	13.5611510791367
A_PB2	1930	146	G	3	0	146	13.4931506849315
A_PB2	1931	148	G	1	0	143	13.6993006993007
A_PB2	1932	147	G	2	0	147	17.2108843537415
A_PB2	1933	147	A	2	0	146	17.9315068493151
A_PB2	1934	146	T	2	0	144	17.6388888888889
A_PB2	1935	136	G	12	0	129	14.8449612403101
A_PB2	1936	141	A	5	0	140	13.7214285714286
A_PB2	1937	142	G	4	0	139	13.3884892086331
A_PB2	1938	141	A	4	0	140	16.7785714285714
A_PB2	1939	142	A	3	0	140	16.1642857142857
A_PB2	1940	140	T	4	0	137	14.1459854014599
A_PB2	1941	135	A	9	0	132	15.1287878787879
A_PB2	1942	137	C	7	0	132	15.3560606060606
A_PB2	1943	140	T	4	0	139	15.1726618705036
A_PB2	1944	142	T	2	0	141	17.2765957446809
A_PB2	1945	141	G	3	0	139	16.9064748201439
A_PB2	1946	139	T	5	0	138	16.3260869565217
A_PB2	1947	138	A	4	0	137	16.021897810219
A_PB2	1948	138	A	4	0	138	15.7246376811594
A_PB2	1949	132	G	10	0	131	17.1374045801527
A_PB2	1950	139	G	2	0	136	20.4191176470588
A_PB2	1951	139	G	2	0	139	20.9424460431655
A_PB2	1952	138	G	2	0	136	22.9558823529412
A_PB2	1953	136	C	3	0	136	21.2720588235294
A_PB2	1954	136	A	2	0	136	20.6985294117647
A_PB2	1955	135	A	2	0	124	20.4112903225806
A_PB2	1956	135	T	2	0	134	18.0373134328358
A_PB2	1957	130	T	6	0	127	18.9606299212598
A_PB2	1958	128	C	8	0	114	18.2368421052632
A_PB2	1959	129	T	7	0	128	17.484375
A_PB2	1960	129	C	7	0	126	18.515873015873
A_PB2	1961	132	C	4	0	129	18.3953488372093
A_PB2	1962	132	T	4	0	131	20.5267175572519
A_PB2	1963	132	G	4	0	130	20.1846153846154
A_PB2	1964	134	T	2	0	132	17.3257575757576
A_PB2	1965	130	A	4	0	129	16.6589147286822
A_PB2	1966	132	T	1	0	131	15.3129770992366
A_PB2	1967	131	T	2	0	128	15.921875
A_PB2	1968	130	C	2	0	121	17.0495867768595
A_PB2	1969	131	A	1	0	124	16.741935483871
A_PB2	1970	130	A	2	0	130	17.8538461538462
A_PB2	1971	128	C	4	0	126	18.7222222222222
A_PB2	1972	128	T	4	0	125	18.12
A_PB2	1973	129	A	3	0	124	18.0322580645161
A_PB2	1974	128	C	3	0	124	18.1532258064516
A_PB2	1975	128	A	3	0	126	17.2142857142857
A_PB2	1976	127	A	3	0	125	18.008
A_PB2	1977	128	C	2	0	125	19.008
A_PB2	1978	126	A	4	0	124	19.3629032258065
A_PB2	1979	128	A	2	0	123	19.5040650406504
A_PB2	1980	127	G	2	0	124	18.3306451612903
A_PB2	1981	128	A	1	0	127	18.6062992125984
A_PB2	1982	128	C	1	0	127	19.1496062992126
A_PB2	1983	126	C	2	0	124	19.9435483870968
A_PB2	1984	125	A	3	0	125	20.448
A_PB2	1985	124	C	3	0	123	21.2357723577236
A_PB2	1986	124	T	3	0	124	19.9032258064516
A_PB2	1987	124	A	3	0	120	18.8666666666667
A_PB2	1988	125	A	2	0	125	18.328
A_PB2	1989	124	A	3	0	123	20.0325203252033
A_PB2	1990	123	A	3	0	122	23.1967213114754
A_PB2	1991	123	G	3	0	123	21.7317073170732
A_PB2	1992	122	G	3	0	122	22.9426229508197
A_PB2	1993	121	C	2	0	121	20.3801652892562
A_PB2	1994	118	T	3	0	118	20.0338983050847
A_PB2	1995	116	A	3	0	116	19.9310344827586
A_PB2	1996	115	A	4	0	114	19.3947368421053
A_PB2	1997	115	C	3	0	115	20.2347826086957
A_PB2	1998	116	A	2	0	115	19.9652173913043
A_PB2	1999	116	A	2	0	116	18.4827586206897
A_PB2	2000	115	T	3	0	113	18.3628318584071
A_PB2	2001	114	T	4	0	114	19.3684210526316
A_PB2	2002	115	C	3	0	103	18.5533980582524
A_PB2	2003	109	T	9	0	102	19.5196078431373
A_PB2	2004	114	T	4	0	113	20.6017699115044
A_PB2	2005	114	G	4	0	112	18.5357142857143
A_PB2	2006	116	G	2	0	114	18.2719298245614
A_PB2	2007	111	A	7	0	111	20.1441441441441
A_PB2	2008	113	A	5	0	113	20.5044247787611
A_PB2	2009	113	A	4	0	113	20.070796460177
A_PB2	2010	112	A	3	0	108	20.9537037037037
A_PB2	2011	111	G	4	0	106	19.6603773584906
A_PB2	2012	112	A	3	0	108	18.1111111111111
A_PB2	2013	111	T	4	0	111	16.8648648648649
A_PB2	2014	110	G	4	0	108	16.4259259259259
A_PB2	2015	105	C	8	0	103	17.2233009708738
A_PB2	2016	103	C	7	0	101	16.009900990099
A_PB2	2017	99	G	9	0	91	14.7802197802198
A_PB2	2018	104	G	3	0	102	14.8725490196078
A_PB2	2019	103	C	4	0	103	15.2427184466019
A_PB2	2020	104	A	3	0	103	16.4174757281553
A_PB2	2021	103	C	4	0	101	21.7128712871287
A_PB2	2022	94	T	13	0	90	21.0333333333333
A_PB2	2023	101	T	5	0	98	20.4387755102041
A_PB2	2024	101	T	4	0	96	20.2083333333333
A_PB2	2025	102	A	3	0	89	17.1348314606742
A_PB2	2026	103	A	2	0	102	16.1862745098039
A_PB2	2027	103	T	1	0	103	15.4077669902913
A_PB2	2028	102	T	1	0	101	15.8415841584158
A_PB2	2029	102	G	1	0	101	16.5445544554455
A_PB2	2030	98	A	4	0	98	18.030612244898
A_PB2	2031	99	A	3	0	99	19.3535353535354
A_PB2	2032	97	G	5	0	93	18.4086021505376
A_PB2	2033	93	A	9	0	87	19.264367816092
A_PB2	2034	96	C	5	0	94	17.1595744680851
A_PB2	2035	99	C	2	0	95	17.3368421052632
A_PB2	2036	100	C	1	0	96	19.3020833333333
A_PB2	2037	100	A	1	0	99	20.979797979798
A_PB2	2038	97	G	3	0	95	20.5368421052632
A_PB2	2039	97	A	3	0	97	18
A_PB2	2040	98	T	1	0	97	16.9587628865979
A_PB2	2041	97	G	2	0	95	16.1684210526316
A_PB2	2042	95	A	4	0	94	16.8510638297872
A_PB2	2043	97	A	2	0	97	16.8144329896907
A_PB2	2044	97	A	2	0	97	19.360824742268
A_PB2	2045	95	G	4	0	94	20.6595744680851
A_PB2	2046	95	C	3	0	93	19.0322580645161
A_PB2	2047	95	A	3	0	91	17.9230769230769
A_PB2	2048	95	C	3	0	93	18.1075268817204
A_PB2	2049	95	A	3	0	93	17.2043010752688
A_PB2	2050	95	T	2	0	94	15.5744680851064
A_PB2	2051	90	C	5	0	86	17.3023255813953
A_PB2	2052	90	C	5	0	85	15.7647058823529
A_PB2	2053	90	G	5	0	86	14.2441860465116
A_PB2	2054	91	G	3	0	88	15.0681818181818
A_PB2	2055	92	A	2	0	88	14.6022727272727
A_PB2	2056	92	G	2	0	88	15.8863636363636
A_PB2	2057	91	T	3	0	87	17.6666666666667
A_PB2	2058	89	G	5	0	87	17.5402298850575
A_PB2	2059	90	G	4	0	85	16.1882352941176
A_PB2	2060	90	A	3	0	86	15.9186046511628
A_PB2	2061	87	G	6	0	82	16.9756097560976
A_PB2	2062	91	T	2	0	87	14.0114942528736
A_PB2	2063	88	C	5	0	79	13.9240506329114
A_PB2	2064	89	C	4	0	86	12.8604651162791
A_PB2	2065	89	G	4	0	70	12.5142857142857
A_PB2	2066	91	C	2	0	87	13.2413793103448
A_PB2	2067	91	C	2	0	88	12.5113636363636
A_PB2	2068	89	G	2	0	69	13.536231884058
A_PB2	2069	89	T	2	0	89	13.4831460674157
A_PB2	2070	87	C	4	0	79	12.9620253164557
A_PB2	2071	81	T	10	0	80	12.9875
A_PB2	2072	82	T	9	0	80	15.3625
A_PB2	2073	75	G	15	0	70	12.5
A_PB2	2074	82	A	8	0	78	13.6538461538462
A_PB2	2075	86	G	4	0	81	13.9876543209877
A_PB2	2076	87	A	3	0	86	17.1162790697674
A_PB2	2077	83	G	7	0	79	17.8481012658228
A_PB2	2078	87	G	3	0	83	17.0361445783133
A_PB2	2079	87	G	3	0	85	17.6823529411765
A_PB2	2080	87	T	3	0	86	15.9418604651163
A_PB2	2081	86	T	4	0	82	16.4390243902439
A_PB2	2082	83	C	7	0	79	15.9367088607595
A_PB2	2083	87	C	3	0	85	16.5882352941176
A_PB2	2084	87	T	3	0	85	17.0235294117647
A_PB2	2085	87	C	3	0	81	17.2345679012346
A_PB2	2086	87	A	3	0	83	16.3855421686747
A_PB2	2087	86	T	4	0	84	16.047619047619
A_PB2	2088	86	T	4	0	86	14.7674418604651
A_PB2	2089	86	A	4	0	80	13.8375
A_PB2	2090	87	T	3	0	84	13.8095238095238
A_PB2	2091	86	A	4	0	75	13.72
A_PB2	2092	89	G	1	0	87	13.264367816092
A_PB2	2093	89	G	0	0	85	14.6117647058824
A_PB2	2094	85	T	4	0	81	15.3950617283951
A_PB2	2095	84	A	5	0	67	16.4776119402985
A_PB2	2096	85	A	4	0	83	15.2168674698795
A_PB2	2097	86	A	3	0	81	15.3086419753086
A_PB2	2098	87	G	2	0	83	15.9638554216867
A_PB2	2099	80	A	10	0	79	17.0126582278481
A_PB2	2100	82	A	8	0	80	16.0875
A_PB2	2101	74	G	16	0	62	15.6290322580645
A_PB2	2102	80	A	9	0	78	14.2948717948718
A_PB2	2103	77	C	11	0	76	13.7105263157895
A_PB2	2104	81	A	7	0	78	13.9230769230769
A_PB2	2105	75	G	13	0	70	14.2428571428571
A_PB2	2106	87	A	1	0	85	12.7647058823529
A_PB2	2107	86	A	1	0	81	14.4691358024691
A_PB2	2108	84	G	3	0	77	13.6883116883117
A_PB2	2109	114	A	3	0	111	21.9279279279279
A_PB2	2110	111	T	6	0	107	19.1775700934579
A_PB2	2111	108	A	8	0	101	20.2871287128713
A_PB2	2112	107	C	8	0	69	12.1159420289855
A_PB2	2113	109	G	6	0	102	18.0686274509804
A_PB2	2114	107	G	10	0	104	18.5961538461538
A_PB2	2115	76	A	40	0	75	12.0266666666667
A_PB2	2116	108	C	8	0	99	23.5656565656566
A_PB2	2117	114	C	2	0	107	22.0280373831776
A_PB2	2118	114	A	2	0	112	20.8392857142857
A_PB2	2119	104	G	10	0	68	16.1764705882353
A_PB2	2120	112	C	2	0	80	14.825
A_PB2	2121	111	A	5	0	108	20.5092592592593
A_PB2	2122	101	T	15	0	97	22.6907216494845
A_PB2	2123	108	T	8	0	103	20.7669902912621
A_PB2	2124	104	A	12	0	91	18.7472527472527
A_PB2	2125	115	A	3	0	112	15.7410714285714
A_PB2	2126	115	G	4	0	111	16.9009009009009
A_PB2	2127	118	C	2	0	115	16.2260869565217
A_PB2	2128	118	A	3	0	106	16.8301886792453
A_PB2	2129	123	T	1	0	120	16.3583333333333
A_PB2	2130	121	C	5	0	98	16.1224489795918
A_PB2	2131	130	A	2	0	115	14.9652173913043
A_PB2	2132	129	A	3	0	127	15
A_PB2	2133	127	T	4	0	126	16.4603174603175
A_PB2	2134	126	G	5	0	112	18.5089285714286
A_PB2	2135	125	A	5	0	124	18.8548387096774
A_PB2	2136	127	A	3	0	125	18.384
A_PB2	2137	124	C	4	0	119	18.9075630252101
A_PB2	2138	127	T	1	0	125	22.472
A_PB2	2139	121	G	6	0	112	19.875
A_PB2	2140	124	A	2	0	116	18.4396551724138
A_PB2	2141	123	G	3	0	119	19.4033613445378
A_PB2	2142	124	T	1	0	120	19.575
A_PB2	2143	123	A	1	0	117	20.3846153846154
A_PB2	2144	124	A	3	0	124	22.741935483871
A_PB2	2145	124	C	3	0	123	25.479674796748
A_PB2	2146	125	C	2	0	120	25
A_PB2	2147	122	T	4	0	117	26.8205128205128
A_PB2	2148	124	T	2	0	121	27.5867768595041
A_PB2	2149	121	G	5	0	117	19.2222222222222
A_PB2	2150	118	C	6	0	117	22.1452991452991
A_PB2	2151	114	A	10	0	110	20.4272727272727
A_PB2	2152	121	A	5	0	118	20.3474576271186
A_PB2	2153	122	A	3	0	120	23.3416666666667
A_PB2	2154	122	A	3	0	120	26.9916666666667
A_PB2	2155	117	G	7	0	114	27.0789473684211
A_PB2	2156	119	G	5	0	118	27.5423728813559
A_PB2	2157	118	G	3	0	116	27.9741379310345
A_PB2	2158	115	G	5	0	115	31.8695652173913
A_PB2	2159	109	A	11	0	104	29.7692307692308
A_PB2	2160	112	A	8	0	109	28.6330275229358
A_PB2	2161	117	A	3	0	114	28.8508771929825
A_PB2	2162	117	A	3	0	109	28.6330275229358
A_PB2	2163	117	G	3	0	117	28.1196581196581
A_PB2	2164	115	G	5	0	115	28.504347826087
A_PB2	2165	113	C	6	0	111	26.4504504504505
A_PB2	2166	108	T	11	0	106	28.2830188679245
A_PB2	2167	113	A	6	0	110	26.5545454545455
A_PB2	2168	114	A	3	0	111	25.2072072072072
A_PB2	2169	116	T	1	0	110	28.4272727272727
A_PB2	2170	114	G	2	0	112	27.6964285714286
A_PB2	2171	113	T	3	0	111	29.3603603603604
A_PB2	2172	115	G	1	0	110	39.5363636363636
A_PB2	2173	112	T	3	0	109	41.1100917431193
A_PB2	2174	112	T	2	0	108	26.4444444444444
A_PB2	2175	113	A	1	0	110	24.2
A_PB2	2176	113	A	1	0	112	26.8035714285714
A_PB2	2177	112	T	2	0	110	32.4363636363636
A_PB2	2178	112	T	2	0	110	29.3545454545455
A_PB2	2179	112	G	2	0	108	25.5092592592593
A_PB2	2180	113	G	1	0	113	26.7433628318584
A_PB2	2181	111	G	1	0	110	29.7363636363636
A_PB2	2182	112	C	0	0	110	28.2272727272727
A_PB2	2183	111	A	1	0	109	27.0917431192661
A_PB2	2184	108	A	2	0	105	28.0571428571429
A_PB2	2185	107	G	2	0	106	28.9811320754717
A_PB2	2186	108	G	1	0	106	29.2924528301887
A_PB2	2187	106	A	3	0	105	27.8
A_PB2	2188	101	G	7	0	97	29.2577319587629
A_PB2	2189	104	A	4	0	94	25.8617021276596
A_PB2	2190	103	C	5	0	97	26.2268041237113
A_PB2	2191	106	G	2	0	104	23.8653846153846
A_PB2	2192	107	T	1	0	107	23.8598130841122
A_PB2	2193	108	G	0	0	108	25.0648148148148
A_PB2	2194	107	G	1	0	106	31.0754716981132
A_PB2	2195	107	T	1	0	107	32.5794392523364
A_PB2	2196	107	G	1	0	106	31.311320754717
A_PB2	2197	107	T	1	0	106	29.9528301886792
A_PB2	2198	108	T	0	0	107	30.3457943925234
A_PB2	2199	108	G	0	0	108	27.1296296296296
A_PB2	2200	106	G	1	0	106	29.2830188679245
A_PB2	2201	105	T	2	0	103	35.4563106796116
A_PB2	2202	107	A	0	0	103	32.495145631068
A_PB2	2203	107	A	0	0	106	31.311320754717
A_PB2	2204	107	T	0	0	107	33.1588785046729
A_PB2	2205	107	G	0	0	106	28.5471698113208
A_PB2	2206	107	A	0	0	106	28.5377358490566
A_PB2	2207	107	A	0	0	107	30.8785046728972
A_PB2	2208	106	A	1	0	105	35.2666666666667
A_PB2	2209	106	C	1	0	106	32.7830188679245
A_PB2	2210	106	G	1	0	100	27.09
A_PB2	2211	106	G	1	0	104	26.3942307692308
A_PB2	2212	107	A	0	0	105	27.2571428571429
A_PB2	2213	107	A	0	0	107	30.8878504672897
A_PB2	2214	106	A	0	0	104	41.1923076923077
A_PB2	2215	105	C	1	0	101	33.3762376237624
A_PB2	2216	100	G	5	0	100	28.43
A_PB2	2217	104	G	1	0	103	27.8834951456311
A_PB2	2218	105	G	0	0	93	26.1397849462366
A_PB2	2219	104	A	1	0	100	30.87
A_PB2	2220	102	C	3	0	100	26.74
A_PB2	2221	104	T	1	0	103	24
A_PB2	2222	102	C	3	0	91	24.967032967033
A_PB2	2223	103	T	2	0	102	26.7843137254902
A_PB2	2224	103	A	2	0	86	22
A_PB2	2225	103	G	2	0	95	20.9578947368421
A_PB2	2226	102	T	3	0	97	20.3505154639175
A_PB2	2227	103	A	2	0	92	22.054347826087
A_PB2	2228	104	T	1	0	100	26.54
A_PB2	2229	101	A	4	0	93	24
A_PB2	2230	103	C	2	0	99	23.3333333333333
A_PB2	2231	102	T	3	0	101	22.2475247524752
A_PB2	2232	103	T	2	0	100	24.9
A_PB2	2233	101	A	4	0	97	24.4845360824742
A_PB2	2234	104	C	1	0	104	26.0480769230769
A_PB2	2235	104	T	1	0	102	27.5
A_PB2	2236	105	G	0	0	102	26.1372549019608
A_PB2	2237	105	A	0	0	104	28.2884615384615
A_PB2	2238	104	C	0	0	104	34.1153846153846
A_PB2	2239	104	A	0	0	100	33.09
A_PB2	2240	103	G	1	0	102	32.4509803921569
A_PB2	2241	103	C	1	0	103	35.0582524271845
A_PB2	2242	102	C	2	0	102	33.078431372549
A_PB2	2243	101	A	3	0	101	32.4059405940594
A_PB2	2244	99	G	5	0	97	35.5876288659794
A_PB2	2245	104	A	0	0	104	28.8461538461538
A_PB2	2246	104	C	0	0	103	30.0291262135922
A_PB2	2247	104	A	0	0	103	25.7961165048544
A_PB2	2248	104	G	0	0	104	27.0961538461538
A_PB2	2249	103	C	1	0	103	30.7184466019417
A_PB2	2250	104	G	0	0	98	25.0204081632653
A_PB2	2251	104	A	0	0	102	25.8137254901961
A_PB2	2252	104	C	0	0	103	24.8155339805825
A_PB2	2253	104	C	0	0	101	25.7425742574257
A_PB2	2254	104	A	0	0	102	27.2549019607843
A_PB2	2255	103	A	1	0	103	33.1553398058252
A_PB2	2256	103	A	1	0	103	30.6019417475728
A_PB2	2257	103	C	1	0	103	31.1747572815534
A_PB2	2258	100	G	3	0	93	25.8709677419355
A_PB2	2259	103	A	0	0	102	23.2352941176471
A_PB2	2260	103	A	0	0	103	23.621359223301
A_PB2	2261	103	T	0	0	98	25.3367346938776
A_PB2	2262	103	T	0	0	102	36.656862745098
A_PB2	2263	100	C	3	0	98	29.1326530612245
A_PB2	2264	101	G	2	0	100	28.75
A_PB2	2265	103	G	0	0	101	30.5841584158416
A_PB2	2266	103	A	0	0	103	28.4368932038835
A_PB2	2267	103	T	0	0	102	32.343137254902
A_PB2	2268	103	G	0	0	102	31.9705882352941
A_PB2	2269	103	G	0	0	103	34.5436893203884
A_PB2	2270	103	C	0	0	103	32.5825242718447
A_PB2	2271	103	C	0	0	103	32.6407766990291
A_PB2	2272	103	A	0	0	103	34.3009708737864
A_PB2	2273	103	T	0	0	103	33.9126213592233
A_PB2	2274	102	C	0	0	102	32.7352941176471
A_PB2	2275	102	A	0	0	102	31.6078431372549
A_PB2	2276	101	A	0	0	101	30.0693069306931
A_PB2	2277	101	T	0	0	100	33.35
A_PB2	2278	99	T	0	0	99	30.2727272727273
A_PB2	2279	99	A	0	0	99	31.8989898989899
A_PB2	2280	99	A	0	0	99	31.8282828282828
