Reference_Name	Position	Coverage Depth	Consensus	Deletions	Ambiguous	Consensus_Count	Consensus_Average_Quality
A_NS	1	86	A	0	0	86	25.2209302325581
A_NS	2	87	T	0	0	87	25.3448275862069
A_NS	3	89	G	0	0	89	26.1123595505618
A_NS	4	91	G	0	0	91	24.2527472527473
A_NS	5	92	A	0	0	92	23.5652173913043
A_NS	6	92	A	0	0	92	24.6413043478261
A_NS	7	92	T	0	0	92	23.1847826086957
A_NS	8	91	C	7	0	91	23.6593406593407
A_NS	9	98	C	0	0	97	21.340206185567
A_NS	10	97	A	1	0	97	19.7938144329897
A_NS	11	98	A	0	0	97	19.8350515463918
A_NS	12	98	C	0	0	98	23.5408163265306
A_NS	13	98	A	0	0	97	23.9896907216495
A_NS	14	96	C	2	0	96	23.8958333333333
A_NS	15	96	C	2	0	96	24.1770833333333
A_NS	16	97	A	1	0	96	23.4166666666667
A_NS	17	98	T	0	0	98	23.4387755102041
A_NS	18	98	G	0	0	96	23.6145833333333
A_NS	19	98	T	0	0	98	23.7857142857143
A_NS	20	97	C	1	0	97	23.9587628865979
A_NS	21	96	A	2	0	95	22.5684210526316
A_NS	22	98	A	0	0	94	22.8191489361702
A_NS	23	97	G	1	0	97	21.5979381443299
A_NS	24	97	C	1	0	97	22.4536082474227
A_NS	25	93	T	5	0	92	23.8478260869565
A_NS	26	94	T	4	0	94	23.6063829787234
A_NS	27	96	T	2	0	93	26.0967741935484
A_NS	28	96	C	2	0	94	25.5851063829787
A_NS	29	94	A	4	0	92	21.3260869565217
A_NS	30	95	G	3	0	93	19.9784946236559
A_NS	31	97	G	1	0	97	19.8969072164948
A_NS	32	97	T	1	0	96	20.6145833333333
A_NS	33	98	A	0	0	94	20.531914893617
A_NS	34	98	G	0	0	96	20.3541666666667
A_NS	35	96	A	2	0	93	21.258064516129
A_NS	36	98	C	0	0	98	21.3469387755102
A_NS	37	98	T	0	0	98	20.6530612244898
A_NS	38	97	G	1	0	97	22.3298969072165
A_NS	39	90	T	8	0	89	24.8876404494382
A_NS	40	98	T	0	0	98	24.5918367346939
A_NS	41	98	T	0	0	97	25.4742268041237
A_NS	42	98	T	0	0	98	25.1530612244898
A_NS	43	98	C	0	0	98	29.7448979591837
A_NS	44	92	T	6	0	92	24.5326086956522
A_NS	45	95	T	3	0	94	24.0425531914894
A_NS	46	96	T	2	0	95	25.0421052631579
A_NS	47	97	G	1	0	93	21.989247311828
A_NS	48	97	G	1	0	96	21.2708333333333
A_NS	49	97	C	1	0	96	21.25
A_NS	50	97	A	1	0	97	21.2886597938144
A_NS	51	97	T	1	0	96	23.9270833333333
A_NS	52	97	A	1	0	96	24.1041666666667
A_NS	53	97	T	1	0	94	25.1808510638298
A_NS	54	98	T	0	0	97	26.7938144329897
A_NS	55	98	C	0	0	97	25.1855670103093
A_NS	56	97	G	1	0	94	19.7872340425532
A_NS	57	97	C	1	0	94	19.9148936170213
A_NS	58	95	A	3	0	93	20.2688172043011
A_NS	59	97	A	1	0	95	19.4105263157895
A_NS	60	98	G	0	0	93	19.7849462365591
A_NS	61	97	C	1	0	93	22.1075268817204
A_NS	62	95	G	3	0	94	21.8829787234043
A_NS	63	92	A	6	0	90	22.2222222222222
A_NS	64	94	T	4	0	92	22.445652173913
A_NS	65	98	T	0	0	97	23.3711340206186
A_NS	66	98	T	0	0	97	23.5360824742268
A_NS	67	98	G	0	0	97	22.5567010309278
A_NS	68	97	C	1	0	95	23.4842105263158
A_NS	69	97	A	1	0	95	21.8947368421053
A_NS	70	98	G	0	0	97	21.4123711340206
A_NS	71	97	A	1	0	97	21.7010309278351
A_NS	72	96	C	2	0	94	22.2765957446809
A_NS	73	98	A	0	0	97	22.0927835051546
A_NS	74	98	A	0	0	98	23.6734693877551
A_NS	75	98	T	0	0	97	25.4432989690722
A_NS	76	97	G	1	0	97	26.0721649484536
A_NS	77	97	G	1	0	95	25.4736842105263
A_NS	78	97	A	1	0	95	24.9894736842105
A_NS	79	97	T	1	0	96	24.21875
A_NS	80	97	T	1	0	96	22.3854166666667
A_NS	81	94	G	4	0	85	19.1058823529412
A_NS	82	96	G	2	0	94	17.6808510638298
A_NS	83	97	G	1	0	94	17.5106382978723
A_NS	84	97	T	1	0	94	17.7446808510638
A_NS	85	97	G	1	0	96	20.78125
A_NS	86	96	A	2	0	95	22.0210526315789
A_NS	87	96	T	2	0	94	23.968085106383
A_NS	88	96	G	2	0	95	23.2736842105263
A_NS	89	91	C	7	0	91	22.5384615384615
A_NS	90	95	C	3	0	91	20.7032967032967
A_NS	91	93	C	5	0	90	19.5111111111111
A_NS	92	93	C	5	0	88	20.3977272727273
A_NS	93	93	A	5	0	90	19.4666666666667
A_NS	94	92	T	6	0	91	19.5824175824176
A_NS	95	93	T	5	0	93	20.3333333333333
A_NS	96	84	C	14	0	78	22.7948717948718
A_NS	97	85	C	13	0	82	19.9634146341463
A_NS	98	93	T	5	0	92	19.1086956521739
A_NS	99	95	C	3	0	93	19
A_NS	100	96	G	2	0	91	18.3626373626374
A_NS	101	98	A	0	0	93	19.0645161290323
A_NS	102	98	T	0	0	93	19.1935483870968
A_NS	103	97	C	1	0	93	20.8817204301075
A_NS	104	97	G	1	0	89	19.6179775280899
A_NS	105	97	G	1	0	93	19.0860215053763
A_NS	106	97	C	1	0	96	19.59375
A_NS	107	97	T	1	0	94	20.1808510638298
A_NS	108	98	A	0	0	95	21.1157894736842
A_NS	109	98	C	0	0	97	21.4123711340206
A_NS	110	96	G	2	0	94	20.8191489361702
A_NS	111	96	C	2	0	94	21.5
A_NS	112	97	C	1	0	93	22.7096774193548
A_NS	113	96	G	2	0	93	21.6989247311828
A_NS	114	95	A	3	0	94	20.5
A_NS	115	96	G	2	0	95	19.8947368421053
A_NS	116	98	A	0	0	96	20.09375
A_NS	117	98	T	0	0	95	21.7789473684211
A_NS	118	98	C	0	0	96	22.8229166666667
A_NS	119	82	A	16	0	80	22.4125
A_NS	120	97	A	1	0	93	21.5161290322581
A_NS	121	98	A	0	0	95	21.4947368421053
A_NS	122	97	A	1	0	94	21.0212765957447
A_NS	123	95	G	3	0	87	21.8965517241379
A_NS	124	98	T	0	0	97	18.9896907216495
A_NS	125	95	C	3	0	95	19.3157894736842
A_NS	126	98	C	0	0	96	17.5729166666667
A_NS	127	98	T	0	0	94	19.3297872340426
A_NS	128	97	T	1	0	97	21.5051546391753
A_NS	129	81	A	17	0	81	22.7777777777778
A_NS	130	97	A	1	0	96	23.15625
A_NS	131	96	A	2	0	95	21.7368421052632
A_NS	132	95	A	3	0	94	19.9255319148936
A_NS	133	92	G	6	0	91	21.4065934065934
A_NS	134	96	G	2	0	95	20.9157894736842
A_NS	135	97	A	1	0	96	19.6979166666667
A_NS	136	97	A	1	0	96	21.1979166666667
A_NS	137	96	G	2	0	96	19.75
A_NS	138	97	A	1	0	97	19.0103092783505
A_NS	139	95	G	3	0	91	18.1648351648352
A_NS	140	97	G	1	0	94	17.468085106383
A_NS	141	97	C	1	0	96	17.1875
A_NS	142	97	A	1	0	97	19.0103092783505
A_NS	143	97	A	1	0	95	19.8842105263158
A_NS	144	97	C	1	0	95	20.0315789473684
A_NS	145	97	A	1	0	96	19.21875
A_NS	146	96	C	2	0	92	19.25
A_NS	147	98	C	0	0	95	20.0631578947368
A_NS	148	98	C	0	0	93	19.4838709677419
A_NS	149	97	T	1	0	96	20.1354166666667
A_NS	150	97	T	1	0	96	21.7083333333333
A_NS	151	96	G	2	0	94	23.2553191489362
A_NS	152	96	G	2	0	96	22.9270833333333
A_NS	153	97	C	1	0	97	22.7319587628866
A_NS	154	97	C	1	0	96	22.2083333333333
A_NS	155	98	T	0	0	96	22.75
A_NS	156	98	C	0	0	95	22.7578947368421
A_NS	157	96	G	2	0	94	22.5531914893617
A_NS	158	97	A	1	0	97	23.3917525773196
A_NS	159	97	C	1	0	95	24.1894736842105
A_NS	160	97	A	1	0	96	23.9583333333333
A_NS	161	98	T	0	0	98	25.1122448979592
A_NS	162	98	C	0	0	98	26.1224489795918
A_NS	163	97	A	1	0	97	24.4432989690722
A_NS	164	97	A	1	0	97	25.1855670103093
A_NS	165	97	A	1	0	96	25.7395833333333
A_NS	166	97	A	1	0	94	25.1914893617021
A_NS	167	97	C	1	0	97	22.659793814433
A_NS	168	97	A	1	0	96	20.9791666666667
A_NS	169	97	G	1	0	74	19.0540540540541
A_NS	170	98	C	0	0	96	18.2291666666667
A_NS	171	97	C	1	0	97	18.0721649484536
A_NS	172	94	A	4	0	93	17.7956989247312
A_NS	173	96	C	2	0	94	22.3404255319149
A_NS	174	97	T	1	0	97	22.7731958762887
A_NS	175	98	C	0	0	96	22.0833333333333
A_NS	176	95	T	3	0	95	24.0105263157895
A_NS	177	98	T	0	0	98	25.2551020408163
A_NS	178	98	G	0	0	98	25.5612244897959
A_NS	179	98	T	0	0	96	24.8541666666667
A_NS	180	98	T	0	0	98	24.5918367346939
A_NS	181	89	G	9	0	87	23.5977011494253
A_NS	182	90	G	8	0	90	21.6555555555556
A_NS	183	98	G	0	0	97	21.0103092783505
A_NS	184	97	A	1	0	97	21.3298969072165
A_NS	185	98	A	0	0	98	22.6122448979592
A_NS	186	98	A	0	0	98	23.9183673469388
A_NS	187	98	C	0	0	97	24.8041237113402
A_NS	188	98	A	0	0	98	24.6530612244898
A_NS	189	98	A	0	0	98	25.1938775510204
A_NS	190	98	A	0	0	98	26.0204081632653
A_NS	191	97	T	1	0	96	27.2916666666667
A_NS	192	97	T	1	0	97	27.2577319587629
A_NS	193	96	G	2	0	96	24.9583333333333
A_NS	194	98	T	0	0	96	25.0729166666667
A_NS	195	98	G	0	0	96	25.4375
A_NS	196	98	G	0	0	98	23.6938775510204
A_NS	197	97	A	1	0	97	23.6288659793814
A_NS	198	97	A	1	0	97	25.7319587628866
A_NS	199	97	T	1	0	97	24.4226804123711
A_NS	200	97	G	1	0	95	25.0631578947368
A_NS	201	98	G	0	0	96	25.5
A_NS	202	95	A	3	0	93	24.9354838709677
A_NS	203	94	T	4	0	94	25.0744680851064
A_NS	204	98	T	0	0	98	24.7959183673469
A_NS	205	98	T	0	0	97	24.8350515463918
A_NS	206	97	T	1	0	95	28.8315789473684
A_NS	207	96	G	2	0	94	26.3510638297872
A_NS	208	92	A	6	0	91	25.1428571428571
A_NS	209	96	A	2	0	96	23.125
A_NS	210	87	A	11	0	84	19.547619047619
A_NS	211	88	G	10	0	88	20.9318181818182
A_NS	212	93	A	5	0	93	20.6129032258065
A_NS	213	90	G	8	0	86	20.9186046511628
A_NS	214	95	G	3	0	94	19.1595744680851
A_NS	215	94	A	4	0	94	19.436170212766
A_NS	216	95	A	3	0	95	21.1263157894737
A_NS	217	93	T	5	0	93	21.1397849462366
A_NS	218	87	C	11	0	83	22.9397590361446
A_NS	219	96	C	2	0	94	19.1170212765957
A_NS	220	97	A	1	0	95	16.9157894736842
A_NS	221	97	G	1	0	93	17.5591397849462
A_NS	222	96	C	2	0	95	19.5894736842105
A_NS	223	97	G	1	0	96	18.3958333333333
A_NS	224	97	A	1	0	97	18.6907216494845
A_NS	225	96	G	2	0	96	20.3645833333333
A_NS	226	98	A	0	0	96	21.3020833333333
A_NS	227	96	C	2	0	95	21.4105263157895
A_NS	228	95	A	3	0	93	20.8924731182796
A_NS	229	96	C	2	0	94	21.6914893617021
A_NS	230	95	T	3	0	94	21.4255319148936
A_NS	231	97	T	1	0	96	21.4375
A_NS	232	97	A	1	0	96	21.5520833333333
A_NS	233	97	G	1	0	96	21.4895833333333
A_NS	234	98	A	0	0	97	21.5876288659794
A_NS	235	97	A	1	0	96	23.53125
A_NS	236	95	T	3	0	95	22.5894736842105
A_NS	237	96	G	2	0	93	21.3870967741935
A_NS	238	97	G	1	0	95	20.9157894736842
A_NS	239	97	C	1	0	96	21.4270833333333
A_NS	240	96	A	2	0	94	21.6595744680851
A_NS	241	97	A	1	0	96	23.1458333333333
A_NS	242	96	T	2	0	95	23.4210526315789
A_NS	243	97	T	1	0	96	23.9375
A_NS	244	96	G	2	0	95	23.2947368421053
A_NS	245	97	C	1	0	96	23.3229166666667
A_NS	246	98	A	0	0	94	23.1170212765957
A_NS	247	98	T	0	0	96	22.3645833333333
A_NS	248	98	C	0	0	97	22.9484536082474
A_NS	249	96	T	2	0	89	22.2808988764045
A_NS	250	96	A	2	0	94	22.5531914893617
A_NS	251	96	T	2	0	92	23.3478260869565
A_NS	252	96	A	2	0	90	22.3
A_NS	253	95	C	3	0	94	21.1595744680851
A_NS	254	98	C	0	0	98	20.4183673469388
A_NS	255	98	T	0	0	97	20.7422680412371
A_NS	256	97	A	1	0	94	22.7446808510638
A_NS	257	98	C	0	0	97	22.4123711340206
A_NS	258	97	T	1	0	97	22.2989690721649
A_NS	259	95	T	3	0	95	22.8315789473684
A_NS	260	91	C	7	0	91	24.2307692307692
A_NS	261	93	G	5	0	93	21.010752688172
A_NS	262	93	C	5	0	93	20.8602150537634
A_NS	263	96	G	2	0	96	20.7291666666667
A_NS	264	97	T	1	0	96	21.8645833333333
A_NS	265	97	T	1	0	97	24.7422680412371
A_NS	266	98	A	0	0	98	23.9183673469388
A_NS	267	97	C	1	0	97	25.1237113402062
A_NS	268	97	A	1	0	97	24.8762886597938
A_NS	269	97	T	1	0	97	24.7938144329897
A_NS	270	96	T	2	0	96	25.9270833333333
A_NS	271	96	T	2	0	95	28.8631578947368
A_NS	272	97	C	1	0	95	30.5368421052632
A_NS	273	96	T	2	0	95	25.2105263157895
A_NS	274	98	G	0	0	97	24.4948453608247
A_NS	275	98	A	0	0	96	24.8854166666667
A_NS	276	98	C	0	0	96	24.6354166666667
A_NS	277	97	A	1	0	95	22.1368421052632
A_NS	278	97	T	1	0	97	20.2680412371134
A_NS	279	98	G	0	0	98	20.6734693877551
A_NS	280	98	A	0	0	98	20.530612244898
A_NS	281	89	C	9	0	88	23.2045454545455
A_NS	282	97	C	1	0	96	22.0625
A_NS	283	97	C	1	0	96	21.125
A_NS	284	97	T	1	0	97	21.3917525773196
A_NS	285	98	C	0	0	97	21.6907216494845
A_NS	286	94	G	4	0	94	20.3510638297872
A_NS	287	95	A	3	0	94	21.0851063829787
A_NS	288	94	G	4	0	93	20.8387096774194
A_NS	289	98	G	0	0	97	21.6701030927835
A_NS	290	96	A	2	0	96	21.3541666666667
A_NS	291	96	A	2	0	96	23.09375
A_NS	292	97	A	1	0	97	24.4432989690722
A_NS	293	97	T	1	0	95	24.1157894736842
A_NS	294	97	G	1	0	97	26.5773195876289
A_NS	295	97	T	1	0	97	26.340206185567
A_NS	296	96	C	2	0	96	25.71875
A_NS	297	96	A	2	0	93	23.9569892473118
A_NS	298	97	C	1	0	95	23.6736842105263
A_NS	299	97	G	1	0	96	22.28125
A_NS	300	98	A	0	0	95	21.1578947368421
A_NS	301	97	G	1	0	96	20.8958333333333
A_NS	302	97	A	1	0	96	22.21875
A_NS	303	97	C	1	0	97	21.6082474226804
A_NS	304	95	T	3	0	93	20.2688172043011
A_NS	305	97	G	1	0	90	18.8
A_NS	306	98	G	0	0	95	17.6
A_NS	307	98	T	0	0	98	17.2448979591837
A_NS	308	97	T	1	0	94	18
A_NS	309	97	C	1	0	95	19.9263157894737
A_NS	310	97	A	1	0	97	19.8247422680412
A_NS	311	96	T	2	0	94	20.2234042553191
A_NS	312	95	G	3	0	91	20.4395604395604
A_NS	313	97	C	1	0	95	18.8842105263158
A_NS	314	93	T	5	0	92	20.0434782608696
A_NS	315	94	T	4	0	92	19.4239130434783
A_NS	316	97	A	1	0	93	19.7096774193548
A_NS	317	97	T	1	0	95	20.3052631578947
A_NS	318	97	G	1	0	96	21.4270833333333
A_NS	319	97	C	1	0	96	22.9166666666667
A_NS	320	95	C	3	0	94	22.2553191489362
A_NS	321	95	T	3	0	95	20.8947368421053
A_NS	322	95	A	3	0	94	21.6063829787234
A_NS	323	95	G	3	0	92	20.9673913043478
A_NS	324	96	G	2	0	92	21.2391304347826
A_NS	325	97	C	1	0	92	22.2717391304348
A_NS	326	88	A	10	0	87	23.2413793103448
A_NS	327	97	A	1	0	96	24.09375
A_NS	328	98	A	0	0	97	23.8969072164948
A_NS	329	97	A	1	0	97	25.7835051546392
A_NS	330	97	G	1	0	95	26.7473684210526
A_NS	331	96	A	2	0	96	23.96875
A_NS	332	96	T	2	0	96	22.9166666666667
A_NS	333	96	A	2	0	96	22.6041666666667
A_NS	334	98	A	0	0	97	23.2164948453608
A_NS	335	96	T	2	0	94	23.5106382978723
A_NS	336	96	A	2	0	92	20.6630434782609
A_NS	337	96	G	2	0	93	18.4516129032258
A_NS	338	97	G	1	0	95	17.8
A_NS	339	96	C	2	0	93	18.3763440860215
A_NS	340	96	C	2	0	96	18.1979166666667
A_NS	341	93	C	5	0	93	20.0215053763441
A_NS	342	92	T	6	0	91	21.1428571428571
A_NS	343	96	C	2	0	95	21.8947368421053
A_NS	344	90	T	8	0	88	23.8522727272727
A_NS	345	97	T	1	0	97	25.2886597938144
A_NS	346	97	T	1	0	97	25.3814432989691
A_NS	347	98	G	0	0	97	24.5876288659794
A_NS	348	98	C	0	0	95	23.3052631578947
A_NS	349	97	G	1	0	93	21.3118279569892
A_NS	350	97	T	1	0	95	21.1578947368421
A_NS	351	96	G	2	0	95	22.1052631578947
A_NS	352	98	C	0	0	93	22.8064516129032
A_NS	353	97	G	1	0	95	23.4421052631579
A_NS	354	92	A	6	0	91	21.6593406593407
A_NS	355	98	T	0	0	91	21.0879120879121
A_NS	356	98	T	0	0	98	20.9081632653061
A_NS	357	96	G	2	0	96	21.9166666666667
A_NS	358	98	G	0	0	95	21.7157894736842
A_NS	359	98	A	0	0	97	22.3814432989691
A_NS	360	97	C	1	0	95	23.1263157894737
A_NS	361	98	C	0	0	98	22.1836734693878
A_NS	362	98	A	0	0	97	20.9587628865979
A_NS	363	98	G	0	0	97	20.8865979381443
A_NS	364	98	G	0	0	96	22.28125
A_NS	365	98	C	0	0	97	21.4948453608247
A_NS	366	98	G	0	0	96	21.8958333333333
A_NS	367	98	G	0	0	98	21.8265306122449
A_NS	368	98	T	0	0	97	22.4329896907216
A_NS	369	98	C	0	0	98	23.8571428571429
A_NS	370	98	A	0	0	97	25.9278350515464
A_NS	371	98	T	0	0	96	26.2708333333333
A_NS	372	97	G	1	0	97	26.5463917525773
A_NS	373	98	G	0	0	98	25.8367346938776
A_NS	374	98	A	0	0	97	26.1443298969072
A_NS	375	97	T	1	0	97	25.9175257731959
A_NS	376	97	A	1	0	96	25.9479166666667
A_NS	377	98	A	0	0	96	26.0104166666667
A_NS	378	98	G	0	0	98	23.734693877551
A_NS	379	98	A	0	0	98	24.7755102040816
A_NS	380	98	A	0	0	96	24.3541666666667
A_NS	381	98	C	0	0	97	23.4536082474227
A_NS	382	98	A	0	0	95	21.7052631578947
A_NS	383	96	T	2	0	95	22.3263157894737
A_NS	384	98	A	0	0	97	20.9484536082474
A_NS	385	96	G	2	0	93	20.6881720430108
A_NS	386	95	T	3	0	88	21.0227272727273
A_NS	387	96	A	2	0	94	21.0531914893617
A_NS	388	96	C	2	0	91	21.5494505494506
A_NS	389	98	T	0	0	97	22.2268041237113
A_NS	390	93	G	5	0	92	22.2717391304348
A_NS	391	96	G	2	0	94	21.9893617021277
A_NS	392	97	A	1	0	96	21.5104166666667
A_NS	393	98	A	0	0	98	23.1530612244898
A_NS	394	98	G	0	0	96	23.7916666666667
A_NS	395	98	C	0	0	94	23.5
A_NS	396	96	A	2	0	96	23.2083333333333
A_NS	397	98	A	0	0	98	23.234693877551
A_NS	398	98	A	0	0	96	23.6145833333333
A_NS	399	98	C	0	0	98	23.8571428571429
A_NS	400	95	T	3	0	94	23.5106382978723
A_NS	401	95	T	3	0	94	23.5425531914894
A_NS	402	98	C	0	0	97	23.9175257731959
A_NS	403	96	A	2	0	93	19.7956989247312
A_NS	404	97	G	1	0	95	19.3052631578947
A_NS	405	98	T	0	0	98	19.9489795918367
A_NS	406	96	G	2	0	95	21.8421052631579
A_NS	407	98	T	0	0	97	22.6701030927835
A_NS	408	98	A	0	0	98	24.0714285714286
A_NS	409	98	A	0	0	97	25.2164948453608
A_NS	410	97	T	1	0	96	25.6145833333333
A_NS	411	98	C	0	0	98	26.8061224489796
A_NS	412	98	T	0	0	96	25.9791666666667
A_NS	413	98	T	0	0	98	25.3061224489796
A_NS	414	98	C	0	0	97	25.6494845360825
A_NS	415	97	A	1	0	96	24.2708333333333
A_NS	416	98	A	0	0	93	21.4301075268817
A_NS	417	96	C	2	0	94	21.3191489361702
A_NS	418	97	C	1	0	95	21.2947368421053
A_NS	419	97	G	1	0	94	21.5851063829787
A_NS	420	97	A	1	0	97	23.6907216494845
A_NS	421	97	T	1	0	97	24.1134020618557
A_NS	422	97	T	1	0	96	25.7604166666667
A_NS	423	96	A	2	0	92	26.7717391304348
A_NS	424	97	G	1	0	97	24.0515463917526
A_NS	425	98	A	0	0	97	21.3917525773196
A_NS	426	95	G	3	0	93	27.3870967741935
A_NS	427	98	A	0	0	97	39.4742268041237
A_NS	428	97	C	1	0	97	20.9175257731959
A_NS	429	94	C	4	0	94	19.6808510638298
A_NS	430	89	T	9	0	88	22.6931818181818
A_NS	431	91	T	7	0	90	23.8222222222222
A_NS	432	93	G	5	0	92	24.1847826086957
A_NS	433	96	A	2	0	93	24.3225806451613
A_NS	434	98	T	0	0	96	23.65625
A_NS	435	98	A	0	0	95	25.2421052631579
A_NS	436	98	C	0	0	96	24.1354166666667
A_NS	437	98	T	0	0	96	23.8125
A_NS	438	97	A	1	0	97	23.1958762886598
A_NS	439	97	C	1	0	97	23.2989690721649
A_NS	440	98	T	0	0	97	23.0103092783505
A_NS	441	98	A	0	0	97	24.0515463917526
A_NS	442	98	A	0	0	96	22.65625
A_NS	443	95	G	3	0	94	20.5744680851064
A_NS	444	96	G	2	0	95	22.0210526315789
A_NS	445	96	G	2	0	95	22.1473684210526
A_NS	446	96	C	2	0	96	21.4895833333333
A_NS	447	96	T	2	0	95	22.9263157894737
A_NS	448	98	T	0	0	98	23.265306122449
A_NS	449	97	T	1	0	95	26.2947368421053
A_NS	450	95	C	3	0	94	29.2978723404255
A_NS	451	97	A	1	0	94	22.8829787234043
A_NS	452	98	C	0	0	98	21.4387755102041
A_NS	453	97	T	1	0	94	22.0106382978723
A_NS	454	97	G	1	0	97	21.9896907216495
A_NS	455	97	A	1	0	95	20.8526315789474
A_NS	456	94	G	4	0	92	20.0652173913043
A_NS	457	95	G	3	0	94	18.063829787234
A_NS	458	95	A	3	0	92	16.2391304347826
A_NS	459	82	G	16	0	76	19.7631578947368
A_NS	460	97	G	0	0	95	19.2210526315789
A_NS	461	97	G	0	0	97	18.4226804123711
A_NS	462	96	A	1	0	96	17.6354166666667
A_NS	463	96	A	1	0	95	21.8421052631579
A_NS	464	96	C	1	0	94	22.936170212766
A_NS	465	97	A	0	0	97	23.639175257732
A_NS	466	97	A	0	0	97	23.9587628865979
A_NS	467	97	T	0	0	95	23.5473684210526
A_NS	468	97	A	0	0	94	21.2978723404255
A_NS	469	97	G	0	0	97	21.1134020618557
A_NS	470	96	T	1	0	95	21.2421052631579
A_NS	471	96	T	1	0	95	21.7368421052632
A_NS	472	97	G	0	0	96	22.4166666666667
A_NS	473	96	G	1	0	95	23.9684210526316
A_NS	474	96	A	1	0	96	23.3020833333333
A_NS	475	94	G	3	0	94	23.6489361702128
A_NS	476	95	A	2	0	93	23.8279569892473
A_NS	477	97	A	0	0	97	23
A_NS	478	97	A	0	0	97	23.319587628866
A_NS	479	97	T	0	0	97	21.4845360824742
A_NS	480	97	T	0	0	97	24.8247422680412
A_NS	481	97	T	0	0	97	23.319587628866
A_NS	482	97	C	0	0	96	25.5
A_NS	483	97	A	0	0	95	22.7684210526316
A_NS	484	97	C	0	0	94	22.2872340425532
A_NS	485	96	C	1	0	96	22.3125
A_NS	486	93	A	4	0	92	18.9673913043478
A_NS	487	94	T	3	0	90	20.2333333333333
A_NS	488	96	T	1	0	95	20.3578947368421
A_NS	489	96	A	1	0	96	20.03125
A_NS	490	95	C	2	0	93	20.010752688172
A_NS	491	94	C	3	0	94	20.6489361702128
A_NS	492	91	T	6	0	91	22.6813186813187
A_NS	493	89	T	8	0	89	23.561797752809
A_NS	494	89	C	8	0	89	27.8089887640449
A_NS	495	95	T	2	0	95	24.8736842105263
A_NS	496	95	C	2	0	95	29.1684210526316
A_NS	497	95	T	2	0	91	32.6703296703297
A_NS	498	97	T	0	0	96	25.5416666666667
A_NS	499	90	C	7	0	89	26.3707865168539
A_NS	500	97	C	0	0	97	20.1649484536082
A_NS	501	97	A	0	0	96	18.0208333333333
A_NS	502	96	G	1	0	96	19.75
A_NS	503	97	G	0	0	97	21.680412371134
A_NS	504	97	A	0	0	97	22.659793814433
A_NS	505	97	C	0	0	97	24.0412371134021
A_NS	506	97	A	0	0	97	23.9484536082474
A_NS	507	97	T	0	0	96	25.7916666666667
A_NS	508	97	A	0	0	94	23.6914893617021
A_NS	509	97	C	0	0	97	22.3505154639175
A_NS	510	95	T	2	0	93	22.5913978494624
A_NS	511	97	T	0	0	93	23.1827956989247
A_NS	512	97	A	0	0	93	22.494623655914
A_NS	513	97	T	0	0	95	21.9789473684211
A_NS	514	97	G	0	0	95	21.9368421052632
A_NS	515	97	A	0	0	95	23.0842105263158
A_NS	516	95	G	2	0	95	21.6526315789474
A_NS	517	97	G	0	0	97	21.7525773195876
A_NS	518	97	A	0	0	97	20.639175257732
A_NS	519	96	T	1	0	96	22.75
A_NS	520	96	G	1	0	94	23.9574468085106
A_NS	521	96	T	1	0	95	25.6
A_NS	522	97	C	0	0	95	25.8947368421053
A_NS	523	85	A	12	0	84	25.0238095238095
A_NS	524	89	A	8	0	89	26.1797752808989
A_NS	525	94	A	3	0	94	27.5106382978723
A_NS	526	96	A	1	0	96	34.2083333333333
A_NS	527	95	A	2	0	95	27.9263157894737
A_NS	528	95	T	2	0	95	24.5578947368421
A_NS	529	93	G	4	0	91	22.4725274725275
A_NS	530	92	C	5	0	87	21.3103448275862
A_NS	531	93	A	4	0	91	17.8571428571429
A_NS	532	94	G	3	0	91	17.9450549450549
A_NS	533	94	T	3	0	88	18.7954545454545
A_NS	534	96	T	1	0	93	19.741935483871
A_NS	535	96	G	1	0	92	18.0978260869565
A_NS	536	96	G	1	0	91	17.989010989011
A_NS	537	97	G	0	0	96	17.6666666666667
A_NS	538	96	G	1	0	95	20.2736842105263
A_NS	539	96	T	1	0	94	19.7659574468085
A_NS	540	91	C	6	0	88	22.9318181818182
A_NS	541	97	C	0	0	96	21.1145833333333
A_NS	542	97	T	0	0	96	20.3854166666667
A_NS	543	97	C	0	0	97	20.7525773195876
A_NS	544	97	A	0	0	95	21.8210526315789
A_NS	545	96	T	1	0	95	22.8842105263158
A_NS	546	95	C	2	0	92	23.445652173913
A_NS	547	96	G	1	0	93	21.1827956989247
A_NS	548	96	G	1	0	95	21.3052631578947
A_NS	549	97	A	0	0	95	21.9789473684211
A_NS	550	96	G	1	0	95	23.4
A_NS	551	97	G	0	0	96	23.2395833333333
A_NS	552	96	A	1	0	96	22.09375
A_NS	553	97	C	0	0	95	22.3578947368421
A_NS	554	94	T	3	0	93	24.1612903225806
A_NS	555	96	T	1	0	96	23.9375
A_NS	556	97	G	0	0	97	23.2164948453608
A_NS	557	97	A	0	0	96	22.5104166666667
A_NS	558	97	A	0	0	94	21.9468085106383
A_NS	559	97	T	0	0	95	22.3473684210526
A_NS	560	95	G	2	0	91	22.989010989011
A_NS	561	97	G	0	0	95	23.8842105263158
A_NS	562	97	A	0	0	95	23.3368421052632
A_NS	563	97	A	0	0	96	23.9479166666667
A_NS	564	97	T	0	0	96	21.8854166666667
A_NS	565	96	G	1	0	88	20.6704545454545
A_NS	566	97	G	0	0	96	18.9583333333333
A_NS	567	97	T	0	0	94	18.8510638297872
A_NS	568	96	A	1	0	96	19.8958333333333
A_NS	569	95	A	2	0	95	23.1263157894737
A_NS	570	95	C	2	0	94	24.3936170212766
A_NS	571	97	A	0	0	96	22.8125
A_NS	572	97	C	0	0	96	22.1354166666667
A_NS	573	95	G	2	0	90	20.0777777777778
A_NS	574	95	G	2	0	95	19.8736842105263
A_NS	575	96	T	1	0	96	20.375
A_NS	576	96	T	1	0	96	21.7291666666667
A_NS	577	97	C	0	0	97	23.6907216494845
A_NS	578	95	G	2	0	94	19.031914893617
A_NS	579	97	A	0	0	97	17.8969072164948
A_NS	580	95	G	2	0	95	20.4842105263158
A_NS	581	96	T	1	0	96	24.40625
A_NS	582	97	C	0	0	96	27.65625
A_NS	583	97	T	0	0	96	25.125
A_NS	584	96	C	1	0	96	31.1979166666667
A_NS	585	95	T	2	0	95	33.5473684210526
A_NS	586	96	G	1	0	96	26.7604166666667
A_NS	587	97	A	0	0	97	27.8041237113402
A_NS	588	97	A	0	0	96	29.5208333333333
A_NS	589	97	A	0	0	96	32.6979166666667
A_NS	590	95	A	2	0	93	32.8387096774194
A_NS	591	95	T	2	0	94	30.3510638297872
A_NS	592	97	A	0	0	95	28.1578947368421
A_NS	593	97	T	0	0	95	27.6315789473684
A_NS	594	96	A	1	0	93	25.3548387096774
A_NS	595	96	C	1	0	95	23.6842105263158
A_NS	596	92	A	5	0	91	24.6153846153846
A_NS	597	95	G	2	0	95	22.7157894736842
A_NS	598	96	A	1	0	94	22.8617021276596
A_NS	599	95	G	2	0	93	42.1505376344086
A_NS	600	97	A	0	0	96	46.2083333333333
A_NS	601	97	T	0	0	95	21.9684210526316
A_NS	602	97	T	0	0	95	23.2105263157895
A_NS	603	97	C	0	0	94	24.9042553191489
A_NS	604	96	G	1	0	93	22.3655913978495
A_NS	605	95	C	2	0	95	21.5789473684211
A_NS	606	96	T	1	0	96	21.4166666666667
A_NS	607	96	T	1	0	96	21.8541666666667
A_NS	608	94	G	3	0	94	23.4255319148936
A_NS	609	94	G	3	0	94	23.1808510638298
A_NS	610	93	A	4	0	91	22.3626373626374
A_NS	611	95	G	2	0	93	21.3655913978495
A_NS	612	96	A	1	0	96	19.5833333333333
A_NS	613	97	A	0	0	95	18.9263157894737
A_NS	614	97	G	0	0	84	17.202380952381
A_NS	615	97	C	0	0	97	15.7113402061856
A_NS	616	97	T	0	0	95	16.4736842105263
A_NS	617	97	G	0	0	94	17.3085106382979
A_NS	618	97	T	0	0	94	21.1489361702128
A_NS	619	97	G	0	0	96	23.6979166666667
A_NS	620	95	A	2	0	95	24.3473684210526
A_NS	621	94	T	3	0	94	26.531914893617
A_NS	622	94	G	3	0	94	26.0744680851064
A_NS	623	94	A	3	0	92	26.304347826087
A_NS	624	94	G	3	0	93	24.8709677419355
A_NS	625	96	A	1	0	95	23.4736842105263
A_NS	626	97	A	0	0	97	23.2577319587629
A_NS	627	97	T	0	0	96	24.1041666666667
A_NS	628	90	G	7	0	90	24.6555555555556
A_NS	629	97	G	0	0	97	23.5773195876289
A_NS	630	97	G	0	0	96	21.5520833333333
A_NS	631	96	A	1	0	96	21.84375
A_NS	632	97	G	0	0	96	20.46875
A_NS	633	97	A	0	0	94	20.9255319148936
A_NS	634	97	C	0	0	96	20.3020833333333
A_NS	635	97	C	0	0	96	20.15625
A_NS	636	97	T	0	0	96	20.5729166666667
A_NS	637	97	T	0	0	94	23.4255319148936
A_NS	638	97	C	0	0	96	24.3125
A_NS	639	96	A	1	0	93	22.9677419354839
A_NS	640	96	C	1	0	90	21.9555555555556
A_NS	641	96	T	1	0	93	21.6451612903226
A_NS	642	96	A	1	0	96	21.2708333333333
A_NS	643	94	C	3	0	93	22.4731182795699
A_NS	644	96	C	1	0	95	21.6526315789474
A_NS	645	97	T	0	0	97	22.2886597938144
A_NS	646	90	C	7	0	88	24.1022727272727
A_NS	647	96	C	1	0	94	20.6595744680851
A_NS	648	97	A	0	0	96	20.2916666666667
A_NS	649	97	G	0	0	96	20.5
A_NS	650	97	A	0	0	97	22.2164948453608
A_NS	651	97	G	0	0	95	24.0421052631579
A_NS	652	97	C	0	0	96	23.90625
A_NS	653	95	A	2	0	95	24.0315789473684
A_NS	654	95	G	2	0	95	24.2
A_NS	655	96	A	1	0	96	24.0208333333333
A_NS	656	95	A	2	0	93	25.6451612903226
A_NS	657	95	A	2	0	95	27.9368421052632
A_NS	658	94	T	3	0	94	27.3723404255319
A_NS	659	94	G	3	0	93	26.3548387096774
A_NS	660	94	A	3	0	94	26.5851063829787
A_NS	661	95	G	2	0	94	23.7872340425532
A_NS	662	95	A	2	0	94	22.1595744680851
A_NS	663	96	A	1	0	96	22.4583333333333
A_NS	664	96	A	1	0	95	24.9157894736842
A_NS	665	95	T	2	0	95	24.2526315789474
A_NS	666	94	G	3	0	93	23.5806451612903
A_NS	667	95	G	2	0	92	23.1195652173913
A_NS	668	96	C	1	0	92	23.25
A_NS	669	92	G	5	0	85	18.7176470588235
A_NS	670	95	G	2	0	92	18.9021739130435
A_NS	671	96	G	1	0	93	18.4086021505376
A_NS	672	96	A	1	0	94	19.6063829787234
A_NS	673	97	A	0	0	96	25.0520833333333
A_NS	674	97	C	0	0	95	25.4421052631579
A_NS	675	97	A	0	0	97	25.2989690721649
A_NS	676	97	A	0	0	97	25.5876288659794
A_NS	677	97	T	0	0	97	25.4020618556701
A_NS	678	97	T	0	0	96	25.3958333333333
A_NS	679	97	G	0	0	96	24.4583333333333
A_NS	680	96	G	0	0	96	23.8020833333333
A_NS	681	96	G	0	0	96	24.4791666666667
A_NS	682	96	A	0	0	96	25.4270833333333
A_NS	683	95	C	1	0	95	25.9368421052632
A_NS	684	93	A	3	0	92	25.2065217391304
A_NS	685	96	G	0	0	95	24.1263157894737
A_NS	686	95	A	1	0	92	23
A_NS	687	96	A	0	0	96	22.4791666666667
A_NS	688	96	A	0	0	94	22.7659574468085
A_NS	689	96	T	0	0	95	21.4526315789474
A_NS	690	95	T	1	0	95	25.2210526315789
A_NS	691	94	T	2	0	93	24.5913978494624
A_NS	692	89	G	7	0	89	24.7303370786517
A_NS	693	89	A	7	0	87	23.6436781609195
A_NS	694	87	G	9	0	85	22.4941176470588
A_NS	695	95	G	1	0	95	20.8105263157895
A_NS	696	94	A	2	0	94	19.7978723404255
A_NS	697	95	A	1	0	95	20.8526315789474
A_NS	698	96	A	0	0	95	22.1894736842105
A_NS	699	96	T	0	0	94	23.2446808510638
A_NS	700	96	A	0	0	93	25.1612903225806
A_NS	701	96	A	0	0	95	25.4
A_NS	702	95	G	1	0	93	23.3763440860215
A_NS	703	96	A	0	0	94	24.9255319148936
A_NS	704	96	T	0	0	95	24.6842105263158
A_NS	705	95	G	1	0	94	24.436170212766
A_NS	706	96	G	0	0	95	26.0315789473684
A_NS	707	96	T	0	0	94	23.7978723404255
A_NS	708	95	T	1	0	95	24.4947368421053
A_NS	709	92	A	4	0	91	24.8021978021978
A_NS	710	95	A	1	0	94	24.4042553191489
A_NS	711	95	T	1	0	92	24.3260869565217
A_NS	712	94	T	2	0	94	24.6595744680851
A_NS	713	93	G	3	0	93	22.9247311827957
A_NS	714	92	A	4	0	91	23.7802197802198
A_NS	715	93	A	3	0	93	25.6021505376344
A_NS	716	95	G	1	0	95	24.6105263157895
A_NS	717	95	A	1	0	94	24.2872340425532
A_NS	718	96	A	0	0	96	23.1354166666667
A_NS	719	96	A	0	0	93	22.989247311828
A_NS	720	96	T	0	0	94	23.4148936170213
A_NS	721	95	A	1	0	91	24.4175824175824
A_NS	722	94	C	2	0	93	22.4408602150538
A_NS	723	96	G	0	0	95	21.2526315789474
A_NS	724	94	A	2	0	93	22.7741935483871
A_NS	725	94	C	2	0	94	22.2659574468085
A_NS	726	96	A	0	0	96	21.7604166666667
A_NS	727	96	C	0	0	94	34.8085106382979
A_NS	728	96	A	0	0	96	28.3854166666667
A_NS	729	96	G	0	0	95	25.0631578947368
A_NS	730	95	A	1	0	95	25.3684210526316
A_NS	731	95	T	1	0	94	25.8085106382979
A_NS	732	95	T	1	0	94	26.0957446808511
A_NS	733	95	G	1	0	94	25.968085106383
A_NS	734	94	A	2	0	94	26.2659574468085
A_NS	735	96	A	0	0	96	23.4270833333333
A_NS	736	95	A	0	0	94	25.7765957446809
A_NS	737	95	G	0	0	93	25.6236559139785
A_NS	738	95	C	0	0	95	22.2315789473684
A_NS	739	95	G	0	0	95	21.6947368421053
A_NS	740	95	A	0	0	94	22.2234042553191
A_NS	741	95	C	0	0	93	23.4193548387097
A_NS	742	93	A	2	0	92	24.1413043478261
A_NS	743	93	G	2	0	93	27.8494623655914
A_NS	744	94	A	1	0	92	27.5217391304348
A_NS	745	94	A	1	0	93	27.0645161290323
A_NS	746	94	A	1	0	94	29.063829787234
A_NS	747	94	A	1	0	94	27.6914893617021
A_NS	748	95	T	0	0	94	26.6170212765957
A_NS	749	95	A	0	0	93	25.3118279569892
A_NS	750	95	G	0	0	95	23.6105263157895
A_NS	751	93	T	1	0	93	24.5161290322581
A_NS	752	94	T	0	0	93	23.6129032258065
A_NS	753	94	T	0	0	93	23.6774193548387
A_NS	754	94	C	0	0	93	24.741935483871
A_NS	755	94	G	0	0	93	20.0752688172043
A_NS	756	94	A	0	0	92	20.445652173913
A_NS	757	92	G	2	0	92	20.3695652173913
A_NS	758	92	C	1	0	91	20.7362637362637
A_NS	759	91	A	2	0	91	22.1648351648352
A_NS	760	93	A	0	0	92	24.0652173913043
A_NS	761	93	A	0	0	92	26.1086956521739
A_NS	762	93	T	0	0	92	27.054347826087
A_NS	763	93	A	0	0	93	26.3440860215054
A_NS	764	93	A	0	0	92	25.1086956521739
A_NS	765	93	C	0	0	92	24.8369565217391
A_NS	766	93	A	0	0	93	25.0967741935484
A_NS	767	93	T	0	0	93	26
A_NS	768	93	T	0	0	93	27.258064516129
A_NS	769	91	T	2	0	91	28.2197802197802
A_NS	770	91	A	2	0	89	27.7191011235955
A_NS	771	93	T	0	0	92	27.2065217391304
A_NS	772	91	G	2	0	88	22.875
A_NS	773	90	C	3	0	87	22.8045977011494
A_NS	774	92	A	1	0	90	21.7333333333333
A_NS	775	91	A	2	0	89	21.2134831460674
A_NS	776	91	G	2	0	84	19.0714285714286
A_NS	777	91	C	2	0	90	19.8666666666667
A_NS	778	89	C	4	0	87	20.448275862069
A_NS	779	89	T	4	0	85	19.7176470588235
A_NS	780	90	T	3	0	86	23.3837209302326
A_NS	781	91	A	2	0	88	22.6931818181818
A_NS	782	91	C	2	0	90	23.0888888888889
A_NS	783	92	A	1	0	92	22.7065217391304
A_NS	784	90	A	3	0	89	23.8651685393258
A_NS	785	90	C	3	0	90	23.2
A_NS	786	88	T	3	0	86	23.2790697674419
A_NS	787	90	A	1	0	86	21.9767441860465
A_NS	788	90	C	1	0	88	21.6818181818182
A_NS	789	88	T	3	0	88	22.1477272727273
A_NS	790	88	G	3	0	87	22.2298850574713
A_NS	791	88	C	3	0	87	22.9885057471264
A_NS	792	84	T	7	0	82	23.0731707317073
A_NS	793	87	T	4	0	85	23.1294117647059
A_NS	794	86	G	5	0	86	22.5697674418605
A_NS	795	86	A	5	0	81	21.9753086419753
A_NS	796	90	A	1	0	90	19.6222222222222
A_NS	797	91	G	0	0	89	19.5955056179775
A_NS	798	90	T	1	0	88	19
A_NS	799	90	A	1	0	89	20.1685393258427
A_NS	800	90	G	1	0	89	20.0224719101124
A_NS	801	87	A	4	0	86	21.3720930232558
A_NS	802	91	G	0	0	90	23.4777777777778
A_NS	803	91	C	0	0	89	21.3483146067416
A_NS	804	87	A	4	0	87	22.5057471264368
A_NS	805	90	A	1	0	89	25.9550561797753
A_NS	806	89	G	2	0	89	24
A_NS	807	91	A	0	0	91	22.8791208791209
A_NS	808	89	G	2	0	89	36.1460674157303
A_NS	809	91	A	0	0	90	41.8888888888889
A_NS	810	90	T	1	0	88	22.6818181818182
A_NS	811	89	A	2	0	87	22.2988505747126
A_NS	812	90	A	1	0	88	19.8295454545455
A_NS	813	89	G	1	0	88	18.3977272727273
A_NS	814	89	A	1	0	87	20.6206896551724
A_NS	815	90	G	0	0	87	20.9195402298851
A_NS	816	90	C	0	0	90	19.5444444444444
A_NS	817	89	T	1	0	88	20.5568181818182
A_NS	818	88	T	2	0	88	21.3181818181818
A_NS	819	85	T	5	0	83	25.7228915662651
A_NS	820	85	C	5	0	84	26.8452380952381
A_NS	821	89	T	1	0	88	24.8181818181818
A_NS	822	87	C	3	0	87	23.5172413793103
A_NS	823	90	G	0	0	89	22.5168539325843
A_NS	824	90	T	0	0	89	23.4494382022472
A_NS	825	90	T	0	0	90	23.5555555555556
A_NS	826	90	T	0	0	89	23.1910112359551
A_NS	827	89	C	1	0	89	26.3820224719101
A_NS	828	90	A	0	0	89	22.3258426966292
A_NS	829	89	G	0	0	87	20.8620689655172
A_NS	830	88	C	0	0	88	22.4090909090909
A_NS	831	86	T	2	0	85	24.7882352941176
A_NS	832	86	T	2	0	86	25.8604651162791
A_NS	833	88	A	0	0	85	25.7647058823529
A_NS	834	87	T	0	0	87	26.3908045977011
A_NS	835	86	T	0	0	86	27.2325581395349
A_NS	836	84	T	0	0	84	26.6666666666667
A_NS	837	80	A	0	0	80	27.3375
A_NS	838	79	A	0	0	79	26.8860759493671
