Reference_Name	Position	Coverage Depth	Consensus	Deletions	Ambiguous	Consensus_Count	Consensus_Average_Quality
A_PB2	1	2	N	0	0	2	30
A_PB2	2	2	N	0	0	2	29
A_PB2	3	2	N	0	0	2	25.5
A_PB2	4	2	N	0	0	2	24.5
A_PB2	5	2	N	0	0	2	24
A_PB2	6	2	N	0	0	2	25
A_PB2	7	2	N	0	0	2	30.5
A_PB2	8	2	N	0	0	2	90
A_PB2	9	2	N	0	0	2	58.5
A_PB2	10	2	N	0	0	2	27.5
A_PB2	11	2	N	0	0	2	27
A_PB2	12	1	N	1	0	1	31
A_PB2	13	2	N	0	0	2	30.5
A_PB2	14	2	N	0	0	2	29
A_PB2	15	2	N	0	0	2	25.5
A_PB2	16	2	N	0	0	2	27.5
A_PB2	17	2	N	0	0	2	25.5
A_PB2	18	2	N	0	0	2	24.5
A_PB2	19	2	N	0	0	2	21.5
A_PB2	20	2	N	0	0	2	26
A_PB2	21	2	N	0	0	2	25.5
A_PB2	22	2	N	0	0	2	26.5
A_PB2	23	2	N	0	0	2	26.5
A_PB2	24	2	N	0	0	2	26.5
A_PB2	25	2	N	0	0	2	90
A_PB2	26	2	N	0	0	2	58.5
A_PB2	27	2	N	0	0	2	22
A_PB2	28	2	N	0	0	2	22
A_PB2	29	2	N	0	0	2	24.5
A_PB2	30	2	N	0	0	2	24.5
A_PB2	31	2	N	0	0	2	26.5
A_PB2	32	2	N	0	0	2	28
A_PB2	33	2	N	0	0	2	29
A_PB2	34	2	N	0	0	2	28
A_PB2	35	2	N	0	0	2	23.5
A_PB2	36	2	N	0	0	2	11
A_PB2	37	2	N	0	0	2	10.5
A_PB2	38	2	N	0	0	2	11
A_PB2	39	2	N	0	0	2	13.5
A_PB2	40	2	N	0	0	2	18
A_PB2	41	2	N	0	0	2	19.5
A_PB2	42	2	N	0	0	2	18.5
A_PB2	43	2	N	0	0	1	14
A_PB2	44	2	N	0	0	2	11.5
A_PB2	45	2	N	0	0	1	8
A_PB2	46	2	N	0	0	2	10.5
A_PB2	47	1	N	1	0	1	8
A_PB2	48	1	N	1	0	1	14
A_PB2	49	1	N	1	0	1	17
A_PB2	50	2	N	0	0	2	14.5
A_PB2	51	2	N	0	0	2	12
A_PB2	52	2	N	0	0	2	11.5
A_PB2	53	2	N	0	0	2	12
A_PB2	54	2	N	0	0	2	17
A_PB2	55	2	N	0	0	2	20.5
A_PB2	56	2	N	0	0	2	19.5
A_PB2	57	2	N	0	0	1	8
A_PB2	58	2	N	0	0	2	13
A_PB2	59	2	N	0	0	1	7
A_PB2	60	2	N	0	0	2	12
A_PB2	61	2	N	0	0	2	20.5
A_PB2	62	2	N	0	0	2	20.5
A_PB2	63	2	N	0	0	2	22.5
A_PB2	64	2	N	0	0	2	27
A_PB2	65	2	N	0	0	2	17.5
A_PB2	66	2	N	0	0	2	15.5
A_PB2	67	1	N	1	0	1	24
A_PB2	68	2	N	0	0	2	13.5
A_PB2	69	2	N	0	0	1	4
A_PB2	70	2	N	0	0	2	14
A_PB2	71	2	N	0	0	2	13.5
A_PB2	72	2	N	0	0	1	3
A_PB2	73	2	N	0	0	2	16
A_PB2	74	2	N	0	0	2	16.5
A_PB2	75	2	N	0	0	2	15
A_PB2	76	2	N	0	0	2	19
A_PB2	77	2	N	0	0	2	13
A_PB2	78	2	N	0	0	1	6
A_PB2	79	2	N	0	0	2	9
A_PB2	80	2	N	0	0	2	10.5
A_PB2	81	2	N	0	0	2	51.5
A_PB2	82	2	N	0	0	2	15
A_PB2	83	2	N	0	0	2	23.5
A_PB2	84	2	N	0	0	2	25.5
A_PB2	85	2	N	0	0	2	25
A_PB2	86	2	N	0	0	2	24.5
A_PB2	87	2	N	0	0	2	25
A_PB2	88	2	N	0	0	2	26
A_PB2	89	2	N	0	0	2	28.5
A_PB2	90	2	N	0	0	2	28
A_PB2	91	2	N	0	0	2	28
A_PB2	92	2	N	0	0	2	28
A_PB2	93	2	N	0	0	2	22
A_PB2	94	2	N	0	0	2	17.5
A_PB2	95	2	N	0	0	2	15
A_PB2	96	2	N	0	0	2	24
A_PB2	97	2	N	0	0	2	20.5
A_PB2	98	2	N	0	0	2	25
A_PB2	99	2	N	0	0	2	27.5
A_PB2	100	2	N	0	0	2	27.5
A_PB2	101	2	N	0	0	2	27.5
A_PB2	102	2	N	0	0	2	30.5
A_PB2	103	2	N	0	0	2	26.5
A_PB2	104	2	N	0	0	2	25
A_PB2	105	2	N	0	0	2	28.5
A_PB2	106	2	N	0	0	2	26.5
A_PB2	107	2	N	0	0	2	16.5
A_PB2	108	2	N	0	0	2	16
A_PB2	109	2	N	0	0	2	16
A_PB2	110	2	N	0	0	2	17.5
A_PB2	111	2	N	0	0	2	25
A_PB2	112	2	N	0	0	2	20
A_PB2	113	2	N	0	0	2	24
A_PB2	114	2	N	0	0	2	24
A_PB2	115	2	N	0	0	2	23
A_PB2	116	1	N	1	0	1	15
A_PB2	117	1	N	1	0	1	15
A_PB2	118	2	N	0	0	2	16.5
A_PB2	119	2	N	0	0	2	15.5
A_PB2	120	2	N	0	0	2	28
A_PB2	121	2	N	0	0	2	11.5
A_PB2	122	2	N	0	0	2	7.5
A_PB2	123	2	N	0	0	2	7
A_PB2	124	2	N	0	0	2	6
A_PB2	125	2	N	0	0	2	5.5
A_PB2	126	2	N	0	0	2	5.5
A_PB2	127	2	N	0	0	2	5.5
A_PB2	128	2	N	0	0	2	17
A_PB2	129	2	N	0	0	2	17.5
A_PB2	130	2	N	0	0	2	17
A_PB2	131	2	N	0	0	2	19
A_PB2	132	2	N	0	0	2	19.5
A_PB2	133	2	N	0	0	2	19.5
A_PB2	134	2	N	0	0	2	21
A_PB2	135	2	N	0	0	2	12.5
A_PB2	136	2	N	0	0	2	12.5
A_PB2	137	2	N	0	0	2	21.5
A_PB2	138	2	N	0	0	2	24
A_PB2	139	2	N	0	0	2	26.5
A_PB2	140	2	N	0	0	2	25.5
A_PB2	141	2	N	0	0	2	26
A_PB2	142	2	N	0	0	2	25.5
A_PB2	143	2	N	0	0	2	23.5
A_PB2	144	2	N	0	0	2	23.5
A_PB2	145	2	N	0	0	2	24
A_PB2	146	2	N	0	0	2	23
A_PB2	147	2	N	0	0	2	25.5
A_PB2	148	2	N	0	0	2	25.5
A_PB2	149	2	N	0	0	2	27
A_PB2	150	2	N	0	0	2	28
A_PB2	151	2	N	0	0	2	28
A_PB2	152	2	N	0	0	2	28.5
A_PB2	153	2	N	0	0	2	24
A_PB2	154	2	N	0	0	2	23.5
A_PB2	155	2	N	0	0	2	23
A_PB2	156	2	N	0	0	2	23.5
A_PB2	157	2	N	0	0	2	26
A_PB2	158	2	N	0	0	2	23
A_PB2	159	2	N	0	0	2	23
A_PB2	160	2	N	0	0	2	21.5
A_PB2	161	2	N	0	0	2	24.5
A_PB2	162	2	N	0	0	2	25.5
A_PB2	163	2	N	0	0	2	21.5
A_PB2	164	2	N	0	0	2	19.5
A_PB2	165	2	N	0	0	1	5
A_PB2	166	2	N	0	0	2	13.5
A_PB2	167	2	N	0	0	1	6
A_PB2	168	2	N	0	0	2	11
A_PB2	169	2	N	0	0	2	7
A_PB2	170	2	N	0	0	2	6.5
A_PB2	171	2	N	0	0	2	6.5
A_PB2	172	2	N	0	0	2	7
A_PB2	173	2	N	0	0	2	12
A_PB2	174	2	N	0	0	2	14
A_PB2	175	2	N	0	0	2	15.5
A_PB2	176	2	N	0	0	2	21.5
A_PB2	177	2	N	0	0	2	23
A_PB2	178	2	N	0	0	2	23
A_PB2	179	2	N	0	0	2	25.5
A_PB2	180	2	N	0	0	2	23
A_PB2	181	2	N	0	0	2	27.5
A_PB2	182	2	N	0	0	2	58.5
A_PB2	183	2	N	0	0	2	32.5
A_PB2	184	2	N	0	0	2	28
A_PB2	185	2	N	0	0	2	23
A_PB2	186	2	N	0	0	2	23
A_PB2	187	2	N	0	0	2	22
A_PB2	188	2	N	0	0	2	25.5
A_PB2	189	2	N	0	0	2	26.5
A_PB2	190	2	N	0	0	2	25.5
A_PB2	191	2	N	0	0	2	23.5
A_PB2	192	2	N	0	0	2	17
A_PB2	193	2	N	0	0	2	15
A_PB2	194	2	N	0	0	2	13.5
A_PB2	195	2	N	0	0	2	15
A_PB2	196	2	N	0	0	2	19
A_PB2	197	2	N	0	0	2	28
A_PB2	198	2	N	0	0	2	27
A_PB2	199	2	N	0	0	2	23
A_PB2	200	2	N	0	0	2	19.5
A_PB2	201	2	N	0	0	2	21
A_PB2	202	2	N	0	0	2	23
A_PB2	203	2	N	0	0	2	24
A_PB2	204	2	N	0	0	2	58.5
A_PB2	205	2	N	0	0	2	90
A_PB2	206	2	N	0	0	2	57.5
A_PB2	207	2	N	0	0	2	25.5
A_PB2	208	2	N	0	0	2	20
A_PB2	209	2	N	0	0	2	27
A_PB2	210	2	N	0	0	2	27
A_PB2	211	2	N	0	0	2	27.5
A_PB2	212	2	N	0	0	2	29.5
A_PB2	213	2	N	0	0	2	28
A_PB2	214	2	N	0	0	2	28.5
A_PB2	215	2	N	0	0	2	29
A_PB2	216	2	N	0	0	2	27.5
A_PB2	217	2	N	0	0	2	18
A_PB2	218	2	N	0	0	2	23
A_PB2	219	2	N	0	0	2	20.5
A_PB2	220	2	N	0	0	2	22.5
A_PB2	221	2	N	0	0	2	21.5
A_PB2	222	2	N	0	0	2	20.5
A_PB2	223	2	N	0	0	2	22.5
A_PB2	224	2	N	0	0	2	23
A_PB2	225	2	N	0	0	2	20.5
A_PB2	226	2	N	0	0	2	21
A_PB2	227	2	N	0	0	2	22.5
A_PB2	228	2	N	0	0	2	23.5
A_PB2	229	2	N	0	0	2	23.5
A_PB2	230	2	N	0	0	2	23
A_PB2	231	2	N	0	0	2	25.5
A_PB2	232	3	N	0	0	3	21.6666666666667
A_PB2	233	3	N	0	0	3	22.3333333333333
A_PB2	234	3	N	0	0	3	21.6666666666667
A_PB2	235	1	N	2	0	1	30
A_PB2	236	1	N	2	0	1	30
A_PB2	237	1	N	2	0	1	30
A_PB2	238	1	N	2	0	1	29
A_PB2	239	1	N	2	0	1	29
A_PB2	240	1	N	2	0	1	29
A_PB2	241	1	N	2	0	1	29
A_PB2	242	1	N	2	0	1	32
A_PB2	243	2	N	1	0	1	31
A_PB2	244	3	N	0	0	3	24.3333333333333
A_PB2	245	3	N	0	0	2	23
A_PB2	246	3	N	0	0	3	26
A_PB2	247	3	N	0	0	3	23
A_PB2	248	3	N	0	0	3	22
A_PB2	249	3	N	0	0	3	19.6666666666667
A_PB2	250	3	N	0	0	3	14.6666666666667
A_PB2	251	3	N	0	0	3	15
A_PB2	252	3	N	0	0	3	18
A_PB2	253	2	N	1	0	2	15
A_PB2	254	1	N	2	0	1	24
A_PB2	255	1	N	2	0	1	23
A_PB2	256	1	N	2	0	1	27
A_PB2	257	1	N	2	0	1	28
A_PB2	258	1	N	2	0	1	28
A_PB2	259	1	N	2	0	1	31
A_PB2	260	3	N	0	0	3	18.6666666666667
A_PB2	261	3	N	0	0	3	18
A_PB2	262	3	N	0	0	3	17.6666666666667
A_PB2	263	3	N	0	0	3	19
A_PB2	264	3	N	0	0	3	18.6666666666667
A_PB2	265	3	N	0	0	3	17
A_PB2	266	3	N	0	0	3	16.3333333333333
A_PB2	267	3	N	0	0	3	23
A_PB2	268	3	N	0	0	3	23.3333333333333
A_PB2	269	3	N	0	0	3	26.3333333333333
A_PB2	270	3	N	0	0	3	24.3333333333333
A_PB2	271	3	N	0	0	3	23
A_PB2	272	3	N	0	0	3	24.3333333333333
A_PB2	273	3	N	0	0	3	23.6666666666667
A_PB2	274	3	N	0	0	3	25
A_PB2	275	3	N	0	0	3	25.3333333333333
A_PB2	276	3	N	0	0	3	25
A_PB2	277	3	N	0	0	3	24.3333333333333
A_PB2	278	3	N	0	0	3	24
A_PB2	279	3	N	0	0	3	24.6666666666667
A_PB2	280	3	N	0	0	3	20.3333333333333
A_PB2	281	3	N	0	0	3	24.6666666666667
A_PB2	282	3	N	0	0	3	23.6666666666667
A_PB2	283	3	N	0	0	3	24
A_PB2	284	3	N	0	0	3	24.6666666666667
A_PB2	285	3	N	0	0	3	20
A_PB2	286	3	N	0	0	3	20.3333333333333
A_PB2	287	3	N	0	0	3	20
A_PB2	288	2	N	1	0	2	18
A_PB2	289	3	N	0	0	3	20.3333333333333
A_PB2	290	3	N	0	0	3	17.3333333333333
A_PB2	291	3	N	0	0	3	25.3333333333333
A_PB2	292	3	N	0	0	3	22
A_PB2	293	3	N	0	0	3	20.6666666666667
A_PB2	294	3	N	0	0	3	21
A_PB2	295	3	N	0	0	3	19.3333333333333
A_PB2	296	3	N	0	0	3	19
A_PB2	297	3	N	0	0	3	18.6666666666667
A_PB2	298	3	N	0	0	3	23
A_PB2	299	3	N	0	0	3	23
A_PB2	300	3	N	0	0	3	24.6666666666667
A_PB2	301	3	N	0	0	3	24.3333333333333
A_PB2	302	3	N	0	0	3	23
A_PB2	303	3	N	0	0	3	23
A_PB2	304	3	N	0	0	3	20.3333333333333
A_PB2	305	3	N	0	0	3	20.6666666666667
A_PB2	306	3	N	0	0	3	21.3333333333333
A_PB2	307	3	N	0	0	3	19.6666666666667
A_PB2	308	3	N	0	0	3	21.6666666666667
A_PB2	309	3	N	0	0	3	23
A_PB2	310	3	N	0	0	3	23.6666666666667
A_PB2	311	3	N	0	0	3	20
A_PB2	312	3	N	0	0	3	20.3333333333333
A_PB2	313	3	N	0	0	3	20
A_PB2	314	3	N	0	0	3	21.3333333333333
A_PB2	315	3	N	0	0	3	15.3333333333333
A_PB2	316	3	N	0	0	3	19.3333333333333
A_PB2	317	3	N	0	0	3	29
A_PB2	318	3	N	0	0	3	29.6666666666667
A_PB2	319	3	N	0	0	3	24.6666666666667
A_PB2	320	3	N	0	0	3	27.6666666666667
A_PB2	321	3	N	0	0	3	25.6666666666667
A_PB2	322	3	N	0	0	3	27
A_PB2	323	3	N	0	0	3	28.3333333333333
A_PB2	324	3	N	0	0	3	25.6666666666667
A_PB2	325	3	N	0	0	3	27.3333333333333
A_PB2	326	3	N	0	0	3	23.6666666666667
A_PB2	327	3	N	0	0	3	25
A_PB2	328	3	N	0	0	3	24.6666666666667
A_PB2	329	3	N	0	0	3	24.3333333333333
A_PB2	330	3	N	0	0	3	22.6666666666667
A_PB2	331	3	N	0	0	3	22
A_PB2	332	3	N	0	0	3	19
A_PB2	333	3	N	0	0	3	18.6666666666667
A_PB2	334	3	N	0	0	3	23.6666666666667
A_PB2	335	3	N	0	0	3	21
A_PB2	336	3	N	0	0	3	23
A_PB2	337	3	N	0	0	2	23.5
A_PB2	338	3	N	0	0	3	22
A_PB2	339	3	N	0	0	3	20
A_PB2	340	3	N	0	0	3	19
A_PB2	341	3	N	0	0	3	20
A_PB2	342	3	N	0	0	3	20
A_PB2	343	3	N	0	0	3	22.3333333333333
A_PB2	344	3	N	0	0	3	22.3333333333333
A_PB2	345	3	N	0	0	3	24.3333333333333
A_PB2	346	3	N	0	0	3	25
A_PB2	347	3	N	0	0	3	24.3333333333333
A_PB2	348	3	N	0	0	3	26.3333333333333
A_PB2	349	3	N	0	0	3	23.6666666666667
A_PB2	350	3	N	0	0	3	23.6666666666667
A_PB2	351	3	N	0	0	3	24.6666666666667
A_PB2	352	3	N	0	0	3	19
A_PB2	353	3	N	0	0	3	18.3333333333333
A_PB2	354	3	N	0	0	3	18.6666666666667
A_PB2	355	3	N	0	0	3	21
A_PB2	356	3	N	0	0	3	21
A_PB2	357	3	N	0	0	3	25
A_PB2	358	3	N	0	0	3	23
A_PB2	359	3	N	0	0	3	21.3333333333333
A_PB2	360	3	N	0	0	3	18.6666666666667
A_PB2	361	3	N	0	0	3	18.6666666666667
A_PB2	362	3	N	0	0	3	21.3333333333333
A_PB2	363	3	N	0	0	3	30.6666666666667
A_PB2	364	3	N	0	0	3	29.6666666666667
A_PB2	365	3	N	0	0	3	30
A_PB2	366	3	N	0	0	3	29.3333333333333
A_PB2	367	3	N	0	0	3	29.3333333333333
A_PB2	368	3	N	0	0	3	29.3333333333333
A_PB2	369	3	N	0	0	3	26.6666666666667
A_PB2	370	3	N	0	0	3	28
A_PB2	371	3	N	0	0	3	27.6666666666667
A_PB2	372	3	N	0	0	3	26.3333333333333
A_PB2	373	3	N	0	0	3	30.3333333333333
A_PB2	374	2	N	1	0	2	23
A_PB2	375	2	N	1	0	2	24
A_PB2	376	3	N	0	0	3	18.6666666666667
A_PB2	377	3	N	0	0	3	19.6666666666667
A_PB2	378	3	N	0	0	3	21.3333333333333
A_PB2	379	3	N	0	0	3	21.6666666666667
A_PB2	380	3	N	0	0	3	39.3333333333333
A_PB2	381	3	N	0	0	3	17.6666666666667
A_PB2	382	3	N	0	0	2	18.5
A_PB2	383	3	N	0	0	3	15.6666666666667
A_PB2	384	3	N	0	0	3	16.3333333333333
A_PB2	385	3	N	0	0	3	17.3333333333333
A_PB2	386	3	N	0	0	3	21.3333333333333
A_PB2	387	3	N	0	0	3	24.3333333333333
A_PB2	388	3	N	0	0	3	28.3333333333333
A_PB2	389	3	N	0	0	3	26.6666666666667
A_PB2	390	3	N	0	0	3	26
A_PB2	391	3	N	0	0	3	22.3333333333333
A_PB2	392	3	N	0	0	3	19.3333333333333
A_PB2	393	3	N	0	0	3	18.3333333333333
A_PB2	394	3	N	0	0	3	17.6666666666667
A_PB2	395	3	N	0	0	2	21
A_PB2	396	3	N	0	0	3	16.6666666666667
A_PB2	397	3	N	0	0	3	17
A_PB2	398	3	N	0	0	3	19.3333333333333
A_PB2	399	3	N	0	0	3	25.3333333333333
A_PB2	400	3	N	0	0	3	24
A_PB2	401	3	N	0	0	3	18.3333333333333
A_PB2	402	3	N	0	0	3	17.6666666666667
A_PB2	403	3	N	0	0	3	17.3333333333333
A_PB2	404	3	N	0	0	3	15.6666666666667
A_PB2	405	3	N	0	0	3	18.6666666666667
A_PB2	406	3	N	0	0	3	16
A_PB2	407	3	N	0	0	3	20.3333333333333
A_PB2	408	3	N	0	0	3	21.6666666666667
A_PB2	409	3	N	0	0	3	24
A_PB2	410	3	N	0	0	3	24.6666666666667
A_PB2	411	3	N	0	0	3	19
A_PB2	412	3	N	0	0	3	19
A_PB2	413	3	N	0	0	3	21.3333333333333
A_PB2	414	3	N	0	0	3	20.3333333333333
A_PB2	415	2	N	1	0	2	27.5
A_PB2	416	2	N	1	0	2	27.5
A_PB2	417	2	N	1	0	2	27
A_PB2	418	3	N	0	0	3	22
A_PB2	419	3	N	0	0	3	19.3333333333333
A_PB2	420	3	N	0	0	3	20
A_PB2	421	3	N	0	0	3	20
A_PB2	422	3	N	0	0	3	20.6666666666667
A_PB2	423	3	N	0	0	2	29
A_PB2	424	3	N	0	0	2	25.5
A_PB2	425	3	N	0	0	3	36.3333333333333
A_PB2	426	3	N	0	0	3	21.3333333333333
A_PB2	427	3	N	0	0	3	23
A_PB2	428	3	N	0	0	3	21
A_PB2	429	3	N	0	0	3	17
A_PB2	430	3	N	0	0	3	19.3333333333333
A_PB2	431	3	N	0	0	3	19.6666666666667
A_PB2	432	3	N	0	0	3	25.3333333333333
A_PB2	433	3	N	0	0	3	20
A_PB2	434	3	N	0	0	3	16.3333333333333
A_PB2	435	3	N	0	0	3	15.6666666666667
A_PB2	436	3	N	0	0	3	15.6666666666667
A_PB2	437	3	N	0	0	3	21.3333333333333
A_PB2	438	3	N	0	0	3	23
A_PB2	439	3	N	0	0	3	24.6666666666667
A_PB2	440	3	N	0	0	3	22.3333333333333
A_PB2	441	3	N	0	0	3	20.6666666666667
A_PB2	442	3	N	0	0	3	19
A_PB2	443	3	N	0	0	3	19
A_PB2	444	3	N	0	0	3	19.3333333333333
A_PB2	445	2	N	1	0	2	16.5
A_PB2	446	2	N	1	0	2	25
A_PB2	447	2	N	1	0	2	25.5
A_PB2	448	2	N	1	0	2	25
A_PB2	449	3	N	0	0	3	24.3333333333333
A_PB2	450	3	N	0	0	3	17.6666666666667
A_PB2	451	3	N	0	0	3	18
A_PB2	452	3	N	0	0	3	20
A_PB2	453	3	N	0	0	3	19.6666666666667
A_PB2	454	3	N	0	0	3	18.3333333333333
A_PB2	455	3	N	0	0	3	21.3333333333333
A_PB2	456	3	N	0	0	3	21
A_PB2	457	3	N	0	0	3	16.3333333333333
A_PB2	458	3	N	0	0	3	19.3333333333333
A_PB2	459	3	N	0	0	3	19.6666666666667
