Reference_Name	Position	Coverage Depth	Consensus	Deletions	Ambiguous	Consensus_Count	Consensus_Average_Quality
A_HA_H5	1	120	A	0	0	120	23.6083333333333
A_HA_H5	2	120	T	0	0	120	22.1666666666667
A_HA_H5	3	123	G	0	0	122	21.8360655737705
A_HA_H5	4	128	G	0	0	127	21.1496062992126
A_HA_H5	5	128	A	0	0	127	21.3070866141732
A_HA_H5	6	127	G	1	0	127	20.1496062992126
A_HA_H5	7	130	A	0	0	130	20.5461538461538
A_HA_H5	8	131	A	0	0	130	21.1
A_HA_H5	9	131	C	1	0	126	21.7539682539683
A_HA_H5	10	131	A	1	0	130	22.2923076923077
A_HA_H5	11	129	T	3	0	126	22.484126984127
A_HA_H5	12	131	A	1	0	129	21
A_HA_H5	13	131	G	1	0	128	19.9609375
A_HA_H5	14	129	T	3	0	123	20.4146341463415
A_HA_H5	15	130	A	2	0	127	20.4803149606299
A_HA_H5	16	128	C	4	0	124	20.8709677419355
A_HA_H5	17	131	T	1	0	129	21.1627906976744
A_HA_H5	18	131	A	1	0	130	21.0384615384615
A_HA_H5	19	123	C	9	0	122	21.2540983606557
A_HA_H5	20	123	T	9	0	122	22.4508196721311
A_HA_H5	21	120	T	12	0	118	22.5084745762712
A_HA_H5	22	128	C	4	0	124	24.7661290322581
A_HA_H5	23	126	T	6	0	125	24.008
A_HA_H5	24	132	T	0	0	132	23.9318181818182
A_HA_H5	25	131	G	1	0	131	22.8015267175573
A_HA_H5	26	131	C	1	0	129	22.4418604651163
A_HA_H5	27	130	A	2	0	129	22.1937984496124
A_HA_H5	28	132	A	0	0	132	22.219696969697
A_HA_H5	29	132	T	0	0	129	22.7751937984496
A_HA_H5	30	132	A	0	0	129	22.0387596899225
A_HA_H5	31	132	G	0	0	127	21.4251968503937
A_HA_H5	32	130	T	2	0	129	20.8139534883721
A_HA_H5	33	131	T	1	0	129	21.4806201550388
A_HA_H5	34	131	A	1	0	126	21.6984126984127
A_HA_H5	35	132	G	0	0	130	21.7923076923077
A_HA_H5	36	131	C	1	0	128	21.96875
A_HA_H5	37	130	C	2	0	128	21.9609375
A_HA_H5	38	128	T	4	0	128	21.8125
A_HA_H5	39	129	T	3	0	129	23.1240310077519
A_HA_H5	40	130	G	2	0	125	23.352
A_HA_H5	41	130	T	2	0	127	23.4566929133858
A_HA_H5	42	130	T	2	0	130	23.0538461538462
A_HA_H5	43	122	A	11	0	119	23.4789915966387
A_HA_H5	44	127	A	6	0	125	23.768
A_HA_H5	45	129	A	4	0	124	23.8548387096774
A_HA_H5	46	132	A	1	0	127	25
A_HA_H5	47	132	G	1	0	131	24.1450381679389
A_HA_H5	48	131	T	2	0	128	21.6640625
A_HA_H5	49	133	G	0	0	133	21.4962406015038
A_HA_H5	50	133	A	0	0	133	21.5563909774436
A_HA_H5	51	132	T	1	0	131	22.9083969465649
A_HA_H5	52	133	C	0	0	131	22.824427480916
A_HA_H5	53	131	A	2	0	128	21.2578125
A_HA_H5	54	133	G	0	0	131	20.0076335877863
A_HA_H5	55	131	A	2	0	131	20.5114503816794
A_HA_H5	56	127	T	6	0	126	21.6111111111111
A_HA_H5	57	130	T	3	0	128	22.578125
A_HA_H5	58	132	T	1	0	129	24.8682170542636
A_HA_H5	59	133	G	0	0	129	24.3100775193798
A_HA_H5	60	133	C	0	0	131	23.5725190839695
A_HA_H5	61	132	A	1	0	130	21.9769230769231
A_HA_H5	62	132	T	1	0	128	21.140625
A_HA_H5	63	133	T	0	0	130	21.5153846153846
A_HA_H5	64	129	G	4	0	124	20.2258064516129
A_HA_H5	65	133	G	0	0	130	19.7846153846154
A_HA_H5	66	133	T	0	0	127	20.1496062992126
A_HA_H5	67	133	T	0	0	131	20.7480916030534
A_HA_H5	68	133	A	0	0	130	21.2384615384615
A_HA_H5	69	133	C	0	0	131	21.7328244274809
A_HA_H5	70	133	C	0	0	129	21.4651162790698
A_HA_H5	71	133	A	0	0	132	21.6136363636364
A_HA_H5	72	131	T	2	0	129	22.2713178294574
A_HA_H5	73	131	G	2	0	129	22.5581395348837
A_HA_H5	74	131	C	2	0	131	23.2290076335878
A_HA_H5	75	128	A	5	0	127	23.496062992126
A_HA_H5	76	133	A	0	0	133	23.0526315789474
A_HA_H5	77	133	A	0	0	131	24.175572519084
A_HA_H5	78	133	C	0	0	133	23.9097744360902
A_HA_H5	79	133	A	0	0	133	23.796992481203
A_HA_H5	80	132	A	1	0	130	23.4461538461538
A_HA_H5	81	132	T	1	0	131	24.6106870229008
A_HA_H5	82	132	T	1	0	131	25.4351145038168
A_HA_H5	83	124	C	9	0	119	24.344537815126
A_HA_H5	84	131	G	2	0	127	22.8897637795276
A_HA_H5	85	132	A	1	0	132	22.7121212121212
A_HA_H5	86	132	C	1	0	130	22.7846153846154
A_HA_H5	87	131	A	2	0	129	20.5968992248062
A_HA_H5	88	131	G	2	0	127	19.6456692913386
A_HA_H5	89	133	A	0	0	133	18.7142857142857
A_HA_H5	90	132	G	1	0	122	20.7950819672131
A_HA_H5	91	132	C	1	0	130	19.9923076923077
A_HA_H5	92	133	A	0	0	131	20.1908396946565
A_HA_H5	93	133	A	0	0	131	21
A_HA_H5	94	133	G	0	0	131	22.3282442748092
A_HA_H5	95	132	T	1	0	131	22.1984732824427
A_HA_H5	96	133	T	0	0	132	22.5530303030303
A_HA_H5	97	133	G	0	0	130	22.0153846153846
A_HA_H5	98	129	A	4	0	124	23.9274193548387
A_HA_H5	99	129	C	4	0	124	23.8145161290323
A_HA_H5	100	133	A	0	0	129	22.4883720930233
A_HA_H5	101	133	C	0	0	125	22.952
A_HA_H5	102	133	G	0	0	131	21.6030534351145
A_HA_H5	103	133	A	0	0	131	21.4503816793893
A_HA_H5	104	133	T	0	0	132	21.9090909090909
A_HA_H5	105	131	A	2	0	130	23.8
A_HA_H5	106	132	A	1	0	131	24.381679389313
A_HA_H5	107	132	T	1	0	132	24.5151515151515
A_HA_H5	108	126	G	7	0	125	24.056
A_HA_H5	109	130	G	3	0	130	22.4307692307692
A_HA_H5	110	121	A	12	0	120	22.675
A_HA_H5	111	131	A	2	0	131	22.9160305343511
A_HA_H5	112	133	A	0	0	133	24.390977443609
A_HA_H5	113	133	A	0	0	131	22.7175572519084
A_HA_H5	114	133	G	0	0	133	25.3007518796992
A_HA_H5	115	133	A	0	0	132	22.9924242424242
A_HA_H5	116	133	A	0	0	133	22.1278195488722
A_HA_H5	117	130	C	2	0	128	21.9609375
A_HA_H5	118	130	G	2	0	127	21.3385826771654
A_HA_H5	119	132	T	0	0	132	21.6969696969697
A_HA_H5	120	132	C	0	0	130	22.2846153846154
A_HA_H5	121	131	A	1	0	128	21.484375
A_HA_H5	122	132	C	0	0	130	21.7
A_HA_H5	123	126	T	6	0	124	23.1209677419355
A_HA_H5	124	127	G	5	0	126	21.5
A_HA_H5	125	125	T	7	0	123	22.0813008130081
A_HA_H5	126	130	T	2	0	129	22.2713178294574
A_HA_H5	127	122	A	10	0	118	22.8813559322034
A_HA_H5	128	119	C	13	0	117	23.2393162393162
A_HA_H5	129	128	A	4	0	128	22.71875
A_HA_H5	130	128	C	4	0	125	24.368
A_HA_H5	131	127	A	4	0	127	25.4094488188976
A_HA_H5	132	126	T	4	0	124	22.6693548387097
A_HA_H5	133	126	G	4	0	122	22.4590163934426
A_HA_H5	134	125	C	5	0	123	23.390243902439
A_HA_H5	135	126	C	4	0	122	23.7049180327869
A_HA_H5	136	126	C	4	0	123	24.7154471544715
A_HA_H5	137	122	A	8	0	120	26.75
A_HA_H5	138	125	A	5	0	122	26.0819672131148
A_HA_H5	139	125	G	5	0	122	23.9672131147541
A_HA_H5	140	126	A	4	0	125	25.44
A_HA_H5	141	127	C	3	0	124	24.508064516129
A_HA_H5	142	126	A	4	0	126	22.1984126984127
A_HA_H5	143	127	T	3	0	126	22.3968253968254
A_HA_H5	144	128	A	2	0	126	21.015873015873
A_HA_H5	145	127	C	3	0	126	21.3492063492063
A_HA_H5	146	125	T	5	0	125	21.688
A_HA_H5	147	124	G	6	0	123	21.9349593495935
A_HA_H5	148	124	G	6	0	123	21.5447154471545
A_HA_H5	149	105	A	25	0	103	22.4466019417476
A_HA_H5	150	119	A	11	0	119	23.4705882352941
A_HA_H5	151	128	A	2	0	127	26.4015748031496
A_HA_H5	152	127	A	3	0	126	32.1746031746032
A_HA_H5	153	127	A	3	0	126	34.8174603174603
A_HA_H5	154	124	A	6	0	121	26.0578512396694
A_HA_H5	155	123	C	7	0	118	23.3813559322034
A_HA_H5	156	127	A	3	0	127	22.2755905511811
A_HA_H5	157	127	C	3	0	126	25.484126984127
A_HA_H5	158	126	A	4	0	125	34.496
A_HA_H5	159	126	C	4	0	124	37.8306451612903
A_HA_H5	160	126	A	4	0	126	26.547619047619
A_HA_H5	161	126	A	4	0	125	20.608
A_HA_H5	162	127	C	3	0	123	21.8861788617886
A_HA_H5	163	118	G	12	0	109	18.2935779816514
A_HA_H5	164	126	G	4	0	126	16.984126984127
A_HA_H5	165	127	G	3	0	125	16.36
A_HA_H5	166	128	A	2	0	127	16.6377952755906
A_HA_H5	167	128	A	2	0	126	19.3253968253968
A_HA_H5	168	127	G	3	0	127	17.8976377952756
A_HA_H5	169	125	C	4	0	124	18.6612903225806
A_HA_H5	170	124	T	5	0	124	19.8467741935484
A_HA_H5	171	126	C	3	0	124	20.4758064516129
A_HA_H5	172	124	T	5	0	121	20.6280991735537
A_HA_H5	173	125	G	4	0	119	20.7647058823529
A_HA_H5	174	125	T	4	0	116	20.5172413793103
A_HA_H5	175	127	G	2	0	124	20.2096774193548
A_HA_H5	176	126	A	3	0	125	20.272
A_HA_H5	177	124	T	2	0	123	21.7967479674797
A_HA_H5	178	124	C	2	0	123	22.7317073170732
A_HA_H5	179	123	T	3	0	118	22.1525423728814
A_HA_H5	180	122	A	4	0	120	22.375
A_HA_H5	181	123	A	3	0	122	23.4672131147541
A_HA_H5	182	124	A	2	0	123	23.8130081300813
A_HA_H5	183	124	T	2	0	120	24.6
A_HA_H5	184	102	G	24	0	102	22.7450980392157
A_HA_H5	185	119	G	7	0	113	21.3716814159292
A_HA_H5	186	120	G	6	0	116	20.4396551724138
A_HA_H5	187	122	G	4	0	120	20.7083333333333
A_HA_H5	188	122	T	4	0	119	19.6470588235294
A_HA_H5	189	124	G	2	0	122	19.1639344262295
A_HA_H5	190	124	A	2	0	121	19.2561983471074
A_HA_H5	191	123	A	2	0	123	19.8292682926829
A_HA_H5	192	122	G	3	0	121	20.5371900826446
A_HA_H5	193	119	C	6	0	115	20.0521739130435
A_HA_H5	194	121	C	4	0	117	19.1709401709402
A_HA_H5	195	121	T	4	0	120	19.1
A_HA_H5	196	121	C	4	0	119	20.1176470588235
A_HA_H5	197	120	T	5	0	114	20.9035087719298
A_HA_H5	198	122	G	3	0	121	21.3719008264463
A_HA_H5	199	121	A	3	0	120	21.6583333333333
A_HA_H5	200	117	T	7	0	116	22
A_HA_H5	201	121	T	3	0	121	22.900826446281
A_HA_H5	202	122	T	2	0	120	24.1333333333333
A_HA_H5	203	122	T	2	0	120	23.1416666666667
A_HA_H5	204	119	A	5	0	114	22.8508771929825
A_HA_H5	205	121	A	3	0	121	20.8264462809917
A_HA_H5	206	118	A	6	0	118	19
A_HA_H5	207	118	G	6	0	115	20.495652173913
A_HA_H5	208	116	G	8	0	115	19.1217391304348
A_HA_H5	209	115	A	9	0	114	18.5263157894737
A_HA_H5	210	120	T	4	0	118	17.7627118644068
A_HA_H5	211	121	T	3	0	120	18.0833333333333
A_HA_H5	212	122	G	2	0	120	17.6083333333333
A_HA_H5	213	121	T	3	0	120	19.5
A_HA_H5	214	119	A	5	0	117	18.5641025641026
A_HA_H5	215	120	G	4	0	119	18.6302521008403
A_HA_H5	216	121	T	3	0	119	19.4873949579832
A_HA_H5	217	124	G	0	0	124	20.3145161290323
A_HA_H5	218	123	T	1	0	119	21.1932773109244
A_HA_H5	219	123	A	1	0	123	20.4146341463415
A_HA_H5	220	124	G	0	0	124	20.0806451612903
A_HA_H5	221	124	C	0	0	122	20.2704918032787
A_HA_H5	222	124	T	0	0	122	20.5737704918033
A_HA_H5	223	119	G	5	0	119	22.0840336134454
A_HA_H5	224	124	G	0	0	124	22.3467741935484
A_HA_H5	225	123	A	1	0	122	22.8360655737705
A_HA_H5	226	123	T	1	0	122	22.7049180327869
A_HA_H5	227	123	G	1	0	123	22.1219512195122
A_HA_H5	228	121	G	3	0	119	20.5210084033613
A_HA_H5	229	118	C	6	0	116	20.4224137931034
A_HA_H5	230	117	T	7	0	115	20.7130434782609
A_HA_H5	231	116	C	8	0	113	21.716814159292
A_HA_H5	232	120	C	4	0	116	20.25
A_HA_H5	233	120	T	4	0	119	19.4873949579832
A_HA_H5	234	118	C	6	0	118	19.9576271186441
A_HA_H5	235	108	G	16	0	103	17.1553398058252
A_HA_H5	236	122	G	2	0	120	17.7333333333333
A_HA_H5	237	120	A	4	0	119	17.6050420168067
A_HA_H5	238	122	A	2	0	119	19.5210084033613
A_HA_H5	239	121	A	3	0	120	19.7916666666667
A_HA_H5	240	120	C	4	0	115	18.4869565217391
A_HA_H5	241	123	C	1	0	114	18.4298245614035
A_HA_H5	242	124	C	0	0	116	17.9310344827586
A_HA_H5	243	124	A	0	0	124	18.5645161290323
A_HA_H5	244	123	A	1	0	120	18.8416666666667
A_HA_H5	245	118	T	6	0	117	19.0512820512821
A_HA_H5	246	117	G	7	0	115	20.5913043478261
A_HA_H5	247	123	T	1	0	121	19.2809917355372
A_HA_H5	248	122	G	2	0	120	19.075
A_HA_H5	249	121	C	2	0	117	18.6923076923077
A_HA_H5	250	122	G	1	0	120	18.8416666666667
A_HA_H5	251	121	A	1	0	118	18.6864406779661
A_HA_H5	252	119	C	3	0	119	19.0840336134454
A_HA_H5	253	120	G	2	0	116	19.3448275862069
A_HA_H5	254	120	A	2	0	118	18.3559322033898
A_HA_H5	255	121	A	1	0	119	19.6638655462185
A_HA_H5	256	119	T	3	0	118	19.9576271186441
A_HA_H5	257	122	T	0	0	116	21.4310344827586
A_HA_H5	258	122	C	0	0	117	22.2905982905983
A_HA_H5	259	121	A	1	0	119	21.8319327731092
A_HA_H5	260	121	T	1	0	119	21.6470588235294
A_HA_H5	261	122	C	0	0	121	21.9338842975207
A_HA_H5	262	120	A	2	0	119	19.2521008403361
A_HA_H5	263	120	G	2	0	119	18.7899159663866
A_HA_H5	264	121	A	1	0	120	18.9916666666667
A_HA_H5	265	120	G	2	0	120	19.4083333333333
A_HA_H5	266	120	T	2	0	117	19.5128205128205
A_HA_H5	267	122	G	0	0	121	19.8760330578512
A_HA_H5	268	120	C	2	0	115	20.695652173913
A_HA_H5	269	122	C	0	0	115	20.5652173913043
A_HA_H5	270	118	G	4	0	114	19.5789473684211
A_HA_H5	271	122	G	0	0	120	19.6666666666667
A_HA_H5	272	122	A	0	0	122	20.3032786885246
A_HA_H5	273	122	A	0	0	121	22.4628099173554
A_HA_H5	274	122	T	0	0	121	22.2809917355372
A_HA_H5	275	120	G	2	0	119	22.5882352941176
A_HA_H5	276	120	G	0	0	120	21.3333333333333
A_HA_H5	277	118	T	1	0	116	21.3620689655172
A_HA_H5	278	116	C	3	0	114	21.5438596491228
A_HA_H5	279	119	C	0	0	118	20.3050847457627
A_HA_H5	280	119	T	0	0	116	20.3965517241379
A_HA_H5	281	117	A	2	0	113	20.6017699115044
A_HA_H5	282	117	C	2	0	117	20.8803418803419
A_HA_H5	283	115	A	4	0	114	20.5263157894737
A_HA_H5	284	118	T	1	0	116	20.5775862068966
A_HA_H5	285	119	A	0	0	112	19.3303571428571
A_HA_H5	286	119	G	0	0	115	18.8521739130435
A_HA_H5	287	118	T	1	0	116	19.1120689655172
A_HA_H5	288	115	G	4	0	114	19.9649122807018
A_HA_H5	289	115	G	4	0	115	20.7391304347826
A_HA_H5	290	111	A	8	0	107	21.6915887850467
A_HA_H5	291	117	G	2	0	114	20.3771929824561
A_HA_H5	292	118	C	1	0	113	19.3008849557522
A_HA_H5	293	112	G	7	0	106	19.2358490566038
A_HA_H5	294	118	G	1	0	117	18.4358974358974
A_HA_H5	295	118	G	0	0	115	18.3478260869565
A_HA_H5	296	118	C	0	0	117	18.4529914529915
A_HA_H5	297	117	T	1	0	113	19.3982300884956
A_HA_H5	298	118	A	0	0	118	20.5677966101695
A_HA_H5	299	118	A	0	0	118	22.5084745762712
A_HA_H5	300	118	T	0	0	115	22.9565217391304
A_HA_H5	301	116	C	2	0	114	24.0263157894737
A_HA_H5	302	117	C	1	0	115	20.6347826086957
A_HA_H5	303	117	A	1	0	117	19.4957264957265
A_HA_H5	304	115	G	3	0	113	19.3362831858407
A_HA_H5	305	116	C	2	0	113	19.4690265486726
A_HA_H5	306	115	T	3	0	111	18.981981981982
A_HA_H5	307	115	A	3	0	115	19.0608695652174
A_HA_H5	308	116	A	2	0	113	21.283185840708
A_HA_H5	309	118	T	0	0	114	21.8859649122807
A_HA_H5	310	118	G	0	0	117	21.7264957264957
A_HA_H5	311	118	A	0	0	117	22.025641025641
A_HA_H5	312	117	C	1	0	116	21.6379310344828
A_HA_H5	313	117	C	1	0	114	20.6578947368421
A_HA_H5	314	115	T	3	0	110	21.3636363636364
A_HA_H5	315	118	C	0	0	117	22.1794871794872
A_HA_H5	316	116	T	2	0	115	22.4347826086957
A_HA_H5	317	118	G	0	0	113	22.0176991150442
A_HA_H5	318	118	T	0	0	111	21.8738738738739
A_HA_H5	319	118	T	0	0	116	21.6724137931034
A_HA_H5	320	116	A	2	0	110	20.6454545454545
A_HA_H5	321	116	C	2	0	115	20.6695652173913
A_HA_H5	322	115	C	3	0	113	20.929203539823
A_HA_H5	323	114	C	4	0	104	20.1730769230769
A_HA_H5	324	114	A	4	0	112	20.2232142857143
A_HA_H5	325	97	G	21	0	94	19.9255319148936
A_HA_H5	326	112	G	6	0	111	21.2882882882883
A_HA_H5	327	116	G	2	0	116	21.6551724137931
A_HA_H5	328	116	A	2	0	114	23.0877192982456
A_HA_H5	329	116	G	2	0	115	22.4260869565217
A_HA_H5	330	116	C	2	0	116	22.301724137931
A_HA_H5	331	117	C	1	0	115	21.8347826086957
A_HA_H5	332	115	T	3	0	114	21.9035087719298
A_HA_H5	333	118	C	0	0	118	22.6440677966102
A_HA_H5	334	116	A	2	0	115	23.4695652173913
A_HA_H5	335	118	A	0	0	118	24.0932203389831
A_HA_H5	336	117	T	1	0	114	24.719298245614
A_HA_H5	337	117	G	1	0	114	25.4649122807018
A_HA_H5	338	118	A	0	0	117	25.5555555555556
A_HA_H5	339	118	C	0	0	116	24.75
A_HA_H5	340	118	T	0	0	114	24.7543859649123
A_HA_H5	341	118	A	0	0	117	22.7777777777778
A_HA_H5	342	118	T	0	0	117	23.1794871794872
A_HA_H5	343	117	G	1	0	117	22
A_HA_H5	344	115	A	3	0	115	22.8521739130435
A_HA_H5	345	118	A	0	0	118	24.0508474576271
A_HA_H5	346	118	G	0	0	118	23.6016949152542
A_HA_H5	347	118	A	0	0	116	23.7413793103448
A_HA_H5	348	117	A	1	0	116	24.0948275862069
A_HA_H5	349	117	C	1	0	117	24.025641025641
A_HA_H5	350	118	T	0	0	115	24.2086956521739
A_HA_H5	351	118	G	0	0	118	23.0254237288136
A_HA_H5	352	116	A	2	0	113	22.3982300884956
A_HA_H5	353	118	A	0	0	117	22.1538461538462
A_HA_H5	354	116	A	2	0	115	25.2434782608696
A_HA_H5	355	116	C	2	0	116	24.2844827586207
A_HA_H5	356	118	A	0	0	117	23.8974358974359
A_HA_H5	357	118	C	0	0	117	29.1794871794872
A_HA_H5	358	117	A	1	0	117	27.2820512820513
A_HA_H5	359	118	T	0	0	116	24.4741379310345
A_HA_H5	360	118	G	0	0	117	24.5897435897436
A_HA_H5	361	118	T	0	0	117	24.7179487179487
A_HA_H5	362	117	T	1	0	117	24.7606837606838
A_HA_H5	363	117	G	1	0	117	24.0683760683761
A_HA_H5	364	117	A	1	0	117	23.7264957264957
A_HA_H5	365	117	G	1	0	116	23.1293103448276
A_HA_H5	366	117	C	1	0	114	23.3947368421053
A_HA_H5	367	118	A	0	0	118	23.0593220338983
A_HA_H5	368	117	G	1	0	116	21.3879310344828
A_HA_H5	369	116	A	2	0	113	22.0353982300885
A_HA_H5	370	116	A	2	0	113	22.2035398230088
A_HA_H5	371	116	T	2	0	113	22.0973451327434
A_HA_H5	372	115	A	3	0	113	22.8938053097345
A_HA_H5	373	118	A	0	0	118	22.6694915254237
A_HA_H5	374	118	A	0	0	118	23.0084745762712
A_HA_H5	375	118	T	0	0	115	24.1304347826087
A_HA_H5	376	118	C	0	0	118	24.7542372881356
A_HA_H5	377	117	A	0	0	116	24.4396551724138
A_HA_H5	378	103	T	14	0	101	23.6039603960396
A_HA_H5	379	115	T	2	0	114	24.4912280701754
A_HA_H5	380	117	T	0	0	115	24.6521739130435
A_HA_H5	381	115	T	2	0	113	22.3185840707965
A_HA_H5	382	108	G	9	0	107	21.6635514018692
A_HA_H5	383	107	A	10	0	107	21.4392523364486
A_HA_H5	384	115	G	2	0	114	19.4561403508772
A_HA_H5	385	115	A	2	0	114	19.1140350877193
A_HA_H5	386	116	A	1	0	116	20.0603448275862
A_HA_H5	387	116	G	1	0	115	19.2
A_HA_H5	388	115	A	2	0	112	21.625
A_HA_H5	389	113	T	4	0	109	21.3119266055046
A_HA_H5	390	115	T	2	0	114	21.9824561403509
A_HA_H5	391	115	C	2	0	110	23.4545454545455
A_HA_H5	392	116	T	1	0	111	20.8648648648649
A_HA_H5	393	117	G	0	0	116	20.0172413793103
A_HA_H5	394	115	A	2	0	114	21.8333333333333
A_HA_H5	395	117	T	0	0	116	20.7844827586207
A_HA_H5	396	117	C	0	0	116	21.2844827586207
A_HA_H5	397	116	A	0	0	115	20.6
A_HA_H5	398	115	T	1	0	114	21.9824561403509
A_HA_H5	399	105	C	11	0	103	22.5922330097087
A_HA_H5	400	113	C	3	0	113	21.7433628318584
A_HA_H5	401	115	C	1	0	104	21.2884615384615
A_HA_H5	402	113	C	3	0	108	19.3333333333333
A_HA_H5	403	109	A	7	0	108	17.9166666666667
A_HA_H5	404	112	A	4	0	110	18.8
A_HA_H5	405	113	G	3	0	111	16.7747747747748
A_HA_H5	406	114	A	2	0	112	18.5089285714286
A_HA_H5	407	116	G	0	0	115	19.5565217391304
A_HA_H5	408	116	T	0	0	113	19.0442477876106
A_HA_H5	409	115	T	1	0	112	20.4285714285714
A_HA_H5	410	107	C	9	0	105	20.6952380952381
A_HA_H5	411	115	C	1	0	113	19.9203539823009
A_HA_H5	412	113	T	3	0	111	17.8558558558559
A_HA_H5	413	115	G	1	0	111	18.2972972972973
A_HA_H5	414	114	G	2	0	110	18.4454545454545
A_HA_H5	415	115	C	1	0	112	17.1696428571429
A_HA_H5	416	115	C	1	0	113	16.1327433628319
A_HA_H5	417	110	A	6	0	109	16.256880733945
A_HA_H5	418	116	A	0	0	116	16.6293103448276
A_HA_H5	419	115	A	1	0	115	17.7565217391304
A_HA_H5	420	114	T	2	0	109	19.7155963302752
A_HA_H5	421	115	C	1	0	115	19.2260869565217
A_HA_H5	422	115	A	1	0	114	17.2982456140351
A_HA_H5	423	114	T	2	0	106	17.5754716981132
A_HA_H5	424	115	G	1	0	112	17.6607142857143
A_HA_H5	425	115	A	1	0	111	17.7477477477477
A_HA_H5	426	116	A	0	0	116	18.7327586206897
A_HA_H5	427	116	A	0	0	116	20.3103448275862
A_HA_H5	428	116	C	0	0	115	20.1913043478261
A_HA_H5	429	116	A	0	0	116	20.948275862069
A_HA_H5	430	116	T	0	0	115	21.4086956521739
A_HA_H5	431	116	C	0	0	115	22.295652173913
A_HA_H5	432	116	A	0	0	113	21.7433628318584
A_HA_H5	433	114	C	2	0	113	22.1946902654867
A_HA_H5	434	114	T	2	0	112	21.6428571428571
A_HA_H5	435	113	A	3	0	109	21.5045871559633
A_HA_H5	436	69	G	47	0	62	21.1129032258065
A_HA_H5	437	94	G	22	0	92	20.1086956521739
A_HA_H5	438	110	G	6	0	107	19.2990654205607
A_HA_H5	439	115	G	1	0	112	19.9375
A_HA_H5	440	115	T	1	0	110	17.8090909090909
A_HA_H5	441	116	G	0	0	111	17.5405405405405
A_HA_H5	442	115	A	1	0	114	18.4035087719298
A_HA_H5	443	112	G	4	0	109	18.2752293577982
A_HA_H5	444	113	C	3	0	102	17.4803921568627
A_HA_H5	445	115	G	1	0	111	17.4234234234234
A_HA_H5	446	115	C	1	0	113	19.1504424778761
A_HA_H5	447	115	A	1	0	114	17.7982456140351
A_HA_H5	448	114	G	2	0	113	17.5840707964602
A_HA_H5	449	114	C	2	0	113	17.7256637168142
A_HA_H5	450	107	T	9	0	104	18.4230769230769
A_HA_H5	451	113	T	3	0	109	18.4128440366972
A_HA_H5	452	113	G	3	0	106	16.811320754717
A_HA_H5	453	114	T	2	0	112	19.0625
A_HA_H5	454	114	C	2	0	111	19.8018018018018
A_HA_H5	455	116	C	0	0	116	20.0258620689655
A_HA_H5	456	114	A	2	0	110	20.7454545454545
A_HA_H5	457	115	T	1	0	113	20.8495575221239
A_HA_H5	458	116	A	0	0	111	21.8288288288288
A_HA_H5	459	115	C	1	0	110	20.6636363636364
A_HA_H5	460	115	C	1	0	113	21.0176991150442
A_HA_H5	461	112	A	4	0	108	19.6296296296296
A_HA_H5	462	93	G	23	0	89	19.4044943820225
A_HA_H5	463	112	G	4	0	112	18.8035714285714
A_HA_H5	464	115	G	1	0	115	18.5391304347826
A_HA_H5	465	113	A	3	0	112	18.7410714285714
A_HA_H5	466	114	G	2	0	113	19.1238938053097
A_HA_H5	467	112	C	4	0	108	18.1203703703704
A_HA_H5	468	111	G	5	0	111	17.027027027027
A_HA_H5	469	106	C	10	0	105	18.2857142857143
A_HA_H5	470	108	C	8	0	106	18.5849056603774
A_HA_H5	471	107	C	9	0	106	17.311320754717
A_HA_H5	472	106	T	10	0	106	18.3396226415094
A_HA_H5	473	112	C	4	0	111	18.7837837837838
A_HA_H5	474	111	C	5	0	109	20.045871559633
A_HA_H5	475	98	T	18	0	97	20.7319587628866
A_HA_H5	476	113	T	3	0	111	19.4684684684685
A_HA_H5	477	113	T	3	0	112	22.8125
A_HA_H5	478	114	T	2	0	114	23.9210526315789
A_HA_H5	479	113	T	3	0	106	20.0377358490566
A_HA_H5	480	112	C	4	0	109	19.8715596330275
A_HA_H5	481	112	A	4	0	110	17.9
A_HA_H5	482	113	G	3	0	113	17.787610619469
A_HA_H5	483	114	A	2	0	112	19.1428571428571
A_HA_H5	484	116	A	0	0	115	20.295652173913
A_HA_H5	485	115	A	1	0	115	22
A_HA_H5	486	106	T	10	0	106	23.0754716981132
A_HA_H5	487	106	G	10	0	106	23.5094339622642
A_HA_H5	488	114	T	2	0	113	21.8761061946903
A_HA_H5	489	111	G	5	0	111	21.3693693693694
A_HA_H5	490	108	G	8	0	106	20.1792452830189
A_HA_H5	491	109	T	7	0	108	20.712962962963
A_HA_H5	492	113	G	3	0	113	20.7787610619469
A_HA_H5	493	112	T	4	0	109	22.2018348623853
A_HA_H5	494	110	G	6	0	109	24.8440366972477
A_HA_H5	495	113	G	3	0	112	20.9017857142857
A_HA_H5	496	112	C	4	0	90	20.6888888888889
A_HA_H5	497	110	T	6	0	107	20.214953271028
A_HA_H5	498	115	T	1	0	111	20.6306306306306
A_HA_H5	499	115	A	1	0	113	20.9115044247788
A_HA_H5	500	116	T	0	0	113	21.8849557522124
A_HA_H5	501	115	C	1	0	111	23.009009009009
A_HA_H5	502	94	A	22	0	93	19.6559139784946
A_HA_H5	503	114	A	2	0	113	19.6548672566372
A_HA_H5	504	115	A	1	0	114	21.5789473684211
A_HA_H5	505	115	A	1	0	113	23.2566371681416
A_HA_H5	506	115	A	1	0	112	22.9017857142857
A_HA_H5	507	114	G	2	0	113	22.2300884955752
A_HA_H5	508	115	A	1	0	113	21.9823008849558
A_HA_H5	509	116	A	0	0	113	21.5486725663717
A_HA_H5	510	116	C	0	0	111	21.6306306306306
A_HA_H5	511	116	G	0	0	115	19.9826086956522
A_HA_H5	512	112	A	4	0	112	20.3928571428571
A_HA_H5	513	114	T	2	0	113	19.6548672566372
A_HA_H5	514	114	G	2	0	114	20.4298245614035
A_HA_H5	515	114	C	2	0	110	20.7454545454545
A_HA_H5	516	116	A	0	0	114	21.3771929824561
A_HA_H5	517	113	T	3	0	110	21.4909090909091
A_HA_H5	518	113	A	3	0	108	21.7592592592593
A_HA_H5	519	112	C	4	0	109	20.2752293577982
A_HA_H5	520	116	C	0	0	113	19.5752212389381
A_HA_H5	521	116	C	0	0	114	19.6929824561403
A_HA_H5	522	116	A	0	0	115	20.6695652173913
A_HA_H5	523	116	A	0	0	114	20.5
A_HA_H5	524	116	C	0	0	114	20.3333333333333
A_HA_H5	525	114	A	2	0	114	20.4298245614035
A_HA_H5	526	114	A	2	0	112	20.375
A_HA_H5	527	113	T	3	0	109	21.4495412844037
A_HA_H5	528	114	A	2	0	113	21.8230088495575
A_HA_H5	529	115	A	1	0	115	21.3304347826087
A_HA_H5	530	116	A	0	0	115	21.3391304347826
A_HA_H5	531	116	G	0	0	115	23.3478260869565
A_HA_H5	532	114	A	2	0	114	23.6140350877193
A_HA_H5	533	115	T	1	0	111	25.3963963963964
A_HA_H5	534	113	A	3	0	112	24.4821428571429
A_HA_H5	535	116	A	0	0	114	22.0350877192982
A_HA_H5	536	115	G	1	0	115	20.1304347826087
A_HA_H5	537	113	C	3	0	113	21.4424778761062
A_HA_H5	538	113	T	3	0	109	22.7339449541284
A_HA_H5	539	114	A	2	0	112	22.0803571428571
A_HA_H5	540	115	C	1	0	111	21.7297297297297
A_HA_H5	541	111	A	5	0	109	22.2477064220184
A_HA_H5	542	113	A	3	0	112	24.8482142857143
A_HA_H5	543	113	T	3	0	107	26.6822429906542
A_HA_H5	544	116	A	0	0	115	25.3304347826087
A_HA_H5	545	116	A	0	0	114	24.7017543859649
A_HA_H5	546	116	T	0	0	113	23.9646017699115
A_HA_H5	547	115	A	1	0	115	22.7739130434783
A_HA_H5	548	113	C	3	0	111	21.9369369369369
A_HA_H5	549	114	C	2	0	111	22.5855855855856
A_HA_H5	550	116	A	0	0	115	23.2521739130435
A_HA_H5	551	116	A	0	0	116	23.5948275862069
A_HA_H5	552	114	T	2	0	114	24.0701754385965
A_HA_H5	553	115	C	1	0	115	21.7304347826087
A_HA_H5	554	103	G	13	0	83	17.6987951807229
A_HA_H5	555	111	G	5	0	109	16.6880733944954
A_HA_H5	556	115	G	1	0	106	16.7735849056604
A_HA_H5	557	115	A	1	0	114	17.3421052631579
A_HA_H5	558	116	A	0	0	114	20.3771929824561
A_HA_H5	559	116	G	0	0	113	20.3451327433628
A_HA_H5	560	116	A	0	0	115	22.1130434782609
A_HA_H5	561	109	T	7	0	108	20.5
A_HA_H5	562	110	C	6	0	110	20.5454545454545
A_HA_H5	563	115	T	1	0	115	21.6
A_HA_H5	564	114	C	2	0	113	21.5221238938053
A_HA_H5	565	110	T	6	0	105	24.8380952380952
A_HA_H5	566	116	T	0	0	112	23.0714285714286
A_HA_H5	567	115	G	1	0	113	23.5575221238938
A_HA_H5	568	115	A	1	0	114	23.2105263157895
A_HA_H5	569	114	T	2	0	113	23.2300884955752
A_HA_H5	570	114	A	2	0	113	22.9823008849558
A_HA_H5	571	113	C	3	0	112	22.3928571428571
A_HA_H5	572	112	T	4	0	112	22.8839285714286
A_HA_H5	573	112	G	4	0	111	22.3873873873874
A_HA_H5	574	113	T	3	0	112	22.0803571428571
A_HA_H5	575	90	G	26	0	88	20.3295454545455
A_HA_H5	576	104	G	12	0	101	20.5049504950495
A_HA_H5	577	114	G	2	0	111	20.981981981982
A_HA_H5	578	115	G	1	0	114	21.280701754386
A_HA_H5	579	112	G	4	0	112	21.4464285714286
A_HA_H5	580	112	A	4	0	112	22.4017857142857
A_HA_H5	581	113	T	3	0	112	22.2410714285714
A_HA_H5	582	115	T	1	0	110	23.5363636363636
A_HA_H5	583	115	C	1	0	112	23.8125
A_HA_H5	584	115	A	1	0	115	23.5826086956522
A_HA_H5	585	116	T	0	0	114	23.4912280701754
A_HA_H5	586	116	C	0	0	115	22.6
A_HA_H5	587	116	A	0	0	116	21.2068965517241
A_HA_H5	588	116	T	0	0	115	22.095652173913
A_HA_H5	589	116	T	0	0	115	22.4521739130435
A_HA_H5	590	115	C	1	0	112	22.1160714285714
A_HA_H5	591	115	C	1	0	113	21.3628318584071
A_HA_H5	592	115	A	1	0	114	20.2543859649123
A_HA_H5	593	115	A	1	0	110	19.8
A_HA_H5	594	114	C	2	0	112	20.25
A_HA_H5	595	114	A	2	0	114	19.4561403508772
A_HA_H5	596	115	A	1	0	113	19.353982300885
A_HA_H5	597	115	T	1	0	114	19.5789473684211
A_HA_H5	598	115	G	1	0	115	19.2608695652174
A_HA_H5	599	116	C	0	0	115	19.9217391304348
A_HA_H5	600	116	A	0	0	115	19.2782608695652
A_HA_H5	601	116	G	0	0	115	17.904347826087
A_HA_H5	602	116	A	0	0	114	19.0614035087719
A_HA_H5	603	116	A	0	0	115	20.3130434782609
A_HA_H5	604	116	G	0	0	114	20.5964912280702
A_HA_H5	605	115	A	1	0	114	22.8771929824561
A_HA_H5	606	114	G	2	0	109	20.651376146789
A_HA_H5	607	115	C	1	0	112	19.6785714285714
A_HA_H5	608	115	A	1	0	113	19.2566371681416
A_HA_H5	609	115	G	1	0	113	17.8849557522124
A_HA_H5	610	115	A	1	0	115	18.2782608695652
A_HA_H5	611	115	C	1	0	112	19.0714285714286
A_HA_H5	612	109	A	7	0	107	19.2990654205607
A_HA_H5	613	114	A	2	0	113	20.3893805309735
A_HA_H5	614	115	A	1	0	112	21.2053571428571
A_HA_H5	615	111	T	5	0	109	22.2477064220184
A_HA_H5	616	97	C	19	0	87	22.8620689655172
A_HA_H5	617	113	T	3	0	108	22.6759259259259
A_HA_H5	618	108	C	8	0	100	26.87
A_HA_H5	619	107	T	9	0	102	27.0196078431373
A_HA_H5	620	108	A	8	0	104	21.1538461538462
A_HA_H5	621	110	C	6	0	107	21.1121495327103
A_HA_H5	622	90	A	26	0	86	20.1511627906977
A_HA_H5	623	108	A	8	0	104	21.1346153846154
A_HA_H5	624	115	A	1	0	114	21.0175438596491
A_HA_H5	625	115	A	1	0	113	21.5752212389381
A_HA_H5	626	113	A	3	0	107	21.9065420560748
A_HA_H5	627	110	C	6	0	103	21.3592233009709
A_HA_H5	628	116	C	0	0	112	20.2589285714286
A_HA_H5	629	115	C	1	0	107	19.3738317757009
A_HA_H5	630	115	A	1	0	115	19.2782608695652
A_HA_H5	631	115	A	1	0	113	19.7345132743363
A_HA_H5	632	114	C	2	0	111	20.2162162162162
A_HA_H5	633	116	C	0	0	109	21.1009174311927
A_HA_H5	634	116	A	0	0	115	20.7217391304348
A_HA_H5	635	114	C	2	0	114	21.8508771929825
A_HA_H5	636	114	C	2	0	111	22.1171171171171
A_HA_H5	637	111	T	5	0	107	21.9439252336449
A_HA_H5	638	110	A	6	0	108	22.1111111111111
A_HA_H5	639	113	C	3	0	110	22.3909090909091
A_HA_H5	640	114	A	2	0	113	21.7610619469027
A_HA_H5	641	113	T	3	0	113	21.8849557522124
A_HA_H5	642	115	T	1	0	114	22.9035087719298
A_HA_H5	643	115	T	1	0	113	23.4690265486726
A_HA_H5	644	113	C	3	0	112	23.9821428571429
A_HA_H5	645	113	A	3	0	112	21.6428571428571
A_HA_H5	646	115	G	1	0	115	21.2608695652174
A_HA_H5	647	116	T	0	0	113	21.8849557522124
A_HA_H5	648	116	T	0	0	113	21.9646017699115
A_HA_H5	649	108	G	8	0	106	21.6603773584906
A_HA_H5	650	116	G	0	0	111	20.5945945945946
A_HA_H5	651	116	A	0	0	114	20.1842105263158
A_HA_H5	652	116	A	0	0	116	20.75
A_HA_H5	653	116	C	0	0	115	21.4521739130435
A_HA_H5	654	115	A	0	0	115	21.495652173913
A_HA_H5	655	115	T	0	0	114	21.7894736842105
A_HA_H5	656	114	C	1	0	113	21.7522123893805
A_HA_H5	657	114	A	1	0	114	21.0964912280702
A_HA_H5	658	114	A	1	0	110	20.4636363636364
A_HA_H5	659	114	C	1	0	114	20.5087719298246
A_HA_H5	660	105	T	10	0	105	21.4380952380952
A_HA_H5	661	111	T	4	0	110	20.9272727272727
A_HA_H5	662	110	T	4	0	108	22.7592592592593
A_HA_H5	663	112	A	2	0	111	23.2792792792793
A_HA_H5	664	113	A	1	0	113	23.6017699115044
A_HA_H5	665	113	A	1	0	113	24.3893805309735
A_HA_H5	666	113	C	1	0	110	24.9090909090909
A_HA_H5	667	114	C	0	0	113	23.7079646017699
A_HA_H5	668	113	A	1	0	112	22.2767857142857
A_HA_H5	669	114	G	0	0	113	20.9026548672566
A_HA_H5	670	113	A	1	0	112	19.6071428571429
A_HA_H5	671	112	G	2	0	110	19.8
A_HA_H5	672	113	G	1	0	111	19
A_HA_H5	673	113	T	1	0	110	17.8818181818182
A_HA_H5	674	112	T	2	0	111	18.5945945945946
A_HA_H5	675	111	G	3	0	111	19.4054054054054
A_HA_H5	676	112	G	2	0	111	19.2882882882883
A_HA_H5	677	112	C	2	0	110	19.6545454545455
A_HA_H5	678	114	A	0	0	114	19.6666666666667
A_HA_H5	679	112	C	2	0	112	19.6160714285714
A_HA_H5	680	113	C	1	0	113	18.5840707964602
A_HA_H5	681	98	A	16	0	97	19.2164948453608
A_HA_H5	682	114	A	0	0	114	19.3421052631579
A_HA_H5	683	114	A	0	0	114	20.2280701754386
A_HA_H5	684	114	A	0	0	113	21.7699115044248
A_HA_H5	685	112	A	2	0	110	20.6272727272727
A_HA_H5	686	111	T	3	0	109	20.4220183486239
A_HA_H5	687	114	A	0	0	112	19.6785714285714
A_HA_H5	688	111	G	3	0	102	19.3039215686275
A_HA_H5	689	112	C	2	0	109	18.6146788990826
A_HA_H5	690	113	T	1	0	111	18.6306306306306
A_HA_H5	691	114	A	0	0	111	19.1531531531532
A_HA_H5	692	114	C	0	0	112	20.7767857142857
A_HA_H5	693	112	T	2	0	110	20.9272727272727
A_HA_H5	694	110	A	4	0	110	21.3818181818182
A_HA_H5	695	113	G	1	0	111	20.8558558558559
A_HA_H5	696	114	A	0	0	113	20.6283185840708
A_HA_H5	697	114	T	0	0	114	20.8070175438597
A_HA_H5	698	111	C	3	0	111	20.3423423423423
A_HA_H5	699	113	C	1	0	113	20.9380530973451
A_HA_H5	700	114	C	0	0	109	20.4220183486239
A_HA_H5	701	112	A	2	0	112	20.7767857142857
A_HA_H5	702	112	A	2	0	112	20.8571428571429
A_HA_H5	703	112	G	2	0	111	20.8738738738739
A_HA_H5	704	111	T	2	0	104	21.3942307692308
A_HA_H5	705	110	A	3	0	106	21.6792452830189
A_HA_H5	706	113	A	0	0	112	21.0535714285714
A_HA_H5	707	113	A	0	0	112	21.6964285714286
A_HA_H5	708	112	C	1	0	108	19.8611111111111
A_HA_H5	709	111	G	2	0	108	17.8796296296296
A_HA_H5	710	113	G	0	0	112	18.1875
A_HA_H5	711	113	G	0	0	112	18.2767857142857
A_HA_H5	712	113	C	0	0	113	18.3097345132743
A_HA_H5	713	113	A	0	0	113	20.2654867256637
A_HA_H5	714	113	A	0	0	113	20.4159292035398
A_HA_H5	715	110	C	3	0	107	20.5327102803738
A_HA_H5	716	110	G	3	0	106	19.3584905660377
A_HA_H5	717	108	T	5	0	108	19.0740740740741
A_HA_H5	718	104	G	9	0	103	19.5145631067961
A_HA_H5	719	110	G	3	0	107	19.1401869158878
A_HA_H5	720	110	A	3	0	108	20.8333333333333
A_HA_H5	721	112	A	1	0	110	22.0545454545455
A_HA_H5	722	113	G	0	0	111	21.1081081081081
A_HA_H5	723	112	A	1	0	111	21.0630630630631
A_HA_H5	724	113	A	0	0	111	20.990990990991
A_HA_H5	725	113	T	0	0	113	20.7433628318584
A_HA_H5	726	109	G	4	0	108	21.537037037037
A_HA_H5	727	112	G	1	0	112	21.0089285714286
A_HA_H5	728	113	A	0	0	113	21.7964601769912
A_HA_H5	729	113	C	0	0	109	22.2385321100917
A_HA_H5	730	109	T	4	0	109	22.9908256880734
A_HA_H5	731	108	T	5	0	108	23.25
A_HA_H5	732	100	C	13	0	100	23.26
A_HA_H5	733	111	T	2	0	110	23.4545454545455
A_HA_H5	734	112	T	1	0	111	23.4504504504505
A_HA_H5	735	112	C	1	0	112	23.5803571428571
A_HA_H5	736	110	T	3	0	106	23.6981132075472
A_HA_H5	737	93	G	20	0	88	23.9431818181818
A_HA_H5	738	112	G	1	0	112	23.6517857142857
A_HA_H5	739	112	A	1	0	112	23.8660714285714
A_HA_H5	740	112	C	1	0	110	24.5727272727273
A_HA_H5	741	113	A	0	0	113	23.2920353982301
A_HA_H5	742	112	A	1	0	111	23.6486486486486
A_HA_H5	743	110	T	3	0	110	23.4818181818182
A_HA_H5	744	112	C	1	0	112	23.7678571428571
A_HA_H5	745	110	T	3	0	107	23.803738317757
A_HA_H5	746	111	T	2	0	107	22.6168224299065
A_HA_H5	747	106	A	7	0	105	23.1428571428571
A_HA_H5	748	113	A	0	0	113	22.6194690265487
A_HA_H5	749	113	A	0	0	113	23.1858407079646
A_HA_H5	750	113	A	0	0	111	23.5225225225225
A_HA_H5	751	111	C	2	0	110	22.6363636363636
A_HA_H5	752	112	C	1	0	108	20.8518518518519
A_HA_H5	753	112	A	1	0	111	20.7027027027027
A_HA_H5	754	111	G	2	0	111	21.4684684684685
A_HA_H5	755	112	A	1	0	112	23.4821428571429
A_HA_H5	756	112	T	1	0	112	24.0267857142857
A_HA_H5	757	113	G	0	0	113	23
A_HA_H5	758	113	A	0	0	111	22.6306306306306
A_HA_H5	759	113	T	0	0	113	22.6725663716814
A_HA_H5	760	113	G	0	0	110	21.4545454545455
A_HA_H5	761	113	C	0	0	111	21.9099099099099
A_HA_H5	762	113	A	0	0	112	22.0178571428571
A_HA_H5	763	113	A	0	0	112	22.0357142857143
A_HA_H5	764	113	T	0	0	112	23.0446428571429
A_HA_H5	765	111	C	2	0	110	24.2636363636364
A_HA_H5	766	112	C	1	0	109	23.256880733945
A_HA_H5	767	112	A	1	0	110	22.2090909090909
A_HA_H5	768	112	T	1	0	109	21.4495412844037
A_HA_H5	769	112	T	1	0	110	22.8727272727273
A_HA_H5	770	112	T	1	0	110	23.2363636363636
A_HA_H5	771	112	C	1	0	110	23.0636363636364
A_HA_H5	772	111	G	2	0	106	20.9905660377358
A_HA_H5	773	111	A	2	0	111	20.6936936936937
A_HA_H5	774	111	G	2	0	110	20.5545454545455
A_HA_H5	775	110	A	3	0	110	20.5636363636364
A_HA_H5	776	112	G	1	0	112	20.3839285714286
A_HA_H5	777	110	T	3	0	109	19.2477064220184
A_HA_H5	778	113	A	0	0	113	20.6637168141593
A_HA_H5	779	113	A	0	0	113	21.5929203539823
A_HA_H5	780	113	T	0	0	113	22.4601769911504
A_HA_H5	781	112	G	1	0	112	23.7946428571429
A_HA_H5	782	110	G	3	0	108	23.1018518518519
A_HA_H5	783	110	A	3	0	110	22.6545454545455
A_HA_H5	784	109	A	4	0	107	23.1775700934579
A_HA_H5	785	108	A	5	0	107	23.4953271028037
A_HA_H5	786	109	T	4	0	108	21.8611111111111
A_HA_H5	787	111	T	2	0	109	22
A_HA_H5	788	112	T	1	0	108	21.5925925925926
A_HA_H5	789	113	C	0	0	110	22.9363636363636
A_HA_H5	790	112	A	1	0	110	23.4181818181818
A_HA_H5	791	113	T	0	0	110	23.3818181818182
A_HA_H5	792	113	T	0	0	113	24.1238938053097
A_HA_H5	793	113	G	0	0	108	21.7777777777778
A_HA_H5	794	112	C	1	0	109	24.8348623853211
A_HA_H5	795	113	T	0	0	111	24.3153153153153
A_HA_H5	796	104	C	9	0	103	23.9708737864078
A_HA_H5	797	112	C	1	0	111	20.3783783783784
A_HA_H5	798	110	A	3	0	110	18.9181818181818
A_HA_H5	799	112	G	1	0	111	19.1081081081081
A_HA_H5	800	112	A	1	0	112	21.8660714285714
A_HA_H5	801	112	A	1	0	112	23.8571428571429
A_HA_H5	802	112	T	1	0	112	23.3392857142857
A_HA_H5	803	113	A	0	0	113	24.5398230088496
A_HA_H5	804	113	T	0	0	111	24.2972972972973
A_HA_H5	805	113	G	0	0	111	22.3873873873874
A_HA_H5	806	113	C	0	0	111	21.6666666666667
A_HA_H5	807	113	A	0	0	112	20.8125
A_HA_H5	808	113	T	0	0	112	19.9196428571429
A_HA_H5	809	107	A	6	0	104	21.6923076923077
A_HA_H5	810	108	C	5	0	106	21.2169811320755
A_HA_H5	811	105	A	8	0	104	20.6730769230769
A_HA_H5	812	113	A	0	0	113	20.6371681415929
A_HA_H5	813	113	A	0	0	112	21.5089285714286
A_HA_H5	814	113	A	0	0	111	22.9369369369369
A_HA_H5	815	113	T	0	0	112	21.9107142857143
A_HA_H5	816	113	T	0	0	113	22.3185840707965
A_HA_H5	817	113	G	0	0	112	21.7857142857143
A_HA_H5	818	113	T	0	0	110	21.9090909090909
A_HA_H5	819	112	C	1	0	110	21.3636363636364
A_HA_H5	820	110	A	3	0	108	19.5555555555556
A_HA_H5	821	111	A	2	0	109	18.4495412844037
A_HA_H5	822	111	G	2	0	111	17.2882882882883
A_HA_H5	823	106	A	7	0	105	19.7428571428571
A_HA_H5	824	112	A	1	0	111	19.963963963964
A_HA_H5	825	110	A	3	0	109	18.3119266055046
A_HA_H5	826	91	G	22	0	89	19.5842696629213
A_HA_H5	827	106	G	7	0	102	18.6176470588235
A_HA_H5	828	112	G	1	0	112	19.4910714285714
A_HA_H5	829	112	G	1	0	111	19.2252252252252
A_HA_H5	830	112	A	1	0	112	19.4375
A_HA_H5	831	112	C	1	0	111	19.9369369369369
A_HA_H5	832	112	T	1	0	109	20.6238532110092
A_HA_H5	833	112	C	1	0	106	20.7924528301887
A_HA_H5	834	113	A	0	0	112	19.7589285714286
A_HA_H5	835	113	A	0	0	107	18.9719626168224
A_HA_H5	836	113	C	0	0	109	19.3761467889908
A_HA_H5	837	112	A	1	0	112	19.7678571428571
A_HA_H5	838	113	A	0	0	113	19.8230088495575
A_HA_H5	839	112	T	1	0	111	22.5225225225225
A_HA_H5	840	112	T	1	0	112	24.0089285714286
A_HA_H5	841	111	A	2	0	111	21.7027027027027
A_HA_H5	842	111	T	2	0	110	21.8090909090909
A_HA_H5	843	112	G	1	0	112	21.4375
A_HA_H5	844	102	A	11	0	101	22.1485148514851
A_HA_H5	845	113	A	0	0	113	21.8849557522124
A_HA_H5	846	113	A	0	0	113	22.0530973451327
A_HA_H5	847	113	A	0	0	113	22.4867256637168
A_HA_H5	848	111	G	2	0	109	22.2844036697248
A_HA_H5	849	110	T	3	0	110	20.7
A_HA_H5	850	106	G	7	0	103	21.8932038834951
A_HA_H5	851	111	G	2	0	110	21.5909090909091
A_HA_H5	852	109	A	4	0	109	21.9357798165138
A_HA_H5	853	108	G	5	0	106	21.6981132075472
A_HA_H5	854	101	T	12	0	97	22.0103092783505
A_HA_H5	855	110	G	3	0	108	22.0185185185185
A_HA_H5	856	112	G	1	0	111	22.7927927927928
A_HA_H5	857	112	A	1	0	111	23.018018018018
A_HA_H5	858	112	A	1	0	111	23.036036036036
A_HA_H5	859	112	T	1	0	109	22.7706422018349
A_HA_H5	860	112	A	1	0	110	22.8090909090909
A_HA_H5	861	111	T	2	0	111	24
A_HA_H5	862	109	G	4	0	109	21.605504587156
A_HA_H5	863	113	G	0	0	112	21.5535714285714
A_HA_H5	864	113	C	0	0	110	21.4
A_HA_H5	865	111	C	2	0	110	21.5363636363636
A_HA_H5	866	111	A	2	0	110	21.3909090909091
A_HA_H5	867	113	C	0	0	110	21.2545454545455
A_HA_H5	868	112	T	1	0	111	20.8828828828829
A_HA_H5	869	113	G	0	0	110	20.3363636363636
A_HA_H5	870	111	C	2	0	107	21.1495327102804
A_HA_H5	871	109	A	4	0	106	21.3301886792453
A_HA_H5	872	110	A	3	0	107	19.607476635514
A_HA_H5	873	111	C	2	0	108	19.3055555555556
A_HA_H5	874	110	A	3	0	109	17.4678899082569
A_HA_H5	875	111	C	2	0	109	16.8807339449541
A_HA_H5	876	113	C	0	0	109	17.2293577981651
A_HA_H5	877	112	A	1	0	111	16.7387387387387
A_HA_H5	878	112	A	1	0	112	17.0714285714286
A_HA_H5	879	112	A	1	0	111	17.8558558558559
A_HA_H5	880	112	T	1	0	110	19.7545454545455
A_HA_H5	881	112	G	1	0	108	19.0925925925926
A_HA_H5	882	112	T	1	0	111	18.009009009009
A_HA_H5	883	113	C	0	0	112	18.0357142857143
A_HA_H5	884	111	A	2	0	110	17.1818181818182
A_HA_H5	885	113	A	0	0	113	17.7256637168142
A_HA_H5	886	111	A	2	0	110	17.6181818181818
A_HA_H5	887	108	C	5	0	104	17.8269230769231
A_HA_H5	888	112	C	1	0	111	16.9459459459459
A_HA_H5	889	112	C	1	0	112	17.3125
A_HA_H5	890	111	C	2	0	109	17.9816513761468
A_HA_H5	891	110	A	3	0	107	18.2710280373832
A_HA_H5	892	106	G	7	0	106	17.8207547169811
A_HA_H5	893	110	T	3	0	109	18.394495412844
A_HA_H5	894	111	A	2	0	109	20.1651376146789
A_HA_H5	895	106	G	7	0	105	19.9047619047619
A_HA_H5	896	111	G	2	0	111	20.0810810810811
A_HA_H5	897	111	A	2	0	111	20.0990990990991
A_HA_H5	898	112	G	1	0	111	19.4504504504505
A_HA_H5	899	112	C	1	0	105	18.8
A_HA_H5	900	113	G	0	0	111	18.9099099099099
A_HA_H5	901	112	A	1	0	112	19.0803571428571
A_HA_H5	902	111	T	2	0	111	20.3963963963964
A_HA_H5	903	104	A	9	0	102	21.4411764705882
A_HA_H5	904	110	A	3	0	110	22.9181818181818
A_HA_H5	905	107	A	6	0	101	23.5940594059406
A_HA_H5	906	106	T	7	0	102	24.6666666666667
A_HA_H5	907	106	T	7	0	103	25.5145631067961
A_HA_H5	908	102	C	11	0	91	25.1978021978022
A_HA_H5	909	110	T	3	0	106	24.0754716981132
A_HA_H5	910	109	A	4	0	106	23.3679245283019
A_HA_H5	911	112	G	1	0	110	22.7818181818182
A_HA_H5	912	111	T	0	0	107	22.2616822429907
A_HA_H5	913	111	A	0	0	111	22.1261261261261
A_HA_H5	914	111	T	0	0	110	22.6545454545455
A_HA_H5	915	111	G	0	0	109	22.2477064220184
A_HA_H5	916	111	C	0	0	110	21.4090909090909
A_HA_H5	917	111	C	0	0	107	21.5794392523364
A_HA_H5	918	111	A	0	0	110	21.2727272727273
A_HA_H5	919	111	T	0	0	111	22.5225225225225
A_HA_H5	920	110	T	1	0	109	23.651376146789
A_HA_H5	921	110	C	1	0	110	23.3545454545455
A_HA_H5	922	110	C	1	0	109	20.5137614678899
A_HA_H5	923	110	A	1	0	109	19.7247706422018
A_HA_H5	924	110	C	1	0	109	19.4770642201835
A_HA_H5	925	109	A	1	0	109	20.6788990825688
A_HA_H5	926	109	A	1	0	109	19.8715596330275
A_HA_H5	927	106	C	4	0	105	19.5142857142857
A_HA_H5	928	110	A	0	0	109	19.6605504587156
A_HA_H5	929	108	T	2	0	105	19.647619047619
A_HA_H5	930	109	A	1	0	109	19.2477064220184
A_HA_H5	931	109	C	1	0	109	19.6788990825688
A_HA_H5	932	109	A	1	0	109	20.045871559633
A_HA_H5	933	109	T	1	0	108	20.6296296296296
A_HA_H5	934	109	C	1	0	109	21.6880733944954
A_HA_H5	935	107	C	3	0	107	19.7570093457944
A_HA_H5	936	107	T	3	0	107	18.5794392523364
A_HA_H5	937	108	C	2	0	107	17.8317757009346
A_HA_H5	938	109	T	1	0	108	19.8796296296296
A_HA_H5	939	108	C	2	0	108	22.9166666666667
A_HA_H5	940	110	A	0	0	108	19.2962962962963
A_HA_H5	941	110	C	0	0	108	19.9351851851852
A_HA_H5	942	109	C	1	0	105	20.2571428571429
A_HA_H5	943	107	A	3	0	105	20.1714285714286
A_HA_H5	944	108	T	2	0	103	20.0873786407767
A_HA_H5	945	109	T	1	0	109	20.4862385321101
A_HA_H5	946	102	G	8	0	102	19.6764705882353
A_HA_H5	947	108	G	2	0	106	19.4056603773585
A_HA_H5	948	110	G	0	0	108	20.0648148148148
A_HA_H5	949	110	G	0	0	105	21.7047619047619
A_HA_H5	950	109	A	1	0	109	21.7155963302752
A_HA_H5	951	110	A	0	0	109	21.9449541284404
A_HA_H5	952	110	T	0	0	109	22.0183486238532
A_HA_H5	953	108	G	2	0	108	22.5092592592593
A_HA_H5	954	102	C	8	0	102	23.4509803921569
A_HA_H5	955	106	C	4	0	105	22.4095238095238
A_HA_H5	956	107	C	3	0	103	22.1747572815534
A_HA_H5	957	110	C	0	0	102	23.1176470588235
A_HA_H5	958	110	A	0	0	109	21.2293577981651
A_HA_H5	959	110	A	0	0	109	20.8440366972477
A_HA_H5	960	110	A	0	0	109	20.4220183486239
A_HA_H5	961	110	T	0	0	108	21.1574074074074
A_HA_H5	962	109	A	1	0	106	20.1603773584906
A_HA_H5	963	107	C	3	0	104	20.1634615384615
A_HA_H5	964	106	G	4	0	101	19.1188118811881
A_HA_H5	965	108	T	2	0	104	19.2115384615385
A_HA_H5	966	105	G	5	0	104	18.9134615384615
A_HA_H5	967	105	A	5	0	104	18.125
A_HA_H5	968	106	A	4	0	106	17.5943396226415
A_HA_H5	969	110	G	0	0	109	17.6330275229358
A_HA_H5	970	110	T	0	0	109	17.2935779816514
A_HA_H5	971	110	C	0	0	108	18.1481481481481
A_HA_H5	972	109	A	1	0	106	18.2169811320755
A_HA_H5	973	110	A	0	0	108	19.9722222222222
A_HA_H5	974	109	A	1	0	106	19.9811320754717
A_HA_H5	975	109	C	1	0	107	20.1028037383178
A_HA_H5	976	108	A	2	0	106	19.3584905660377
A_HA_H5	977	109	A	1	0	108	19.4074074074074
A_HA_H5	978	109	G	1	0	107	19.2429906542056
A_HA_H5	979	110	T	0	0	106	19.122641509434
A_HA_H5	980	110	T	0	0	110	19.4181818181818
A_HA_H5	981	109	G	1	0	107	19.2429906542056
A_HA_H5	982	110	G	0	0	108	19.5185185185185
A_HA_H5	983	110	T	0	0	108	19.7962962962963
A_HA_H5	984	110	C	0	0	110	20.7727272727273
A_HA_H5	985	109	C	1	0	108	20.6388888888889
A_HA_H5	986	106	T	4	0	103	20.4466019417476
A_HA_H5	987	108	T	2	0	106	21.2075471698113
A_HA_H5	988	107	G	3	0	94	22.1063829787234
A_HA_H5	989	108	C	2	0	92	20.4782608695652
A_HA_H5	990	108	G	2	0	108	19.6851851851852
A_HA_H5	991	108	A	2	0	106	19.2830188679245
A_HA_H5	992	109	C	1	0	106	18.9622641509434
A_HA_H5	993	109	T	1	0	109	19.9174311926606
A_HA_H5	994	103	G	7	0	102	22.7843137254902
A_HA_H5	995	110	G	0	0	107	21.3177570093458
A_HA_H5	996	110	G	0	0	107	21.9252336448598
A_HA_H5	997	109	C	1	0	109	21.5963302752294
A_HA_H5	998	108	T	2	0	107	24.0841121495327
A_HA_H5	999	108	C	2	0	103	26.0582524271845
A_HA_H5	1000	106	A	4	0	103	22.8640776699029
A_HA_H5	1001	108	G	2	0	105	22.5619047619048
A_HA_H5	1002	107	A	3	0	105	24.0285714285714
A_HA_H5	1003	108	A	2	0	107	26.5140186915888
A_HA_H5	1004	108	A	2	0	107	27.214953271028
A_HA_H5	1005	108	T	2	0	105	25.7714285714286
A_HA_H5	1006	110	A	0	0	108	26.1018518518519
A_HA_H5	1007	105	G	5	0	103	24.0873786407767
A_HA_H5	1008	110	T	0	0	109	22.6330275229358
A_HA_H5	1009	107	C	3	0	107	23.6915887850467
A_HA_H5	1010	110	C	0	0	110	22.4545454545455
A_HA_H5	1011	109	T	1	0	106	21.7547169811321
A_HA_H5	1012	110	C	0	0	108	22.2037037037037
A_HA_H5	1013	105	T	5	0	102	22.9411764705882
A_HA_H5	1014	109	A	1	0	106	23.1792452830189
A_HA_H5	1015	105	A	5	0	104	22.8461538461538
A_HA_H5	1016	104	G	6	0	104	21.2980769230769
A_HA_H5	1017	106	A	3	0	106	22.3301886792453
A_HA_H5	1018	103	G	6	0	102	24.1176470588235
A_HA_H5	1019	94	A	15	0	94	22.9468085106383
A_HA_H5	1020	105	A	4	0	103	18.3495145631068
A_HA_H5	1021	103	A	6	0	102	18.4509803921569
A_HA_H5	1022	100	A	9	0	99	17.3232323232323
A_HA_H5	1023	99	G	10	0	99	18.6767676767677
A_HA_H5	1024	102	A	6	0	101	20.6435643564356
A_HA_H5	1025	100	G	8	0	100	22.44
A_HA_H5	1026	100	A	8	0	99	20.989898989899
A_HA_H5	1027	105	A	3	0	104	19.6153846153846
A_HA_H5	1028	105	G	3	0	105	19.1142857142857
A_HA_H5	1029	94	A	14	0	92	19.4673913043478
A_HA_H5	1030	105	A	3	0	105	19.9142857142857
A_HA_H5	1031	108	A	0	0	108	20.4074074074074
A_HA_H5	1032	108	A	0	0	107	22.7757009345794
A_HA_H5	1033	107	A	1	0	106	21.0377358490566
A_HA_H5	1034	107	G	1	0	107	21.4766355140187
A_HA_H5	1035	108	A	0	0	108	22.5740740740741
A_HA_H5	1036	106	G	2	0	105	20.6190476190476
A_HA_H5	1037	108	G	0	0	107	19.4205607476636
A_HA_H5	1038	107	C	1	0	106	19.622641509434
A_HA_H5	1039	107	C	1	0	104	19.7115384615385
A_HA_H5	1040	107	T	1	0	105	20.952380952381
A_HA_H5	1041	108	G	0	0	108	21.6851851851852
A_HA_H5	1042	108	T	0	0	106	22.8207547169811
A_HA_H5	1043	108	T	0	0	107	23.2056074766355
A_HA_H5	1044	108	T	0	0	107	23.0093457943925
A_HA_H5	1045	107	G	1	0	106	22.3301886792453
A_HA_H5	1046	108	G	0	0	104	21.4326923076923
A_HA_H5	1047	108	G	0	0	104	20.9711538461538
A_HA_H5	1048	107	G	1	0	105	21.4285714285714
A_HA_H5	1049	105	C	3	0	101	20.7920792079208
A_HA_H5	1050	106	G	2	0	106	19.1698113207547
A_HA_H5	1051	106	A	2	0	105	19.2952380952381
A_HA_H5	1052	106	T	2	0	102	19.7549019607843
A_HA_H5	1053	112	A	4	0	109	18.5688073394495
A_HA_H5	1054	114	G	2	0	113	18.6991150442478
A_HA_H5	1055	113	C	3	0	111	19.1171171171171
A_HA_H5	1056	115	A	1	0	111	19.7567567567568
A_HA_H5	1057	111	G	5	0	110	18.9090909090909
A_HA_H5	1058	115	G	1	0	115	18.6608695652174
A_HA_H5	1059	117	G	0	0	116	19.4137931034483
A_HA_H5	1060	115	T	2	0	113	18.4601769911504
A_HA_H5	1061	117	T	0	0	116	19.6724137931034
A_HA_H5	1062	115	T	2	0	114	21.0877192982456
A_HA_H5	1063	115	A	2	0	113	22.1769911504425
A_HA_H5	1064	117	T	0	0	113	21.787610619469
A_HA_H5	1065	116	A	1	0	115	20.8608695652174
A_HA_H5	1066	112	G	4	0	112	19.75
A_HA_H5	1067	112	A	4	0	112	19.1071428571429
A_HA_H5	1068	104	G	12	0	104	20.1153846153846
A_HA_H5	1069	112	G	4	0	109	19.6238532110092
A_HA_H5	1070	113	G	3	0	113	19.3008849557522
A_HA_H5	1071	113	A	3	0	112	18.9821428571429
A_HA_H5	1072	113	G	3	0	112	20.7410714285714
A_HA_H5	1073	114	G	2	0	114	21.1842105263158
A_HA_H5	1074	113	A	3	0	113	20.0619469026549
A_HA_H5	1075	114	T	2	0	111	20.6666666666667
A_HA_H5	1076	109	G	7	0	108	21.1203703703704
A_HA_H5	1077	111	G	6	0	110	20.9727272727273
A_HA_H5	1078	109	C	8	0	101	21.1881188118812
A_HA_H5	1079	112	A	5	0	107	19.0747663551402
A_HA_H5	1080	108	G	9	0	105	17.8095238095238
A_HA_H5	1081	114	G	3	0	110	17.7909090909091
A_HA_H5	1082	115	G	2	0	113	19.4513274336283
A_HA_H5	1083	115	A	2	0	110	20.6727272727273
A_HA_H5	1084	117	A	0	0	115	21.4260869565217
A_HA_H5	1085	117	T	0	0	112	20.6875
A_HA_H5	1086	115	G	2	0	114	21.4385964912281
A_HA_H5	1087	117	G	0	0	117	20.8632478632479
A_HA_H5	1088	116	T	1	0	106	20.7830188679245
A_HA_H5	1089	116	T	0	0	114	20.7280701754386
A_HA_H5	1090	116	G	0	0	116	20.8706896551724
A_HA_H5	1091	116	A	0	0	116	22.051724137931
A_HA_H5	1092	114	T	2	0	113	22.3716814159292
A_HA_H5	1093	114	G	2	0	111	21.4324324324324
A_HA_H5	1094	115	G	1	0	112	20.3214285714286
A_HA_H5	1095	115	T	1	0	110	18.6909090909091
A_HA_H5	1096	116	T	0	0	114	18.8245614035088
A_HA_H5	1097	115	G	1	0	112	19.0714285714286
A_HA_H5	1098	114	G	2	0	111	19.4414414414414
A_HA_H5	1099	113	T	3	0	105	19.0095238095238
A_HA_H5	1100	113	A	3	0	110	19.3909090909091
A_HA_H5	1101	111	T	5	0	101	19.8910891089109
A_HA_H5	1102	112	G	4	0	108	19.2592592592593
A_HA_H5	1103	116	G	0	0	114	19.1666666666667
A_HA_H5	1104	116	G	0	0	116	18.2844827586207
A_HA_H5	1105	116	T	0	0	112	18.25
A_HA_H5	1106	116	A	0	0	113	18.8053097345133
A_HA_H5	1107	113	C	2	0	111	18.7387387387387
A_HA_H5	1108	114	C	1	0	112	19.2053571428571
A_HA_H5	1109	114	A	1	0	114	18.8684210526316
A_HA_H5	1110	113	T	2	0	111	18.9369369369369
A_HA_H5	1111	114	C	1	0	111	19.3873873873874
A_HA_H5	1112	114	A	1	0	110	17.9636363636364
A_HA_H5	1113	114	T	1	0	113	16.8318584070796
A_HA_H5	1114	117	A	1	0	113	16.5663716814159
A_HA_H5	1115	113	G	5	0	112	15.9821428571429
A_HA_H5	1116	117	C	1	0	112	17.3392857142857
A_HA_H5	1117	117	A	1	0	117	17.3504273504273
A_HA_H5	1118	117	A	1	0	116	17.9051724137931
A_HA_H5	1119	115	T	3	0	113	18.1150442477876
A_HA_H5	1120	116	G	2	0	113	18.1504424778761
A_HA_H5	1121	287	A	2	0	287	20.191637630662
A_HA_H5	1122	285	G	4	0	284	20.7253521126761
A_HA_H5	1123	292	C	2	0	290	18.9965517241379
A_HA_H5	1124	297	A	1	0	296	17.9628378378378
A_HA_H5	1125	228	G	74	0	225	16.7333333333333
A_HA_H5	1126	290	G	15	0	287	16.8432055749129
A_HA_H5	1127	304	G	3	0	299	17.3578595317726
A_HA_H5	1128	305	G	9	0	302	17.1490066225166
A_HA_H5	1129	314	A	11	0	313	17.6325878594249
A_HA_H5	1130	302	G	23	0	300	17.4733333333333
A_HA_H5	1131	294	T	31	0	288	17.0347222222222
A_HA_H5	1132	307	G	20	0	298	18.2013422818792
A_HA_H5	1133	322	G	7	0	320	19.053125
A_HA_H5	1134	321	G	8	0	316	18.496835443038
A_HA_H5	1135	318	T	11	0	304	18.6348684210526
A_HA_H5	1136	320	A	9	0	313	19.1597444089457
A_HA_H5	1137	320	C	9	0	301	18.9933554817276
A_HA_H5	1138	318	G	12	0	312	18.8333333333333
A_HA_H5	1139	322	C	9	0	310	18.6935483870968
A_HA_H5	1140	320	T	11	0	311	18.9742765273312
A_HA_H5	1141	319	G	12	0	311	19.5980707395498
A_HA_H5	1142	322	C	10	0	302	19.6059602649007
A_HA_H5	1143	324	G	8	0	308	18.6136363636364
A_HA_H5	1144	331	G	1	0	329	18.6261398176292
A_HA_H5	1145	332	A	0	0	329	19.4772036474164
A_HA_H5	1146	331	C	1	0	324	20.3796296296296
A_HA_H5	1147	317	A	15	0	314	20.0286624203822
A_HA_H5	1148	328	A	4	0	326	20.3036809815951
A_HA_H5	1149	324	A	8	0	317	19.3091482649842
A_HA_H5	1150	324	G	8	0	318	20.2358490566038
A_HA_H5	1151	323	A	9	0	320	19.59375
A_HA_H5	1152	327	A	5	0	321	19.8317757009346
A_HA_H5	1153	320	T	11	0	311	19.9003215434084
A_HA_H5	1154	315	C	16	0	302	20.9105960264901
A_HA_H5	1155	320	C	11	0	300	20.58
A_HA_H5	1156	318	A	13	0	307	19.7100977198697
A_HA_H5	1157	304	C	27	0	281	20.8825622775801
A_HA_H5	1158	319	C	12	0	287	21.4564459930314
A_HA_H5	1159	316	C	15	0	264	20.4204545454545
A_HA_H5	1160	279	A	52	0	253	20.8221343873518
A_HA_H5	1161	322	A	9	0	314	21.6528662420382
A_HA_H5	1162	327	A	4	0	316	21.9177215189873
A_HA_H5	1163	326	A	4	0	317	23.1009463722397
A_HA_H5	1164	325	G	5	0	318	24.5943396226415
A_HA_H5	1165	328	G	2	0	324	22.2592592592593
A_HA_H5	1166	329	C	1	0	317	21.5173501577287
A_HA_H5	1167	313	A	18	0	309	21.5016181229773
A_HA_H5	1168	328	A	3	0	319	22.8275862068966
A_HA_H5	1169	327	T	4	0	294	24.1428571428571
A_HA_H5	1170	329	A	2	0	325	23.4061538461538
A_HA_H5	1171	328	G	3	0	324	23.0308641975309
A_HA_H5	1172	330	A	1	0	329	22.6048632218845
A_HA_H5	1173	327	T	4	0	326	22.9233128834356
A_HA_H5	1174	318	G	13	0	296	22.8344594594595
A_HA_H5	1175	328	G	3	0	324	22.2685185185185
A_HA_H5	1176	318	A	12	0	316	21.0822784810127
A_HA_H5	1177	325	G	5	0	322	20.5341614906832
A_HA_H5	1178	315	T	15	0	308	20.4448051948052
A_HA_H5	1179	318	T	12	0	309	21.6537216828479
A_HA_H5	1180	316	A	14	0	308	21.6655844155844
A_HA_H5	1181	326	C	4	0	305	22.1704918032787
A_HA_H5	1182	327	C	3	0	315	21.7619047619048
A_HA_H5	1183	319	A	11	0	317	21.7760252365931
A_HA_H5	1184	329	A	1	0	322	22.1863354037267
A_HA_H5	1185	328	T	2	0	302	22.7814569536424
A_HA_H5	1186	320	A	10	0	314	21.6210191082803
A_HA_H5	1187	326	A	4	0	323	20.1300309597523
A_HA_H5	1188	320	G	10	0	314	18.875796178344
A_HA_H5	1189	324	G	6	0	313	20.5335463258786
A_HA_H5	1190	326	T	4	0	317	19.8296529968454
A_HA_H5	1191	329	C	1	0	322	20.4658385093168
A_HA_H5	1192	327	A	3	0	323	20.2321981424149
A_HA_H5	1193	328	A	2	0	317	19.9022082018927
A_HA_H5	1194	321	C	9	0	316	20.0601265822785
A_HA_H5	1195	325	T	5	0	318	19.9088050314465
A_HA_H5	1196	327	C	3	0	322	20.1863354037267
A_HA_H5	1197	327	A	3	0	325	20.9261538461538
A_HA_H5	1198	327	A	3	0	324	21.0462962962963
A_HA_H5	1199	326	T	4	0	317	21.8769716088328
A_HA_H5	1200	324	C	6	0	317	22.4921135646688
A_HA_H5	1201	324	A	6	0	319	21.0376175548589
A_HA_H5	1202	327	T	3	0	312	21.6442307692308
A_HA_H5	1203	328	T	2	0	322	21.8819875776398
A_HA_H5	1204	330	G	0	0	324	21.5956790123457
A_HA_H5	1205	329	A	1	0	320	22.240625
A_HA_H5	1206	329	C	1	0	318	22.0786163522013
A_HA_H5	1207	312	A	18	0	308	22.0292207792208
A_HA_H5	1208	327	A	3	0	326	21.9509202453988
A_HA_H5	1209	328	A	2	0	327	22.2660550458716
A_HA_H5	1210	329	A	1	0	323	24.6904024767802
A_HA_H5	1211	327	T	3	0	319	23.2633228840125
A_HA_H5	1212	324	G	5	0	314	20.2197452229299
A_HA_H5	1213	326	A	3	0	315	20.6603174603175
A_HA_H5	1214	324	A	5	0	317	20.7981072555205
A_HA_H5	1215	322	C	7	0	314	21.1019108280255
A_HA_H5	1216	319	A	10	0	315	20.9015873015873
A_HA_H5	1217	321	C	8	0	317	21.6750788643533
A_HA_H5	1218	318	T	11	0	316	21.5886075949367
A_HA_H5	1219	316	C	13	0	313	21.8626198083067
A_HA_H5	1220	326	A	3	0	324	21.4259259259259
A_HA_H5	1221	326	A	3	0	325	20.8184615384615
A_HA_H5	1222	316	T	13	0	312	22.8782051282051
A_HA_H5	1223	328	T	1	0	322	23.8819875776398
A_HA_H5	1224	329	T	0	0	322	24.1149068322981
A_HA_H5	1225	326	G	3	0	322	23.276397515528
A_HA_H5	1226	326	A	3	0	323	22.359133126935
A_HA_H5	1227	324	G	5	0	317	21.416403785489
A_HA_H5	1228	327	G	2	0	320	22.65625
A_HA_H5	1229	326	C	3	0	316	22.4398734177215
A_HA_H5	1230	327	A	2	0	322	22.5683229813665
A_HA_H5	1231	324	G	5	0	318	22.8270440251572
A_HA_H5	1232	324	T	5	0	310	23.7
A_HA_H5	1233	326	T	3	0	319	23.6363636363636
A_HA_H5	1234	307	G	22	0	305	23.655737704918
A_HA_H5	1235	320	G	9	0	310	23.8935483870968
A_HA_H5	1236	321	A	8	0	321	22.8660436137072
A_HA_H5	1237	324	A	5	0	323	23.5634674922601
A_HA_H5	1238	258	G	71	0	245	23.5510204081633
A_HA_H5	1239	321	G	8	0	312	23.0544871794872
A_HA_H5	1240	323	G	6	0	319	21.9717868338558
A_HA_H5	1241	321	A	8	0	320	21.33125
A_HA_H5	1242	326	G	3	0	325	22.2061538461538
A_HA_H5	1243	322	T	7	0	314	23.0764331210191
A_HA_H5	1244	327	T	2	0	324	23.1543209876543
A_HA_H5	1245	326	T	3	0	322	24.6273291925466
A_HA_H5	1246	325	A	4	0	318	26.9937106918239
A_HA_H5	1247	327	A	2	0	316	25.9810126582278
A_HA_H5	1248	327	T	2	0	310	24.9516129032258
A_HA_H5	1249	327	A	2	0	323	25.1424148606811
A_HA_H5	1250	328	A	1	0	314	24.0063694267516
A_HA_H5	1251	325	C	4	0	321	23.1651090342679
A_HA_H5	1252	313	T	16	0	306	22.6633986928105
A_HA_H5	1253	318	T	11	0	309	21.5307443365696
A_HA_H5	1254	315	A	14	0	305	21.2295081967213
A_HA_H5	1255	323	G	6	0	319	20.4200626959248
A_HA_H5	1256	313	A	16	0	307	20.4527687296417
A_HA_H5	1257	325	A	4	0	322	21.1739130434783
A_HA_H5	1258	322	A	7	0	321	20.2056074766355
A_HA_H5	1259	319	G	10	0	314	20.5859872611465
A_HA_H5	1260	324	G	5	0	323	20.3250773993808
A_HA_H5	1261	326	A	3	0	324	19.5802469135802
A_HA_H5	1262	323	G	6	0	319	20.9467084639498
A_HA_H5	1263	327	G	3	0	325	21.7415384615385
A_HA_H5	1264	327	A	3	0	326	20.7423312883436
A_HA_H5	1265	326	T	4	0	312	21.9358974358974
A_HA_H5	1266	318	A	12	0	314	20.5828025477707
A_HA_H5	1267	323	G	7	0	320	19.640625
A_HA_H5	1268	327	A	3	0	324	19.3827160493827
A_HA_H5	1269	314	G	16	0	309	23.8543689320388
A_HA_H5	1270	331	A	0	0	328	19.1036585365854
A_HA_H5	1271	327	A	4	0	323	17.4984520123839
A_HA_H5	1272	322	T	9	0	318	18.5408805031447
A_HA_H5	1273	324	T	7	0	323	21.5696594427245
A_HA_H5	1274	326	T	4	0	319	22.269592476489
A_HA_H5	1275	325	G	5	0	320	22.19375
A_HA_H5	1276	328	A	2	0	320	22.65
A_HA_H5	1277	327	A	3	0	323	22.28173374613
A_HA_H5	1278	326	C	4	0	324	23.5925925925926
A_HA_H5	1279	322	A	8	0	319	23.448275862069
A_HA_H5	1280	327	A	3	0	323	22.9318885448916
A_HA_H5	1281	326	G	4	0	324	20.7901234567901
A_HA_H5	1282	303	A	27	0	303	22.0627062706271
A_HA_H5	1283	329	A	1	0	329	21.8115501519757
A_HA_H5	1284	330	A	0	0	329	21.9331306990881
A_HA_H5	1285	326	A	4	0	325	26.9261538461538
A_HA_H5	1286	324	T	6	0	318	23.4748427672956
A_HA_H5	1287	322	G	8	0	314	23.6273885350318
A_HA_H5	1288	329	G	1	0	324	22.1635802469136
A_HA_H5	1289	327	A	3	0	326	21.1748466257669
A_HA_H5	1290	330	A	0	0	324	20.9228395061728
A_HA_H5	1291	328	G	2	0	325	20.6
A_HA_H5	1292	327	A	3	0	320	21.43125
A_HA_H5	1293	326	C	4	0	307	21.6905537459283
A_HA_H5	1294	318	G	12	0	305	20.6360655737705
A_HA_H5	1295	327	G	3	0	325	21.4830769230769
A_HA_H5	1296	327	A	3	0	326	21.8466257668712
A_HA_H5	1297	327	T	3	0	323	22.3374613003096
A_HA_H5	1298	326	T	4	0	324	23.6141975308642
A_HA_H5	1299	305	C	25	0	297	24.1279461279461
A_HA_H5	1300	324	C	6	0	315	21.7460317460317
A_HA_H5	1301	322	T	8	0	316	20.4208860759494
A_HA_H5	1302	324	A	6	0	317	21.9274447949527
A_HA_H5	1303	328	G	2	0	325	23.0061538461538
A_HA_H5	1304	328	A	2	0	324	24.0740740740741
A_HA_H5	1305	327	T	3	0	322	24.8074534161491
A_HA_H5	1306	328	G	2	0	324	23.6635802469136
A_HA_H5	1307	325	T	5	0	321	23.9345794392523
A_HA_H5	1308	323	C	7	0	306	23.6437908496732
A_HA_H5	1309	324	T	5	0	308	22.8603896103896
A_HA_H5	1310	315	G	13	0	303	22.8976897689769
A_HA_H5	1311	327	G	1	0	322	21.4565217391304
A_HA_H5	1312	328	A	0	0	327	21.7798165137615
A_HA_H5	1313	323	C	5	0	317	21.5015772870662
A_HA_H5	1314	328	C	0	0	323	22.0866873065015
A_HA_H5	1315	325	T	3	0	321	20.613707165109
A_HA_H5	1316	324	A	4	0	323	21.0495356037152
A_HA_H5	1317	325	T	2	0	319	21.7868338557994
A_HA_H5	1318	321	A	6	0	319	21.5548589341693
A_HA_H5	1319	326	A	1	0	319	21.5297805642633
A_HA_H5	1320	323	T	4	0	315	21.7936507936508
A_HA_H5	1321	322	G	5	0	315	21.6285714285714
A_HA_H5	1322	325	C	2	0	299	21.4515050167224
A_HA_H5	1323	325	T	2	0	321	20.9283489096573
A_HA_H5	1324	326	G	1	0	325	20.9784615384615
A_HA_H5	1325	326	A	1	0	325	22.0492307692308
A_HA_H5	1326	326	A	1	0	324	22.4691358024691
A_HA_H5	1327	318	C	9	0	314	23.1847133757962
A_HA_H5	1328	313	T	14	0	308	23.788961038961
A_HA_H5	1329	308	T	19	0	303	24.4026402640264
A_HA_H5	1330	307	C	20	0	297	24.1649831649832
A_HA_H5	1331	317	T	10	0	311	22.4823151125402
A_HA_H5	1332	322	A	5	0	309	21.6763754045307
A_HA_H5	1333	323	G	4	0	316	21.9873417721519
A_HA_H5	1334	326	T	1	0	321	22.4672897196262
A_HA_H5	1335	320	T	7	0	316	22.9177215189873
A_HA_H5	1336	319	C	8	0	316	23.1867088607595
A_HA_H5	1337	326	T	1	0	321	24.4517133956386
A_HA_H5	1338	323	C	4	0	321	23.9688473520249
A_HA_H5	1339	322	A	5	0	317	22.9148264984227
A_HA_H5	1340	325	T	2	0	320	22.946875
A_HA_H5	1341	324	G	3	0	318	22.8993710691824
A_HA_H5	1342	327	G	0	0	322	22.6832298136646
A_HA_H5	1343	316	A	11	0	315	23.1174603174603
A_HA_H5	1344	325	A	2	0	322	24.3664596273292
A_HA_H5	1345	326	A	1	0	324	25.6759259259259
A_HA_H5	1346	324	A	3	0	319	25.1222570532915
A_HA_H5	1347	323	C	4	0	317	23.4700315457413
A_HA_H5	1348	313	G	14	0	296	20.4054054054054
A_HA_H5	1349	320	A	7	0	312	18.8557692307692
A_HA_H5	1350	324	G	3	0	323	18.4241486068111
A_HA_H5	1351	323	A	4	0	321	24.3084112149533
A_HA_H5	1352	314	G	13	0	312	21.8782051282051
A_HA_H5	1353	325	G	2	0	320	20.38125
A_HA_H5	1354	324	A	3	0	320	20.121875
A_HA_H5	1355	322	C	5	0	318	22.4528301886792
A_HA_H5	1356	318	T	9	0	318	23.0283018867925
A_HA_H5	1357	317	C	10	0	307	23.8013029315961
A_HA_H5	1358	314	T	13	0	302	22.3344370860927
A_HA_H5	1359	319	A	8	0	296	21.6317567567568
A_HA_H5	1360	326	G	1	0	320	21.196875
A_HA_H5	1361	322	A	5	0	322	21.0807453416149
A_HA_H5	1362	321	T	6	0	319	21.4043887147335
A_HA_H5	1363	325	T	2	0	324	21.4197530864198
A_HA_H5	1364	324	T	3	0	321	23.3302180685358
A_HA_H5	1365	313	C	14	0	304	25.3618421052632
A_HA_H5	1366	320	C	7	0	313	23.4504792332268
A_HA_H5	1367	319	A	8	0	312	21.6217948717949
A_HA_H5	1368	319	T	8	0	308	21.1298701298701
A_HA_H5	1369	325	G	2	0	324	21.179012345679
A_HA_H5	1370	325	A	2	0	320	21.2875
A_HA_H5	1371	324	T	3	0	319	22.2445141065831
A_HA_H5	1372	325	T	2	0	321	23.2741433021807
A_HA_H5	1373	323	C	3	0	318	22.6477987421384
A_HA_H5	1374	320	A	6	0	318	21.6729559748428
A_HA_H5	1375	324	A	2	0	323	21.390092879257
A_HA_H5	1376	325	A	1	0	321	21.3831775700935
A_HA_H5	1377	324	T	2	0	320	22.15625
A_HA_H5	1378	320	G	6	0	303	21.953795379538
A_HA_H5	1379	323	T	4	0	320	21.36875
A_HA_H5	1380	324	C	3	0	319	21.0752351097179
A_HA_H5	1381	304	A	23	0	299	19.9933110367893
A_HA_H5	1382	324	A	3	0	313	19.0990415335463
A_HA_H5	1383	320	G	7	0	318	18.5974842767296
A_HA_H5	1384	326	A	1	0	323	19.5820433436533
A_HA_H5	1385	325	A	2	0	322	22.1335403726708
A_HA_H5	1386	321	C	6	0	316	21.8069620253165
A_HA_H5	1387	321	C	6	0	314	20.5509554140127
A_HA_H5	1388	287	T	40	0	277	19.7617328519856
A_HA_H5	1389	315	T	12	0	306	20.5261437908497
A_HA_H5	1390	319	T	8	0	307	21.5700325732899
A_HA_H5	1391	322	A	5	0	318	19.9465408805031
A_HA_H5	1392	321	C	6	0	309	18.7702265372168
A_HA_H5	1393	322	G	5	0	317	17.4952681388013
A_HA_H5	1394	325	A	2	0	322	17.5434782608696
A_HA_H5	1395	326	C	1	0	316	17.9620253164557
A_HA_H5	1396	312	A	15	0	307	18.8175895765472
A_HA_H5	1397	326	A	1	0	324	19.8950617283951
A_HA_H5	1398	324	A	3	0	319	18.4921630094044
A_HA_H5	1399	321	G	6	0	314	19.5796178343949
A_HA_H5	1400	323	T	4	0	313	19.1661341853035
A_HA_H5	1401	322	C	5	0	318	19.0125786163522
A_HA_H5	1402	321	A	6	0	306	17.7058823529412
A_HA_H5	1403	322	G	5	0	313	18.038338658147
A_HA_H5	1404	323	A	4	0	318	18.6006289308176
A_HA_H5	1405	323	C	4	0	314	18.484076433121
A_HA_H5	1406	321	T	6	0	311	18.6559485530547
A_HA_H5	1407	318	A	9	0	317	19.4921135646688
A_HA_H5	1408	317	C	10	0	310	19.7032258064516
A_HA_H5	1409	322	A	5	0	312	18.6794871794872
A_HA_H5	1410	325	G	2	0	317	18.3406940063091
A_HA_H5	1411	323	C	4	0	315	18.1746031746032
A_HA_H5	1412	313	T	14	0	311	19.4372990353698
A_HA_H5	1413	319	T	8	0	312	20.0416666666667
A_HA_H5	1414	321	A	6	0	313	20.2811501597444
A_HA_H5	1415	305	G	22	0	297	19.4242424242424
A_HA_H5	1416	321	G	6	0	317	19.2397476340694
A_HA_H5	1417	328	G	0	0	326	20.1042944785276
A_HA_H5	1418	329	A	0	0	326	21.441717791411
A_HA_H5	1419	328	T	1	0	323	22.2260061919505
A_HA_H5	1420	320	A	9	0	315	22.984126984127
A_HA_H5	1421	327	A	2	0	318	23.1603773584906
A_HA_H5	1422	326	T	3	0	319	23.0658307210031
A_HA_H5	1423	326	G	3	0	319	22.9341692789969
A_HA_H5	1424	325	C	4	0	317	22.4952681388013
A_HA_H5	1425	319	A	10	0	315	21.6031746031746
A_HA_H5	1426	326	A	3	0	318	21.1383647798742
A_HA_H5	1427	324	A	5	0	322	20.472049689441
A_HA_H5	1428	319	G	10	0	310	22.1838709677419
A_HA_H5	1429	327	G	2	0	323	20.9009287925697
A_HA_H5	1430	325	A	4	0	319	20.2257053291536
A_HA_H5	1431	329	G	0	0	327	20.0672782874618
A_HA_H5	1432	329	C	0	0	324	20.3024691358025
A_HA_H5	1433	325	T	4	0	319	20.7398119122257
A_HA_H5	1434	298	G	32	0	288	22.1493055555556
A_HA_H5	1435	312	G	17	0	300	22.1133333333333
A_HA_H5	1436	320	G	8	0	316	21.256329113924
A_HA_H5	1437	323	T	8	0	302	21.4139072847682
A_HA_H5	1438	326	A	6	0	321	22.7445482866044
A_HA_H5	1439	329	A	3	0	323	23.3065015479876
A_HA_H5	1440	331	C	1	0	308	22.1558441558442
A_HA_H5	1441	329	G	4	0	311	20.9453376205788
A_HA_H5	1442	331	G	2	0	322	20.7981366459627
A_HA_H5	1443	329	C	4	0	283	20.13074204947
A_HA_H5	1444	325	T	8	0	316	21.6867088607595
A_HA_H5	1445	326	G	7	0	316	23.506329113924
A_HA_H5	1446	322	T	11	0	297	23.5892255892256
A_HA_H5	1447	328	T	5	0	313	23.7060702875399
A_HA_H5	1448	324	T	9	0	308	22.2727272727273
A_HA_H5	1449	310	C	23	0	273	22.1794871794872
A_HA_H5	1450	326	G	8	0	311	19.3183279742765
A_HA_H5	1451	332	A	2	0	324	18.9845679012346
A_HA_H5	1452	329	A	5	0	326	19.5858895705521
A_HA_H5	1453	327	T	7	0	323	20.5665634674923
A_HA_H5	1454	330	T	4	0	325	21.7323076923077
A_HA_H5	1455	309	C	25	0	299	24.2876254180602
A_HA_H5	1456	326	T	7	0	319	23.9467084639498
A_HA_H5	1457	331	A	2	0	328	23.234756097561
A_HA_H5	1458	333	T	0	0	329	23.951367781155
A_HA_H5	1459	330	C	4	0	329	24.3161094224924
A_HA_H5	1460	333	A	1	0	323	22.2043343653251
A_HA_H5	1461	334	C	0	0	327	21.7492354740061
A_HA_H5	1462	331	A	4	0	329	21.6261398176292
A_HA_H5	1463	336	A	0	0	334	21.7305389221557
A_HA_H5	1464	336	A	0	0	333	22.3453453453453
A_HA_H5	1465	332	T	4	0	328	23.3506097560976
A_HA_H5	1466	332	G	4	0	331	22.5468277945619
A_HA_H5	1467	329	T	7	0	321	22.785046728972
A_HA_H5	1468	334	G	2	0	331	22.3262839879154
A_HA_H5	1469	333	A	4	0	329	22.8145896656535
A_HA_H5	1470	332	T	4	0	324	24.6141975308642
A_HA_H5	1471	332	A	4	0	328	24.155487804878
A_HA_H5	1472	336	A	0	0	331	23.5649546827795
A_HA_H5	1473	336	T	0	0	326	23.7484662576687
A_HA_H5	1474	336	G	0	0	330	23.1848484848485
A_HA_H5	1475	336	A	0	0	333	23.3633633633634
A_HA_H5	1476	335	A	2	0	334	23.7245508982036
A_HA_H5	1477	337	T	4	0	332	24.8734939759036
A_HA_H5	1478	336	G	5	0	332	24.6234939759036
A_HA_H5	1479	331	T	10	0	328	24.0670731707317
A_HA_H5	1480	340	A	7	0	338	24.1775147928994
A_HA_H5	1481	342	T	5	0	330	24.5151515151515
A_HA_H5	1482	335	G	12	0	332	24.1957831325301
A_HA_H5	1483	345	G	3	0	344	22.9040697674419
A_HA_H5	1484	345	A	4	0	344	22.8343023255814
A_HA_H5	1485	349	A	2	0	347	23.3256484149856
A_HA_H5	1486	350	A	1	0	349	23.7593123209169
A_HA_H5	1487	344	G	7	0	342	24.0116959064327
A_HA_H5	1488	339	T	12	0	333	23.3123123123123
A_HA_H5	1489	346	G	5	0	341	23
A_HA_H5	1490	341	T	10	0	332	23.9728915662651
A_HA_H5	1491	333	G	18	0	331	23.8066465256798
A_HA_H5	1492	339	A	13	0	337	22.3590504451039
A_HA_H5	1493	349	G	3	0	347	21.7752161383285
A_HA_H5	1494	347	A	6	0	344	21.1831395348837
A_HA_H5	1495	352	A	1	0	351	21.965811965812
A_HA_H5	1496	348	A	5	0	347	23.6397694524496
A_HA_H5	1497	347	T	7	0	343	23.8571428571429
A_HA_H5	1498	333	G	22	0	329	24.1580547112462
A_HA_H5	1499	352	G	4	0	349	24.4813753581662
A_HA_H5	1500	355	G	2	0	348	23.7557471264368
A_HA_H5	1501	354	A	3	0	353	25.2634560906516
A_HA_H5	1502	354	C	3	0	349	24.7908309455587
A_HA_H5	1503	351	G	6	0	344	23.4273255813953
A_HA_H5	1504	348	T	11	0	323	22.4148606811146
A_HA_H5	1505	359	A	7	0	352	23.3011363636364
A_HA_H5	1506	361	T	5	0	347	23.193083573487
A_HA_H5	1507	364	G	5	0	360	25.15
A_HA_H5	1508	369	A	4	0	369	24.6910569105691
A_HA_H5	1509	367	C	6	0	355	24.2028169014085
A_HA_H5	1510	366	T	7	0	354	23.4293785310734
A_HA_H5	1511	366	A	8	0	361	23.0831024930748
A_HA_H5	1512	349	C	25	0	344	22.7761627906977
A_HA_H5	1513	365	C	9	0	358	22.2150837988827
A_HA_H5	1514	368	C	6	0	353	21.1586402266289
A_HA_H5	1515	367	T	7	0	364	21.2472527472527
A_HA_H5	1516	368	C	6	0	362	21.6077348066298
A_HA_H5	1517	370	A	5	0	359	19.7186629526462
A_HA_H5	1518	371	G	4	0	363	19.7961432506887
A_HA_H5	1519	373	T	2	0	369	19.6205962059621
A_HA_H5	1520	374	A	1	0	369	20.7317073170732
A_HA_H5	1521	374	T	1	0	371	22.5660377358491
A_HA_H5	1522	372	T	3	0	370	24.0675675675676
A_HA_H5	1523	370	C	5	0	365	24.4821917808219
A_HA_H5	1524	364	A	11	0	360	20.2055555555556
A_HA_H5	1525	369	G	6	0	367	19.0217983651226
A_HA_H5	1526	367	A	8	0	366	20.8497267759563
A_HA_H5	1527	370	A	5	0	368	21.9483695652174
A_HA_H5	1528	370	G	4	0	367	22.1798365122616
A_HA_H5	1529	369	A	5	0	363	22.1873278236915
A_HA_H5	1530	370	A	4	0	370	22.2135135135135
A_HA_H5	1531	371	G	3	0	366	21.2131147540984
A_HA_H5	1532	366	C	6	0	360	21.5638888888889
A_HA_H5	1533	364	A	8	0	361	22.0138504155125
A_HA_H5	1534	369	A	3	0	364	21.9175824175824
A_HA_H5	1535	368	G	4	0	367	21
A_HA_H5	1536	366	A	6	0	362	22.3342541436464
A_HA_H5	1537	367	T	5	0	366	21.6229508196721
A_HA_H5	1538	366	T	6	0	364	22.0164835164835
A_HA_H5	1539	280	A	93	0	273	22.9413919413919
A_HA_H5	1540	349	A	24	0	346	22.8323699421965
A_HA_H5	1541	356	A	17	0	353	22.8980169971671
A_HA_H5	1542	349	A	25	0	344	22.8052325581395
A_HA_H5	1543	342	A	32	0	340	19.8441176470588
A_HA_H5	1544	339	G	36	0	332	19.6506024096386
A_HA_H5	1545	367	A	8	0	365	20.4684931506849
A_HA_H5	1546	368	G	7	0	366	23.5273224043716
A_HA_H5	1547	370	A	5	0	369	20.9864498644986
A_HA_H5	1548	370	A	5	0	370	21.1837837837838
A_HA_H5	1549	370	G	5	0	368	20.5625
A_HA_H5	1550	367	A	8	0	361	22.4432132963989
A_HA_H5	1551	371	A	4	0	369	23
A_HA_H5	1552	372	A	3	0	363	23.6280991735537
A_HA_H5	1553	372	T	3	0	360	23.9416666666667
A_HA_H5	1554	371	A	5	0	367	24.0299727520436
A_HA_H5	1555	365	A	11	0	359	22.3704735376045
A_HA_H5	1556	358	G	18	0	355	21.6056338028169
A_HA_H5	1557	359	C	17	0	339	22.377581120944
A_HA_H5	1558	361	G	16	0	344	20.6802325581395
A_HA_H5	1559	368	G	9	0	357	19.6778711484594
A_HA_H5	1560	350	A	27	0	349	19.3295128939828
A_HA_H5	1561	364	G	13	0	351	19.5270655270655
A_HA_H5	1562	332	T	45	0	322	19.3571428571429
A_HA_H5	1563	368	G	9	0	357	20.2072829131653
A_HA_H5	1564	365	A	12	0	354	20.5677966101695
A_HA_H5	1565	367	A	10	0	364	21.1016483516484
A_HA_H5	1566	355	A	21	0	351	22.2763532763533
A_HA_H5	1567	352	T	24	0	349	22.0085959885387
A_HA_H5	1568	358	T	18	0	352	23.7471590909091
A_HA_H5	1569	363	A	13	0	342	23.3684210526316
A_HA_H5	1570	371	G	5	0	364	22.3516483516484
A_HA_H5	1571	373	A	3	0	367	22.2234332425068
A_HA_H5	1572	373	A	3	0	370	22.3945945945946
A_HA_H5	1573	369	T	6	0	363	22.2203856749311
A_HA_H5	1574	370	C	5	0	367	23.0817438692098
A_HA_H5	1575	364	A	10	0	345	19.9275362318841
A_HA_H5	1576	366	G	8	0	363	19.6198347107438
A_HA_H5	1577	367	T	7	0	356	20.0955056179775
A_HA_H5	1578	368	A	6	0	360	21.2277777777778
A_HA_H5	1579	359	G	15	0	351	22
A_HA_H5	1580	369	G	5	0	361	21.1578947368421
A_HA_H5	1581	368	A	6	0	366	21.0546448087432
A_HA_H5	1582	370	A	4	0	365	22.2630136986301
A_HA_H5	1583	367	C	7	0	360	22.6388888888889
A_HA_H5	1584	359	T	15	0	350	22.3171428571429
A_HA_H5	1585	366	T	8	0	358	22.8966480446927
A_HA_H5	1586	366	A	7	0	359	21.8607242339833
A_HA_H5	1587	366	C	7	0	351	22.1994301994302
A_HA_H5	1588	370	C	3	0	360	21.1972222222222
A_HA_H5	1589	370	A	3	0	364	21.0302197802198
A_HA_H5	1590	371	G	2	0	367	20.9591280653951
A_HA_H5	1591	370	A	3	0	368	21.9320652173913
A_HA_H5	1592	371	T	2	0	368	22.4891304347826
A_HA_H5	1593	372	A	1	0	361	22.1883656509695
A_HA_H5	1594	371	C	2	0	363	22.0550964187328
A_HA_H5	1595	367	T	6	0	348	21.9396551724138
A_HA_H5	1596	370	G	3	0	361	21.7700831024931
A_HA_H5	1597	371	T	2	0	366	22.1912568306011
A_HA_H5	1598	370	C	3	0	362	23.3812154696133
A_HA_H5	1599	364	A	9	0	362	22.0828729281768
A_HA_H5	1600	365	A	8	0	362	22.2707182320442
A_HA_H5	1601	366	T	6	0	359	23.2701949860724
A_HA_H5	1602	370	T	2	0	367	24.5068119891008
A_HA_H5	1603	370	T	2	0	368	24.7092391304348
A_HA_H5	1604	370	A	2	0	367	24.3297002724796
A_HA_H5	1605	370	T	2	0	369	23.5013550135501
A_HA_H5	1606	371	T	1	0	365	23.0575342465753
A_HA_H5	1607	370	C	2	0	367	23.2724795640327
A_HA_H5	1608	368	A	4	0	366	22.8224043715847
A_HA_H5	1609	368	A	4	0	362	21.4033149171271
A_HA_H5	1610	365	C	7	0	361	21.1412742382271
A_HA_H5	1611	366	A	6	0	357	20.7226890756303
A_HA_H5	1612	364	G	7	0	359	19.6880222841226
A_HA_H5	1613	366	C	5	0	360	19.8666666666667
A_HA_H5	1614	361	G	10	0	345	19.2492753623188
A_HA_H5	1615	367	G	3	0	360	19.6111111111111
A_HA_H5	1616	367	C	3	0	361	19.9030470914127
A_HA_H5	1617	357	A	13	0	351	20.8233618233618
A_HA_H5	1618	369	A	1	0	364	20.8434065934066
A_HA_H5	1619	368	G	2	0	367	19.7302452316076
A_HA_H5	1620	363	T	7	0	356	21.5
A_HA_H5	1621	367	T	3	0	361	22.0387811634349
A_HA_H5	1622	312	C	58	0	305	22.2622950819672
A_HA_H5	1623	357	C	12	0	341	21.9266862170088
A_HA_H5	1624	362	C	6	0	346	19.9971098265896
A_HA_H5	1625	358	T	10	0	349	18.7707736389685
A_HA_H5	1626	365	A	3	0	360	19.7833333333333
A_HA_H5	1627	356	G	12	0	344	18.7732558139535
A_HA_H5	1628	366	C	2	0	361	18.5540166204986
A_HA_H5	1629	367	A	1	0	359	19.4261838440111
A_HA_H5	1630	364	C	4	0	349	19.4269340974212
A_HA_H5	1631	366	T	2	0	359	19.8272980501393
A_HA_H5	1632	362	G	6	0	347	19.4812680115274
A_HA_H5	1633	365	G	3	0	355	19.4732394366197
A_HA_H5	1634	365	C	3	0	347	20.7319884726225
A_HA_H5	1635	365	A	3	0	361	20.5567867036011
A_HA_H5	1636	367	A	1	0	365	21.2931506849315
A_HA_H5	1637	368	T	0	0	363	22.404958677686
A_HA_H5	1638	368	C	0	0	364	23.7005494505494
A_HA_H5	1639	366	A	2	0	358	23.2960893854749
A_HA_H5	1640	363	T	5	0	352	23.4375
A_HA_H5	1641	365	G	3	0	360	23.7888888888889
A_HA_H5	1642	367	A	1	0	365	23.5534246575342
A_HA_H5	1643	366	T	2	0	365	24.227397260274
A_HA_H5	1644	364	G	3	0	364	24.0302197802198
A_HA_H5	1645	366	G	1	0	363	23.2341597796143
A_HA_H5	1646	366	C	1	0	362	22.8839779005525
A_HA_H5	1647	366	T	1	0	358	22.8631284916201
A_HA_H5	1648	365	G	2	0	360	22.7305555555556
A_HA_H5	1649	366	G	1	0	358	22.0810055865922
A_HA_H5	1650	366	T	1	0	360	22.8583333333333
A_HA_H5	1651	367	C	0	0	357	23
A_HA_H5	1652	362	T	5	0	353	23.1784702549575
A_HA_H5	1653	365	A	2	0	363	23.7190082644628
A_HA_H5	1654	363	T	4	0	362	24.7292817679558
A_HA_H5	1655	363	C	4	0	360	25.2694444444444
A_HA_H5	1656	356	T	11	0	352	24.7414772727273
A_HA_H5	1657	362	T	5	0	357	25.1680672268908
A_HA_H5	1658	365	T	2	0	360	25.8194444444444
A_HA_H5	1659	360	A	6	0	347	25.5331412103746
A_HA_H5	1660	363	T	3	0	352	25.0142045454545
A_HA_H5	1661	356	G	10	0	351	25.0512820512821
A_HA_H5	1662	364	G	2	0	364	25.1043956043956
A_HA_H5	1663	365	A	1	0	364	24.9532967032967
A_HA_H5	1664	353	T	13	0	352	25.4517045454545
A_HA_H5	1665	352	G	14	0	347	25.0086455331412
A_HA_H5	1666	358	T	8	0	352	24.6846590909091
A_HA_H5	1667	357	G	9	0	355	23.7943661971831
A_HA_H5	1668	347	C	19	0	331	22.9818731117825
A_HA_H5	1669	360	T	6	0	356	23.2780898876404
A_HA_H5	1670	328	C	38	0	314	22.624203821656
A_HA_H5	1671	365	C	1	0	349	20.8395415472779
A_HA_H5	1672	363	A	3	0	363	19.7190082644628
A_HA_H5	1673	364	A	2	0	359	20.7298050139276
A_HA_H5	1674	364	T	2	0	360	22.6111111111111
A_HA_H5	1675	347	G	19	0	342	22.7982456140351
A_HA_H5	1676	360	G	6	0	355	21.7549295774648
A_HA_H5	1677	362	G	4	0	357	20.624649859944
A_HA_H5	1678	362	T	4	0	357	20.4481792717087
A_HA_H5	1679	362	C	4	0	355	21.256338028169
A_HA_H5	1680	365	G	1	0	360	21.7611111111111
A_HA_H5	1681	366	T	0	0	361	21.8864265927978
A_HA_H5	1682	366	T	0	0	362	21.9723756906077
A_HA_H5	1683	365	A	1	0	359	21.2423398328691
A_HA_H5	1684	361	C	5	0	358	21.8882681564246
A_HA_H5	1685	363	A	3	0	360	20.5166666666667
A_HA_H5	1686	359	G	7	0	349	20.1260744985673
A_HA_H5	1687	361	T	5	0	357	20.5406162464986
A_HA_H5	1688	358	G	8	0	350	21.6542857142857
A_HA_H5	1689	358	C	6	0	350	22.34
A_HA_H5	1690	357	A	7	0	352	22.6079545454545
A_HA_H5	1691	357	G	6	0	356	21.9241573033708
A_HA_H5	1692	362	A	1	0	362	21.4696132596685
A_HA_H5	1693	362	A	1	0	362	20.9419889502762
A_HA_H5	1694	361	T	2	0	360	20.9361111111111
A_HA_H5	1695	362	T	0	0	360	22.5527777777778
A_HA_H5	1696	362	T	0	0	361	21.5872576177285
A_HA_H5	1697	360	G	0	0	358	21.4972067039106
A_HA_H5	1698	358	C	0	0	350	21.7542857142857
A_HA_H5	1699	357	A	0	0	354	21.638418079096
A_HA_H5	1700	357	T	0	0	355	22.5605633802817
A_HA_H5	1701	357	T	0	0	357	24.047619047619
A_HA_H5	1702	354	T	0	0	354	23.6299435028249
A_HA_H5	1703	336	A	0	0	336	22.9196428571429
A_HA_H5	1704	332	G	0	0	332	20.9518072289157
