Reference_Name	Position	Coverage Depth	Consensus	Deletions	Ambiguous	Consensus_Count	Consensus_Average_Quality
A_MP	1	4434	A	0	0	4434	26.9855660802887
A_MP	2	4473	T	0	0	4473	26.5615917728594
A_MP	3	4592	G	0	0	4584	24.510907504363
A_MP	4	4624	A	0	0	4603	22.831414295025
A_MP	5	4686	G	7	0	4679	21.8916435135713
A_MP	6	4615	T	101	0	4533	21.9618354290757
A_MP	7	4642	C	84	0	4586	21.5527692978631
A_MP	8	4701	T	43	0	4627	22.3741084936244
A_MP	9	4738	T	26	0	4698	22.5395913154534
A_MP	10	4719	C	57	0	4657	22.0410135280223
A_MP	11	4611	T	171	0	4532	20.7910414827891
A_MP	12	4762	A	39	0	4692	19.6822250639386
A_MP	13	4786	A	17	0	4731	20.0534770661594
A_MP	14	4776	C	29	0	4698	20.0238399318859
A_MP	15	4790	C	16	0	4354	20.2680293982545
A_MP	16	4773	G	41	0	4736	18.9816300675676
A_MP	17	4784	A	33	0	4729	18.1744554874181
A_MP	18	4713	G	108	0	4666	17.4571367338191
A_MP	19	4817	G	8	0	4772	16.8266974015088
A_MP	20	4816	T	9	0	4706	16.7456438589035
A_MP	21	4792	C	34	0	4724	18.9066469093988
A_MP	22	4752	G	77	0	4681	18.1946165349284
A_MP	23	4684	A	147	0	4639	18.1196378529856
A_MP	24	4799	A	32	0	4747	18.7423635980619
A_MP	25	4798	A	33	0	4689	21.2561313712945
A_MP	26	4780	C	51	0	4683	21.1607943625881
A_MP	27	4772	G	60	0	4638	21.354247520483
A_MP	28	4724	T	108	0	4492	21.026714158504
A_MP	29	4759	A	74	0	4504	21.0941385435169
A_MP	30	4785	C	50	0	4572	20.5413385826772
A_MP	31	4800	G	37	0	4697	20.2514370875027
A_MP	32	4770	T	67	0	4699	20.0610768248564
A_MP	33	4499	T	338	0	4405	22.0419977298524
A_MP	34	4494	C	344	0	4437	22.4978589136804
A_MP	35	4705	T	134	0	4561	24.3784257838193
A_MP	36	4604	C	235	0	4530	28.233995584989
A_MP	37	4776	T	63	0	4713	42.1046042860174
A_MP	38	4756	C	83	0	4698	44.5962111536824
A_MP	39	4718	T	121	0	4611	35.3513337670787
A_MP	40	4815	A	24	0	4752	31.5654461279461
A_MP	41	4798	T	42	0	4685	29.1208110992529
A_MP	42	4788	C	53	0	4655	25.2300751879699
A_MP	43	4813	G	28	0	4711	21.8303969433241
A_MP	44	4816	T	25	0	4755	21.1558359621451
A_MP	45	4701	C	140	0	4614	21.1205028175119
A_MP	46	4823	C	18	0	4752	20.4800084175084
A_MP	47	4827	C	14	0	4073	20.4652590228333
A_MP	48	4820	G	21	0	4706	19.2739056523587
A_MP	49	4807	T	34	0	4696	18.7299829642249
A_MP	50	4803	C	38	0	4746	18.2686472819216
A_MP	51	4708	G	134	0	4215	15.0903914590747
A_MP	52	4795	G	47	0	4715	15.1514316012725
A_MP	53	4705	G	137	0	4546	16.6786185657721
A_MP	54	3092	C	1750	0	2941	16.8269296157769
A_MP	55	4312	C	531	0	4200	18.2630952380952
A_MP	56	4774	C	70	0	4708	19.214103653356
A_MP	57	4826	C	18	0	4754	19.7555742532604
A_MP	58	4790	C	54	0	4721	19.7778013132811
A_MP	59	4738	T	106	0	4647	19.9309231762427
A_MP	60	4759	C	85	0	4704	20.1113945578231
A_MP	61	4651	A	193	0	4566	18.9513797634691
A_MP	62	4742	A	102	0	4659	18.7694784288474
A_MP	63	4789	A	55	0	4702	20.257124627818
A_MP	64	4797	G	47	0	4715	20.3942735949099
A_MP	65	4778	C	66	0	4705	20.3632306057386
A_MP	66	4808	C	36	0	4606	20.7231871471993
A_MP	67	4792	G	52	0	4754	20.2135044173328
A_MP	68	4803	A	41	0	4749	21.0376921457149
A_MP	69	4818	G	26	0	4800	20.7560416666667
A_MP	70	4837	A	7	0	4817	21.7238945401702
A_MP	71	4814	T	30	0	4768	22.1789010067114
A_MP	72	4743	C	101	0	4692	23.6451406649616
A_MP	73	4720	G	124	0	4638	22.4385510996119
A_MP	74	4798	C	46	0	4621	21.8474356199957
A_MP	75	4781	G	64	0	4706	21.9813004674883
A_MP	76	4783	C	62	0	4705	22.9870350690754
A_MP	77	4611	A	234	0	4548	22.9507475813544
A_MP	78	4652	G	193	0	4628	22.5274416594641
A_MP	79	4800	A	45	0	4744	21.543844856661
A_MP	80	4780	G	65	0	4750	32.4450526315789
A_MP	81	4804	A	41	0	4742	34.2296499367356
A_MP	82	4794	C	51	0	4722	25.7492587886489
A_MP	83	4700	T	146	0	4621	24.9945899156027
A_MP	84	4799	T	47	0	4678	24.2601539119282
A_MP	85	4812	G	34	0	4725	22.9185185185185
A_MP	86	4805	A	41	0	4751	22.3378236160808
A_MP	87	4817	A	29	0	4749	21.1366603495473
A_MP	88	4814	G	32	0	4775	20.7878534031414
A_MP	89	4829	A	17	0	4795	21.9230448383733
A_MP	90	4818	T	28	0	4774	23.108504398827
A_MP	91	4820	G	26	0	4779	23.5971960661226
A_MP	92	4790	T	56	0	4697	24.3389397487758
A_MP	93	4804	C	42	0	4742	24.0788696752425
A_MP	94	4633	T	213	0	4484	23.9348795718109
A_MP	95	4763	T	83	0	4693	23.6816535265289
A_MP	96	4822	T	24	0	4745	23.6537407797682
A_MP	97	4794	G	52	0	4764	22.2615449202351
A_MP	98	4770	C	76	0	4706	21.7056948576286
A_MP	99	4664	A	182	0	4511	19.4823764132121
A_MP	100	4012	G	834	0	3938	18.9794311833418
A_MP	101	4797	G	49	0	4738	18.6813001266357
A_MP	102	4797	G	49	0	4740	19.0873417721519
A_MP	103	4780	A	66	0	4738	19.5265934993668
A_MP	104	4811	A	35	0	4766	19.4800671422577
A_MP	105	4812	G	34	0	4741	19.107150390213
A_MP	106	4799	A	47	0	4753	21.1620029455081
A_MP	107	4792	A	54	0	4719	22.2977325704598
A_MP	108	4781	C	65	0	4598	22.3316659417138
A_MP	109	4803	A	43	0	4741	21.3520354355621
A_MP	110	4773	C	73	0	4568	21.2469352014011
A_MP	111	4823	C	23	0	4379	20.3436857730075
A_MP	112	4810	G	36	0	4742	18.9624630957402
A_MP	113	4820	A	26	0	4777	18.3577559137534
A_MP	114	4812	T	34	0	4761	18.3421550094518
A_MP	115	4813	C	33	0	4779	18.9307386482528
A_MP	116	4719	T	127	0	4636	20.2364106988783
A_MP	117	4820	T	26	0	4702	22.1108039132284
A_MP	118	4814	G	32	0	4784	21.5670986622074
A_MP	119	4785	A	61	0	4700	20.8251063829787
A_MP	120	4797	G	49	0	4751	19.5712481582825
A_MP	121	4819	G	27	0	4790	18.8651356993737
A_MP	122	4564	C	282	0	4494	18.8497997329773
A_MP	123	4549	T	297	0	4488	21.3968360071301
A_MP	124	4819	C	27	0	4735	22.3182682154171
A_MP	125	4808	T	38	0	4692	23.9708013640239
A_MP	126	4755	C	91	0	4691	26.6354721807717
A_MP	127	4747	A	99	0	4589	24.1438221834822
A_MP	128	4748	T	98	0	4634	23.4971946482521
A_MP	129	4751	G	95	0	4696	22.0102214650767
A_MP	130	4829	G	17	0	4765	20.5594963273872
A_MP	131	4821	A	25	0	4771	20.7138964577657
A_MP	132	4822	A	24	0	4771	22.0450639278977
A_MP	133	4803	T	42	0	4750	21.6983157894737
A_MP	134	4752	G	93	0	4562	21.8877685225778
A_MP	135	4800	G	45	0	4703	21.9653412715288
A_MP	136	4802	C	43	0	4610	21.9702819956616
A_MP	137	4755	T	90	0	4630	21.2885529157667
A_MP	138	4739	A	106	0	4609	21.7569971794315
A_MP	139	4795	A	49	0	4736	21.3196790540541
A_MP	140	4810	A	34	0	4722	20.3528166031343
A_MP	141	4806	G	38	0	4755	20.9627760252366
A_MP	142	4809	A	35	0	4748	21.8024431339511
A_MP	143	4815	C	29	0	4753	22.1167683568273
A_MP	144	4755	A	88	0	4687	22.6633240879027
A_MP	145	4818	A	25	0	4749	23.3337544746262
A_MP	146	4810	G	33	0	4757	23.3920538154299
A_MP	147	4813	A	30	0	4766	23.9676877885019
A_MP	148	4785	C	58	0	4699	23.61396041711
A_MP	149	4822	C	21	0	4735	23.2897571277719
A_MP	150	4805	A	38	0	4775	23.162722513089
A_MP	151	4826	A	16	0	4789	23.0707872207141
A_MP	152	4745	T	97	0	4645	23.3095801937567
A_MP	153	4773	C	69	0	4652	23.4613069647463
A_MP	154	4812	C	30	0	4745	22.3218124341412
A_MP	155	4784	T	57	0	4621	21.3763254706773
A_MP	156	4805	G	36	0	4752	21.4050925925926
A_MP	157	4793	T	48	0	4709	21.428116372903
A_MP	158	4783	C	58	0	4748	21.2712721145746
A_MP	159	4804	A	37	0	4753	20.9829581317063
A_MP	160	4782	C	59	0	4747	21.3345270697282
A_MP	161	4802	C	39	0	4740	21.7597046413502
A_MP	162	4721	T	120	0	4648	22.1013339070568
A_MP	163	4769	C	70	0	4709	21.7912507963474
A_MP	164	4741	T	98	0	4670	22.0413276231263
A_MP	165	4801	G	38	0	4768	21.9597315436242
A_MP	166	4811	A	28	0	4766	22.1993285774234
A_MP	167	4811	C	28	0	4717	21.6025015899936
A_MP	168	4795	T	44	0	4660	21.0821888412017
A_MP	169	4694	A	145	0	4606	21.2609639600521
A_MP	170	4727	A	111	0	4618	20.8886964053703
A_MP	171	4351	G	487	0	4246	19.5341497880358
A_MP	172	4702	G	135	0	4606	19.9122883195832
A_MP	173	4791	G	46	0	4674	20.2824133504493
A_MP	174	4742	G	95	0	4702	20.4663972777541
A_MP	175	4705	A	132	0	4652	21.0881341358555
A_MP	176	4524	T	313	0	4420	20.8816742081448
A_MP	177	4727	T	110	0	4672	21.1633133561644
A_MP	178	4757	T	80	0	4675	21.9291978609626
A_MP	179	4730	T	107	0	4581	23.8172888015717
A_MP	180	4598	G	237	0	4441	22.3589281693312
A_MP	181	4757	G	78	0	4687	21.5594196714316
A_MP	182	4753	G	82	0	4709	20.8434911870886
A_MP	183	4670	A	165	0	4560	21.0440789473684
A_MP	184	4546	T	289	0	4448	20.7825989208633
A_MP	185	4729	T	106	0	4657	20.7363109297831
A_MP	186	4752	T	83	0	4635	20.9078748651564
A_MP	187	4752	G	83	0	4606	21.4244463742944
A_MP	188	4794	T	41	0	4578	21.7343818261249
A_MP	189	4803	G	32	0	4727	23.156759043791
A_MP	190	4796	T	39	0	4696	25.7022998296423
A_MP	191	4810	T	25	0	4679	26.007266509938
A_MP	192	4756	C	78	0	4673	25.6978386475498
A_MP	193	4713	A	121	0	4659	21.7353509336768
A_MP	194	4777	C	57	0	4723	20.4753334744866
A_MP	195	4774	G	60	0	4708	19.732582837723
A_MP	196	4564	C	269	0	4513	19.3904276534456
A_MP	197	4786	T	47	0	4701	19.7370772176133
A_MP	198	4778	C	55	0	4724	19.6384419983065
A_MP	199	4784	A	49	0	4730	19.1450317124736
A_MP	200	4733	C	100	0	4440	19.4421171171171
A_MP	201	4716	C	117	0	3505	19.4599144079886
A_MP	202	4706	G	127	0	4542	17.892998678996
A_MP	203	4783	T	50	0	4613	16.7773683069586
A_MP	204	4769	G	63	0	4711	16.5518998089578
A_MP	205	4697	C	135	0	4602	16.8624511082138
A_MP	206	4782	C	50	0	4625	17.6851891891892
A_MP	207	4789	C	43	0	4267	18.6395594094211
A_MP	208	4742	A	90	0	4610	18.0943600867679
A_MP	209	4704	G	128	0	4665	17.9067524115756
A_MP	210	4581	T	251	0	4505	18.2475027746948
A_MP	211	4793	G	39	0	4757	18.303762875762
A_MP	212	4787	A	45	0	4744	18.8322091062395
A_MP	213	4752	G	80	0	4719	18.9001907183725
A_MP	214	4795	C	37	0	4638	18.9547218628719
A_MP	215	4767	G	65	0	4675	18.2421390374332
A_MP	216	4770	A	61	0	4648	18.7635542168675
A_MP	217	4680	G	151	0	4607	18.9945734751465
A_MP	218	4821	G	10	0	4790	19.2674321503132
A_MP	219	4819	A	12	0	4779	19.4850387110274
A_MP	220	4809	C	22	0	4745	20.7502634351949
A_MP	221	4759	T	71	0	4518	20.2990261177512
A_MP	222	4789	G	41	0	4692	19.6421568627451
A_MP	223	4799	C	31	0	4733	19.0354954574266
A_MP	224	4728	A	101	0	4634	17.7522658610272
A_MP	225	4741	G	87	0	4184	16.5977533460803
A_MP	226	4749	C	79	0	4602	16.2468491960017
A_MP	227	4656	G	172	0	4545	16.8310231023102
A_MP	228	4644	T	184	0	4403	17.2214399273223
A_MP	229	4650	A	178	0	4413	18.0944935418083
A_MP	230	4785	G	43	0	4640	17.5428879310345
A_MP	231	4790	A	38	0	4702	17.5004253509145
A_MP	232	4786	C	42	0	4694	17.7954835960801
A_MP	233	4776	G	52	0	4634	17.7980146741476
A_MP	234	4785	C	43	0	4746	18.9310998735778
A_MP	235	4460	T	368	0	4388	19.9134001823154
A_MP	236	4716	T	112	0	4651	20.4829069017416
A_MP	237	4801	T	26	0	4673	23.0085598116841
A_MP	238	4799	G	27	0	4717	22.7237651049396
A_MP	239	4800	T	26	0	4764	22.7991183879093
A_MP	240	4687	C	139	0	4655	23.1615467239527
A_MP	241	4767	C	59	0	4711	21.7102526002972
A_MP	242	4437	A	389	0	4375	21.3675428571429
A_MP	243	4787	A	39	0	4762	21.8805123897522
A_MP	244	4803	A	23	0	4780	23.7267782426778
A_MP	245	4807	A	18	0	4762	24.2171356572869
A_MP	246	4790	T	35	0	4747	24.811670528755
A_MP	247	4785	G	40	0	4691	24.8697505862289
A_MP	248	4745	C	80	0	4705	24.3477151965994
A_MP	249	4697	T	128	0	4596	23.8394255874674
A_MP	250	4794	C	31	0	4719	22.681500317864
A_MP	251	4683	T	142	0	4594	22.2333478450152
A_MP	252	4732	A	93	0	4636	21.9255823986195
A_MP	253	4793	A	32	0	4769	22.291046340952
A_MP	254	4792	A	33	0	4758	22.3472047078604
A_MP	255	4785	T	39	0	4749	23.2577384712571
A_MP	256	4698	G	126	0	4671	24.0175551273817
A_MP	257	4793	G	31	0	4731	23.3124075248362
A_MP	258	4639	A	185	0	4562	23.1277948268303
A_MP	259	4802	A	21	0	4770	23.5014675052411
A_MP	260	4742	A	80	0	4685	24.4369263607257
A_MP	261	4736	T	86	0	4688	24.1429180887372
A_MP	262	4626	G	195	0	4531	24.5808872213639
A_MP	263	4784	G	37	0	4716	23.0434690415606
A_MP	264	4767	A	54	0	4641	21.7110536522301
A_MP	265	4741	G	80	0	4704	20.3983843537415
A_MP	266	4756	A	65	0	4692	19.8184143222506
A_MP	267	4663	C	158	0	4558	19.9249670908293
A_MP	268	4778	C	43	0	4677	19.7237545435108
A_MP	269	4785	C	36	0	4706	20.7124946876328
A_MP	270	4718	A	103	0	4674	21.3275566966196
A_MP	271	4779	A	42	0	4743	21.9127134724858
A_MP	272	4784	A	37	0	4705	21.9475026567481
A_MP	273	4798	C	23	0	4729	22.8029181645168
A_MP	274	4788	A	33	0	4769	23.6156426923883
A_MP	275	4799	A	22	0	4726	23.9684722809987
A_MP	276	4785	C	36	0	4701	24.7928100404169
A_MP	277	4794	A	27	0	4763	24.6649170690741
A_MP	278	4775	T	44	0	4686	24.34101579172
A_MP	279	4717	G	102	0	4684	24.9314688300598
A_MP	280	4801	G	18	0	4762	24.1482570348593
A_MP	281	4795	A	24	0	4767	24.1262848751836
A_MP	282	4791	C	28	0	4710	23.9341825902335
A_MP	283	4793	A	26	0	4724	22.5124894157494
A_MP	284	4599	G	220	0	4500	22.5297777777778
A_MP	285	4764	G	55	0	4618	22.0430922477263
A_MP	286	4775	G	44	0	4691	22.9006608399062
A_MP	287	4768	C	51	0	4677	22.3525764378875
A_MP	288	4768	A	51	0	4680	21.8378205128205
A_MP	289	4751	G	68	0	4667	21.5946003856867
A_MP	290	4729	T	90	0	4560	21.9756578947368
A_MP	291	4764	C	55	0	4688	21.9790955631399
A_MP	292	4661	A	158	0	4547	21.3925665273807
A_MP	293	4714	A	105	0	4565	21.4812705366922
A_MP	294	4777	G	42	0	4696	21.3451873935264
A_MP	295	4774	T	45	0	4605	22.0191096634093
A_MP	296	4770	T	49	0	4703	22.6989155857963
A_MP	297	4769	G	50	0	4711	22.4491615368287
A_MP	298	4742	T	77	0	4572	22.8681102362205
A_MP	299	4722	A	97	0	4567	22.611780162032
A_MP	300	4758	C	61	0	4628	22.1458513396716
A_MP	301	4766	A	53	0	4678	21.4448482257375
A_MP	302	4638	G	181	0	4589	21.4427979952059
A_MP	303	4752	G	67	0	4695	21.2276890308839
A_MP	304	4675	A	142	0	4641	20.9431157078216
A_MP	305	4780	A	37	0	4749	22.4596757212045
A_MP	306	4762	A	55	0	4708	23.3494052676296
A_MP	307	4716	T	101	0	4498	24.7343263672743
A_MP	308	4773	T	44	0	4701	26.6107211231653
A_MP	309	4759	G	58	0	4664	26.4894939965695
A_MP	310	4756	A	61	0	4722	26.4930114358323
A_MP	311	4251	A	566	0	4224	26.0272253787879
A_MP	312	4230	G	586	0	4182	24.8460066953611
A_MP	313	4705	A	111	0	4664	26.4030874785592
A_MP	314	4688	G	127	0	4661	34.8481012658228
A_MP	315	4753	A	62	0	4684	42.1757045260461
A_MP	316	4739	G	76	0	4725	47.1403174603175
A_MP	317	4776	A	38	0	4745	52.4653319283456
A_MP	318	4771	G	43	0	4723	57.9790387465594
A_MP	319	4771	A	43	0	4738	53.1888982693119
A_MP	320	4776	T	38	0	4681	42.2740867336039
A_MP	321	4777	A	37	0	4729	34.2907591456968
A_MP	322	4785	A	29	0	4708	30.2164401019541
A_MP	323	4768	C	46	0	4603	27.0890723441234
A_MP	324	4778	A	35	0	4709	25.5224039074113
A_MP	325	4760	T	53	0	4725	24.2579894179894
A_MP	326	4784	T	29	0	4731	24.1046290424857
A_MP	327	4713	C	99	0	4681	24.3212988677633
A_MP	328	4789	C	23	0	4756	23.3952901597982
A_MP	329	4779	A	33	0	4726	22.6902242911553
A_MP	330	4727	T	85	0	4645	22.600215285253
A_MP	331	4337	G	475	0	4223	22.4115557660431
A_MP	332	4691	G	121	0	4592	21.381968641115
A_MP	333	4726	G	86	0	4631	20.9565968473332
A_MP	334	4721	G	91	0	4638	21.0008624407072
A_MP	335	4723	C	88	0	4567	19.9586161594044
A_MP	336	4692	T	118	0	4434	19.5336039693279
A_MP	337	4603	A	208	0	4457	19.5281579537806
A_MP	338	4449	A	362	0	4359	19.3048864418445
A_MP	339	4360	A	451	0	4265	18.3528722157093
A_MP	340	4338	G	473	0	4240	19.2393867924528
A_MP	341	4714	A	97	0	4519	18.7537065722505
A_MP	342	4757	A	54	0	4692	18.0777919863598
A_MP	343	4746	G	65	0	4679	18.6046163710194
A_MP	344	4665	T	146	0	4254	19.8410907381288
A_MP	345	4702	T	109	0	4579	20.1613889495523
A_MP	346	4753	G	58	0	4699	19.1098105979996
A_MP	347	4733	C	78	0	4600	19.4423913043478
A_MP	348	4718	A	93	0	4634	18.6689684937419
A_MP	349	4767	C	44	0	4709	18.3567636440858
A_MP	350	4696	T	115	0	4483	19.4740129377649
A_MP	351	4757	C	54	0	4667	19.6743089779301
A_MP	352	4777	A	34	0	4651	17.5521393248764
A_MP	353	4777	G	34	0	4721	17.2366024147426
A_MP	354	4771	T	40	0	4663	18.5552219601115
A_MP	355	4775	T	36	0	4710	19.3208067940552
A_MP	356	4756	A	55	0	4618	19.68406236466
A_MP	357	4716	C	95	0	4632	20.0865716753022
A_MP	358	4664	T	147	0	4560	20.3743421052632
A_MP	359	4765	C	46	0	4706	20.2277943051424
A_MP	360	4724	A	87	0	4647	19.8183774478158
A_MP	361	4771	A	39	0	4541	18.2349702708654
A_MP	362	4731	C	79	0	4604	18.3336229365769
A_MP	363	4733	C	77	0	3674	18.1279259662493
A_MP	364	4693	G	117	0	4430	17.0995485327314
A_MP	365	4689	G	120	0	4546	16.3895732512099
A_MP	366	4680	T	129	0	4478	15.9211701652523
A_MP	367	4728	G	81	0	4639	15.976503556801
A_MP	368	4707	C	102	0	4541	17.765249944946
A_MP	369	4719	A	89	0	4648	18.4466437177281
A_MP	370	4720	C	88	0	4598	18.677033492823
A_MP	371	4612	T	196	0	4534	19.2675341861491
A_MP	372	4718	T	90	0	4617	19.9287416071042
A_MP	373	4733	G	75	0	4645	20.4891280947255
A_MP	374	4712	C	96	0	4615	20.5518959913326
A_MP	375	4752	C	56	0	4678	20.3963232150492
A_MP	376	4750	A	58	0	4634	19.8420371169616
A_MP	377	4750	G	58	0	4701	19.9176770899809
A_MP	378	4720	T	88	0	4470	20.4163310961969
A_MP	379	4719	T	89	0	4612	20.3660017346054
A_MP	380	4730	G	78	0	4647	20.1312674843985
A_MP	381	4698	T	110	0	4461	20.6108495852948
A_MP	382	4695	A	113	0	4520	20.395796460177
A_MP	383	4723	T	85	0	4498	20.6004891062695
A_MP	384	4632	G	176	0	4529	19.9785824685361
A_MP	385	4747	G	60	0	4694	19.556242011078
A_MP	386	4779	G	28	0	4722	19.6944091486658
A_MP	387	4763	T	44	0	4618	20.0446080554353
A_MP	388	4764	C	43	0	4726	21.1411341515023
A_MP	389	4752	T	55	0	4612	21.7829575021683
A_MP	390	4752	C	54	0	4679	22.0010686044027
A_MP	391	4665	A	140	0	4578	21.6168632590651
A_MP	392	4679	T	126	0	4563	22.172255095332
A_MP	393	4763	A	42	0	4695	22.1789137380192
A_MP	394	4752	T	53	0	4675	23.5824598930481
A_MP	395	4739	A	66	0	4593	23.7966470716307
A_MP	396	4736	C	68	0	4680	23.2942307692308
A_MP	397	4745	A	58	0	4697	23.2991271024058
A_MP	398	4762	A	41	0	4667	22.2089136490251
A_MP	399	4771	C	32	0	4677	22.241180243746
A_MP	400	4779	A	24	0	4702	21.6173968524032
A_MP	401	4696	G	107	0	4678	21.18533561351
A_MP	402	4791	G	12	0	4765	21.8167890870934
A_MP	403	4792	A	11	0	4773	22.0544730777289
A_MP	404	4785	T	18	0	4746	22.9454277286136
A_MP	405	4475	G	328	0	4431	22.5170390431054
A_MP	406	4757	G	46	0	4713	21.9607468703586
A_MP	407	4775	G	28	0	4736	21.8186233108108
A_MP	408	4779	G	23	0	4753	22.1969282558384
A_MP	409	4764	A	38	0	4700	22.1953191489362
A_MP	410	4753	C	49	0	4598	21.9915180513267
A_MP	411	4701	G	101	0	3800	19.2276315789474
A_MP	412	4730	G	72	0	4620	17.2997835497835
A_MP	413	4711	T	91	0	4588	16.9864864864865
A_MP	414	4768	G	34	0	4667	16.9100064281123
A_MP	415	4772	A	30	0	4738	19.8908822287885
A_MP	416	4709	C	93	0	4641	20.526395173454
A_MP	417	4713	C	89	0	4307	20.2818667285814
A_MP	418	4684	G	118	0	4438	18.1232537178909
A_MP	419	4746	C	55	0	4665	17.2769560557342
A_MP	420	4613	A	188	0	4506	16.751442521083
A_MP	421	4623	G	178	0	4573	16.4653400393615
A_MP	422	4665	A	136	0	4595	17.3680087051143
A_MP	423	4748	A	51	0	4659	18.2803176647349
A_MP	424	4725	G	74	0	4625	18.9874594594595
A_MP	425	4696	T	103	0	4532	19.711385701677
A_MP	426	4702	G	97	0	4620	20.4190476190476
A_MP	427	4774	G	25	0	4729	19.9393106364982
A_MP	428	4768	C	31	0	4685	20.8298826040555
A_MP	429	4750	A	49	0	4715	20.3370095440085
A_MP	430	4739	T	60	0	4661	20.9598798541086
A_MP	431	4761	T	38	0	4720	21.8860169491525
A_MP	432	4663	G	136	0	4557	21.6521834540268
A_MP	433	4747	G	50	0	4676	21.928999144568
A_MP	434	4760	G	37	0	4664	22.0666809605489
A_MP	435	4717	C	80	0	4585	22.3550708833152
A_MP	436	4753	C	44	0	4585	21.9973827699019
A_MP	437	4714	T	83	0	4394	21.041647701411
A_MP	438	4687	A	110	0	4488	20.1758021390374
A_MP	439	4300	G	497	0	4206	19.564907275321
A_MP	440	4326	T	470	0	4220	19.8078199052133
A_MP	441	4677	G	119	0	4574	20.9110188019239
A_MP	442	4613	T	183	0	4461	23.6429051782112
A_MP	443	4689	G	107	0	4575	36.615956284153
A_MP	444	4696	T	99	0	4516	38.3108945969885
A_MP	445	4688	G	107	0	4554	32.8210364514712
A_MP	446	4677	C	118	0	4575	30.6260109289617
A_MP	447	4744	C	51	0	4611	25.7072218607677
A_MP	448	4762	A	33	0	4723	22.4581833580351
A_MP	449	4717	C	78	0	4610	22.3594360086768
A_MP	450	4763	C	32	0	4634	22.3133362106172
A_MP	451	4657	T	138	0	4521	21.8007078080071
A_MP	452	4698	G	97	0	4576	21.7427884615385
A_MP	453	4730	T	65	0	4510	21.4137472283814
A_MP	454	4729	G	65	0	4662	20.2747747747748
A_MP	455	4727	A	66	0	4640	19.7150862068966
A_MP	456	4743	G	50	0	4685	19.603628601921
A_MP	457	4755	C	38	0	4700	19.8944680851064
A_MP	458	4759	A	34	0	4686	19.6978233034571
A_MP	459	4767	G	26	0	4695	20.7341853035144
A_MP	460	4699	A	94	0	4642	21.4302024989229
A_MP	461	4730	T	63	0	4607	21.753852832646
A_MP	462	4738	T	55	0	4677	21.8058584562754
A_MP	463	4722	G	71	0	4641	22.0551605257488
A_MP	464	4714	C	79	0	4449	22.0878849179591
A_MP	465	4733	T	60	0	4594	22.1277753591641
A_MP	466	4758	G	35	0	4696	20.7161413969336
A_MP	467	4765	A	28	0	4732	20.3463651732883
A_MP	468	4739	T	54	0	4681	20.7737662892544
A_MP	469	4766	T	27	0	4655	21.3450053705693
A_MP	470	4658	C	135	0	4593	21.7535379925974
A_MP	471	4652	A	141	0	4527	21.1290037552463
A_MP	472	4722	C	71	0	4627	21.2705856926734
A_MP	473	4725	A	67	0	4605	20.9546145494028
A_MP	474	4717	G	75	0	4644	20.7999569336779
A_MP	475	4770	C	22	0	4722	21.3517577297755
A_MP	476	4774	A	18	0	4745	21.5881981032666
A_MP	477	4709	T	83	0	4609	22.4263397700152
A_MP	478	4733	C	59	0	4627	23.1104387291982
A_MP	479	4724	G	68	0	4432	20.0173736462094
A_MP	480	4760	G	32	0	4660	18.8783261802575
A_MP	481	4752	T	40	0	4677	18.9715629677143
A_MP	482	4740	C	52	0	4693	19.2865970594502
A_MP	483	4733	T	58	0	4612	21.1957935819601
A_MP	484	4699	C	92	0	4639	22.0670403104117
A_MP	485	4656	A	135	0	4486	20.5635309852876
A_MP	486	4725	C	66	0	4517	20.7715297764003
A_MP	487	4739	A	52	0	4604	20.0627715030408
A_MP	488	4696	G	95	0	4636	19.9363675582399
A_MP	489	4760	A	31	0	4653	20.3932946486138
A_MP	490	4730	C	61	0	4638	20.7658473479948
A_MP	491	4739	A	52	0	4626	19.9221789883268
A_MP	492	4759	G	32	0	4708	20.1121495327103
A_MP	493	4757	A	34	0	4725	20.8107936507937
A_MP	494	4745	T	46	0	4609	21.2837925797353
A_MP	495	4742	A	49	0	4545	20.5749174917492
A_MP	496	4679	G	112	0	4458	19.5186182144459
A_MP	497	4691	C	100	0	4574	18.9623961521644
A_MP	498	4696	T	95	0	4461	18.6527684375701
A_MP	499	4612	A	179	0	4429	18.7640550914428
A_MP	500	4613	C	178	0	4528	18.8608657243816
A_MP	501	4655	C	136	0	4468	18.8983885407341
A_MP	502	4738	A	53	0	4702	18.8604849000425
A_MP	503	4725	C	66	0	4685	19.4059765208111
A_MP	504	4742	C	49	0	4661	20.434456125295
A_MP	505	4703	A	88	0	4673	20.8097581853199
A_MP	506	4713	C	78	0	4632	21.087219343696
A_MP	507	4754	C	37	0	4657	21.3897358814688
A_MP	508	4743	A	48	0	4713	21.1835349034585
A_MP	509	4766	A	25	0	4680	21.0760683760684
A_MP	510	4699	C	92	0	4576	21.5629370629371
A_MP	511	4772	C	19	0	4730	21.8257928118393
A_MP	512	4778	C	13	0	4708	21.6091758708581
A_MP	513	4756	A	35	0	4699	21.987231325814
A_MP	514	4752	C	39	0	4567	22.1869936500985
A_MP	515	4747	T	44	0	4648	21.5335628227194
A_MP	516	4769	A	22	0	4726	21.5222175201016
A_MP	517	4780	A	11	0	4757	22.4904351482026
A_MP	518	4751	T	40	0	4693	23.4251012145749
A_MP	519	4756	C	33	0	4676	24.2649700598802
A_MP	520	4735	A	54	0	4608	23.0872395833333
A_MP	521	4760	G	29	0	4663	23.1067981985846
A_MP	522	4754	A	35	0	4713	23.4990451941439
A_MP	523	4765	C	24	0	4708	23.4711129991504
A_MP	524	4763	A	26	0	4718	22.8098770665536
A_MP	525	4733	T	54	0	4654	23.295444778685
A_MP	526	4754	G	33	0	4715	22.9936373276776
A_MP	527	4568	A	219	0	4497	23.6144096064043
A_MP	528	4755	A	32	0	4680	23.9089743589744
A_MP	529	4766	A	18	0	4737	25.93434663289
A_MP	530	4767	A	17	0	4710	26.6664543524416
A_MP	531	4758	C	26	0	4709	25.9836483329794
A_MP	532	4746	A	38	0	4700	24.9251063829787
A_MP	533	4736	G	47	0	4704	23.8167517006803
A_MP	534	4750	A	33	0	4725	23.586455026455
A_MP	535	4762	A	21	0	4718	23.8543874523103
A_MP	536	4735	T	48	0	4690	23.491684434968
A_MP	537	4693	G	90	0	4624	23.4383650519031
A_MP	538	4709	G	72	0	4649	22.7444611744461
A_MP	539	4708	T	72	0	4613	22.6798179059181
A_MP	540	4724	G	56	0	4640	22.4226293103448
A_MP	541	4714	T	66	0	4547	22.6413019573345
A_MP	542	4750	T	30	0	4658	22.9375268355517
A_MP	543	4720	G	60	0	4650	21.5030107526882
A_MP	544	4746	G	34	0	4693	20.7828681014277
A_MP	545	4724	C	56	0	4638	20.8391548081069
A_MP	546	4744	C	36	0	4630	20.8211663066955
A_MP	547	4719	A	61	0	4637	20.5949967651499
A_MP	548	4711	G	68	0	4628	20.5894554883319
A_MP	549	4697	T	82	0	4565	20.8512595837897
A_MP	550	4727	A	52	0	4648	20.8136833046472
A_MP	551	4722	C	57	0	4610	21.1904555314534
A_MP	552	4670	T	109	0	4497	21.3620191238603
A_MP	553	4668	A	111	0	4539	20.4633179114342
A_MP	554	4689	C	90	0	4590	20.2130718954248
A_MP	555	4730	A	49	0	4621	19.2261415278078
A_MP	556	4730	G	49	0	4683	18.8691010036302
A_MP	557	4741	C	37	0	4706	19.3933276668083
A_MP	558	4698	T	80	0	4500	20.3124444444444
A_MP	559	4658	A	120	0	4543	21.1606867708563
A_MP	560	4697	A	81	0	4571	21.1319186173704
A_MP	561	4689	G	89	0	4569	20.0728824688116
A_MP	562	4727	G	51	0	4665	20.4430868167203
A_MP	563	4724	C	54	0	4637	20.2184602113435
A_MP	564	4686	T	92	0	4521	21.0982083609821
A_MP	565	4698	A	80	0	4574	21.5220813292523
A_MP	566	4724	T	54	0	4588	21.5682214472537
A_MP	567	4706	G	71	0	4662	21.2893607893608
A_MP	568	4718	G	57	0	4698	20.6573009791401
A_MP	569	4675	A	100	0	4618	20.7089649198787
A_MP	570	4710	G	65	0	4646	20.5671545415411
A_MP	571	4718	C	56	0	4646	20.989022815325
A_MP	572	4731	A	43	0	4653	21.5796260477112
A_MP	573	4742	G	32	0	4674	21.9317501069748
A_MP	574	4762	A	11	0	4729	22.9877352505815
A_MP	575	4751	T	22	0	4713	23.4052620411627
A_MP	576	4725	G	48	0	4703	23.6019561981714
A_MP	577	4744	G	29	0	4692	23.56031543052
A_MP	578	4719	C	54	0	4594	23.7577274706138
A_MP	579	4742	T	31	0	4650	23.2415053763441
A_MP	580	4579	G	194	0	4490	22.6790645879733
A_MP	581	4748	G	25	0	4705	21.4794899043571
A_MP	582	4745	A	27	0	4684	21.0873185311699
A_MP	583	4738	T	33	0	4598	21.3571117877338
A_MP	584	4744	C	27	0	4591	20.8832498366369
A_MP	585	4558	G	213	0	4393	17.6237195538356
A_MP	586	4697	A	74	0	4609	17.2332393143849
A_MP	587	4717	G	54	0	4657	16.8116813399184
A_MP	588	4455	T	316	0	4345	16.6759493670886
A_MP	589	4736	G	35	0	4700	17.6195744680851
A_MP	590	4702	A	69	0	4643	18.8942494077105
A_MP	591	4701	G	70	0	4672	18.7478595890411
A_MP	592	4686	C	85	0	4557	19.0342330480579
A_MP	593	4634	A	137	0	4562	19.532880315651
A_MP	594	4648	A	123	0	4545	21.0783278327833
A_MP	595	4674	G	97	0	4609	20.8952050336299
A_MP	596	4713	C	58	0	4621	21.3174637524345
A_MP	597	4707	A	64	0	4561	20.5777241832931
A_MP	598	4552	G	219	0	4496	20.2902580071174
A_MP	599	4522	T	249	0	4388	20.7427073837739
A_MP	600	4570	G	201	0	4498	20.969542018675
A_MP	601	4693	G	78	0	4670	20.8809421841542
A_MP	602	4669	A	101	0	4611	20.8134894816743
A_MP	603	4717	A	53	0	4620	20.9010822510823
A_MP	604	4732	G	38	0	4695	20.3740149094782
A_MP	605	4709	C	61	0	4642	20.696897888841
A_MP	606	4724	C	46	0	4480	21.3821428571429
A_MP	607	4706	A	64	0	4625	20.6927567567568
A_MP	608	4699	T	71	0	4577	20.5363775398733
A_MP	609	4638	G	132	0	4593	20.2693228826475
A_MP	610	4714	G	56	0	4688	19.759385665529
A_MP	611	4729	A	41	0	4689	19.5408402644487
A_MP	612	4704	G	65	0	4647	20.0533677641489
A_MP	613	4733	G	35	0	4657	20.1015675327464
A_MP	614	4708	T	60	0	4502	19.8709462461128
A_MP	615	4703	T	65	0	4628	20.3576058772688
A_MP	616	4707	G	61	0	4608	20.4010416666667
A_MP	617	4701	C	66	0	4540	20.6248898678414
A_MP	618	4701	T	65	0	4554	20.1260430390865
A_MP	619	4736	A	30	0	4538	19.1584398413398
A_MP	620	4701	G	65	0	4602	19.4265536723164
A_MP	621	4732	T	34	0	4655	19.4968850698174
A_MP	622	4713	C	53	0	4652	19.8862854686157
A_MP	623	4721	A	44	0	4573	19.0868139077192
A_MP	624	4601	G	164	0	4521	19.7356779473568
A_MP	625	4720	G	44	0	4655	20.2038668098818
A_MP	626	4720	C	44	0	4601	20.3499239295805
A_MP	627	4711	T	52	0	4534	20.8835465372739
A_MP	628	4705	A	58	0	4487	19.5047916202362
A_MP	629	4607	G	155	0	4483	19.2895382556324
A_MP	630	4736	G	25	0	4692	18.8913043478261
A_MP	631	4701	C	60	0	4591	19.1354824656937
A_MP	632	4727	A	34	0	4620	19.0051948051948
A_MP	633	4724	G	37	0	4697	19.4468809878646
A_MP	634	4729	A	31	0	4691	20.5872948198678
A_MP	635	4681	T	79	0	4644	21.8311800172265
A_MP	636	4687	G	72	0	4655	22.3469387755102
A_MP	637	4604	G	154	0	4531	22.7653939527698
A_MP	638	4633	T	125	0	4566	22.7030223390276
A_MP	639	4701	G	57	0	4663	22.5318464507828
A_MP	640	4684	C	74	0	4620	22.1950216450216
A_MP	641	4689	A	69	0	4587	20.78024852845
A_MP	642	4674	G	84	0	4604	20.3546915725456
A_MP	643	4709	G	49	0	4646	20.3187688334051
A_MP	644	4718	C	40	0	4557	20.697827518104
A_MP	645	4719	G	38	0	4623	20.8764871295695
A_MP	646	4720	A	37	0	4659	20.9416183730414
A_MP	647	4714	T	43	0	4664	21.1067753001715
A_MP	648	4719	G	38	0	4667	20.8890079280051
A_MP	649	4724	A	32	0	4607	20.970479704797
A_MP	650	4553	G	203	0	4475	21.3749720670391
A_MP	651	4735	G	21	0	4626	20.9122351923908
A_MP	652	4721	A	35	0	4638	20.0297542043984
A_MP	653	4714	C	42	0	4637	20.6310114298038
A_MP	654	4712	C	44	0	4569	20.7513679142044
A_MP	655	4641	A	115	0	4564	20.0806310254163
A_MP	656	4663	T	93	0	4471	20.8280026839633
A_MP	657	4697	T	59	0	4622	20.6287321505842
A_MP	658	4341	G	415	0	4263	19.7579169598874
A_MP	659	4710	G	45	0	4576	20.5218531468531
A_MP	660	4705	A	50	0	4622	20.9236261358719
A_MP	661	4730	A	24	0	4661	20.9630980476293
A_MP	662	4688	C	65	0	4642	20.1576906505816
A_MP	663	4674	T	79	0	4559	20.7242816407107
A_MP	664	4711	C	41	0	4649	21.50570015057
A_MP	665	4739	A	13	0	4677	20.7893949112679
A_MP	666	4732	T	19	0	4693	20.819944598338
A_MP	667	4627	C	124	0	4590	21.8688453159041
A_MP	668	4710	C	41	0	4640	20.3525862068966
A_MP	669	4587	T	164	0	4348	19.5740570377185
A_MP	670	4681	A	68	0	4372	19.8709972552608
A_MP	671	4697	G	51	0	4648	18.5735800344234
A_MP	672	4698	C	50	0	4594	18.1691336525903
A_MP	673	4579	T	169	0	4503	19.037308461026
A_MP	674	4559	C	189	0	4512	21.1744237588652
A_MP	675	4719	C	27	0	4625	19.5744864864865
A_MP	676	4700	A	44	0	4597	18.3380465520992
A_MP	677	4678	G	66	0	4529	19.0812541399868
A_MP	678	4708	T	36	0	4566	19.9189662724485
A_MP	679	4703	G	41	0	4590	20.7050108932462
A_MP	680	4664	C	79	0	4615	21.5113759479957
A_MP	681	4711	C	32	0	4527	22.8217362491716
A_MP	682	4683	G	60	0	4559	22.1002412809827
A_MP	683	4730	G	13	0	4642	22.0598879793193
A_MP	684	4723	T	20	0	4660	21.9768240343348
A_MP	685	4713	C	30	0	4649	22.0656055065606
A_MP	686	4677	T	65	0	4548	21.7418645558487
A_MP	687	4429	G	312	0	4343	21.7096477089569
A_MP	688	4425	A	316	0	4377	22.9796664381997
A_MP	689	4422	G	319	0	4367	22.2292191435768
A_MP	690	4678	A	62	0	4637	21.9799439292646
A_MP	691	4666	G	74	0	4634	27.8446266724212
A_MP	692	4697	A	43	0	4657	30.8980030062272
A_MP	693	4680	T	60	0	4624	32.566392733564
A_MP	694	4711	G	29	0	4662	28.3371943371943
A_MP	695	4716	A	24	0	4679	26.235092968583
A_MP	696	4645	T	95	0	4603	25.2596132956767
A_MP	697	4588	C	152	0	4546	24.5235371755389
A_MP	698	4668	T	70	0	4628	23.6058772687986
A_MP	699	4593	C	145	0	4554	23.8524374176548
A_MP	700	4652	C	85	0	4578	22.0926168632591
A_MP	701	4450	T	287	0	4284	21.5838001867414
A_MP	702	4634	T	103	0	4492	21.0224844167409
A_MP	703	4699	G	38	0	4654	19.7217447357112
A_MP	704	4588	A	149	0	4490	19.8140311804009
A_MP	705	4671	A	66	0	4615	19.5644637053088
A_MP	706	4677	A	60	0	4637	20.9365969376752
A_MP	707	4652	A	85	0	4605	22.5517915309446
A_MP	708	4556	T	181	0	4456	23.2816427289048
A_MP	709	4696	T	41	0	4594	24.5015237265999
A_MP	710	4708	T	29	0	4628	24.397363872083
A_MP	711	4688	G	49	0	4558	23.4032470381746
A_MP	712	4669	C	68	0	4539	22.6177572152456
A_MP	713	4649	A	87	0	4458	20.9421265141319
A_MP	714	4650	G	86	0	4503	20.3220075505219
A_MP	715	4697	G	37	0	4574	20.1069086139047
A_MP	716	4677	C	56	0	4568	20.3183012259194
A_MP	717	4691	C	42	0	4592	20.5106707317073
A_MP	718	4609	T	122	0	4508	21.2604259094942
A_MP	719	4651	A	80	0	4590	21.0710239651416
A_MP	720	4631	C	100	0	4483	20.983939326344
A_MP	721	4675	C	56	0	4574	20.4289462177525
A_MP	722	4109	A	621	0	4049	20.6376883181032
A_MP	723	4628	A	102	0	4557	21.2696949747641
A_MP	724	4716	A	14	0	4699	22.64737178123
A_MP	725	4714	A	16	0	4692	26.7401960784314
A_MP	726	4704	A	26	0	4625	26.1783783783784
A_MP	727	4697	C	33	0	4641	25.7175177763413
A_MP	728	4673	G	57	0	4620	26.1300865800866
A_MP	729	4714	G	14	0	4659	24.7787078772269
A_MP	730	4711	A	17	0	4684	23.8768146883006
A_MP	731	4689	T	39	0	4655	23.6373791621912
A_MP	732	3920	G	808	0	3871	23.0309997416688
A_MP	733	4602	G	125	0	4541	22.4234750055054
A_MP	734	4622	G	105	0	4528	21.4860865724382
A_MP	735	4556	A	170	0	4465	20.9776035834267
A_MP	736	4627	G	98	0	4560	18.7287280701754
A_MP	737	4145	T	580	0	3972	18.0281973816717
A_MP	738	4451	G	274	0	4364	18.2600824931256
A_MP	739	4463	C	261	0	4065	18.780073800738
A_MP	740	4657	A	66	0	4616	18.2419844020797
A_MP	741	4690	A	33	0	4505	16.9795782463929
A_MP	742	4684	C	39	0	4562	17.0100832967996
A_MP	743	4658	T	64	0	4130	18.0813559322034
A_MP	744	4671	G	51	0	4610	17.4568329718004
A_MP	745	4679	C	42	0	4633	18.6906971724584
A_MP	746	4656	A	65	0	4451	17.0516737811728
A_MP	747	4675	G	46	0	4600	16.5747826086957
A_MP	748	4691	C	30	0	4599	17.2689715155469
A_MP	749	4645	G	76	0	4579	18.3815243502948
A_MP	750	4648	A	73	0	4571	19.5731787355065
A_MP	751	4669	T	52	0	4608	19.9893663194444
A_MP	752	4697	T	21	0	4596	20.8670583115753
A_MP	753	4679	C	39	0	4619	21.6455942844772
A_MP	754	4537	A	181	0	4391	21.5292644044637
A_MP	755	4614	A	104	0	4447	20.6919271418934
A_MP	756	4640	G	78	0	4557	19.5898617511521
A_MP	757	4608	T	110	0	4341	20.6892421101129
A_MP	758	4679	G	39	0	4616	20.9451906412478
A_MP	759	4693	A	25	0	4661	20.7073589358507
A_MP	760	4643	T	75	0	4594	21.0944710491946
A_MP	761	4612	C	106	0	4593	20.8772044415415
A_MP	762	4528	C	190	0	4498	19.8857269897732
A_MP	763	4528	T	190	0	4429	20.0090313840596
A_MP	764	4626	C	92	0	4564	20.157537248028
A_MP	765	4649	T	69	0	4577	21.3620275289491
A_MP	766	4515	C	203	0	4264	24.094512195122
A_MP	767	4634	G	84	0	4537	20.0489310116817
A_MP	768	4637	T	81	0	4460	20.4991031390135
A_MP	769	4630	T	88	0	4535	19.645203969129
A_MP	770	4614	A	103	0	4399	18.2364173675835
A_MP	771	4654	T	63	0	4470	18.8472035794183
A_MP	772	4670	T	47	0	4579	19.5252238480017
A_MP	773	4657	G	60	0	4576	19.3393793706294
A_MP	774	4653	C	64	0	4586	20.124291321413
A_MP	775	4674	C	43	0	4485	20.4383500557414
A_MP	776	4649	G	68	0	4506	19.4449622725255
A_MP	777	4646	C	71	0	4525	19.0441988950276
A_MP	778	4514	A	203	0	4419	18.9685449196651
A_MP	779	4578	A	139	0	4469	18.8541060639964
A_MP	780	4605	G	112	0	4437	18.7552400270453
A_MP	781	4618	T	99	0	4450	20.2056179775281
A_MP	782	4661	A	55	0	4584	20.6978621291449
A_MP	783	4656	T	60	0	4602	20.6753585397653
A_MP	784	4657	C	59	0	4609	22.365372098069
A_MP	785	4617	A	98	0	4515	21.1862679955703
A_MP	786	4637	T	78	0	4445	21.8058492688414
A_MP	787	4652	T	63	0	4585	22.2157033805889
A_MP	788	4400	G	315	0	4291	21.6383127476113
A_MP	789	4561	G	154	0	4509	21.7560434686183
A_MP	790	4693	G	22	0	4669	21.7931034482759
A_MP	791	4693	A	22	0	4673	22.0753263428205
A_MP	792	4666	T	49	0	4569	22.6471875683957
A_MP	793	4641	C	72	0	4574	22.6495408832532
A_MP	794	4549	T	164	0	4471	22.9680161037799
A_MP	795	4668	T	45	0	4572	22.7195975503062
A_MP	796	4644	G	69	0	4560	22.1133771929825
A_MP	797	4651	C	61	0	4509	22.519627411843
A_MP	798	4656	A	56	0	4556	21.5616769095698
A_MP	799	4667	C	44	0	4550	21.1701098901099
A_MP	800	4568	T	143	0	4447	21.6102990780301
A_MP	801	4656	T	54	0	4520	21.391814159292
A_MP	802	4681	G	29	0	4640	21.2620689655172
A_MP	803	4671	A	38	0	4627	21.4663929111735
A_MP	804	4671	T	38	0	4610	21.422125813449
A_MP	805	4638	A	71	0	4584	21.1767015706806
A_MP	806	4611	T	98	0	4493	21.9565991542399
A_MP	807	4621	T	88	0	4565	23.0431544359255
A_MP	808	4613	G	96	0	4426	22.279484862178
A_MP	809	4657	T	51	0	4539	21.7384886538885
A_MP	810	4520	G	188	0	4439	21.7438612300068
A_MP	811	4642	G	65	0	4585	20.7020719738277
A_MP	812	4646	A	61	0	4605	21.5326818675353
A_MP	813	4647	T	60	0	4605	21.1730727470141
A_MP	814	4623	T	84	0	4560	21.4839912280702
A_MP	815	4607	C	100	0	4501	22.2163963563653
A_MP	816	4530	T	177	0	4448	23.3603866906475
A_MP	817	4675	T	32	0	4623	22.789746917586
A_MP	818	4684	G	21	0	4646	22.3413689195006
A_MP	819	4690	A	14	0	4653	22.2357618740597
A_MP	820	4674	T	30	0	4628	21.8839671564391
A_MP	821	4660	C	43	0	4628	21.6266205704408
A_MP	822	4656	G	46	0	4592	21.2199477351916
A_MP	823	4658	C	44	0	4561	21.8748081561061
A_MP	824	4672	C	28	0	4628	21.7633967156439
A_MP	825	4405	T	295	0	4371	21.7268359643102
A_MP	826	4653	T	47	0	4615	22.9094257854821
A_MP	827	4633	T	66	0	4612	26.0303555941023
A_MP	828	4606	T	93	0	4581	26.0069853743724
A_MP	829	4584	C	115	0	4540	27.9096916299559
A_MP	830	4652	T	47	0	4624	25.4500432525952
A_MP	831	4674	T	25	0	4633	25.1260522339737
A_MP	832	4677	C	21	0	4632	24.949481865285
A_MP	833	4613	A	83	0	4582	23.9041903099083
A_MP	834	4659	A	36	0	4603	23.8199000651749
A_MP	835	4660	A	35	0	4605	24.5302931596091
A_MP	836	4659	T	36	0	4596	25.90818102698
A_MP	837	4636	G	58	0	4573	25.6831401705664
A_MP	838	4630	C	64	0	4571	25.0730693502516
A_MP	839	4560	G	134	0	4509	24.0878243512974
A_MP	840	4532	T	162	0	4447	23.2125028108837
A_MP	841	4660	T	34	0	4580	23.393231441048
A_MP	842	4665	T	29	0	4609	23.2759817747885
A_MP	843	4672	A	21	0	4629	24.0920285158782
A_MP	844	4664	T	29	0	4622	24.3918217221982
A_MP	845	4659	C	33	0	4626	24.3685689580631
A_MP	846	4659	G	32	0	4602	23.9419817470665
A_MP	847	4670	T	21	0	4563	23.795748411133
A_MP	848	4638	C	53	0	4582	23.3819292885203
A_MP	849	4634	G	56	0	4532	22.2932480141218
A_MP	850	4632	C	58	0	4573	22.3455062322327
A_MP	851	4642	C	47	0	4524	21.986074270557
A_MP	852	4548	T	140	0	4477	21.724592360956
A_MP	853	4647	T	41	0	4518	22.0205843293493
A_MP	854	4630	A	56	0	4525	21.9113812154696
A_MP	855	4670	A	15	0	4642	22.5112020680741
A_MP	856	4675	A	10	0	4633	22.7984027627887
A_MP	857	4675	T	10	0	4571	25.2351782979654
A_MP	858	4649	A	35	0	4600	25.6415217391304
A_MP	859	4632	C	51	0	4545	25.0519251925193
A_MP	860	4634	G	49	0	4584	24.0135253054101
A_MP	861	4668	G	15	0	4632	23.2882124352332
A_MP	862	4634	T	49	0	4542	23.1468516072215
A_MP	863	4674	T	9	0	4606	23.4057750759878
A_MP	864	4669	T	13	0	4624	23.8622404844291
A_MP	865	4636	G	45	0	4555	24.0873765093304
A_MP	866	4526	A	154	0	4469	24.0644439471918
A_MP	867	4579	A	101	0	4508	23.3072315882875
A_MP	868	4581	A	97	0	4501	22.7522772717174
A_MP	869	4534	G	144	0	4435	23.0766629086809
A_MP	870	4573	G	105	0	4550	22.0206593406593
A_MP	871	4608	A	70	0	4558	20.9093900833699
A_MP	872	4416	G	262	0	4363	20.4221865688746
A_MP	873	4642	G	36	0	4596	19.437771975631
A_MP	874	4614	G	63	0	4512	19.3129432624113
A_MP	875	4568	C	109	0	4506	18.8020417221482
A_MP	876	4553	C	123	0	4445	19.0625421822272
A_MP	877	4441	T	234	0	4361	19.141710616831
A_MP	878	4604	T	70	0	4529	19.9375137999558
A_MP	879	4595	C	78	0	4489	20.498329249276
A_MP	880	4271	T	402	0	4159	19.5556624188507
A_MP	881	4576	A	95	0	4497	17.975761618857
A_MP	882	4583	C	88	0	4504	17.5210923623446
A_MP	883	4493	G	177	0	4424	16.7093128390597
A_MP	884	4617	G	52	0	4570	16.836761487965
A_MP	885	4617	A	52	0	4577	17.6829801179812
A_MP	886	4634	A	35	0	4604	19.5388792354474
A_MP	887	4539	G	130	0	4495	19.4591768631813
A_MP	888	4568	G	101	0	4396	19.4290263876251
A_MP	889	4568	A	101	0	4480	19.1830357142857
A_MP	890	4628	G	40	0	4478	19.0734702992407
A_MP	891	4631	T	36	0	4507	18.4007100066563
A_MP	892	4636	A	31	0	4528	18.9587014134276
A_MP	893	4600	C	67	0	4482	19.5499776885319
A_MP	894	4630	C	36	0	4519	19.8585970347422
A_MP	895	4538	T	128	0	4184	19.5858030592734
A_MP	896	4631	G	35	0	4584	19.2188045375218
A_MP	897	4612	A	53	0	4563	18.4987946526408
A_MP	898	4620	G	45	0	4574	17.7538259728903
A_MP	899	4643	T	22	0	4608	17.7515190972222
A_MP	900	4618	C	47	0	4573	18.8390553247321
A_MP	901	4636	C	28	0	4573	21.3124863328231
A_MP	902	4623	A	41	0	4542	22.022236900044
A_MP	903	4584	T	79	0	4467	22.6183120662637
A_MP	904	4586	G	77	0	4551	22.3289386947924
A_MP	905	4553	A	110	0	4452	21.4373315363881
A_MP	906	4232	G	431	0	4167	21.2579793616511
A_MP	907	4597	G	65	0	4570	20.691466083151
A_MP	908	4615	G	46	0	4572	19.5262467191601
A_MP	909	4596	A	65	0	4577	19.4996722744156
A_MP	910	4630	A	31	0	4592	20.26393728223
A_MP	911	4608	G	53	0	4529	19.7065577390152
A_MP	912	4617	A	44	0	4577	21.0196635350666
A_MP	913	4624	G	35	0	4500	21.2146666666667
A_MP	914	4594	T	63	0	4493	20.7976852882261
A_MP	915	4577	A	79	0	4407	20.7338325391423
A_MP	916	4470	C	186	0	4154	20.6622532498796
A_MP	917	4600	C	55	0	4112	20.3054474708171
A_MP	918	4560	G	95	0	4381	19.0241953891806
A_MP	919	4622	G	33	0	4532	18.1601941747573
A_MP	920	4598	C	57	0	4487	17.9297971918877
A_MP	921	4590	A	64	0	4452	16.9764150943396
A_MP	922	4546	G	106	0	4453	17.6647204132046
A_MP	923	4628	G	23	0	4560	18.8899122807018
A_MP	924	4620	A	31	0	4586	19.8892280854775
A_MP	925	4633	A	18	0	4566	21.5667980727113
A_MP	926	4611	C	40	0	4559	21.5481465233604
A_MP	927	4604	A	46	0	4537	21.3634560282125
A_MP	928	4603	G	47	0	4550	21.4035164835165
A_MP	929	4602	C	48	0	4535	21.8610804851158
A_MP	930	4557	A	93	0	4490	21.1826280623608
A_MP	931	4590	G	60	0	4546	21.0714914210295
A_MP	932	4584	A	64	0	4540	20.6962555066079
A_MP	933	4506	G	140	0	4410	20.8190476190476
A_MP	934	4263	T	381	0	4052	20.7055774925962
A_MP	935	4552	G	92	0	4502	20.1001776988005
A_MP	936	4536	C	108	0	4359	19.7081899518238
A_MP	937	4509	T	135	0	4322	19.7903748264692
A_MP	938	4533	G	111	0	4479	19.0515740120563
A_MP	939	4574	T	69	0	4423	18.7818222925616
A_MP	940	4339	G	304	0	4286	19.7643490433971
A_MP	941	4622	G	21	0	4597	19.6145312160104
A_MP	942	4624	A	18	0	4605	20.6436482084691
A_MP	943	4621	T	20	0	4581	21.3230735647239
A_MP	944	4620	G	21	0	4584	20.9408813263525
A_MP	945	4597	T	44	0	4180	21.9526315789474
A_MP	946	4622	T	18	0	4535	22.4039691289967
A_MP	947	4603	G	36	0	4586	21.8366768425643
A_MP	948	4602	A	37	0	4570	22.2748358862144
A_MP	949	4608	C	30	0	4525	21.5858563535912
A_MP	950	4604	G	33	0	4556	21.0390693590869
A_MP	951	4607	A	28	0	4563	21.5167652859961
A_MP	952	4604	T	31	0	4491	22.3291026497439
A_MP	953	4571	G	62	0	4416	22.0190217391304
A_MP	954	4589	G	43	0	4509	21.6198713683744
A_MP	955	4566	T	63	0	4498	21.8019119608715
A_MP	956	4579	C	50	0	4535	21.8374862183021
A_MP	957	4586	A	42	0	4515	22.4961240310078
A_MP	958	4397	T	230	0	4289	23.4133830729774
A_MP	959	4580	T	45	0	4528	24.5887809187279
A_MP	960	4613	T	10	0	4587	25.464573795509
A_MP	961	4613	T	8	0	4537	26.6092131364338
A_MP	962	4606	G	15	0	4549	27.198944823038
A_MP	963	4606	T	14	0	4532	27.4664607237423
A_MP	964	4601	C	18	0	4570	26.082056892779
A_MP	965	4589	A	27	0	4565	24.2626506024096
A_MP	966	4602	A	11	0	4466	23.2127183161666
A_MP	967	4594	C	16	0	4500	23.5362222222222
A_MP	968	4566	A	42	0	4538	23.1251652710445
A_MP	969	4561	T	45	0	4487	22.7055939380432
A_MP	970	4555	A	48	0	4508	22.8899733806566
A_MP	971	4566	G	24	0	4541	22.2818762387139
A_MP	972	4553	A	30	0	4516	22.1857838795394
A_MP	973	4538	G	35	0	4490	22.3665924276169
A_MP	974	4531	C	35	0	4445	21.8013498312711
A_MP	975	4541	T	14	0	4491	22.1073257626364
A_MP	976	4293	G	242	0	4214	22.687470336972
A_MP	977	4440	G	0	0	4422	22.4717322478517
A_MP	978	4203	A	182	0	4179	19.908111988514
A_MP	979	4359	G	0	0	4353	18.1029175281415
A_MP	980	4332	T	0	0	4237	17.1944772244513
A_MP	981	4310	A	0	0	4310	18.0354988399072
A_MP	982	4293	A	0	0	4293	21.5425110645236
