Reference_Name	Position	Coverage Depth	Consensus	Deletions	Ambiguous	Consensus_Count	Consensus_Average_Quality
A_NA_N1	1	477	A	0	0	477	25.664570230608
A_NA_N1	2	478	T	0	0	478	25.4372384937239
A_NA_N1	3	488	G	0	0	488	23.9733606557377
A_NA_N1	4	493	A	0	0	492	24.1524390243902
A_NA_N1	5	494	A	0	0	493	24.4279918864097
A_NA_N1	6	487	T	9	0	483	24.6542443064182
A_NA_N1	7	461	C	36	0	458	25.2270742358079
A_NA_N1	8	496	C	2	0	478	22.2071129707113
A_NA_N1	9	489	A	10	0	489	21.4233128834356
A_NA_N1	10	496	A	4	0	494	22.5283400809717
A_NA_N1	11	499	A	1	0	491	24.4949083503055
A_NA_N1	12	500	T	1	0	490	24.4020408163265
A_NA_N1	13	500	C	1	0	496	24.0745967741935
A_NA_N1	14	470	A	31	0	463	21.3131749460043
A_NA_N1	15	494	A	7	0	491	21.142566191446
A_NA_N1	16	497	A	4	0	494	22.7732793522267
A_NA_N1	17	497	A	4	0	492	24.6524390243902
A_NA_N1	18	497	G	4	0	493	25.3914807302231
A_NA_N1	19	500	A	1	0	495	23.8424242424242
A_NA_N1	20	500	T	1	0	496	23.4395161290323
A_NA_N1	21	497	A	4	0	492	23.219512195122
A_NA_N1	22	498	A	3	0	488	23
A_NA_N1	23	495	C	6	0	483	22.6645962732919
A_NA_N1	24	499	A	2	0	496	22.7762096774194
A_NA_N1	25	500	A	1	0	496	22.3447580645161
A_NA_N1	26	495	C	6	0	487	23.3839835728953
A_NA_N1	27	499	C	2	0	483	23.5900621118012
A_NA_N1	28	499	A	2	0	494	22.6801619433198
A_NA_N1	29	500	T	1	0	495	22.7979797979798
A_NA_N1	30	500	T	1	0	498	22.7469879518072
A_NA_N1	31	456	G	45	0	454	22.6211453744493
A_NA_N1	32	501	G	0	0	500	21.368
A_NA_N1	33	500	A	1	0	499	21.6713426853707
A_NA_N1	34	501	T	0	0	499	22.2605210420842
A_NA_N1	35	500	C	1	0	496	22.8427419354839
A_NA_N1	36	501	A	0	0	496	22.4838709677419
A_NA_N1	37	501	A	0	0	499	22.0060120240481
A_NA_N1	38	499	T	2	0	495	22.3575757575758
A_NA_N1	39	498	C	3	0	489	23.3271983640082
A_NA_N1	40	490	T	11	0	481	22.1621621621622
A_NA_N1	41	493	G	8	0	484	21.4111570247934
A_NA_N1	42	493	T	8	0	481	21.4760914760915
A_NA_N1	43	495	A	6	0	490	21.6367346938775
A_NA_N1	44	499	T	2	0	494	21.7975708502024
A_NA_N1	45	496	G	5	0	473	21.4397463002114
A_NA_N1	46	497	G	4	0	493	20.6146044624746
A_NA_N1	47	495	T	6	0	488	20.7848360655738
A_NA_N1	48	471	A	30	0	465	21.447311827957
A_NA_N1	49	494	A	7	0	481	20.3596673596674
A_NA_N1	50	493	T	8	0	459	20.7734204793028
A_NA_N1	51	490	T	11	0	484	20.698347107438
A_NA_N1	52	475	G	26	0	459	19.681917211329
A_NA_N1	53	485	G	16	0	475	19.4778947368421
A_NA_N1	54	496	G	5	0	494	19.9919028340081
A_NA_N1	55	495	A	6	0	490	20.734693877551
A_NA_N1	56	494	T	7	0	478	22.020920502092
A_NA_N1	57	494	A	7	0	475	21.9368421052632
A_NA_N1	58	493	G	8	0	478	22.0125523012552
A_NA_N1	59	495	T	6	0	478	21.9100418410042
A_NA_N1	60	497	C	4	0	485	21.8288659793814
A_NA_N1	61	494	A	7	0	482	20.2883817427386
A_NA_N1	62	492	G	9	0	467	19.982869379015
A_NA_N1	63	492	C	9	0	477	19.8972746331237
A_NA_N1	64	465	T	36	0	461	21.0845986984816
A_NA_N1	65	480	T	21	0	474	22.0675105485232
A_NA_N1	66	488	G	13	0	482	23.3381742738589
A_NA_N1	67	492	A	9	0	488	23.8340163934426
A_NA_N1	68	490	T	11	0	486	23.7942386831276
A_NA_N1	69	488	G	13	0	483	23.8550724637681
A_NA_N1	70	493	C	8	0	482	22.4439834024896
A_NA_N1	71	492	T	9	0	473	21.784355179704
A_NA_N1	72	496	G	5	0	490	20.7836734693878
A_NA_N1	73	499	C	2	0	487	21.3757700205339
A_NA_N1	74	489	A	12	0	483	22.0890269151139
A_NA_N1	75	499	A	2	0	492	22.5060975609756
A_NA_N1	76	497	A	4	0	486	22.9115226337449
A_NA_N1	77	495	T	6	0	487	22.5564681724846
A_NA_N1	78	494	T	7	0	488	22.2745901639344
A_NA_N1	79	462	G	39	0	436	18.993119266055
A_NA_N1	80	484	G	17	0	461	17.7744034707158
A_NA_N1	81	495	G	6	0	480	16.8791666666667
A_NA_N1	82	495	A	7	0	488	17.3934426229508
A_NA_N1	83	498	A	4	0	486	19.0843621399177
A_NA_N1	84	496	C	6	0	486	19.6625514403292
A_NA_N1	85	498	A	4	0	497	19.7746478873239
A_NA_N1	86	498	T	4	0	489	20.8507157464213
A_NA_N1	87	499	A	3	0	497	20.8571428571429
A_NA_N1	88	501	A	1	0	498	22.1104417670683
A_NA_N1	89	485	T	17	0	467	22.2248394004283
A_NA_N1	90	485	C	17	0	465	23.2172043010753
A_NA_N1	91	496	T	6	0	491	22.8594704684318
A_NA_N1	92	494	C	8	0	491	23.3849287169043
A_NA_N1	93	497	A	5	0	493	22.4016227180527
A_NA_N1	94	501	A	1	0	493	22.9817444219067
A_NA_N1	95	500	T	2	0	489	23.6952965235174
A_NA_N1	96	499	A	3	0	496	23.1572580645161
A_NA_N1	97	494	T	8	0	485	23.8268041237113
A_NA_N1	98	477	G	25	0	467	23.6359743040685
A_NA_N1	99	490	G	12	0	478	22.7719665271967
A_NA_N1	100	498	G	4	0	482	21.4958506224066
A_NA_N1	101	497	T	5	0	484	21.5227272727273
A_NA_N1	102	499	T	3	0	494	21.8076923076923
A_NA_N1	103	498	A	4	0	488	21.9139344262295
A_NA_N1	104	498	G	4	0	488	21.1926229508197
A_NA_N1	105	495	C	7	0	483	20.9171842650104
A_NA_N1	106	498	C	4	0	479	21.5302713987474
A_NA_N1	107	499	A	3	0	492	21.9756097560976
A_NA_N1	108	499	T	3	0	488	23.6680327868852
A_NA_N1	109	501	T	1	0	490	24.6795918367347
A_NA_N1	110	501	C	1	0	492	24.3353658536585
A_NA_N1	111	497	A	5	0	493	22.4178498985801
A_NA_N1	112	501	A	1	0	498	21.4096385542169
A_NA_N1	113	493	T	9	0	481	22.1205821205821
A_NA_N1	114	476	C	26	0	467	23.0214132762313
A_NA_N1	115	499	C	3	0	484	20.7706611570248
A_NA_N1	116	495	A	7	0	492	20.7418699186992
A_NA_N1	117	498	A	4	0	495	21.6565656565657
A_NA_N1	118	499	A	3	0	490	23.5183673469388
A_NA_N1	119	498	C	4	0	485	23.0865979381443
A_NA_N1	120	494	A	8	0	485	19.6288659793814
A_NA_N1	121	389	G	113	0	380	18.1552631578947
A_NA_N1	122	486	G	16	0	476	17.9012605042017
A_NA_N1	123	495	G	7	0	490	18.1530612244898
A_NA_N1	124	496	A	6	0	494	18.6619433198381
A_NA_N1	125	498	A	4	0	492	20.7581300813008
A_NA_N1	126	499	T	3	0	492	20.6178861788618
A_NA_N1	127	495	C	7	0	492	21.8109756097561
A_NA_N1	128	496	A	6	0	489	20.3026584867076
A_NA_N1	129	498	A	4	0	488	19.9672131147541
A_NA_N1	130	495	T	7	0	484	22.1962809917355
A_NA_N1	131	497	A	5	0	479	21.580375782881
A_NA_N1	132	488	C	14	0	472	21.396186440678
A_NA_N1	133	501	C	1	0	480	21.1979166666667
A_NA_N1	134	498	A	4	0	487	20.9055441478439
A_NA_N1	135	492	G	10	0	470	21.2957446808511
A_NA_N1	136	484	C	18	0	470	21.7595744680851
A_NA_N1	137	501	C	1	0	489	21.3149284253579
A_NA_N1	138	500	T	1	0	488	20.9795081967213
A_NA_N1	139	497	G	4	0	489	22.2310838445808
A_NA_N1	140	497	A	4	0	491	23.1894093686354
A_NA_N1	141	499	A	2	0	493	23.6957403651116
A_NA_N1	142	494	C	7	0	492	23.8150406504065
A_NA_N1	143	498	C	3	0	477	23.3522012578616
A_NA_N1	144	497	A	4	0	496	23.5161290322581
A_NA_N1	145	495	T	6	0	490	23.3183673469388
A_NA_N1	146	496	G	5	0	487	22.8336755646817
A_NA_N1	147	496	C	4	0	490	22.7591836734694
A_NA_N1	148	495	A	5	0	491	22.6843177189409
A_NA_N1	149	498	A	2	0	496	22.9112903225806
A_NA_N1	150	497	T	3	0	488	24.6946721311475
A_NA_N1	151	498	C	2	0	494	25.7287449392713
A_NA_N1	152	479	A	21	0	478	24.9330543933054
A_NA_N1	153	492	A	8	0	489	24.4294478527607
A_NA_N1	154	493	A	7	0	491	22.6354378818737
A_NA_N1	155	493	G	7	0	487	22.1457905544148
A_NA_N1	156	498	C	2	0	492	21.760162601626
A_NA_N1	157	498	A	2	0	494	21.5323886639676
A_NA_N1	158	497	T	3	0	494	22.004048582996
A_NA_N1	159	498	C	2	0	494	23.8927125506073
A_NA_N1	160	499	A	1	0	491	22.6374745417515
A_NA_N1	161	495	T	5	0	487	22.9075975359343
A_NA_N1	162	496	T	3	0	494	23.6336032388664
A_NA_N1	163	491	A	7	0	487	23.5071868583162
A_NA_N1	164	485	C	13	0	483	23.0269151138716
A_NA_N1	165	490	C	8	0	484	22.6818181818182
A_NA_N1	166	484	T	14	0	475	22.6168421052632
A_NA_N1	167	495	A	3	0	484	22.6322314049587
A_NA_N1	168	495	T	3	0	487	22.3860369609856
A_NA_N1	169	482	G	16	0	474	20.1983122362869
A_NA_N1	170	488	A	10	0	481	19.4365904365904
A_NA_N1	171	495	G	3	0	488	18.2704918032787
A_NA_N1	172	489	A	9	0	485	19.360824742268
A_NA_N1	173	490	A	8	0	479	19.4070981210856
A_NA_N1	174	492	C	6	0	483	19.1262939958592
A_NA_N1	175	497	A	2	0	497	19.841046277666
A_NA_N1	176	498	A	1	0	492	20.8678861788618
A_NA_N1	177	498	C	1	0	489	21.0265848670757
A_NA_N1	178	498	A	1	0	495	21.0464646464646
A_NA_N1	179	494	C	5	0	484	20.6797520661157
A_NA_N1	180	497	C	2	0	487	20.5503080082136
A_NA_N1	181	489	T	10	0	481	20.3887733887734
A_NA_N1	182	465	G	34	0	455	20.2087912087912
A_NA_N1	183	467	G	31	0	458	19.9323144104803
A_NA_N1	184	482	G	16	0	480	18.28125
A_NA_N1	185	483	T	13	0	452	18.2455752212389
A_NA_N1	186	477	A	19	0	464	18.5193965517241
A_NA_N1	187	495	A	1	0	493	19.815415821501
A_NA_N1	188	492	A	4	0	484	22.0640495867769
A_NA_N1	189	491	T	5	0	464	25.4159482758621
A_NA_N1	190	492	C	4	0	482	25.0041493775934
A_NA_N1	191	490	A	6	0	475	22.7263157894737
A_NA_N1	192	492	G	4	0	486	21.9135802469136
A_NA_N1	193	495	A	1	0	488	22.3258196721311
A_NA_N1	194	495	C	1	0	480	22.18125
A_NA_N1	195	491	G	5	0	485	22.1030927835052
A_NA_N1	196	483	T	13	0	460	22.6434782608696
A_NA_N1	197	488	A	8	0	480	23.0520833333333
A_NA_N1	198	492	T	4	0	476	23.4978991596639
A_NA_N1	199	492	G	4	0	485	23.3773195876289
A_NA_N1	200	492	T	4	0	481	23.6112266112266
A_NA_N1	201	492	C	4	0	487	23.4804928131417
A_NA_N1	202	491	A	5	0	489	22.5296523517382
A_NA_N1	203	492	A	4	0	482	22.155601659751
A_NA_N1	204	491	C	5	0	488	22.0573770491803
A_NA_N1	205	491	A	5	0	489	22.1063394683027
A_NA_N1	206	490	T	6	0	488	21.6372950819672
A_NA_N1	207	489	C	6	0	486	22.4670781893004
A_NA_N1	208	492	A	3	0	490	20.4326530612245
A_NA_N1	209	490	G	5	0	465	18.1032258064516
A_NA_N1	210	488	C	7	0	476	17.9789915966387
A_NA_N1	211	486	A	9	0	483	17.9233954451346
A_NA_N1	212	489	A	6	0	484	18.3863636363636
A_NA_N1	213	491	T	4	0	481	21.2494802494802
A_NA_N1	214	489	A	6	0	479	21.7515657620042
A_NA_N1	215	488	C	7	0	473	20.0042283298097
A_NA_N1	216	491	C	4	0	477	18.8343815513627
A_NA_N1	217	487	A	8	0	483	18.0828157349896
A_NA_N1	218	492	A	2	0	479	18.3444676409186
A_NA_N1	219	485	T	9	0	476	19.6743697478992
A_NA_N1	220	489	T	5	0	482	21.2759336099585
A_NA_N1	221	489	T	5	0	483	22.7971014492754
A_NA_N1	222	485	T	9	0	477	24.9433962264151
A_NA_N1	223	483	C	10	0	474	26.4978902953587
A_NA_N1	224	481	T	11	0	471	23.7579617834395
A_NA_N1	225	488	T	3	0	482	23.0290456431535
A_NA_N1	226	483	G	8	0	469	22.9616204690832
A_NA_N1	227	475	C	10	0	381	23.4146981627297
A_NA_N1	228	474	T	11	0	462	22.6363636363636
A_NA_N1	229	482	G	3	0	472	21.614406779661
A_NA_N1	230	479	A	5	0	474	21.5907172995781
A_NA_N1	231	476	G	8	0	471	20.687898089172
A_NA_N1	232	479	C	5	0	469	20.4477611940299
A_NA_N1	233	480	A	4	0	464	18.385775862069
A_NA_N1	234	471	G	13	0	452	17.4070796460177
A_NA_N1	235	479	G	5	0	466	17.2360515021459
A_NA_N1	236	479	C	5	0	468	16.8205128205128
A_NA_N1	237	477	T	7	0	456	17.8048245614035
A_NA_N1	238	480	G	4	0	463	19.0539956803456
A_NA_N1	239	478	T	6	0	465	18.9806451612903
A_NA_N1	240	480	T	4	0	472	19.7648305084746
A_NA_N1	241	480	A	4	0	465	19.4516129032258
A_NA_N1	242	470	C	14	0	467	19.7537473233405
A_NA_N1	243	460	T	24	0	455	20.7956043956044
A_NA_N1	244	446	T	38	0	436	21.9151376146789
A_NA_N1	245	442	C	42	0	425	23.3341176470588
A_NA_N1	246	471	G	13	0	448	20.1272321428571
A_NA_N1	247	481	G	3	0	471	19.0169851380042
A_NA_N1	248	480	T	4	0	454	18.9779735682819
A_NA_N1	249	482	A	2	0	471	19.3503184713376
A_NA_N1	250	483	A	1	0	469	20.727078891258
A_NA_N1	251	484	C	0	0	466	21.4678111587983
A_NA_N1	252	482	A	2	0	466	19.4742489270386
A_NA_N1	253	482	T	2	0	471	19.3205944798301
A_NA_N1	254	475	T	9	0	470	18.9936170212766
A_NA_N1	255	468	A	16	0	435	17.1080459770115
A_NA_N1	256	463	G	21	0	447	17.1029082774049
A_NA_N1	257	470	C	11	0	436	17.0344036697248
A_NA_N1	258	455	G	26	0	429	17.8461538461538
A_NA_N1	259	474	G	7	0	448	20.5892857142857
A_NA_N1	260	473	G	7	0	452	22.0840707964602
A_NA_N1	261	470	C	10	0	455	21.5956043956044
A_NA_N1	262	462	A	18	0	455	21.2725274725275
A_NA_N1	263	464	A	16	0	451	22.0487804878049
A_NA_N1	264	464	T	16	0	453	21.7505518763797
A_NA_N1	265	475	T	4	0	448	22.3459821428571
A_NA_N1	266	474	C	5	0	468	20.9209401709402
A_NA_N1	267	475	A	4	0	462	20.3268398268398
A_NA_N1	268	466	T	13	0	456	20.6293859649123
A_NA_N1	269	461	C	18	0	454	21.2312775330396
A_NA_N1	270	469	T	10	0	462	22.034632034632
A_NA_N1	271	464	C	15	0	459	25.516339869281
A_NA_N1	272	428	T	51	0	418	27.6746411483254
A_NA_N1	273	471	T	8	0	467	22.865096359743
A_NA_N1	274	468	T	11	0	459	22.636165577342
A_NA_N1	275	466	G	12	0	451	21.2416851441242
A_NA_N1	276	451	C	27	0	445	20.4988764044944
A_NA_N1	277	468	C	10	0	458	19.8100436681223
A_NA_N1	278	474	C	4	0	463	18.9157667386609
A_NA_N1	279	472	T	6	0	458	19.7292576419214
A_NA_N1	280	475	A	3	0	471	19.8216560509554
A_NA_N1	281	474	T	4	0	471	20.4692144373673
A_NA_N1	282	476	T	2	0	472	20.8474576271186
A_NA_N1	283	472	A	6	0	449	19.3652561247216
A_NA_N1	284	466	G	11	0	454	17.8281938325991
A_NA_N1	285	468	T	9	0	459	18.2156862745098
A_NA_N1	286	440	G	36	0	426	18.8849765258216
A_NA_N1	287	460	G	16	0	442	19.8257918552036
A_NA_N1	288	470	G	6	0	444	20.240990990991
A_NA_N1	289	469	T	7	0	456	20.6995614035088
A_NA_N1	290	463	G	13	0	434	20.2165898617512
A_NA_N1	291	472	G	4	0	451	20.2328159645233
A_NA_N1	292	473	G	3	0	459	19.5010893246187
A_NA_N1	293	472	C	4	0	457	18.8665207877462
A_NA_N1	294	454	A	22	0	447	19.2214765100671
A_NA_N1	295	460	A	15	0	450	20.4355555555556
A_NA_N1	296	462	T	13	0	436	21.552752293578
A_NA_N1	297	474	A	1	0	467	22.4154175588865
A_NA_N1	298	474	T	1	0	462	26.487012987013
A_NA_N1	299	471	A	4	0	454	23.4823788546256
A_NA_N1	300	470	C	5	0	459	21.7843137254902
A_NA_N1	301	472	A	3	0	439	19.3371298405467
A_NA_N1	302	469	G	6	0	459	18.7450980392157
A_NA_N1	303	464	T	11	0	443	18.5191873589165
A_NA_N1	304	463	A	12	0	452	19.2920353982301
A_NA_N1	305	470	A	5	0	450	19.9088888888889
A_NA_N1	306	470	G	5	0	461	19.3210412147505
A_NA_N1	307	475	G	0	0	470	20.6276595744681
A_NA_N1	308	472	A	3	0	470	21.1191489361702
A_NA_N1	309	473	C	2	0	468	22.0683760683761
A_NA_N1	310	474	A	1	0	471	22.9023354564756
A_NA_N1	311	471	A	4	0	462	24.1558441558442
A_NA_N1	312	466	C	9	0	452	23.5353982300885
A_NA_N1	313	466	G	9	0	445	21.9573033707865
A_NA_N1	314	473	G	2	0	461	20.5965292841649
A_NA_N1	315	471	T	4	0	459	20.5555555555556
A_NA_N1	316	469	A	6	0	460	20.1304347826087
A_NA_N1	317	472	T	3	0	461	21.2190889370933
A_NA_N1	318	460	A	15	0	452	21.8340707964602
A_NA_N1	319	465	A	10	0	446	20.2309417040359
A_NA_N1	320	450	G	25	0	442	18.2126696832579
A_NA_N1	321	465	A	10	0	456	17.7982456140351
A_NA_N1	322	468	A	7	0	460	17.6347826086957
A_NA_N1	323	469	T	6	0	453	18.0816777041943
A_NA_N1	324	471	T	4	0	467	19.3254817987152
A_NA_N1	325	451	G	24	0	439	19.0956719817768
A_NA_N1	326	466	G	9	0	459	19.7625272331155
A_NA_N1	327	472	G	3	0	455	21.0769230769231
A_NA_N1	328	472	T	3	0	466	21.774678111588
A_NA_N1	329	459	C	16	0	454	22.1607929515419
A_NA_N1	330	468	C	7	0	445	20.247191011236
A_NA_N1	331	457	A	18	0	453	20.1236203090508
A_NA_N1	332	462	A	13	0	458	20.7554585152838
A_NA_N1	333	397	G	78	0	365	18.9890410958904
A_NA_N1	334	457	G	17	0	454	20.8942731277533
A_NA_N1	335	466	G	8	0	458	20.7860262008734
A_NA_N1	336	470	G	4	0	465	21.3440860215054
A_NA_N1	337	469	G	5	0	464	21.8900862068966
A_NA_N1	338	468	A	6	0	466	22.519313304721
A_NA_N1	339	465	T	9	0	459	22.5403050108932
A_NA_N1	340	465	G	9	0	457	22.582056892779
A_NA_N1	341	470	T	4	0	462	23.004329004329
A_NA_N1	342	470	G	4	0	465	24.3225806451613
A_NA_N1	343	465	T	9	0	454	26.2444933920705
A_NA_N1	344	469	T	5	0	464	25.8836206896552
A_NA_N1	345	468	T	6	0	460	26.3934782608696
A_NA_N1	346	471	G	3	0	463	25.3066954643628
A_NA_N1	347	472	T	2	0	464	23.7306034482759
A_NA_N1	348	470	T	4	0	464	23.3836206896552
A_NA_N1	349	471	A	3	0	464	22.0818965517241
A_NA_N1	350	473	T	1	0	459	22.1830065359477
A_NA_N1	351	462	A	12	0	454	21.4096916299559
A_NA_N1	352	467	A	7	0	464	19.4461206896552
A_NA_N1	353	459	G	15	0	451	17.669623059867
A_NA_N1	354	470	A	4	0	464	19.5495689655172
A_NA_N1	355	470	G	4	0	466	23.5643776824034
A_NA_N1	356	470	A	4	0	468	21.2948717948718
A_NA_N1	357	473	A	1	0	470	20.1425531914894
A_NA_N1	358	468	C	6	0	458	20.7445414847162
A_NA_N1	359	470	C	4	0	417	21.4988009592326
A_NA_N1	360	468	G	6	0	456	20.6447368421053
A_NA_N1	361	473	T	1	0	463	21.3628509719222
A_NA_N1	362	473	T	1	0	460	21.7565217391304
A_NA_N1	363	472	C	2	0	461	21.8655097613883
A_NA_N1	364	471	A	3	0	468	22.1901709401709
A_NA_N1	365	465	T	9	0	463	22.1317494600432
A_NA_N1	366	462	C	12	0	454	22.4295154185022
A_NA_N1	367	470	T	4	0	459	21.9019607843137
A_NA_N1	368	470	C	4	0	467	22.4368308351178
A_NA_N1	369	469	A	5	0	464	21.3125
A_NA_N1	370	463	T	11	0	455	21.7428571428571
A_NA_N1	371	464	G	10	0	454	21.7444933920705
A_NA_N1	372	466	C	8	0	455	21.6747252747253
A_NA_N1	373	462	T	12	0	458	22.3799126637555
A_NA_N1	374	453	C	21	0	448	22.4910714285714
A_NA_N1	375	467	C	7	0	461	22.9110629067245
A_NA_N1	376	471	C	2	0	464	22.260775862069
A_NA_N1	377	469	A	4	0	461	21.8026030368764
A_NA_N1	378	468	C	5	0	465	22.0408602150538
A_NA_N1	379	460	T	13	0	455	22.0813186813187
A_NA_N1	380	464	T	8	0	459	22.4640522875817
A_NA_N1	381	454	G	18	0	444	23.0833333333333
A_NA_N1	382	471	G	1	0	464	21.5905172413793
A_NA_N1	383	468	A	4	0	465	21.5311827956989
A_NA_N1	384	470	A	2	0	466	23.0579399141631
A_NA_N1	385	469	T	2	0	464	23.0797413793103
A_NA_N1	386	466	G	5	0	458	24.1244541484716
A_NA_N1	387	468	C	3	0	463	24.0518358531317
A_NA_N1	388	465	A	6	0	463	21.1015118790497
A_NA_N1	389	470	G	1	0	470	19.4255319148936
A_NA_N1	390	469	A	2	0	465	19.3569892473118
A_NA_N1	391	469	A	2	0	459	20.1633986928105
A_NA_N1	392	464	C	7	0	458	19.6724890829694
A_NA_N1	393	466	C	5	0	464	18.9870689655172
A_NA_N1	394	367	T	104	0	360	18.8833333333333
A_NA_N1	395	452	T	19	0	449	19.5011135857461
A_NA_N1	396	462	T	9	0	456	21.2697368421053
A_NA_N1	397	460	T	11	0	455	23.0241758241758
A_NA_N1	398	455	T	16	0	438	18.8310502283105
A_NA_N1	399	445	C	26	0	440	19.65
A_NA_N1	400	469	C	2	0	466	17.8175965665236
A_NA_N1	401	463	T	8	0	447	16.8545861297539
A_NA_N1	402	466	G	5	0	459	18.5947712418301
A_NA_N1	403	467	A	4	0	460	20.3586956521739
A_NA_N1	404	456	C	15	0	441	20.1768707482993
A_NA_N1	405	454	C	17	0	439	18.7015945330296
A_NA_N1	406	458	C	13	0	432	17.5694444444444
A_NA_N1	407	452	A	19	0	425	17.1858823529412
A_NA_N1	408	398	G	73	0	383	16.5065274151436
A_NA_N1	409	461	G	10	0	450	16.7288888888889
A_NA_N1	410	464	G	7	0	458	17.4803493449782
A_NA_N1	411	458	A	13	0	450	18.9488888888889
A_NA_N1	412	465	G	6	0	462	20.04329004329
A_NA_N1	413	461	C	10	0	455	20.6791208791209
A_NA_N1	414	463	T	8	0	448	21.2924107142857
A_NA_N1	415	467	C	4	0	455	22.6857142857143
A_NA_N1	416	461	T	10	0	454	22.715859030837
A_NA_N1	417	467	G	4	0	455	22.7472527472527
A_NA_N1	418	468	C	3	0	442	23.1742081447964
A_NA_N1	419	466	T	5	0	454	23.2929515418502
A_NA_N1	420	468	G	3	0	461	22.7418655097614
A_NA_N1	421	469	A	2	0	466	22.5064377682403
A_NA_N1	422	470	A	1	0	465	22.3591397849462
A_NA_N1	423	464	T	7	0	453	22.121412803532
A_NA_N1	424	465	G	6	0	452	21.9203539823009
A_NA_N1	425	464	A	7	0	455	22.021978021978
A_NA_N1	426	464	C	7	0	459	21.9063180827887
A_NA_N1	427	458	A	13	0	451	21.5277161862528
A_NA_N1	428	471	A	0	0	467	21.9379014989293
A_NA_N1	429	470	A	1	0	466	21.5171673819743
A_NA_N1	430	470	C	1	0	463	21.8639308855292
A_NA_N1	431	469	A	2	0	465	21.0451612903226
A_NA_N1	432	467	T	4	0	463	20.9114470842333
A_NA_N1	433	468	T	3	0	457	21.7089715536105
A_NA_N1	434	467	C	4	0	460	21.3934782608696
A_NA_N1	435	465	T	6	0	457	20.5557986870897
A_NA_N1	436	466	A	5	0	464	20.2629310344828
A_NA_N1	437	467	A	4	0	457	20.9671772428884
A_NA_N1	438	466	T	5	0	458	21.764192139738
A_NA_N1	439	458	G	13	0	452	22.179203539823
A_NA_N1	440	468	G	3	0	459	21.2331154684096
A_NA_N1	441	469	G	2	0	458	20.235807860262
A_NA_N1	442	469	A	2	0	465	21.1290322580645
A_NA_N1	443	468	C	3	0	453	21.3863134657837
A_NA_N1	444	470	C	1	0	448	21.0446428571429
A_NA_N1	445	465	G	6	0	456	21.6008771929825
A_NA_N1	446	464	T	7	0	453	22.0883002207506
A_NA_N1	447	462	T	9	0	453	22.6114790286976
A_NA_N1	448	444	A	27	0	430	22.3325581395349
A_NA_N1	449	456	A	15	0	440	21.8272727272727
A_NA_N1	450	457	G	14	0	439	19.9589977220957
A_NA_N1	451	465	G	6	0	458	20.3558951965066
A_NA_N1	452	468	A	3	0	463	19.8185745140389
A_NA_N1	453	467	T	4	0	457	20.5973741794311
A_NA_N1	454	454	A	17	0	451	19.8226164079823
A_NA_N1	455	452	G	19	0	443	18.451467268623
A_NA_N1	456	462	A	9	0	460	18.8173913043478
A_NA_N1	457	455	A	16	0	450	19.9244444444444
A_NA_N1	458	455	G	16	0	446	20.3385650224215
A_NA_N1	459	412	C	59	0	406	21.3103448275862
A_NA_N1	460	448	C	22	0	438	21.0570776255708
A_NA_N1	461	455	C	15	0	444	20.8873873873874
A_NA_N1	462	461	C	9	0	446	21.6255605381166
A_NA_N1	463	440	T	30	0	414	22.4227053140097
A_NA_N1	464	453	A	17	0	443	22.4717832957111
A_NA_N1	465	463	T	7	0	450	22.7511111111111
A_NA_N1	466	464	A	6	0	454	22.2004405286344
A_NA_N1	467	468	G	2	0	464	20.9418103448276
A_NA_N1	468	465	A	5	0	461	20.9869848156182
A_NA_N1	469	467	A	3	0	461	21.002169197397
A_NA_N1	470	465	C	5	0	457	21.2078774617068
A_NA_N1	471	459	T	11	0	451	21.4146341463415
A_NA_N1	472	466	T	4	0	461	21.8590021691974
A_NA_N1	473	463	T	7	0	453	22.3818984547461
A_NA_N1	474	462	G	8	0	453	22.037527593819
A_NA_N1	475	465	A	5	0	462	21.4112554112554
A_NA_N1	476	464	T	6	0	453	20.916114790287
A_NA_N1	477	466	G	4	0	462	19.4978354978355
A_NA_N1	478	464	A	6	0	449	18.9510022271715
A_NA_N1	479	466	G	4	0	458	18.7423580786026
A_NA_N1	480	468	T	2	0	447	18.9574944071588
A_NA_N1	481	468	T	2	0	462	19.512987012987
A_NA_N1	482	469	G	1	0	465	21.0129032258065
A_NA_N1	483	468	T	2	0	465	22.5204301075269
A_NA_N1	484	439	C	31	0	435	22.1333333333333
A_NA_N1	485	466	C	4	0	465	21.705376344086
A_NA_N1	486	466	C	4	0	444	19.6981981981982
A_NA_N1	487	460	G	10	0	454	18.0748898678414
A_NA_N1	488	465	T	5	0	452	19.108407079646
A_NA_N1	489	433	G	37	0	422	19.0284360189573
A_NA_N1	490	465	G	5	0	462	18.5714285714286
A_NA_N1	491	464	G	6	0	458	17.4825327510917
A_NA_N1	492	464	T	6	0	458	17.8951965065502
A_NA_N1	493	459	G	11	0	449	18.4788418708241
A_NA_N1	494	456	A	14	0	447	18.1029082774049
A_NA_N1	495	456	G	14	0	451	18.1241685144124
A_NA_N1	496	457	G	13	0	451	17.7317073170732
A_NA_N1	497	451	C	19	0	442	17.4683257918552
A_NA_N1	498	459	T	11	0	454	20.0330396475771
A_NA_N1	499	460	C	10	0	445	21.8876404494382
A_NA_N1	500	458	C	12	0	445	22.2696629213483
A_NA_N1	501	455	T	15	0	450	22.3711111111111
A_NA_N1	502	458	T	12	0	447	23.8680089485459
A_NA_N1	503	460	C	10	0	455	25.1340659340659
A_NA_N1	504	466	T	4	0	463	25.0626349892009
A_NA_N1	505	455	C	15	0	453	25.1192052980132
A_NA_N1	506	469	C	1	0	464	23.0560344827586
A_NA_N1	507	464	G	6	0	450	21.7755555555556
A_NA_N1	508	465	T	5	0	454	22.0594713656388
A_NA_N1	509	466	A	4	0	449	23.3095768374165
A_NA_N1	510	468	C	2	0	460	23.5195652173913
A_NA_N1	511	467	A	3	0	460	24.4130434782609
A_NA_N1	512	463	A	7	0	456	24.2719298245614
A_NA_N1	513	462	T	8	0	454	24.9339207048458
A_NA_N1	514	469	T	1	0	449	25.3719376391982
A_NA_N1	515	467	C	3	0	461	24.4880694143167
A_NA_N1	516	464	A	6	0	461	22.6616052060738
A_NA_N1	517	468	A	2	0	461	22.1344902386117
A_NA_N1	518	469	G	1	0	467	21.6573875802998
A_NA_N1	519	467	A	3	0	465	22.1913978494624
A_NA_N1	520	457	T	13	0	456	21.3837719298246
A_NA_N1	521	469	T	1	0	465	21.8322580645161
A_NA_N1	522	468	T	2	0	464	21.4137931034483
A_NA_N1	523	466	G	4	0	460	20.054347826087
A_NA_N1	524	461	A	9	0	455	19.0175824175824
A_NA_N1	525	467	G	2	0	457	18.7374179431072
A_NA_N1	526	467	T	2	0	464	19.6487068965517
A_NA_N1	527	465	C	3	0	459	20.2374727668845
A_NA_N1	528	460	T	8	0	449	20.6703786191537
A_NA_N1	529	461	G	7	0	450	21.1511111111111
A_NA_N1	530	459	T	9	0	441	21.5804988662132
A_NA_N1	531	465	T	3	0	462	21.9307359307359
A_NA_N1	532	464	G	4	0	457	21.4398249452954
A_NA_N1	533	457	C	11	0	442	22.0294117647059
A_NA_N1	534	461	T	7	0	456	21.8662280701754
A_NA_N1	535	466	T	2	0	461	21.9045553145336
A_NA_N1	536	452	G	16	0	443	22.665914221219
A_NA_N1	537	465	G	3	0	453	22.0772626931567
A_NA_N1	538	466	T	2	0	462	22.2164502164502
A_NA_N1	539	459	C	9	0	448	22.5245535714286
A_NA_N1	540	458	G	10	0	435	20.6919540229885
A_NA_N1	541	462	G	6	0	452	20.2898230088496
A_NA_N1	542	461	C	7	0	450	20.4333333333333
A_NA_N1	543	454	A	14	0	452	20.8119469026549
A_NA_N1	544	462	A	6	0	454	21.4581497797357
A_NA_N1	545	463	G	5	0	456	21.0372807017544
A_NA_N1	546	460	T	8	0	450	22.0533333333333
A_NA_N1	547	465	G	3	0	461	22.6073752711497
A_NA_N1	548	463	C	5	0	453	23.0264900662252
A_NA_N1	549	457	T	10	0	452	23.3672566371681
A_NA_N1	550	466	T	1	0	458	23.4082969432314
A_NA_N1	551	467	G	0	0	461	23.7093275488069
A_NA_N1	552	462	T	5	0	452	24.3119469026549
A_NA_N1	553	464	C	3	0	459	24.3376906318083
A_NA_N1	554	463	A	4	0	449	23.1069042316258
A_NA_N1	555	463	T	4	0	454	22.7599118942731
A_NA_N1	556	463	G	4	0	461	22.704989154013
A_NA_N1	557	466	A	1	0	464	22.2629310344828
A_NA_N1	558	464	T	3	0	455	23.6065934065934
A_NA_N1	559	461	G	6	0	457	23.7002188183807
A_NA_N1	560	464	G	3	0	460	23.0934782608696
A_NA_N1	561	464	C	3	0	457	23.3938730853392
A_NA_N1	562	466	A	1	0	465	22.9010752688172
A_NA_N1	563	464	T	3	0	454	23.4118942731278
A_NA_N1	564	465	C	1	0	461	24.1952277657267
A_NA_N1	565	459	A	7	0	450	21.66
A_NA_N1	566	462	G	4	0	455	21.7934065934066
A_NA_N1	567	463	T	3	0	451	22.7228381374723
A_NA_N1	568	465	T	1	0	457	22.8730853391685
A_NA_N1	569	459	G	7	0	450	22.9977777777778
A_NA_N1	570	465	G	1	0	454	21.7907488986784
A_NA_N1	571	462	T	3	0	447	21.241610738255
A_NA_N1	572	463	T	2	0	456	21.2850877192982
A_NA_N1	573	460	G	5	0	458	21.7161572052402
A_NA_N1	574	459	A	6	0	454	23.511013215859
A_NA_N1	575	462	C	3	0	451	23.3215077605321
A_NA_N1	576	461	A	4	0	459	22.8540305010893
A_NA_N1	577	461	A	4	0	455	23.2571428571429
A_NA_N1	578	460	T	5	0	454	23.2973568281938
A_NA_N1	579	459	C	6	0	456	24.0767543859649
A_NA_N1	580	453	G	12	0	415	19.8240963855422
A_NA_N1	581	462	G	3	0	455	19.2197802197802
A_NA_N1	582	461	T	4	0	444	19.7162162162162
A_NA_N1	583	463	A	2	0	457	20.2800875273523
A_NA_N1	584	460	T	5	0	454	23.2687224669604
A_NA_N1	585	463	T	2	0	462	24.04329004329
A_NA_N1	586	455	T	10	0	451	24.1840354767184
A_NA_N1	587	447	C	18	0	443	25.2234762979684
A_NA_N1	588	457	T	8	0	451	23.4545454545455
A_NA_N1	589	455	G	10	0	448	22.5982142857143
A_NA_N1	590	463	G	2	0	452	22.3893805309735
A_NA_N1	591	465	T	0	0	461	21.9783080260304
A_NA_N1	592	444	C	21	0	437	23.0411899313501
A_NA_N1	593	464	C	0	0	451	20.7317073170732
A_NA_N1	594	461	A	3	0	453	19.3885209713024
A_NA_N1	595	450	G	13	0	444	19.8040540540541
A_NA_N1	596	461	A	2	0	458	20.6834061135371
A_NA_N1	597	461	C	2	0	452	21.0088495575221
A_NA_N1	598	460	A	3	0	457	20.5098468271335
A_NA_N1	599	463	A	0	0	453	22.2538631346578
A_NA_N1	600	463	T	0	0	458	22.2663755458515
A_NA_N1	601	457	G	6	0	454	22.6343612334802
A_NA_N1	602	462	G	1	0	460	21.5695652173913
A_NA_N1	603	461	A	2	0	454	21.5881057268722
A_NA_N1	604	460	G	3	0	457	21.4945295404814
A_NA_N1	605	459	C	4	0	455	21.5076923076923
A_NA_N1	606	457	T	6	0	446	22.0964125560538
A_NA_N1	607	458	G	5	0	452	21.891592920354
A_NA_N1	608	458	T	5	0	449	21.8106904231626
A_NA_N1	609	455	G	8	0	449	21.9554565701559
A_NA_N1	610	457	G	6	0	447	21.9731543624161
A_NA_N1	611	460	C	3	0	450	22.8533333333333
A_NA_N1	612	458	T	5	0	452	22.7190265486726
A_NA_N1	613	457	G	6	0	452	23.2367256637168
A_NA_N1	614	452	T	11	0	441	23.5351473922902
A_NA_N1	615	454	A	9	0	443	22.0112866817156
A_NA_N1	616	456	T	7	0	440	22.2318181818182
A_NA_N1	617	460	T	3	0	457	22.0656455142232
A_NA_N1	618	445	G	18	0	437	21.0572082379863
A_NA_N1	619	443	A	20	0	439	21.8109339407745
A_NA_N1	620	452	A	11	0	445	21.2269662921348
A_NA_N1	621	456	G	7	0	447	21.0559284116331
A_NA_N1	622	454	T	9	0	438	21.7260273972603
A_NA_N1	623	455	A	8	0	445	22.5573033707865
A_NA_N1	624	459	C	4	0	449	22.7550111358575
A_NA_N1	625	459	A	4	0	452	23.787610619469
A_NA_N1	626	461	A	2	0	451	23.5631929046563
A_NA_N1	627	460	T	3	0	449	23.8440979955457
A_NA_N1	628	458	G	5	0	450	23.5311111111111
A_NA_N1	629	460	G	3	0	456	22.469298245614
A_NA_N1	630	461	C	2	0	457	22.6455142231947
A_NA_N1	631	457	A	6	0	449	22.7483296213808
A_NA_N1	632	458	T	5	0	448	23.4151785714286
A_NA_N1	633	458	A	5	0	455	24.0373626373626
A_NA_N1	634	461	A	1	0	453	24.7152317880795
A_NA_N1	635	462	T	0	0	453	24.2406181015453
A_NA_N1	636	462	A	0	0	461	24.5379609544469
A_NA_N1	637	461	A	1	0	458	24.4323144104803
A_NA_N1	638	458	C	4	0	447	23.6577181208054
A_NA_N1	639	450	G	12	0	437	22.8421052631579
A_NA_N1	640	460	G	2	0	459	22.9019607843137
A_NA_N1	641	461	A	1	0	459	23.5359477124183
A_NA_N1	642	461	T	1	0	457	24.507658643326
A_NA_N1	643	461	A	1	0	457	25.1181619256018
A_NA_N1	644	460	C	2	0	453	23.9359823399558
A_NA_N1	645	459	T	3	0	456	23.3706140350877
A_NA_N1	646	460	A	2	0	457	22.5842450765864
A_NA_N1	647	460	T	2	0	458	22.7401746724891
A_NA_N1	648	461	C	1	0	460	24.0369565217391
A_NA_N1	649	446	A	16	0	440	21.8954545454545
A_NA_N1	650	456	A	6	0	449	21.2293986636971
A_NA_N1	651	450	G	12	0	443	20.5395033860045
A_NA_N1	652	457	A	5	0	447	21.6241610738255
A_NA_N1	653	458	G	4	0	453	22.7284768211921
A_NA_N1	654	458	T	4	0	450	21.8977777777778
A_NA_N1	655	460	T	2	0	459	22.7494553376906
A_NA_N1	656	423	G	39	0	420	23.1261904761905
A_NA_N1	657	456	G	6	0	455	23.1428571428571
A_NA_N1	658	454	A	8	0	447	23.6040268456376
A_NA_N1	659	457	G	5	0	455	23.6527472527473
A_NA_N1	660	445	A	17	0	441	23.3945578231293
A_NA_N1	661	459	A	3	0	458	24.0131004366812
A_NA_N1	662	460	A	2	0	449	24.6236080178174
A_NA_N1	663	461	C	1	0	460	24.25
A_NA_N1	664	459	A	3	0	457	23.9365426695842
A_NA_N1	665	461	A	1	0	451	23.1884700665188
A_NA_N1	666	458	C	4	0	453	23.2450331125828
A_NA_N1	667	456	A	6	0	453	23.121412803532
A_NA_N1	668	428	T	34	0	425	23.3435294117647
A_NA_N1	669	459	T	3	0	454	24.1718061674009
A_NA_N1	670	462	T	0	0	458	24.8078602620087
A_NA_N1	671	459	T	2	0	451	24.6075388026608
A_NA_N1	672	455	G	6	0	449	23.924276169265
A_NA_N1	673	455	A	6	0	449	23.3652561247216
A_NA_N1	674	458	G	3	0	452	22.1946902654867
A_NA_N1	675	460	A	1	0	454	21.6938325991189
A_NA_N1	676	461	A	0	0	459	21.5054466230937
A_NA_N1	677	458	C	3	0	453	21.8300220750552
A_NA_N1	678	457	T	4	0	449	22.2160356347439
A_NA_N1	679	457	C	4	0	454	22.011013215859
A_NA_N1	680	439	A	22	0	435	21.2068965517241
A_NA_N1	681	459	A	2	0	453	19.8741721854305
A_NA_N1	682	458	G	3	0	453	19.1832229580574
A_NA_N1	683	456	A	5	0	452	19.2743362831858
A_NA_N1	684	456	A	5	0	451	20.1574279379157
A_NA_N1	685	457	T	4	0	452	20.1880530973451
A_NA_N1	686	455	C	6	0	453	20.3068432671082
A_NA_N1	687	456	T	5	0	450	19.4844444444444
A_NA_N1	688	455	G	6	0	448	20.3214285714286
A_NA_N1	689	453	A	7	0	446	20.3609865470852
A_NA_N1	690	456	A	4	0	452	20.5221238938053
A_NA_N1	691	432	T	28	0	428	21.2827102803738
A_NA_N1	692	426	G	34	0	416	21.6057692307692
A_NA_N1	693	450	T	10	0	445	22.4
A_NA_N1	694	437	G	23	0	426	22.7511737089202
A_NA_N1	695	437	C	23	0	429	22.6270396270396
A_NA_N1	696	447	G	13	0	441	22.4036281179138
A_NA_N1	697	449	T	11	0	443	21.7494356659142
A_NA_N1	698	450	G	10	0	446	21.957399103139
A_NA_N1	699	448	C	12	0	443	21.5846501128668
A_NA_N1	700	451	G	8	0	438	21.3013698630137
A_NA_N1	701	451	T	8	0	438	20.7579908675799
A_NA_N1	702	451	A	8	0	445	20.9685393258427
A_NA_N1	703	456	A	3	0	453	21.4591611479029
A_NA_N1	704	458	A	1	0	449	22.4498886414254
A_NA_N1	705	457	T	2	0	452	22.3982300884956
A_NA_N1	706	451	G	8	0	442	21.8710407239819
A_NA_N1	707	457	G	2	0	448	21.3816964285714
A_NA_N1	708	456	C	3	0	447	21.3713646532438
A_NA_N1	709	454	T	5	0	450	21.7466666666667
A_NA_N1	710	449	C	10	0	441	22.4739229024943
A_NA_N1	711	442	T	17	0	435	22.864367816092
A_NA_N1	712	454	T	5	0	448	23.4709821428571
A_NA_N1	713	452	G	7	0	443	22.7584650112867
A_NA_N1	714	451	C	8	0	439	22.2870159453303
A_NA_N1	715	444	T	15	0	440	22.7113636363636
A_NA_N1	716	449	T	10	0	446	22.390134529148
A_NA_N1	717	451	C	8	0	447	22.9038031319911
A_NA_N1	718	455	A	4	0	451	22.1152993348115
A_NA_N1	719	457	C	2	0	454	21.5022026431718
A_NA_N1	720	456	T	3	0	450	21.4088888888889
A_NA_N1	721	456	G	3	0	451	21.310421286031
A_NA_N1	722	454	T	5	0	440	22.2045454545455
A_NA_N1	723	449	A	10	0	446	22.5874439461883
A_NA_N1	724	455	A	4	0	442	22.9796380090498
A_NA_N1	725	453	T	6	0	440	22.8409090909091
A_NA_N1	726	456	G	3	0	450	22.8266666666667
A_NA_N1	727	456	A	3	0	451	22.9068736141907
A_NA_N1	728	458	C	1	0	447	22.586129753915
A_NA_N1	729	457	T	1	0	444	21.75
A_NA_N1	730	456	G	2	0	452	21.5752212389381
A_NA_N1	731	458	A	0	0	458	22.0786026200873
A_NA_N1	732	456	T	2	0	454	22.4185022026432
A_NA_N1	733	450	G	8	0	449	22.6169265033408
A_NA_N1	734	457	G	1	0	453	21.9139072847682
A_NA_N1	735	455	A	3	0	451	22.2261640798226
A_NA_N1	736	443	C	15	0	436	22.2064220183486
A_NA_N1	737	453	C	5	0	444	21.3716216216216
A_NA_N1	738	441	A	17	0	436	21.9036697247706
A_NA_N1	739	443	A	15	0	436	21.7155963302752
A_NA_N1	740	445	G	13	0	438	22.189497716895
A_NA_N1	741	450	C	8	0	446	21.9798206278027
A_NA_N1	742	453	A	5	0	446	21.3542600896861
A_NA_N1	743	449	A	9	0	444	20.8581081081081
A_NA_N1	744	448	T	10	0	443	21.8284424379233
A_NA_N1	745	436	G	22	0	428	21.285046728972
A_NA_N1	746	450	G	8	0	440	20.7659090909091
A_NA_N1	747	455	G	3	0	449	20.890868596882
A_NA_N1	748	454	C	4	0	446	22.6053811659193
A_NA_N1	749	454	A	4	0	427	21.2622950819672
A_NA_N1	750	451	G	7	0	437	21.6910755148741
A_NA_N1	751	457	G	1	0	444	22.1238738738739
A_NA_N1	752	451	C	7	0	439	22.503416856492
A_NA_N1	753	457	C	1	0	449	22.8396436525612
A_NA_N1	754	456	T	2	0	444	23.1283783783784
A_NA_N1	755	447	C	11	0	440	23.5136363636364
A_NA_N1	756	442	A	16	0	429	22.7692307692308
A_NA_N1	757	442	T	16	0	431	23.1624129930394
A_NA_N1	758	456	A	2	0	446	23.7578475336323
A_NA_N1	759	455	T	3	0	445	27.7123595505618
A_NA_N1	760	447	A	11	0	441	29.265306122449
A_NA_N1	761	455	A	3	0	452	25.0044247787611
A_NA_N1	762	457	A	1	0	453	25.6931567328918
A_NA_N1	763	456	A	2	0	451	26.4922394678492
A_NA_N1	764	454	T	4	0	450	25.6688888888889
A_NA_N1	765	457	C	1	0	455	26.3274725274725
A_NA_N1	766	451	T	7	0	444	26.5653153153153
A_NA_N1	767	455	T	3	0	450	27.5311111111111
A_NA_N1	768	454	C	4	0	446	27.4551569506726
A_NA_N1	769	452	A	6	0	448	24.4397321428571
A_NA_N1	770	456	A	2	0	451	23.9955654101996
A_NA_N1	771	456	G	2	0	452	23.4535398230088
A_NA_N1	772	453	A	5	0	452	23.5730088495575
A_NA_N1	773	453	T	5	0	447	22.0134228187919
A_NA_N1	774	438	A	20	0	436	21.7454128440367
A_NA_N1	775	437	G	21	0	434	21.3364055299539
A_NA_N1	776	449	A	9	0	448	21.9620535714286
A_NA_N1	777	431	G	27	0	427	26.6042154566745
A_NA_N1	778	445	A	13	0	443	26.7787810383747
A_NA_N1	779	455	A	3	0	452	20.5951327433628
A_NA_N1	780	453	A	5	0	447	20.407158836689
A_NA_N1	781	407	G	50	0	392	20.7984693877551
A_NA_N1	782	454	G	3	0	449	20.43429844098
A_NA_N1	783	453	G	4	0	441	19.4172335600907
A_NA_N1	784	449	A	8	0	446	19.7152466367713
A_NA_N1	785	449	A	8	0	444	20.8716216216216
A_NA_N1	786	449	A	8	0	442	21.4954751131222
A_NA_N1	787	449	G	8	0	445	23.076404494382
A_NA_N1	788	449	T	8	0	440	20.8431818181818
A_NA_N1	789	451	T	6	0	447	20.662192393736
A_NA_N1	790	452	G	5	0	443	20.1196388261851
A_NA_N1	791	454	T	3	0	444	21.4076576576577
A_NA_N1	792	455	C	2	0	451	21.4745011086474
A_NA_N1	793	446	A	11	0	444	21.1486486486486
A_NA_N1	794	456	A	1	0	455	21.9934065934066
A_NA_N1	795	452	A	5	0	447	23.1856823266219
A_NA_N1	796	449	T	8	0	444	23.8828828828829
A_NA_N1	797	454	C	3	0	453	24.1810154525386
A_NA_N1	798	455	A	2	0	436	22.0022935779816
A_NA_N1	799	452	G	5	0	447	21.8612975391499
A_NA_N1	800	452	T	5	0	435	21.8712643678161
A_NA_N1	801	455	T	2	0	446	21.7982062780269
A_NA_N1	802	453	G	4	0	449	21.4053452115813
A_NA_N1	803	456	A	1	0	449	21.1759465478842
A_NA_N1	804	457	A	0	0	451	20.9356984478936
A_NA_N1	805	451	T	6	0	442	20.9705882352941
A_NA_N1	806	457	T	0	0	453	21.0088300220751
A_NA_N1	807	456	G	1	0	448	20.8549107142857
A_NA_N1	808	456	A	1	0	449	20.9643652561247
A_NA_N1	809	455	A	2	0	453	21.3532008830022
A_NA_N1	810	455	T	2	0	449	21.6391982182628
A_NA_N1	811	450	G	7	0	446	21.3766816143498
A_NA_N1	812	406	C	51	0	397	21.264483627204
A_NA_N1	813	454	C	3	0	451	20.1862527716186
A_NA_N1	814	455	C	2	0	438	19.5365296803653
A_NA_N1	815	455	C	2	0	422	20.1350710900474
A_NA_N1	816	441	T	16	0	431	19.6473317865429
A_NA_N1	817	443	A	14	0	433	19.715935334873
A_NA_N1	818	453	A	4	0	447	19.4362416107383
A_NA_N1	819	452	T	5	0	438	20.8698630136986
A_NA_N1	820	451	T	6	0	442	21.6742081447964
A_NA_N1	821	449	A	8	0	439	20.6127562642369
A_NA_N1	822	447	C	10	0	434	20.7119815668203
A_NA_N1	823	450	C	7	0	439	20.8610478359909
A_NA_N1	824	448	A	9	0	447	20.3020134228188
A_NA_N1	825	449	C	8	0	444	21.0945945945946
A_NA_N1	826	448	T	9	0	429	20.8648018648019
A_NA_N1	827	444	A	13	0	438	20.2739726027397
A_NA_N1	828	443	C	14	0	427	19.672131147541
A_NA_N1	829	440	G	17	0	427	18.2435597189696
A_NA_N1	830	446	A	11	0	436	17.5688073394495
A_NA_N1	831	425	G	32	0	418	17.700956937799
A_NA_N1	832	451	G	6	0	443	18.0812641083521
A_NA_N1	833	451	A	6	0	448	18.5825892857143
A_NA_N1	834	453	A	4	0	445	20.7460674157303
A_NA_N1	835	454	T	3	0	447	21.5615212527964
A_NA_N1	836	451	G	6	0	438	21.6004566210046
A_NA_N1	837	448	C	9	0	444	20.7702702702703
A_NA_N1	838	443	T	14	0	431	20.3665893271462
A_NA_N1	839	440	C	17	0	434	20.3041474654378
A_NA_N1	840	455	C	2	0	447	19.7046979865772
A_NA_N1	841	448	T	9	0	436	19.1880733944954
A_NA_N1	842	451	G	6	0	443	20.2483069977427
A_NA_N1	843	450	T	7	0	441	21.8027210884354
A_NA_N1	844	455	T	2	0	450	21.8133333333333
A_NA_N1	845	457	A	0	0	449	21.0913140311804
A_NA_N1	846	457	T	0	0	451	21.3481152993348
A_NA_N1	847	449	C	8	0	441	22.530612244898
A_NA_N1	848	454	C	3	0	445	21.5056179775281
A_NA_N1	849	449	T	8	0	437	22.2837528604119
A_NA_N1	850	455	G	2	0	452	23.9756637168142
A_NA_N1	851	454	A	3	0	453	26.8189845474614
A_NA_N1	852	456	T	1	0	455	26.9076923076923
A_NA_N1	853	447	G	10	0	444	26.8693693693694
A_NA_N1	854	444	C	13	0	441	25.6326530612245
A_NA_N1	855	432	G	25	0	390	23.0923076923077
A_NA_N1	856	450	G	7	0	444	21.9346846846847
A_NA_N1	857	454	G	3	0	448	22.8705357142857
A_NA_N1	858	454	T	3	0	444	26.2972972972973
A_NA_N1	859	453	G	4	0	451	34.7560975609756
A_NA_N1	860	455	A	2	0	453	39.6931567328918
A_NA_N1	861	447	T	10	0	438	43.1027397260274
A_NA_N1	862	445	A	12	0	439	43.5307517084282
A_NA_N1	863	439	T	18	0	431	41.3897911832947
A_NA_N1	864	445	T	11	0	437	38.2356979405034
A_NA_N1	865	441	A	15	0	430	31.246511627907
A_NA_N1	866	364	T	92	0	352	28.6136363636364
A_NA_N1	867	362	G	94	0	355	27.4901408450704
A_NA_N1	868	437	T	19	0	430	24.2023255813953
A_NA_N1	869	438	G	18	0	437	27.5697940503432
A_NA_N1	870	451	T	5	0	444	38.6981981981982
A_NA_N1	871	449	G	7	0	442	41.6199095022624
A_NA_N1	872	449	T	7	0	447	43.5123042505593
A_NA_N1	873	446	G	10	0	442	43.8076923076923
A_NA_N1	874	449	T	7	0	448	41.2455357142857
A_NA_N1	875	459	G	9	0	459	26.281045751634
A_NA_N1	876	457	C	11	0	452	20.9756637168142
A_NA_N1	877	461	A	7	0	441	18.390022675737
A_NA_N1	878	453	G	15	0	447	17.5480984340045
A_NA_N1	879	464	G	5	0	456	17.405701754386
A_NA_N1	880	464	G	3	0	461	19.822125813449
A_NA_N1	881	461	A	6	0	455	20.8747252747253
A_NA_N1	882	463	C	4	0	452	21.2898230088496
A_NA_N1	883	448	A	19	0	445	20.4921348314607
A_NA_N1	884	464	A	3	0	452	20.0508849557522
A_NA_N1	885	457	T	10	0	428	20.5794392523364
A_NA_N1	886	456	T	10	0	444	21.2635135135135
A_NA_N1	887	447	G	18	0	436	20.8853211009174
A_NA_N1	888	460	G	5	0	448	20.9040178571429
A_NA_N1	889	458	C	7	0	433	21.9399538106236
A_NA_N1	890	458	A	7	0	451	21.2594235033259
A_NA_N1	891	461	T	4	0	447	21.1991051454139
A_NA_N1	892	461	G	4	0	452	19.5176991150442
A_NA_N1	893	461	G	3	0	454	18.7995594713656
A_NA_N1	894	459	C	5	0	447	18.9664429530201
A_NA_N1	895	457	T	7	0	447	19.0357941834452
A_NA_N1	896	462	C	2	0	451	20.8514412416851
A_NA_N1	897	450	A	14	0	442	19.7036199095023
A_NA_N1	898	460	A	4	0	457	20.0919037199125
A_NA_N1	899	463	A	1	0	455	21.2087912087912
A_NA_N1	900	454	C	10	0	445	21.9123595505618
A_NA_N1	901	456	C	7	0	437	22.091533180778
A_NA_N1	902	445	G	18	0	435	21.7379310344828
A_NA_N1	903	455	G	8	0	443	21.7900677200903
A_NA_N1	904	459	C	4	0	448	21.7678571428571
A_NA_N1	905	459	C	4	0	448	22.1450892857143
A_NA_N1	906	452	G	11	0	444	22.6238738738739
A_NA_N1	907	455	T	8	0	447	23.2997762863535
A_NA_N1	908	451	G	12	0	443	23.7426636568849
A_NA_N1	909	461	G	2	0	450	24.2755555555556
A_NA_N1	910	460	A	3	0	455	24.5582417582418
A_NA_N1	911	461	T	2	0	454	25.3370044052863
A_NA_N1	912	462	A	1	0	460	25.0608695652174
A_NA_N1	913	455	T	8	0	453	25.8830022075055
A_NA_N1	914	456	C	7	0	445	25.1977528089888
A_NA_N1	915	438	T	24	0	426	24.9342723004695
A_NA_N1	916	458	T	4	0	453	25.1059602649007
A_NA_N1	917	461	T	1	0	458	26.8406113537118
A_NA_N1	918	461	T	1	0	453	25.2494481236203
A_NA_N1	919	458	A	3	0	452	23.8672566371681
A_NA_N1	920	458	A	3	0	452	21.8008849557522
A_NA_N1	921	457	T	4	0	449	20.815144766147
A_NA_N1	922	455	C	5	0	450	22.0466666666667
A_NA_N1	923	440	A	20	0	432	20.662037037037
A_NA_N1	924	454	A	6	0	450	21.2244444444444
A_NA_N1	925	456	A	4	0	453	23.0264900662252
A_NA_N1	926	453	A	7	0	446	24.5470852017937
A_NA_N1	927	450	T	10	0	445	25.3078651685393
A_NA_N1	928	456	C	4	0	452	25.6261061946903
A_NA_N1	929	453	T	7	0	445	24.2202247191011
A_NA_N1	930	389	G	70	0	370	23.8486486486486
A_NA_N1	931	454	G	5	0	446	23.0381165919283
A_NA_N1	932	442	A	17	0	436	21.2385321100917
A_NA_N1	933	452	G	7	0	436	20.454128440367
A_NA_N1	934	456	T	3	0	438	20.37899543379
A_NA_N1	935	457	A	2	0	451	21.6651884700665
A_NA_N1	936	456	T	3	0	452	24.608407079646
A_NA_N1	937	453	C	6	0	449	30.6436525612472
A_NA_N1	938	443	A	15	0	439	32.8929384965831
A_NA_N1	939	456	A	2	0	448	36.3415178571429
A_NA_N1	940	455	A	3	0	444	37.0878378378378
A_NA_N1	941	447	T	11	0	426	34.3779342723005
A_NA_N1	942	447	A	11	0	429	28.2867132867133
A_NA_N1	943	428	G	30	0	423	23.4278959810875
A_NA_N1	944	456	G	2	0	453	21.6004415011038
A_NA_N1	945	426	A	32	0	420	20.7571428571429
A_NA_N1	946	427	T	31	0	419	20.7565632458234
A_NA_N1	947	455	A	3	0	453	21.3532008830022
A_NA_N1	948	456	T	2	0	447	25.7829977628635
A_NA_N1	949	457	A	0	0	455	41.4549450549451
A_NA_N1	950	456	T	1	0	449	41.7572383073497
A_NA_N1	951	456	A	1	0	450	38.3511111111111
A_NA_N1	952	450	T	7	0	437	25.4187643020595
A_NA_N1	953	450	G	7	0	443	19.5823927765237
A_NA_N1	954	446	C	11	0	440	19.1613636363636
A_NA_N1	955	445	A	12	0	438	17.2625570776256
A_NA_N1	956	437	G	20	0	430	16.5813953488372
A_NA_N1	957	436	T	21	0	429	16.6177156177156
A_NA_N1	958	433	G	24	0	429	17.3939393939394
A_NA_N1	959	443	G	14	0	436	18.1376146788991
A_NA_N1	960	446	G	11	0	440	19.15
A_NA_N1	961	439	G	18	0	420	20.2309523809524
A_NA_N1	962	422	T	35	0	405	19.683950617284
A_NA_N1	963	442	T	14	0	438	20.6095890410959
A_NA_N1	964	431	T	25	0	425	22.1011764705882
A_NA_N1	965	432	T	23	0	421	21.9049881235154
A_NA_N1	966	389	C	66	0	358	22.8938547486034
A_NA_N1	967	391	G	64	0	324	15.2623456790123
A_NA_N1	968	438	G	17	0	421	14.6983372921615
A_NA_N1	969	449	G	6	0	428	14.3434579439252
A_NA_N1	970	449	G	6	0	440	16.8909090909091
A_NA_N1	971	448	A	7	0	441	17.7369614512472
A_NA_N1	972	453	C	2	0	427	19.3559718969555
A_NA_N1	973	451	A	4	0	448	19.3660714285714
A_NA_N1	974	454	A	1	0	452	19.6991150442478
A_NA_N1	975	439	T	16	0	432	20.3125
A_NA_N1	976	389	C	66	0	379	22.2585751978892
A_NA_N1	977	442	C	12	0	432	21.7800925925926
A_NA_N1	978	443	C	11	0	420	21.902380952381
A_NA_N1	979	432	C	22	0	353	21.9745042492918
A_NA_N1	980	433	G	22	0	417	21.1990407673861
A_NA_N1	981	439	C	16	0	418	21.0645933014354
A_NA_N1	982	447	C	7	0	427	21.2903981264637
A_NA_N1	983	451	C	3	0	431	21.3457076566125
A_NA_N1	984	450	C	4	0	422	21.760663507109
A_NA_N1	985	447	A	7	0	443	21.0677200902935
A_NA_N1	986	449	A	5	0	442	20.2850678733032
A_NA_N1	987	449	T	5	0	439	19.4305239179954
A_NA_N1	988	447	G	7	0	442	19.6900452488688
A_NA_N1	989	453	A	1	0	447	18.8814317673378
A_NA_N1	990	452	T	2	0	446	18.7286995515695
A_NA_N1	991	444	G	10	0	436	18.3417431192661
A_NA_N1	992	451	G	3	0	446	18.7152466367713
A_NA_N1	993	454	A	0	0	448	19.4486607142857
A_NA_N1	994	451	A	3	0	446	20.9618834080717
A_NA_N1	995	450	C	4	0	445	21.514606741573
A_NA_N1	996	449	A	5	0	438	20.0707762557078
A_NA_N1	997	440	G	14	0	435	19.8804597701149
A_NA_N1	998	449	G	5	0	444	20
A_NA_N1	999	445	C	9	0	418	20.0526315789474
A_NA_N1	1000	446	A	8	0	430	19.7720930232558
A_NA_N1	1001	452	G	2	0	446	20.127802690583
A_NA_N1	1002	450	T	4	0	427	20.6908665105386
A_NA_N1	1003	454	T	0	0	450	20.4866666666667
A_NA_N1	1004	453	G	1	0	433	19.8729792147806
A_NA_N1	1005	452	C	2	0	446	19.8071748878924
A_NA_N1	1006	451	A	3	0	433	18.9953810623557
A_NA_N1	1007	451	G	3	0	443	18.0180586907449
A_NA_N1	1008	453	T	1	0	446	18.4775784753363
A_NA_N1	1009	407	C	47	0	406	19.5812807881773
A_NA_N1	1010	451	C	3	0	446	18.1928251121076
A_NA_N1	1011	445	A	9	0	443	18.0338600451467
A_NA_N1	1012	453	A	1	0	443	19.1805869074492
A_NA_N1	1013	452	T	2	0	442	22.8823529411765
A_NA_N1	1014	452	G	2	0	446	23.5919282511211
A_NA_N1	1015	452	T	2	0	452	23.2787610619469
A_NA_N1	1016	449	C	5	0	447	22.6666666666667
A_NA_N1	1017	450	C	4	0	442	21.5022624434389
A_NA_N1	1018	447	T	7	0	439	21.129840546697
A_NA_N1	1019	448	C	7	0	444	20.9369369369369
A_NA_N1	1020	447	T	8	0	437	21.0160183066362
A_NA_N1	1021	445	A	10	0	442	20.8099547511312
A_NA_N1	1022	446	A	9	0	435	22.1609195402299
A_NA_N1	1023	450	T	5	0	445	22.2494382022472
A_NA_N1	1024	440	G	15	0	432	21.974537037037
A_NA_N1	1025	450	G	6	0	443	21.3611738148984
A_NA_N1	1026	452	G	4	0	443	20.8893905191874
A_NA_N1	1027	452	G	4	0	443	21.5711060948081
A_NA_N1	1028	450	C	6	0	438	20.9817351598174
A_NA_N1	1029	443	A	13	0	439	21.5694760820046
A_NA_N1	1030	444	T	12	0	440	22.55
A_NA_N1	1031	448	A	7	0	442	23.1447963800905
A_NA_N1	1032	444	T	11	0	441	23.5736961451247
A_NA_N1	1033	434	G	21	0	429	22.3613053613054
A_NA_N1	1034	443	G	12	0	438	22.0913242009132
A_NA_N1	1035	443	G	12	0	443	21.5191873589165
A_NA_N1	1036	444	G	11	0	441	22.2108843537415
A_NA_N1	1037	446	T	9	0	435	20.9172413793103
A_NA_N1	1038	409	A	46	0	398	20.929648241206
A_NA_N1	1039	435	A	19	0	425	21.2070588235294
A_NA_N1	1040	441	A	11	0	436	20.3646788990826
A_NA_N1	1041	434	A	18	0	416	19.3221153846154
A_NA_N1	1042	420	G	32	0	402	19.7587064676617
A_NA_N1	1043	441	G	11	0	434	18.7811059907834
A_NA_N1	1044	442	G	10	0	428	19.2126168224299
A_NA_N1	1045	437	T	15	0	424	18.7240566037736
A_NA_N1	1046	447	T	5	0	438	20.6666666666667
A_NA_N1	1047	448	T	4	0	438	22.365296803653
A_NA_N1	1048	446	T	6	0	427	22.6487119437939
A_NA_N1	1049	446	C	6	0	437	23.6910755148741
A_NA_N1	1050	446	A	6	0	443	21.2370203160271
A_NA_N1	1051	438	T	14	0	424	21.5070754716981
A_NA_N1	1052	445	T	7	0	439	22.0615034168565
A_NA_N1	1053	447	T	5	0	442	22.5180995475113
A_NA_N1	1054	445	A	7	0	438	23.7260273972603
A_NA_N1	1055	440	A	12	0	434	23.221198156682
A_NA_N1	1056	440	G	11	0	432	21.3194444444444
A_NA_N1	1057	448	T	4	0	435	22.0689655172414
A_NA_N1	1058	444	A	8	0	441	21.8027210884354
A_NA_N1	1059	445	C	7	0	426	21.131455399061
A_NA_N1	1060	447	G	5	0	435	20.4528735632184
A_NA_N1	1061	448	G	4	0	440	20.0136363636364
A_NA_N1	1062	448	T	4	0	437	19.8352402745995
A_NA_N1	1063	446	A	6	0	446	19.2488789237668
A_NA_N1	1064	451	A	1	0	448	20.0848214285714
A_NA_N1	1065	447	T	5	0	445	21.1191011235955
A_NA_N1	1066	434	G	18	0	427	21.4941451990632
A_NA_N1	1067	446	G	5	0	438	20.7785388127854
A_NA_N1	1068	444	G	7	0	433	20.8013856812933
A_NA_N1	1069	441	G	10	0	434	21.6198156682028
A_NA_N1	1070	438	T	13	0	426	21.8661971830986
A_NA_N1	1071	445	T	5	0	441	23
A_NA_N1	1072	444	T	6	0	440	23.7181818181818
A_NA_N1	1073	363	G	87	0	342	25.7222222222222
A_NA_N1	1074	448	G	1	0	442	24.1425339366516
A_NA_N1	1075	447	A	2	0	445	24.0696629213483
A_NA_N1	1076	448	T	1	0	444	24.4594594594595
A_NA_N1	1077	446	C	3	0	433	23.8429561200924
A_NA_N1	1078	430	G	19	0	418	22.3851674641148
A_NA_N1	1079	444	G	5	0	436	22.4243119266055
A_NA_N1	1080	441	A	8	0	435	22.6068965517241
A_NA_N1	1081	445	A	4	0	438	23.5913242009132
A_NA_N1	1082	446	G	3	0	443	23.548532731377
A_NA_N1	1083	445	A	4	0	443	22.8645598194131
A_NA_N1	1084	445	A	4	0	439	22.6742596810934
A_NA_N1	1085	444	C	5	0	436	21.8876146788991
A_NA_N1	1086	340	A	109	0	332	21.9427710843373
A_NA_N1	1087	424	A	24	0	418	22.6650717703349
A_NA_N1	1088	437	A	11	0	433	23.4341801385681
A_NA_N1	1089	440	A	8	0	435	25.8436781609195
A_NA_N1	1090	441	A	7	0	436	25.7454128440367
A_NA_N1	1091	442	G	6	0	441	24.4353741496599
A_NA_N1	1092	444	C	4	0	436	22.8302752293578
A_NA_N1	1093	446	A	2	0	444	22.3828828828829
A_NA_N1	1094	446	C	2	0	437	22.3295194508009
A_NA_N1	1095	446	T	2	0	432	22.162037037037
A_NA_N1	1096	444	A	4	0	436	21.0114678899083
A_NA_N1	1097	445	G	3	0	443	20.5056433408578
A_NA_N1	1098	446	T	2	0	441	19.9433106575964
A_NA_N1	1099	448	T	0	0	445	20.1573033707865
A_NA_N1	1100	417	C	31	0	411	20.8686131386861
A_NA_N1	1101	437	C	11	0	425	18.8023529411765
A_NA_N1	1102	434	A	14	0	429	17.6317016317016
A_NA_N1	1103	439	G	9	0	436	17.8899082568807
A_NA_N1	1104	445	A	3	0	441	19.5238095238095
A_NA_N1	1105	446	A	2	0	445	21.3101123595506
A_NA_N1	1106	434	G	14	0	430	21.3279069767442
A_NA_N1	1107	432	C	16	0	406	21.1822660098522
A_NA_N1	1108	443	G	5	0	404	20.480198019802
A_NA_N1	1109	443	G	5	0	433	19.8706697459584
A_NA_N1	1110	438	C	10	0	415	20.3036144578313
A_NA_N1	1111	428	T	20	0	425	20.8588235294118
A_NA_N1	1112	440	T	7	0	435	22.6873563218391
A_NA_N1	1113	447	T	0	0	433	23.5819861431871
A_NA_N1	1114	441	G	6	0	435	22.8045977011494
A_NA_N1	1115	443	A	4	0	437	22.2860411899313
A_NA_N1	1116	443	G	4	0	438	21.6506849315068
A_NA_N1	1117	446	A	1	0	441	22.0748299319728
A_NA_N1	1118	445	T	2	0	440	21.4681818181818
A_NA_N1	1119	443	G	4	0	440	21.1795454545455
A_NA_N1	1120	440	A	7	0	436	21.3990825688073
A_NA_N1	1121	439	T	8	0	432	21.1319444444444
A_NA_N1	1122	443	T	4	0	439	20.9886104783599
A_NA_N1	1123	442	T	5	0	437	20.8695652173913
A_NA_N1	1124	423	G	24	0	413	20.5520581113801
A_NA_N1	1125	441	G	6	0	431	20.1252900232019
A_NA_N1	1126	445	G	2	0	443	19.5665914221219
A_NA_N1	1127	447	A	0	0	444	20.286036036036
A_NA_N1	1128	447	T	0	0	443	20.8013544018059
A_NA_N1	1129	406	C	41	0	404	20.7524752475248
A_NA_N1	1130	446	C	1	0	429	18.6456876456876
A_NA_N1	1131	443	G	4	0	432	16.9513888888889
A_NA_N1	1132	443	A	4	0	434	17.294930875576
A_NA_N1	1133	446	A	1	0	440	18.4227272727273
A_NA_N1	1134	446	T	1	0	443	19.4808126410835
A_NA_N1	1135	429	G	18	0	419	20.4128878281623
A_NA_N1	1136	444	G	2	0	439	20.4738041002278
A_NA_N1	1137	438	G	7	0	431	19.4199535962877
A_NA_N1	1138	438	T	7	0	427	19.6229508196721
A_NA_N1	1139	438	G	7	0	428	19.8808411214953
A_NA_N1	1140	444	G	1	0	439	20.7744874715262
A_NA_N1	1141	442	A	3	0	439	21.3097949886105
A_NA_N1	1142	443	C	2	0	427	21.8384074941452
A_NA_N1	1143	445	T	0	0	436	20.9724770642202
A_NA_N1	1144	438	G	7	0	432	20.537037037037
A_NA_N1	1145	441	A	4	0	433	20.0923787528868
A_NA_N1	1146	437	G	7	0	434	19.9377880184332
A_NA_N1	1147	439	A	5	0	434	20.647465437788
A_NA_N1	1148	435	C	9	0	424	20.6202830188679
A_NA_N1	1149	429	G	15	0	414	20.2222222222222
A_NA_N1	1150	440	G	4	0	434	20.5483870967742
A_NA_N1	1151	442	A	2	0	434	20.7672811059908
A_NA_N1	1152	439	C	5	0	434	21.3064516129032
A_NA_N1	1153	437	A	7	0	428	20.4532710280374
A_NA_N1	1154	440	G	4	0	436	19.743119266055
A_NA_N1	1155	436	T	8	0	417	20.3213429256595
A_NA_N1	1156	432	A	12	0	423	20.9078014184397
A_NA_N1	1157	439	G	5	0	435	21.4942528735632
A_NA_N1	1158	431	T	13	0	420	22.2547619047619
A_NA_N1	1159	432	T	12	0	425	23.2188235294118
A_NA_N1	1160	426	T	18	0	424	23.7806603773585
A_NA_N1	1161	416	C	28	0	411	25.4768856447689
A_NA_N1	1162	438	T	6	0	426	24.0704225352113
A_NA_N1	1163	434	C	10	0	431	24.0232018561485
A_NA_N1	1164	439	A	5	0	428	21.6658878504673
A_NA_N1	1165	433	G	11	0	422	21.7037914691943
A_NA_N1	1166	440	T	4	0	429	22.8205128205128
A_NA_N1	1167	442	G	1	0	435	23.0689655172414
A_NA_N1	1168	431	A	12	0	424	23.9504716981132
A_NA_N1	1169	432	A	11	0	429	23.4568764568765
A_NA_N1	1170	432	G	11	0	421	22.5344418052257
A_NA_N1	1171	433	C	10	0	418	22
A_NA_N1	1172	435	A	8	0	430	21.9418604651163
A_NA_N1	1173	443	A	0	0	430	21.5186046511628
A_NA_N1	1174	442	G	1	0	433	22.5080831408776
A_NA_N1	1175	442	A	1	0	437	23.7299771167048
A_NA_N1	1176	441	C	2	0	431	23.7749419953596
A_NA_N1	1177	435	A	8	0	430	23.1023255813953
A_NA_N1	1178	434	T	9	0	426	23.2535211267606
A_NA_N1	1179	437	T	6	0	433	23.1801385681293
A_NA_N1	1180	436	G	7	0	431	21.5823665893271
A_NA_N1	1181	437	T	6	0	426	20.8849765258216
A_NA_N1	1182	433	A	10	0	422	20.2559241706161
A_NA_N1	1183	441	G	2	0	432	19.6087962962963
A_NA_N1	1184	441	A	2	0	434	19.7880184331797
A_NA_N1	1185	442	A	1	0	436	20.9197247706422
A_NA_N1	1186	442	A	1	0	435	23.4804597701149
A_NA_N1	1187	442	T	1	0	428	23.5257009345794
A_NA_N1	1188	442	A	1	0	436	23.6100917431193
A_NA_N1	1189	442	A	1	0	436	23.2981651376147
A_NA_N1	1190	438	C	5	0	429	22.8181818181818
A_NA_N1	1191	440	T	3	0	430	22.2162790697674
A_NA_N1	1192	441	G	2	0	434	21.1981566820277
A_NA_N1	1193	439	A	4	0	437	22.0526315789474
A_NA_N1	1194	436	C	7	0	423	23.3617021276596
A_NA_N1	1195	439	T	4	0	431	23.8445475638051
A_NA_N1	1196	435	G	8	0	424	23.2617924528302
A_NA_N1	1197	437	G	6	0	430	22.7232558139535
A_NA_N1	1198	436	T	7	0	431	21.9767981438515
A_NA_N1	1199	434	C	9	0	427	21.4473067915691
A_NA_N1	1200	434	A	9	0	422	19.6848341232227
A_NA_N1	1201	422	G	21	0	420	18.9666666666667
A_NA_N1	1202	439	G	4	0	434	19.0806451612903
A_NA_N1	1203	434	A	9	0	431	20.1113689095128
A_NA_N1	1204	435	T	8	0	425	21.8823529411765
A_NA_N1	1205	440	A	3	0	436	22.4082568807339
A_NA_N1	1206	440	T	3	0	430	24.806976744186
A_NA_N1	1207	437	A	5	0	424	22.8797169811321
A_NA_N1	1208	419	G	22	0	413	20.6416464891041
A_NA_N1	1209	418	T	21	0	403	20.6526054590571
A_NA_N1	1210	382	G	57	0	373	21.1635388739946
A_NA_N1	1211	419	G	20	0	412	21.4733009708738
A_NA_N1	1212	433	G	6	0	432	21.974537037037
A_NA_N1	1213	428	A	11	0	424	22.2783018867925
A_NA_N1	1214	432	G	7	0	428	21.8317757009346
A_NA_N1	1215	402	T	37	0	392	21.8571428571429
A_NA_N1	1216	435	T	4	0	430	22.7279069767442
A_NA_N1	1217	438	T	2	0	432	23.8472222222222
A_NA_N1	1218	438	T	2	0	429	24.9067599067599
A_NA_N1	1219	437	G	3	0	427	25.0444964871194
A_NA_N1	1220	435	T	5	0	431	25.0162412993039
A_NA_N1	1221	415	C	26	0	407	24.4324324324324
A_NA_N1	1222	437	C	4	0	430	22.246511627907
A_NA_N1	1223	435	A	6	0	430	21.0744186046512
A_NA_N1	1224	436	G	5	0	432	21.1550925925926
A_NA_N1	1225	439	C	3	0	433	22.459584295612
A_NA_N1	1226	441	A	2	0	439	22.2209567198178
A_NA_N1	1227	441	T	2	0	437	22.3203661327231
A_NA_N1	1228	419	C	23	0	416	23.03125
A_NA_N1	1229	440	C	2	0	436	20.6376146788991
A_NA_N1	1230	439	A	3	0	434	19.7603686635945
A_NA_N1	1231	439	G	3	0	438	19.8493150684932
A_NA_N1	1232	438	A	4	0	433	21.6143187066975
A_NA_N1	1233	441	A	1	0	428	22.5724299065421
A_NA_N1	1234	440	C	2	0	435	22.3172413793103
A_NA_N1	1235	437	T	5	0	425	22.3905882352941
A_NA_N1	1236	441	G	1	0	435	21.5471264367816
A_NA_N1	1237	439	A	3	0	429	22.037296037296
A_NA_N1	1238	439	C	3	0	432	22.1782407407407
A_NA_N1	1239	438	A	3	0	431	20.5498839907193
A_NA_N1	1240	432	G	9	0	430	20.4116279069767
A_NA_N1	1241	435	G	6	0	433	20.0069284064665
A_NA_N1	1242	431	A	10	0	426	20.1619718309859
A_NA_N1	1243	433	T	7	0	428	21.5023364485981
A_NA_N1	1244	433	T	7	0	429	21.5081585081585
A_NA_N1	1245	432	A	8	0	425	21.1741176470588
A_NA_N1	1246	434	G	6	0	429	20.4079254079254
A_NA_N1	1247	435	A	5	0	429	19.9393939393939
A_NA_N1	1248	434	T	6	0	423	20.1631205673759
A_NA_N1	1249	435	T	4	0	429	20.0745920745921
A_NA_N1	1250	433	G	6	0	427	20.2763466042155
A_NA_N1	1251	429	C	9	0	414	20.4202898550725
A_NA_N1	1252	427	A	11	0	425	21.4823529411765
A_NA_N1	1253	431	T	6	0	420	21.6571428571429
A_NA_N1	1254	434	G	2	0	431	21.2273781902552
A_NA_N1	1255	430	A	5	0	422	21.281990521327
A_NA_N1	1256	428	G	6	0	424	19.8396226415094
A_NA_N1	1257	433	G	1	0	427	18.4777517564403
A_NA_N1	1258	433	C	1	0	428	17.1635514018692
A_NA_N1	1259	433	C	1	0	428	17.2663551401869
A_NA_N1	1260	421	T	13	0	415	18.2
A_NA_N1	1261	431	T	2	0	423	18.7565011820331
A_NA_N1	1262	430	G	3	0	425	19.7976470588235
A_NA_N1	1263	428	T	5	0	420	20.7333333333333
A_NA_N1	1264	429	T	2	0	426	21.1924882629108
A_NA_N1	1265	426	T	4	0	425	21.0470588235294
A_NA_N1	1266	418	C	11	0	417	21.3381294964029
A_NA_N1	1267	413	T	16	0	405	20.316049382716
A_NA_N1	1268	381	G	48	0	362	19.5359116022099
A_NA_N1	1269	403	G	26	0	384	18.7760416666667
A_NA_N1	1270	421	G	8	0	416	18.40625
A_NA_N1	1271	419	T	9	0	383	18.9164490861619
A_NA_N1	1272	424	T	5	0	414	19.2246376811594
A_NA_N1	1273	419	G	9	0	415	18.9180722891566
A_NA_N1	1274	413	A	14	0	406	19.2660098522167
A_NA_N1	1275	414	G	12	0	409	19.0317848410758
A_NA_N1	1276	417	C	9	0	398	18.3668341708543
A_NA_N1	1277	414	T	11	0	397	18.8438287153652
A_NA_N1	1278	412	A	13	0	401	20.069825436409
A_NA_N1	1279	418	A	8	0	406	19.5197044334975
A_NA_N1	1280	414	T	12	0	400	19.635
A_NA_N1	1281	417	T	9	0	398	19.5879396984925
A_NA_N1	1282	402	A	24	0	395	18.4784810126582
A_NA_N1	1283	408	G	18	0	405	17.9506172839506
A_NA_N1	1284	417	A	9	0	400	19.0425
A_NA_N1	1285	333	G	93	0	326	21.3374233128834
A_NA_N1	1286	415	G	11	0	408	21.0294117647059
A_NA_N1	1287	413	G	13	0	408	21.8946078431373
A_NA_N1	1288	412	A	14	0	407	22.7149877149877
A_NA_N1	1289	416	G	10	0	410	23.8292682926829
A_NA_N1	1290	421	G	5	0	410	23.5487804878049
A_NA_N1	1291	417	C	9	0	405	22.2765432098765
A_NA_N1	1292	420	C	5	0	406	22.8004926108374
A_NA_N1	1293	412	C	13	0	390	23.1205128205128
A_NA_N1	1294	383	A	42	0	378	23.6269841269841
A_NA_N1	1295	408	A	17	0	406	24.7266009852217
A_NA_N1	1296	406	A	19	0	403	21.0049627791563
A_NA_N1	1297	414	G	11	0	410	20.1170731707317
A_NA_N1	1298	416	A	8	0	406	19.5024630541872
A_NA_N1	1299	416	G	8	0	415	23.9590361445783
A_NA_N1	1300	413	A	10	0	407	18.7690417690418
A_NA_N1	1301	413	A	10	0	403	17.3746898263027
A_NA_N1	1302	417	C	6	0	405	17.4543209876543
A_NA_N1	1303	415	A	7	0	403	17.4962779156328
A_NA_N1	1304	417	C	5	0	414	19.8164251207729
A_NA_N1	1305	409	A	13	0	407	21.0737100737101
A_NA_N1	1306	412	A	10	0	403	18.3325062034739
A_NA_N1	1307	412	T	10	0	405	18.7703703703704
A_NA_N1	1308	418	T	4	0	412	19.7815533980583
A_NA_N1	1309	413	T	9	0	406	19.8990147783251
A_NA_N1	1310	322	G	99	0	316	20.6392405063291
A_NA_N1	1311	415	G	6	0	414	20.6908212560386
A_NA_N1	1312	415	A	6	0	413	21.2130750605327
A_NA_N1	1313	415	C	6	0	407	21.9164619164619
A_NA_N1	1314	416	T	5	0	399	20.9924812030075
A_NA_N1	1315	416	A	5	0	397	20.0629722921914
A_NA_N1	1316	402	G	19	0	390	19.4205128205128
A_NA_N1	1317	403	C	18	0	381	19.6036745406824
A_NA_N1	1318	395	G	26	0	368	19.679347826087
A_NA_N1	1319	410	G	11	0	400	18.49
A_NA_N1	1320	412	G	9	0	400	18.6825
A_NA_N1	1321	410	A	12	0	402	18.9875621890547
A_NA_N1	1322	415	G	7	0	409	18.8850855745721
A_NA_N1	1323	415	C	7	0	407	18.5061425061425
A_NA_N1	1324	414	A	8	0	405	18.3950617283951
A_NA_N1	1325	415	G	7	0	404	17.5618811881188
A_NA_N1	1326	418	C	4	0	405	17.8567901234568
A_NA_N1	1327	413	A	9	0	407	17.6830466830467
A_NA_N1	1328	416	T	6	0	409	17.9266503667482
A_NA_N1	1329	420	A	2	0	412	18.8932038834951
A_NA_N1	1330	421	T	1	0	421	18.9049881235154
A_NA_N1	1331	417	C	5	0	412	20.0655339805825
A_NA_N1	1332	416	C	5	0	412	19.5121359223301
A_NA_N1	1333	361	T	60	0	358	20.7206703910615
A_NA_N1	1334	404	T	17	0	404	21.460396039604
A_NA_N1	1335	414	T	7	0	411	23.2554744525547
A_NA_N1	1336	407	T	14	0	404	23.3366336633663
A_NA_N1	1337	401	G	20	0	394	23.758883248731
A_NA_N1	1338	404	T	17	0	398	22.3241206030151
A_NA_N1	1339	402	G	19	0	395	21.9645569620253
A_NA_N1	1340	400	G	20	0	393	20.8575063613232
A_NA_N1	1341	401	T	19	0	395	20.8050632911392
A_NA_N1	1342	417	G	3	0	406	21.0418719211823
A_NA_N1	1343	417	T	3	0	396	21.5025252525253
A_NA_N1	1344	412	A	8	0	404	22.2178217821782
A_NA_N1	1345	417	A	3	0	410	22.0317073170732
A_NA_N1	1346	418	A	2	0	408	21.2794117647059
A_NA_N1	1347	415	T	5	0	396	21.5227272727273
A_NA_N1	1348	416	A	4	0	406	19.9408866995074
A_NA_N1	1349	411	G	8	0	406	19.1871921182266
A_NA_N1	1350	415	T	4	0	410	19.119512195122
A_NA_N1	1351	415	G	2	0	408	19.218137254902
A_NA_N1	1352	413	A	4	0	409	19.9535452322738
A_NA_N1	1353	412	C	5	0	406	20.6724137931034
A_NA_N1	1354	416	A	1	0	413	20.2493946731235
A_NA_N1	1355	414	C	3	0	409	19.7799511002445
A_NA_N1	1356	408	T	9	0	395	19.7113924050633
A_NA_N1	1357	410	G	7	0	401	19.7980049875312
A_NA_N1	1358	413	T	4	0	407	19.6019656019656
A_NA_N1	1359	390	G	26	0	380	19.1131578947368
A_NA_N1	1360	407	G	8	0	402	17.8606965174129
A_NA_N1	1361	414	G	1	0	407	17.0614250614251
A_NA_N1	1362	413	T	2	0	396	16.8838383838384
A_NA_N1	1363	413	T	1	0	411	17.6520681265207
A_NA_N1	1364	409	G	5	0	392	18.0408163265306
A_NA_N1	1365	412	G	2	0	401	19.1022443890274
A_NA_N1	1366	411	T	3	0	399	19.6942355889724
A_NA_N1	1367	407	C	7	0	403	20.1985111662531
A_NA_N1	1368	406	T	8	0	391	21.4936061381074
A_NA_N1	1369	404	T	10	0	379	21.4617414248021
A_NA_N1	1370	370	G	44	0	353	20.4815864022663
A_NA_N1	1371	404	G	10	0	399	19.8947368421053
A_NA_N1	1372	395	C	19	0	386	19.7020725388601
A_NA_N1	1373	407	C	7	0	392	19.1989795918367
A_NA_N1	1374	409	A	5	0	396	19.0050505050505
A_NA_N1	1375	408	G	6	0	402	19.6616915422886
A_NA_N1	1376	411	A	3	0	406	20.7068965517241
A_NA_N1	1377	410	C	4	0	394	20.7690355329949
A_NA_N1	1378	408	G	6	0	395	18.9620253164557
A_NA_N1	1379	410	G	4	0	400	18.355
A_NA_N1	1380	412	T	2	0	404	17.9430693069307
A_NA_N1	1381	410	G	4	0	405	18.4617283950617
A_NA_N1	1382	407	C	7	0	401	19.6134663341646
A_NA_N1	1383	409	T	5	0	397	21.2518891687657
A_NA_N1	1384	410	G	4	0	406	20.8522167487685
A_NA_N1	1385	409	A	5	0	400	20.735
A_NA_N1	1386	412	G	2	0	406	20.5098522167488
A_NA_N1	1387	410	T	3	0	386	20.4896373056995
A_NA_N1	1388	412	T	1	0	409	20.2469437652812
A_NA_N1	1389	406	G	6	0	400	20.3725
A_NA_N1	1390	404	C	7	0	394	21.246192893401
A_NA_N1	1391	405	C	5	0	369	21.6937669376694
A_NA_N1	1392	404	A	6	0	402	22.0024875621891
A_NA_N1	1393	404	T	6	0	401	22.9102244389027
A_NA_N1	1394	407	T	3	0	406	23.6034482758621
A_NA_N1	1395	404	C	6	0	399	24.0050125313283
A_NA_N1	1396	402	A	6	0	401	23.3391521197007
A_NA_N1	1397	402	C	6	0	398	22.8693467336683
A_NA_N1	1398	403	C	5	0	393	22.7506361323155
A_NA_N1	1399	402	A	6	0	401	22.3291770573566
A_NA_N1	1400	400	T	7	0	392	22.7704081632653
A_NA_N1	1401	404	T	3	0	403	23.0868486352357
A_NA_N1	1402	405	G	0	0	404	23.1707920792079
A_NA_N1	1403	405	A	0	0	402	23.3283582089552
A_NA_N1	1404	400	C	0	0	397	23.536523929471
A_NA_N1	1405	390	A	5	0	389	22.7712082262211
A_NA_N1	1406	395	A	0	0	395	22.1341772151899
A_NA_N1	1407	391	G	0	0	389	20.9228791773779
A_NA_N1	1408	389	T	0	0	385	21.6051948051948
A_NA_N1	1409	382	A	0	0	382	21.7094240837696
A_NA_N1	1410	375	G	0	0	375	22.3946666666667
