Reference_Name	Position	Coverage Depth	Consensus	Deletions	Ambiguous	Consensus_Count	Consensus_Average_Quality
A_NP	1	4246	A	0	0	4246	22.4345266132831
A_NP	2	4304	T	0	0	4304	23.0927044609665
A_NP	3	4339	G	0	0	4292	22.1246505125815
A_NP	4	4375	G	0	0	4368	20.4901556776557
A_NP	5	4383	C	0	0	4334	19.8592524227042
A_NP	6	4460	G	14	0	4412	18.675430643699
A_NP	7	4501	T	19	0	4462	19.4854325414612
A_NP	8	4531	C	29	0	4509	20.1996007984032
A_NP	9	4601	T	20	0	4539	20.7184401850628
A_NP	10	4667	C	10	0	4651	23.7925177381208
A_NP	11	4539	A	148	0	4473	21.4822266934943
A_NP	12	4672	A	20	0	4584	20.8739092495637
A_NP	13	4668	G	32	0	4599	20.3146336160035
A_NP	14	4685	G	29	0	4661	21.3239648144175
A_NP	15	4674	C	42	0	4626	20.7031993082577
A_NP	16	4600	A	117	0	4551	20.1975390024171
A_NP	17	4644	C	76	0	4513	21.1096831376025
A_NP	18	4707	C	23	0	4636	20.9980586712683
A_NP	19	4647	A	95	0	4595	20.2208922742111
A_NP	20	4722	A	22	0	4666	20.5904414916417
A_NP	21	4729	A	15	0	4609	21.5547841180299
A_NP	22	4729	C	15	0	4655	20.5967776584318
A_NP	23	4714	G	35	0	4650	18.9275268817204
A_NP	24	4717	A	33	0	4650	18.5288172043011
A_NP	25	4734	T	16	0	4694	18.8493821900298
A_NP	26	4633	C	117	0	4591	20.1890655630582
A_NP	27	4736	C	16	0	4687	19.8992959248987
A_NP	28	4636	T	116	0	4554	20.5136144049188
A_NP	29	4663	A	89	0	4598	20.4645498042627
A_NP	30	4724	T	30	0	4611	22.8664064194318
A_NP	31	4734	G	21	0	4680	22.2544871794872
A_NP	32	4733	A	22	0	4669	22.8725637181409
A_NP	33	4747	A	9	0	4700	23.556170212766
A_NP	34	4743	C	13	0	4710	24.0114649681529
A_NP	35	4738	A	19	0	4698	22.9067688378033
A_NP	36	4742	G	16	0	4712	22.9331494057725
A_NP	37	4736	A	22	0	4708	23.3203058623619
A_NP	38	4741	T	17	0	4712	24.2474533106961
A_NP	39	4703	G	55	0	4687	24.3142735225091
A_NP	40	4728	G	30	0	4715	23.9806998939555
A_NP	41	4709	A	49	0	4664	21.9948542024014
A_NP	42	4714	G	45	0	4669	21.7070036410366
A_NP	43	4706	A	53	0	4635	21.8748651564186
A_NP	44	4697	C	63	0	4640	20.9508620689655
A_NP	45	4662	T	98	0	4576	20.7045454545455
A_NP	46	4617	G	143	0	4542	21.130559225011
A_NP	47	4678	G	82	0	4587	19.3614562895138
A_NP	48	4709	T	51	0	4578	19.568370467453
A_NP	49	4662	G	98	0	4606	20.3808076422058
A_NP	50	4676	G	84	0	4607	20.4506186238333
A_NP	51	4655	A	105	0	4600	19.3134782608696
A_NP	52	4644	G	116	0	4474	18.9045596781404
A_NP	53	4510	A	250	0	4438	25.090806669671
A_NP	54	4674	G	86	0	4615	28.0866738894908
A_NP	55	4643	C	117	0	4566	16.8883048620237
A_NP	56	4676	G	84	0	4596	17.7491296779809
A_NP	57	4594	C	166	0	4514	20.2979618963226
A_NP	58	4707	C	53	0	4569	20.0984898227183
A_NP	59	4650	A	110	0	4532	19.0377316857899
A_NP	60	4613	G	147	0	4573	17.7677673299803
A_NP	61	4680	A	80	0	4602	17.7690134724033
A_NP	62	4716	A	44	0	4572	18.6548556430446
A_NP	63	4704	T	56	0	4625	18.8627027027027
A_NP	64	4620	G	140	0	4387	18.5267836790517
A_NP	65	4590	C	170	0	4511	18.1935269341609
A_NP	66	4547	C	213	0	4439	17.7803559360216
A_NP	67	4569	A	191	0	4440	16.1675675675676
A_NP	68	4696	C	64	0	4634	17.1840742339232
A_NP	69	4598	T	162	0	4447	17.8740724083652
A_NP	70	4700	G	60	0	4639	17.9640008622548
A_NP	71	4716	A	44	0	4667	19.7983715448897
A_NP	72	4613	G	147	0	4583	20.2162339079206
A_NP	73	4738	A	22	0	4695	23.2864749733759
A_NP	74	4730	T	30	0	4695	21.4345047923323
A_NP	75	4733	C	27	0	4678	22.5974775545105
A_NP	76	4670	A	91	0	4582	21.4986905281536
A_NP	77	4715	G	46	0	4663	19.8012009435985
A_NP	78	4666	A	95	0	4590	20.3261437908497
A_NP	79	4708	G	53	0	4652	21.1021066208083
A_NP	80	4745	C	16	0	4697	20.8309559293166
A_NP	81	4750	A	11	0	4720	21.228813559322
A_NP	82	4727	T	34	0	4684	22.6861656703672
A_NP	83	4742	C	19	0	4727	24.5635709752486
A_NP	84	4727	T	34	0	4682	23.7278940623665
A_NP	85	4729	G	32	0	4687	23.8186473223811
A_NP	86	4726	T	35	0	4633	24.141592920354
A_NP	87	4747	T	15	0	4697	24.1328507558016
A_NP	88	4616	G	146	0	4593	23.2630089266275
A_NP	89	4737	G	26	0	4703	22.5458218158622
A_NP	90	4735	A	28	0	4707	22.5585298491608
A_NP	91	4745	A	18	0	4717	24.0099639601442
A_NP	92	4749	G	14	0	4714	24.0366991938905
A_NP	93	4720	A	43	0	4683	24.1857783472133
A_NP	94	4751	A	12	0	4730	23.9488372093023
A_NP	95	4735	T	28	0	4698	22.8103448275862
A_NP	96	4704	G	59	0	4651	23.0956783487422
A_NP	97	4730	G	33	0	4676	23.0121899059025
A_NP	98	4723	T	40	0	4574	22.1560996939222
A_NP	99	4741	T	23	0	4693	22.394843383763
A_NP	100	4668	G	96	0	4572	21.5787401574803
A_NP	101	4729	G	35	0	4634	21.0876132930514
A_NP	102	4722	T	42	0	4603	21.3032804692592
A_NP	103	4686	G	78	0	4631	21.9602677607428
A_NP	104	4722	G	42	0	4679	22.6529172900192
A_NP	105	4648	A	116	0	4591	22.0899586146809
A_NP	106	4712	A	52	0	4620	21.4766233766234
A_NP	107	4692	T	72	0	4516	20.5524800708592
A_NP	108	4731	T	33	0	4655	20.3765843179377
A_NP	109	4539	G	225	0	4414	19.1581332125057
A_NP	110	4705	G	59	0	4672	19.355522260274
A_NP	111	4710	G	54	0	4682	20.3633062793678
A_NP	112	4695	A	69	0	4652	22.0109630266552
A_NP	113	4651	G	113	0	4562	22.9449802718106
A_NP	114	4748	G	16	0	4699	21.4586082145137
A_NP	115	4726	T	38	0	4664	18.6888936535163
A_NP	116	4737	T	28	0	4674	20.7920410783055
A_NP	117	4681	C	85	0	4624	23.7871972318339
A_NP	118	4566	T	199	0	4473	22.4446680080483
A_NP	119	4604	A	161	0	4445	21.7817772778403
A_NP	120	4666	C	98	0	4553	21.6837250164727
A_NP	121	4625	A	139	0	4533	21.4584160600044
A_NP	122	4671	T	93	0	4552	21.4857205623902
A_NP	123	4707	A	57	0	4523	20.567764757904
A_NP	124	4695	C	69	0	4595	20.3843307943417
A_NP	125	4724	A	40	0	4623	20.0612156608263
A_NP	126	4729	G	34	0	4681	20.1273232215339
A_NP	127	4733	A	30	0	4689	22.0364683301344
A_NP	128	4550	T	213	0	4514	23.2224191404519
A_NP	129	4555	G	208	0	4473	22.5513078470825
A_NP	130	4715	T	48	0	4660	22.5984978540773
A_NP	131	4634	G	129	0	4557	21.9389949528198
A_NP	132	4629	C	134	0	4588	21.441368788143
A_NP	133	4694	A	69	0	4619	21.3777873998701
A_NP	134	4707	C	55	0	4674	20.7860504920839
A_NP	135	4700	T	62	0	4552	20.7902021089631
A_NP	136	4725	G	37	0	4672	20.4377140410959
A_NP	137	4682	A	79	0	4601	20.871984351228
A_NP	138	4704	G	57	0	4652	19.3652192605331
A_NP	139	4680	C	81	0	4632	18.8782383419689
A_NP	140	4694	T	67	0	4607	19.1814629911005
A_NP	141	4744	C	17	0	4690	20.6405117270789
A_NP	142	4702	A	59	0	4650	19.7296774193548
A_NP	143	4747	A	13	0	4705	20.0639744952179
A_NP	144	4749	A	11	0	4626	21.8376567228707
A_NP	145	4734	C	26	0	4708	21.8687340696686
A_NP	146	4709	T	51	0	4638	22.3085381630013
A_NP	147	4735	C	25	0	4690	22.5654584221748
A_NP	148	4718	A	42	0	4601	20.806129102369
A_NP	149	4642	G	118	0	4511	19.1713589004655
A_NP	150	4692	C	68	0	4474	19.0509611086276
A_NP	151	4709	G	50	0	4630	18.3140388768898
A_NP	152	4717	A	42	0	4656	18.7701890034364
A_NP	153	4710	C	49	0	4630	19.6473002159827
A_NP	154	4731	C	28	0	4606	20.3200173686496
A_NP	155	4724	A	36	0	4679	21.0262876683052
A_NP	156	4708	T	52	0	4627	21.8446077371947
A_NP	157	4664	G	96	0	4625	22.6436756756757
A_NP	158	4642	A	118	0	4603	22.9945687595047
A_NP	159	4654	A	106	0	4625	22.4505945945946
A_NP	160	4606	G	154	0	4580	22.311135371179
A_NP	161	4695	G	66	0	4655	20.4906552094522
A_NP	162	4661	A	101	0	4627	18.6721417765291
A_NP	163	4673	A	89	0	4588	18.5058849171752
A_NP	164	4658	G	103	0	4544	17.7352552816901
A_NP	165	4717	G	44	0	4671	18.4187540141297
A_NP	166	4712	C	49	0	4670	17.9477516059957
A_NP	167	4706	T	55	0	4617	18.3734026424085
A_NP	168	4731	G	28	0	4699	21.2330283038944
A_NP	169	4731	A	28	0	4695	22.3235356762513
A_NP	170	4736	T	23	0	4689	22.4809127745788
A_NP	171	4587	C	170	0	4527	23.0797437596642
A_NP	172	4710	C	46	0	4565	19.7588170865279
A_NP	173	4679	A	76	0	4612	18.7647441457069
A_NP	174	4717	G	38	0	4679	18.5298140628339
A_NP	175	4706	A	48	0	4654	19.1630855178341
A_NP	176	4730	A	24	0	4626	21.3733246865543
A_NP	177	4718	C	36	0	4596	21.3857702349869
A_NP	178	4716	A	37	0	4649	20.214239621424
A_NP	179	4690	G	63	0	4517	19.2751826433474
A_NP	180	4704	C	48	0	4591	19.1093443694184
A_NP	181	4676	A	77	0	4572	19.3816710411199
A_NP	182	4695	T	58	0	4553	20.0191082802548
A_NP	183	4690	A	62	0	4611	21.8432010409889
A_NP	184	4709	A	44	0	4588	22.2661290322581
A_NP	185	4706	C	47	0	4637	22.6879447918913
A_NP	186	4679	A	74	0	4648	23.4935456110155
A_NP	187	4692	A	60	0	4636	23.5532786885246
A_NP	188	4680	T	72	0	4585	23.7823336968375
A_NP	189	4321	A	431	0	4242	20.8401697312588
A_NP	190	4429	G	322	0	4374	18.9446730681299
A_NP	191	4645	A	106	0	4593	18.7332897888091
A_NP	192	4559	G	191	0	4522	27.5643520566121
A_NP	193	4698	A	53	0	4640	41.6950431034483
A_NP	194	4668	G	82	0	4604	41.5983927019983
A_NP	195	4713	A	37	0	4658	24.6423357664234
A_NP	196	4730	A	19	0	4681	21.0675069429609
A_NP	197	4721	T	28	0	4669	22.1409295352324
A_NP	198	4713	G	36	0	4629	22.5837113847483
A_NP	199	4699	G	50	0	4651	22.0150505267684
A_NP	200	4673	T	75	0	4584	21.6321989528796
A_NP	201	4427	T	321	0	4344	22.2955801104972
A_NP	202	4402	C	346	0	4361	23.1882595734923
A_NP	203	4672	T	76	0	4606	24.212548849327
A_NP	204	4583	C	163	0	4529	28.2987414440274
A_NP	205	4683	T	62	0	4648	52.9716006884682
A_NP	206	4665	C	78	0	4646	54.7460180800689
A_NP	207	4644	T	98	0	4587	32.7429692609549
A_NP	208	4660	G	82	0	4611	23.5191932335719
A_NP	209	4704	C	37	0	4645	23.870398277718
A_NP	210	4687	A	53	0	4644	23.890826873385
A_NP	211	4660	T	80	0	4591	24.7789152690046
A_NP	212	4703	T	37	0	4646	26.8118811881188
A_NP	213	4716	T	24	0	4649	27.1899333189933
A_NP	214	4716	G	21	0	4684	26.9344577284372
A_NP	215	4722	A	15	0	4668	25.5691945158526
A_NP	216	4716	T	21	0	4668	24.4430162810626
A_NP	217	4691	G	46	0	4668	22.6128963153385
A_NP	218	4494	A	239	0	4470	22.1346756152125
A_NP	219	4646	A	87	0	4606	21.1886669561442
A_NP	220	4650	A	83	0	4606	20.4537559704733
A_NP	221	4607	G	126	0	4578	21.6033202271734
A_NP	222	4662	G	70	0	4628	20.7590751944685
A_NP	223	4675	A	57	0	4646	20.772492466638
A_NP	224	4606	G	125	0	4558	22.4953927161036
A_NP	225	4701	G	28	0	4648	22.4485800344234
A_NP	226	4670	A	59	0	4623	21.3155959333766
A_NP	227	4701	A	28	0	4639	23.2060788963139
A_NP	228	4707	C	22	0	4630	23.1773218142549
A_NP	229	4589	A	140	0	4558	24.8828433523475
A_NP	230	4712	A	15	0	4670	26.1922912205567
A_NP	231	4710	A	17	0	4650	26.8565591397849
A_NP	232	4695	T	32	0	4557	28.4540267719991
A_NP	233	4687	A	40	0	4589	29.1194159947701
A_NP	234	4688	T	38	0	4628	29.0566119273984
A_NP	235	4675	C	50	0	4593	27.9960809928152
A_NP	236	4674	T	51	0	4577	26.029058335154
A_NP	237	4576	G	148	0	4492	25.9160730186999
A_NP	238	4682	G	41	0	4618	25.2358163707233
A_NP	239	4682	A	41	0	4667	24.2674094707521
A_NP	240	4687	A	35	0	4654	26.172754619682
A_NP	241	4692	G	30	0	4648	23.6675989672978
A_NP	242	4676	A	45	0	4617	24.6285466753303
A_NP	243	4682	A	39	0	4604	24.6744135534318
A_NP	244	4653	C	68	0	4575	24.3405464480874
A_NP	245	4653	A	68	0	4597	25.0026103980857
A_NP	246	4462	C	260	0	4386	25.6493388052896
A_NP	247	4616	C	104	0	4539	23.8175809649703
A_NP	248	4646	C	74	0	4440	23.1002252252252
A_NP	249	4676	C	44	0	4481	23.1997322026333
A_NP	250	4657	A	62	0	4554	21.4404918752745
A_NP	251	4655	G	64	0	4589	20.7807801263892
A_NP	252	4654	T	65	0	4583	21.0744054113026
A_NP	253	4493	G	226	0	4452	22.6729559748428
A_NP	254	4475	C	244	0	4363	23.1911528764611
A_NP	255	3688	G	1031	0	3304	17.8432203389831
A_NP	256	4600	G	118	0	4346	16.4015186378279
A_NP	257	4668	G	50	0	4568	15.9838003502627
A_NP	258	4635	G	83	0	4545	17.16699669967
A_NP	259	4605	A	113	0	4571	18.6873769415883
A_NP	260	4679	A	39	0	4650	19.5756989247312
A_NP	261	4662	G	55	0	4611	19.2081977878985
A_NP	262	4691	G	27	0	4648	20.4085628227194
A_NP	263	4678	A	40	0	4654	20.2713794585303
A_NP	264	4481	C	237	0	4396	21.1476342129208
A_NP	265	4477	C	241	0	4428	19.9663504968383
A_NP	266	4519	C	199	0	4238	18.6734308636149
A_NP	267	4324	G	392	0	4224	17.8091856060606
A_NP	268	4312	A	404	0	4258	18.8175199624237
A_NP	269	4446	A	270	0	4385	17.9115165336374
A_NP	270	4621	G	93	0	4593	15.7816242107555
A_NP	271	4381	A	333	0	4350	17.3259770114943
A_NP	272	4667	A	47	0	4633	18.277142240449
A_NP	273	4684	A	29	0	4652	20.4438950988822
A_NP	274	4677	A	36	0	4514	21.5157288435977
A_NP	275	4669	C	43	0	4639	21.4998922181505
A_NP	276	4639	T	73	0	4570	21.4514223194748
A_NP	277	4470	G	242	0	4417	21.6436495358841
A_NP	278	4626	G	84	0	4596	21.6801566579634
A_NP	279	4623	A	86	0	4572	21.1780402449694
A_NP	280	4520	G	188	0	4453	21.6283404446441
A_NP	281	4692	G	16	0	4647	19.9614805250699
A_NP	282	4691	T	17	0	4632	17.6848013816926
A_NP	283	4597	C	111	0	4571	19.6696565302997
A_NP	284	4677	C	31	0	4528	20.5549911660777
A_NP	285	4657	G	51	0	4566	19.5582566798073
A_NP	286	4572	A	136	0	4502	19.014660151044
A_NP	287	4629	T	79	0	4456	20.0538599640934
A_NP	288	4683	T	25	0	4624	20.6371107266436
A_NP	289	4696	T	12	0	4636	21.3479292493529
A_NP	290	4692	A	14	0	4631	22.1146620600302
A_NP	291	4678	T	27	0	4598	23.8564593301435
A_NP	292	4668	C	37	0	4607	21.5802040373345
A_NP	293	4588	G	117	0	4503	16.9487008660893
A_NP	294	4583	A	122	0	4529	16.3764627953191
A_NP	295	4550	A	155	0	4511	15.9299490135225
A_NP	296	4504	G	201	0	4464	17.1888440860215
A_NP	297	4473	G	231	0	4429	17.9221043124859
A_NP	298	4502	A	202	0	4475	18.7456983240223
A_NP	299	4615	G	89	0	4598	20.5152240104393
A_NP	300	4654	A	50	0	4612	30.2159583694709
A_NP	301	4609	G	94	0	4565	51.5831325301205
A_NP	302	4632	A	71	0	4600	45.6869565217391
A_NP	303	4622	T	81	0	4563	21.7646285338593
A_NP	304	4278	G	425	0	4202	22.1097096620657
A_NP	305	4502	G	201	0	4447	21.4904429952777
A_NP	306	4648	G	53	0	4589	19.6644149052081
A_NP	307	4510	A	191	0	4461	20.3304191885228
A_NP	308	4681	A	21	0	4660	19.193347639485
A_NP	309	4677	A	25	0	4627	20.3343419062027
A_NP	310	4662	T	40	0	4608	22.1124131944444
A_NP	311	4591	G	111	0	4536	23.1873897707231
A_NP	312	4660	G	42	0	4616	23.1607452339688
A_NP	313	4667	G	35	0	4599	20.8932376603609
A_NP	314	4650	T	50	0	4542	20.7569352708058
A_NP	315	4555	G	145	0	4500	19.8848888888889
A_NP	316	4586	A	114	0	4525	19.5834254143646
A_NP	317	4449	G	250	0	4338	18.5520977408944
A_NP	318	4628	A	70	0	4417	24.5302241340276
A_NP	319	4662	G	36	0	4634	32.2434182132067
A_NP	320	4604	A	94	0	4336	21.5027675276753
A_NP	321	4647	A	51	0	4326	20.3666204345816
A_NP	322	4613	C	85	0	4505	20.2752497225305
A_NP	323	4570	T	127	0	4220	20.4900473933649
A_NP	324	4592	G	105	0	4507	19.6088307077879
A_NP	325	4401	A	295	0	4291	20.4020041948264
A_NP	326	4631	T	64	0	4580	20.2137554585153
A_NP	327	4544	C	151	0	4502	21.0357618836073
A_NP	328	4661	C	34	0	4635	19.961380798274
A_NP	329	4579	T	115	0	4474	21.3582923558337
A_NP	330	4593	G	101	0	4511	21.9512303258701
A_NP	331	4559	T	135	0	4360	24.3479357798165
A_NP	332	4577	A	117	0	4468	23.4803043867502
A_NP	333	4658	T	35	0	4518	22.9041611332448
A_NP	334	4663	G	30	0	4629	22.8284726722834
A_NP	335	4658	A	35	0	4573	23.9099059698229
A_NP	336	4665	C	27	0	4620	24.9757575757576
A_NP	337	4309	A	382	0	4257	24.431289640592
A_NP	338	4471	A	218	0	4439	24.4359089885109
A_NP	339	4205	A	484	0	4144	19.9266409266409
A_NP	340	4166	G	523	0	4129	21.6485831920562
A_NP	341	4586	A	103	0	4447	21.5799415336182
A_NP	342	4522	G	167	0	4484	20.3829170383586
A_NP	343	4624	G	64	0	4602	19.2283789656671
A_NP	344	4614	A	74	0	4557	17.651086240948
A_NP	345	4599	G	89	0	4482	20.2777777777778
A_NP	346	4632	A	56	0	4548	21.240545294635
A_NP	347	4666	T	23	0	4629	20.7191618060056
A_NP	348	4666	C	23	0	4614	20.8409189423494
A_NP	349	4568	A	120	0	4442	17.9664565511031
A_NP	350	4307	G	381	0	4282	16.8776272769734
A_NP	351	4595	G	93	0	4561	17.9486954615216
A_NP	352	4647	A	40	0	4610	18.0030368763557
A_NP	353	4653	G	34	0	4623	20.9273199221285
A_NP	354	4640	A	47	0	4602	21.399826162538
A_NP	355	4668	A	19	0	4625	22.2382702702703
A_NP	356	4640	T	47	0	4598	23.3001304915181
A_NP	357	4582	C	105	0	4529	25.1196732170457
A_NP	358	4545	T	141	0	4406	24.8971856559237
A_NP	359	4551	G	135	0	4367	24.4286695672086
A_NP	360	4607	G	80	0	4493	22.1589138660138
A_NP	361	4624	C	63	0	4488	20.5933600713012
A_NP	362	4646	G	39	0	4496	19.279359430605
A_NP	363	4653	T	32	0	4574	19.1292085701793
A_NP	364	4656	C	29	0	4627	19.8225632159066
A_NP	365	4587	A	98	0	4532	19.7923654015887
A_NP	366	4631	A	54	0	4574	22.1112811543507
A_NP	367	4625	G	60	0	4563	21.7764628533859
A_NP	368	4640	C	45	0	4578	21.4670161642639
A_NP	369	4641	G	43	0	4373	18.1619025840384
A_NP	370	4618	A	66	0	4376	18.091407678245
A_NP	371	4656	A	28	0	4608	17.9292534722222
A_NP	372	4657	T	27	0	4549	18.7647834688943
A_NP	373	4642	A	43	0	4604	19.6943961772372
A_NP	374	4667	A	18	0	4590	22.9932461873638
A_NP	375	4662	T	22	0	4614	23.4852622453403
A_NP	376	4618	G	65	0	4598	24.1446280991736
A_NP	377	4471	G	211	0	4441	23.5228552127899
A_NP	378	4439	A	239	0	4397	23.2942915624289
A_NP	379	4637	G	40	0	4620	21.1285714285714
A_NP	380	4622	A	55	0	4592	20.9608013937282
A_NP	381	4646	A	30	0	4580	21.4764192139738
A_NP	382	4638	G	37	0	4590	19.6392156862745
A_NP	383	4634	A	40	0	4546	21.5912890453146
A_NP	384	4614	C	60	0	4531	19.7536967556831
A_NP	385	4614	G	59	0	4444	18.3330333033303
A_NP	386	4622	C	51	0	4545	18.3925192519252
A_NP	387	4574	A	99	0	4500	18.4482222222222
A_NP	388	4621	A	52	0	4159	17.8473190670834
A_NP	389	4625	C	47	0	4570	18.1172866520788
A_NP	390	4607	T	65	0	4060	18.4704433497537
A_NP	391	4637	G	35	0	4549	18.2059793361178
A_NP	392	4632	C	40	0	4490	21.0505567928731
A_NP	393	4637	T	35	0	4551	21.1355745989892
A_NP	394	4623	G	49	0	4556	21.4170324846356
A_NP	395	4652	G	20	0	4540	20.4277533039648
A_NP	396	4647	T	24	0	4582	20.1370580532519
A_NP	397	4623	C	49	0	4575	20.8612021857924
A_NP	398	4610	T	61	0	4509	19.7675759591927
A_NP	399	4596	C	75	0	4541	20.7247302356309
A_NP	400	4537	A	134	0	4412	19.8030371713509
A_NP	401	4622	C	48	0	4553	19.6123435097738
A_NP	402	4527	T	143	0	4440	20.5765765765766
A_NP	403	4576	C	93	0	4530	21.6719646799117
A_NP	404	4632	A	37	0	4571	21.8092321155108
A_NP	405	4530	C	139	0	4449	21.9381883569341
A_NP	406	4644	C	23	0	4584	21.6592495636998
A_NP	407	4565	T	101	0	4426	20.8901943063714
A_NP	408	4592	G	74	0	4545	21.9535753575358
A_NP	409	4588	A	78	0	4515	23.0637873754153
A_NP	410	4648	T	18	0	4607	22.5096592142392
A_NP	411	4644	G	22	0	4609	22.2395313517032
A_NP	412	4647	A	19	0	4598	22.1555023923445
A_NP	413	4629	T	36	0	4599	23.5544683626875
A_NP	414	4627	C	37	0	4572	22.9437882764654
A_NP	415	4576	T	88	0	4457	20.7902176351806
A_NP	416	4572	G	89	0	4411	20.4733620494219
A_NP	417	4609	G	52	0	4542	20.4768824306473
A_NP	418	4618	C	43	0	4525	20.7489502762431
A_NP	419	4608	A	53	0	4573	20.8073474743057
A_NP	420	4603	T	58	0	4547	22.2590719155487
A_NP	421	4609	T	52	0	4558	24.2347520842475
A_NP	422	4600	C	60	0	4567	23.1486752791767
A_NP	423	4563	T	95	0	4441	20.8421526683179
A_NP	424	4594	A	64	0	4494	20.4201157098353
A_NP	425	4623	A	35	0	4555	21.5034028540066
A_NP	426	4589	T	69	0	4497	22.0102290415833
A_NP	427	4625	C	33	0	4544	23.2022447183099
A_NP	428	4516	T	141	0	4305	21.2736353077816
A_NP	429	4546	A	109	0	4445	21.141057367829
A_NP	430	4624	A	30	0	4558	21.746160596753
A_NP	431	4629	A	24	0	4525	22.0033149171271
A_NP	432	4616	T	37	0	4558	22.6687143483984
A_NP	433	4622	G	31	0	4567	22.8237354937596
A_NP	434	4619	A	34	0	4561	22.7178250383688
A_NP	435	4618	T	35	0	4587	22.8548070634402
A_NP	436	4601	G	53	0	4514	21.9636685866194
A_NP	437	4547	C	107	0	4517	21.6145671906132
A_NP	438	4501	C	152	0	4427	21.2313078834425
A_NP	439	4473	A	179	0	4370	19.7796338672769
A_NP	440	4594	C	57	0	4519	19.8050453640186
A_NP	441	4528	A	120	0	4458	20.014131897712
A_NP	442	4549	T	98	0	4472	19.8550983899821
A_NP	443	4567	A	78	0	4421	19.8737842117168
A_NP	444	4580	C	65	0	4493	19.6265301580236
A_NP	445	4623	C	22	0	4563	19.4150777996932
A_NP	446	4566	A	78	0	4474	18.7840858292356
A_NP	447	4572	G	72	0	4522	19.3226448474127
A_NP	448	4584	A	60	0	4491	19.7419283010465
A_NP	449	4562	G	79	0	4520	20.0396017699115
A_NP	450	4634	G	7	0	4584	19.169502617801
A_NP	451	4617	A	24	0	4572	19.080271216098
A_NP	452	4620	C	21	0	4570	21.0927789934354
A_NP	453	4439	A	200	0	4391	21.044636757003
A_NP	454	4583	A	56	0	4509	20.9410068751386
A_NP	455	4574	G	64	0	4476	18.6581769436997
A_NP	456	4572	A	66	0	4479	20.8066532708194
A_NP	457	4594	G	43	0	4539	20.4855695087024
A_NP	458	4370	C	267	0	4316	19.8642261353105
A_NP	459	4316	T	320	0	4253	20.610157535857
A_NP	460	4592	C	43	0	4477	22.3082421264239
A_NP	461	4571	T	64	0	4469	27.1975833519803
A_NP	462	4521	C	113	0	4432	27.0566335740072
A_NP	463	4548	G	85	0	4405	20.4329171396141
A_NP	464	4550	T	80	0	4472	20.1513864042934
A_NP	465	4501	G	129	0	4432	20.8777075812274
A_NP	466	4497	C	133	0	4329	20.7003927003927
A_NP	467	4554	G	76	0	4482	20.4404283801874
A_NP	468	4521	T	108	0	4413	20.0324042601405
A_NP	469	4552	A	77	0	4414	20.0967376529225
A_NP	470	4545	C	83	0	4481	20.6610131667039
A_NP	471	4546	T	82	0	4457	21.4458155710119
A_NP	472	4400	G	228	0	4273	21.4722677275919
A_NP	473	4520	G	108	0	4475	21.712625698324
A_NP	474	4604	G	24	0	4558	21.4098288723124
A_NP	475	4609	A	19	0	4576	22.6173513986014
A_NP	476	4603	T	24	0	4561	23.1199298399474
A_NP	477	4541	G	84	0	4509	23.3768019516523
A_NP	478	4591	G	30	0	4544	22.6828785211268
A_NP	479	4592	A	29	0	4566	22.428164695576
A_NP	480	4267	C	353	0	4193	22.4354877176246
A_NP	481	4529	C	90	0	4487	21.5598395364386
A_NP	482	4553	C	64	0	4433	21.2034739454094
A_NP	483	4566	C	51	0	4413	21.1534103784274
A_NP	484	4535	A	81	0	4291	19.0671172220928
A_NP	485	4517	G	99	0	4449	17.9348168127669
A_NP	486	4592	G	23	0	4548	18.103781882146
A_NP	487	4586	A	29	0	4561	18.9044069283052
A_NP	488	4442	T	174	0	4384	22.6423357664234
A_NP	489	4444	G	172	0	4350	22.6080459770115
A_NP	490	4512	T	102	0	4449	21.588446841987
A_NP	491	4502	G	111	0	4394	20.8233955393719
A_NP	492	4339	C	270	0	4290	20.2645687645688
A_NP	493	4303	T	306	0	4209	21.4433357091946
A_NP	494	4512	C	95	0	4434	21.5665313486694
A_NP	495	4460	T	147	0	4393	28.5406328249488
A_NP	496	4411	C	195	0	4338	54.9027201475334
A_NP	497	4270	T	334	0	4179	29.45034697296
A_NP	498	4449	T	154	0	4305	24.4473867595819
A_NP	499	4457	A	143	0	4293	21.5909620312136
A_NP	500	4532	T	67	0	4410	20.8537414965986
A_NP	501	4509	G	84	0	4380	19.7301369863014
A_NP	502	4516	C	76	0	4429	19.529690675096
A_NP	503	4326	A	266	0	4217	18.8396964666825
A_NP	504	4491	A	99	0	4172	16.3053691275168
A_NP	505	4479	G	111	0	4396	15.5338944494995
A_NP	506	4567	G	21	0	4527	17.2054340622929
A_NP	507	4544	A	44	0	4487	17.0345442389124
A_NP	508	4557	T	30	0	4485	20.2231884057971
A_NP	509	4553	C	34	0	4505	21.6330743618202
A_NP	510	4498	A	88	0	4432	16.8296480144404
A_NP	511	4546	A	40	0	4282	15.9619336758524
A_NP	512	4459	C	127	0	4389	17.7259056732741
A_NP	513	4394	T	192	0	4308	18.244661095636
A_NP	514	4472	C	113	0	4445	18.8407199100112
A_NP	515	4526	T	57	0	4486	25.8640213999108
A_NP	516	4336	C	241	0	4293	28.4994176566504
A_NP	517	4515	C	61	0	4486	22.4944271065537
A_NP	518	4477	C	98	0	4331	21.2646040175479
A_NP	519	4234	A	341	0	4072	21.5520628683694
A_NP	520	4443	A	132	0	4321	19.5598241147882
A_NP	521	4421	G	152	0	4325	17.8263583815029
A_NP	522	4476	G	97	0	4415	19.083805209513
A_NP	523	4482	A	91	0	4419	18.704005431093
A_NP	524	4471	G	102	0	4385	20.3491448118586
A_NP	525	4514	G	58	0	4433	20.0521091811414
A_NP	526	4519	T	53	0	4421	17.9681067631758
A_NP	527	4514	C	58	0	4435	20.5278466741826
A_NP	528	4521	T	50	0	4417	21.2922798279375
A_NP	529	4344	G	226	0	4245	22.1625441696113
A_NP	530	4508	G	61	0	4461	22.4236718224613
A_NP	531	4402	A	167	0	4325	20.801387283237
A_NP	532	4486	G	82	0	4462	20.5
A_NP	533	4499	C	69	0	4458	20.4019739793629
A_NP	534	4471	T	96	0	4091	21.2031288193596
A_NP	535	4538	G	29	0	4475	23.4424581005587
A_NP	536	4519	C	45	0	4470	24.4228187919463
A_NP	537	4485	T	79	0	4385	23.92748004561
A_NP	538	4449	G	115	0	4407	22.7084184252326
A_NP	539	4419	G	142	0	4321	21.3119648229576
A_NP	540	4438	T	122	0	4287	21.1908094238395
A_NP	541	4488	G	71	0	4454	21.5763358778626
A_NP	542	4469	C	89	0	4452	21.8180592991914
A_NP	543	4464	A	93	0	4288	20.6728078358209
A_NP	544	4527	G	28	0	4498	19.6600711427301
A_NP	545	4521	C	34	0	4495	19.5577308120133
A_NP	546	4475	A	77	0	4283	17.3324772355825
A_NP	547	4481	G	70	0	4416	17.5527626811594
A_NP	548	4428	T	123	0	4283	17.3908475367733
A_NP	549	4191	A	360	0	4100	18.1073170731707
A_NP	550	4399	A	152	0	4329	20.047817047817
A_NP	551	4378	A	174	0	4291	17.468655325099
A_NP	552	3755	G	795	0	3610	17.7434903047091
A_NP	553	4308	G	241	0	4197	16.2685251370026
A_NP	554	4364	G	183	0	4279	15.9065202150035
A_NP	555	4473	A	73	0	4461	16.0367630576104
A_NP	556	4508	G	37	0	4237	16.5234835968846
A_NP	557	4480	T	62	0	4387	16.5999544107591
A_NP	558	4462	C	80	0	4403	17.4047240517829
A_NP	559	4399	G	142	0	3886	14.9307771487391
A_NP	560	4479	G	60	0	4429	14.9683901557914
A_NP	561	4512	G	24	0	4456	15.5368043087971
A_NP	562	4505	A	31	0	4472	16.336091234347
A_NP	563	4512	C	24	0	4420	21.493665158371
A_NP	564	4509	G	26	0	4455	20.4208754208754
A_NP	565	4494	A	40	0	4463	20.162446784674
A_NP	566	4491	T	43	0	4445	20.1826771653543
A_NP	567	4492	G	42	0	4460	20.8650224215247
A_NP	568	4507	G	24	0	4434	20.1030672079387
A_NP	569	4505	T	25	0	4433	20.3658921723438
A_NP	570	4505	G	25	0	4487	20.2237575217294
A_NP	571	4501	A	27	0	4471	21.1080295235965
A_NP	572	4508	T	18	0	4472	22.4378354203936
A_NP	573	4444	G	80	0	4424	22.0592224231465
A_NP	574	4501	G	18	0	4464	20.5568996415771
A_NP	575	4484	A	35	0	4447	20.3602428603553
A_NP	576	4490	A	29	0	4418	21.5436849253056
A_NP	577	4471	C	48	0	4421	20.5446731508708
A_NP	578	4416	T	102	0	4251	20.0461067984004
A_NP	579	4463	A	51	0	4370	20.0265446224256
A_NP	580	4488	A	24	0	4413	20.2526625878087
A_NP	581	4449	T	60	0	4357	20.9658021574478
A_NP	582	4466	T	43	0	4355	23.9777267508611
A_NP	583	4396	C	113	0	4311	23.3300858269543
A_NP	584	4344	G	163	0	4256	19.281015037594
A_NP	585	4458	G	48	0	4411	19.1326229879846
A_NP	586	4449	A	52	0	4406	20.5596913300045
A_NP	587	4451	T	49	0	4375	21.7693714285714
A_NP	588	4482	G	17	0	4462	23.4430748543254
A_NP	589	4459	A	39	0	4430	23.7160270880361
A_NP	590	4452	T	45	0	4396	24.0379890809827
A_NP	591	4352	A	144	0	4270	23.9056206088993
A_NP	592	4428	A	68	0	4371	24.1933196064974
A_NP	593	4441	A	54	0	4380	22.2340182648402
A_NP	594	4438	G	55	0	4382	22.850753080785
A_NP	595	4405	C	87	0	4336	20.857241697417
A_NP	596	4362	G	130	0	4318	18.9119962945808
A_NP	597	4380	A	112	0	4295	18.209545983702
A_NP	598	4322	G	170	0	4277	17.7755436053308
A_NP	599	4442	G	48	0	4396	17.6774340309372
A_NP	600	4261	A	228	0	4197	17.4531808434596
A_NP	601	4285	A	204	0	4166	19.4267882861258
A_NP	602	4277	T	208	0	4175	20.4356886227545
A_NP	603	4273	T	211	0	4150	21.1930120481928
A_NP	604	4336	A	148	0	4143	21.769490707217
A_NP	605	4373	A	110	0	4100	21.5121951219512
A_NP	606	4417	T	62	0	4283	21.4027550782162
A_NP	607	4432	G	46	0	4348	21.6591536338546
A_NP	608	4461	A	13	0	4322	21.9875057843591
A_NP	609	4451	T	22	0	4405	22.3591373439274
A_NP	610	4426	C	45	0	4369	21.2497138933394
A_NP	611	4354	G	115	0	4225	18.891124260355
A_NP	612	4450	G	18	0	4391	19.3149624231382
A_NP	613	4406	A	61	0	4357	19.9419325223778
A_NP	614	4451	A	15	0	4399	21.3262105023869
A_NP	615	4394	C	72	0	4358	21.6817347407067
A_NP	616	4328	T	136	0	4282	22.1459598318543
A_NP	617	4253	T	210	0	4168	22.8649232245681
A_NP	618	4267	C	196	0	4233	23.462792345854
A_NP	619	4359	T	103	0	4295	22.7012805587893
A_NP	620	4320	G	142	0	4287	22.9360858409144
A_NP	621	4272	G	186	0	4245	23.788457008245
A_NP	622	4281	A	178	0	4254	23.4438175834509
A_NP	623	4376	G	83	0	4350	22.2597701149425
A_NP	624	4396	A	64	0	4344	19.6767955801105
A_NP	625	4298	G	159	0	4207	23.8395531257428
A_NP	626	4378	G	78	0	4340	18.0552995391705
A_NP	627	4369	C	86	0	4226	18.0115948887837
A_NP	628	4356	G	97	0	4307	18.6092407708382
A_NP	629	4387	A	66	0	4330	20.0006928406466
A_NP	630	4411	G	40	0	4364	20.2898716773602
A_NP	631	4400	A	51	0	4349	21.9735571395723
A_NP	632	4417	A	34	0	4354	23.9602664216812
A_NP	633	4427	C	24	0	4315	23.1837775202781
A_NP	634	4400	G	50	0	4336	21.3846863468635
A_NP	635	4441	G	8	0	4421	20.8136168287718
A_NP	636	4436	A	13	0	4382	20.8215426745778
A_NP	637	4428	C	18	0	4367	21.0792305930845
A_NP	638	4401	G	43	0	4345	19.6826237054085
A_NP	639	4372	A	72	0	4291	19.6229317175484
A_NP	640	4393	A	49	0	4324	19.504394079556
A_NP	641	4382	G	58	0	4320	21.0694444444444
A_NP	642	4420	G	19	0	4364	22.1267186067828
A_NP	643	4405	A	28	0	4361	22.4253611556982
A_NP	644	4401	C	31	0	4337	22.6225501498732
A_NP	645	4240	A	191	0	4164	22.1664265129683
A_NP	646	4369	A	62	0	4273	20.9911069506202
A_NP	647	4321	G	108	0	4133	18.0309702395354
A_NP	648	4285	G	142	0	4142	18.9917914051183
A_NP	649	4166	A	261	0	3991	19.3831120020045
A_NP	650	4316	T	109	0	4256	19.1501409774436
A_NP	651	4367	T	57	0	4326	19.4516874711049
A_NP	652	4308	G	115	0	4177	19.2401244912617
A_NP	653	4318	C	105	0	4135	21.8984280532044
A_NP	654	4285	A	138	0	4202	22.3410280818658
A_NP	655	4313	T	110	0	4202	22.240123750595
A_NP	656	4357	A	66	0	4259	21.9575017609768
A_NP	657	4351	T	71	0	4207	22.3254100309009
A_NP	658	4260	G	162	0	4223	22.4525219038598
A_NP	659	4262	A	159	0	4215	23.3655990510083
A_NP	660	4341	G	76	0	4282	21.4525922466137
A_NP	661	4369	A	46	0	4291	25.0915870426474
A_NP	662	4365	G	50	0	4322	40.1709856547894
A_NP	663	4348	A	66	0	4267	24.2493555191001
A_NP	664	4368	A	45	0	4319	22.0465385505904
A_NP	665	4208	T	204	0	4142	22.0359729599227
A_NP	666	4213	G	197	0	4133	22.4577788531333
A_NP	667	4344	T	64	0	4230	22.1099290780142
A_NP	668	4331	G	77	0	4143	20.1634081583394
A_NP	669	4318	C	88	0	4263	20.0286183438893
A_NP	670	4316	A	84	0	4266	20.9800750117206
A_NP	671	4370	A	30	0	4079	20.3471439078205
A_NP	672	4376	C	22	0	4323	20.4876243349526
A_NP	673	4381	A	16	0	4341	20.3621285418106
A_NP	674	4372	T	23	0	4345	20.4457997698504
A_NP	675	4329	C	64	0	4294	23.1746623195156
A_NP	676	4362	C	30	0	4334	22.2081218274112
A_NP	677	4349	T	43	0	4253	21.9764871855161
A_NP	678	4348	C	43	0	4306	22.6604737575476
A_NP	679	3816	A	569	0	3711	21.7997844246834
A_NP	680	4226	A	159	0	4160	21.9711538461538
A_NP	681	4061	A	324	0	3906	18.7444956477215
A_NP	682	3550	G	835	0	3427	18.8675226145317
A_NP	683	4222	G	163	0	4150	19.3785542168675
A_NP	684	4345	G	39	0	4284	18.1671335200747
A_NP	685	4306	A	78	0	4270	17.871662763466
A_NP	686	4343	A	40	0	4320	19.5490740740741
A_NP	687	4323	A	57	0	4294	20.4103400093153
A_NP	688	4313	T	66	0	4269	20.9618177559147
A_NP	689	4330	T	48	0	4286	23.0475968268782
A_NP	690	3353	C	1025	0	3271	23.6964231121981
A_NP	691	4316	C	61	0	4178	20.0672570607946
A_NP	692	4269	A	107	0	4233	16.6513111268604
A_NP	693	4352	A	24	0	4327	17.6653570603189
A_NP	694	4330	A	46	0	4222	21.8680720037897
A_NP	695	4316	C	60	0	4278	22.3115942028986
A_NP	696	4326	A	49	0	4270	21.7779859484778
A_NP	697	4313	G	62	0	4229	20.582880113502
A_NP	698	4348	C	27	0	4304	21.2506970260223
A_NP	699	4341	A	33	0	4213	20.7557559933539
A_NP	700	4305	G	68	0	4252	21.4818908748824
A_NP	701	4306	C	67	0	4252	22.1114769520226
A_NP	702	4318	G	54	0	4233	22.2194660996929
A_NP	703	4316	C	56	0	4252	21.5002351834431
A_NP	704	4002	A	370	0	3969	21.5467372134039
A_NP	705	4201	A	170	0	4152	21.4535163776493
A_NP	706	4255	A	115	0	4163	19.1984146048523
A_NP	707	4218	G	151	0	3706	20.1886130599029
A_NP	708	4256	A	113	0	3773	18.559501722767
A_NP	709	4312	G	57	0	4185	17.163201911589
A_NP	710	4318	C	51	0	4186	16.7011466794076
A_NP	711	4292	A	77	0	4237	17.3396270946424
A_NP	712	4334	A	35	0	4254	21.7534085566526
A_NP	713	4325	T	44	0	4178	23.661081857348
A_NP	714	4339	G	30	0	4300	24.5393023255814
A_NP	715	4360	A	9	0	4314	24.6103384330088
A_NP	716	4355	T	14	0	4324	24.6290471785384
A_NP	717	4296	G	67	0	4271	24.3605712947787
A_NP	718	4333	G	28	0	4277	22.9684358194996
A_NP	719	4333	A	25	0	4297	22.982778682802
A_NP	720	4304	C	52	0	4215	22.9281138790036
A_NP	721	4317	C	32	0	4239	22.6666666666667
A_NP	722	4313	A	34	0	4250	22.3708235294118
A_NP	723	4267	G	80	0	4190	21.6236276849642
A_NP	724	4284	G	62	0	4222	21.1954050213169
A_NP	725	4272	T	68	0	4218	21.5547652916074
A_NP	726	4230	G	110	0	4174	22.5735505510302
A_NP	727	4223	C	116	0	4144	22.159749034749
A_NP	728	4215	G	124	0	4150	20.830843373494
A_NP	729	4160	T	179	0	4064	20.537155511811
A_NP	730	4256	G	82	0	4217	20.1128764524544
A_NP	731	4157	A	180	0	4096	20.444091796875
A_NP	732	4217	A	120	0	4169	21.2468217798033
A_NP	733	4248	A	85	0	4206	21.8471231573942
A_NP	734	4284	G	47	0	4190	22.5768496420048
A_NP	735	4274	C	54	0	4225	21.3583431952663
A_NP	736	4247	A	80	0	4069	20.1221430326862
A_NP	737	4179	G	147	0	4143	19.3391262370263
A_NP	738	4268	G	57	0	4201	19.2075696262795
A_NP	739	4250	A	73	0	4206	19.1096053257252
A_NP	740	4286	A	33	0	4209	22.0247089569969
A_NP	741	4241	T	77	0	4165	21.265306122449
A_NP	742	4186	C	131	0	4136	22.1390232108317
A_NP	743	4254	C	59	0	4143	20.7337678011103
A_NP	744	4195	T	115	0	3979	19.9665745162101
A_NP	745	4233	G	74	0	4089	21.111274150159
A_NP	746	4272	G	34	0	4214	21.5094921689606
A_NP	747	4275	C	31	0	4175	21.7841916167665
A_NP	748	4247	A	58	0	4199	22.1207430340557
A_NP	749	4271	A	31	0	4190	22.5758949880668
A_NP	750	4266	T	36	0	4186	22.6935021500239
A_NP	751	4270	G	32	0	4216	22.7462049335863
A_NP	752	4262	C	40	0	4189	22.3380281690141
A_NP	753	4237	T	65	0	4156	22.2016361886429
A_NP	754	4244	G	58	0	4183	21.431508486732
A_NP	755	4109	A	192	0	4037	20.6891255883082
A_NP	756	4226	A	75	0	4127	19.4945480978919
A_NP	757	4241	A	59	0	4115	19.5120291616039
A_NP	758	4229	T	69	0	3914	18.9839039345938
A_NP	759	4261	T	34	0	4153	19.2171923910426
A_NP	760	4236	G	56	0	4168	18.4157869481766
A_NP	761	4208	A	81	0	4133	19.2233244616501
A_NP	762	4201	A	85	0	4128	19.9779554263566
A_NP	763	4208	G	77	0	4154	19.4535387578238
A_NP	764	4240	A	44	0	4170	20.4767386091127
A_NP	765	4188	T	94	0	4165	19.7114045618247
A_NP	766	4177	C	105	0	4143	20.111754767077
A_NP	767	4244	T	38	0	4174	20.5960709151893
A_NP	768	4234	C	48	0	4186	21.7916865742953
A_NP	769	4265	A	15	0	4203	21.2688555793481
A_NP	770	4252	T	27	0	4208	21.9505703422053
A_NP	771	4250	C	28	0	4222	22.8346755092373
A_NP	772	4085	T	193	0	4049	23.4559150407508
A_NP	773	4220	T	55	0	4198	24.9173415912339
A_NP	774	4225	T	49	0	4182	26.2711621233859
A_NP	775	4213	C	59	0	4162	26.5062469966362
A_NP	776	4205	T	63	0	4138	24.0867568873852
A_NP	777	4167	G	100	0	4073	23.1598330468942
A_NP	778	4205	G	59	0	4109	22.0060842054028
A_NP	779	4186	C	77	0	4032	21.8819444444444
A_NP	780	4189	A	72	0	4117	21.0755404420695
A_NP	781	4191	C	67	0	4014	20.0667663178874
A_NP	782	4189	G	67	0	3847	17.6508968027034
A_NP	783	4228	G	26	0	4123	16.5234052874121
A_NP	784	4214	T	38	0	4175	16.5238323353293
A_NP	785	4180	C	68	0	4099	17.5396438155648
A_NP	786	4163	T	84	0	4065	21.0346863468635
A_NP	787	4128	G	119	0	4044	21.4080118694362
A_NP	788	4140	C	105	0	4048	22.2250494071146
A_NP	789	4139	A	103	0	4080	21.2424019607843
A_NP	790	4185	C	54	0	4150	20.4469879518072
A_NP	791	4187	T	51	0	4147	20.9732336628888
A_NP	792	4194	C	39	0	4133	21.8207113476893
A_NP	793	4206	A	24	0	4137	21.9526226734349
A_NP	794	4198	T	14	0	4164	22.187800192123
A_NP	795	4065	C	108	0	4019	23.5105747698432
A_NP	796	4141	C	25	0	4107	21.6250304358412
A_NP	797	4083	T	77	0	3964	20.6793642785066
A_NP	798	4016	G	140	0	3946	21.9885960466295
A_NP	799	4019	A	137	0	3934	21.8601931875953
A_NP	800	4100	G	54	0	4032	20.8296130952381
A_NP	801	4097	A	56	0	3965	23.9578814627995
A_NP	802	4060	G	91	0	4021	22.3193235513554
A_NP	803	4132	G	19	0	4103	20.6848647331221
A_NP	804	4123	A	26	0	4097	20.1640224554552
A_NP	805	4110	T	38	0	4064	22.0049212598425
A_NP	806	4125	C	22	0	4086	22.3411649534998
A_NP	807	4120	A	23	0	4012	19.098703888335
A_NP	808	4115	G	28	0	4055	18.5654747225647
A_NP	809	4112	T	29	0	4029	20.3561677835691
A_NP	810	4086	G	54	0	4032	20.6378968253968
A_NP	811	4111	G	26	0	4024	20.8655566600398
A_NP	812	4066	C	68	0	3983	21.1355761988451
A_NP	813	4073	T	56	0	3989	21.3577337678616
A_NP	814	4074	C	53	0	4000	22.01025
A_NP	815	4027	A	86	0	3834	19.6536254564424
A_NP	816	4050	T	53	0	3791	19.3518860458982
A_NP	817	3996	A	98	0	3822	19.4636316064888
A_NP	818	4033	A	52	0	3944	17.8108519269777
A_NP	819	4043	G	34	0	3945	17.7642585551331
A_NP	820	4057	T	18	0	4012	19.009222333001
A_NP	821	3976	C	97	0	3923	19.8901351006882
A_NP	822	3992	C	70	0	3948	18.7436676798379
A_NP	823	3920	T	130	0	3753	18.3658406608047
A_NP	824	3949	G	91	0	3801	19.4817153380689
A_NP	825	3947	C	78	0	3844	19.5512486992716
A_NP	826	3881	T	134	0	3832	19.2567849686848
A_NP	827	3954	T	40	0	3907	19.1868441259278
A_NP	828	3934	G	39	0	3832	19.8045407098121
A_NP	829	3915	C	48	0	3867	20.0250840444789
A_NP	830	3915	C	20	0	3870	20.2330749354005
A_NP	831	3892	T	23	0	3839	19.986454805939
A_NP	832	3891	G	9	0	3837	20.9095647641387
A_NP	833	3861	C	20	0	3819	21.317884262896
A_NP	834	3737	T	119	0	3708	21.7022653721683
A_NP	835	3679	T	112	0	3662	21.9636810486073
A_NP	836	3679	T	16	0	2957	24.2522827189719
A_NP	837	3299	T	9	0	3270	23.3877675840979
A_NP	838	3060	G	8	0	3020	23.7549668874172
A_NP	839	968	T	4	0	891	41.4455667789001
A_NP	840	941	G	8	0	923	40.5828819068256
A_NP	841	921	T	5	0	889	25.0551181102362
A_NP	842	909	A	13	0	882	20.2142857142857
A_NP	843	909	C	12	0	854	19.3372365339578
A_NP	844	910	G	9	0	875	18.4742857142857
A_NP	845	912	G	5	0	850	18.4035294117647
A_NP	846	905	A	6	0	889	19.3464566929134
A_NP	847	897	C	10	0	884	20.8914027149321
A_NP	848	838	T	20	0	787	23.5806861499365
A_NP	849	814	C	41	0	758	22.8271767810026
A_NP	850	831	G	22	0	805	21.0770186335404
A_NP	851	839	C	13	0	821	20.747868453106
A_NP	852	825	T	27	0	794	21.6863979848866
A_NP	853	833	G	18	0	822	22.1204379562044
A_NP	854	838	T	13	0	823	22.865127582017
A_NP	855	828	G	17	0	800	23.73
A_NP	856	829	G	13	0	808	25.4282178217822
A_NP	857	818	C	22	0	806	27.3982630272953
A_NP	858	827	C	13	0	814	27.2346437346437
A_NP	859	831	A	9	0	818	23.7970660146699
A_NP	860	829	G	9	0	815	22.5693251533742
A_NP	861	830	T	8	0	823	21.3535844471446
A_NP	862	832	G	6	0	826	20.7384987893462
A_NP	863	833	G	3	0	829	20.8045838359469
A_NP	864	827	A	6	0	806	21.2928039702233
A_NP	865	826	T	6	0	812	21.4137931034483
A_NP	866	806	A	25	0	781	20.5928297055058
A_NP	867	808	C	23	0	767	19.3533246414602
A_NP	868	818	G	13	0	810	18.1098765432099
A_NP	869	820	A	9	0	801	17.8626716604245
A_NP	870	827	C	2	0	815	18.2257668711656
A_NP	871	803	T	26	0	792	19.6856060606061
A_NP	872	823	T	6	0	815	20.7803680981595
A_NP	873	822	T	7	0	809	22.4734239802225
A_NP	874	726	G	103	0	716	21.854748603352
A_NP	875	731	A	98	0	718	21.5696378830084
A_NP	876	795	G	34	0	785	20.6140127388535
A_NP	877	802	A	27	0	796	22.6482412060301
A_NP	878	804	G	25	0	789	30.2610899873257
A_NP	879	802	A	27	0	798	35.8959899749373
A_NP	880	800	G	28	0	793	32.7931904161412
A_NP	881	802	A	25	0	797	23.0978670012547
A_NP	882	814	A	12	0	788	19.2728426395939
A_NP	883	759	G	66	0	733	19.0245566166439
A_NP	884	813	G	12	0	788	19.2220812182741
A_NP	885	816	G	9	0	774	18.7377260981912
A_NP	886	810	T	15	0	783	18.9144316730524
A_NP	887	814	A	11	0	780	20.5948717948718
A_NP	888	730	C	95	0	687	20.0771470160116
A_NP	889	710	T	115	0	699	20.9771101573677
A_NP	890	782	C	42	0	752	21.9787234042553
A_NP	891	805	T	18	0	783	30.5466155810983
A_NP	892	800	C	23	0	768	46.6171875
A_NP	893	781	T	41	0	758	27.2031662269129
A_NP	894	804	A	17	0	729	22.3813443072702
A_NP	895	815	G	6	0	799	22.909887359199
A_NP	896	816	T	5	0	780	25.1525641025641
A_NP	897	815	T	6	0	796	27.8316582914573
A_NP	898	758	G	62	0	743	30.2193808882907
A_NP	899	816	G	6	0	809	29.840543881335
A_NP	900	812	A	10	0	804	27.3246268656716
A_NP	901	816	A	6	0	807	27.087980173482
A_NP	902	814	T	7	0	799	25.4305381727159
A_NP	903	796	A	22	0	772	22.2603626943005
A_NP	904	802	G	10	0	782	19.1496163682864
A_NP	905	803	A	9	0	794	18.7040302267003
A_NP	906	797	T	14	0	777	18.8391248391248
A_NP	907	790	C	20	0	785	18.6
A_NP	908	803	C	7	0	797	18.7227101631117
A_NP	909	770	T	39	0	755	18.4344370860927
A_NP	910	799	T	10	0	791	20.4854614412137
A_NP	911	806	T	3	0	797	23.6750313676286
A_NP	912	797	C	12	0	789	23.4093789607098
A_NP	913	806	C	3	0	761	18.6701708278581
A_NP	914	806	G	3	0	769	17.2106631989597
A_NP	915	804	T	5	0	777	17.6525096525097
A_NP	916	803	C	6	0	797	18.2421580928482
A_NP	917	804	T	5	0	796	19.4723618090452
A_NP	918	803	G	6	0	786	20.8396946564886
A_NP	919	797	C	11	0	781	20.8143405889885
A_NP	920	796	T	12	0	789	21.5779467680608
A_NP	921	799	T	9	0	786	21.9847328244275
A_NP	922	795	C	13	0	785	22.4522292993631
A_NP	923	751	A	57	0	732	20.896174863388
A_NP	924	797	A	10	0	793	20.3959646910467
A_NP	925	803	A	4	0	799	22.1351689612015
A_NP	926	800	A	5	0	770	23.2818181818182
A_NP	927	794	C	10	0	773	21.529107373868
A_NP	928	797	A	7	0	786	20.1501272264631
A_NP	929	791	G	13	0	772	19.2098445595855
A_NP	930	792	C	12	0	766	19.6749347258486
A_NP	931	796	C	8	0	756	19.1997354497354
A_NP	932	798	A	6	0	783	18.2043422733078
A_NP	933	789	G	15	0	760	18.1342105263158
A_NP	934	794	G	10	0	762	18.1522309711286
A_NP	935	788	T	16	0	777	18.966537966538
A_NP	936	792	C	12	0	764	20.1531413612565
A_NP	937	801	T	3	0	787	22.0635324015248
A_NP	938	801	T	2	0	779	23.0872913992298
A_NP	939	801	C	2	0	790	23
A_NP	940	798	A	4	0	783	20.9821200510856
A_NP	941	791	G	11	0	764	19.7081151832461
A_NP	942	794	C	8	0	776	19.8762886597938
A_NP	943	799	C	3	0	776	19.7667525773196
A_NP	944	794	T	8	0	780	20.1820512820513
A_NP	945	793	C	9	0	768	22.4908854166667
A_NP	946	794	A	8	0	779	22.219512195122
A_NP	947	794	T	8	0	772	22.4831606217617
A_NP	948	800	T	2	0	772	22.9313471502591
A_NP	949	791	A	11	0	764	20.6649214659686
A_NP	950	797	G	4	0	779	19.8818998716303
A_NP	951	794	A	7	0	780	20.1038461538462
A_NP	952	789	C	12	0	768	20.2916666666667
A_NP	953	796	C	5	0	778	20.0167095115681
A_NP	954	786	A	15	0	765	21.159477124183
A_NP	955	797	A	4	0	792	21.7108585858586
A_NP	956	798	A	3	0	782	22.9744245524297
A_NP	957	794	T	7	0	781	23.2445582586428
A_NP	958	795	G	6	0	780	22.6038461538462
A_NP	959	795	A	6	0	786	22.7188295165394
A_NP	960	791	G	10	0	786	20.9809160305344
A_NP	961	795	A	6	0	790	20.1405063291139
A_NP	962	798	A	2	0	795	20.3672955974843
A_NP	963	787	T	11	0	781	21.1024327784891
A_NP	964	769	C	29	0	762	22.492125984252
A_NP	965	793	C	4	0	783	20.4508301404853
A_NP	966	790	A	5	0	782	20.1790281329923
A_NP	967	788	G	7	0	774	20.4005167958656
A_NP	968	756	C	39	0	748	21.6898395721925
A_NP	969	755	A	40	0	746	21.857908847185
A_NP	970	792	C	3	0	776	21.7770618556701
A_NP	971	791	A	4	0	779	27.6418485237484
A_NP	972	789	C	6	0	782	42.7314578005115
A_NP	973	754	A	40	0	742	31.3099730458221
A_NP	974	782	A	12	0	771	21.0959792477302
A_NP	975	765	G	29	0	749	19.5687583444593
A_NP	976	791	A	3	0	782	19.8759590792839
A_NP	977	789	G	5	0	783	22.0280970625798
A_NP	978	789	T	5	0	778	21.1889460154242
A_NP	979	792	C	2	0	782	23.1841432225064
A_NP	980	762	A	32	0	748	22.0414438502674
A_NP	981	788	A	5	0	742	21.5
A_NP	982	789	T	4	0	722	22.4556786703601
A_NP	983	789	T	4	0	771	22.0596627756161
A_NP	984	772	G	21	0	755	21.3682119205298
A_NP	985	782	G	11	0	762	21.1246719160105
A_NP	986	783	T	10	0	744	22.010752688172
A_NP	987	780	A	13	0	752	22.5771276595745
A_NP	988	784	T	10	0	757	23.3091149273448
A_NP	989	771	G	22	0	770	24.5636363636364
A_NP	990	788	G	5	0	780	25.7641025641026
A_NP	991	785	A	8	0	780	26.7653846153846
A_NP	992	786	T	7	0	779	26.0860077021823
A_NP	993	781	G	12	0	774	25.1240310077519
A_NP	994	782	G	10	0	776	24.2345360824742
A_NP	995	781	C	11	0	748	23.9331550802139
A_NP	996	781	A	11	0	771	23.5810635538262
A_NP	997	777	T	14	0	769	23.3628088426528
A_NP	998	777	G	14	0	771	23.6420233463035
A_NP	999	782	T	9	0	756	23.5674603174603
A_NP	1000	787	C	4	0	778	23.1748071979434
A_NP	1001	788	A	2	0	777	22.3758043758044
A_NP	1002	786	T	4	0	773	23.1060802069858
A_NP	1003	787	T	3	0	777	23.5341055341055
A_NP	1004	773	C	17	0	761	23.1458607095926
A_NP	1005	775	A	15	0	755	20.8582781456954
A_NP	1006	773	G	17	0	752	19.1409574468085
A_NP	1007	782	C	8	0	775	19.7858064516129
A_NP	1008	779	A	10	0	758	19.6807387862797
A_NP	1009	779	G	9	0	757	19.4702774108322
A_NP	1010	779	C	9	0	771	20.6251621271077
A_NP	1011	778	A	10	0	773	20.7464424320828
A_NP	1012	775	T	10	0	766	21.3041775456919
A_NP	1013	780	T	5	0	759	23.7430830039526
A_NP	1014	773	C	12	0	739	21.8525033829499
A_NP	1015	776	G	7	0	763	19.3630406290957
A_NP	1016	780	A	3	0	767	18.9765319426336
A_NP	1017	751	G	32	0	733	19.3055934515689
A_NP	1018	779	G	4	0	767	20.0691003911343
A_NP	1019	781	A	2	0	774	20.1782945736434
A_NP	1020	780	T	3	0	772	21.3445595854922
A_NP	1021	780	C	3	0	758	22.3324538258575
A_NP	1022	779	T	3	0	767	21.7992177314211
A_NP	1023	756	G	26	0	729	21.3429355281207
A_NP	1024	757	A	25	0	747	21.4511378848728
A_NP	1025	770	G	12	0	762	20.7270341207349
A_NP	1026	773	A	9	0	768	21.62109375
A_NP	1027	778	G	4	0	755	26.3298013245033
A_NP	1028	776	T	6	0	758	20.4604221635884
A_NP	1029	772	C	10	0	747	21.2061579651941
A_NP	1030	770	T	10	0	752	21.4335106382979
A_NP	1031	774	C	5	0	753	21.9163346613546
A_NP	1032	752	A	27	0	740	19.6527027027027
A_NP	1033	769	A	10	0	752	18.2420212765957
A_NP	1034	773	G	6	0	764	18.369109947644
A_NP	1035	769	T	10	0	741	19.0742240215924
A_NP	1036	777	T	2	0	769	20.4629388816645
A_NP	1037	779	T	0	0	773	21.3570504527814
A_NP	1038	777	C	2	0	766	24.1253263707572
A_NP	1039	777	A	1	0	771	23.8715953307393
A_NP	1040	775	T	2	0	761	23.4940867279895
A_NP	1041	771	C	6	0	764	24.5379581151832
A_NP	1042	772	A	4	0	762	22.3293963254593
A_NP	1043	772	G	4	0	769	21.1391417425228
A_NP	1044	768	A	6	0	765	22.5986928104575
A_NP	1045	750	G	23	0	744	23.880376344086
A_NP	1046	768	G	5	0	756	23.0145502645503
A_NP	1047	765	A	8	0	747	22.2704149933066
A_NP	1048	769	A	4	0	759	22.2753623188406
A_NP	1049	767	C	6	0	759	22.0316205533597
A_NP	1050	727	A	46	0	724	22.078729281768
A_NP	1051	762	A	11	0	750	20.648
A_NP	1052	752	G	21	0	727	19.1279229711142
A_NP	1053	753	A	20	0	744	20.2956989247312
A_NP	1054	758	G	14	0	751	20.7856191744341
A_NP	1055	750	T	22	0	730	20.9301369863014
A_NP	1056	750	A	22	0	740	22.0472972972973
A_NP	1057	761	A	11	0	738	22.4525745257453
A_NP	1058	753	T	19	0	727	23.8500687757909
A_NP	1059	756	T	16	0	743	24.8734858681023
A_NP	1060	740	C	32	0	731	24.7469220246238
A_NP	1061	757	C	15	0	740	21.6108108108108
A_NP	1062	743	A	29	0	718	20.4707520891365
A_NP	1063	759	A	12	0	739	20.0987821380244
A_NP	1064	760	G	11	0	747	19.4417670682731
A_NP	1065	759	A	12	0	735	21.1687074829932
A_NP	1066	750	G	21	0	746	21.0495978552279
A_NP	1067	763	G	7	0	758	20.2295514511873
A_NP	1068	763	A	7	0	749	20.8237650200267
A_NP	1069	758	C	12	0	736	22.6182065217391
A_NP	1070	763	A	7	0	759	23.2094861660079
A_NP	1071	770	A	0	0	749	22.9479305740988
A_NP	1072	766	C	4	0	756	22.3597883597884
A_NP	1073	765	T	5	0	737	22.1139755766621
A_NP	1074	766	A	4	0	746	21.3780160857909
A_NP	1075	765	T	3	0	762	22.0774278215223
A_NP	1076	743	C	25	0	738	22.5677506775068
A_NP	1077	752	C	16	0	735	21.6054421768707
A_NP	1078	751	A	16	0	741	20.9379217273954
A_NP	1079	758	C	9	0	748	21.3542780748663
A_NP	1080	721	A	45	0	703	22.1465149359886
A_NP	1081	739	A	27	0	725	20.6551724137931
A_NP	1082	739	G	27	0	733	19.268758526603
A_NP	1083	751	A	15	0	745	20.2134228187919
A_NP	1084	630	G	136	0	618	20.8802588996764
A_NP	1085	740	G	26	0	717	20.4728033472803
A_NP	1086	760	G	6	0	724	20.2002762430939
A_NP	1087	762	G	3	0	740	19.0554054054054
A_NP	1088	762	T	3	0	753	18.4223107569721
A_NP	1089	764	T	1	0	733	20.3942701227831
A_NP	1090	762	C	3	0	754	21.7201591511936
A_NP	1091	733	A	32	0	720	21.8958333333333
A_NP	1092	754	A	11	0	746	20.5053619302949
A_NP	1093	761	A	4	0	746	20.1313672922252
A_NP	1094	756	T	9	0	734	20.1948228882834
A_NP	1095	760	T	5	0	747	21.7831325301205
A_NP	1096	760	G	6	0	742	21.2183288409704
A_NP	1097	756	C	10	0	733	21.3710777626194
A_NP	1098	741	T	25	0	727	22.041265474553
A_NP	1099	757	T	9	0	740	22.3608108108108
A_NP	1100	756	C	10	0	742	23.5956873315364
A_NP	1101	749	A	17	0	738	22.1205962059621
A_NP	1102	761	A	5	0	754	21.8554376657825
A_NP	1103	761	A	5	0	741	22.5479082321188
A_NP	1104	757	T	8	0	743	22.9892328398385
A_NP	1105	757	G	8	0	742	22.644204851752
A_NP	1106	762	A	3	0	753	22.1606905710491
A_NP	1107	757	G	8	0	750	21.1466666666667
A_NP	1108	760	A	4	0	753	20.9907038512616
A_NP	1109	760	A	4	0	750	21.416
A_NP	1110	759	C	4	0	749	21.9238985313752
A_NP	1111	758	A	5	0	755	22.4582781456954
A_NP	1112	756	T	7	0	748	23.0227272727273
A_NP	1113	745	G	18	0	740	21.9540540540541
A_NP	1114	753	G	10	0	747	20.7483266398929
A_NP	1115	750	A	13	0	741	20.3144399460189
A_NP	1116	756	A	6	0	734	21.1307901907357
A_NP	1117	759	A	3	0	738	21.9972899728997
A_NP	1118	759	C	3	0	733	20.893587994543
A_NP	1119	759	A	3	0	741	21.3684210526316
A_NP	1120	759	A	3	0	753	21.7569721115538
A_NP	1121	758	T	4	0	753	23.472775564409
A_NP	1122	747	G	14	0	740	23.9608108108108
A_NP	1123	761	G	0	0	752	23.1143617021277
A_NP	1124	756	A	5	0	735	23.6530612244898
A_NP	1125	752	C	9	0	724	23.4723756906077
A_NP	1126	744	T	17	0	738	23.2466124661247
A_NP	1127	677	C	84	0	665	23.993984962406
A_NP	1128	749	C	12	0	718	21.1657381615599
A_NP	1129	741	A	20	0	729	20.1440329218107
A_NP	1130	741	G	21	0	724	20.2900552486188
A_NP	1131	754	C	8	0	743	21.8021534320323
A_NP	1132	755	A	7	0	747	21.8741633199465
A_NP	1133	744	C	17	0	732	21.7868852459016
A_NP	1134	729	T	32	0	717	23.0306834030683
A_NP	1135	746	C	15	0	722	23.4916897506925
A_NP	1136	727	T	34	0	705	23.668085106383
A_NP	1137	757	T	4	0	738	23.6883468834688
A_NP	1138	757	G	2	0	745	22.9409395973154
A_NP	1139	755	A	4	0	741	22.5883940620783
A_NP	1140	756	A	3	0	747	22.3721552878179
A_NP	1141	755	C	4	0	752	22.2646276595745
A_NP	1142	748	T	11	0	734	21.1008174386921
A_NP	1143	743	G	16	0	735	20.0149659863946
A_NP	1144	744	A	15	0	730	19.7493150684931
A_NP	1145	750	G	8	0	746	19.0656836461126
A_NP	1146	751	A	7	0	746	19.1823056300268
A_NP	1147	749	A	9	0	744	19.5577956989247
A_NP	1148	748	G	9	0	735	19.9319727891156
A_NP	1149	749	C	8	0	740	19.7216216216216
A_NP	1150	746	A	11	0	716	19.7667597765363
A_NP	1151	751	G	6	0	745	19.2268456375839
A_NP	1152	754	A	3	0	738	20.2574525745257
A_NP	1153	751	T	6	0	741	20.9122807017544
A_NP	1154	748	A	9	0	726	20.7589531680441
A_NP	1155	749	T	8	0	717	21.5564853556485
A_NP	1156	749	T	8	0	743	21.2462987886945
A_NP	1157	722	G	34	0	691	19.9117221418234
A_NP	1158	746	G	9	0	735	19.5401360544218
A_NP	1159	748	G	7	0	740	19.7878378378378
A_NP	1160	749	C	6	0	736	20.1630434782609
A_NP	1161	740	T	15	0	704	21.4147727272727
A_NP	1162	739	A	16	0	727	22.0674002751032
A_NP	1163	748	T	7	0	730	22.0150684931507
A_NP	1164	741	A	14	0	726	22.6914600550964
A_NP	1165	754	A	1	0	741	22.612685560054
A_NP	1166	752	G	3	0	748	21.9197860962567
A_NP	1167	749	A	5	0	731	23.1573187414501
A_NP	1168	748	A	6	0	737	23.4748982360923
A_NP	1169	746	C	8	0	734	23.0626702997275
A_NP	1170	754	C	0	0	737	23.0379918588874
A_NP	1171	747	A	7	0	736	22.0217391304348
A_NP	1172	702	G	51	0	697	21.6886657101865
A_NP	1173	729	G	24	0	709	21.0705218617772
A_NP	1174	735	A	17	0	730	20.0109589041096
A_NP	1175	726	G	26	0	710	20.2154929577465
A_NP	1176	706	T	46	0	687	19.6360989810771
A_NP	1177	728	G	24	0	723	19.9100968188105
A_NP	1178	738	G	14	0	732	20.6898907103825
A_NP	1179	736	A	16	0	728	20.9903846153846
A_NP	1180	725	G	27	0	714	21.2927170868347
A_NP	1181	740	G	11	0	731	20.3474692202462
A_NP	1182	728	A	23	0	721	19.6754507628294
A_NP	1183	742	A	9	0	735	20.9945578231293
A_NP	1184	745	A	5	0	726	22.603305785124
A_NP	1185	747	C	3	0	738	21.9959349593496
A_NP	1186	749	A	1	0	741	22.0890688259109
A_NP	1187	746	C	4	0	733	21.818553888131
A_NP	1188	750	C	0	0	697	21.9598278335725
A_NP	1189	745	A	4	0	739	22.3734776725304
A_NP	1190	749	A	1	0	730	20.9109589041096
A_NP	1191	748	C	2	0	720	20.5652777777778
A_NP	1192	746	C	4	0	707	20.4031117397454
A_NP	1193	740	A	10	0	738	19.8455284552846
A_NP	1194	744	A	6	0	722	19.7243767313019
A_NP	1195	739	C	11	0	726	19.7796143250689
A_NP	1196	717	A	33	0	702	18.8746438746439
A_NP	1197	719	G	31	0	715	18.6643356643357
A_NP	1198	742	A	9	0	739	19.6021650879567
A_NP	1199	746	G	5	0	731	28.0136798905609
A_NP	1200	731	A	20	0	705	31.9971631205674
A_NP	1201	743	G	8	0	735	27.0925170068027
A_NP	1202	746	C	5	0	728	19.7445054945055
A_NP	1203	744	A	7	0	729	20.6515775034294
A_NP	1204	742	T	9	0	730	22.4068493150685
A_NP	1205	740	C	11	0	730	24.4356164383562
A_NP	1206	734	T	16	0	711	23.1533052039381
A_NP	1207	739	G	11	0	714	22.0532212885154
A_NP	1208	733	C	17	0	721	21.6185852981969
A_NP	1209	732	A	18	0	718	19.7715877437326
A_NP	1210	737	G	11	0	732	18.9972677595628
A_NP	1211	741	G	7	0	735	19.3632653061225
A_NP	1212	741	A	7	0	719	20.2809457579972
A_NP	1213	741	C	7	0	727	22.1829436038514
A_NP	1214	743	A	5	0	730	21.8
A_NP	1215	743	G	4	0	720	22.2986111111111
A_NP	1216	739	A	8	0	732	22.3934426229508
A_NP	1217	730	T	17	0	707	23.4002828854314
A_NP	1218	740	C	7	0	729	25.2112482853224
A_NP	1219	739	A	8	0	715	23.5832167832168
A_NP	1220	729	G	18	0	716	22.5796089385475
A_NP	1221	729	T	18	0	715	21.8055944055944
A_NP	1222	735	G	12	0	721	21.6560332871012
A_NP	1223	726	T	21	0	707	22.2560113154173
A_NP	1224	727	A	20	0	692	21.8526011560694
A_NP	1225	733	C	13	0	721	21.4549237170596
A_NP	1226	738	A	8	0	718	20.8412256267409
A_NP	1227	738	G	8	0	713	20.2131837307153
A_NP	1228	735	C	11	0	717	21.0781032078103
A_NP	1229	743	C	3	0	729	21.1111111111111
A_NP	1230	730	C	16	0	706	21.3796033994334
A_NP	1231	723	A	23	0	710	21.0084507042254
A_NP	1232	737	C	9	0	723	20.2807745504841
A_NP	1233	620	T	126	0	608	20.2631578947368
A_NP	1234	716	T	31	0	708	20.7019774011299
A_NP	1235	730	T	17	0	727	23.0302613480055
A_NP	1236	732	T	14	0	727	24.312242090784
A_NP	1237	730	T	15	0	710	22.0845070422535
A_NP	1238	730	C	14	0	714	22.187675070028
A_NP	1239	734	G	10	0	681	18.2129221732746
A_NP	1240	737	G	6	0	720	18.0375
A_NP	1241	734	T	9	0	714	18.2997198879552
A_NP	1242	727	A	16	0	703	19.1906116642959
A_NP	1243	730	C	13	0	704	20.9346590909091
A_NP	1244	692	A	51	0	681	21.5462555066079
A_NP	1245	717	A	26	0	704	21.9346590909091
A_NP	1246	711	A	32	0	697	19.9670014347202
A_NP	1247	713	G	27	0	710	20.9788732394366
A_NP	1248	726	A	14	0	715	20.7804195804196
A_NP	1249	735	A	5	0	731	20.5266757865937
A_NP	1250	734	A	6	0	724	21.5096685082873
A_NP	1251	726	T	14	0	707	21.6265912305516
A_NP	1252	736	C	4	0	726	22.3471074380165
A_NP	1253	734	T	6	0	715	22.572027972028
A_NP	1254	732	T	8	0	719	22.9554937413074
A_NP	1255	679	C	61	0	656	22.9481707317073
A_NP	1256	736	C	4	0	731	22.593707250342
A_NP	1257	728	C	10	0	716	20.1941340782123
A_NP	1258	679	T	59	0	658	19.9635258358663
A_NP	1259	727	T	11	0	711	20.5682137834037
A_NP	1260	730	T	8	0	716	21.8365921787709
A_NP	1261	727	G	11	0	724	21.3908839779006
A_NP	1262	715	A	23	0	706	21.556657223796
A_NP	1263	730	A	8	0	727	22.0055020632737
A_NP	1264	729	A	9	0	720	21.5541666666667
A_NP	1265	713	G	25	0	696	23.1479885057471
A_NP	1266	727	A	11	0	716	22.9148044692737
A_NP	1267	719	G	19	0	706	21.3937677053824
A_NP	1268	725	C	13	0	695	20.9453237410072
A_NP	1269	724	G	14	0	685	20.1737226277372
A_NP	1270	729	A	9	0	712	20.2626404494382
A_NP	1271	728	C	10	0	700	20.8014285714286
A_NP	1272	730	C	8	0	718	20.6880222841226
A_NP	1273	726	A	11	0	720	21.3083333333333
A_NP	1274	719	T	18	0	707	22.1315417256011
A_NP	1275	718	T	18	0	696	22.4080459770115
A_NP	1276	725	A	11	0	711	21.7088607594937
A_NP	1277	725	T	11	0	706	21.7110481586402
A_NP	1278	702	G	34	0	694	21.5
A_NP	1279	710	G	26	0	697	21.2295552367288
A_NP	1280	711	C	25	0	688	21.1453488372093
A_NP	1281	732	G	4	0	689	20.3483309143686
A_NP	1282	732	G	4	0	723	20.0580912863071
A_NP	1283	733	C	3	0	709	20.1692524682652
A_NP	1284	735	G	1	0	713	20.5035063113605
A_NP	1285	734	T	2	0	729	21.5637860082305
A_NP	1286	736	T	0	0	716	21.7737430167598
A_NP	1287	716	C	20	0	702	22.4301994301994
A_NP	1288	713	A	23	0	690	20.8289855072464
A_NP	1289	725	C	11	0	699	20.4077253218884
A_NP	1290	721	A	14	0	677	19.6189069423929
A_NP	1291	668	G	67	0	656	19.5609756097561
A_NP	1292	721	G	13	0	707	19.3691654879774
A_NP	1293	729	G	5	0	705	20.0992907801418
A_NP	1294	720	A	13	0	708	20.930790960452
A_NP	1295	723	A	10	0	709	20.7588152327221
A_NP	1296	723	T	10	0	702	21.0769230769231
A_NP	1297	722	A	11	0	706	20.6203966005666
A_NP	1298	720	C	13	0	708	20.4420903954802
A_NP	1299	705	T	28	0	661	20.4069591527988
A_NP	1300	715	G	20	0	711	19.3727144866385
A_NP	1301	722	A	12	0	710	18.9070422535211
A_NP	1302	658	G	76	0	640	18.3390625
A_NP	1303	719	G	15	0	665	17.9037593984962
A_NP	1304	722	G	10	0	696	16.1709770114943
A_NP	1305	714	C	18	0	684	15.5614035087719
A_NP	1306	713	A	19	0	700	16.4457142857143
A_NP	1307	723	G	9	0	714	17.6260504201681
A_NP	1308	721	A	11	0	719	18.1891515994437
A_NP	1309	725	A	7	0	718	20.1462395543175
A_NP	1310	726	C	6	0	714	20.7212885154062
A_NP	1311	728	A	4	0	714	20.266106442577
A_NP	1312	728	T	4	0	724	21.0234806629834
A_NP	1313	723	C	9	0	719	21.8094575799722
A_NP	1314	726	C	6	0	692	21.1488439306358
A_NP	1315	717	G	15	0	708	20.3559322033898
A_NP	1316	722	A	10	0	713	20.3800841514727
A_NP	1317	724	C	8	0	702	20.4131054131054
A_NP	1318	724	A	8	0	712	19.7977528089888
A_NP	1319	717	T	15	0	702	19.9472934472934
A_NP	1320	721	G	11	0	714	19.7927170868347
A_NP	1321	724	A	8	0	706	20.2790368271955
A_NP	1322	713	G	19	0	705	20.2042553191489
A_NP	1323	729	G	2	0	726	20.1556473829201
A_NP	1324	727	A	4	0	714	19.6148459383753
A_NP	1325	726	C	5	0	715	21.3958041958042
A_NP	1326	724	T	6	0	693	22.0981240981241
A_NP	1327	728	G	2	0	718	21.9192200557103
A_NP	1328	725	A	4	0	715	21.565034965035
A_NP	1329	726	A	3	0	724	21.7582872928177
A_NP	1330	722	A	7	0	714	22.7857142857143
A_NP	1331	718	T	11	0	712	22.2359550561798
A_NP	1332	719	C	9	0	708	23.1483050847458
A_NP	1333	712	A	15	0	678	20.3480825958702
A_NP	1334	718	T	9	0	679	19.5287187039764
A_NP	1335	720	A	7	0	697	19.5681492109039
A_NP	1336	725	A	2	0	708	19.1920903954802
A_NP	1337	724	G	3	0	720	20.0194444444444
A_NP	1338	722	A	4	0	697	21.1449067431851
A_NP	1339	725	A	1	0	721	22.3203883495146
A_NP	1340	721	T	5	0	714	22.2703081232493
A_NP	1341	721	G	5	0	714	22.7086834733894
A_NP	1342	721	A	5	0	717	22.8145048814505
A_NP	1343	722	T	4	0	717	22.486750348675
A_NP	1344	710	G	16	0	709	22.4485190409027
A_NP	1345	716	G	10	0	708	21.7005649717514
A_NP	1346	708	A	18	0	697	21.2338593974175
A_NP	1347	719	A	7	0	708	22.2245762711864
A_NP	1348	719	A	6	0	690	23.1913043478261
A_NP	1349	716	G	9	0	713	23.656381486676
A_NP	1350	719	T	6	0	679	22.5139911634757
A_NP	1351	721	G	4	0	704	22.3636363636364
A_NP	1352	715	C	10	0	703	22.2702702702703
A_NP	1353	719	C	5	0	686	22.3192419825073
A_NP	1354	718	A	6	0	699	21.79113018598
A_NP	1355	714	G	8	0	692	22.0231213872832
A_NP	1356	716	A	6	0	712	22.811797752809
A_NP	1357	704	C	18	0	693	23.5512265512266
A_NP	1358	715	C	7	0	707	23.0537482319661
A_NP	1359	713	A	8	0	703	22.6458036984353
A_NP	1360	717	G	4	0	715	22.0881118881119
A_NP	1361	712	A	8	0	707	22.2644978783593
A_NP	1362	718	A	2	0	714	22.0924369747899
A_NP	1363	716	G	4	0	710	21.630985915493
A_NP	1364	719	A	1	0	713	22.3604488078541
A_NP	1365	688	T	32	0	668	21.9895209580838
A_NP	1366	687	G	33	0	682	22.1730205278592
A_NP	1367	716	T	4	0	703	23.3413940256046
A_NP	1368	718	G	2	0	706	25.0764872521246
A_NP	1369	715	T	4	0	700	24.6828571428571
A_NP	1370	712	C	7	0	703	23.1294452347084
A_NP	1371	700	T	18	0	671	23.3457526080477
A_NP	1372	712	T	6	0	710	23.669014084507
A_NP	1373	705	T	13	0	697	24.7604017216643
A_NP	1374	663	C	53	0	659	25.5477996965099
A_NP	1375	703	C	13	0	696	21.5632183908046
A_NP	1376	698	A	18	0	683	20.0409956076135
A_NP	1377	666	G	50	0	654	20.8440366972477
A_NP	1378	702	G	14	0	690	21.3797101449275
A_NP	1379	704	G	12	0	696	21.9324712643678
A_NP	1380	690	G	25	0	683	22.0014641288433
A_NP	1381	689	C	26	0	657	21.9421613394216
A_NP	1382	606	G	109	0	536	21.1492537313433
A_NP	1383	690	G	25	0	669	19.6532137518685
A_NP	1384	710	G	5	0	684	19.7748538011696
A_NP	1385	707	G	8	0	692	21.8106936416185
A_NP	1386	699	A	15	0	694	22.5432276657061
A_NP	1387	704	G	10	0	690	22.9289855072464
A_NP	1388	678	T	36	0	656	22.1509146341463
A_NP	1389	680	C	34	0	661	22.7337367624811
A_NP	1390	696	T	17	0	682	23.1686217008798
A_NP	1391	678	T	35	0	669	23.9476831091181
A_NP	1392	673	C	40	0	649	23.3020030816641
A_NP	1393	696	G	16	0	668	20.6961077844311
A_NP	1394	699	A	13	0	675	20.2785185185185
A_NP	1395	705	G	7	0	699	20.0743919885551
A_NP	1396	694	C	18	0	633	20.5418641390205
A_NP	1397	689	T	23	0	683	21.0878477306003
A_NP	1398	635	T	77	0	619	23.4927302100162
A_NP	1399	648	T	63	0	647	24.726429675425
A_NP	1400	645	C	66	0	610	24.455737704918
A_NP	1401	687	G	24	0	659	20.9529590288316
A_NP	1402	708	G	3	0	702	20.2022792022792
A_NP	1403	709	A	2	0	702	20.9900284900285
A_NP	1404	705	C	5	0	692	20.9508670520231
A_NP	1405	700	G	10	0	691	19.4761215629522
A_NP	1406	677	A	33	0	667	19.3073463268366
A_NP	1407	700	A	10	0	685	18.8481751824818
A_NP	1408	702	A	8	0	691	19.9565846599132
A_NP	1409	705	A	4	0	692	19.7543352601156
A_NP	1410	694	G	15	0	686	19.9446064139942
A_NP	1411	702	G	6	0	694	17.864553314121
A_NP	1412	695	C	13	0	685	17.2875912408759
A_NP	1413	691	A	17	0	685	16.7795620437956
A_NP	1414	696	A	12	0	651	16.4715821812596
A_NP	1415	698	C	10	0	686	15.9868804664723
A_NP	1416	697	G	11	0	678	15.2802359882006
A_NP	1417	701	A	7	0	684	15.516081871345
A_NP	1418	698	A	10	0	684	16.406432748538
A_NP	1419	686	C	22	0	668	17.2754491017964
A_NP	1420	698	C	10	0	685	17.3737226277372
A_NP	1421	704	C	4	0	646	17.7399380804954
A_NP	1422	704	G	4	0	700	18.1042857142857
A_NP	1423	702	A	6	0	697	18.9670014347202
A_NP	1424	707	T	1	0	700	19.9514285714286
A_NP	1425	704	C	4	0	696	21.3850574712644
A_NP	1426	689	G	19	0	674	20.8471810089021
A_NP	1427	693	T	15	0	678	21.0339233038348
A_NP	1428	703	G	5	0	697	21.6040172166428
A_NP	1429	677	C	31	0	667	21.2953523238381
A_NP	1430	680	C	28	0	675	21.6948148148148
A_NP	1431	667	T	41	0	649	20.8135593220339
A_NP	1432	667	T	41	0	661	21.7201210287443
A_NP	1433	675	C	32	0	660	22.5363636363636
A_NP	1434	677	C	28	0	660	20.7757575757576
A_NP	1435	609	T	96	0	588	19.343537414966
A_NP	1436	687	T	18	0	676	20.3505917159763
A_NP	1437	698	T	7	0	684	21.016081871345
A_NP	1438	691	G	12	0	689	20.2452830188679
A_NP	1439	689	A	14	0	672	20.3869047619048
A_NP	1440	693	C	10	0	651	20.1029185867896
A_NP	1441	695	A	8	0	682	19.4457478005865
A_NP	1442	690	T	12	0	665	19.2270676691729
A_NP	1443	686	G	15	0	676	19.3121301775148
A_NP	1444	671	A	30	0	660	19.1909090909091
A_NP	1445	684	G	16	0	671	18.9552906110283
A_NP	1446	684	T	16	0	660	18.9454545454545
A_NP	1447	686	A	14	0	674	19.1913946587537
A_NP	1448	699	A	1	0	689	20.0043541364296
A_NP	1449	692	T	8	0	657	20.79299847793
A_NP	1450	694	G	6	0	678	20.6873156342183
A_NP	1451	690	A	9	0	684	20.3084795321637
A_NP	1452	690	A	9	0	682	19.7903225806452
A_NP	1453	662	G	37	0	650	19.3153846153846
A_NP	1454	697	G	2	0	685	18.9109489051095
A_NP	1455	697	G	2	0	666	18.1246246246246
A_NP	1456	697	T	2	0	681	17.9397944199706
A_NP	1457	692	C	7	0	680	19.9926470588235
A_NP	1458	677	T	22	0	661	21.2481089258699
A_NP	1459	691	T	8	0	677	22.3293943870015
A_NP	1460	687	A	12	0	665	22.0736842105263
A_NP	1461	677	C	22	0	641	21.7223088923557
A_NP	1462	678	T	21	0	667	21.2968515742129
A_NP	1463	644	T	55	0	634	22.1435331230284
A_NP	1464	634	C	65	0	619	24.2132471728595
A_NP	1465	681	T	18	0	675	23.5274074074074
A_NP	1466	679	T	20	0	674	23.7284866468843
A_NP	1467	679	C	20	0	674	22.1023738872404
A_NP	1468	655	G	44	0	644	19.138198757764
A_NP	1469	692	G	7	0	688	19.1875
A_NP	1470	693	A	6	0	687	19.5443959243086
A_NP	1471	691	G	8	0	686	20.7390670553936
A_NP	1472	696	A	3	0	685	21.7664233576642
A_NP	1473	696	C	3	0	686	21.1297376093294
A_NP	1474	694	A	5	0	688	21.1206395348837
A_NP	1475	695	A	4	0	686	21.9533527696793
A_NP	1476	693	T	6	0	684	22.0131578947368
A_NP	1477	693	G	5	0	678	22.0545722713864
A_NP	1478	694	C	4	0	674	21.5905044510386
A_NP	1479	676	A	22	0	664	20.0105421686747
A_NP	1480	669	G	27	0	665	18.9308270676692
A_NP	1481	679	A	17	0	671	18.6587183308495
A_NP	1482	668	G	27	0	651	20.3963133640553
A_NP	1483	673	G	21	0	661	18.2980332829047
A_NP	1484	673	A	20	0	660	16.8030303030303
A_NP	1485	685	G	5	0	668	17.2320359281437
A_NP	1486	673	T	14	0	659	17.3110773899848
A_NP	1487	678	A	8	0	665	18.1954887218045
A_NP	1488	676	T	5	0	650	19.6476923076923
A_NP	1489	673	G	3	0	668	21.2095808383234
A_NP	1490	671	A	2	0	668	22.0254491017964
A_NP	1491	670	C	1	0	664	22.941265060241
A_NP	1492	669	A	1	0	669	22.3766816143498
A_NP	1493	648	A	0	0	648	22.5570987654321
A_NP	1494	641	T	0	0	637	23.2025117739403
A_NP	1495	640	T	0	0	635	23.5669291338583
A_NP	1496	621	A	0	0	621	22.9597423510467
A_NP	1497	611	A	0	0	611	22.936170212766
