Reference_Name	Position	Coverage Depth	Consensus	Deletions	Ambiguous	Consensus_Count	Consensus_Average_Quality
A_NS	1	6197	A	0	0	6197	22.6964660319509
A_NS	2	6264	T	0	0	6264	22.6345785440613
A_NS	3	6373	G	0	0	6351	23.2612187057156
A_NS	4	6564	G	0	0	6550	22.3890076335878
A_NS	5	6562	A	11	0	6543	22.4725661011768
A_NS	6	6581	T	20	0	6550	23.0752671755725
A_NS	7	6597	T	12	0	6546	23.2314390467461
A_NS	8	6443	C	175	0	6402	24.0577944392377
A_NS	9	6615	C	19	0	6511	23.1737060359392
A_NS	10	6637	A	30	0	6619	22.7499622299441
A_NS	11	6656	A	13	0	6599	22.8304288528565
A_NS	12	6657	C	15	0	6591	23.1963283265058
A_NS	13	6661	A	16	0	6614	22.1809797399456
A_NS	14	6643	C	37	0	6589	22.0682956442556
A_NS	15	6507	T	175	0	6349	23.2110568593479
A_NS	16	6534	G	153	0	6440	23.4152173913043
A_NS	17	6631	T	58	0	6506	22.6240393482939
A_NS	18	6626	G	64	0	6516	22.0259361571516
A_NS	19	6623	T	67	0	6518	22.9825099723842
A_NS	20	6601	C	92	0	6544	20.4804400977995
A_NS	21	6453	A	244	0	6388	18.8206011271133
A_NS	22	6524	A	173	0	6438	18.0069897483691
A_NS	23	6596	G	103	0	6534	17.3512396694215
A_NS	24	6486	C	216	0	6256	17.959878516624
A_NS	25	6186	T	516	0	6140	18.3980456026059
A_NS	26	5931	T	771	0	5829	19.2014067593069
A_NS	27	5973	T	730	0	5869	20.1213153859261
A_NS	28	6020	C	683	0	5779	20.1529676414605
A_NS	29	6392	A	315	0	6210	16.9811594202899
A_NS	30	6399	G	308	0	6244	16.8739590006406
A_NS	31	6625	G	83	0	6528	17.4197303921569
A_NS	32	6623	T	85	0	6361	18.0011004559032
A_NS	33	6560	A	149	0	6381	18.2139163140574
A_NS	34	6664	G	46	0	6535	18.2165263963275
A_NS	35	6653	A	58	0	6574	18.1487678734408
A_NS	36	6584	C	127	0	6455	18.1062742060418
A_NS	37	6607	T	104	0	6434	17.9586571339758
A_NS	38	6653	G	59	0	6477	18.333487725799
A_NS	39	6395	C	317	0	6194	18.5132386180174
A_NS	40	6246	T	466	0	6177	18.5512384652744
A_NS	41	5988	T	724	0	5929	18.9696407488615
A_NS	42	5965	T	747	0	5858	21.1008876749744
A_NS	43	6134	C	578	0	6061	21.2577132486388
A_NS	44	5907	T	805	0	5837	20.6076751756039
A_NS	45	6458	T	254	0	6402	20.9860980943455
A_NS	46	6487	T	225	0	6398	21.3165051578618
A_NS	47	6472	G	240	0	6268	20.2613273771538
A_NS	48	6640	G	72	0	6523	19.7574735551127
A_NS	49	6643	C	69	0	6436	20.2605655686762
A_NS	50	6644	A	68	0	6553	20.5133526629025
A_NS	51	6652	T	60	0	6550	21.2296183206107
A_NS	52	6659	G	54	0	6522	20.7276908923643
A_NS	53	6669	T	44	0	6571	20.2917364175925
A_NS	54	6617	C	96	0	6553	19.8342743781474
A_NS	55	6618	C	95	0	6400	18.61453125
A_NS	56	6544	G	170	0	6198	17.2276540819619
A_NS	57	6515	C	199	0	6053	17.5185858252106
A_NS	58	6179	A	535	0	5909	17.9898459976307
A_NS	59	6594	A	120	0	6468	18.4465058750773
A_NS	60	6658	A	56	0	6418	19.8474602679963
A_NS	61	6652	C	62	0	6240	20.4458333333333
A_NS	62	6609	G	105	0	6524	20.4993868792152
A_NS	63	6591	A	123	0	6506	20.7271749154627
A_NS	64	6494	T	220	0	6329	21.3937430873756
A_NS	65	6643	T	71	0	6506	21.7370119889333
A_NS	66	6660	T	54	0	6553	21.768655577598
A_NS	67	6636	G	78	0	6509	20.9127362113996
A_NS	68	6640	C	74	0	6472	21.2764215080346
A_NS	69	6626	A	88	0	6519	20.9717748120877
A_NS	70	6652	G	62	0	6619	20.4151684544493
A_NS	71	6683	A	31	0	6602	21.2318994244168
A_NS	72	6655	C	59	0	6517	22.0581555930643
A_NS	73	6691	C	24	0	6461	22.5242222566166
A_NS	74	6590	A	125	0	6497	23.3609358165307
A_NS	75	6673	A	42	0	6570	22.8397260273973
A_NS	76	6675	G	40	0	6620	22.0590634441088
A_NS	77	6682	A	33	0	6633	22.4049449721092
A_NS	78	6691	A	24	0	6609	22.3974882735663
A_NS	79	6660	C	55	0	6598	21.270384965141
A_NS	80	6591	T	125	0	6436	20.4403356121815
A_NS	81	6349	G	367	0	6144	19.60400390625
A_NS	82	6542	G	174	0	6393	19.0405130611606
A_NS	83	6663	G	53	0	6582	18.1540565177758
A_NS	84	6614	T	102	0	6412	18.4563318777293
A_NS	85	6649	G	67	0	6571	19.6312585603409
A_NS	86	6667	A	49	0	6616	20.5068016928658
A_NS	87	6679	T	37	0	6602	20.7253862465919
A_NS	88	6647	G	69	0	6529	19.6642671159442
A_NS	89	6313	C	403	0	6257	18.8500879015503
A_NS	90	6624	C	92	0	6539	17.3329255237804
A_NS	91	6654	C	62	0	6476	16.2138665843113
A_NS	92	6601	C	115	0	6207	16.6642500402771
A_NS	93	6570	A	146	0	6453	15.790330079033
A_NS	94	6103	T	613	0	6013	15.4934308997173
A_NS	95	6108	T	608	0	5971	15.8008708759002
A_NS	96	5532	C	1184	0	5270	17.4795066413662
A_NS	97	5972	C	744	0	5046	16.0471660721363
A_NS	98	6157	T	559	0	5863	15.1030189322872
A_NS	99	6632	T	84	0	6296	14.8533989834816
A_NS	100	6565	G	151	0	6243	15.4219125420471
A_NS	101	6600	A	116	0	6396	15.46904315197
A_NS	102	5800	C	916	0	5005	17.0675324675325
A_NS	103	6577	C	139	0	5230	18.0604206500956
A_NS	104	6570	G	146	0	6267	17.2888144247646
A_NS	105	6639	G	77	0	6471	17.5608097666512
A_NS	106	6634	C	82	0	6472	17.410846724351
A_NS	107	6568	T	148	0	6450	17.4046511627907
A_NS	108	6571	T	145	0	6434	18.4261734535281
A_NS	109	6448	C	268	0	6205	19.3825946817083
A_NS	110	6618	G	98	0	6536	18.8341493268054
A_NS	111	6631	C	85	0	6499	19.4459147561163
A_NS	112	6640	C	76	0	6046	20.5764141581211
A_NS	113	6599	G	117	0	6498	20.5538627269929
A_NS	114	6632	A	84	0	6553	19.9558980619564
A_NS	115	6623	G	93	0	6589	19.7887388071027
A_NS	116	6690	A	26	0	6635	20.010851544838
A_NS	117	6655	T	61	0	6585	21.0139711465452
A_NS	118	6686	C	30	0	6613	21.7923786481173
A_NS	119	6471	A	245	0	6329	20.6223732027177
A_NS	120	6537	G	179	0	6480	19.9976851851852
A_NS	121	6587	A	129	0	6536	19.530752753978
A_NS	122	6688	A	28	0	6642	19.7971996386631
A_NS	123	6647	A	69	0	6594	20.395966029724
A_NS	124	6588	T	128	0	6486	20.0060129509713
A_NS	125	6173	C	543	0	6111	20.8280150548192
A_NS	126	6602	C	114	0	6529	20.0298667483535
A_NS	127	6642	C	74	0	6528	18.8717830882353
A_NS	128	6517	T	199	0	6113	19.8535907083265
A_NS	129	6606	G	110	0	6503	23.400891896048
A_NS	130	6617	A	99	0	6555	22.9202135774218
A_NS	131	6646	G	70	0	6609	22.2184899379634
A_NS	132	6643	A	73	0	6583	23.9067294546559
A_NS	133	6533	G	183	0	6496	23.4100985221675
A_NS	134	6667	G	49	0	6635	22.1816126601356
A_NS	135	6636	A	80	0	6593	21.5108448354315
A_NS	136	6649	A	67	0	6609	22.604176123468
A_NS	137	6633	G	83	0	6598	21.4260381933919
A_NS	138	6637	A	79	0	6572	20.3618381010347
A_NS	139	6586	G	130	0	6542	19.9145521247325
A_NS	140	6493	G	223	0	6440	19.2939440993789
A_NS	141	6457	C	259	0	6366	19.3196669808357
A_NS	142	6493	A	222	0	6223	19.0735979431143
A_NS	143	6636	G	79	0	6577	18.4901930971568
A_NS	144	6633	C	82	0	6496	18.1382389162562
A_NS	145	6635	A	80	0	6526	17.800643579528
A_NS	146	6495	C	220	0	6412	19.0098253275109
A_NS	147	6349	T	366	0	6145	19.8838079739626
A_NS	148	6596	C	119	0	6391	20.1381630417775
A_NS	149	6372	T	343	0	6222	21.9111218257795
A_NS	150	6609	T	106	0	6456	22.6161710037175
A_NS	151	6627	G	88	0	6539	22.5158281082734
A_NS	152	6679	G	35	0	6560	21.7815548780488
A_NS	153	6638	T	75	0	6516	21.5750460405157
A_NS	154	6637	C	76	0	6529	21.5343850513095
A_NS	155	6635	T	78	0	6425	20.9621789883268
A_NS	156	6495	G	218	0	6276	20.3398661567878
A_NS	157	6611	G	102	0	6336	19.782196969697
A_NS	158	6678	G	35	0	6602	18.5169645561951
A_NS	159	6675	C	38	0	6542	18.2517578722103
A_NS	160	6678	A	36	0	6643	18.4011741682975
A_NS	161	6623	T	89	0	6424	20.5730074719801
A_NS	162	6660	C	52	0	6459	21.6278061619446
A_NS	163	6503	G	209	0	6210	19.1668276972625
A_NS	164	6535	A	177	0	6410	19.2965678627145
A_NS	165	6656	A	56	0	6576	19.69449513382
A_NS	166	6670	A	42	0	6364	20.813639220616
A_NS	167	6661	C	50	0	6603	20.1491746175981
A_NS	168	6666	A	45	0	6535	19.568324407039
A_NS	169	6614	G	97	0	6205	18.9677679290894
A_NS	170	6617	C	94	0	6557	18.1781302424889
A_NS	171	6628	C	83	0	6501	17.7586525149977
A_NS	172	6642	A	68	0	6586	17.0677194047981
A_NS	173	6527	C	182	0	6432	18.879197761194
A_NS	174	6675	C	34	0	6589	19.1680072848687
A_NS	175	6513	C	196	0	6187	18.9925650557621
A_NS	176	6278	G	431	0	6150	20.440162601626
A_NS	177	6445	T	264	0	6345	21.2734436564224
A_NS	178	6628	G	81	0	6561	22.5573845450389
A_NS	179	6603	C	106	0	6552	23.0676129426129
A_NS	180	6583	A	126	0	6482	22.1096883677877
A_NS	181	6579	G	128	0	6535	22.0177505738332
A_NS	182	6625	G	82	0	6591	21.9435593991807
A_NS	183	6522	A	185	0	6472	21.1953028430161
A_NS	184	6638	A	68	0	6603	22.3512039981826
A_NS	185	6661	A	45	0	6626	21.8777543012375
A_NS	186	6659	G	47	0	6616	22.2208282950423
A_NS	187	6629	C	77	0	6549	22.1326920140479
A_NS	188	6665	A	41	0	6563	21.6128294987049
A_NS	189	6672	G	34	0	6641	21.4177081764794
A_NS	190	6670	A	35	0	6636	21.493670886076
A_NS	191	6658	T	47	0	6564	21.6799207800122
A_NS	192	6667	A	38	0	6511	20.0460758716019
A_NS	193	6559	G	146	0	6430	19.3295489891135
A_NS	194	6586	T	119	0	6483	18.9111522443313
A_NS	195	6528	G	177	0	6437	19.4926207860805
A_NS	196	6647	G	58	0	6605	19.1695685087055
A_NS	197	6525	A	179	0	6414	18.5620517617711
A_NS	198	6600	G	103	0	6461	18.2632719393283
A_NS	199	6580	C	123	0	6204	18.3834622823985
A_NS	200	6448	G	253	0	6154	18.4275268118297
A_NS	201	6635	G	65	0	6582	19.243998784564
A_NS	202	6614	A	86	0	6562	19.8678756476684
A_NS	203	6600	T	99	0	6512	20.1689189189189
A_NS	204	6615	T	84	0	6541	21.0322580645161
A_NS	205	6591	C	108	0	6537	21.246902248738
A_NS	206	6581	T	118	0	6479	21.5797190924525
A_NS	207	6031	G	668	0	5919	22.6545024497381
A_NS	208	6548	G	151	0	6453	23.6014256934759
A_NS	209	6521	A	178	0	6483	24.1722967761839
A_NS	210	6545	A	152	0	6489	25.0527045769764
A_NS	211	6662	G	34	0	6635	24.0339110776187
A_NS	212	6631	A	64	0	6580	24.580547112462
A_NS	213	6670	A	24	0	6640	23.8849397590361
A_NS	214	6653	G	41	0	6575	22.3995437262357
A_NS	215	6645	A	49	0	6582	22.7555454269219
A_NS	216	6671	A	23	0	6617	22.6038990479069
A_NS	217	6623	T	70	0	6541	21.9371655710136
A_NS	218	6634	C	59	0	6584	22.2657958687728
A_NS	219	6597	T	96	0	6454	22.0498915401302
A_NS	220	6657	G	36	0	6615	22.7830687830688
A_NS	221	6658	A	35	0	6610	23.3296520423601
A_NS	222	6649	T	44	0	6591	23.4002427552723
A_NS	223	6600	G	93	0	6560	23.4507621951219
A_NS	224	6599	A	92	0	6478	22.8175362766286
A_NS	225	6652	G	39	0	6588	22.4594717668488
A_NS	226	6649	A	42	0	6588	22.5611718275653
A_NS	227	6635	C	56	0	6538	21.9536555521566
A_NS	228	6638	A	51	0	6487	21.2942808694312
A_NS	229	6568	C	121	0	6453	21.3004803967147
A_NS	230	6419	T	270	0	6292	21.9893515575334
A_NS	231	6580	T	109	0	6362	22.3209682489783
A_NS	232	6309	A	380	0	6114	23.0857049394832
A_NS	233	6649	A	40	0	6591	22.8557123350023
A_NS	234	6655	A	34	0	6598	22.9936344346772
A_NS	235	6623	A	63	0	6502	24.5430636727161
A_NS	236	6593	T	93	0	6476	23.1812847436689
A_NS	237	6625	G	60	0	6544	22.3693459657702
A_NS	238	6629	A	56	0	6548	21.8535430665852
A_NS	239	6622	C	63	0	6516	21.5251688152241
A_NS	240	6609	T	75	0	6404	21.4144284821986
A_NS	241	6579	A	105	0	6448	21.0231079404466
A_NS	242	6580	T	104	0	6416	20.922849127182
A_NS	243	6610	T	74	0	6530	20.0938744257274
A_NS	244	6551	G	133	0	6458	19.3824713533602
A_NS	245	5758	C	926	0	5649	19.5416887944769
A_NS	246	6591	C	93	0	6416	19.1912406483791
A_NS	247	6632	C	51	0	6507	18.1512217611803
A_NS	248	6622	C	61	0	6379	18.8421382661859
A_NS	249	6575	C	108	0	5859	18.9109062980031
A_NS	250	6532	G	151	0	6315	19.0937450514648
A_NS	251	6608	T	75	0	6470	18.9928902627512
A_NS	252	6586	G	96	0	6480	20.020524691358
A_NS	253	6546	C	136	0	6433	20.5187315404943
A_NS	254	6602	C	80	0	6483	21.1564090698751
A_NS	255	6586	A	96	0	6460	19.7582043343653
A_NS	256	6565	G	117	0	6377	18.8903873294653
A_NS	257	6549	C	133	0	6457	18.6774043673533
A_NS	258	6437	T	244	0	6360	18.6503144654088
A_NS	259	6479	T	202	0	6387	18.8393612024425
A_NS	260	6489	C	190	0	6397	19.6987650461154
A_NS	261	6481	A	198	0	6333	18.4563398073583
A_NS	262	6501	C	168	0	6366	18.2221174992146
A_NS	263	6493	G	176	0	6371	18.0395542301052
A_NS	264	6579	C	90	0	6442	18.5929835454828
A_NS	265	6580	T	89	0	6419	19.3078361115439
A_NS	266	6599	A	70	0	6508	19.2598340503995
A_NS	267	6527	C	142	0	6446	20.1365187713311
A_NS	268	6617	C	50	0	6482	20.1720148102438
A_NS	269	6542	T	125	0	6332	19.8360707517372
A_NS	270	6588	A	79	0	6538	20.9628326705414
A_NS	271	6616	A	51	0	6419	21.0084125253155
A_NS	272	6624	C	43	0	6540	20.6351681957187
A_NS	273	6554	T	112	0	6387	20.9390950367935
A_NS	274	6626	G	40	0	6568	20.9764007308161
A_NS	275	6593	A	72	0	6489	21.6527970411466
A_NS	276	6610	C	55	0	6491	21.9665690956709
A_NS	277	6578	A	86	0	6456	21.3076208178439
A_NS	278	6524	T	140	0	6378	20.5788648479147
A_NS	279	6576	G	88	0	6503	20.3896663078579
A_NS	280	6616	A	48	0	6543	20.1150848234755
A_NS	281	6520	C	144	0	6451	20.6505968066966
A_NS	282	6459	T	205	0	6368	20.7201633165829
A_NS	283	6501	C	163	0	6326	20.3280113815997
A_NS	284	6262	T	402	0	6112	21.1164921465969
A_NS	285	6567	T	96	0	6297	21.308083214229
A_NS	286	6565	G	98	0	6519	21.1741064580457
A_NS	287	6564	A	98	0	6448	21.0597084367246
A_NS	288	6482	G	179	0	6403	20.7679212868968
A_NS	289	6566	G	95	0	6524	20.9072654812998
A_NS	290	6556	A	105	0	6512	19.9207616707617
A_NS	291	6602	G	58	0	6532	21.0765462339253
A_NS	292	6611	A	49	0	6545	21.5202444614209
A_NS	293	6614	T	46	0	6536	21.34317625459
A_NS	294	6623	G	36	0	6576	21.5433394160584
A_NS	295	6607	T	50	0	6472	22.5054079110012
A_NS	296	6613	C	44	0	6533	22.5527322822593
A_NS	297	6485	A	172	0	6320	20.2947784810127
A_NS	298	6494	A	163	0	6271	19.1487800988678
A_NS	299	6108	G	549	0	5953	18.6364858054762
A_NS	300	6595	G	62	0	6495	19.8157043879908
A_NS	301	6620	G	37	0	6561	20.2969059594574
A_NS	302	6620	A	37	0	6559	19.699344412258
A_NS	303	6587	C	70	0	6515	20.5861857252494
A_NS	304	6575	T	82	0	6381	19.7550540667607
A_NS	305	6489	G	168	0	6114	19.4489695780177
A_NS	306	6533	G	124	0	6338	19.1169138529505
A_NS	307	6519	T	137	0	6388	19.1806512210394
A_NS	308	6610	T	46	0	6443	19.5121837653267
A_NS	309	6584	C	72	0	6451	20.7364749651217
A_NS	310	6565	A	91	0	6379	20.9954538328892
A_NS	311	6581	T	75	0	6504	20.8056580565806
A_NS	312	6576	G	79	0	6472	21.2455191594561
A_NS	313	6524	C	131	0	6466	21.2819362820909
A_NS	314	6537	T	118	0	6366	22.1080741438894
A_NS	315	6577	C	78	0	5930	22.272849915683
A_NS	316	6589	A	65	0	6347	22.3784465101623
A_NS	317	6594	T	60	0	6481	22.4781669495448
A_NS	318	6614	G	40	0	6521	22.0820426314982
A_NS	319	6571	C	83	0	6522	21.843146274149
A_NS	320	6610	C	44	0	6520	22.0730061349693
A_NS	321	6609	C	45	0	6449	22.4979066521941
A_NS	322	6486	A	168	0	6442	23.9501707544241
A_NS	323	6610	A	44	0	6573	24.4335919671383
A_NS	324	6612	A	42	0	6516	24.3855125844076
A_NS	325	6604	C	49	0	6543	24.5087880177289
A_NS	326	6519	A	133	0	6459	23.6290447437684
A_NS	327	6559	G	93	0	6528	23.2700674019608
A_NS	328	6508	A	144	0	6450	23.3
A_NS	329	6587	A	65	0	6504	22.3640836408364
A_NS	330	6610	A	42	0	6568	21.9403166869671
A_NS	331	6519	G	132	0	6442	20.906705991928
A_NS	332	6501	T	150	0	6399	20.6401000156274
A_NS	333	6447	G	204	0	6351	20.4775625885687
A_NS	334	6564	G	87	0	6524	20.2599632127529
A_NS	335	6521	C	129	0	6417	20.923484494312
A_NS	336	6524	A	126	0	6310	19.2362916006339
A_NS	337	6530	G	119	0	6394	18.6565530184548
A_NS	338	6569	G	80	0	6504	18.2172509225092
A_NS	339	6488	T	161	0	6400	18.0784375
A_NS	340	6522	T	127	0	6433	18.2499611378828
A_NS	341	5828	C	820	0	5742	19.7723789620341
A_NS	342	6494	C	154	0	6348	19.4995274102079
A_NS	343	6183	C	465	0	6072	17.7104743083004
A_NS	344	5382	T	1266	0	5288	17.8627080181543
A_NS	345	6504	T	144	0	6424	20.8351494396015
A_NS	346	6570	T	78	0	6460	23.0196594427245
A_NS	347	6568	G	80	0	6479	23.6355919123321
A_NS	348	6580	C	68	0	6435	23.9651903651904
A_NS	349	6604	A	44	0	6549	23.918766223851
A_NS	350	6605	T	43	0	6489	24.3322545846818
A_NS	351	6602	C	46	0	6516	24.6203192142419
A_NS	352	6573	A	75	0	6477	21.7600741083835
A_NS	353	6591	G	57	0	6546	21.2377024136877
A_NS	354	6599	A	49	0	6563	22.0591193051958
A_NS	355	6616	A	32	0	6571	22.7831380307411
A_NS	356	6616	T	32	0	6565	22.5341964965727
A_NS	357	6429	G	217	0	6372	22.9311048336472
A_NS	358	6619	G	26	0	6561	22.3418686175888
A_NS	359	6620	A	25	0	6566	22.0385318306427
A_NS	360	6477	C	168	0	6390	21.7704225352113
A_NS	361	6609	C	36	0	6477	20.9400957233287
A_NS	362	6595	A	49	0	6489	19.7589767298505
A_NS	363	6463	G	180	0	6363	19.7460317460317
A_NS	364	6570	G	73	0	6502	19.4097200861273
A_NS	365	6554	C	89	0	6319	19.3685709764203
A_NS	366	5990	A	653	0	5930	20.3581787521079
A_NS	367	6420	A	222	0	6329	20.8607994943909
A_NS	368	6426	T	214	0	5723	21.9021492224358
A_NS	369	6516	A	124	0	6351	22.2248464808692
A_NS	370	6575	A	65	0	6443	22.0415955300326
A_NS	371	6575	T	65	0	6394	22.7289646543635
A_NS	372	6467	G	172	0	6380	23.9586206896552
A_NS	373	6582	G	57	0	6479	23.6129032258065
A_NS	374	6574	A	65	0	6535	24.2890589135425
A_NS	375	6560	T	79	0	6498	25.0238534933826
A_NS	376	5767	A	872	0	5696	25.7270014044944
A_NS	377	6336	A	303	0	6274	26.3294548932101
A_NS	378	6611	A	28	0	6590	25.7895295902883
A_NS	379	6613	A	26	0	6580	28.748632218845
A_NS	380	6604	A	34	0	6487	26.0605827038693
A_NS	381	6595	C	41	0	6544	23.8591075794621
A_NS	382	6585	A	49	0	6561	23.1196463953666
A_NS	383	6575	T	58	0	6462	23.0625193438564
A_NS	384	6591	C	42	0	6504	23.5870233702337
A_NS	385	6531	A	102	0	6413	23.4355215967566
A_NS	386	6519	T	114	0	6390	23.7478873239437
A_NS	387	6556	A	76	0	6453	23.2981558964823
A_NS	388	6541	T	91	0	6426	22.666044195456
A_NS	389	6576	T	56	0	6501	22.9921550530688
A_NS	390	6537	G	91	0	6486	22.6614246068455
A_NS	391	6455	A	172	0	6377	22.8593382468245
A_NS	392	6494	A	132	0	6404	22.3885071830106
A_NS	393	6552	A	72	0	6467	22.9208288232565
A_NS	394	6563	G	61	0	6458	23.1577887890988
A_NS	395	6535	C	89	0	6368	21.7796796482412
A_NS	396	6427	A	197	0	6390	21.7940532081377
A_NS	397	6590	A	34	0	6559	21.6935508461656
A_NS	398	6529	A	93	0	6432	22.5856654228856
A_NS	399	6496	C	123	0	6432	22.7165733830846
A_NS	400	6360	T	256	0	6213	22.7749879285369
A_NS	401	6508	T	108	0	6375	22.758431372549
A_NS	402	6541	C	74	0	6461	23.3301346540783
A_NS	403	6532	A	80	0	6370	21.2571428571429
A_NS	404	6460	G	150	0	6356	21.4740402769037
A_NS	405	6450	T	160	0	6353	22.4262553124508
A_NS	406	6554	G	56	0	6471	22.3546592489569
A_NS	407	6509	T	101	0	6410	24.3293291731669
A_NS	408	6529	G	81	0	6486	25.4313906876349
A_NS	409	6534	A	76	0	6493	24.0848606191283
A_NS	410	6074	T	536	0	6002	25.4886704431856
A_NS	411	6496	T	114	0	6466	25.4733993195175
A_NS	412	6526	T	84	0	6487	24.3360567288423
A_NS	413	6569	T	40	0	6497	26.8379251962444
A_NS	414	6569	T	39	0	6425	24.0856031128405
A_NS	415	6551	G	55	0	6410	22.304992199688
A_NS	416	6574	A	32	0	6511	20.9659038550146
A_NS	417	6513	C	93	0	6336	20.3735795454545
A_NS	418	6546	C	60	0	6298	19.5847888218482
A_NS	419	6406	G	199	0	6165	18.7930251419303
A_NS	420	6504	G	100	0	6308	18.6661382371592
A_NS	421	6539	C	65	0	6329	18.5700742613367
A_NS	422	6487	T	117	0	6410	18.8797191887676
A_NS	423	6145	G	457	0	5932	20.1817262306136
A_NS	424	6392	G	208	0	6170	20.8183144246353
A_NS	425	6383	A	216	0	6349	19.817294062057
A_NS	426	6547	A	51	0	6505	19.9215987701768
A_NS	427	6551	A	46	0	6461	19.8467729453645
A_NS	428	6172	C	425	0	5953	19.9071056610113
A_NS	429	6550	C	47	0	6496	19.1205357142857
A_NS	430	6523	C	72	0	6419	17.5125408942203
A_NS	431	6395	T	200	0	6225	18.2687550200803
A_NS	432	6465	A	129	0	6401	20.191845024215
A_NS	433	6492	A	102	0	6249	20.3554168666987
A_NS	434	6489	T	105	0	6327	20.7197724039829
A_NS	435	6484	A	109	0	6363	20.6647807637907
A_NS	436	6478	C	115	0	6302	20.2413519517613
A_NS	437	6477	T	115	0	6327	20.4817449027975
A_NS	438	6490	A	102	0	6279	19.5672877846791
A_NS	439	6420	C	171	0	6242	19.5019224607498
A_NS	440	6318	T	273	0	6151	20.1342871077874
A_NS	441	6487	T	104	0	6276	20.57982791587
A_NS	442	6435	A	156	0	6260	20.4731629392971
A_NS	443	6503	G	88	0	6439	19.6325516384532
A_NS	444	6453	A	138	0	6403	19.4579103545213
A_NS	445	6483	G	108	0	6408	20.1716604244694
A_NS	446	6457	C	134	0	6344	19.8649117276166
A_NS	447	6362	T	229	0	6306	20.127497621313
A_NS	448	6442	T	148	0	6391	20.5329369425755
A_NS	449	6364	T	225	0	6254	22.5324592260953
A_NS	450	6249	C	338	0	6071	24.4827870202603
A_NS	451	6415	A	172	0	6269	22.4260647631201
A_NS	452	6487	C	100	0	6337	22.673031402872
A_NS	453	6403	A	184	0	6249	22.9646343414946
A_NS	454	6425	G	162	0	6390	22.4995305164319
A_NS	455	6400	A	187	0	6344	22.8100567465322
A_NS	456	6529	A	57	0	6471	22.7207541338278
A_NS	457	6530	G	56	0	6503	21.8297708749808
A_NS	458	6505	A	81	0	6452	20.8853068815871
A_NS	459	6521	A	65	0	6480	20.0384259259259
A_NS	460	6357	G	229	0	6282	20.3323782234957
A_NS	461	6497	G	88	0	6424	19.6972291407223
A_NS	462	6479	A	106	0	6403	19.5152272372325
A_NS	463	6475	G	110	0	6365	19.0208955223881
A_NS	464	6451	C	134	0	6260	18.9405750798722
A_NS	465	6352	A	232	0	6261	19.2549113560134
A_NS	466	6442	A	142	0	6290	19.150079491256
A_NS	467	6330	T	254	0	6011	20.1332556978872
A_NS	468	6254	T	329	0	6148	20.266753415745
A_NS	469	6225	G	358	0	6027	19.3766384602622
A_NS	470	6305	T	278	0	6082	19.4781321933574
A_NS	471	5968	G	615	0	5742	19.9489724834552
A_NS	472	6461	G	122	0	6335	20.4265193370166
A_NS	473	6478	G	105	0	6412	21.4174984404242
A_NS	474	6470	A	112	0	6421	22.5994393396667
A_NS	475	6487	G	95	0	6438	22.9551102826965
A_NS	476	6485	A	97	0	6455	22.039194422928
A_NS	477	6550	A	31	0	6528	21.4600183823529
A_NS	478	6531	A	49	0	6490	21.9322033898305
A_NS	479	6387	T	193	0	6256	21.4498081841432
A_NS	480	6356	C	223	0	6225	21.9590361445783
A_NS	481	6508	T	71	0	6377	20.9375882076211
A_NS	482	6438	C	141	0	6376	20.9131116687578
A_NS	483	6468	A	110	0	6297	20.1324440209624
A_NS	484	6488	C	90	0	6341	20.3008989118436
A_NS	485	6511	C	67	0	6417	20.754714040829
A_NS	486	6356	A	221	0	6255	19.6644284572342
A_NS	487	6445	T	132	0	6181	19.4741951140592
A_NS	488	6510	T	67	0	6427	18.9824179243815
A_NS	489	6494	A	82	0	6258	18.0572067753276
A_NS	490	6459	C	117	0	6305	18.0207771609833
A_NS	491	6336	C	240	0	6209	18.0190046706394
A_NS	492	6302	T	274	0	6234	19.1021815848572
A_NS	493	5803	T	773	0	5718	22.865512416929
A_NS	494	5681	C	895	0	5602	23.9451981435202
A_NS	495	6365	T	211	0	6331	22.4800189543516
A_NS	496	6382	C	193	0	6342	24.3084200567644
A_NS	497	6341	T	234	0	6301	27.4200920488811
A_NS	498	6523	T	52	0	6498	23.6361957525392
A_NS	499	6215	C	360	0	6149	24.1492925678972
A_NS	500	6511	C	62	0	6437	21.2314742892652
A_NS	501	6496	A	75	0	6384	19.8848684210526
A_NS	502	6439	G	132	0	6411	20.6605833723288
A_NS	503	6539	G	32	0	6512	21.9944717444717
A_NS	504	6528	A	43	0	6482	22.2016352977476
A_NS	505	6535	C	36	0	6456	23.0219950433705
A_NS	506	6500	A	71	0	6447	22.4350860865519
A_NS	507	6498	T	73	0	6412	22.2121023081722
A_NS	508	6519	A	52	0	6426	21.572206660442
A_NS	509	6520	C	51	0	6425	21.4649027237354
A_NS	510	6514	T	56	0	6305	21.8586835844568
A_NS	511	6523	G	47	0	6447	22.7229719249263
A_NS	512	6534	A	36	0	6447	23.2427485652241
A_NS	513	6526	T	44	0	6426	23.3624338624339
A_NS	514	6516	G	53	0	6458	22.354908640446
A_NS	515	6520	A	49	0	6437	21.9470250116514
A_NS	516	6412	G	156	0	6348	21.5247321991178
A_NS	517	6542	G	26	0	6502	21.4769301753307
A_NS	518	6534	A	33	0	6501	21.0213813259499
A_NS	519	6523	T	43	0	6467	22.0805628575847
A_NS	520	6512	G	54	0	6449	22.6770041866956
A_NS	521	6492	T	74	0	6394	23.3988113856741
A_NS	522	6486	C	80	0	6441	23.5211923614346
A_NS	523	5400	A	1165	0	5310	23.4629001883239
A_NS	524	6287	A	278	0	6196	23.5243705616527
A_NS	525	6475	A	90	0	6382	23.0109683484801
A_NS	526	6475	A	90	0	6415	23.7848791893998
A_NS	527	6444	A	119	0	6279	20.5217391304348
A_NS	528	6410	T	151	0	6320	18.8151898734177
A_NS	529	6416	G	145	0	6252	17.7584772872681
A_NS	530	6372	C	189	0	5169	18.1669568581931
A_NS	531	6081	A	480	0	5940	18.1185185185185
A_NS	532	6480	A	80	0	6283	17.1356040108229
A_NS	533	6415	T	145	0	5728	18.0478351955307
A_NS	534	6408	T	152	0	6292	18.011125238398
A_NS	535	6137	G	422	0	5742	17.2998955067921
A_NS	536	6385	G	173	0	6125	17.013387755102
A_NS	537	6450	G	108	0	6237	17.4038800705467
A_NS	538	6483	G	74	0	6371	18.5313137654999
A_NS	539	6479	T	78	0	6387	18.3023328636292
A_NS	540	6408	C	149	0	6327	19.9884621463569
A_NS	541	6503	C	54	0	6447	19.3935163642004
A_NS	542	6489	T	68	0	6169	19.6569946506727
A_NS	543	6499	C	58	0	6359	19.9348954238088
A_NS	544	6528	A	29	0	6472	20.0540791100124
A_NS	545	6477	T	80	0	6328	21.0489886219975
A_NS	546	6478	C	79	0	6350	21.0689763779528
A_NS	547	6261	G	296	0	6115	20.0995911692559
A_NS	548	6500	G	57	0	6442	20.1280658180689
A_NS	549	6504	A	52	0	6459	20.7032048304691
A_NS	550	6416	G	140	0	6355	21.8023603461841
A_NS	551	6521	G	34	0	6474	22.009422304603
A_NS	552	6521	A	34	0	6490	21.3300462249615
A_NS	553	6507	C	48	0	6438	21.7592420006213
A_NS	554	6295	T	259	0	6218	22.5763911225474
A_NS	555	6494	T	58	0	6357	23.303759635048
A_NS	556	6505	G	46	0	6438	23.4237340789065
A_NS	557	6506	A	45	0	6404	23.2350093691443
A_NS	558	6522	A	29	0	6452	22.6385616862988
A_NS	559	6521	T	28	0	6437	22.9720366630418
A_NS	560	6379	G	170	0	6308	23.1255548509829
A_NS	561	6516	G	34	0	6423	23.4083761482173
A_NS	562	6506	A	44	0	6469	22.9587262328026
A_NS	563	6508	A	40	0	6444	23.2124456859094
A_NS	564	6480	T	68	0	6375	22.9501176470588
A_NS	565	6496	G	52	0	6390	22.8172143974961
A_NS	566	6507	A	40	0	6449	23.6176151341293
A_NS	567	6511	T	36	0	6431	23.2641890841238
A_NS	568	6463	A	83	0	6404	24.1680199875078
A_NS	569	6463	A	83	0	6321	25.1452301850973
A_NS	570	6456	C	90	0	6274	25.4947401976411
A_NS	571	6517	A	29	0	6405	23.520218579235
A_NS	572	6488	C	58	0	6373	25.9179350384434
A_NS	573	6501	A	45	0	6390	23.6582159624413
A_NS	574	6523	G	23	0	6479	20.4162679425837
A_NS	575	6512	T	34	0	6414	20.422825070159
A_NS	576	6524	T	22	0	6364	20.8548082966688
A_NS	577	6495	C	50	0	6321	21.3546907134947
A_NS	578	6379	G	166	0	6276	19.8972275334608
A_NS	579	6492	A	53	0	6457	20.0374787052811
A_NS	580	6491	G	54	0	6408	21.8966916354557
A_NS	581	6399	T	146	0	6312	25.5828580481622
A_NS	582	6387	C	157	0	6309	26.7302266603265
A_NS	583	6492	T	51	0	6297	23.0713037954582
A_NS	584	6497	C	46	0	6470	27.0021638330757
A_NS	585	6393	T	150	0	6287	25.4627008111977
A_NS	586	6459	G	83	0	6366	21.4885328306629
A_NS	587	6353	A	189	0	6237	21.1127144460478
A_NS	588	6501	A	40	0	6466	20.3164243736468
A_NS	589	6481	A	60	0	6347	20.6250196943438
A_NS	590	6375	C	165	0	6195	19.911218724778
A_NS	591	6356	T	184	0	6129	19.9176048294991
A_NS	592	6261	C	276	0	6032	20.2952586206897
A_NS	593	6378	T	159	0	6084	21.4255424063116
A_NS	594	6396	A	141	0	6127	21.3662477558348
A_NS	595	6412	C	125	0	6179	22.0338242434051
A_NS	596	6319	A	218	0	6204	23.5855899419729
A_NS	597	6388	G	149	0	6341	22.9381800977764
A_NS	598	6483	A	54	0	6401	22.2074675831901
A_NS	599	6450	G	87	0	6381	30.2110954395863
A_NS	600	6457	A	80	0	6391	30.3073071506806
A_NS	601	6410	T	127	0	6325	19.3577865612648
A_NS	602	6484	T	53	0	6223	19.8524827253736
A_NS	603	6436	C	101	0	6175	20.5036437246964
A_NS	604	6419	G	118	0	6322	19.3307497627333
A_NS	605	6456	C	81	0	6354	18.7873780295877
A_NS	606	6283	T	253	0	6211	18.5213331186604
A_NS	607	6364	T	172	0	6211	19.0423442279826
A_NS	608	5602	G	934	0	5426	20.2215259859934
A_NS	609	6370	G	165	0	6294	20.6714331108993
A_NS	610	6313	A	222	0	6241	20.7615766704054
A_NS	611	6243	G	291	0	6151	20.5807185823443
A_NS	612	6408	A	126	0	6302	19.5358616312282
A_NS	613	6428	A	103	0	6366	19.1311655670751
A_NS	614	6422	G	108	0	6017	18.7123151071963
A_NS	615	6391	C	139	0	6208	17.9745489690722
A_NS	616	6396	A	133	0	6190	17.6555735056543
A_NS	617	6436	G	93	0	6285	17.5355608591885
A_NS	618	6392	T	137	0	6135	19.0332518337408
A_NS	619	6356	A	173	0	6277	19.645053369444
A_NS	620	6500	A	29	0	6361	19.9619556673479
A_NS	621	6463	T	67	0	6225	20.6497991967871
A_NS	622	6465	G	65	0	6380	20.43934169279
A_NS	623	6463	A	65	0	6297	20.2177227251072
A_NS	624	6345	G	183	0	6277	20.2200095587064
A_NS	625	6487	G	40	0	6388	20.1768941765811
A_NS	626	6483	A	44	0	6433	19.0907819057982
A_NS	627	6460	T	67	0	6366	20.0142946905435
A_NS	628	5660	G	866	0	5582	19.9817269795772
A_NS	629	6392	G	132	0	6280	19.7417197452229
A_NS	630	6406	G	111	0	6305	19.0007930214116
A_NS	631	6357	A	156	0	6266	19.0134056814555
A_NS	632	6406	G	106	0	6282	18.4164278892073
A_NS	633	6410	A	102	0	6274	17.8995855913293
A_NS	634	6110	C	352	0	5965	18.1347862531433
A_NS	635	6278	C	181	0	6078	17.9848634419217
A_NS	636	6254	T	205	0	6141	18.1805894805406
A_NS	637	6166	C	292	0	6033	18.8249627051218
A_NS	638	6169	C	289	0	6103	18.1843355726692
A_NS	639	6017	A	440	0	5918	16.4560662385941
A_NS	640	6235	C	222	0	5920	16.7709459459459
A_NS	641	6203	T	253	0	6084	16.9038461538462
A_NS	642	5016	C	1440	0	4757	18.2608787050662
A_NS	643	6279	C	177	0	5966	20.3902111967818
A_NS	644	6302	C	154	0	6222	20.4474445515911
A_NS	645	6323	T	133	0	6282	21.054441260745
A_NS	646	6338	C	117	0	6229	22.9534435703965
A_NS	647	6399	C	54	0	6319	22.9262541541383
A_NS	648	6291	A	162	0	6253	23.2648328802175
A_NS	649	6370	A	83	0	6337	24.0247751301878
A_NS	650	6400	A	53	0	6372	25.2208097928437
A_NS	651	6389	G	63	0	6306	25.1444655883286
A_NS	652	6385	C	67	0	6322	24.9368870610566
A_NS	653	6383	A	69	0	6340	24.4149842271293
A_NS	654	6408	G	43	0	6365	23.9321288295365
A_NS	655	6379	A	72	0	6349	23.6990077177508
A_NS	656	6436	A	15	0	6413	24.1197567441135
A_NS	657	6418	A	33	0	6353	24.2978120572958
A_NS	658	6409	C	42	0	6315	23.3178147268409
A_NS	659	6320	G	131	0	6215	23.0532582461786
A_NS	660	6400	G	52	0	6274	23.8455530761874
A_NS	661	5945	A	507	0	5884	23.450713800136
A_NS	662	6430	A	22	0	6397	24.4201969673284
A_NS	663	6442	A	10	0	6406	26.1175460505776
A_NS	664	6425	A	27	0	6390	26.202034428795
A_NS	665	6398	T	54	0	6312	24.6653992395437
A_NS	666	6320	G	132	0	6247	24.066271810469
A_NS	667	6347	G	105	0	6253	23.4546617623541
A_NS	668	6346	C	106	0	6163	23.5638487749473
A_NS	669	6371	G	81	0	6249	22.5452072331573
A_NS	670	6394	A	58	0	6325	22.2755731225296
A_NS	671	6380	G	72	0	6304	22.0077728426396
A_NS	672	6418	A	32	0	6373	22.4552016318845
A_NS	673	6421	A	29	0	6352	23.4973236775819
A_NS	674	6423	C	27	0	6158	23.6409548554726
A_NS	675	6408	A	42	0	6373	23.5987760866154
A_NS	676	6423	A	27	0	6351	23.0379467800346
A_NS	677	6384	T	66	0	6259	22.9247483623582
A_NS	678	6435	T	15	0	6342	23.1619362976979
A_NS	679	6401	G	49	0	6311	22.9131674853431
A_NS	680	6404	A	46	0	6309	22.3117768267554
A_NS	681	6419	G	31	0	6356	22.1238200125865
A_NS	682	6368	T	82	0	6279	22.4992833253703
A_NS	683	6408	C	42	0	6330	22.9366508688784
A_NS	684	6048	A	401	0	5864	23.4382673942701
A_NS	685	6101	G	348	0	6052	22.4937210839392
A_NS	686	6356	A	93	0	6263	22.5513332268881
A_NS	687	6410	A	39	0	6360	22.1940251572327
A_NS	688	6416	G	33	0	6391	22.6923799092474
A_NS	689	6335	T	114	0	6247	23.6364655034417
A_NS	690	6423	T	25	0	6355	24.5754523996853
A_NS	691	6424	T	24	0	6339	25.2628174790976
A_NS	692	6385	G	63	0	6308	26.0034876347495
A_NS	693	6389	A	59	0	6330	26.2548183254344
A_NS	694	6379	A	69	0	6326	25.5330382548214
A_NS	695	6382	G	66	0	6341	25.1354675918625
A_NS	696	6368	A	80	0	6333	25.0069477340913
A_NS	697	6429	A	19	0	6386	24.5325712496085
A_NS	698	6419	A	29	0	6356	24.3840465701699
A_NS	699	6408	T	40	0	6255	24.2983213429257
A_NS	700	6383	A	65	0	6302	24.6496350364963
A_NS	701	6421	A	26	0	6371	24.1002982263381
A_NS	702	6409	G	38	0	6349	22.6171050559143
A_NS	703	6432	A	15	0	6388	22.8525360050094
A_NS	704	6415	T	32	0	6367	22.1537615831632
A_NS	705	6328	G	118	0	6252	21.7024952015355
A_NS	706	6373	G	73	0	6243	22.0365209034118
A_NS	707	6396	C	50	0	6063	22.2394854032657
A_NS	708	6402	T	44	0	6193	22.9389633457129
A_NS	709	6419	G	27	0	6361	23.9286275742808
A_NS	710	6424	A	22	0	6398	24.2804001250391
A_NS	711	6414	T	32	0	6364	24.7313010685104
A_NS	712	6440	T	6	0	6392	25.4469649561952
A_NS	713	6377	G	69	0	6288	25.8072519083969
A_NS	714	6365	A	81	0	6313	25.8895929035324
A_NS	715	6305	A	141	0	6233	25.4543558479063
A_NS	716	6317	G	129	0	6262	23.7473650590866
A_NS	717	6380	A	66	0	6319	22.6122804241177
A_NS	718	6394	A	52	0	6314	21.0397529299968
A_NS	719	6323	G	123	0	6246	19.9950368235671
A_NS	720	6261	T	186	0	6136	19.9995110821382
A_NS	721	6173	G	274	0	6088	20.3009198423127
A_NS	722	6129	C	318	0	5887	20.090198742993
A_NS	723	6219	G	228	0	5941	19.6773270493183
A_NS	724	6368	G	79	0	6277	19.4143699219372
A_NS	725	6321	C	126	0	6023	20.1170513033372
A_NS	726	6316	A	131	0	6220	20.8072347266881
A_NS	727	6363	C	84	0	6188	22.8248222365869
A_NS	728	6376	A	71	0	6265	23.5122106943336
A_NS	729	6379	G	68	0	6315	23.4481393507522
A_NS	730	6406	A	41	0	6367	23.9010523009267
A_NS	731	6407	T	40	0	6336	24.1701388888889
A_NS	732	6430	T	15	0	6373	24.6070924211517
A_NS	733	6405	G	40	0	6314	24.9751346214761
A_NS	734	6397	A	48	0	6335	24.794317284925
A_NS	735	6424	A	21	0	6360	24.1466981132075
A_NS	736	6415	G	30	0	6341	24.3499448036587
A_NS	737	6406	A	38	0	6357	24.0621362277804
A_NS	738	6389	T	55	0	6330	23.378672985782
A_NS	739	6419	T	25	0	6358	23.3519974834854
A_NS	740	6400	A	44	0	6204	23.897807865893
A_NS	741	6372	C	72	0	6208	24.3282860824742
A_NS	742	6309	A	135	0	6212	25.1571152607856
A_NS	743	6337	G	107	0	6280	24.4313694267516
A_NS	744	6405	A	39	0	6353	23.5912167479931
A_NS	745	6392	G	52	0	6315	26.8706254948535
A_NS	746	6417	A	26	0	6355	24.4947285601888
A_NS	747	6418	A	25	0	6328	22.5704804045512
A_NS	748	6390	C	53	0	6233	22.438312209209
A_NS	749	6413	A	30	0	6303	21.7640805965413
A_NS	750	6407	G	36	0	6346	21.2653640088245
A_NS	751	6359	T	84	0	6174	21.3786848072562
A_NS	752	6404	T	38	0	6296	20.3918360864041
A_NS	753	6379	T	63	0	6330	20.8895734597156
A_NS	754	6265	C	176	0	6037	22.1770747059798
A_NS	755	6333	G	107	0	6050	20.0732231404959
A_NS	756	6412	A	28	0	6189	20.7988366456617
A_NS	757	6415	A	25	0	6337	20.959286728736
A_NS	758	6386	C	54	0	6206	21.6250402835965
A_NS	759	6377	A	63	0	6262	22.1430852762696
A_NS	760	6412	G	28	0	6355	23.221243115657
A_NS	761	6419	A	21	0	6378	23.4799310128567
A_NS	762	6413	T	27	0	6293	23.2459876052757
A_NS	763	6350	A	90	0	6247	22.8834640627501
A_NS	764	6421	A	19	0	6199	22.0301661558316
A_NS	765	6390	C	50	0	6265	21.9495610534717
A_NS	766	5841	T	599	0	5719	22.3185871655884
A_NS	767	6297	T	142	0	6241	21.5378945681782
A_NS	768	6335	T	103	0	6264	22.9714240102171
A_NS	769	6310	T	128	0	6206	22.814050918466
A_NS	770	6328	A	109	0	6154	22.103184920377
A_NS	771	6369	T	67	0	6209	21.5034627154131
A_NS	772	6263	G	172	0	6094	20.3150639973745
A_NS	773	6221	C	213	0	6013	20.6979876933311
A_NS	774	6215	A	219	0	6162	20.12382343395
A_NS	775	6304	A	129	0	6197	19.4631273196708
A_NS	776	6351	G	81	0	6176	18.665317357513
A_NS	777	6318	C	114	0	6180	19.5260517799353
A_NS	778	6332	C	99	0	6131	19.5765780459958
A_NS	779	6212	T	217	0	6088	20.4820959264126
A_NS	780	6313	T	116	0	6120	22.2926470588235
A_NS	781	6352	A	77	0	6167	21.9849197340684
A_NS	782	6373	C	55	0	6202	22.3418252176717
A_NS	783	6384	A	44	0	6348	22.1279143037177
A_NS	784	6404	A	24	0	6306	22.0870599429115
A_NS	785	6394	C	33	0	6300	22.2436507936508
A_NS	786	6391	T	36	0	6136	22.7141460234681
A_NS	787	6381	A	45	0	6311	22.0774837585169
A_NS	788	6328	T	97	0	6223	22.7253736140125
A_NS	789	6369	T	56	0	6262	22.9434685404024
A_NS	790	6351	G	74	0	6270	22.0645933014354
A_NS	791	6316	C	107	0	6157	21.4984570407666
A_NS	792	6230	T	192	0	6156	21.5997400909682
A_NS	793	6316	T	104	0	6203	21.8237949379333
A_NS	794	6293	G	126	0	6175	22.3718218623482
A_NS	795	6280	A	139	0	6177	21.9268253197345
A_NS	796	6343	A	76	0	6288	20.9804389312977
A_NS	797	6319	G	100	0	6232	20.9687098844673
A_NS	798	6320	T	99	0	6104	21.1977391874181
A_NS	799	6292	G	126	0	6234	21.69746551171
A_NS	800	6366	G	52	0	6309	21.8443493422095
A_NS	801	6280	A	137	0	6218	22.6083949823094
A_NS	802	6336	G	80	0	6253	22.7890612505997
A_NS	803	6345	C	70	0	6193	23.5042790247053
A_NS	804	6174	A	241	0	6107	24.3084984444081
A_NS	805	6279	A	131	0	6200	25.0658064516129
A_NS	806	6262	G	147	0	6209	23.3647930423579
A_NS	807	6371	A	38	0	6316	23.0549398353388
A_NS	808	6338	G	68	0	6290	28.6559618441971
A_NS	809	6361	A	45	0	6299	31.476107318622
A_NS	810	6354	T	52	0	6225	22.1069879518072
A_NS	811	6224	A	180	0	6094	22.3514932720709
A_NS	812	6339	A	63	0	6201	21.6348975971617
A_NS	813	6317	G	83	0	6243	20.6017940092904
A_NS	814	6362	A	37	0	6303	20.9030620339521
A_NS	815	6385	A	14	0	6313	20.9008395374624
A_NS	816	6368	C	29	0	6327	20.3888098624941
A_NS	817	6274	T	122	0	6194	20.3356474007104
A_NS	818	6282	T	113	0	6227	20.3666291954392
A_NS	819	6080	T	313	0	6003	21.0921206063635
A_NS	820	6012	C	376	0	5968	21.6829758713137
A_NS	821	6290	T	88	0	6226	21.2426919370382
A_NS	822	6033	C	339	0	5919	22.1157290082784
A_NS	823	6307	G	59	0	6201	21.9138848572811
A_NS	824	6292	T	69	0	6128	22.9760117493473
A_NS	825	6335	T	26	0	6292	22.7317228226319
A_NS	826	6337	T	18	0	6275	22.399203187251
A_NS	827	6300	C	33	0	6241	23.3145329274155
A_NS	828	6291	A	28	0	6237	21.4904601571268
A_NS	829	6252	G	30	0	6178	20.8378115895112
A_NS	830	6254	C	25	0	6173	21.6100761380204
A_NS	831	6020	T	238	0	5975	23.3325523012552
A_NS	832	6205	T	36	0	6121	24.7003757555955
A_NS	833	6211	A	2	0	6080	25.3039473684211
A_NS	834	6201	T	0	0	6183	25.3410965550704
A_NS	835	6189	T	0	0	6183	25.5238557334627
A_NS	836	6085	T	0	0	6075	25.7790946502058
A_NS	837	5933	A	0	0	5933	25.5922804651947
A_NS	838	5858	A	0	0	5858	25.27978832366
