Reference_Name	Position	Coverage Depth	Consensus	Deletions	Ambiguous	Consensus_Count	Consensus_Average_Quality
A_PA	1	19	N	0	0	19	24.1052631578947
A_PA	2	21	N	0	0	21	23.1428571428571
A_PA	3	22	N	0	0	22	22.0454545454545
A_PA	4	24	N	0	0	24	20.9583333333333
A_PA	5	24	N	0	0	24	21.4166666666667
A_PA	6	24	N	0	0	24	22.2083333333333
A_PA	7	24	N	0	0	24	22.4583333333333
A_PA	8	24	N	0	0	24	24.2916666666667
A_PA	9	24	N	0	0	24	24.2916666666667
A_PA	10	24	N	0	0	24	24.25
A_PA	11	24	N	0	0	24	26.125
A_PA	12	24	N	0	0	24	27.375
A_PA	13	24	N	0	0	23	24.0869565217391
A_PA	14	24	N	0	0	24	22.5833333333333
A_PA	15	24	N	0	0	23	22.3478260869565
A_PA	16	23	N	1	0	21	21.7142857142857
A_PA	17	24	N	0	0	24	21.1666666666667
A_PA	18	24	N	0	0	24	21.9166666666667
A_PA	19	24	N	0	0	24	23.3333333333333
A_PA	20	24	N	0	0	24	24.625
A_PA	21	24	N	0	0	24	25.25
A_PA	22	24	N	0	0	23	26
A_PA	23	24	N	0	0	23	26.9130434782609
A_PA	24	24	N	0	0	23	25.4782608695652
A_PA	25	24	N	0	0	24	23.6666666666667
A_PA	26	24	N	0	0	24	23.4583333333333
A_PA	27	24	N	0	0	22	25
A_PA	28	25	N	0	0	25	21.12
A_PA	29	25	N	0	0	25	21.8
A_PA	30	25	N	0	0	23	25.5652173913043
A_PA	31	22	N	3	0	21	27.2857142857143
A_PA	32	24	N	1	0	23	22
A_PA	33	23	N	2	0	23	18.9130434782609
A_PA	34	24	N	1	0	23	20.2173913043478
A_PA	35	24	N	1	0	23	23.5217391304348
A_PA	36	25	N	0	0	24	23.7083333333333
A_PA	37	25	N	0	0	25	22.52
A_PA	38	25	N	0	0	25	24.72
A_PA	39	25	N	0	0	25	25
A_PA	40	25	N	0	0	25	24.24
A_PA	41	25	N	0	0	25	24.08
A_PA	42	24	N	1	0	24	23.9583333333333
A_PA	43	24	N	1	0	24	19.5416666666667
A_PA	44	25	N	0	0	24	19.375
A_PA	45	25	N	0	0	25	19.76
A_PA	46	25	N	0	0	24	20.25
A_PA	47	25	N	0	0	24	21.6666666666667
A_PA	48	25	N	0	0	25	23.2
A_PA	49	25	N	0	0	25	23.92
A_PA	50	25	N	0	0	25	24.44
A_PA	51	25	N	0	0	25	23
A_PA	52	25	N	0	0	25	21.88
A_PA	53	24	N	1	0	24	21.7916666666667
A_PA	54	25	N	0	0	25	25.84
A_PA	55	25	N	0	0	25	29.04
A_PA	56	25	N	0	0	25	40.6
A_PA	57	24	N	1	0	24	37.1666666666667
A_PA	58	24	N	1	0	23	26
A_PA	59	23	N	2	0	23	22.0869565217391
A_PA	60	24	N	1	0	24	22.3333333333333
A_PA	61	24	N	1	0	23	22.1739130434783
A_PA	62	25	N	0	0	24	23.0416666666667
A_PA	63	25	N	0	0	25	21.88
A_PA	64	21	N	4	0	21	24.8095238095238
A_PA	65	25	N	0	0	25	23.92
A_PA	66	25	N	0	0	25	22.12
A_PA	67	25	N	0	0	25	20.48
A_PA	68	24	N	1	0	24	21.5833333333333
A_PA	69	25	N	0	0	25	21.88
A_PA	70	25	N	0	0	25	21.52
A_PA	71	25	N	0	0	25	21.6
A_PA	72	25	N	0	0	25	25.48
A_PA	73	22	N	3	0	22	19.8181818181818
A_PA	74	25	N	0	0	22	18.4090909090909
A_PA	75	24	N	1	0	23	19
A_PA	76	24	N	1	0	24	18.9583333333333
A_PA	77	24	N	1	0	24	20
A_PA	78	24	N	1	0	24	21.7083333333333
A_PA	79	24	N	1	0	24	19.5
A_PA	80	24	N	1	0	24	22.5
A_PA	81	24	N	1	0	24	20.5833333333333
A_PA	82	24	N	1	0	23	21.0434782608696
A_PA	83	25	N	0	0	25	19.16
A_PA	84	25	N	0	0	25	18.16
A_PA	85	25	N	0	0	25	18.32
A_PA	86	25	N	0	0	25	18.88
A_PA	87	25	N	0	0	25	19.52
A_PA	88	25	N	0	0	25	20.36
A_PA	89	25	N	0	0	25	23.12
A_PA	90	25	N	0	0	25	23.36
A_PA	91	25	N	0	0	25	20.64
A_PA	92	25	N	0	0	25	20.2
A_PA	93	25	N	0	0	25	20.96
A_PA	94	23	N	2	0	23	29.5652173913043
A_PA	95	24	N	1	0	24	21.9166666666667
A_PA	96	24	N	1	0	24	21.4583333333333
A_PA	97	25	N	0	0	23	26.2608695652174
A_PA	98	25	N	0	0	24	26.2916666666667
A_PA	99	25	N	0	0	24	25.7916666666667
A_PA	100	24	N	1	0	22	26.6818181818182
A_PA	101	25	N	0	0	25	25.88
A_PA	102	25	N	0	0	25	25.76
A_PA	103	25	N	0	0	24	27.25
A_PA	104	25	N	0	0	25	27.52
A_PA	105	25	N	0	0	25	23.2
A_PA	106	25	N	0	0	25	21.72
A_PA	107	24	N	1	0	24	21.2083333333333
A_PA	108	25	N	0	0	25	20.64
A_PA	109	25	N	0	0	25	18.96
A_PA	110	25	N	0	0	25	19.04
A_PA	111	24	N	1	0	24	22.2916666666667
A_PA	112	25	N	0	0	25	19.52
A_PA	113	24	N	1	0	24	22.3333333333333
A_PA	114	24	N	1	0	23	25.0434782608696
A_PA	115	24	N	1	0	24	25.7916666666667
A_PA	116	22	N	3	0	22	21.6818181818182
A_PA	117	17	N	8	0	15	21.1333333333333
A_PA	118	18	N	7	0	18	21.4444444444444
A_PA	119	23	N	2	0	22	20.8181818181818
A_PA	120	24	N	1	0	24	22.625
A_PA	121	25	N	0	0	24	35.5833333333333
A_PA	122	25	N	0	0	24	32.7083333333333
A_PA	123	25	N	0	0	24	18.1666666666667
A_PA	124	25	N	0	0	25	17.76
A_PA	125	25	N	0	0	23	18.9130434782609
A_PA	126	24	N	1	0	23	18.4347826086957
A_PA	127	24	N	1	0	21	18.9047619047619
A_PA	128	25	N	0	0	25	17.84
A_PA	129	25	N	0	0	25	18.48
A_PA	130	24	N	1	0	24	19.2916666666667
A_PA	131	24	N	1	0	24	22.2083333333333
A_PA	132	25	N	0	0	24	22.75
A_PA	133	25	N	0	0	25	19.84
A_PA	134	25	N	0	0	25	19.92
A_PA	135	25	N	0	0	24	22.5833333333333
A_PA	136	25	N	0	0	25	22.56
A_PA	137	25	N	0	0	25	21.68
A_PA	138	25	N	0	0	25	23.96
A_PA	139	25	N	0	0	24	23.4166666666667
A_PA	140	25	N	0	0	25	24.56
A_PA	141	25	N	0	0	23	28.9565217391304
A_PA	142	25	N	0	0	25	24.56
A_PA	143	25	N	0	0	23	26.695652173913
A_PA	144	25	N	0	0	25	22.44
A_PA	145	25	N	0	0	25	24.2
A_PA	146	25	N	0	0	25	22.4
A_PA	147	24	N	1	0	22	19.3181818181818
A_PA	148	25	N	0	0	25	17.6
A_PA	149	23	N	2	0	23	19.1304347826087
A_PA	150	25	N	0	0	25	19.76
A_PA	151	25	N	0	0	25	20.84
A_PA	152	25	N	0	0	25	22.64
A_PA	153	24	N	1	0	24	25.5
A_PA	154	25	N	0	0	25	24.12
A_PA	155	25	N	0	0	25	21.76
A_PA	156	24	N	1	0	24	21.7916666666667
A_PA	157	24	N	1	0	24	24.2916666666667
A_PA	158	24	N	1	0	24	25.8333333333333
A_PA	159	24	N	1	0	23	26
A_PA	160	24	N	1	0	23	28.7391304347826
A_PA	161	25	N	0	0	25	24.52
A_PA	162	25	N	0	0	25	23.16
A_PA	163	25	N	0	0	25	23.2
A_PA	164	25	N	0	0	25	23.28
A_PA	165	25	N	0	0	25	26.24
A_PA	166	25	N	0	0	25	25.68
A_PA	167	25	N	0	0	24	25.5
A_PA	168	25	N	0	0	25	26.44
A_PA	169	25	N	0	0	23	24.9565217391304
A_PA	170	25	N	0	0	24	19.2916666666667
A_PA	171	25	N	0	0	24	18.0833333333333
A_PA	172	24	N	1	0	24	18.125
A_PA	173	25	N	0	0	24	19.125
A_PA	174	25	N	0	0	25	19.72
A_PA	175	25	N	0	0	24	19.75
A_PA	176	25	N	0	0	24	20.0416666666667
A_PA	177	25	N	0	0	25	20.28
A_PA	178	25	N	0	0	25	21.72
A_PA	179	25	N	0	0	23	22.0434782608696
A_PA	180	25	N	0	0	25	22.28
A_PA	181	25	N	0	0	25	22.68
A_PA	182	25	N	0	0	24	26.5416666666667
A_PA	183	25	N	0	0	24	29
A_PA	184	25	N	0	0	25	25.4
A_PA	185	25	N	0	0	25	26.48
A_PA	186	25	N	0	0	25	26.12
A_PA	187	23	N	2	0	23	22.8695652173913
A_PA	188	24	N	1	0	24	22.875
A_PA	189	24	N	1	0	21	23.5714285714286
A_PA	190	25	N	0	0	22	21.1818181818182
A_PA	191	25	N	0	0	25	19.64
A_PA	192	25	N	0	0	25	19
A_PA	193	25	N	0	0	24	18.8333333333333
A_PA	194	25	N	0	0	24	19.8333333333333
A_PA	195	23	N	1	0	23	20.6521739130435
A_PA	196	23	N	1	0	22	20.3181818181818
A_PA	197	23	N	1	0	23	22.3478260869565
A_PA	198	24	N	0	0	24	21.7916666666667
A_PA	199	24	N	0	0	24	21.5416666666667
A_PA	200	21	N	0	0	21	23.1428571428571
A_PA	201	21	N	0	0	21	27.1428571428571
A_PA	202	21	N	0	0	21	24.1428571428571
A_PA	203	20	N	1	0	18	20.2222222222222
A_PA	204	20	N	1	0	20	17.4
A_PA	205	21	N	0	0	21	22.3809523809524
A_PA	206	21	N	0	0	21	23.5238095238095
A_PA	207	20	N	0	0	20	22.2
A_PA	208	20	N	0	0	19	24.6315789473684
A_PA	209	19	N	0	0	19	22.8947368421053
A_PA	210	19	N	0	0	19	22.3684210526316
A_PA	211	19	N	0	0	19	22.8947368421053
A_PA	212	19	N	0	0	19	26.1578947368421
A_PA	213	19	N	0	0	19	25.7894736842105
A_PA	214	19	N	0	0	19	26.3684210526316
A_PA	215	19	N	0	0	19	27.0526315789474
A_PA	216	19	N	0	0	19	25.2105263157895
A_PA	217	18	N	0	0	18	24
A_PA	218	18	N	0	0	18	22.8888888888889
A_PA	219	18	N	0	0	18	25.6666666666667
A_PA	220	18	N	0	0	18	22.6666666666667
A_PA	221	18	N	0	0	18	20.8333333333333
A_PA	222	18	N	0	0	18	20.8888888888889
A_PA	223	18	N	0	0	18	22.5
A_PA	224	18	N	0	0	18	22.7777777777778
A_PA	225	18	N	0	0	18	23.3888888888889
A_PA	226	18	N	0	0	18	26.3333333333333
A_PA	227	18	N	0	0	18	27.1111111111111
A_PA	228	18	N	0	0	18	26.8333333333333
A_PA	229	17	N	1	0	17	25.6470588235294
A_PA	230	18	N	0	0	18	25
A_PA	231	18	N	0	0	18	22.2222222222222
A_PA	232	18	N	0	0	18	23.8333333333333
A_PA	233	18	N	0	0	18	24.7777777777778
A_PA	234	18	N	0	0	18	24.2777777777778
A_PA	235	17	N	0	0	17	26.5294117647059
A_PA	236	17	N	0	0	17	27.1764705882353
A_PA	237	16	N	0	0	16	26.875
A_PA	238	16	N	0	0	15	25.9333333333333
A_PA	239	16	N	0	0	16	25.5
A_PA	240	16	N	0	0	16	21.5625
A_PA	241	16	N	0	0	16	22
A_PA	242	16	N	0	0	16	21.875
A_PA	243	16	N	0	0	16	18.5
A_PA	244	16	N	0	0	15	20.2666666666667
A_PA	245	16	N	0	0	16	20.1875
A_PA	246	16	N	0	0	16	21.5
A_PA	247	15	N	1	0	14	57.8571428571429
A_PA	248	16	N	0	0	16	50.25
A_PA	249	16	N	0	0	15	22.6
A_PA	250	15	N	0	0	14	23.2857142857143
A_PA	251	15	N	0	0	15	23.0666666666667
A_PA	252	15	N	0	0	15	25.4666666666667
A_PA	253	14	N	1	0	14	22.2857142857143
A_PA	254	13	N	2	0	13	24
A_PA	255	14	N	1	0	14	23.5714285714286
A_PA	256	14	N	1	0	14	24.8571428571429
A_PA	257	14	N	1	0	13	24.5384615384615
A_PA	258	14	N	1	0	13	25.6923076923077
A_PA	259	14	N	1	0	14	23.7142857142857
A_PA	260	14	N	1	0	14	24.0714285714286
A_PA	261	14	N	1	0	14	24.7142857142857
A_PA	262	14	N	1	0	13	24.7692307692308
A_PA	263	13	N	2	0	13	30.6153846153846
A_PA	264	14	N	1	0	13	27.0769230769231
A_PA	265	14	N	1	0	14	25.9285714285714
A_PA	266	14	N	1	0	14	25.9285714285714
A_PA	267	14	N	1	0	13	22.6153846153846
A_PA	268	14	N	1	0	14	21.9285714285714
A_PA	269	14	N	1	0	14	22.3571428571429
A_PA	270	14	N	1	0	14	22.3571428571429
A_PA	271	14	N	1	0	14	25
A_PA	272	14	N	1	0	14	25.8571428571429
A_PA	273	14	N	1	0	14	25.3571428571429
A_PA	274	13	N	1	0	13	26.3846153846154
A_PA	275	13	N	1	0	13	27.2307692307692
A_PA	276	12	N	1	0	12	26.6666666666667
A_PA	277	12	N	1	0	12	22.8333333333333
A_PA	278	12	N	1	0	12	21.25
A_PA	279	12	N	1	0	12	20.4166666666667
A_PA	280	12	N	1	0	11	20.0909090909091
A_PA	281	11	N	2	0	11	18
A_PA	282	11	N	2	0	10	20.6
A_PA	283	12	N	1	0	10	21.8
A_PA	284	11	N	2	0	10	21.7
A_PA	285	11	N	1	0	11	17.5454545454545
A_PA	286	11	N	1	0	11	18.7272727272727
A_PA	287	11	N	1	0	10	21.9
A_PA	288	11	N	1	0	11	21
A_PA	289	11	N	1	0	10	22.9
A_PA	290	11	N	1	0	11	20.5454545454545
A_PA	291	11	N	1	0	11	20.0909090909091
A_PA	292	11	N	1	0	11	19.6363636363636
A_PA	293	10	N	1	0	10	20.3
A_PA	294	10	N	1	0	10	17.6
A_PA	295	9	N	2	0	9	16.7777777777778
A_PA	296	10	N	1	0	10	17.7
A_PA	297	10	N	1	0	10	21.1
A_PA	298	10	N	1	0	10	22.4
A_PA	299	11	N	0	0	10	20.1
A_PA	300	9	N	0	0	9	19.2222222222222
A_PA	301	9	N	0	0	9	16.4444444444444
A_PA	302	9	N	0	0	9	16.6666666666667
A_PA	303	9	N	0	0	9	19.8888888888889
A_PA	304	8	N	0	0	8	26.5
A_PA	305	6	N	0	0	6	28.5
A_PA	306	6	N	0	0	6	25
A_PA	307	5	N	1	0	5	22.2
A_PA	308	6	N	0	0	6	18.5
A_PA	309	6	N	0	0	6	14.5
A_PA	310	6	N	0	0	6	15.8333333333333
A_PA	311	6	N	0	0	6	18.8333333333333
A_PA	312	6	N	0	0	6	21
A_PA	313	6	N	0	0	6	27.6666666666667
A_PA	314	4	N	0	0	4	26.25
A_PA	315	4	N	0	0	4	23.75
A_PA	316	4	N	0	0	4	17.5
A_PA	317	4	N	0	0	4	17.75
A_PA	318	3	N	1	0	3	19.6666666666667
A_PA	319	4	N	0	0	4	19.5
A_PA	320	4	N	0	0	4	30.5
A_PA	321	4	N	0	0	4	16
A_PA	322	4	N	0	0	4	15.5
A_PA	323	4	N	0	0	4	19
A_PA	324	4	N	0	0	3	22.6666666666667
A_PA	325	4	N	0	0	4	17.75
A_PA	326	4	N	0	0	4	17
A_PA	327	4	N	0	0	3	17
A_PA	328	4	N	0	0	4	17.5
A_PA	329	4	N	0	0	4	18.5
A_PA	330	4	N	0	0	4	20.25
A_PA	331	4	N	0	0	4	20.75
A_PA	332	4	N	0	0	4	20
A_PA	333	4	N	0	0	4	16.25
A_PA	334	3	N	1	0	3	16.3333333333333
A_PA	335	4	N	0	0	4	12.5
A_PA	336	3	N	1	0	3	15.6666666666667
A_PA	337	4	N	0	0	4	13
A_PA	338	4	N	0	0	4	14.25
A_PA	339	4	N	0	0	3	10.6666666666667
A_PA	340	4	N	0	0	4	11.25
A_PA	341	4	N	0	0	4	13
A_PA	342	3	N	0	0	3	34.6666666666667
A_PA	343	3	N	0	0	3	15.6666666666667
A_PA	344	3	N	0	0	3	16
A_PA	345	3	N	0	0	3	18
A_PA	346	3	N	0	0	3	15.6666666666667
A_PA	347	3	N	0	0	3	15.3333333333333
A_PA	348	3	N	0	0	3	20
A_PA	349	3	N	0	0	3	19.6666666666667
A_PA	350	3	N	0	0	3	22
A_PA	351	3	N	0	0	3	26.3333333333333
A_PA	352	3	N	0	0	3	24
A_PA	353	3	N	0	0	3	23.3333333333333
A_PA	354	3	N	0	0	3	25
A_PA	355	3	N	0	0	3	22
A_PA	356	3	N	0	0	3	21.6666666666667
A_PA	357	3	N	0	0	3	21.3333333333333
A_PA	358	3	N	0	0	3	23.3333333333333
A_PA	359	3	N	0	0	3	22.3333333333333
A_PA	360	3	N	0	0	3	23.3333333333333
A_PA	361	3	N	0	0	3	23
A_PA	362	3	N	0	0	3	21.3333333333333
A_PA	363	3	N	0	0	3	20.6666666666667
A_PA	364	3	N	0	0	3	21.6666666666667
A_PA	365	3	N	0	0	3	19.3333333333333
A_PA	366	3	N	0	0	3	21.6666666666667
A_PA	367	3	N	0	0	3	25.6666666666667
A_PA	368	3	N	0	0	3	26
A_PA	369	2	N	0	0	2	25.5
A_PA	370	2	N	0	0	2	24.5
A_PA	371	2	N	0	0	2	22.5
A_PA	372	2	N	0	0	2	22
A_PA	373	2	N	0	0	2	22.5
A_PA	374	2	N	0	0	2	22
A_PA	375	2	N	0	0	2	24
A_PA	376	2	N	0	0	2	15
A_PA	377	2	N	0	0	2	18.5
A_PA	378	2	N	0	0	2	24
A_PA	379	2	N	0	0	2	23
A_PA	380	2	N	0	0	2	23
A_PA	381	2	N	0	0	2	23.5
A_PA	382	2	N	0	0	2	23.5
A_PA	383	2	N	0	0	2	19
A_PA	384	2	N	0	0	2	12.5
A_PA	385	2	N	0	0	1	5
A_PA	386	2	N	0	0	1	9
A_PA	387	2	N	0	0	2	14.5
A_PA	388	2	N	0	0	2	16
A_PA	389	2	N	0	0	2	20
A_PA	390	2	N	0	0	2	22.5
A_PA	391	2	N	0	0	2	23
A_PA	392	1	N	1	0	1	24
A_PA	393	2	N	0	0	1	24
A_PA	394	2	N	0	0	2	19.5
A_PA	395	2	N	0	0	2	21
A_PA	396	2	N	0	0	2	16.5
A_PA	397	2	N	0	0	2	17.5
A_PA	398	2	N	0	0	2	17
A_PA	399	2	N	0	0	2	18.5
A_PA	400	2	N	0	0	2	32
A_PA	401	2	N	0	0	2	35
A_PA	402	2	N	0	0	2	34.5
A_PA	403	2	N	0	0	2	26.5
A_PA	404	2	N	0	0	2	23
A_PA	405	2	N	0	0	2	23
A_PA	406	2	N	0	0	2	21
A_PA	407	2	N	0	0	2	27
A_PA	408	2	N	0	0	2	26
A_PA	409	2	N	0	0	2	15.5
A_PA	410	2	N	0	0	2	13.5
A_PA	411	2	N	0	0	2	13
A_PA	412	2	N	0	0	2	12.5
A_PA	413	2	N	0	0	1	13
A_PA	414	2	N	0	0	2	10
A_PA	415	2	N	0	0	2	9.5
A_PA	416	2	N	0	0	2	13
A_PA	417	2	N	0	0	2	16
A_PA	418	2	N	0	0	2	21.5
A_PA	419	2	N	0	0	2	21
A_PA	420	2	N	0	0	2	20
A_PA	421	2	N	0	0	2	19.5
A_PA	422	2	N	0	0	2	14.5
A_PA	423	2	N	0	0	2	53.5
A_PA	424	2	N	0	0	2	23
A_PA	425	2	N	0	0	2	33.5
A_PA	426	2	N	0	0	2	31.5
A_PA	427	2	N	0	0	2	32.5
A_PA	428	2	N	0	0	2	31.5
A_PA	429	2	N	0	0	2	33
A_PA	430	2	N	0	0	2	37
A_PA	431	2	N	0	0	2	31.5
A_PA	432	2	N	0	0	2	32
A_PA	433	2	N	0	0	2	31.5
A_PA	434	2	N	0	0	2	33
A_PA	435	2	N	0	0	2	31.5
A_PA	436	2	N	0	0	2	27
A_PA	437	2	N	0	0	2	24.5
A_PA	438	2	N	0	0	2	24.5
A_PA	439	2	N	0	0	2	25.5
A_PA	440	2	N	0	0	2	29.5
A_PA	441	2	N	0	0	2	32
A_PA	442	2	N	0	0	2	32
A_PA	443	2	N	0	0	2	32.5
A_PA	444	2	N	0	0	2	27
A_PA	445	2	N	0	0	2	26
A_PA	446	2	N	0	0	2	19.5
A_PA	447	2	N	0	0	2	21
A_PA	448	2	N	0	0	2	20
A_PA	449	2	N	0	0	2	23
A_PA	450	2	N	0	0	2	26.5
A_PA	451	2	N	0	0	2	23
A_PA	452	2	N	0	0	2	23
A_PA	453	2	N	0	0	2	22.5
A_PA	454	2	N	0	0	2	23.5
A_PA	455	2	N	0	0	2	21.5
A_PA	456	2	N	0	0	2	18
A_PA	457	2	N	0	0	2	15
A_PA	458	2	N	0	0	2	14.5
A_PA	459	2	N	0	0	2	16.5
A_PA	460	2	N	0	0	2	17
A_PA	461	2	N	0	0	2	23.5
A_PA	462	2	N	0	0	2	17.5
A_PA	463	2	N	0	0	2	17.5
A_PA	464	2	N	0	0	2	17.5
A_PA	465	2	N	0	0	2	16
A_PA	466	2	N	0	0	2	15.5
A_PA	467	1	N	1	0	1	18
A_PA	468	1	N	1	0	1	18
A_PA	469	1	N	1	0	1	12
A_PA	470	2	N	0	0	2	18
A_PA	471	2	N	0	0	1	14
A_PA	472	2	N	0	0	2	14
A_PA	473	2	N	0	0	2	15
A_PA	474	2	N	0	0	2	16
A_PA	475	2	N	0	0	1	18
A_PA	476	2	N	0	0	2	18.5
A_PA	477	2	N	0	0	2	20.5
A_PA	478	2	N	0	0	2	23.5
A_PA	479	2	N	0	0	2	21
A_PA	480	1	N	1	0	1	20
A_PA	481	1	N	1	0	1	20
A_PA	482	2	N	0	0	2	19
A_PA	483	2	N	0	0	2	14.5
A_PA	484	2	N	0	0	2	15
A_PA	485	2	N	0	0	1	6
A_PA	486	2	N	0	0	2	14
A_PA	487	2	N	0	0	2	13
A_PA	488	2	N	0	0	2	14
A_PA	489	2	N	0	0	2	18
A_PA	490	2	N	0	0	2	19.5
A_PA	491	2	N	0	0	2	19.5
A_PA	492	2	N	0	0	2	9.5
A_PA	493	2	N	0	0	2	9
A_PA	494	2	N	0	0	2	10
A_PA	495	2	N	0	0	2	8.5
A_PA	496	1	N	1	0	1	11
A_PA	497	1	N	1	0	1	90
A_PA	498	1	N	1	0	1	90
A_PA	499	2	N	0	0	2	12.5
A_PA	500	2	N	0	0	2	13
A_PA	501	2	N	0	0	2	13.5
A_PA	502	2	N	0	0	1	21
A_PA	503	2	N	0	0	1	21
A_PA	504	2	N	0	0	2	17
A_PA	505	2	N	0	0	2	16.5
A_PA	506	2	N	0	0	2	18.5
A_PA	507	2	N	0	0	2	24.5
A_PA	508	2	N	0	0	2	16
A_PA	509	2	N	0	0	2	21
A_PA	510	2	N	0	0	2	20
A_PA	511	2	N	0	0	2	16.5
A_PA	512	2	N	0	0	2	20
A_PA	513	2	N	0	0	2	22
A_PA	514	2	N	0	0	2	22.5
A_PA	515	2	N	0	0	2	60
A_PA	516	2	N	0	0	2	33
A_PA	517	2	N	0	0	2	27
A_PA	518	2	N	0	0	2	24.5
A_PA	519	2	N	0	0	2	24.5
A_PA	520	2	N	0	0	2	24.5
A_PA	521	2	N	0	0	2	25
A_PA	522	2	N	0	0	2	23.5
A_PA	523	2	N	0	0	2	24
A_PA	524	2	N	0	0	2	23.5
A_PA	525	2	N	0	0	2	23.5
A_PA	526	2	N	0	0	2	26
A_PA	527	2	N	0	0	2	28
A_PA	528	2	N	0	0	2	31
A_PA	529	2	N	0	0	2	29.5
A_PA	530	2	N	0	0	2	29
A_PA	531	2	N	0	0	2	28.5
A_PA	532	2	N	0	0	2	28
A_PA	533	2	N	0	0	2	29.5
A_PA	534	2	N	0	0	2	25.5
A_PA	535	2	N	0	0	2	23
A_PA	536	2	N	0	0	2	22.5
A_PA	537	2	N	0	0	2	22.5
A_PA	538	2	N	0	0	2	21
A_PA	539	2	N	0	0	2	22
A_PA	540	2	N	0	0	2	13.5
A_PA	541	2	N	0	0	2	17
A_PA	542	2	N	0	0	2	23
A_PA	543	2	N	0	0	2	29.5
A_PA	544	2	N	0	0	2	24
A_PA	545	2	N	0	0	2	31
A_PA	546	2	N	0	0	2	27.5
A_PA	547	2	N	0	0	2	26
A_PA	548	2	N	0	0	2	17
A_PA	549	2	N	0	0	2	15.5
A_PA	550	2	N	0	0	2	16
A_PA	551	2	N	0	0	2	18
A_PA	552	1	N	1	0	1	25
A_PA	553	2	N	0	0	2	16
A_PA	554	2	N	0	0	2	8.5
A_PA	555	2	N	0	0	2	10.5
A_PA	556	2	N	0	0	2	24
A_PA	557	2	N	0	0	2	14.5
A_PA	558	2	N	0	0	2	8
A_PA	559	1	N	1	0	1	8
A_PA	560	2	N	0	0	2	10.5
A_PA	561	2	N	0	0	2	18.5
A_PA	562	1	N	1	0	1	26
A_PA	563	2	N	0	0	2	15.5
A_PA	564	2	N	0	0	2	16.5
A_PA	565	2	N	0	0	2	15.5
A_PA	566	1	N	1	0	1	7
A_PA	567	2	N	0	0	2	16
A_PA	568	2	N	0	0	2	16
A_PA	569	2	N	0	0	2	17.5
A_PA	570	2	N	0	0	2	8
A_PA	571	2	N	0	0	2	7
A_PA	572	2	N	0	0	2	18.5
A_PA	573	2	N	0	0	2	21
A_PA	574	2	N	0	0	2	18
A_PA	575	2	N	0	0	2	19.5
A_PA	576	2	N	0	0	2	25.5
A_PA	577	2	N	0	0	2	20
A_PA	578	2	N	0	0	2	20
A_PA	579	2	N	0	0	2	22.5
A_PA	580	2	N	0	0	2	24.5
A_PA	581	2	N	0	0	2	19.5
A_PA	582	1	N	1	0	1	23
A_PA	583	1	N	1	0	1	10
A_PA	584	1	N	1	0	1	9
A_PA	585	2	N	0	0	2	8.5
A_PA	586	2	N	0	0	2	8
A_PA	587	2	N	0	0	2	48
A_PA	588	2	N	0	0	2	90
A_PA	589	2	N	0	0	2	18
A_PA	590	2	N	0	0	2	19
A_PA	591	2	N	0	0	2	20
A_PA	592	2	N	0	0	2	22.5
A_PA	593	2	N	0	0	2	24
A_PA	594	2	N	0	0	2	29.5
A_PA	595	2	N	0	0	2	32.5
A_PA	596	2	N	0	0	2	29.5
A_PA	597	2	N	0	0	2	90
A_PA	598	2	N	0	0	2	24
A_PA	599	2	N	0	0	2	24
A_PA	600	2	N	0	0	2	29
A_PA	601	2	N	0	0	2	28.5
A_PA	602	2	N	0	0	2	30
A_PA	603	2	N	0	0	2	31
A_PA	604	2	N	0	0	2	33
A_PA	605	2	N	0	0	2	33.5
A_PA	606	2	N	0	0	2	23
A_PA	607	2	N	0	0	2	28.5
A_PA	608	2	N	0	0	2	26
A_PA	609	2	N	0	0	2	24
A_PA	610	2	N	0	0	2	29.5
A_PA	611	2	N	0	0	2	29.5
A_PA	612	2	N	0	0	2	29.5
A_PA	613	2	N	0	0	2	30.5
A_PA	614	2	N	0	0	2	27.5
A_PA	615	2	N	0	0	2	17.5
A_PA	616	2	N	0	0	2	18
A_PA	617	2	N	0	0	2	21
A_PA	618	2	N	0	0	2	22.5
A_PA	619	2	N	0	0	2	26.5
A_PA	620	2	N	0	0	2	29.5
A_PA	621	2	N	0	0	2	26.5
A_PA	622	2	N	0	0	2	25.5
A_PA	623	2	N	0	0	2	26.5
A_PA	624	2	N	0	0	2	25.5
A_PA	625	2	N	0	0	2	22
A_PA	626	2	N	0	0	2	22
A_PA	627	2	N	0	0	2	27.5
A_PA	628	2	N	0	0	2	24.5
A_PA	629	2	N	0	0	2	28
A_PA	630	2	N	0	0	2	28.5
A_PA	631	2	N	0	0	2	27
A_PA	632	2	N	0	0	2	29
A_PA	633	2	N	0	0	2	27
A_PA	634	2	N	0	0	2	25
A_PA	635	2	N	0	0	2	25
A_PA	636	2	N	0	0	2	22
A_PA	637	2	N	0	0	2	21.5
A_PA	638	2	N	0	0	2	21
A_PA	639	2	N	0	0	2	21
A_PA	640	2	N	0	0	2	22.5
A_PA	641	2	N	0	0	2	25.5
A_PA	642	2	N	0	0	2	28
A_PA	643	2	N	0	0	2	31
A_PA	644	2	N	0	0	2	28.5
A_PA	645	2	N	0	0	2	27
A_PA	646	2	N	0	0	2	21.5
A_PA	647	2	N	0	0	2	20.5
A_PA	648	2	N	0	0	2	19
A_PA	649	2	N	0	0	2	17
A_PA	650	2	N	0	0	2	21.5
A_PA	651	2	N	0	0	2	21.5
A_PA	652	2	N	0	0	2	23
A_PA	653	2	N	0	0	2	26
A_PA	654	2	N	0	0	2	26.5
A_PA	655	2	N	0	0	2	27
A_PA	656	2	N	0	0	2	28
A_PA	657	2	N	0	0	2	25
A_PA	658	2	N	0	0	2	22.5
A_PA	659	2	N	0	0	2	21
A_PA	660	2	N	0	0	2	19
A_PA	661	2	N	0	0	2	18.5
A_PA	662	2	N	0	0	2	20
A_PA	663	2	N	0	0	2	23
A_PA	664	2	N	0	0	2	23.5
A_PA	665	2	N	0	0	2	28.5
A_PA	666	2	N	0	0	2	27
A_PA	667	2	N	0	0	2	25
A_PA	668	2	N	0	0	2	25.5
A_PA	669	2	N	0	0	2	23.5
A_PA	670	2	N	0	0	2	23
A_PA	671	2	N	0	0	2	15
A_PA	672	2	N	0	0	2	14
A_PA	673	2	N	0	0	2	17.5
A_PA	674	2	N	0	0	2	21.5
A_PA	675	2	N	0	0	2	22
A_PA	676	2	N	0	0	2	23
A_PA	677	2	N	0	0	2	23.5
A_PA	678	2	N	0	0	2	26.5
A_PA	679	2	N	0	0	2	28
A_PA	680	2	N	0	0	2	27
A_PA	681	2	N	0	0	2	34
A_PA	682	2	N	0	0	2	30.5
A_PA	683	2	N	0	0	2	29.5
A_PA	684	2	N	0	0	2	29
A_PA	685	2	N	0	0	2	29
A_PA	686	2	N	0	0	2	31.5
A_PA	687	2	N	0	0	2	28.5
A_PA	688	2	N	0	0	2	27
A_PA	689	2	N	0	0	2	27
A_PA	690	2	N	0	0	2	27.5
A_PA	691	2	N	0	0	2	27
A_PA	692	2	N	0	0	2	26.5
A_PA	693	2	N	0	0	2	25.5
A_PA	694	2	N	0	0	2	22.5
A_PA	695	2	N	0	0	1	14
A_PA	696	2	N	0	0	2	22
A_PA	697	2	N	0	0	2	17
A_PA	698	2	N	0	0	2	16.5
A_PA	699	2	N	0	0	2	21.5
A_PA	700	2	N	0	0	2	24.5
A_PA	701	2	N	0	0	2	28.5
A_PA	702	2	N	0	0	2	30
A_PA	703	2	N	0	0	2	27.5
A_PA	704	2	N	0	0	2	27.5
A_PA	705	2	N	0	0	2	28.5
A_PA	706	2	N	0	0	2	29
A_PA	707	2	N	0	0	2	29
A_PA	708	2	N	0	0	2	24.5
A_PA	709	2	N	0	0	2	23
A_PA	710	2	N	0	0	2	23
A_PA	711	2	N	0	0	2	23.5
A_PA	712	2	N	0	0	2	23.5
A_PA	713	2	N	0	0	2	22.5
A_PA	714	2	N	0	0	2	24
A_PA	715	2	N	0	0	2	27
A_PA	716	2	N	0	0	2	30.5
A_PA	717	2	N	0	0	1	23
A_PA	718	2	N	0	0	2	16.5
A_PA	719	2	N	0	0	2	16.5
A_PA	720	2	N	0	0	2	19
A_PA	721	2	N	0	0	2	23.5
A_PA	722	2	N	0	0	2	25
A_PA	723	2	N	0	0	2	21.5
A_PA	724	2	N	0	0	2	22
A_PA	725	2	N	0	0	2	22.5
A_PA	726	2	N	0	0	2	15.5
A_PA	727	2	N	0	0	2	16
A_PA	728	2	N	0	0	2	17.5
A_PA	729	2	N	0	0	2	21
A_PA	730	2	N	0	0	2	20
A_PA	731	2	N	0	0	2	19.5
A_PA	732	2	N	0	0	2	20
A_PA	733	2	N	0	0	2	22.5
A_PA	734	2	N	0	0	2	27
A_PA	735	2	N	0	0	2	30
A_PA	736	2	N	0	0	2	29.5
A_PA	737	2	N	0	0	2	28.5
A_PA	738	2	N	0	0	2	32
A_PA	739	2	N	0	0	2	33
A_PA	740	2	N	0	0	2	28
A_PA	741	2	N	0	0	2	29
A_PA	742	2	N	0	0	2	27
A_PA	743	2	N	0	0	2	28.5
A_PA	744	2	N	0	0	2	32
A_PA	745	2	N	0	0	2	31.5
A_PA	746	2	N	0	0	2	32
A_PA	747	2	N	0	0	2	30
A_PA	748	2	N	0	0	2	30
A_PA	749	2	N	0	0	2	23
A_PA	750	2	N	0	0	2	22.5
A_PA	751	2	N	0	0	2	23.5
A_PA	752	2	N	0	0	2	23.5
A_PA	753	1	N	1	0	1	21
A_PA	754	2	N	0	0	2	20
A_PA	755	2	N	0	0	2	16
A_PA	756	2	N	0	0	2	16.5
A_PA	757	2	N	0	0	2	21
A_PA	758	2	N	0	0	2	23
A_PA	759	2	N	0	0	2	24.5
A_PA	760	2	N	0	0	2	26
A_PA	761	2	N	0	0	2	26
A_PA	762	2	N	0	0	2	25
A_PA	763	2	N	0	0	2	27.5
A_PA	764	2	N	0	0	2	26.5
A_PA	765	2	N	0	0	2	22
A_PA	766	2	N	0	0	2	14.5
A_PA	767	2	N	0	0	1	7
A_PA	768	2	N	0	0	2	14
A_PA	769	2	N	0	0	1	21
A_PA	770	2	N	0	0	2	17.5
A_PA	771	2	N	0	0	2	18
A_PA	772	2	N	0	0	2	19
A_PA	773	2	N	0	0	2	26.5
A_PA	774	2	N	0	0	2	25.5
A_PA	775	2	N	0	0	2	26.5
A_PA	776	2	N	0	0	2	26.5
A_PA	777	2	N	0	0	2	27.5
A_PA	778	2	N	0	0	2	30
A_PA	779	2	N	0	0	2	32
A_PA	780	2	N	0	0	2	32.5
A_PA	781	2	N	0	0	2	23
A_PA	782	2	N	0	0	2	22
A_PA	783	2	N	0	0	2	18.5
A_PA	784	2	N	0	0	2	11.5
A_PA	785	2	N	0	0	2	15.5
A_PA	786	2	N	0	0	2	14.5
A_PA	787	2	N	0	0	2	13.5
A_PA	788	2	N	0	0	2	16
A_PA	789	2	N	0	0	2	19.5
A_PA	790	2	N	0	0	2	20.5
A_PA	791	2	N	0	0	2	24
A_PA	792	2	N	0	0	2	23
A_PA	793	2	N	0	0	2	17.5
A_PA	794	2	N	0	0	2	20
A_PA	795	2	N	0	0	2	19.5
A_PA	796	2	N	0	0	2	18.5
A_PA	797	2	N	0	0	2	21.5
A_PA	798	2	N	0	0	2	24.5
A_PA	799	2	N	0	0	2	23.5
A_PA	800	2	N	0	0	2	25
A_PA	801	2	N	0	0	2	26.5
A_PA	802	2	N	0	0	2	21.5
A_PA	803	2	N	0	0	2	57.5
A_PA	804	2	N	0	0	2	26
A_PA	805	2	N	0	0	2	23.5
A_PA	806	2	N	0	0	2	26
A_PA	807	2	N	0	0	2	27
A_PA	808	2	N	0	0	2	19.5
A_PA	809	2	N	0	0	2	21
A_PA	810	2	N	0	0	2	22
A_PA	811	2	N	0	0	2	27.5
A_PA	812	2	N	0	0	2	25.5
A_PA	813	2	N	0	0	2	27.5
A_PA	814	2	N	0	0	2	27.5
A_PA	815	2	N	0	0	2	30
A_PA	816	2	N	0	0	2	30
A_PA	817	2	N	0	0	2	26.5
A_PA	818	2	N	0	0	2	24
A_PA	819	2	N	0	0	2	24
A_PA	820	2	N	0	0	2	22
A_PA	821	2	N	0	0	2	22
A_PA	822	2	N	0	0	2	23.5
A_PA	823	2	N	0	0	2	23.5
A_PA	824	2	N	0	0	2	8
A_PA	825	2	N	0	0	2	21
A_PA	826	2	N	0	0	2	22.5
A_PA	827	2	N	0	0	2	23
A_PA	828	2	N	0	0	2	20.5
A_PA	829	2	N	0	0	2	24
A_PA	830	2	N	0	0	2	23.5
A_PA	831	2	N	0	0	2	24
A_PA	832	2	N	0	0	2	25
A_PA	833	2	N	0	0	2	24
A_PA	834	2	N	0	0	2	23.5
A_PA	835	2	N	0	0	2	24
A_PA	836	2	N	0	0	2	26.5
A_PA	837	2	N	0	0	2	25.5
A_PA	838	2	N	0	0	1	15
A_PA	839	2	N	0	0	2	10.5
A_PA	840	2	N	0	0	2	9.5
A_PA	841	2	N	0	0	2	16.5
A_PA	842	2	N	0	0	2	23.5
A_PA	843	2	N	0	0	2	26.5
A_PA	844	2	N	0	0	2	27.5
A_PA	845	2	N	0	0	2	28
A_PA	846	2	N	0	0	2	27
A_PA	847	2	N	0	0	2	18
A_PA	848	2	N	0	0	2	19
A_PA	849	2	N	0	0	2	19
A_PA	850	2	N	0	0	2	19
A_PA	851	2	N	0	0	2	19
A_PA	852	2	N	0	0	2	20
A_PA	853	2	N	0	0	2	20.5
A_PA	854	2	N	0	0	2	19.5
A_PA	855	2	N	0	0	2	19.5
A_PA	856	2	N	0	0	2	18
A_PA	857	1	N	1	0	1	20
A_PA	858	1	N	1	0	1	10
A_PA	859	2	N	0	0	1	7
A_PA	860	2	N	0	0	2	7.5
A_PA	861	2	N	0	0	1	8
A_PA	862	2	N	0	0	2	10.5
A_PA	863	2	N	0	0	2	10
A_PA	864	2	N	0	0	2	10
A_PA	865	2	N	0	0	2	13
A_PA	866	2	N	0	0	2	17.5
A_PA	867	2	N	0	0	2	20
A_PA	868	2	N	0	0	2	26.5
A_PA	869	2	N	0	0	2	27
A_PA	870	2	N	0	0	2	27
A_PA	871	2	N	0	0	2	27
A_PA	872	2	N	0	0	2	27.5
A_PA	873	2	N	0	0	2	29.5
A_PA	874	2	N	0	0	2	30
A_PA	875	2	N	0	0	2	23
A_PA	876	2	N	0	0	2	21.5
A_PA	877	2	N	0	0	2	21
A_PA	878	2	N	0	0	2	21.5
A_PA	879	2	N	0	0	2	22.5
A_PA	880	1	N	1	0	1	26
A_PA	881	2	N	0	0	2	20
A_PA	882	2	N	0	0	2	15
A_PA	883	2	N	0	0	2	14
A_PA	884	2	N	0	0	2	14
A_PA	885	2	N	0	0	2	16
A_PA	886	2	N	0	0	1	26
A_PA	887	2	N	0	0	2	16.5
A_PA	888	2	N	0	0	2	15
A_PA	889	2	N	0	0	2	15.5
A_PA	890	2	N	0	0	2	22
A_PA	891	2	N	0	0	2	23
A_PA	892	1	N	1	0	1	21
A_PA	893	2	N	0	0	2	19.5
A_PA	894	2	N	0	0	2	20.5
A_PA	895	2	N	0	0	2	13
A_PA	896	2	N	0	0	2	15.5
A_PA	897	2	N	0	0	2	21.5
A_PA	898	2	N	0	0	2	17
A_PA	899	2	N	0	0	2	21.5
A_PA	900	2	N	0	0	2	22
A_PA	901	2	N	0	0	2	25.5
A_PA	902	2	N	0	0	2	28.5
A_PA	903	2	N	0	0	2	28.5
A_PA	904	2	N	0	0	2	28
A_PA	905	2	N	0	0	2	26.5
A_PA	906	2	N	0	0	2	25
A_PA	907	2	N	0	0	2	25
A_PA	908	2	N	0	0	2	25
A_PA	909	2	N	0	0	2	25.5
A_PA	910	2	N	0	0	2	24
A_PA	911	2	N	0	0	2	17.5
A_PA	912	2	N	0	0	2	16.5
A_PA	913	2	N	0	0	2	16
A_PA	914	2	N	0	0	2	17.5
A_PA	915	2	N	0	0	2	18
A_PA	916	2	N	0	0	2	19
A_PA	917	2	N	0	0	2	18
A_PA	918	2	N	0	0	2	20.5
A_PA	919	2	N	0	0	2	20.5
A_PA	920	2	N	0	0	2	25
A_PA	921	2	N	0	0	2	28
A_PA	922	2	N	0	0	2	30
A_PA	923	2	N	0	0	2	30
A_PA	924	2	N	0	0	2	28.5
A_PA	925	2	N	0	0	2	29
A_PA	926	2	N	0	0	2	29.5
A_PA	927	2	N	0	0	2	26.5
A_PA	928	2	N	0	0	2	19
A_PA	929	2	N	0	0	2	15
A_PA	930	2	N	0	0	2	14.5
A_PA	931	2	N	0	0	2	14
A_PA	932	2	N	0	0	2	8
A_PA	933	2	N	0	0	2	6.5
A_PA	934	2	N	0	0	2	6
A_PA	935	2	N	0	0	2	4
A_PA	936	2	N	0	0	2	4
A_PA	937	1	N	1	0	1	5
A_PA	938	2	N	0	0	2	7
A_PA	939	2	N	0	0	2	11
A_PA	940	2	N	0	0	2	21.5
A_PA	941	2	N	0	0	2	26.5
A_PA	942	2	N	0	0	2	25.5
A_PA	943	2	N	0	0	2	19
A_PA	944	2	N	0	0	2	18
A_PA	945	2	N	0	0	2	17.5
A_PA	946	2	N	0	0	2	18
A_PA	947	1	N	1	0	1	29
A_PA	948	2	N	0	0	2	17.5
A_PA	949	2	N	0	0	2	14
A_PA	950	2	N	0	0	2	15
A_PA	951	2	N	0	0	1	17
A_PA	952	2	N	0	0	2	14
A_PA	953	2	N	0	0	2	9.5
A_PA	954	2	N	0	0	2	9
A_PA	955	2	N	0	0	2	9.5
A_PA	956	2	N	0	0	2	10
A_PA	957	2	N	0	0	2	15.5
A_PA	958	2	N	0	0	2	23.5
A_PA	959	2	N	0	0	2	20
A_PA	960	2	N	0	0	2	19.5
A_PA	961	2	N	0	0	2	18.5
A_PA	962	2	N	0	0	2	18.5
A_PA	963	2	N	0	0	2	23.5
A_PA	964	2	N	0	0	2	21
A_PA	965	2	N	0	0	2	22
A_PA	966	2	N	0	0	2	25.5
A_PA	967	2	N	0	0	2	25.5
A_PA	968	2	N	0	0	2	18
A_PA	969	2	N	0	0	2	19.5
A_PA	970	2	N	0	0	2	20
A_PA	971	2	N	0	0	2	18
A_PA	972	2	N	0	0	2	19.5
A_PA	973	2	N	0	0	2	23
A_PA	974	2	N	0	0	2	24
A_PA	975	2	N	0	0	2	24.5
A_PA	976	1	N	1	0	1	31
A_PA	977	1	N	1	0	1	31
A_PA	978	2	N	0	0	2	18.5
A_PA	979	2	N	0	0	2	18
A_PA	980	2	N	0	0	2	16
A_PA	981	2	N	0	0	2	17.5
A_PA	982	2	N	0	0	2	22
A_PA	983	2	N	0	0	2	20.5
A_PA	984	2	N	0	0	2	20.5
A_PA	985	2	N	0	0	1	21
A_PA	986	2	N	0	0	1	20
A_PA	987	2	N	0	0	2	14
A_PA	988	2	N	0	0	2	13
A_PA	989	2	N	0	0	2	13.5
A_PA	990	2	N	0	0	2	18.5
A_PA	991	2	N	0	0	2	13.5
A_PA	992	2	N	0	0	2	9.5
A_PA	993	2	N	0	0	2	14.5
A_PA	994	2	N	0	0	2	17.5
A_PA	995	2	N	0	0	2	20
A_PA	996	2	N	0	0	2	20
A_PA	997	2	N	0	0	2	20.5
A_PA	998	2	N	0	0	2	16
A_PA	999	2	N	0	0	2	20
A_PA	1000	2	N	0	0	2	22.5
A_PA	1001	2	N	0	0	2	24.5
A_PA	1002	2	N	0	0	2	25
A_PA	1003	2	N	0	0	2	23
A_PA	1004	2	N	0	0	2	15.5
A_PA	1005	2	N	0	0	2	19
A_PA	1006	2	N	0	0	2	21
A_PA	1007	2	N	0	0	2	22.5
A_PA	1008	2	N	0	0	2	22.5
A_PA	1009	2	N	0	0	2	25
A_PA	1010	2	N	0	0	2	24
A_PA	1011	2	N	0	0	2	23
A_PA	1012	2	N	0	0	2	19
A_PA	1013	2	N	0	0	2	22
A_PA	1014	2	N	0	0	2	17
A_PA	1015	2	N	0	0	2	17
A_PA	1016	2	N	0	0	2	11.5
A_PA	1017	2	N	0	0	2	10.5
A_PA	1018	2	N	0	0	2	9
A_PA	1019	2	N	0	0	2	10
A_PA	1020	2	N	0	0	2	14.5
A_PA	1021	2	N	0	0	2	17
A_PA	1022	2	N	0	0	2	22.5
A_PA	1023	2	N	0	0	2	22.5
A_PA	1024	2	N	0	0	2	22
A_PA	1025	2	N	0	0	2	26
A_PA	1026	2	N	0	0	2	21
A_PA	1027	2	N	0	0	2	12
A_PA	1028	2	N	0	0	2	12
A_PA	1029	2	N	0	0	2	16.5
A_PA	1030	2	N	0	0	2	16.5
A_PA	1031	2	N	0	0	2	17
A_PA	1032	2	N	0	0	2	15.5
A_PA	1033	2	N	0	0	2	14.5
A_PA	1034	2	N	0	0	2	6
A_PA	1035	2	N	0	0	2	6
A_PA	1036	2	N	0	0	2	10
A_PA	1037	2	N	0	0	2	14.5
A_PA	1038	2	N	0	0	2	20
A_PA	1039	2	N	0	0	2	20
A_PA	1040	2	N	0	0	2	24.5
A_PA	1041	2	N	0	0	2	26.5
A_PA	1042	2	N	0	0	2	28
A_PA	1043	2	N	0	0	2	29.5
A_PA	1044	2	N	0	0	2	28
A_PA	1045	2	N	0	0	2	32.5
A_PA	1046	2	N	0	0	2	32
A_PA	1047	2	N	0	0	2	28.5
A_PA	1048	2	N	0	0	2	23
A_PA	1049	2	N	0	0	2	22
A_PA	1050	2	N	0	0	2	17
A_PA	1051	2	N	0	0	2	16.5
A_PA	1052	2	N	0	0	2	11
A_PA	1053	2	N	0	0	2	12
A_PA	1054	2	N	0	0	2	14
A_PA	1055	2	N	0	0	2	16
A_PA	1056	2	N	0	0	2	18
A_PA	1057	2	N	0	0	2	22.5
A_PA	1058	2	N	0	0	2	25
A_PA	1059	2	N	0	0	2	17.5
A_PA	1060	1	N	1	0	1	26
A_PA	1061	2	N	0	0	2	18.5
A_PA	1062	2	N	0	0	2	21
A_PA	1063	2	N	0	0	2	29.5
A_PA	1064	2	N	0	0	2	29
A_PA	1065	2	N	0	0	2	30.5
A_PA	1066	2	N	0	0	2	27
A_PA	1067	2	N	0	0	2	28.5
A_PA	1068	2	N	0	0	2	25
A_PA	1069	2	N	0	0	2	31.5
A_PA	1070	2	N	0	0	2	30
A_PA	1071	2	N	0	0	2	30.5
A_PA	1072	2	N	0	0	2	30
A_PA	1073	2	N	0	0	2	31
A_PA	1074	2	N	0	0	2	30
A_PA	1075	2	N	0	0	2	26.5
A_PA	1076	2	N	0	0	2	23
A_PA	1077	2	N	0	0	2	32.5
A_PA	1078	2	N	0	0	2	27.5
A_PA	1079	2	N	0	0	2	30
A_PA	1080	2	N	0	0	2	31.5
A_PA	1081	2	N	0	0	2	34
A_PA	1082	2	N	0	0	2	36
A_PA	1083	2	N	0	0	2	30
A_PA	1084	2	N	0	0	2	28
A_PA	1085	2	N	0	0	2	28
A_PA	1086	2	N	0	0	2	29
A_PA	1087	2	N	0	0	2	29
A_PA	1088	2	N	0	0	2	28
A_PA	1089	2	N	0	0	2	28.5
A_PA	1090	2	N	0	0	2	25
A_PA	1091	2	N	0	0	2	25
A_PA	1092	2	N	0	0	2	25.5
A_PA	1093	2	N	0	0	2	24
A_PA	1094	2	N	0	0	1	24
A_PA	1095	2	N	0	0	2	24
A_PA	1096	2	N	0	0	2	21
A_PA	1097	2	N	0	0	2	21.5
A_PA	1098	2	N	0	0	2	22
A_PA	1099	2	N	0	0	2	21.5
A_PA	1100	2	N	0	0	2	20.5
A_PA	1101	2	N	0	0	2	21
A_PA	1102	2	N	0	0	2	21
A_PA	1103	2	N	0	0	2	21
A_PA	1104	2	N	0	0	2	23
A_PA	1105	2	N	0	0	2	24
A_PA	1106	2	N	0	0	2	24.5
A_PA	1107	2	N	0	0	2	15.5
A_PA	1108	2	N	0	0	2	15.5
A_PA	1109	2	N	0	0	2	17.5
A_PA	1110	2	N	0	0	2	25
A_PA	1111	2	N	0	0	2	26
A_PA	1112	2	N	0	0	2	23.5
A_PA	1113	2	N	0	0	2	23.5
A_PA	1114	2	N	0	0	2	26
A_PA	1115	2	N	0	0	2	24
A_PA	1116	2	N	0	0	2	24
A_PA	1117	2	N	0	0	2	19.5
A_PA	1118	2	N	0	0	2	19
A_PA	1119	2	N	0	0	2	20
A_PA	1120	2	N	0	0	2	22
A_PA	1121	1	N	1	0	1	25
A_PA	1122	2	N	0	0	2	23
A_PA	1123	2	N	0	0	2	12.5
A_PA	1124	2	N	0	0	2	13
A_PA	1125	2	N	0	0	2	20.5
A_PA	1126	2	N	0	0	2	29.5
A_PA	1127	2	N	0	0	2	30.5
A_PA	1128	2	N	0	0	2	29.5
A_PA	1129	2	N	0	0	2	30
A_PA	1130	2	N	0	0	2	29
A_PA	1131	2	N	0	0	2	25.5
A_PA	1132	2	N	0	0	2	24.5
A_PA	1133	2	N	0	0	2	25.5
A_PA	1134	2	N	0	0	2	27
A_PA	1135	2	N	0	0	2	27.5
A_PA	1136	2	N	0	0	2	27.5
A_PA	1137	2	N	0	0	2	29
A_PA	1138	2	N	0	0	2	26
A_PA	1139	2	N	0	0	2	28
A_PA	1140	2	N	0	0	2	23.5
A_PA	1141	2	N	0	0	2	22
A_PA	1142	2	N	0	0	2	21
A_PA	1143	2	N	0	0	2	22
A_PA	1144	2	N	0	0	2	25
A_PA	1145	2	N	0	0	2	27
A_PA	1146	2	N	0	0	2	23.5
A_PA	1147	2	N	0	0	2	23.5
A_PA	1148	1	N	1	0	1	20
A_PA	1149	2	N	0	0	2	23
A_PA	1150	2	N	0	0	2	29
A_PA	1151	2	N	0	0	2	21.5
A_PA	1152	2	N	0	0	2	24.5
A_PA	1153	2	N	0	0	2	24
A_PA	1154	2	N	0	0	2	22.5
A_PA	1155	2	N	0	0	2	24.5
A_PA	1156	2	N	0	0	2	25
A_PA	1157	2	N	0	0	2	24
A_PA	1158	2	N	0	0	2	24.5
A_PA	1159	2	N	0	0	2	22
A_PA	1160	2	N	0	0	2	20.5
A_PA	1161	2	N	0	0	2	20
A_PA	1162	2	N	0	0	2	20.5
A_PA	1163	2	N	0	0	2	24.5
A_PA	1164	2	N	0	0	2	19.5
A_PA	1165	2	N	0	0	2	21.5
A_PA	1166	2	N	0	0	2	22.5
A_PA	1167	2	N	0	0	2	17
A_PA	1168	2	N	0	0	2	17.5
A_PA	1169	2	N	0	0	2	18.5
A_PA	1170	2	N	0	0	2	16.5
A_PA	1171	2	N	0	0	2	17.5
A_PA	1172	2	N	0	0	2	16
A_PA	1173	1	N	1	0	1	27
A_PA	1174	1	N	1	0	1	29
A_PA	1175	1	N	1	0	1	29
A_PA	1176	1	N	1	0	1	29
A_PA	1177	1	N	1	0	1	30
A_PA	1178	2	N	0	0	1	5
A_PA	1179	2	N	0	0	2	9.5
A_PA	1180	2	N	0	0	2	9.5
A_PA	1181	2	N	0	0	2	10.5
A_PA	1182	2	N	0	0	2	17.5
A_PA	1183	2	N	0	0	2	18.5
A_PA	1184	2	N	0	0	2	12.5
A_PA	1185	2	N	0	0	2	12.5
A_PA	1186	2	N	0	0	2	12.5
A_PA	1187	2	N	0	0	2	12.5
A_PA	1188	2	N	0	0	2	9.5
A_PA	1189	2	N	0	0	2	12
A_PA	1190	1	N	1	0	1	7
A_PA	1191	2	N	0	0	2	7
A_PA	1192	2	N	0	0	2	7
A_PA	1193	2	N	0	0	2	8.5
A_PA	1194	2	N	0	0	2	11.5
A_PA	1195	2	N	0	0	2	23.5
A_PA	1196	2	N	0	0	2	25
A_PA	1197	2	N	0	0	2	25.5
A_PA	1198	2	N	0	0	2	26
A_PA	1199	2	N	0	0	2	25
A_PA	1200	2	N	0	0	2	26.5
A_PA	1201	2	N	0	0	2	22
A_PA	1202	2	N	0	0	2	21
A_PA	1203	2	N	0	0	2	19.5
A_PA	1204	2	N	0	0	2	22.5
A_PA	1205	2	N	0	0	2	24.5
A_PA	1206	2	N	0	0	2	30.5
A_PA	1207	2	N	0	0	2	32
A_PA	1208	2	N	0	0	2	29.5
A_PA	1209	2	N	0	0	2	26.5
A_PA	1210	2	N	0	0	2	30
A_PA	1211	2	N	0	0	2	29.5
A_PA	1212	2	N	0	0	2	28.5
A_PA	1213	2	N	0	0	2	27.5
A_PA	1214	2	N	0	0	2	26.5
A_PA	1215	2	N	0	0	2	23.5
A_PA	1216	2	N	0	0	2	24.5
A_PA	1217	2	N	0	0	2	26
A_PA	1218	2	N	0	0	2	17
A_PA	1219	2	N	0	0	2	10
A_PA	1220	2	N	0	0	2	8.5
A_PA	1221	2	N	0	0	2	8
A_PA	1222	2	N	0	0	2	10
A_PA	1223	2	N	0	0	2	12
A_PA	1224	2	N	0	0	2	17
A_PA	1225	2	N	0	0	2	17.5
A_PA	1226	2	N	0	0	2	18
A_PA	1227	2	N	0	0	2	19
A_PA	1228	2	N	0	0	2	20
A_PA	1229	2	N	0	0	2	15.5
A_PA	1230	2	N	0	0	2	16
A_PA	1231	2	N	0	0	2	18
A_PA	1232	2	N	0	0	2	17
A_PA	1233	2	N	0	0	2	15
A_PA	1234	2	N	0	0	2	14.5
A_PA	1235	2	N	0	0	2	15
A_PA	1236	2	N	0	0	2	15.5
A_PA	1237	2	N	0	0	1	22
A_PA	1238	2	N	0	0	2	24.5
A_PA	1239	2	N	0	0	2	26.5
A_PA	1240	2	N	0	0	2	25
A_PA	1241	2	N	0	0	2	12
A_PA	1242	2	N	0	0	2	12
A_PA	1243	2	N	0	0	2	12
A_PA	1244	2	N	0	0	1	6
A_PA	1245	2	N	0	0	2	12
A_PA	1246	2	N	0	0	2	18
A_PA	1247	2	N	0	0	2	20.5
A_PA	1248	2	N	0	0	2	22.5
A_PA	1249	2	N	0	0	2	16.5
A_PA	1250	2	N	0	0	2	15.5
A_PA	1251	2	N	0	0	2	17.5
A_PA	1252	2	N	0	0	2	18
A_PA	1253	2	N	0	0	2	20
A_PA	1254	2	N	0	0	2	20
A_PA	1255	2	N	0	0	1	17
A_PA	1256	2	N	0	0	1	5
A_PA	1257	2	N	0	0	2	7.5
A_PA	1258	2	N	0	0	2	6
A_PA	1259	2	N	0	0	2	7
A_PA	1260	2	N	0	0	2	11
A_PA	1261	2	N	0	0	2	13.5
A_PA	1262	2	N	0	0	2	13
A_PA	1263	2	N	0	0	2	17
A_PA	1264	2	N	0	0	2	17.5
A_PA	1265	2	N	0	0	1	10
A_PA	1266	2	N	0	0	1	8
A_PA	1267	2	N	0	0	2	9
A_PA	1268	2	N	0	0	2	11
A_PA	1269	2	N	0	0	2	11.5
A_PA	1270	2	N	0	0	2	15.5
A_PA	1271	2	N	0	0	2	19
A_PA	1272	2	N	0	0	2	19.5
A_PA	1273	2	N	0	0	2	20
A_PA	1274	2	N	0	0	2	29
A_PA	1275	2	N	0	0	2	28
A_PA	1276	2	N	0	0	2	28
A_PA	1277	2	N	0	0	2	27.5
A_PA	1278	2	N	0	0	2	24
A_PA	1279	2	N	0	0	2	24
A_PA	1280	2	N	0	0	2	18.5
A_PA	1281	2	N	0	0	2	20.5
A_PA	1282	2	N	0	0	2	26.5
A_PA	1283	2	N	0	0	2	25
A_PA	1284	2	N	0	0	2	26
A_PA	1285	2	N	0	0	2	26.5
A_PA	1286	2	N	0	0	2	25.5
A_PA	1287	2	N	0	0	2	28.5
A_PA	1288	2	N	0	0	2	26.5
A_PA	1289	2	N	0	0	2	22
A_PA	1290	2	N	0	0	1	10
A_PA	1291	2	N	0	0	2	18.5
A_PA	1292	2	N	0	0	2	19
A_PA	1293	2	N	0	0	2	18.5
A_PA	1294	2	N	0	0	2	26.5
A_PA	1295	1	N	1	0	1	26
A_PA	1296	2	N	0	0	2	26
A_PA	1297	2	N	0	0	2	22
A_PA	1298	2	N	0	0	2	23.5
A_PA	1299	2	N	0	0	2	30
A_PA	1300	2	N	0	0	2	29
A_PA	1301	2	N	0	0	2	16.5
A_PA	1302	2	N	0	0	2	16
A_PA	1303	2	N	0	0	2	16
A_PA	1304	2	N	0	0	2	16.5
A_PA	1305	2	N	0	0	2	17.5
A_PA	1306	2	N	0	0	2	23
A_PA	1307	2	N	0	0	2	90
A_PA	1308	2	N	0	0	2	26
A_PA	1309	2	N	0	0	2	30
A_PA	1310	2	N	0	0	2	28.5
A_PA	1311	2	N	0	0	2	22
A_PA	1312	2	N	0	0	2	19
A_PA	1313	2	N	0	0	2	18.5
A_PA	1314	2	N	0	0	2	18.5
A_PA	1315	2	N	0	0	2	15.5
A_PA	1316	2	N	0	0	2	18.5
A_PA	1317	2	N	0	0	2	55
A_PA	1318	2	N	0	0	2	52
A_PA	1319	2	N	0	0	2	16.5
A_PA	1320	2	N	0	0	2	15
A_PA	1321	2	N	0	0	2	15
A_PA	1322	2	N	0	0	2	14.5
A_PA	1323	2	N	0	0	2	20
A_PA	1324	2	N	0	0	2	19.5
A_PA	1325	2	N	0	0	2	16.5
A_PA	1326	2	N	0	0	2	19
A_PA	1327	1	N	1	0	1	26
A_PA	1328	1	N	1	0	1	27
A_PA	1329	2	N	0	0	1	14
A_PA	1330	2	N	0	0	2	19.5
A_PA	1331	2	N	0	0	2	21.5
A_PA	1332	2	N	0	0	2	21
A_PA	1333	2	N	0	0	2	25
A_PA	1334	2	N	0	0	2	23.5
A_PA	1335	2	N	0	0	2	22.5
A_PA	1336	2	N	0	0	2	20
A_PA	1337	2	N	0	0	2	18
A_PA	1338	2	N	0	0	2	18.5
A_PA	1339	2	N	0	0	2	17.5
A_PA	1340	2	N	0	0	2	18.5
A_PA	1341	2	N	0	0	2	17.5
A_PA	1342	2	N	0	0	2	20.5
A_PA	1343	2	N	0	0	2	11.5
A_PA	1344	2	N	0	0	2	11.5
A_PA	1345	2	N	0	0	2	13.5
A_PA	1346	2	N	0	0	2	21.5
A_PA	1347	2	N	0	0	2	22.5
A_PA	1348	2	N	0	0	2	27
A_PA	1349	1	N	1	0	1	29
A_PA	1350	1	N	1	0	1	28
A_PA	1351	2	N	0	0	1	25
A_PA	1352	2	N	0	0	2	23
A_PA	1353	2	N	0	0	2	15.5
A_PA	1354	2	N	0	0	2	15
A_PA	1355	2	N	0	0	2	17
A_PA	1356	2	N	0	0	2	15.5
A_PA	1357	2	N	0	0	1	16
A_PA	1358	2	N	0	0	1	13
A_PA	1359	2	N	0	0	1	5
A_PA	1360	2	N	0	0	2	9
A_PA	1361	2	N	0	0	2	13.5
A_PA	1362	2	N	0	0	2	16.5
A_PA	1363	2	N	0	0	2	19
A_PA	1364	2	N	0	0	2	19
A_PA	1365	2	N	0	0	2	19.5
A_PA	1366	2	N	0	0	2	21
A_PA	1367	2	N	0	0	2	21
A_PA	1368	2	N	0	0	2	20
A_PA	1369	2	N	0	0	2	22.5
A_PA	1370	2	N	0	0	2	21.5
A_PA	1371	2	N	0	0	2	22
A_PA	1372	2	N	0	0	2	24.5
A_PA	1373	2	N	0	0	2	27
A_PA	1374	2	N	0	0	2	27
A_PA	1375	2	N	0	0	2	28
A_PA	1376	2	N	0	0	2	28
A_PA	1377	2	N	0	0	2	25.5
A_PA	1378	2	N	0	0	2	23.5
A_PA	1379	2	N	0	0	2	19
A_PA	1380	2	N	0	0	2	12.5
A_PA	1381	2	N	0	0	2	11.5
A_PA	1382	2	N	0	0	2	12.5
A_PA	1383	2	N	0	0	2	12.5
A_PA	1384	2	N	0	0	2	16
A_PA	1385	2	N	0	0	2	19
A_PA	1386	2	N	0	0	2	17.5
A_PA	1387	2	N	0	0	2	16.5
A_PA	1388	2	N	0	0	2	16
A_PA	1389	2	N	0	0	2	16.5
A_PA	1390	2	N	0	0	2	18.5
A_PA	1391	2	N	0	0	2	23
A_PA	1392	2	N	0	0	2	22.5
A_PA	1393	2	N	0	0	2	23
A_PA	1394	2	N	0	0	2	21.5
A_PA	1395	2	N	0	0	2	23.5
A_PA	1396	2	N	0	0	2	24.5
A_PA	1397	2	N	0	0	2	19.5
A_PA	1398	2	N	0	0	2	19
A_PA	1399	2	N	0	0	2	18.5
A_PA	1400	2	N	0	0	2	17
A_PA	1401	2	N	0	0	2	19
A_PA	1402	2	N	0	0	2	18
A_PA	1403	2	N	0	0	2	19
A_PA	1404	2	N	0	0	2	20
A_PA	1405	2	N	0	0	2	24.5
A_PA	1406	2	N	0	0	2	25.5
A_PA	1407	2	N	0	0	2	31
A_PA	1408	2	N	0	0	2	28.5
A_PA	1409	2	N	0	0	2	28
A_PA	1410	2	N	0	0	2	28
A_PA	1411	2	N	0	0	2	28
A_PA	1412	2	N	0	0	2	29
A_PA	1413	2	N	0	0	2	24.5
A_PA	1414	2	N	0	0	2	23
A_PA	1415	2	N	0	0	2	20.5
A_PA	1416	2	N	0	0	2	20
A_PA	1417	2	N	0	0	2	19
A_PA	1418	2	N	0	0	2	20.5
A_PA	1419	2	N	0	0	2	19
A_PA	1420	2	N	0	0	2	19
A_PA	1421	2	N	0	0	2	18.5
A_PA	1422	2	N	0	0	2	18.5
A_PA	1423	2	N	0	0	2	23
A_PA	1424	2	N	0	0	2	24
A_PA	1425	2	N	0	0	2	24.5
A_PA	1426	2	N	0	0	2	20
A_PA	1427	2	N	0	0	2	18
A_PA	1428	2	N	0	0	1	25
A_PA	1429	2	N	0	0	2	17
A_PA	1430	2	N	0	0	2	16
A_PA	1431	2	N	0	0	2	17.5
A_PA	1432	2	N	0	0	2	16
A_PA	1433	2	N	0	0	2	16.5
A_PA	1434	2	N	0	0	2	16
A_PA	1435	2	N	0	0	2	29.5
A_PA	1436	2	N	0	0	2	23
A_PA	1437	2	N	0	0	2	20.5
A_PA	1438	2	N	0	0	2	22
A_PA	1439	2	N	0	0	2	24.5
A_PA	1440	2	N	0	0	2	23.5
A_PA	1441	2	N	0	0	2	23.5
A_PA	1442	2	N	0	0	2	24
A_PA	1443	2	N	0	0	2	25.5
A_PA	1444	2	N	0	0	2	29
A_PA	1445	2	N	0	0	2	28.5
A_PA	1446	2	N	0	0	2	14
A_PA	1447	2	N	0	0	2	20.5
A_PA	1448	2	N	0	0	2	22.5
A_PA	1449	2	N	0	0	2	30.5
A_PA	1450	2	N	0	0	2	26
A_PA	1451	2	N	0	0	2	26
A_PA	1452	2	N	0	0	2	27
A_PA	1453	2	N	0	0	2	27.5
A_PA	1454	2	N	0	0	2	26.5
A_PA	1455	2	N	0	0	2	26
A_PA	1456	2	N	0	0	2	26.5
A_PA	1457	2	N	0	0	2	27.5
A_PA	1458	2	N	0	0	2	27.5
A_PA	1459	2	N	0	0	2	26.5
A_PA	1460	2	N	0	0	2	27
A_PA	1461	2	N	0	0	2	26
A_PA	1462	2	N	0	0	2	25.5
A_PA	1463	2	N	0	0	2	24.5
A_PA	1464	2	N	0	0	2	23
A_PA	1465	2	N	0	0	2	23.5
A_PA	1466	2	N	0	0	2	24
A_PA	1467	2	N	0	0	2	24.5
A_PA	1468	2	N	0	0	2	24.5
A_PA	1469	2	N	0	0	2	27
A_PA	1470	2	N	0	0	2	26
A_PA	1471	2	N	0	0	2	17
A_PA	1472	2	N	0	0	2	19.5
A_PA	1473	2	N	0	0	2	26
A_PA	1474	2	N	0	0	2	25.5
A_PA	1475	2	N	0	0	2	24
A_PA	1476	2	N	0	0	2	21.5
A_PA	1477	2	N	0	0	2	20.5
A_PA	1478	1	N	1	0	1	26
A_PA	1479	1	N	1	0	1	24
A_PA	1480	2	N	0	0	2	17.5
A_PA	1481	2	N	0	0	2	13.5
A_PA	1482	2	N	0	0	2	11.5
A_PA	1483	2	N	0	0	2	13
A_PA	1484	2	N	0	0	2	13
A_PA	1485	2	N	0	0	1	18
A_PA	1486	2	N	0	0	1	8
A_PA	1487	2	N	0	0	2	13.5
A_PA	1488	2	N	0	0	2	13
A_PA	1489	2	N	0	0	2	13.5
A_PA	1490	2	N	0	0	2	17
A_PA	1491	2	N	0	0	2	19.5
A_PA	1492	2	N	0	0	2	19
A_PA	1493	2	N	0	0	2	19.5
A_PA	1494	1	N	1	0	1	31
A_PA	1495	2	N	0	0	1	6
A_PA	1496	2	N	0	0	2	15.5
A_PA	1497	2	N	0	0	1	4
A_PA	1498	2	N	0	0	2	15.5
A_PA	1499	2	N	0	0	2	16.5
A_PA	1500	2	N	0	0	2	17
A_PA	1501	2	N	0	0	2	18
A_PA	1502	2	N	0	0	2	18.5
A_PA	1503	2	N	0	0	2	23
A_PA	1504	2	N	0	0	2	28.5
A_PA	1505	2	N	0	0	2	25.5
A_PA	1506	2	N	0	0	2	25.5
A_PA	1507	2	N	0	0	2	25.5
A_PA	1508	2	N	0	0	2	25.5
A_PA	1509	2	N	0	0	2	31
A_PA	1510	2	N	0	0	2	31.5
A_PA	1511	2	N	0	0	2	32
A_PA	1512	2	N	0	0	2	31.5
A_PA	1513	2	N	0	0	2	27.5
A_PA	1514	2	N	0	0	2	28
A_PA	1515	2	N	0	0	2	26.5
A_PA	1516	2	N	0	0	2	24.5
A_PA	1517	2	N	0	0	2	25.5
A_PA	1518	2	N	0	0	2	22.5
A_PA	1519	2	N	0	0	2	24
A_PA	1520	2	N	0	0	2	21
A_PA	1521	2	N	0	0	2	22
A_PA	1522	2	N	0	0	2	25.5
A_PA	1523	2	N	0	0	2	23.5
A_PA	1524	2	N	0	0	2	24
A_PA	1525	2	N	0	0	2	24
A_PA	1526	2	N	0	0	2	23
A_PA	1527	2	N	0	0	2	23
A_PA	1528	2	N	0	0	2	24
A_PA	1529	2	N	0	0	2	26
A_PA	1530	2	N	0	0	2	26.5
A_PA	1531	2	N	0	0	2	24
A_PA	1532	2	N	0	0	2	22
A_PA	1533	2	N	0	0	2	24.5
A_PA	1534	2	N	0	0	2	27
A_PA	1535	2	N	0	0	2	21.5
A_PA	1536	2	N	0	0	2	16
A_PA	1537	2	N	0	0	2	15.5
A_PA	1538	2	N	0	0	2	16
A_PA	1539	2	N	0	0	2	17.5
A_PA	1540	2	N	0	0	2	20.5
A_PA	1541	2	N	0	0	2	17.5
A_PA	1542	2	N	0	0	2	17
A_PA	1543	2	N	0	0	2	17.5
A_PA	1544	2	N	0	0	2	18
A_PA	1545	2	N	0	0	2	22
A_PA	1546	2	N	0	0	2	20
A_PA	1547	2	N	0	0	2	17
A_PA	1548	2	N	0	0	2	16
A_PA	1549	2	N	0	0	2	16.5
A_PA	1550	2	N	0	0	2	16.5
A_PA	1551	2	N	0	0	2	13.5
A_PA	1552	1	N	1	0	1	24
A_PA	1553	1	N	1	0	1	24
A_PA	1554	2	N	0	0	2	13
A_PA	1555	2	N	0	0	2	18
A_PA	1556	2	N	0	0	2	18
A_PA	1557	2	N	0	0	2	19
A_PA	1558	2	N	0	0	2	18.5
A_PA	1559	2	N	0	0	2	18.5
A_PA	1560	2	N	0	0	2	20
A_PA	1561	2	N	0	0	2	19.5
A_PA	1562	2	N	0	0	2	17
A_PA	1563	2	N	0	0	2	20
A_PA	1564	2	N	0	0	2	20
A_PA	1565	2	N	0	0	2	20
A_PA	1566	2	N	0	0	2	17
A_PA	1567	2	N	0	0	2	11.5
A_PA	1568	2	N	0	0	2	11.5
A_PA	1569	2	N	0	0	2	12
A_PA	1570	2	N	0	0	2	26
A_PA	1571	2	N	0	0	2	28
A_PA	1572	2	N	0	0	2	29.5
A_PA	1573	2	N	0	0	2	90
A_PA	1574	2	N	0	0	2	90
A_PA	1575	2	N	0	0	2	26.5
A_PA	1576	2	N	0	0	2	23.5
A_PA	1577	2	N	0	0	2	25
A_PA	1578	2	N	0	0	2	23.5
A_PA	1579	2	N	0	0	2	22
A_PA	1580	2	N	0	0	2	21
A_PA	1581	2	N	0	0	2	22
A_PA	1582	2	N	0	0	2	25.5
A_PA	1583	2	N	0	0	2	24
A_PA	1584	2	N	0	0	2	20
A_PA	1585	2	N	0	0	2	15
A_PA	1586	2	N	0	0	2	13
A_PA	1587	2	N	0	0	2	12.5
A_PA	1588	2	N	0	0	2	14.5
A_PA	1589	2	N	0	0	2	18.5
A_PA	1590	2	N	0	0	2	17.5
A_PA	1591	2	N	0	0	2	20.5
A_PA	1592	2	N	0	0	2	17
A_PA	1593	2	N	0	0	2	17
A_PA	1594	2	N	0	0	2	18
A_PA	1595	2	N	0	0	2	17.5
A_PA	1596	2	N	0	0	2	19.5
A_PA	1597	2	N	0	0	2	25
A_PA	1598	2	N	0	0	2	26
A_PA	1599	2	N	0	0	2	60
A_PA	1600	2	N	0	0	2	90
A_PA	1601	2	N	0	0	2	90
A_PA	1602	2	N	0	0	2	30.5
A_PA	1603	2	N	0	0	2	30
A_PA	1604	2	N	0	0	2	29.5
A_PA	1605	2	N	0	0	2	30
A_PA	1606	2	N	0	0	2	27.5
A_PA	1607	2	N	0	0	2	23.5
A_PA	1608	2	N	0	0	2	25.5
A_PA	1609	2	N	0	0	2	25
A_PA	1610	2	N	0	0	2	33
A_PA	1611	2	N	0	0	2	31.5
A_PA	1612	2	N	0	0	2	27
A_PA	1613	2	N	0	0	2	23.5
A_PA	1614	2	N	0	0	2	23
A_PA	1615	2	N	0	0	2	23
A_PA	1616	2	N	0	0	2	24.5
A_PA	1617	2	N	0	0	2	24
A_PA	1618	2	N	0	0	2	26
A_PA	1619	2	N	0	0	2	57.5
A_PA	1620	2	N	0	0	2	57
A_PA	1621	2	N	0	0	2	28
A_PA	1622	2	N	0	0	2	28
A_PA	1623	2	N	0	0	2	28
A_PA	1624	2	N	0	0	2	29
A_PA	1625	2	N	0	0	2	26.5
A_PA	1626	2	N	0	0	2	26
A_PA	1627	2	N	0	0	2	26
A_PA	1628	2	N	0	0	2	36.5
A_PA	1629	2	N	0	0	2	29.5
A_PA	1630	2	N	0	0	2	29.5
A_PA	1631	2	N	0	0	2	29
A_PA	1632	2	N	0	0	2	27.5
A_PA	1633	2	N	0	0	2	23.5
A_PA	1634	2	N	0	0	2	26
A_PA	1635	2	N	0	0	2	23.5
A_PA	1636	2	N	0	0	2	24
A_PA	1637	2	N	0	0	2	23.5
A_PA	1638	2	N	0	0	2	24.5
A_PA	1639	2	N	0	0	2	27.5
A_PA	1640	2	N	0	0	2	25.5
A_PA	1641	2	N	0	0	2	25
A_PA	1642	2	N	0	0	2	24.5
A_PA	1643	2	N	0	0	2	23.5
A_PA	1644	2	N	0	0	2	25
A_PA	1645	2	N	0	0	2	23.5
A_PA	1646	2	N	0	0	2	20.5
A_PA	1647	2	N	0	0	2	16.5
A_PA	1648	2	N	0	0	2	16
A_PA	1649	2	N	0	0	2	16
A_PA	1650	2	N	0	0	2	17
A_PA	1651	2	N	0	0	2	24.5
A_PA	1652	2	N	0	0	2	26.5
A_PA	1653	2	N	0	0	2	27
A_PA	1654	2	N	0	0	2	28
A_PA	1655	2	N	0	0	2	27
A_PA	1656	2	N	0	0	2	26.5
A_PA	1657	2	N	0	0	2	18
A_PA	1658	3	N	0	0	3	15.3333333333333
A_PA	1659	3	N	0	0	3	15
A_PA	1660	3	N	0	0	3	16
A_PA	1661	3	N	0	0	3	19
A_PA	1662	2	N	1	0	2	26
A_PA	1663	3	N	0	0	3	25.6666666666667
A_PA	1664	3	N	0	0	2	27.5
A_PA	1665	3	N	0	0	3	28
A_PA	1666	3	N	0	0	3	27.6666666666667
A_PA	1667	3	N	0	0	3	27
A_PA	1668	3	N	0	0	3	17.6666666666667
A_PA	1669	2	N	1	0	1	7
A_PA	1670	3	N	0	0	3	9
A_PA	1671	3	N	0	0	3	8.66666666666667
A_PA	1672	3	N	0	0	2	11.5
A_PA	1673	3	N	0	0	3	14
A_PA	1674	3	N	0	0	3	14
A_PA	1675	3	N	0	0	3	16
A_PA	1676	3	N	0	0	3	21.6666666666667
A_PA	1677	3	N	0	0	3	20.6666666666667
A_PA	1678	3	N	0	0	3	20
A_PA	1679	3	N	0	0	3	20.6666666666667
A_PA	1680	3	N	0	0	3	29.6666666666667
A_PA	1681	3	N	0	0	3	28.6666666666667
A_PA	1682	3	N	0	0	3	24.3333333333333
A_PA	1683	3	N	0	0	3	22.3333333333333
A_PA	1684	3	N	0	0	3	23.3333333333333
A_PA	1685	3	N	0	0	3	25.6666666666667
A_PA	1686	3	N	0	0	3	27.6666666666667
A_PA	1687	3	N	0	0	3	27.3333333333333
A_PA	1688	3	N	0	0	3	28.3333333333333
A_PA	1689	3	N	0	0	3	18.6666666666667
A_PA	1690	3	N	0	0	3	18
A_PA	1691	3	N	0	0	3	18.6666666666667
A_PA	1692	3	N	0	0	3	21.3333333333333
A_PA	1693	3	N	0	0	3	19.6666666666667
A_PA	1694	3	N	0	0	3	19.6666666666667
A_PA	1695	3	N	0	0	3	22
A_PA	1696	3	N	0	0	3	20.6666666666667
A_PA	1697	3	N	0	0	3	22
A_PA	1698	3	N	0	0	3	14
A_PA	1699	3	N	0	0	3	14.3333333333333
A_PA	1700	3	N	0	0	3	13.6666666666667
A_PA	1701	3	N	0	0	3	13.3333333333333
A_PA	1702	3	N	0	0	3	14
A_PA	1703	3	N	0	0	3	15.3333333333333
A_PA	1704	3	N	0	0	3	20.3333333333333
A_PA	1705	3	N	0	0	3	22.3333333333333
A_PA	1706	3	N	0	0	3	25.6666666666667
A_PA	1707	3	N	0	0	3	28
A_PA	1708	3	N	0	0	3	17
A_PA	1709	3	N	0	0	3	13.6666666666667
A_PA	1710	3	N	0	0	3	19
A_PA	1711	3	N	0	0	3	19
A_PA	1712	3	N	0	0	3	23.3333333333333
A_PA	1713	3	N	0	0	3	26.3333333333333
A_PA	1714	3	N	0	0	3	25
A_PA	1715	3	N	0	0	3	21.6666666666667
A_PA	1716	3	N	0	0	3	21.3333333333333
A_PA	1717	3	N	0	0	3	21.6666666666667
A_PA	1718	3	N	0	0	3	22.6666666666667
A_PA	1719	3	N	0	0	3	22
A_PA	1720	3	N	0	0	3	18
A_PA	1721	3	N	0	0	3	20
A_PA	1722	3	N	0	0	3	24
A_PA	1723	3	N	0	0	3	27.3333333333333
A_PA	1724	3	N	0	0	3	27
A_PA	1725	3	N	0	0	3	28.3333333333333
A_PA	1726	3	N	0	0	3	26
A_PA	1727	3	N	0	0	3	22.6666666666667
A_PA	1728	3	N	0	0	3	22.3333333333333
A_PA	1729	3	N	0	0	3	22.6666666666667
A_PA	1730	3	N	0	0	3	24
A_PA	1731	3	N	0	0	3	26.3333333333333
A_PA	1732	3	N	0	0	3	20.3333333333333
A_PA	1733	3	N	0	0	3	19.6666666666667
A_PA	1734	3	N	0	0	3	19
A_PA	1735	3	N	0	0	3	18.6666666666667
A_PA	1736	3	N	0	0	3	20
A_PA	1737	3	N	0	0	3	19.6666666666667
A_PA	1738	3	N	0	0	3	16.6666666666667
A_PA	1739	3	N	0	0	3	14.3333333333333
A_PA	1740	3	N	0	0	3	12.6666666666667
A_PA	1741	3	N	0	0	3	17.3333333333333
A_PA	1742	3	N	0	0	3	13
A_PA	1743	3	N	0	0	2	13
A_PA	1744	3	N	0	0	2	10.5
A_PA	1745	3	N	0	0	3	9
A_PA	1746	3	N	0	0	2	15.5
A_PA	1747	3	N	0	0	3	13.3333333333333
A_PA	1748	3	N	0	0	3	16.6666666666667
A_PA	1749	3	N	0	0	3	16.6666666666667
A_PA	1750	3	N	0	0	3	22.6666666666667
A_PA	1751	3	N	0	0	3	26
A_PA	1752	3	N	0	0	3	23
A_PA	1753	3	N	0	0	3	23
A_PA	1754	3	N	0	0	3	24.6666666666667
A_PA	1755	4	N	0	0	4	22.75
A_PA	1756	4	N	0	0	4	21.5
A_PA	1757	4	N	0	0	4	21.5
A_PA	1758	4	N	0	0	4	22.75
A_PA	1759	4	N	0	0	4	23
A_PA	1760	4	N	0	0	4	23
A_PA	1761	4	N	0	0	4	22.75
A_PA	1762	4	N	0	0	4	23.25
A_PA	1763	4	N	0	0	4	26.5
A_PA	1764	4	N	0	0	4	24
A_PA	1765	4	N	0	0	4	23
A_PA	1766	4	N	0	0	4	25.25
A_PA	1767	4	N	0	0	4	26
A_PA	1768	4	N	0	0	4	25
A_PA	1769	4	N	0	0	4	28.75
A_PA	1770	4	N	0	0	4	27.75
A_PA	1771	4	N	0	0	4	26.5
A_PA	1772	4	N	0	0	4	20.25
A_PA	1773	4	N	0	0	4	21.25
A_PA	1774	4	N	0	0	4	21.5
A_PA	1775	4	N	0	0	4	17.25
A_PA	1776	4	N	0	0	4	57
A_PA	1777	5	N	0	0	5	20.6
A_PA	1778	5	N	0	0	5	22.2
A_PA	1779	5	N	0	0	5	25.8
A_PA	1780	5	N	0	0	5	24.2
A_PA	1781	5	N	0	0	5	24.2
A_PA	1782	5	N	0	0	5	24
A_PA	1783	5	N	0	0	5	23.6
A_PA	1784	5	N	0	0	5	21
A_PA	1785	5	N	0	0	5	18.6
A_PA	1786	5	N	0	0	5	18.6
A_PA	1787	5	N	0	0	5	17.8
A_PA	1788	5	N	0	0	5	17.8
A_PA	1789	5	N	0	0	5	19.2
A_PA	1790	5	N	0	0	5	20
A_PA	1791	5	N	0	0	5	19.8
A_PA	1792	5	N	0	0	5	19.2
A_PA	1793	5	N	0	0	5	19.6
A_PA	1794	5	N	0	0	5	21
A_PA	1795	5	N	0	0	5	25
A_PA	1796	6	N	0	0	6	26
A_PA	1797	6	N	0	0	6	20.6666666666667
A_PA	1798	6	N	0	0	6	18.6666666666667
A_PA	1799	6	N	0	0	6	18.6666666666667
A_PA	1800	6	N	0	0	6	23.1666666666667
A_PA	1801	6	N	0	0	6	23.6666666666667
A_PA	1802	3	N	3	0	3	18.3333333333333
A_PA	1803	6	N	0	0	6	20.6666666666667
A_PA	1804	6	N	0	0	6	20.6666666666667
A_PA	1805	6	N	0	0	6	19.6666666666667
A_PA	1806	6	N	0	0	6	23
A_PA	1807	6	N	0	0	6	33.3333333333333
A_PA	1808	6	N	0	0	6	22
A_PA	1809	6	N	0	0	6	22.6666666666667
A_PA	1810	6	N	0	0	6	21.5
A_PA	1811	6	N	0	0	6	21.5
A_PA	1812	6	N	0	0	6	22.1666666666667
A_PA	1813	6	N	0	0	6	24.3333333333333
A_PA	1814	6	N	0	0	6	25.8333333333333
A_PA	1815	6	N	0	0	6	26.8333333333333
A_PA	1816	6	N	0	0	6	25.8333333333333
A_PA	1817	6	N	0	0	6	23.3333333333333
A_PA	1818	5	N	1	0	5	24.2
A_PA	1819	6	N	0	0	6	18.8333333333333
A_PA	1820	6	N	0	0	6	15.3333333333333
A_PA	1821	6	N	0	0	6	16.5
A_PA	1822	6	N	0	0	6	19.8333333333333
A_PA	1823	6	N	0	0	6	16.6666666666667
A_PA	1824	6	N	0	0	6	19.3333333333333
A_PA	1825	6	N	0	0	6	17.5
A_PA	1826	6	N	0	0	6	17.6666666666667
A_PA	1827	6	N	0	0	6	19.8333333333333
A_PA	1828	6	N	0	0	6	24.6666666666667
A_PA	1829	5	N	1	0	5	24.8
A_PA	1830	5	N	1	0	5	27.4
A_PA	1831	6	N	0	0	6	28.6666666666667
A_PA	1832	6	N	0	0	6	29.5
A_PA	1833	6	N	0	0	6	29.3333333333333
A_PA	1834	7	N	0	0	7	23.7142857142857
A_PA	1835	7	N	0	0	7	26.1428571428571
A_PA	1836	7	N	0	0	7	28.2857142857143
A_PA	1837	7	N	0	0	7	25.8571428571429
A_PA	1838	7	N	0	0	7	26.1428571428571
A_PA	1839	7	N	0	0	7	35.8571428571429
A_PA	1840	7	N	0	0	7	38
A_PA	1841	7	N	0	0	7	29.8571428571429
A_PA	1842	7	N	0	0	7	29.2857142857143
A_PA	1843	7	N	0	0	7	27.5714285714286
A_PA	1844	7	N	0	0	7	23
A_PA	1845	7	N	0	0	7	23.1428571428571
A_PA	1846	7	N	0	0	7	25.1428571428571
A_PA	1847	7	N	0	0	7	27
A_PA	1848	7	N	0	0	7	27.7142857142857
A_PA	1849	7	N	0	0	7	27.8571428571429
A_PA	1850	7	N	0	0	7	26.5714285714286
A_PA	1851	7	N	0	0	6	28.6666666666667
A_PA	1852	7	N	0	0	6	28.6666666666667
A_PA	1853	6	N	1	0	6	24.8333333333333
A_PA	1854	6	N	1	0	6	24.1666666666667
A_PA	1855	8	N	0	0	8	25.75
A_PA	1856	9	N	0	0	9	26.8888888888889
A_PA	1857	9	N	0	0	9	25.5555555555556
A_PA	1858	9	N	0	0	9	25.4444444444444
A_PA	1859	9	N	0	0	8	24
A_PA	1860	9	N	0	0	8	24
A_PA	1861	9	N	0	0	9	24
A_PA	1862	10	N	0	0	10	21.4
A_PA	1863	10	N	0	0	10	22.9
A_PA	1864	10	N	0	0	10	25.1
A_PA	1865	10	N	0	0	10	25.6
A_PA	1866	10	N	0	0	9	28.2222222222222
A_PA	1867	10	N	0	0	10	27.2
A_PA	1868	10	N	0	0	9	26.2222222222222
A_PA	1869	10	N	0	0	9	26.5555555555556
A_PA	1870	10	N	0	0	10	25.5
A_PA	1871	9	N	1	0	9	25.3333333333333
A_PA	1872	10	N	0	0	10	25.1
A_PA	1873	10	N	0	0	10	23.4
A_PA	1874	8	N	2	0	7	19.8571428571429
A_PA	1875	10	N	0	0	10	22.6
A_PA	1876	10	N	0	0	9	24.3333333333333
A_PA	1877	10	N	0	0	10	24.4
A_PA	1878	10	N	0	0	10	19.6
A_PA	1879	9	N	1	0	9	21.8888888888889
A_PA	1880	9	N	1	0	9	21.3333333333333
A_PA	1881	9	N	1	0	9	23.5555555555556
A_PA	1882	10	N	0	0	10	22.2
A_PA	1883	10	N	0	0	10	21.1
A_PA	1884	10	N	0	0	10	19.3
A_PA	1885	10	N	0	0	10	21.6
A_PA	1886	12	N	0	0	12	20.9166666666667
A_PA	1887	12	N	0	0	12	20.25
A_PA	1888	12	N	0	0	12	19.3333333333333
A_PA	1889	13	N	0	0	13	19.9230769230769
A_PA	1890	13	N	0	0	13	21.9230769230769
A_PA	1891	12	N	1	0	12	23.75
A_PA	1892	13	N	0	0	12	19.3333333333333
A_PA	1893	13	N	0	0	13	20.8461538461538
A_PA	1894	13	N	0	0	13	21.7692307692308
A_PA	1895	13	N	0	0	13	21.4615384615385
A_PA	1896	13	N	0	0	13	22.3846153846154
A_PA	1897	13	N	0	0	13	22.3076923076923
A_PA	1898	14	N	0	0	14	23.2857142857143
A_PA	1899	14	N	0	0	14	25.0714285714286
A_PA	1900	15	N	0	0	15	23.2666666666667
A_PA	1901	15	N	0	0	15	25.6
A_PA	1902	15	N	0	0	15	24.4
A_PA	1903	15	N	0	0	15	24.8
A_PA	1904	15	N	0	0	15	25.2
A_PA	1905	15	N	0	0	15	22.2666666666667
A_PA	1906	15	N	0	0	15	21
A_PA	1907	15	N	0	0	15	19
A_PA	1908	15	N	0	0	14	18.5714285714286
A_PA	1909	14	N	1	0	13	22.0769230769231
A_PA	1910	14	N	1	0	13	25.6923076923077
A_PA	1911	14	N	1	0	14	24.1428571428571
A_PA	1912	14	N	1	0	14	24.7857142857143
A_PA	1913	15	N	0	0	14	24.2142857142857
A_PA	1914	15	N	0	0	15	23.6
A_PA	1915	15	N	0	0	14	24.3571428571429
A_PA	1916	14	N	1	0	13	24.6153846153846
A_PA	1917	14	N	1	0	13	22.6923076923077
A_PA	1918	15	N	0	0	13	24.9230769230769
A_PA	1919	15	N	0	0	15	24.5333333333333
A_PA	1920	15	N	0	0	13	27.3846153846154
A_PA	1921	15	N	0	0	15	22.1333333333333
A_PA	1922	15	N	0	0	15	23.6666666666667
A_PA	1923	15	N	0	0	15	26
A_PA	1924	15	N	0	0	15	27.8
A_PA	1925	15	N	0	0	15	28.0666666666667
A_PA	1926	15	N	0	0	15	28.4666666666667
A_PA	1927	15	N	0	0	15	25.9333333333333
A_PA	1928	15	N	0	0	15	23.4
A_PA	1929	15	N	0	0	15	22.0666666666667
A_PA	1930	15	N	0	0	14	21.8571428571429
A_PA	1931	15	N	0	0	14	25.5
A_PA	1932	15	N	0	0	14	24.0714285714286
A_PA	1933	15	N	0	0	15	28.3333333333333
A_PA	1934	15	N	0	0	15	24.8
A_PA	1935	15	N	0	0	13	20.4615384615385
A_PA	1936	15	N	0	0	15	21.3333333333333
A_PA	1937	15	N	0	0	15	19.3333333333333
A_PA	1938	14	N	1	0	14	18.9285714285714
A_PA	1939	15	N	0	0	14	21.0714285714286
A_PA	1940	15	N	0	0	15	19.3333333333333
A_PA	1941	14	N	1	0	13	19
A_PA	1942	15	N	0	0	15	20.6
A_PA	1943	15	N	0	0	15	22
A_PA	1944	15	N	0	0	14	19.7857142857143
A_PA	1945	15	N	0	0	15	25.8
A_PA	1946	15	N	0	0	15	20.4666666666667
A_PA	1947	14	N	1	0	14	20.5714285714286
A_PA	1948	15	N	0	0	15	21.8
A_PA	1949	15	N	0	0	14	20.7142857142857
A_PA	1950	15	N	0	0	15	22.8
A_PA	1951	15	N	0	0	15	22.9333333333333
A_PA	1952	13	N	2	0	13	26.3846153846154
A_PA	1953	14	N	1	0	14	23.0714285714286
A_PA	1954	15	N	0	0	15	21.2666666666667
A_PA	1955	15	N	0	0	15	23
A_PA	1956	15	N	0	0	15	24.4
A_PA	1957	14	N	1	0	14	25.1428571428571
A_PA	1958	14	N	1	0	14	24.6428571428571
A_PA	1959	14	N	1	0	13	24.0769230769231
A_PA	1960	14	N	1	0	14	24
A_PA	1961	14	N	1	0	14	21.4285714285714
A_PA	1962	15	N	0	0	14	20.2142857142857
A_PA	1963	10	N	5	0	10	18.9
A_PA	1964	15	N	0	0	15	21.1333333333333
A_PA	1965	15	N	0	0	15	22.5333333333333
A_PA	1966	15	N	0	0	15	26.2666666666667
A_PA	1967	14	N	1	0	14	22.2857142857143
A_PA	1968	14	N	1	0	14	24.9285714285714
A_PA	1969	14	N	1	0	14	26.6428571428571
A_PA	1970	15	N	0	0	14	28.1428571428571
A_PA	1971	15	N	0	0	15	26.9333333333333
A_PA	1972	15	N	0	0	15	23.8666666666667
A_PA	1973	15	N	0	0	15	22.8
A_PA	1974	15	N	0	0	15	24.6
A_PA	1975	15	N	0	0	15	25
A_PA	1976	15	N	0	0	15	25.3333333333333
A_PA	1977	15	N	0	0	15	27
A_PA	1978	15	N	0	0	14	28.3571428571429
A_PA	1979	15	N	0	0	15	26.6666666666667
A_PA	1980	15	N	0	0	15	30.4
A_PA	1981	12	N	3	0	12	25.3333333333333
A_PA	1982	15	N	0	0	15	18.9333333333333
A_PA	1983	15	N	0	0	15	14.8666666666667
A_PA	1984	15	N	0	0	15	18.2666666666667
A_PA	1985	15	N	0	0	15	21.4666666666667
A_PA	1986	15	N	0	0	15	21.9333333333333
A_PA	1987	15	N	0	0	15	23.6666666666667
A_PA	1988	15	N	0	0	15	22.5333333333333
A_PA	1989	15	N	0	0	15	26.2
A_PA	1990	15	N	0	0	15	24.6666666666667
A_PA	1991	16	N	0	0	16	26.375
A_PA	1992	16	N	0	0	16	26.25
A_PA	1993	16	N	0	0	16	26.5625
A_PA	1994	16	N	0	0	16	28.5625
A_PA	1995	16	N	0	0	16	27.25
A_PA	1996	16	N	0	0	16	26.9375
A_PA	1997	15	N	1	0	15	24.4666666666667
A_PA	1998	16	N	0	0	15	25.4
A_PA	1999	16	N	0	0	16	25.75
A_PA	2000	16	N	0	0	16	23.5625
A_PA	2001	16	N	0	0	16	23.9375
A_PA	2002	16	N	0	0	16	24.9375
A_PA	2003	16	N	0	0	16	24.5
A_PA	2004	16	N	0	0	16	21.75
A_PA	2005	16	N	0	0	16	21.375
A_PA	2006	16	N	0	0	16	24.5
A_PA	2007	16	N	0	0	16	20.5
A_PA	2008	16	N	0	0	16	19.8125
A_PA	2009	16	N	0	0	16	19
A_PA	2010	16	N	0	0	16	19.0625
A_PA	2011	16	N	0	0	16	19.6875
A_PA	2012	16	N	0	0	15	19.4666666666667
A_PA	2013	16	N	0	0	15	17.9333333333333
A_PA	2014	16	N	0	0	16	19.375
A_PA	2015	16	N	0	0	16	21.1875
A_PA	2016	15	N	1	0	15	23.8666666666667
A_PA	2017	16	N	0	0	15	24.5333333333333
A_PA	2018	16	N	0	0	15	22.6666666666667
A_PA	2019	16	N	0	0	15	21.7333333333333
A_PA	2020	16	N	0	0	16	20.625
A_PA	2021	16	N	0	0	16	19.5625
A_PA	2022	16	N	0	0	16	20.6875
A_PA	2023	16	N	0	0	16	23
A_PA	2024	16	N	0	0	15	22.4
A_PA	2025	16	N	0	0	16	22.125
A_PA	2026	16	N	0	0	16	22.1875
A_PA	2027	16	N	0	0	16	22.4375
A_PA	2028	16	N	0	0	16	22.4375
A_PA	2029	16	N	0	0	16	23.1875
A_PA	2030	15	N	1	0	15	24.7333333333333
A_PA	2031	16	N	0	0	16	23.5
A_PA	2032	16	N	0	0	16	22.8125
A_PA	2033	16	N	0	0	15	23.5333333333333
A_PA	2034	16	N	0	0	16	22
A_PA	2035	16	N	0	0	16	24.1875
A_PA	2036	16	N	0	0	16	24.125
A_PA	2037	16	N	0	0	16	25.75
A_PA	2038	16	N	0	0	16	25.875
A_PA	2039	16	N	0	0	15	24.4
A_PA	2040	16	N	0	0	15	23
A_PA	2041	16	N	0	0	16	21.75
A_PA	2042	16	N	0	0	16	23.1875
A_PA	2043	16	N	0	0	16	24.4375
A_PA	2044	15	N	1	0	15	30.6
A_PA	2045	13	N	3	0	12	23.6666666666667
A_PA	2046	16	N	0	0	16	21.1875
A_PA	2047	16	N	0	0	15	20.4
A_PA	2048	16	N	0	0	16	20.8125
A_PA	2049	16	N	0	0	16	21.625
A_PA	2050	16	N	0	0	16	21.75
A_PA	2051	16	N	0	0	16	20.8125
A_PA	2052	15	N	1	0	14	21.2142857142857
A_PA	2053	15	N	1	0	15	22.3333333333333
A_PA	2054	16	N	0	0	16	23.1875
A_PA	2055	16	N	0	0	15	24.2
A_PA	2056	16	N	0	0	15	20.0666666666667
A_PA	2057	15	N	1	0	14	20.1428571428571
A_PA	2058	16	N	0	0	16	19.0625
A_PA	2059	16	N	0	0	16	19
A_PA	2060	16	N	0	0	15	20.1333333333333
A_PA	2061	16	N	0	0	16	19.875
A_PA	2062	16	N	0	0	16	20.125
A_PA	2063	16	N	0	0	16	19.75
A_PA	2064	16	N	0	0	16	19.25
A_PA	2065	16	N	0	0	16	19.375
A_PA	2066	16	N	0	0	15	18.3333333333333
A_PA	2067	16	N	0	0	15	18.6
A_PA	2068	15	N	1	0	14	19.5714285714286
A_PA	2069	16	N	0	0	15	18.2
A_PA	2070	15	N	1	0	15	16.4
A_PA	2071	15	N	0	0	13	19.1538461538462
A_PA	2072	14	N	1	0	14	17.1428571428571
A_PA	2073	15	N	0	0	12	22.25
A_PA	2074	15	N	0	0	14	21.4285714285714
A_PA	2075	15	N	0	0	15	21.3333333333333
A_PA	2076	15	N	0	0	15	21.6666666666667
A_PA	2077	15	N	0	0	15	23.8
A_PA	2078	15	N	0	0	15	30
A_PA	2079	15	N	0	0	15	32.2666666666667
A_PA	2080	15	N	0	0	15	28.4666666666667
A_PA	2081	14	N	1	0	14	29.2142857142857
A_PA	2082	14	N	1	0	14	29.2142857142857
A_PA	2083	14	N	1	0	14	31.3571428571429
A_PA	2084	15	N	0	0	15	23.5333333333333
A_PA	2085	15	N	0	0	15	22.2666666666667
A_PA	2086	15	N	0	0	15	21.8
A_PA	2087	13	N	2	0	13	22.6923076923077
A_PA	2088	14	N	1	0	14	23.3571428571429
A_PA	2089	15	N	0	0	15	19.9333333333333
A_PA	2090	15	N	0	0	15	19.3333333333333
A_PA	2091	15	N	0	0	14	19.9285714285714
A_PA	2092	15	N	0	0	15	19.9333333333333
A_PA	2093	15	N	0	0	15	19.1333333333333
A_PA	2094	12	N	3	0	12	20.25
A_PA	2095	15	N	0	0	15	23.9333333333333
A_PA	2096	15	N	0	0	15	24.4666666666667
A_PA	2097	14	N	1	0	14	24.5714285714286
A_PA	2098	14	N	1	0	13	23.1538461538462
A_PA	2099	14	N	1	0	14	19.5714285714286
A_PA	2100	14	N	1	0	14	18.7142857142857
A_PA	2101	15	N	0	0	15	18.6
A_PA	2102	15	N	0	0	15	20.4
A_PA	2103	15	N	0	0	15	20.1333333333333
A_PA	2104	15	N	0	0	15	22
A_PA	2105	15	N	0	0	14	23.2142857142857
A_PA	2106	15	N	0	0	15	21.4666666666667
A_PA	2107	15	N	0	0	15	22.0666666666667
A_PA	2108	15	N	0	0	15	22.6666666666667
A_PA	2109	15	N	0	0	15	24.6666666666667
A_PA	2110	15	N	0	0	15	26.8
A_PA	2111	15	N	0	0	15	28.1333333333333
A_PA	2112	15	N	0	0	15	27
A_PA	2113	15	N	0	0	14	26.6428571428571
A_PA	2114	15	N	0	0	14	26.2142857142857
A_PA	2115	15	N	0	0	15	27.1333333333333
A_PA	2116	15	N	0	0	14	28.7142857142857
A_PA	2117	15	N	0	0	15	27.3333333333333
A_PA	2118	15	N	0	0	15	22.6666666666667
A_PA	2119	15	N	0	0	15	23
A_PA	2120	15	N	0	0	15	23.2
A_PA	2121	14	N	1	0	14	22.7857142857143
A_PA	2122	15	N	0	0	15	20
A_PA	2123	15	N	0	0	15	20.8
A_PA	2124	15	N	0	0	15	21
A_PA	2125	14	N	1	0	14	25.6428571428571
A_PA	2126	15	N	0	0	14	22.7857142857143
A_PA	2127	15	N	0	0	15	22.2
A_PA	2128	13	N	2	0	13	21.5384615384615
A_PA	2129	13	N	2	0	13	22.6153846153846
A_PA	2130	15	N	0	0	15	22.4
A_PA	2131	15	N	0	0	14	26.8571428571429
A_PA	2132	15	N	0	0	15	42.4666666666667
A_PA	2133	15	N	0	0	15	22.8666666666667
A_PA	2134	15	N	0	0	15	21.1333333333333
A_PA	2135	15	N	0	0	15	21.1333333333333
A_PA	2136	15	N	0	0	15	22.5333333333333
A_PA	2137	15	N	0	0	15	21.0666666666667
A_PA	2138	15	N	0	0	15	20.6
A_PA	2139	15	N	0	0	14	21.2857142857143
A_PA	2140	15	N	0	0	14	20.7142857142857
A_PA	2141	15	N	0	0	15	22.2
A_PA	2142	15	N	0	0	15	22.6
A_PA	2143	14	N	0	0	14	24.5714285714286
A_PA	2144	14	N	0	0	14	25.2857142857143
A_PA	2145	14	N	0	0	14	24.9285714285714
A_PA	2146	12	N	0	0	12	23.9166666666667
