Reference_Name	Position	Coverage Depth	Consensus	Deletions	Ambiguous	Consensus_Count	Consensus_Average_Quality
A_PB2	1	64	A	0	0	64	24.421875
A_PB2	2	64	T	0	0	64	26.09375
A_PB2	3	65	G	0	0	65	23.5692307692308
A_PB2	4	68	G	0	0	68	22.6911764705882
A_PB2	5	68	A	0	0	67	23.1194029850746
A_PB2	6	67	G	1	0	65	22.7692307692308
A_PB2	7	68	A	0	0	68	26.6911764705882
A_PB2	8	68	G	0	0	68	47.5294117647059
A_PB2	9	67	A	1	0	67	27.4179104477612
A_PB2	10	68	A	0	0	68	25.2352941176471
A_PB2	11	68	T	0	0	68	23.9558823529412
A_PB2	12	54	A	14	0	54	24.2592592592593
A_PB2	13	67	A	1	0	67	24.4626865671642
A_PB2	14	67	A	1	0	66	24.1060606060606
A_PB2	15	67	A	1	0	65	22.1230769230769
A_PB2	16	66	G	2	0	64	22.4375
A_PB2	17	66	A	2	0	64	20.96875
A_PB2	18	68	G	0	0	67	20.4477611940299
A_PB2	19	68	C	0	0	67	18.9253731343284
A_PB2	20	65	T	3	0	65	19.2461538461538
A_PB2	21	63	A	5	0	61	21.7377049180328
A_PB2	22	65	A	3	0	63	20.7301587301587
A_PB2	23	63	G	5	0	62	18.8709677419355
A_PB2	24	66	A	2	0	65	19.6923076923077
A_PB2	25	67	G	1	0	63	27.8888888888889
A_PB2	26	68	A	0	0	67	33.8358208955224
A_PB2	27	67	T	1	0	65	21.4153846153846
A_PB2	28	68	T	0	0	67	21.0597014925373
A_PB2	29	68	T	0	0	66	22.8484848484848
A_PB2	30	68	G	0	0	67	24.7761194029851
A_PB2	31	68	A	0	0	68	25.8235294117647
A_PB2	32	68	T	0	0	67	24.865671641791
A_PB2	33	68	G	0	0	67	24.3880597014925
A_PB2	34	68	T	0	0	67	23.4179104477612
A_PB2	35	68	C	0	0	67	22.7014925373134
A_PB2	36	67	G	1	0	61	19.983606557377
A_PB2	37	68	C	0	0	67	19.5522388059701
A_PB2	38	68	A	0	0	64	19.96875
A_PB2	39	68	G	0	0	66	19.6666666666667
A_PB2	40	68	T	0	0	67	21.1791044776119
A_PB2	41	67	C	1	0	67	21.6716417910448
A_PB2	42	68	T	0	0	67	21.044776119403
A_PB2	43	66	C	2	0	66	23.2121212121212
A_PB2	44	66	G	2	0	64	20.578125
A_PB2	45	68	C	0	0	68	20.3529411764706
A_PB2	46	68	A	0	0	67	19.3283582089552
A_PB2	47	66	C	2	0	66	20.3787878787879
A_PB2	48	67	T	1	0	65	21.6
A_PB2	49	68	C	0	0	67	22.1044776119403
A_PB2	50	68	G	0	0	67	19.8955223880597
A_PB2	51	68	C	0	0	67	19.5671641791045
A_PB2	52	64	G	4	0	64	18.0625
A_PB2	53	65	A	3	0	63	17.7142857142857
A_PB2	54	65	G	3	0	65	17.1692307692308
A_PB2	55	67	A	1	0	66	17.9393939393939
A_PB2	56	67	T	1	0	65	18.8923076923077
A_PB2	57	66	A	2	0	63	18.4603174603175
A_PB2	58	66	C	2	0	63	18.6507936507937
A_PB2	59	65	T	3	0	62	17.8064516129032
A_PB2	60	67	G	1	0	65	17.6
A_PB2	61	66	A	2	0	63	18.9206349206349
A_PB2	62	68	C	0	0	67	19.4925373134328
A_PB2	63	54	A	14	0	54	19.3518518518519
A_PB2	64	63	A	5	0	63	19.0793650793651
A_PB2	65	67	A	1	0	67	21.6268656716418
A_PB2	66	68	A	0	0	67	29.4925373134328
A_PB2	67	66	A	2	0	64	25.46875
A_PB2	68	66	C	2	0	66	21.9545454545455
A_PB2	69	67	C	1	0	67	21.089552238806
A_PB2	70	68	A	0	0	67	19.8208955223881
A_PB2	71	68	C	0	0	68	19.9264705882353
A_PB2	72	68	C	0	0	65	20.8153846153846
A_PB2	73	67	G	1	0	65	21.9692307692308
A_PB2	74	67	T	1	0	67	21.1492537313433
A_PB2	75	67	G	1	0	66	22.6060606060606
A_PB2	76	68	G	0	0	67	22.8059701492537
A_PB2	77	68	A	0	0	67	24
A_PB2	78	68	C	0	0	65	23.0307692307692
A_PB2	79	68	C	0	0	65	22.5538461538462
A_PB2	80	68	A	0	0	68	22
A_PB2	81	68	T	0	0	68	22.6323529411765
A_PB2	82	68	A	0	0	68	23.3529411764706
A_PB2	83	68	T	0	0	68	25.4852941176471
A_PB2	84	68	G	0	0	67	23.865671641791
A_PB2	85	68	G	0	0	68	22.5882352941176
A_PB2	86	68	C	0	0	68	22.0441176470588
A_PB2	87	68	C	0	0	68	21.7352941176471
A_PB2	88	68	A	0	0	67	21.955223880597
A_PB2	89	68	T	0	0	66	22.5454545454545
A_PB2	90	68	A	0	0	67	23.1791044776119
A_PB2	91	68	A	0	0	66	23.4242424242424
A_PB2	92	68	T	0	0	68	24.2941176470588
A_PB2	93	66	C	2	0	65	26.1076923076923
A_PB2	94	63	A	5	0	63	20.3492063492063
A_PB2	95	66	A	2	0	63	19.0793650793651
A_PB2	96	67	G	1	0	64	18.8125
A_PB2	97	66	A	2	0	65	19.6153846153846
A_PB2	98	67	A	1	0	65	19.9230769230769
A_PB2	99	67	A	1	0	64	23.203125
A_PB2	100	67	T	1	0	64	24.453125
A_PB2	101	68	A	0	0	68	25.4411764705882
A_PB2	102	68	T	0	0	65	28.6
A_PB2	103	67	A	0	0	66	26.030303030303
A_PB2	104	65	C	0	0	65	22.5076923076923
A_PB2	105	65	A	0	0	65	23.1230769230769
A_PB2	106	65	T	0	0	64	22.59375
A_PB2	107	65	C	0	0	64	25.125
A_PB2	108	65	A	0	0	62	21.1129032258065
A_PB2	109	64	G	1	0	63	18.9365079365079
A_PB2	110	65	G	0	0	64	19.734375
A_PB2	111	65	A	0	0	64	20.25
A_PB2	112	64	A	1	0	64	22.34375
A_PB2	113	64	G	1	0	64	21.984375
A_PB2	114	65	A	0	0	65	22.8769230769231
A_PB2	115	65	C	0	0	65	22.9076923076923
A_PB2	116	64	A	1	0	61	20.8524590163934
A_PB2	117	61	G	4	0	60	19.8333333333333
A_PB2	118	64	G	0	0	63	19.1746031746032
A_PB2	119	62	A	2	0	62	18.5322580645161
A_PB2	120	63	G	1	0	60	20.25
A_PB2	121	63	A	1	0	62	19.4516129032258
A_PB2	122	63	A	1	0	62	20.7258064516129
A_PB2	123	62	G	2	0	62	17.6290322580645
A_PB2	124	62	A	2	0	62	20.0322580645161
A_PB2	125	60	A	3	0	60	20.9166666666667
A_PB2	126	57	C	5	0	57	20.6666666666667
A_PB2	127	61	C	1	0	61	21.8688524590164
A_PB2	128	61	C	1	0	60	20.55
A_PB2	129	61	T	1	0	60	20.7
A_PB2	130	62	G	0	0	62	21.8064516129032
A_PB2	131	62	C	0	0	61	22.6229508196721
A_PB2	132	60	A	2	0	60	20.2833333333333
A_PB2	133	58	C	4	0	58	19.7586206896552
A_PB2	134	58	T	4	0	57	20.3333333333333
A_PB2	135	59	T	3	0	59	19.728813559322
A_PB2	136	60	A	1	0	57	19.4736842105263
A_PB2	137	61	G	0	0	58	19.4655172413793
A_PB2	138	61	G	0	0	61	19.2131147540984
A_PB2	139	61	A	0	0	61	20.6885245901639
A_PB2	140	59	T	1	0	59	22.728813559322
A_PB2	141	60	G	0	0	59	23.4745762711864
A_PB2	142	60	A	0	0	58	21.3103448275862
A_PB2	143	59	A	1	0	55	20.8181818181818
A_PB2	144	59	G	1	0	57	22.280701754386
A_PB2	145	59	T	1	0	58	21.7068965517241
A_PB2	146	59	G	1	0	59	22.2881355932203
A_PB2	147	59	G	1	0	59	21.271186440678
A_PB2	148	57	A	2	0	57	23.6315789473684
A_PB2	149	58	T	1	0	57	23.6315789473684
A_PB2	150	59	G	0	0	57	22.9298245614035
A_PB2	151	59	A	0	0	57	23.3157894736842
A_PB2	152	57	T	0	0	56	22.6428571428571
A_PB2	153	57	G	0	0	57	22.0877192982456
A_PB2	154	56	G	0	0	54	22.1296296296296
A_PB2	155	56	C	0	0	51	22.078431372549
A_PB2	156	56	A	0	0	55	22.5454545454545
A_PB2	157	56	A	0	0	55	22.3818181818182
A_PB2	158	55	T	0	0	55	22.6545454545455
A_PB2	159	54	G	0	0	54	21.7592592592593
A_PB2	160	54	A	0	0	53	21.4528301886792
A_PB2	161	53	A	0	0	53	21.5283018867925
A_PB2	162	53	A	0	0	53	23.0566037735849
A_PB2	163	52	T	0	0	51	23.156862745098
A_PB2	164	52	A	0	0	51	22.8823529411765
A_PB2	165	52	T	0	0	52	23.0576923076923
A_PB2	166	51	C	1	0	51	25.4901960784314
A_PB2	167	51	C	0	0	50	22.58
A_PB2	168	51	N	0	0	49	22.4897959183673
A_PB2	169	50	A	0	0	50	22.76
A_PB2	170	49	N	1	0	49	23.3877551020408
A_PB2	171	50	N	0	0	49	25.2857142857143
A_PB2	172	48	N	1	0	48	24.25
A_PB2	173	47	N	2	0	46	24.2826086956522
A_PB2	174	47	N	1	0	46	22.9565217391304
A_PB2	175	47	N	1	0	47	21.4893617021277
A_PB2	176	48	N	0	0	47	22.7021276595745
A_PB2	177	47	N	1	0	42	22.8571428571429
A_PB2	178	46	N	1	0	46	22.304347826087
A_PB2	179	45	N	1	0	45	22.8666666666667
A_PB2	180	44	N	0	0	42	22.7619047619048
A_PB2	181	38	N	5	0	37	23.1081081081081
A_PB2	182	43	N	0	0	43	24.2558139534884
A_PB2	183	42	N	1	0	42	25.1428571428571
A_PB2	184	41	N	2	0	40	23.8
A_PB2	185	39	N	4	0	38	24.2894736842105
A_PB2	186	41	N	2	0	41	23.8048780487805
A_PB2	187	42	N	1	0	42	22.547619047619
A_PB2	188	42	N	1	0	42	22.3095238095238
A_PB2	189	39	N	2	0	39	23.9487179487179
A_PB2	190	40	N	0	0	39	23.974358974359
A_PB2	191	39	N	1	0	38	22.5526315789474
A_PB2	192	39	N	1	0	38	22.6578947368421
A_PB2	193	40	N	0	0	39	21.8717948717949
A_PB2	194	40	N	0	0	40	21.075
A_PB2	195	37	N	1	0	36	21.6388888888889
A_PB2	196	38	N	0	0	38	21.2105263157895
A_PB2	197	37	N	1	0	36	22.4444444444444
A_PB2	198	38	N	0	0	36	21.8611111111111
A_PB2	199	38	N	0	0	37	22.4864864864865
A_PB2	200	38	N	0	0	36	22.5277777777778
A_PB2	201	32	N	5	0	29	21.551724137931
A_PB2	202	37	N	0	0	37	22.1081081081081
A_PB2	203	35	N	1	0	35	18.5142857142857
A_PB2	204	32	N	4	0	31	18.9032258064516
A_PB2	205	36	N	0	0	36	21.4722222222222
A_PB2	206	34	N	2	0	34	22.4705882352941
A_PB2	207	34	N	1	0	33	23.8181818181818
A_PB2	208	34	N	1	0	34	21.9705882352941
A_PB2	209	34	N	1	0	34	23
A_PB2	210	32	N	3	0	32	21.90625
A_PB2	211	35	N	0	0	35	22.6285714285714
A_PB2	212	34	N	0	0	34	24.7941176470588
A_PB2	213	33	N	0	0	32	24.5
A_PB2	214	32	N	0	0	32	22.65625
A_PB2	215	32	N	0	0	32	21.09375
A_PB2	216	32	N	0	0	30	19.7
A_PB2	217	32	N	0	0	32	20.625
A_PB2	218	30	N	2	0	29	20.551724137931
A_PB2	219	31	N	1	0	31	19.2258064516129
A_PB2	220	30	N	2	0	30	18.7333333333333
A_PB2	221	32	N	0	0	32	20.46875
A_PB2	222	32	N	0	0	30	20.6333333333333
A_PB2	223	32	N	0	0	32	20
A_PB2	224	31	N	0	0	30	21.6
A_PB2	225	30	N	0	0	28	21.8928571428571
A_PB2	226	30	N	0	0	29	21.6896551724138
A_PB2	227	27	N	0	0	27	20.7777777777778
A_PB2	228	26	N	0	0	25	21.68
A_PB2	229	23	N	1	0	22	23.9090909090909
A_PB2	230	22	N	2	0	22	24.3181818181818
A_PB2	231	23	N	1	0	22	25.6818181818182
A_PB2	232	24	N	0	0	23	27.8260869565217
A_PB2	233	24	N	0	0	23	25.6086956521739
A_PB2	234	24	N	0	0	24	23.7083333333333
A_PB2	235	24	N	0	0	23	20.1739130434783
A_PB2	236	24	N	0	0	24	21.625
A_PB2	237	22	N	0	0	19	25.0526315789474
A_PB2	238	20	N	2	0	19	20.2631578947368
A_PB2	239	22	N	0	0	21	21.8571428571429
A_PB2	240	22	N	0	0	20	24.75
A_PB2	241	21	N	0	0	21	24.9047619047619
A_PB2	242	20	N	1	0	20	23.2
A_PB2	243	20	N	0	0	20	21.15
A_PB2	244	20	N	0	0	20	21.4
A_PB2	245	20	N	0	0	18	22.8888888888889
A_PB2	246	19	N	1	0	18	28.5
A_PB2	247	19	N	1	0	19	29.2631578947368
A_PB2	248	16	N	1	0	16	27
A_PB2	249	16	N	1	0	16	27.4375
A_PB2	250	16	N	1	0	16	26.25
A_PB2	251	17	N	0	0	17	24.7058823529412
A_PB2	252	17	N	0	0	17	24.1764705882353
A_PB2	253	17	N	0	0	17	24.5294117647059
A_PB2	254	17	N	0	0	17	22.5882352941176
A_PB2	255	17	N	0	0	16	22.5
A_PB2	256	17	N	0	0	17	24.0588235294118
A_PB2	257	17	N	0	0	17	23.4117647058824
A_PB2	258	17	N	0	0	17	20.5882352941176
A_PB2	259	17	N	0	0	17	19.5294117647059
A_PB2	260	17	N	0	0	17	19.8823529411765
A_PB2	261	17	N	0	0	16	18.75
A_PB2	262	17	N	0	0	15	19.9333333333333
A_PB2	263	17	N	0	0	17	16.2941176470588
A_PB2	264	14	N	1	0	14	16
A_PB2	265	14	N	0	0	14	17.5
A_PB2	266	12	N	2	0	12	16.25
A_PB2	267	14	N	0	0	14	17.7142857142857
A_PB2	268	14	N	0	0	14	18.5714285714286
A_PB2	269	14	N	0	0	14	19.8571428571429
A_PB2	270	14	N	0	0	14	20.8571428571429
A_PB2	271	14	N	0	0	14	20.4285714285714
A_PB2	272	14	N	0	0	14	22
A_PB2	273	14	N	0	0	13	23.4615384615385
A_PB2	274	14	N	0	0	14	22.2857142857143
A_PB2	275	14	N	0	0	14	24.3571428571429
A_PB2	276	14	N	0	0	14	22.4285714285714
A_PB2	277	14	N	0	0	14	20.2857142857143
A_PB2	278	14	N	0	0	14	19.3571428571429
A_PB2	279	13	N	1	0	13	21
A_PB2	280	14	N	0	0	13	22.4615384615385
A_PB2	281	14	N	0	0	14	24.5
A_PB2	282	14	N	0	0	14	24.9285714285714
A_PB2	283	13	N	1	0	13	26.5384615384615
A_PB2	284	13	N	1	0	13	27.3076923076923
A_PB2	285	13	N	1	0	13	26.7692307692308
A_PB2	286	13	N	0	0	12	27.9166666666667
A_PB2	287	12	N	0	0	12	23.25
A_PB2	288	11	N	0	0	10	22.7
A_PB2	289	11	N	0	0	11	23
A_PB2	290	9	N	0	0	9	22.5555555555556
A_PB2	291	8	N	0	0	7	20.5714285714286
A_PB2	292	7	N	0	0	7	22.8571428571429
A_PB2	293	7	N	0	0	7	22.1428571428571
A_PB2	294	7	N	0	0	7	21.8571428571429
A_PB2	295	7	N	0	0	7	22.5714285714286
A_PB2	296	7	N	0	0	7	21.5714285714286
A_PB2	297	7	N	0	0	7	22.4285714285714
A_PB2	298	7	N	0	0	7	21.7142857142857
A_PB2	299	6	N	0	0	5	20.4
A_PB2	300	5	N	0	0	4	23.75
A_PB2	301	5	N	0	0	5	17
A_PB2	302	4	N	1	0	4	16
A_PB2	303	3	N	2	0	3	20
A_PB2	304	4	N	1	0	4	22.5
A_PB2	305	4	N	1	0	4	27.25
A_PB2	306	4	N	1	0	4	28.75
A_PB2	307	5	N	0	0	5	27.8
A_PB2	308	5	N	0	0	5	25.2
A_PB2	309	5	N	0	0	4	23
A_PB2	310	5	N	0	0	5	22.2
A_PB2	311	5	N	0	0	5	23
A_PB2	312	4	N	1	0	4	23
A_PB2	313	5	N	0	0	3	22.3333333333333
A_PB2	314	5	N	0	0	5	20.8
A_PB2	315	5	N	0	0	5	20.6
A_PB2	316	4	N	1	0	4	18.25
A_PB2	317	4	N	1	0	4	22
A_PB2	318	4	N	1	0	4	26.5
A_PB2	319	4	N	1	0	4	27.25
A_PB2	320	4	N	1	0	4	25.75
A_PB2	321	5	N	0	0	5	27.8
A_PB2	322	5	N	0	0	5	27.2
A_PB2	323	5	N	0	0	5	27.6
A_PB2	324	5	N	0	0	4	24.25
A_PB2	325	5	N	0	0	5	21.2
A_PB2	326	5	N	0	0	5	21.2
A_PB2	327	5	N	0	0	5	24.4
A_PB2	328	5	N	0	0	5	24.4
A_PB2	329	5	N	0	0	5	21.8
A_PB2	330	5	N	0	0	5	20.6
A_PB2	331	5	N	0	0	5	20.8
A_PB2	332	5	N	0	0	5	20.4
A_PB2	333	5	N	0	0	5	19.8
A_PB2	334	5	N	0	0	5	20.4
A_PB2	335	4	N	0	0	4	19
A_PB2	336	3	N	1	0	3	22.6666666666667
A_PB2	337	3	N	1	0	3	22.3333333333333
A_PB2	338	4	N	0	0	4	12
A_PB2	339	4	N	0	0	3	9
A_PB2	340	4	N	0	0	4	12.75
A_PB2	341	4	N	0	0	4	13.75
A_PB2	342	4	N	0	0	3	11.6666666666667
A_PB2	343	4	N	0	0	4	19.25
A_PB2	344	4	N	0	0	4	19.5
A_PB2	345	4	N	0	0	3	17
A_PB2	346	4	N	0	0	4	21
A_PB2	347	4	N	0	0	4	21.25
A_PB2	348	4	N	0	0	4	22
A_PB2	349	4	N	0	0	4	22.25
A_PB2	350	4	N	0	0	4	20
A_PB2	351	4	N	0	0	3	16.6666666666667
A_PB2	352	4	N	0	0	4	16.75
A_PB2	353	4	N	0	0	4	14.75
A_PB2	354	4	N	0	0	3	12.6666666666667
A_PB2	355	3	N	1	0	3	21.6666666666667
A_PB2	356	4	N	0	0	4	17.75
A_PB2	357	4	N	0	0	4	20.25
A_PB2	358	4	N	0	0	4	15.5
A_PB2	359	4	N	0	0	4	14.25
A_PB2	360	4	N	0	0	3	10
A_PB2	361	3	N	1	0	3	16.3333333333333
A_PB2	362	3	N	1	0	3	17.6666666666667
A_PB2	363	3	N	1	0	2	17.5
A_PB2	364	3	N	1	0	3	41
A_PB2	365	3	N	1	0	3	39
A_PB2	366	3	N	1	0	2	14.5
A_PB2	367	4	N	0	0	4	16.75
A_PB2	368	4	N	0	0	4	17.25
A_PB2	369	4	N	0	0	4	15.75
A_PB2	370	4	N	0	0	4	16.25
A_PB2	371	4	N	0	0	4	17.25
A_PB2	372	4	N	0	0	4	16.75
A_PB2	373	4	N	0	0	3	19
A_PB2	374	4	N	0	0	4	16.5
A_PB2	375	4	N	0	0	3	14.3333333333333
A_PB2	376	4	N	0	0	4	18.75
A_PB2	377	3	N	0	0	3	19.3333333333333
A_PB2	378	3	N	0	0	2	12.5
A_PB2	379	3	N	0	0	3	18.3333333333333
A_PB2	380	3	N	0	0	3	19.3333333333333
A_PB2	381	3	N	0	0	3	24
A_PB2	382	3	N	0	0	3	27.6666666666667
A_PB2	383	3	N	0	0	3	26
A_PB2	384	3	N	0	0	3	26.3333333333333
A_PB2	385	3	N	0	0	3	20
A_PB2	386	2	N	1	0	2	22
A_PB2	387	3	N	0	0	3	18.3333333333333
A_PB2	388	3	N	0	0	3	17
A_PB2	389	3	N	0	0	3	16
A_PB2	390	3	N	0	0	2	14
A_PB2	391	3	N	0	0	3	10.6666666666667
A_PB2	392	2	N	0	0	2	16
A_PB2	393	1	N	0	0	1	30
A_PB2	394	1	N	0	0	1	30
A_PB2	395	1	N	0	0	1	31
A_PB2	396	1	N	0	0	1	31
A_PB2	397	1	N	0	0	1	28
A_PB2	398	1	N	0	0	1	26
A_PB2	399	1	N	0	0	1	26
A_PB2	400	1	N	0	0	1	28
A_PB2	401	1	N	0	0	1	30
A_PB2	402	1	N	0	0	1	31
A_PB2	403	1	N	0	0	1	27
A_PB2	404	1	N	0	0	1	27
A_PB2	405	1	N	0	0	1	17
A_PB2	406	1	N	0	0	1	18
A_PB2	407	1	N	0	0	1	23
A_PB2	408	1	N	0	0	1	18
A_PB2	409	1	N	0	0	1	16
A_PB2	410	1	N	0	0	1	17
A_PB2	411	1	N	0	0	1	25
A_PB2	412	1	N	0	0	1	30
A_PB2	413	1	N	0	0	1	29
A_PB2	414	1	N	0	0	1	27
A_PB2	415	1	N	0	0	1	26
A_PB2	416	1	N	0	0	1	26
A_PB2	417	1	N	0	0	1	27
A_PB2	418	1	N	0	0	1	28
A_PB2	419	1	N	0	0	1	28
A_PB2	420	1	N	0	0	1	27
A_PB2	421	1	N	0	0	1	27
A_PB2	422	1	N	0	0	1	31
A_PB2	423	1	N	0	0	1	30
A_PB2	424	1	N	0	0	1	29
A_PB2	425	1	N	0	0	1	29
A_PB2	426	1	N	0	0	1	29
A_PB2	427	1	N	0	0	1	30
A_PB2	428	1	N	0	0	1	31
A_PB2	429	1	N	0	0	1	30
A_PB2	430	1	N	0	0	1	29
A_PB2	431	1	N	0	0	1	21
A_PB2	432	1	N	0	0	1	7
A_PB2	433	1	N	0	0	1	7
A_PB2	434	1	N	0	0	1	25
A_PB2	435	1	N	0	0	1	28
A_PB2	436	1	N	0	0	1	29
A_PB2	437	1	N	0	0	1	29
A_PB2	438	1	N	0	0	1	30
A_PB2	439	1	N	0	0	1	29
A_PB2	440	1	N	0	0	1	27
A_PB2	441	1	N	0	0	1	23
A_PB2	442	1	N	0	0	1	20
A_PB2	443	1	N	0	0	1	13
A_PB2	444	1	N	0	0	1	14
A_PB2	445	1	N	0	0	1	15
A_PB2	446	1	N	0	0	1	15
A_PB2	447	1	N	0	0	1	18
A_PB2	448	1	N	0	0	1	24
A_PB2	449	1	N	0	0	1	28
A_PB2	450	1	N	0	0	1	28
A_PB2	451	1	N	0	0	1	28
A_PB2	452	1	N	0	0	1	26
A_PB2	453	1	N	0	0	1	27
A_PB2	454	1	N	0	0	1	26
A_PB2	455	1	N	0	0	1	27
A_PB2	456	1	N	0	0	1	29
A_PB2	457	1	N	0	0	1	31
A_PB2	458	1	N	0	0	1	31
A_PB2	459	1	N	0	0	1	31
A_PB2	460	1	N	0	0	1	29
A_PB2	461	1	N	0	0	1	29
A_PB2	462	1	N	0	0	1	28
A_PB2	463	1	N	0	0	1	26
A_PB2	464	1	N	0	0	1	28
A_PB2	465	1	N	0	0	1	28
A_PB2	466	1	N	0	0	1	29
A_PB2	467	1	N	0	0	1	32
A_PB2	468	1	N	0	0	1	28
A_PB2	469	1	N	0	0	1	28
A_PB2	470	1	N	0	0	1	25
A_PB2	471	1	N	0	0	1	25
A_PB2	472	1	N	0	0	1	31
A_PB2	473	1	N	0	0	1	30
A_PB2	474	1	N	0	0	1	31
A_PB2	475	1	N	0	0	1	30
A_PB2	476	1	N	0	0	1	32
A_PB2	477	1	N	0	0	1	35
A_PB2	478	1	N	0	0	1	31
A_PB2	479	1	N	0	0	1	31
A_PB2	480	1	N	0	0	1	31
A_PB2	481	1	N	0	0	1	30
A_PB2	482	1	N	0	0	1	31
A_PB2	483	1	N	0	0	1	25
A_PB2	484	1	N	0	0	1	21
A_PB2	485	1	N	0	0	1	21
A_PB2	486	1	N	0	0	1	21
A_PB2	487	1	N	0	0	1	22
A_PB2	488	1	N	0	0	1	29
A_PB2	489	1	N	0	0	1	24
A_PB2	490	1	N	0	0	1	24
A_PB2	491	1	N	0	0	1	29
A_PB2	492	1	N	0	0	1	29
A_PB2	493	1	N	0	0	1	30
A_PB2	494	1	N	0	0	1	31
A_PB2	495	1	N	0	0	1	28
A_PB2	496	1	N	0	0	1	27
A_PB2	497	1	N	0	0	1	27
A_PB2	498	1	N	0	0	1	27
A_PB2	499	1	N	0	0	1	19
A_PB2	500	1	N	0	0	1	17
A_PB2	501	1	N	0	0	1	14
A_PB2	502	1	N	0	0	1	12
A_PB2	503	1	N	0	0	1	12
A_PB2	504	1	N	0	0	1	20
A_PB2	505	1	N	0	0	1	7
A_PB2	506	1	N	0	0	1	6
A_PB2	507	1	N	0	0	1	6
A_PB2	508	1	N	0	0	1	8
A_PB2	509	1	N	0	0	1	6
A_PB2	510	1	N	0	0	1	24
A_PB2	511	1	N	0	0	1	24
A_PB2	512	1	N	0	0	1	23
A_PB2	513	1	N	0	0	1	23
A_PB2	514	1	N	0	0	1	23
A_PB2	515	1	N	0	0	1	22
A_PB2	516	1	N	0	0	1	25
A_PB2	517	1	N	0	0	1	26
A_PB2	518	1	N	0	0	1	26
A_PB2	519	1	N	0	0	1	26
A_PB2	520	1	N	0	0	1	26
A_PB2	521	1	N	0	0	1	25
A_PB2	522	1	N	0	0	1	25
A_PB2	523	1	N	0	0	1	29
A_PB2	524	1	N	0	0	1	29
A_PB2	525	1	N	0	0	1	28
A_PB2	526	1	N	0	0	1	26
A_PB2	527	1	N	0	0	1	28
A_PB2	528	1	N	0	0	1	28
A_PB2	529	1	N	0	0	1	29
A_PB2	530	1	N	0	0	1	28
A_PB2	531	1	N	0	0	1	28
A_PB2	532	1	N	0	0	1	29
A_PB2	533	1	N	0	0	1	28
A_PB2	534	1	N	0	0	1	27
A_PB2	535	1	N	0	0	1	28
A_PB2	536	1	N	0	0	1	27
A_PB2	537	1	N	0	0	1	27
A_PB2	538	1	N	0	0	1	27
A_PB2	539	1	N	0	0	1	24
A_PB2	540	1	N	0	0	1	14
A_PB2	541	1	N	0	0	1	90
A_PB2	542	1	N	0	0	1	14
A_PB2	543	1	N	0	0	1	90
A_PB2	544	1	N	0	0	1	19
A_PB2	545	1	N	0	0	1	14
A_PB2	546	1	N	0	0	1	15
A_PB2	547	1	N	0	0	1	16
A_PB2	548	1	N	0	0	1	16
A_PB2	549	1	N	0	0	1	17
A_PB2	550	1	N	0	0	1	27
A_PB2	551	1	N	0	0	1	24
A_PB2	552	1	N	0	0	1	25
A_PB2	553	1	N	0	0	1	20
A_PB2	554	1	N	0	0	1	21
A_PB2	555	1	N	0	0	1	25
A_PB2	556	1	N	0	0	1	25
A_PB2	557	1	N	0	0	1	25
A_PB2	558	1	N	0	0	1	25
A_PB2	559	1	N	0	0	1	22
A_PB2	560	1	N	0	0	1	22
A_PB2	561	1	N	0	0	1	24
A_PB2	562	1	N	0	0	1	22
A_PB2	563	1	N	0	0	1	23
A_PB2	564	1	N	0	0	1	15
A_PB2	565	1	N	0	0	1	8
A_PB2	566	1	N	0	0	1	8
A_PB2	567	1	N	0	0	1	8
A_PB2	568	1	N	0	0	1	15
A_PB2	569	1	N	0	0	1	17
A_PB2	570	1	N	0	0	1	17
A_PB2	571	1	N	0	0	1	23
A_PB2	572	1	N	0	0	1	18
A_PB2	573	1	N	0	0	1	9
A_PB2	574	1	N	0	0	1	8
A_PB2	575	1	N	0	0	1	8
A_PB2	576	1	N	0	0	1	7
A_PB2	577	1	N	0	0	1	5
A_PB2	578	1	N	0	0	1	7
A_PB2	579	1	N	0	0	1	9
A_PB2	580	1	N	0	0	1	9
A_PB2	581	1	N	0	0	1	10
A_PB2	582	1	N	0	0	1	12
A_PB2	583	1	N	0	0	1	11
A_PB2	584	1	N	0	0	1	10
A_PB2	585	1	N	0	0	1	13
A_PB2	586	1	N	0	0	1	14
A_PB2	587	1	N	0	0	1	14
A_PB2	588	1	N	0	0	1	33
A_PB2	589	1	N	0	0	1	31
A_PB2	590	1	N	0	0	1	31
A_PB2	591	1	N	0	0	1	32
A_PB2	592	1	N	0	0	1	31
A_PB2	593	1	N	0	0	1	26
A_PB2	594	1	N	0	0	1	27
A_PB2	595	1	N	0	0	1	27
A_PB2	596	1	N	0	0	1	25
A_PB2	597	1	N	0	0	1	24
A_PB2	598	1	N	0	0	1	17
A_PB2	599	1	N	0	0	1	14
A_PB2	600	1	N	0	0	1	21
A_PB2	601	1	N	0	0	1	27
A_PB2	602	1	N	0	0	1	29
A_PB2	603	1	N	0	0	1	26
A_PB2	604	1	N	0	0	1	25
A_PB2	605	1	N	0	0	1	22
A_PB2	606	1	N	0	0	1	23
A_PB2	607	1	N	0	0	1	19
A_PB2	608	1	N	0	0	1	19
A_PB2	609	1	N	0	0	1	18
A_PB2	610	1	N	0	0	1	22
A_PB2	611	1	N	0	0	1	32
A_PB2	612	1	N	0	0	1	28
A_PB2	613	1	N	0	0	1	28
A_PB2	614	1	N	0	0	1	28
A_PB2	615	1	N	0	0	1	28
A_PB2	616	1	N	0	0	1	30
A_PB2	617	1	N	0	0	1	29
A_PB2	618	1	N	0	0	1	28
A_PB2	619	1	N	0	0	1	28
A_PB2	620	1	N	0	0	1	29
A_PB2	621	1	N	0	0	1	33
A_PB2	622	1	N	0	0	1	33
A_PB2	623	1	N	0	0	1	28
A_PB2	624	1	N	0	0	1	32
A_PB2	625	1	N	0	0	1	32
A_PB2	626	1	N	0	0	1	32
A_PB2	627	1	N	0	0	1	26
A_PB2	628	1	N	0	0	1	23
A_PB2	629	1	N	0	0	1	23
A_PB2	630	1	N	0	0	1	23
A_PB2	631	1	N	0	0	1	24
A_PB2	632	1	N	0	0	1	31
A_PB2	633	1	N	0	0	1	33
A_PB2	634	1	N	0	0	1	32
A_PB2	635	1	N	0	0	1	32
A_PB2	636	1	N	0	0	1	33
A_PB2	637	1	N	0	0	1	33
A_PB2	638	1	N	0	0	1	34
A_PB2	639	1	N	0	0	1	27
A_PB2	640	1	N	0	0	1	26
A_PB2	641	1	N	0	0	1	26
A_PB2	642	1	N	0	0	1	25
A_PB2	643	1	N	0	0	1	25
A_PB2	644	1	N	0	0	1	21
A_PB2	645	1	N	0	0	1	24
A_PB2	646	1	N	0	0	1	29
A_PB2	647	1	N	0	0	1	30
A_PB2	648	1	N	0	0	1	31
A_PB2	649	1	N	0	0	1	32
A_PB2	650	1	N	0	0	1	31
A_PB2	651	1	N	0	0	1	31
A_PB2	652	1	N	0	0	1	31
A_PB2	653	1	N	0	0	1	30
A_PB2	654	1	N	0	0	1	29
A_PB2	655	1	N	0	0	1	21
A_PB2	656	1	N	0	0	1	14
A_PB2	657	1	N	0	0	1	12
A_PB2	658	1	N	0	0	1	14
A_PB2	659	1	N	0	0	1	11
A_PB2	660	1	N	0	0	1	6
A_PB2	661	1	N	0	0	1	17
A_PB2	662	1	N	0	0	1	14
A_PB2	663	1	N	0	0	1	11
A_PB2	664	1	N	0	0	1	11
A_PB2	665	1	N	0	0	1	10
A_PB2	666	1	N	0	0	1	11
A_PB2	667	1	N	0	0	1	11
A_PB2	668	1	N	0	0	1	23
A_PB2	669	1	N	0	0	1	25
A_PB2	670	1	N	0	0	1	26
A_PB2	671	1	N	0	0	1	25
A_PB2	672	1	N	0	0	1	25
A_PB2	673	1	N	0	0	1	24
A_PB2	674	1	N	0	0	1	27
A_PB2	675	1	N	0	0	1	26
A_PB2	676	1	N	0	0	1	25
A_PB2	677	1	N	0	0	1	26
A_PB2	678	1	N	0	0	1	28
A_PB2	679	1	N	0	0	1	28
A_PB2	680	1	N	0	0	1	27
A_PB2	681	1	N	0	0	1	27
A_PB2	682	1	N	0	0	1	26
A_PB2	683	1	N	0	0	1	25
A_PB2	684	1	N	0	0	1	26
A_PB2	685	1	N	0	0	1	26
A_PB2	686	1	N	0	0	1	28
A_PB2	687	1	N	0	0	1	26
A_PB2	688	1	N	0	0	1	16
A_PB2	689	1	N	0	0	1	27
A_PB2	690	1	N	0	0	1	28
A_PB2	691	1	N	0	0	1	28
A_PB2	692	1	N	0	0	1	28
A_PB2	693	1	N	0	0	1	21
A_PB2	694	1	N	0	0	1	8
A_PB2	695	1	N	0	0	1	23
A_PB2	696	1	N	0	0	1	28
A_PB2	697	1	N	0	0	1	20
A_PB2	698	1	N	0	0	1	19
A_PB2	699	1	N	0	0	1	26
A_PB2	700	1	N	0	0	1	26
A_PB2	701	1	N	0	0	1	25
A_PB2	702	1	N	0	0	1	15
A_PB2	703	1	N	0	0	1	15
A_PB2	704	1	N	0	0	1	15
A_PB2	705	1	N	0	0	1	15
A_PB2	706	1	N	0	0	1	33
A_PB2	707	1	N	0	0	1	90
A_PB2	708	1	N	0	0	1	30
A_PB2	709	1	N	0	0	1	24
A_PB2	710	1	N	0	0	1	16
A_PB2	711	1	N	0	0	1	8
A_PB2	712	1	N	0	0	1	8
A_PB2	713	1	N	0	0	1	12
A_PB2	714	1	N	0	0	1	15
A_PB2	715	1	N	0	0	1	15
A_PB2	716	1	N	0	0	1	15
A_PB2	717	1	N	0	0	1	15
A_PB2	718	1	N	0	0	1	16
A_PB2	719	1	N	0	0	1	19
A_PB2	720	1	N	0	0	1	21
A_PB2	721	1	N	0	0	1	25
A_PB2	722	1	N	0	0	1	8
A_PB2	723	1	N	0	0	1	7
A_PB2	724	1	N	0	0	1	19
A_PB2	725	1	N	0	0	1	19
A_PB2	726	1	N	0	0	1	20
A_PB2	727	1	N	0	0	1	32
A_PB2	728	1	N	0	0	1	35
A_PB2	729	1	N	0	0	1	25
A_PB2	730	1	N	0	0	1	25
A_PB2	731	1	N	0	0	1	24
A_PB2	732	1	N	0	0	1	26
A_PB2	733	1	N	0	0	1	45
A_PB2	734	1	N	0	0	1	33
A_PB2	735	1	N	0	0	1	30
A_PB2	736	1	N	0	0	1	25
A_PB2	737	1	N	0	0	1	28
A_PB2	738	1	N	0	0	1	29
A_PB2	739	1	N	0	0	1	29
A_PB2	740	1	N	0	0	1	31
A_PB2	741	1	N	0	0	1	30
A_PB2	742	1	N	0	0	1	31
A_PB2	743	1	N	0	0	1	31
A_PB2	744	1	N	0	0	1	33
A_PB2	745	1	N	0	0	1	28
A_PB2	746	1	N	0	0	1	25
A_PB2	747	1	N	0	0	1	26
A_PB2	748	1	N	0	0	1	26
A_PB2	749	1	N	0	0	1	26
A_PB2	750	1	N	0	0	1	26
A_PB2	751	1	N	0	0	1	34
A_PB2	752	1	N	0	0	1	35
A_PB2	753	1	N	0	0	1	35
A_PB2	754	1	N	0	0	1	30
A_PB2	755	1	N	0	0	1	29
A_PB2	756	1	N	0	0	1	18
A_PB2	757	1	N	0	0	1	18
A_PB2	758	1	N	0	0	1	16
A_PB2	759	1	N	0	0	1	15
A_PB2	760	1	N	0	0	1	15
A_PB2	761	1	N	0	0	1	15
A_PB2	762	1	N	0	0	1	15
A_PB2	763	1	N	0	0	1	31
A_PB2	764	1	N	0	0	1	30
A_PB2	765	1	N	0	0	1	29
A_PB2	766	1	N	0	0	1	28
A_PB2	767	1	N	0	0	1	28
A_PB2	768	1	N	0	0	1	27
A_PB2	769	1	N	0	0	1	28
A_PB2	770	1	N	0	0	1	28
A_PB2	771	1	N	0	0	1	28
A_PB2	772	1	N	0	0	1	28
A_PB2	773	1	N	0	0	1	27
A_PB2	774	1	N	0	0	1	25
A_PB2	775	1	N	0	0	1	24
A_PB2	776	1	N	0	0	1	24
A_PB2	777	1	N	0	0	1	25
A_PB2	778	1	N	0	0	1	30
A_PB2	779	1	N	0	0	1	34
A_PB2	780	1	N	0	0	1	35
A_PB2	781	1	N	0	0	1	36
A_PB2	782	1	N	0	0	1	33
A_PB2	783	1	N	0	0	1	31
A_PB2	784	1	N	0	0	1	30
A_PB2	785	1	N	0	0	1	29
A_PB2	786	1	N	0	0	1	31
A_PB2	787	1	N	0	0	1	31
A_PB2	788	1	N	0	0	1	31
A_PB2	789	1	N	0	0	1	28
A_PB2	790	1	N	0	0	1	24
A_PB2	791	1	N	0	0	1	25
A_PB2	792	1	N	0	0	1	24
A_PB2	793	1	N	0	0	1	25
A_PB2	794	1	N	0	0	1	26
A_PB2	795	1	N	0	0	1	26
A_PB2	796	1	N	0	0	1	27
A_PB2	797	1	N	0	0	1	26
A_PB2	798	1	N	0	0	1	26
A_PB2	799	1	N	0	0	1	27
A_PB2	800	1	N	0	0	1	31
A_PB2	801	1	N	0	0	1	32
A_PB2	802	1	N	0	0	1	33
A_PB2	803	1	N	0	0	1	33
A_PB2	804	1	N	0	0	1	29
A_PB2	805	1	N	0	0	1	28
A_PB2	806	1	N	0	0	1	27
A_PB2	807	1	N	0	0	1	27
A_PB2	808	1	N	0	0	1	29
A_PB2	809	1	N	0	0	1	28
A_PB2	810	1	N	0	0	1	27
A_PB2	811	1	N	0	0	1	28
A_PB2	812	1	N	0	0	1	25
A_PB2	813	1	N	0	0	1	26
A_PB2	814	1	N	0	0	1	27
A_PB2	815	1	N	0	0	1	26
A_PB2	816	1	N	0	0	1	29
A_PB2	817	1	N	0	0	1	26
A_PB2	818	1	N	0	0	1	25
A_PB2	819	1	N	0	0	1	25
A_PB2	820	1	N	0	0	1	21
A_PB2	821	1	N	0	0	1	16
A_PB2	822	1	N	0	0	1	22
A_PB2	823	1	N	0	0	1	19
A_PB2	824	1	N	0	0	1	19
A_PB2	825	1	N	0	0	1	19
A_PB2	826	1	N	0	0	1	19
A_PB2	827	1	N	0	0	1	25
A_PB2	828	1	N	0	0	1	27
A_PB2	829	1	N	0	0	1	24
A_PB2	830	1	N	0	0	1	23
A_PB2	831	1	N	0	0	1	24
A_PB2	832	1	N	0	0	1	24
A_PB2	833	1	N	0	0	1	24
A_PB2	834	1	N	0	0	1	23
A_PB2	835	1	N	0	0	1	24
A_PB2	836	1	N	0	0	1	26
A_PB2	837	1	N	0	0	1	25
A_PB2	838	1	N	0	0	1	24
A_PB2	839	1	N	0	0	1	20
A_PB2	840	1	N	0	0	1	21
A_PB2	841	1	N	0	0	1	21
A_PB2	842	1	N	0	0	1	28
A_PB2	843	1	N	0	0	1	14
A_PB2	844	1	N	0	0	1	14
A_PB2	845	1	N	0	0	1	14
A_PB2	846	1	N	0	0	1	27
A_PB2	847	1	N	0	0	1	31
A_PB2	848	1	N	0	0	1	25
A_PB2	849	1	N	0	0	1	26
A_PB2	850	1	N	0	0	1	26
A_PB2	851	1	N	0	0	1	29
A_PB2	852	1	N	0	0	1	29
A_PB2	853	1	N	0	0	1	26
A_PB2	854	1	N	0	0	1	25
A_PB2	855	1	N	0	0	1	25
A_PB2	856	1	N	0	0	1	22
A_PB2	857	1	N	0	0	1	22
A_PB2	858	1	N	0	0	1	22
A_PB2	859	1	N	0	0	1	24
A_PB2	860	1	N	0	0	1	24
A_PB2	861	1	N	0	0	1	28
A_PB2	862	1	N	0	0	1	26
A_PB2	863	1	N	0	0	1	27
A_PB2	864	1	N	0	0	1	27
A_PB2	865	1	N	0	0	1	18
A_PB2	866	1	N	0	0	1	17
A_PB2	867	1	N	0	0	1	17
A_PB2	868	1	N	0	0	1	17
A_PB2	869	1	N	0	0	1	17
A_PB2	870	1	N	0	0	1	20
A_PB2	871	1	N	0	0	1	19
A_PB2	872	1	N	0	0	1	19
A_PB2	873	1	N	0	0	1	18
A_PB2	874	1	N	0	0	1	28
A_PB2	875	1	N	0	0	1	26
A_PB2	876	1	N	0	0	1	26
A_PB2	877	1	N	0	0	1	26
A_PB2	878	1	N	0	0	1	28
A_PB2	879	1	N	0	0	1	31
A_PB2	880	1	N	0	0	1	36
A_PB2	881	1	N	0	0	1	34
A_PB2	882	1	N	0	0	1	35
A_PB2	883	1	N	0	0	1	28
A_PB2	884	1	N	0	0	1	29
A_PB2	885	1	N	0	0	1	29
A_PB2	886	1	N	0	0	1	28
A_PB2	887	1	N	0	0	1	28
A_PB2	888	1	N	0	0	1	30
A_PB2	889	1	N	0	0	1	28
A_PB2	890	1	N	0	0	1	24
A_PB2	891	1	N	0	0	1	20
A_PB2	892	1	N	0	0	1	16
A_PB2	893	1	N	0	0	1	14
A_PB2	894	1	N	0	0	1	9
A_PB2	895	1	N	0	0	1	9
A_PB2	896	1	N	0	0	1	9
A_PB2	897	1	N	0	0	1	25
A_PB2	898	1	N	0	0	1	25
A_PB2	899	1	N	0	0	1	26
A_PB2	900	1	N	0	0	1	27
A_PB2	901	1	N	0	0	1	27
A_PB2	902	1	N	0	0	1	28
A_PB2	903	1	N	0	0	1	25
A_PB2	904	1	N	0	0	1	24
A_PB2	905	1	N	0	0	1	25
A_PB2	906	1	N	0	0	1	24
A_PB2	907	1	N	0	0	1	24
A_PB2	908	1	N	0	0	1	25
A_PB2	909	1	N	0	0	1	26
A_PB2	910	1	N	0	0	1	32
A_PB2	911	1	N	0	0	1	32
A_PB2	912	1	N	0	0	1	30
A_PB2	913	1	N	0	0	1	30
A_PB2	914	1	N	0	0	1	28
A_PB2	915	1	N	0	0	1	24
A_PB2	916	1	N	0	0	1	21
A_PB2	917	1	N	0	0	1	21
A_PB2	918	1	N	0	0	1	19
A_PB2	919	1	N	0	0	1	16
A_PB2	920	1	N	0	0	1	18
A_PB2	921	1	N	0	0	1	28
A_PB2	922	1	N	0	0	1	27
A_PB2	923	1	N	0	0	1	29
A_PB2	924	1	N	0	0	1	33
A_PB2	925	1	N	0	0	1	33
A_PB2	926	1	N	0	0	1	30
A_PB2	927	1	N	0	0	1	28
A_PB2	928	1	N	0	0	1	30
A_PB2	929	1	N	0	0	1	28
A_PB2	930	1	N	0	0	1	25
A_PB2	931	1	N	0	0	1	25
A_PB2	932	1	N	0	0	1	25
A_PB2	933	1	N	0	0	1	26
A_PB2	934	1	N	0	0	1	30
A_PB2	935	1	N	0	0	1	31
A_PB2	936	1	N	0	0	1	33
A_PB2	937	1	N	0	0	1	33
A_PB2	938	1	N	0	0	1	38
A_PB2	939	1	N	0	0	1	90
A_PB2	940	1	N	0	0	1	38
A_PB2	941	1	N	0	0	1	36
A_PB2	942	1	N	0	0	1	31
A_PB2	943	1	N	0	0	1	31
A_PB2	944	1	N	0	0	1	29
A_PB2	945	1	N	0	0	1	29
A_PB2	946	1	N	0	0	1	30
A_PB2	947	1	N	0	0	1	30
A_PB2	948	1	N	0	0	1	30
A_PB2	949	1	N	0	0	1	28
A_PB2	950	1	N	0	0	1	28
A_PB2	951	1	N	0	0	1	28
A_PB2	952	1	N	0	0	1	33
A_PB2	953	1	N	0	0	1	33
A_PB2	954	1	N	0	0	1	26
A_PB2	955	1	N	0	0	1	26
A_PB2	956	1	N	0	0	1	29
A_PB2	957	1	N	0	0	1	32
A_PB2	958	1	N	0	0	1	31
A_PB2	959	1	N	0	0	1	34
A_PB2	960	1	N	0	0	1	90
A_PB2	961	1	N	0	0	1	38
A_PB2	962	1	N	0	0	1	32
A_PB2	963	1	N	0	0	1	31
A_PB2	964	1	N	0	0	1	27
A_PB2	965	1	N	0	0	1	28
A_PB2	966	1	N	0	0	1	27
A_PB2	967	1	N	0	0	1	24
A_PB2	968	1	N	0	0	1	23
A_PB2	969	1	N	0	0	1	22
A_PB2	970	1	N	0	0	1	22
A_PB2	971	1	N	0	0	1	19
A_PB2	972	1	N	0	0	1	18
A_PB2	973	1	N	0	0	1	9
A_PB2	974	1	N	0	0	1	7
A_PB2	975	1	N	0	0	1	6
A_PB2	976	1	N	0	0	1	5
A_PB2	977	1	N	0	0	1	3
A_PB2	978	1	N	0	0	1	5
A_PB2	979	1	N	0	0	1	6
A_PB2	980	1	N	0	0	1	6
A_PB2	981	1	N	0	0	1	8
A_PB2	982	1	N	0	0	1	21
A_PB2	983	1	N	0	0	1	22
A_PB2	984	1	N	0	0	1	21
A_PB2	985	1	N	0	0	1	17
A_PB2	986	1	N	0	0	1	19
A_PB2	987	1	N	0	0	1	23
A_PB2	988	1	N	0	0	1	23
A_PB2	989	1	N	0	0	1	25
A_PB2	990	1	N	0	0	1	20
A_PB2	991	1	N	0	0	1	20
A_PB2	992	1	N	0	0	1	21
A_PB2	993	1	N	0	0	1	25
A_PB2	994	1	N	0	0	1	28
A_PB2	995	1	N	0	0	1	26
A_PB2	996	1	N	0	0	1	27
A_PB2	997	1	N	0	0	1	27
A_PB2	998	1	N	0	0	1	27
A_PB2	999	1	N	0	0	1	29
A_PB2	1000	1	N	0	0	1	28
A_PB2	1001	1	N	0	0	1	29
A_PB2	1002	1	N	0	0	1	30
A_PB2	1003	1	N	0	0	1	31
A_PB2	1004	1	N	0	0	1	31
A_PB2	1005	1	N	0	0	1	29
A_PB2	1006	1	N	0	0	1	25
A_PB2	1007	1	N	0	0	1	24
A_PB2	1008	1	N	0	0	1	24
A_PB2	1009	1	N	0	0	1	32
A_PB2	1010	1	N	0	0	1	30
A_PB2	1011	1	N	0	0	1	32
A_PB2	1012	1	N	0	0	1	36
A_PB2	1013	1	N	0	0	1	39
A_PB2	1014	1	N	0	0	1	27
A_PB2	1015	1	N	0	0	1	26
A_PB2	1016	1	N	0	0	1	25
A_PB2	1017	1	N	0	0	1	25
A_PB2	1018	1	N	0	0	1	28
A_PB2	1019	1	N	0	0	1	26
A_PB2	1020	1	N	0	0	1	26
A_PB2	1021	1	N	0	0	1	26
A_PB2	1022	1	N	0	0	1	25
A_PB2	1023	1	N	0	0	1	27
A_PB2	1024	1	N	0	0	1	27
A_PB2	1025	1	N	0	0	1	27
A_PB2	1026	1	N	0	0	1	28
A_PB2	1027	1	N	0	0	1	28
A_PB2	1028	1	N	0	0	1	31
A_PB2	1029	1	N	0	0	1	31
A_PB2	1030	1	N	0	0	1	34
A_PB2	1031	1	N	0	0	1	30
A_PB2	1032	1	N	0	0	1	30
A_PB2	1033	1	N	0	0	1	30
A_PB2	1034	1	N	0	0	1	30
A_PB2	1035	1	N	0	0	1	30
A_PB2	1036	1	N	0	0	1	32
A_PB2	1037	1	N	0	0	1	32
A_PB2	1038	1	N	0	0	1	33
A_PB2	1039	1	N	0	0	1	34
A_PB2	1040	1	N	0	0	1	35
A_PB2	1041	1	N	0	0	1	33
A_PB2	1042	1	N	0	0	1	31
A_PB2	1043	1	N	0	0	1	32
A_PB2	1044	1	N	0	0	1	30
A_PB2	1045	1	N	0	0	1	36
A_PB2	1046	1	N	0	0	1	29
A_PB2	1047	1	N	0	0	1	29
A_PB2	1048	1	N	0	0	1	11
A_PB2	1049	1	N	0	0	1	11
A_PB2	1050	1	N	0	0	1	25
A_PB2	1051	1	N	0	0	1	15
A_PB2	1052	1	N	0	0	1	28
A_PB2	1053	1	N	0	0	1	27
A_PB2	1054	1	N	0	0	1	27
A_PB2	1055	1	N	0	0	1	26
A_PB2	1056	1	N	0	0	1	26
A_PB2	1057	1	N	0	0	1	31
A_PB2	1058	1	N	0	0	1	31
A_PB2	1059	1	N	0	0	1	28
A_PB2	1060	1	N	0	0	1	29
A_PB2	1061	1	N	0	0	1	30
A_PB2	1062	1	N	0	0	1	29
A_PB2	1063	1	N	0	0	1	26
A_PB2	1064	1	N	0	0	1	24
A_PB2	1065	1	N	0	0	1	24
A_PB2	1066	1	N	0	0	1	24
A_PB2	1067	1	N	0	0	1	32
A_PB2	1068	1	N	0	0	1	33
A_PB2	1069	1	N	0	0	1	34
A_PB2	1070	1	N	0	0	1	29
A_PB2	1071	1	N	0	0	1	29
A_PB2	1072	1	N	0	0	1	32
A_PB2	1073	1	N	0	0	1	30
A_PB2	1074	1	N	0	0	1	12
A_PB2	1075	1	N	0	0	1	12
A_PB2	1076	1	N	0	0	1	11
A_PB2	1077	1	N	0	0	1	12
A_PB2	1078	1	N	0	0	1	31
A_PB2	1079	1	N	0	0	1	27
A_PB2	1080	1	N	0	0	1	22
A_PB2	1081	1	N	0	0	1	20
A_PB2	1082	1	N	0	0	1	18
A_PB2	1083	1	N	0	0	1	19
A_PB2	1084	1	N	0	0	1	20
A_PB2	1085	1	N	0	0	1	12
A_PB2	1086	1	N	0	0	1	15
A_PB2	1087	1	N	0	0	1	24
A_PB2	1088	1	N	0	0	1	28
A_PB2	1089	1	N	0	0	1	30
A_PB2	1090	1	N	0	0	1	39
A_PB2	1091	1	N	0	0	1	37
A_PB2	1092	1	N	0	0	1	31
A_PB2	1093	1	N	0	0	1	22
A_PB2	1094	1	N	0	0	1	25
A_PB2	1095	1	N	0	0	1	26
A_PB2	1096	1	N	0	0	1	29
A_PB2	1097	1	N	0	0	1	30
A_PB2	1098	1	N	0	0	1	29
A_PB2	1099	1	N	0	0	1	28
A_PB2	1100	1	N	0	0	1	25
A_PB2	1101	1	N	0	0	1	24
A_PB2	1102	1	N	0	0	1	25
A_PB2	1103	1	N	0	0	1	28
A_PB2	1104	1	N	0	0	1	29
A_PB2	1105	1	N	0	0	1	30
A_PB2	1106	1	N	0	0	1	28
A_PB2	1107	1	N	0	0	1	27
A_PB2	1108	1	N	0	0	1	30
A_PB2	1109	1	N	0	0	1	37
A_PB2	1110	1	N	0	0	1	32
A_PB2	1111	1	N	0	0	1	31
A_PB2	1112	1	N	0	0	1	29
A_PB2	1113	1	N	0	0	1	30
A_PB2	1114	1	N	0	0	1	27
A_PB2	1115	1	N	0	0	1	25
A_PB2	1116	1	N	0	0	1	21
A_PB2	1117	1	N	0	0	1	20
A_PB2	1118	1	N	0	0	1	19
A_PB2	1119	1	N	0	0	1	18
A_PB2	1120	1	N	0	0	1	14
A_PB2	1121	1	N	0	0	1	14
A_PB2	1122	1	N	0	0	1	13
A_PB2	1123	1	N	0	0	1	13
A_PB2	1124	1	N	0	0	1	19
A_PB2	1125	1	N	0	0	1	20
A_PB2	1126	1	N	0	0	1	29
A_PB2	1127	1	N	0	0	1	32
A_PB2	1128	1	N	0	0	1	31
A_PB2	1129	1	N	0	0	1	32
A_PB2	1130	1	N	0	0	1	35
A_PB2	1131	1	N	0	0	1	39
A_PB2	1132	1	N	0	0	1	27
A_PB2	1133	1	N	0	0	1	26
A_PB2	1134	1	N	0	0	1	26
A_PB2	1135	1	N	0	0	1	27
A_PB2	1136	1	N	0	0	1	28
A_PB2	1137	1	N	0	0	1	28
A_PB2	1138	1	N	0	0	1	30
A_PB2	1139	1	N	0	0	1	30
A_PB2	1140	1	N	0	0	1	31
A_PB2	1141	1	N	0	0	1	32
A_PB2	1142	1	N	0	0	1	36
A_PB2	1143	1	N	0	0	1	42
A_PB2	1144	1	N	0	0	1	35
A_PB2	1145	1	N	0	0	1	31
A_PB2	1146	1	N	0	0	1	30
A_PB2	1147	1	N	0	0	1	28
A_PB2	1148	1	N	0	0	1	28
A_PB2	1149	1	N	0	0	1	31
A_PB2	1150	1	N	0	0	1	22
A_PB2	1151	1	N	0	0	1	9
A_PB2	1152	1	N	0	0	1	9
A_PB2	1153	1	N	0	0	1	28
A_PB2	1154	1	N	0	0	1	90
A_PB2	1155	1	N	0	0	1	25
A_PB2	1156	1	N	0	0	1	27
A_PB2	1157	1	N	0	0	1	37
A_PB2	1158	1	N	0	0	1	34
A_PB2	1159	1	N	0	0	1	31
A_PB2	1160	1	N	0	0	1	32
A_PB2	1161	1	N	0	0	1	31
A_PB2	1162	1	N	0	0	1	33
A_PB2	1163	1	N	0	0	1	32
A_PB2	1164	1	N	0	0	1	32
A_PB2	1165	1	N	0	0	1	35
A_PB2	1166	1	N	0	0	1	26
A_PB2	1167	1	N	0	0	1	25
A_PB2	1168	1	N	0	0	1	25
A_PB2	1169	1	N	0	0	1	26
A_PB2	1170	1	N	0	0	1	30
A_PB2	1171	1	N	0	0	1	31
A_PB2	1172	1	N	0	0	1	28
A_PB2	1173	1	N	0	0	1	27
A_PB2	1174	1	N	0	0	1	21
A_PB2	1175	1	N	0	0	1	20
A_PB2	1176	1	N	0	0	1	10
A_PB2	1177	1	N	0	0	1	8
A_PB2	1178	1	N	0	0	1	8
A_PB2	1179	1	N	0	0	1	10
A_PB2	1180	1	N	0	0	1	10
A_PB2	1181	1	N	0	0	1	9
A_PB2	1182	1	N	0	0	1	7
A_PB2	1183	1	N	0	0	1	9
A_PB2	1184	1	N	0	0	1	24
A_PB2	1185	1	N	0	0	1	23
A_PB2	1186	1	N	0	0	1	26
A_PB2	1187	1	N	0	0	1	29
A_PB2	1188	1	N	0	0	1	32
A_PB2	1189	1	N	0	0	1	36
A_PB2	1190	1	N	0	0	1	33
A_PB2	1191	1	N	0	0	1	25
A_PB2	1192	1	N	0	0	1	28
A_PB2	1193	1	N	0	0	1	27
A_PB2	1194	1	N	0	0	1	27
A_PB2	1195	1	N	0	0	1	28
A_PB2	1196	1	N	0	0	1	30
A_PB2	1197	1	N	0	0	1	33
A_PB2	1198	1	N	0	0	1	36
A_PB2	1199	1	N	0	0	1	19
A_PB2	1200	1	N	0	0	1	18
A_PB2	1201	1	N	0	0	1	17
A_PB2	1202	1	N	0	0	1	17
A_PB2	1203	1	N	0	0	1	22
A_PB2	1204	1	N	0	0	1	23
A_PB2	1205	1	N	0	0	1	25
A_PB2	1206	1	N	0	0	1	27
A_PB2	1207	1	N	0	0	1	28
A_PB2	1208	1	N	0	0	1	28
A_PB2	1209	1	N	0	0	1	28
A_PB2	1210	1	N	0	0	1	30
A_PB2	1211	1	N	0	0	1	30
A_PB2	1212	1	N	0	0	1	30
A_PB2	1213	1	N	0	0	1	29
A_PB2	1214	1	N	0	0	1	29
A_PB2	1215	1	N	0	0	1	26
A_PB2	1216	1	N	0	0	1	27
A_PB2	1217	1	N	0	0	1	29
A_PB2	1218	1	N	0	0	1	31
A_PB2	1219	1	N	0	0	1	29
A_PB2	1220	1	N	0	0	1	27
A_PB2	1221	1	N	0	0	1	28
A_PB2	1222	1	N	0	0	1	29
A_PB2	1223	1	N	0	0	1	29
A_PB2	1224	1	N	0	0	1	33
A_PB2	1225	1	N	0	0	1	30
A_PB2	1226	1	N	0	0	1	27
A_PB2	1227	1	N	0	0	1	27
A_PB2	1228	1	N	0	0	1	28
A_PB2	1229	1	N	0	0	1	22
A_PB2	1230	1	N	0	0	1	17
A_PB2	1231	1	N	0	0	1	12
A_PB2	1232	1	N	0	0	1	8
A_PB2	1233	1	N	0	0	1	7
A_PB2	1234	1	N	0	0	1	7
A_PB2	1235	1	N	0	0	1	7
A_PB2	1236	1	N	0	0	1	8
A_PB2	1237	1	N	0	0	1	19
A_PB2	1238	1	N	0	0	1	24
A_PB2	1239	1	N	0	0	1	26
A_PB2	1240	1	N	0	0	1	28
A_PB2	1241	1	N	0	0	1	27
A_PB2	1242	1	N	0	0	1	26
A_PB2	1243	1	N	0	0	1	27
A_PB2	1244	1	N	0	0	1	27
A_PB2	1245	1	N	0	0	1	26
A_PB2	1246	1	N	0	0	1	26
A_PB2	1247	1	N	0	0	1	29
A_PB2	1248	1	N	0	0	1	29
A_PB2	1249	1	N	0	0	1	31
A_PB2	1250	1	N	0	0	1	29
A_PB2	1251	1	N	0	0	1	12
A_PB2	1252	1	N	0	0	1	12
A_PB2	1253	1	N	0	0	1	25
A_PB2	1254	1	N	0	0	1	24
A_PB2	1255	1	N	0	0	1	6
A_PB2	1256	1	N	0	0	1	5
A_PB2	1257	1	N	0	0	1	3
A_PB2	1258	1	N	0	0	1	4
A_PB2	1259	1	N	0	0	1	3
A_PB2	1260	1	N	0	0	1	4
A_PB2	1261	1	N	0	0	1	6
A_PB2	1262	1	N	0	0	1	6
A_PB2	1263	1	N	0	0	1	6
A_PB2	1264	1	N	0	0	1	7
A_PB2	1265	1	N	0	0	1	10
A_PB2	1266	1	N	0	0	1	11
A_PB2	1267	1	N	0	0	1	11
A_PB2	1268	1	N	0	0	1	22
A_PB2	1269	1	N	0	0	1	26
A_PB2	1270	1	N	0	0	1	27
A_PB2	1271	1	N	0	0	1	27
A_PB2	1272	1	N	0	0	1	29
A_PB2	1273	1	N	0	0	1	28
A_PB2	1274	1	N	0	0	1	27
A_PB2	1275	1	N	0	0	1	26
A_PB2	1276	1	N	0	0	1	22
A_PB2	1277	1	N	0	0	1	21
A_PB2	1278	1	N	0	0	1	23
A_PB2	1279	1	N	0	0	1	23
A_PB2	1280	1	N	0	0	1	31
A_PB2	1281	1	N	0	0	1	27
A_PB2	1282	1	N	0	0	1	24
A_PB2	1283	1	N	0	0	1	22
A_PB2	1284	1	N	0	0	1	15
A_PB2	1285	1	N	0	0	1	15
A_PB2	1286	1	N	0	0	1	16
A_PB2	1287	1	N	0	0	1	17
A_PB2	1288	1	N	0	0	1	26
A_PB2	1289	1	N	0	0	1	29
A_PB2	1290	1	N	0	0	1	33
A_PB2	1291	1	N	0	0	1	31
A_PB2	1292	1	N	0	0	1	32
A_PB2	1293	1	N	0	0	1	30
A_PB2	1294	1	N	0	0	1	31
A_PB2	1295	1	N	0	0	1	31
A_PB2	1296	1	N	0	0	1	30
A_PB2	1297	1	N	0	0	1	35
A_PB2	1298	1	N	0	0	1	35
A_PB2	1299	1	N	0	0	1	29
A_PB2	1300	1	N	0	0	1	27
A_PB2	1301	1	N	0	0	1	28
A_PB2	1302	1	N	0	0	1	32
A_PB2	1303	1	N	0	0	1	33
A_PB2	1304	1	N	0	0	1	34
A_PB2	1305	1	N	0	0	1	35
A_PB2	1306	1	N	0	0	1	30
A_PB2	1307	1	N	0	0	1	31
A_PB2	1308	1	N	0	0	1	25
A_PB2	1309	1	N	0	0	1	29
A_PB2	1310	1	N	0	0	1	31
A_PB2	1311	1	N	0	0	1	32
A_PB2	1312	1	N	0	0	1	37
A_PB2	1313	1	N	0	0	1	28
A_PB2	1314	1	N	0	0	1	26
A_PB2	1315	1	N	0	0	1	27
A_PB2	1316	1	N	0	0	1	30
A_PB2	1317	1	N	0	0	1	10
A_PB2	1318	1	N	0	0	1	10
A_PB2	1319	1	N	0	0	1	31
A_PB2	1320	1	N	0	0	1	28
A_PB2	1321	1	N	0	0	1	32
A_PB2	1322	1	N	0	0	1	29
A_PB2	1323	1	N	0	0	1	29
A_PB2	1324	1	N	0	0	1	24
A_PB2	1325	1	N	0	0	1	16
A_PB2	1326	1	N	0	0	1	25
A_PB2	1327	1	N	0	0	1	26
A_PB2	1328	1	N	0	0	1	26
A_PB2	1329	1	N	0	0	1	25
A_PB2	1330	1	N	0	0	1	25
A_PB2	1331	1	N	0	0	1	27
A_PB2	1332	1	N	0	0	1	26
A_PB2	1333	1	N	0	0	1	28
A_PB2	1334	1	N	0	0	1	26
A_PB2	1335	1	N	0	0	1	25
A_PB2	1336	1	N	0	0	1	24
A_PB2	1337	1	N	0	0	1	24
A_PB2	1338	1	N	0	0	1	21
A_PB2	1339	1	N	0	0	1	21
A_PB2	1340	1	N	0	0	1	22
A_PB2	1341	1	N	0	0	1	28
A_PB2	1342	1	N	0	0	1	27
A_PB2	1343	1	N	0	0	1	27
A_PB2	1344	1	N	0	0	1	30
A_PB2	1345	1	N	0	0	1	32
A_PB2	1346	1	N	0	0	1	37
A_PB2	1347	1	N	0	0	1	37
A_PB2	1348	1	N	0	0	1	26
A_PB2	1349	1	N	0	0	1	28
A_PB2	1350	1	N	0	0	1	29
A_PB2	1351	1	N	0	0	1	31
A_PB2	1352	1	N	0	0	1	32
A_PB2	1353	1	N	0	0	1	31
A_PB2	1354	1	N	0	0	1	29
A_PB2	1355	1	N	0	0	1	29
A_PB2	1356	1	N	0	0	1	28
A_PB2	1357	1	N	0	0	1	27
A_PB2	1358	1	N	0	0	1	25
A_PB2	1359	1	N	0	0	1	13
A_PB2	1360	1	N	0	0	1	14
A_PB2	1361	1	N	0	0	1	19
A_PB2	1362	1	N	0	0	1	22
A_PB2	1363	1	N	0	0	1	29
A_PB2	1364	1	N	0	0	1	28
A_PB2	1365	1	N	0	0	1	25
A_PB2	1366	1	N	0	0	1	24
A_PB2	1367	1	N	0	0	1	25
A_PB2	1368	1	N	0	0	1	24
A_PB2	1369	1	N	0	0	1	26
A_PB2	1370	1	N	0	0	1	27
A_PB2	1371	1	N	0	0	1	29
A_PB2	1372	1	N	0	0	1	31
A_PB2	1373	1	N	0	0	1	32
A_PB2	1374	1	N	0	0	1	32
A_PB2	1375	1	N	0	0	1	30
A_PB2	1376	1	N	0	0	1	31
A_PB2	1377	1	N	0	0	1	28
A_PB2	1378	1	N	0	0	1	28
A_PB2	1379	1	N	0	0	1	26
A_PB2	1380	1	N	0	0	1	26
A_PB2	1381	1	N	0	0	1	29
A_PB2	1382	1	N	0	0	1	26
A_PB2	1383	1	N	0	0	1	30
A_PB2	1384	1	N	0	0	1	33
A_PB2	1385	1	N	0	0	1	25
A_PB2	1386	1	N	0	0	1	16
A_PB2	1387	1	N	0	0	1	16
A_PB2	1388	1	N	0	0	1	13
A_PB2	1389	1	N	0	0	1	19
A_PB2	1390	1	N	0	0	1	20
A_PB2	1391	1	N	0	0	1	19
A_PB2	1392	1	N	0	0	1	17
A_PB2	1393	1	N	0	0	1	17
A_PB2	1394	1	N	0	0	1	15
A_PB2	1395	1	N	0	0	1	15
A_PB2	1396	1	N	0	0	1	11
A_PB2	1397	1	N	0	0	1	11
A_PB2	1398	1	N	0	0	1	11
A_PB2	1399	1	N	0	0	1	11
A_PB2	1400	1	N	0	0	1	18
A_PB2	1401	1	N	0	0	1	13
A_PB2	1402	1	N	0	0	1	9
A_PB2	1403	1	N	0	0	1	7
A_PB2	1404	1	N	0	0	1	6
A_PB2	1405	1	N	0	0	1	7
A_PB2	1406	1	N	0	0	1	8
A_PB2	1407	1	N	0	0	1	8
A_PB2	1408	1	N	0	0	1	9
A_PB2	1409	1	N	0	0	1	14
A_PB2	1410	1	N	0	0	1	14
A_PB2	1411	1	N	0	0	1	15
A_PB2	1412	1	N	0	0	1	16
A_PB2	1413	1	N	0	0	1	24
A_PB2	1414	1	N	0	0	1	30
A_PB2	1415	1	N	0	0	1	29
A_PB2	1416	1	N	0	0	1	18
A_PB2	1417	1	N	0	0	1	16
A_PB2	1418	1	N	0	0	1	17
A_PB2	1419	1	N	0	0	1	23
A_PB2	1420	1	N	0	0	1	23
A_PB2	1421	1	N	0	0	1	26
A_PB2	1422	1	N	0	0	1	31
A_PB2	1423	1	N	0	0	1	33
A_PB2	1424	1	N	0	0	1	32
A_PB2	1425	1	N	0	0	1	31
A_PB2	1426	1	N	0	0	1	31
A_PB2	1427	1	N	0	0	1	32
A_PB2	1428	1	N	0	0	1	30
A_PB2	1429	1	N	0	0	1	31
A_PB2	1430	1	N	0	0	1	32
A_PB2	1431	1	N	0	0	1	32
A_PB2	1432	1	N	0	0	1	33
A_PB2	1433	1	N	0	0	1	35
A_PB2	1434	1	N	0	0	1	30
A_PB2	1435	1	N	0	0	1	30
A_PB2	1436	1	N	0	0	1	25
A_PB2	1437	1	N	0	0	1	28
A_PB2	1438	1	N	0	0	1	29
A_PB2	1439	1	N	0	0	1	28
A_PB2	1440	1	N	0	0	1	27
A_PB2	1441	1	N	0	0	1	27
A_PB2	1442	1	N	0	0	1	27
A_PB2	1443	1	N	0	0	1	29
A_PB2	1444	1	N	0	0	1	37
A_PB2	1445	1	N	0	0	1	90
A_PB2	1446	1	N	0	0	1	90
A_PB2	1447	1	N	0	0	1	28
A_PB2	1448	1	N	0	0	1	26
A_PB2	1449	1	N	0	0	1	25
A_PB2	1450	1	N	0	0	1	27
A_PB2	1451	1	N	0	0	1	26
A_PB2	1452	1	N	0	0	1	30
A_PB2	1453	1	N	0	0	1	24
A_PB2	1454	1	N	0	0	1	22
A_PB2	1455	1	N	0	0	1	22
A_PB2	1456	1	N	0	0	1	15
A_PB2	1457	1	N	0	0	1	15
A_PB2	1458	1	N	0	0	1	14
A_PB2	1459	1	N	0	0	1	9
A_PB2	1460	1	N	0	0	1	10
A_PB2	1461	1	N	0	0	1	19
A_PB2	1462	1	N	0	0	1	24
A_PB2	1463	1	N	0	0	1	21
A_PB2	1464	1	N	0	0	1	21
A_PB2	1465	1	N	0	0	1	22
A_PB2	1466	1	N	0	0	1	22
A_PB2	1467	1	N	0	0	1	28
A_PB2	1468	1	N	0	0	1	31
A_PB2	1469	1	N	0	0	1	27
A_PB2	1470	1	N	0	0	1	23
A_PB2	1471	1	N	0	0	1	17
A_PB2	1472	1	N	0	0	1	17
A_PB2	1473	1	N	0	0	1	17
A_PB2	1474	1	N	0	0	1	17
A_PB2	1475	1	N	0	0	1	27
A_PB2	1476	1	N	0	0	1	26
A_PB2	1477	1	N	0	0	1	27
A_PB2	1478	1	N	0	0	1	31
A_PB2	1479	1	N	0	0	1	28
A_PB2	1480	1	N	0	0	1	29
A_PB2	1481	1	N	0	0	1	30
A_PB2	1482	1	N	0	0	1	31
A_PB2	1483	1	N	0	0	1	32
A_PB2	1484	1	N	0	0	1	26
A_PB2	1485	1	N	0	0	1	25
A_PB2	1486	1	N	0	0	1	25
A_PB2	1487	1	N	0	0	1	30
A_PB2	1488	1	N	0	0	1	26
A_PB2	1489	1	N	0	0	1	11
A_PB2	1490	1	N	0	0	1	10
A_PB2	1491	1	N	0	0	1	10
A_PB2	1492	1	N	0	0	1	10
A_PB2	1493	1	N	0	0	1	20
A_PB2	1494	1	N	0	0	1	20
A_PB2	1495	1	N	0	0	1	19
A_PB2	1496	1	N	0	0	1	12
A_PB2	1497	1	N	0	0	1	10
A_PB2	1498	1	N	0	0	1	10
A_PB2	1499	1	N	0	0	1	11
A_PB2	1500	1	N	0	0	1	27
A_PB2	1501	1	N	0	0	1	30
A_PB2	1502	1	N	0	0	1	30
A_PB2	1503	1	N	0	0	1	27
A_PB2	1504	1	N	0	0	1	31
A_PB2	1505	1	N	0	0	1	37
A_PB2	1506	1	N	0	0	1	36
A_PB2	1507	1	N	0	0	1	36
A_PB2	1508	1	N	0	0	1	41
A_PB2	1509	1	N	0	0	1	37
A_PB2	1510	1	N	0	0	1	29
A_PB2	1511	1	N	0	0	1	30
A_PB2	1512	1	N	0	0	1	27
A_PB2	1513	1	N	0	0	1	26
A_PB2	1514	1	N	0	0	1	26
A_PB2	1515	1	N	0	0	1	25
A_PB2	1516	1	N	0	0	1	19
A_PB2	1517	1	N	0	0	1	18
A_PB2	1518	1	N	0	0	1	17
A_PB2	1519	1	N	0	0	1	17
A_PB2	1520	1	N	0	0	1	16
A_PB2	1521	1	N	0	0	1	17
A_PB2	1522	1	N	0	0	1	29
A_PB2	1523	1	N	0	0	1	34
A_PB2	1524	1	N	0	0	1	34
A_PB2	1525	1	N	0	0	1	34
A_PB2	1526	1	N	0	0	1	32
A_PB2	1527	1	N	0	0	1	24
A_PB2	1528	1	N	0	0	1	27
A_PB2	1529	1	N	0	0	1	23
A_PB2	1530	1	N	0	0	1	14
A_PB2	1531	1	N	0	0	1	10
A_PB2	1532	1	N	0	0	1	5
A_PB2	1533	1	N	0	0	1	5
A_PB2	1534	1	N	0	0	1	5
A_PB2	1535	1	N	0	0	1	3
A_PB2	1536	1	N	0	0	1	3
A_PB2	1537	1	N	0	0	1	4
A_PB2	1538	1	N	0	0	1	18
A_PB2	1539	1	N	0	0	1	10
A_PB2	1540	1	N	0	0	1	5
A_PB2	1541	1	N	0	0	1	5
A_PB2	1542	1	N	0	0	1	4
A_PB2	1543	1	N	0	0	1	4
A_PB2	1544	1	N	0	0	1	5
A_PB2	1545	1	N	0	0	1	10
A_PB2	1546	1	N	0	0	1	11
A_PB2	1547	1	N	0	0	1	16
A_PB2	1548	1	N	0	0	1	22
A_PB2	1549	1	N	0	0	1	29
A_PB2	1550	1	N	0	0	1	28
A_PB2	1551	1	N	0	0	1	28
A_PB2	1552	1	N	0	0	1	28
A_PB2	1553	1	N	0	0	1	27
A_PB2	1554	1	N	0	0	1	29
A_PB2	1555	1	N	0	0	1	33
A_PB2	1556	1	N	0	0	1	40
A_PB2	1557	1	N	0	0	1	90
A_PB2	1558	1	N	0	0	1	90
A_PB2	1559	1	N	0	0	1	90
A_PB2	1560	1	N	0	0	1	90
A_PB2	1561	1	N	0	0	1	31
A_PB2	1562	1	N	0	0	1	29
A_PB2	1563	1	N	0	0	1	26
A_PB2	1564	1	N	0	0	1	25
A_PB2	1565	1	N	0	0	1	21
A_PB2	1566	1	N	0	0	1	12
A_PB2	1567	1	N	0	0	1	18
A_PB2	1568	1	N	0	0	1	18
A_PB2	1569	1	N	0	0	1	18
A_PB2	1570	1	N	0	0	1	18
A_PB2	1571	1	N	0	0	1	18
A_PB2	1572	1	N	0	0	1	18
A_PB2	1573	1	N	0	0	1	28
A_PB2	1574	1	N	0	0	1	27
A_PB2	1575	1	N	0	0	1	21
A_PB2	1576	1	N	0	0	1	36
A_PB2	1577	1	N	0	0	1	28
A_PB2	1578	1	N	0	0	1	29
A_PB2	1579	1	N	0	0	1	27
A_PB2	1580	1	N	0	0	1	27
A_PB2	1581	1	N	0	0	1	27
A_PB2	1582	1	N	0	0	1	27
A_PB2	1583	1	N	0	0	1	26
A_PB2	1584	1	N	0	0	1	33
A_PB2	1585	1	N	0	0	1	33
A_PB2	1586	1	N	0	0	1	29
A_PB2	1587	1	N	0	0	1	29
A_PB2	1588	1	N	0	0	1	31
A_PB2	1589	1	N	0	0	1	27
A_PB2	1590	1	N	0	0	1	30
A_PB2	1591	1	N	0	0	1	29
A_PB2	1592	1	N	0	0	1	29
A_PB2	1593	1	N	0	0	1	29
A_PB2	1594	1	N	0	0	1	28
A_PB2	1595	1	N	0	0	1	28
A_PB2	1596	1	N	0	0	1	28
A_PB2	1597	1	N	0	0	1	28
A_PB2	1598	1	N	0	0	1	24
A_PB2	1599	1	N	0	0	1	16
A_PB2	1600	1	N	0	0	1	15
A_PB2	1601	1	N	0	0	1	11
A_PB2	1602	1	N	0	0	1	18
A_PB2	1603	1	N	0	0	1	24
A_PB2	1604	1	N	0	0	1	32
A_PB2	1605	1	N	0	0	1	28
A_PB2	1606	1	N	0	0	1	29
A_PB2	1607	1	N	0	0	1	29
A_PB2	1608	1	N	0	0	1	29
A_PB2	1609	1	N	0	0	1	29
A_PB2	1610	1	N	0	0	1	30
A_PB2	1611	1	N	0	0	1	27
A_PB2	1612	1	N	0	0	1	27
A_PB2	1613	1	N	0	0	1	29
A_PB2	1614	1	N	0	0	1	35
A_PB2	1615	1	N	0	0	1	31
A_PB2	1616	1	N	0	0	1	29
A_PB2	1617	1	N	0	0	1	29
A_PB2	1618	1	N	0	0	1	29
A_PB2	1619	1	N	0	0	1	29
A_PB2	1620	1	N	0	0	1	31
A_PB2	1621	1	N	0	0	1	27
A_PB2	1622	1	N	0	0	1	27
A_PB2	1623	1	N	0	0	1	28
A_PB2	1624	1	N	0	0	1	27
A_PB2	1625	1	N	0	0	1	29
A_PB2	1626	1	N	0	0	1	31
A_PB2	1627	1	N	0	0	1	27
A_PB2	1628	1	N	0	0	1	29
A_PB2	1629	1	N	0	0	1	20
A_PB2	1630	1	N	0	0	1	25
A_PB2	1631	1	N	0	0	1	28
A_PB2	1632	1	N	0	0	1	28
A_PB2	1633	1	N	0	0	1	30
A_PB2	1634	1	N	0	0	1	29
A_PB2	1635	1	N	0	0	1	30
A_PB2	1636	1	N	0	0	1	26
A_PB2	1637	1	N	0	0	1	26
A_PB2	1638	1	N	0	0	1	26
A_PB2	1639	1	N	0	0	1	24
A_PB2	1640	1	N	0	0	1	27
A_PB2	1641	1	N	0	0	1	30
A_PB2	1642	1	N	0	0	1	29
A_PB2	1643	1	N	0	0	1	28
A_PB2	1644	1	N	0	0	1	29
A_PB2	1645	1	N	0	0	1	27
A_PB2	1646	1	N	0	0	1	25
A_PB2	1647	1	N	0	0	1	25
A_PB2	1648	1	N	0	0	1	25
A_PB2	1649	1	N	0	0	1	27
A_PB2	1650	1	N	0	0	1	26
A_PB2	1651	1	N	0	0	1	19
A_PB2	1652	1	N	0	0	1	18
A_PB2	1653	1	N	0	0	1	14
A_PB2	1654	1	N	0	0	1	15
A_PB2	1655	1	N	0	0	1	17
A_PB2	1656	1	N	0	0	1	17
A_PB2	1657	1	N	0	0	1	24
A_PB2	1658	1	N	0	0	1	25
A_PB2	1659	1	N	0	0	1	33
A_PB2	1660	1	N	0	0	1	31
A_PB2	1661	1	N	0	0	1	27
A_PB2	1662	1	N	0	0	1	26
A_PB2	1663	1	N	0	0	1	26
A_PB2	1664	1	N	0	0	1	28
A_PB2	1665	1	N	0	0	1	27
A_PB2	1666	1	N	0	0	1	26
A_PB2	1667	1	N	0	0	1	26
A_PB2	1668	1	N	0	0	1	21
A_PB2	1669	1	N	0	0	1	21
A_PB2	1670	1	N	0	0	1	21
A_PB2	1671	1	N	0	0	1	21
A_PB2	1672	1	N	0	0	1	24
A_PB2	1673	1	N	0	0	1	27
A_PB2	1674	1	N	0	0	1	26
A_PB2	1675	1	N	0	0	1	26
A_PB2	1676	1	N	0	0	1	27
A_PB2	1677	1	N	0	0	1	25
A_PB2	1678	1	N	0	0	1	24
A_PB2	1679	1	N	0	0	1	24
A_PB2	1680	1	N	0	0	1	25
A_PB2	1681	1	N	0	0	1	28
A_PB2	1682	1	N	0	0	1	31
A_PB2	1683	1	N	0	0	1	29
A_PB2	1684	1	N	0	0	1	28
A_PB2	1685	1	N	0	0	1	25
A_PB2	1686	1	N	0	0	1	26
A_PB2	1687	1	N	0	0	1	27
A_PB2	1688	1	N	0	0	1	27
A_PB2	1689	1	N	0	0	1	26
A_PB2	1690	1	N	0	0	1	26
A_PB2	1691	1	N	0	0	1	24
A_PB2	1692	1	N	0	0	1	25
A_PB2	1693	1	N	0	0	1	25
A_PB2	1694	1	N	0	0	1	25
A_PB2	1695	1	N	0	0	1	28
A_PB2	1696	1	N	0	0	1	24
A_PB2	1697	1	N	0	0	1	24
A_PB2	1698	1	N	0	0	1	24
A_PB2	1699	1	N	0	0	1	25
A_PB2	1700	1	N	0	0	1	37
A_PB2	1701	1	N	0	0	1	30
A_PB2	1702	1	N	0	0	1	30
A_PB2	1703	1	N	0	0	1	29
A_PB2	1704	1	N	0	0	1	28
A_PB2	1705	1	N	0	0	1	29
A_PB2	1706	1	N	0	0	1	24
A_PB2	1707	1	N	0	0	1	25
A_PB2	1708	1	N	0	0	1	17
A_PB2	1709	1	N	0	0	1	18
A_PB2	1710	1	N	0	0	1	18
A_PB2	1711	1	N	0	0	1	18
A_PB2	1712	1	N	0	0	1	34
A_PB2	1713	1	N	0	0	1	35
A_PB2	1714	1	N	0	0	1	39
A_PB2	1715	1	N	0	0	1	37
A_PB2	1716	1	N	0	0	1	29
A_PB2	1717	1	N	0	0	1	24
A_PB2	1718	1	N	0	0	1	23
A_PB2	1719	1	N	0	0	1	18
A_PB2	1720	1	N	0	0	1	24
A_PB2	1721	1	N	0	0	1	29
A_PB2	1722	1	N	0	0	1	28
A_PB2	1723	1	N	0	0	1	29
A_PB2	1724	1	N	0	0	1	18
A_PB2	1725	1	N	0	0	1	14
A_PB2	1726	1	N	0	0	1	16
A_PB2	1727	1	N	0	0	1	22
A_PB2	1728	1	N	0	0	1	32
A_PB2	1729	1	N	0	0	1	31
A_PB2	1730	1	N	0	0	1	23
A_PB2	1731	1	N	0	0	1	12
A_PB2	1732	1	N	0	0	1	11
A_PB2	1733	1	N	0	0	1	12
A_PB2	1734	1	N	0	0	1	9
A_PB2	1735	1	N	0	0	1	10
A_PB2	1736	1	N	0	0	1	19
A_PB2	1737	1	N	0	0	1	23
A_PB2	1738	1	N	0	0	1	24
A_PB2	1739	1	N	0	0	1	26
A_PB2	1740	1	N	0	0	1	24
A_PB2	1741	1	N	0	0	1	24
A_PB2	1742	1	N	0	0	1	23
A_PB2	1743	1	N	0	0	1	22
A_PB2	1744	1	N	0	0	1	21
A_PB2	1745	1	N	0	0	1	22
A_PB2	1746	1	N	0	0	1	25
A_PB2	1747	1	N	0	0	1	24
A_PB2	1748	1	N	0	0	1	24
A_PB2	1749	1	N	0	0	1	26
A_PB2	1750	1	N	0	0	1	27
A_PB2	1751	1	N	0	0	1	27
A_PB2	1752	1	N	0	0	1	28
A_PB2	1753	1	N	0	0	1	27
A_PB2	1754	1	N	0	0	1	27
A_PB2	1755	1	N	0	0	1	29
A_PB2	1756	1	N	0	0	1	30
A_PB2	1757	1	N	0	0	1	30
A_PB2	1758	1	N	0	0	1	30
A_PB2	1759	1	N	0	0	1	31
A_PB2	1760	1	N	0	0	1	31
A_PB2	1761	1	N	0	0	1	28
A_PB2	1762	1	N	0	0	1	28
A_PB2	1763	1	N	0	0	1	25
A_PB2	1764	1	N	0	0	1	24
A_PB2	1765	1	N	0	0	1	24
A_PB2	1766	1	N	0	0	1	25
A_PB2	1767	1	N	0	0	1	27
A_PB2	1768	1	N	0	0	1	32
A_PB2	1769	1	N	0	0	1	32
A_PB2	1770	1	N	0	0	1	32
A_PB2	1771	1	N	0	0	1	40
A_PB2	1772	1	N	0	0	1	34
A_PB2	1773	1	N	0	0	1	32
A_PB2	1774	1	N	0	0	1	30
A_PB2	1775	1	N	0	0	1	29
A_PB2	1776	1	N	0	0	1	26
A_PB2	1777	1	N	0	0	1	25
A_PB2	1778	1	N	0	0	1	24
A_PB2	1779	1	N	0	0	1	26
A_PB2	1780	1	N	0	0	1	27
A_PB2	1781	1	N	0	0	1	27
A_PB2	1782	1	N	0	0	1	27
A_PB2	1783	1	N	0	0	1	27
A_PB2	1784	1	N	0	0	1	25
A_PB2	1785	1	N	0	0	1	27
A_PB2	1786	1	N	0	0	1	26
A_PB2	1787	1	N	0	0	1	25
A_PB2	1788	1	N	0	0	1	27
A_PB2	1789	1	N	0	0	1	26
A_PB2	1790	1	N	0	0	1	27
A_PB2	1791	1	N	0	0	1	28
A_PB2	1792	1	N	0	0	1	25
A_PB2	1793	1	N	0	0	1	24
A_PB2	1794	1	N	0	0	1	24
A_PB2	1795	1	N	0	0	1	24
A_PB2	1796	1	N	0	0	1	28
A_PB2	1797	1	N	0	0	1	37
A_PB2	1798	1	N	0	0	1	33
A_PB2	1799	1	N	0	0	1	31
A_PB2	1800	1	N	0	0	1	31
A_PB2	1801	1	N	0	0	1	30
A_PB2	1802	1	N	0	0	1	27
A_PB2	1803	1	N	0	0	1	25
A_PB2	1804	1	N	0	0	1	25
A_PB2	1805	1	N	0	0	1	25
A_PB2	1806	1	N	0	0	1	28
A_PB2	1807	1	N	0	0	1	34
A_PB2	1808	1	N	0	0	1	32
A_PB2	1809	1	N	0	0	1	32
A_PB2	1810	1	N	0	0	1	31
A_PB2	1811	1	N	0	0	1	26
A_PB2	1812	1	N	0	0	1	25
A_PB2	1813	1	N	0	0	1	25
A_PB2	1814	1	N	0	0	1	28
A_PB2	1815	1	N	0	0	1	29
A_PB2	1816	1	N	0	0	1	28
A_PB2	1817	1	N	0	0	1	28
A_PB2	1818	1	N	0	0	1	27
A_PB2	1819	1	N	0	0	1	27
A_PB2	1820	1	N	0	0	1	27
A_PB2	1821	1	N	0	0	1	29
A_PB2	1822	1	N	0	0	1	31
A_PB2	1823	1	N	0	0	1	32
A_PB2	1824	1	N	0	0	1	33
A_PB2	1825	1	N	0	0	1	34
A_PB2	1826	1	N	0	0	1	34
A_PB2	1827	1	N	0	0	1	31
A_PB2	1828	1	N	0	0	1	29
A_PB2	1829	1	N	0	0	1	29
A_PB2	1830	1	N	0	0	1	27
A_PB2	1831	1	N	0	0	1	27
A_PB2	1832	1	N	0	0	1	27
A_PB2	1833	1	N	0	0	1	26
A_PB2	1834	1	N	0	0	1	27
A_PB2	1835	1	N	0	0	1	28
A_PB2	1836	1	N	0	0	1	26
A_PB2	1837	1	N	0	0	1	23
A_PB2	1838	1	N	0	0	1	20
A_PB2	1839	1	N	0	0	1	20
A_PB2	1840	1	N	0	0	1	20
A_PB2	1841	1	N	0	0	1	17
A_PB2	1842	1	N	0	0	1	17
A_PB2	1843	1	N	0	0	1	16
A_PB2	1844	1	N	0	0	1	17
A_PB2	1845	1	N	0	0	1	32
A_PB2	1846	1	N	0	0	1	32
A_PB2	1847	1	N	0	0	1	33
A_PB2	1848	1	N	0	0	1	36
A_PB2	1849	1	N	0	0	1	28
A_PB2	1850	1	N	0	0	1	35
A_PB2	1851	1	N	0	0	1	33
A_PB2	1852	1	N	0	0	1	26
A_PB2	1853	1	N	0	0	1	23
A_PB2	1854	1	N	0	0	1	19
A_PB2	1855	1	N	0	0	1	8
A_PB2	1856	1	N	0	0	1	8
A_PB2	1857	1	N	0	0	1	10
A_PB2	1858	1	N	0	0	1	13
A_PB2	1859	1	N	0	0	1	15
A_PB2	1860	1	N	0	0	1	23
A_PB2	1861	2	N	0	0	2	17.5
A_PB2	1862	2	N	0	0	2	49
A_PB2	1863	2	N	0	0	2	16.5
A_PB2	1864	2	N	0	0	1	4
A_PB2	1865	3	N	0	0	3	11.3333333333333
A_PB2	1866	4	N	0	0	4	12.75
A_PB2	1867	4	N	0	0	3	8.33333333333333
A_PB2	1868	4	N	0	0	3	8.66666666666667
A_PB2	1869	4	N	0	0	4	16
A_PB2	1870	4	N	0	0	4	11.25
A_PB2	1871	5	N	0	0	5	13.4
A_PB2	1872	4	N	1	0	4	15.75
A_PB2	1873	5	N	1	0	5	11.8
A_PB2	1874	5	N	1	0	4	12.75
A_PB2	1875	5	N	1	0	5	16
A_PB2	1876	5	N	1	0	5	14.8
A_PB2	1877	6	N	0	0	5	13.2
A_PB2	1878	6	N	0	0	6	13.5
A_PB2	1879	5	N	1	0	4	11.75
A_PB2	1880	6	N	0	0	6	12
A_PB2	1881	6	N	0	0	5	11.6
A_PB2	1882	6	N	0	0	4	10.5
A_PB2	1883	6	N	0	0	5	14.8
A_PB2	1884	6	N	0	0	6	16.3333333333333
A_PB2	1885	6	N	0	0	5	16.6
A_PB2	1886	7	N	0	0	7	20
A_PB2	1887	7	N	0	0	7	21.4285714285714
A_PB2	1888	7	N	0	0	7	27.1428571428571
A_PB2	1889	7	N	0	0	7	18.4285714285714
A_PB2	1890	7	N	0	0	7	17.8571428571429
A_PB2	1891	7	N	0	0	7	17
A_PB2	1892	7	N	0	0	6	19
A_PB2	1893	7	N	0	0	7	18.4285714285714
A_PB2	1894	8	N	0	0	7	21.4285714285714
A_PB2	1895	8	N	0	0	8	18.625
A_PB2	1896	8	N	0	0	8	18.5
A_PB2	1897	8	N	0	0	8	20
A_PB2	1898	8	N	0	0	8	20.25
A_PB2	1899	8	N	0	0	8	20.875
A_PB2	1900	8	N	0	0	7	21.4285714285714
A_PB2	1901	8	N	0	0	8	29.125
A_PB2	1902	8	N	0	0	8	21.75
A_PB2	1903	8	N	0	0	7	19.1428571428571
A_PB2	1904	8	N	0	0	7	20
A_PB2	1905	8	N	0	0	8	21
A_PB2	1906	9	N	0	0	9	23.1111111111111
A_PB2	1907	9	N	0	0	9	21.1111111111111
A_PB2	1908	9	N	0	0	8	24
A_PB2	1909	9	N	0	0	8	21.375
A_PB2	1910	9	N	0	0	9	20.8888888888889
A_PB2	1911	9	N	0	0	9	18.2222222222222
A_PB2	1912	11	N	0	0	10	20.8
A_PB2	1913	11	N	0	0	11	18.5454545454545
A_PB2	1914	11	N	0	0	10	18.5
A_PB2	1915	11	N	0	0	11	19
A_PB2	1916	12	N	0	0	11	22.0909090909091
A_PB2	1917	10	N	2	0	9	22.4444444444444
A_PB2	1918	11	N	1	0	10	24.1
A_PB2	1919	12	N	0	0	11	22.3636363636364
A_PB2	1920	12	N	0	0	11	22.2727272727273
A_PB2	1921	12	N	0	0	11	20.9090909090909
A_PB2	1922	12	N	0	0	11	27.2727272727273
A_PB2	1923	12	N	0	0	12	25.25
A_PB2	1924	12	N	0	0	11	27.8181818181818
A_PB2	1925	11	N	1	0	11	21.3636363636364
A_PB2	1926	11	N	1	0	11	21.8181818181818
A_PB2	1927	10	N	2	0	10	19.3
A_PB2	1928	11	N	1	0	11	22.4545454545455
A_PB2	1929	12	N	0	0	12	21.5
A_PB2	1930	12	N	0	0	12	20.0833333333333
A_PB2	1931	12	N	0	0	12	19.4166666666667
A_PB2	1932	12	N	0	0	12	19.5
A_PB2	1933	12	N	0	0	12	19.25
A_PB2	1934	12	N	0	0	12	19.4166666666667
A_PB2	1935	13	N	0	0	13	20.1538461538462
A_PB2	1936	13	N	0	0	13	20.6153846153846
A_PB2	1937	12	N	1	0	12	17.1666666666667
A_PB2	1938	13	N	0	0	12	18.0833333333333
A_PB2	1939	12	N	1	0	11	20.5454545454545
A_PB2	1940	12	N	1	0	12	18.9166666666667
A_PB2	1941	13	N	1	0	12	21.4166666666667
A_PB2	1942	15	N	0	0	14	17.0714285714286
A_PB2	1943	16	N	0	0	15	17.4
A_PB2	1944	16	N	0	0	15	18.2666666666667
A_PB2	1945	16	N	0	0	15	16.6
A_PB2	1946	16	N	0	0	16	21.5625
A_PB2	1947	16	N	0	0	16	18.8125
A_PB2	1948	16	N	0	0	15	20.6
A_PB2	1949	16	N	0	0	16	19.9375
A_PB2	1950	16	N	0	0	16	19.3125
A_PB2	1951	16	N	0	0	15	18
A_PB2	1952	16	N	0	0	16	18.9375
A_PB2	1953	12	N	4	0	12	25.8333333333333
A_PB2	1954	13	N	3	0	12	20.9166666666667
A_PB2	1955	14	N	2	0	14	20.0714285714286
A_PB2	1956	14	N	2	0	14	21.3571428571429
A_PB2	1957	15	N	1	0	14	19.7857142857143
A_PB2	1958	16	N	0	0	15	22.1333333333333
A_PB2	1959	16	N	0	0	16	21.5
A_PB2	1960	16	N	0	0	15	26.7333333333333
A_PB2	1961	16	N	0	0	15	23.2666666666667
A_PB2	1962	16	N	0	0	16	22.75
A_PB2	1963	16	N	0	0	16	22.4375
A_PB2	1964	17	N	0	0	17	26.7647058823529
A_PB2	1965	17	N	0	0	17	21
A_PB2	1966	17	N	0	0	17	20.9411764705882
A_PB2	1967	17	N	0	0	17	20.1764705882353
A_PB2	1968	17	N	0	0	17	21.2941176470588
A_PB2	1969	17	N	0	0	16	21.75
A_PB2	1970	17	N	0	0	17	21.4117647058824
A_PB2	1971	17	N	0	0	17	20.4117647058824
A_PB2	1972	18	N	0	0	18	19.6111111111111
A_PB2	1973	18	N	0	0	18	19.6111111111111
A_PB2	1974	18	N	0	0	18	18.8333333333333
A_PB2	1975	17	N	1	0	17	17.9411764705882
A_PB2	1976	17	N	1	0	15	21.3333333333333
A_PB2	1977	19	N	1	0	19	20.1578947368421
A_PB2	1978	19	N	1	0	18	21.3333333333333
A_PB2	1979	19	N	1	0	18	22.1111111111111
A_PB2	1980	20	N	1	0	19	19.6842105263158
A_PB2	1981	20	N	1	0	19	19.5263157894737
A_PB2	1982	20	N	1	0	20	19.45
A_PB2	1983	20	N	1	0	20	21.5
A_PB2	1984	20	N	1	0	18	20.2222222222222
A_PB2	1985	20	N	1	0	19	21.5789473684211
A_PB2	1986	19	N	2	0	17	19.2352941176471
A_PB2	1987	19	N	2	0	19	19.6842105263158
A_PB2	1988	20	N	1	0	19	19.9473684210526
A_PB2	1989	20	N	1	0	20	19.75
A_PB2	1990	21	N	0	0	19	22.8421052631579
A_PB2	1991	21	N	0	0	19	22.8947368421053
A_PB2	1992	21	N	0	0	20	22.1
A_PB2	1993	21	N	0	0	20	25.45
A_PB2	1994	21	N	0	0	19	19.8421052631579
A_PB2	1995	22	N	0	0	21	20
A_PB2	1996	22	N	0	0	20	18.4
A_PB2	1997	23	N	0	0	23	18.3913043478261
A_PB2	1998	20	N	3	0	19	19.1578947368421
A_PB2	1999	27	N	1	0	27	18.9259259259259
A_PB2	2000	26	N	2	0	26	22.2307692307692
A_PB2	2001	27	N	1	0	26	20.5384615384615
A_PB2	2002	32	N	1	0	32	21.34375
A_PB2	2003	32	N	1	0	32	22.34375
A_PB2	2004	32	N	1	0	32	22.125
A_PB2	2005	30	N	3	0	29	22.2413793103448
A_PB2	2006	32	N	1	0	30	21.6333333333333
A_PB2	2007	32	N	1	0	32	21.46875
A_PB2	2008	32	N	1	0	32	21.4375
A_PB2	2009	32	N	1	0	29	21.3103448275862
A_PB2	2010	32	N	1	0	27	20.2222222222222
A_PB2	2011	32	N	1	0	29	19.0344827586207
A_PB2	2012	32	N	1	0	31	18.5483870967742
A_PB2	2013	31	N	2	0	29	20.9655172413793
A_PB2	2014	31	N	2	0	27	19.5185185185185
A_PB2	2015	33	N	0	0	30	19.0666666666667
A_PB2	2016	33	N	1	0	32	19.9375
A_PB2	2017	32	N	2	0	30	20.8333333333333
A_PB2	2018	31	N	3	0	29	22.0344827586207
A_PB2	2019	32	N	2	0	30	20.5333333333333
A_PB2	2020	34	N	1	0	33	19
A_PB2	2021	36	N	0	0	35	20.6
A_PB2	2022	35	N	1	0	33	20.8787878787879
A_PB2	2023	35	N	1	0	33	19.3636363636364
A_PB2	2024	36	N	0	0	36	19
A_PB2	2025	37	N	0	0	36	19.4722222222222
A_PB2	2026	38	N	0	0	38	19.0263157894737
A_PB2	2027	38	N	0	0	38	19.4210526315789
A_PB2	2028	38	N	0	0	38	19.8421052631579
A_PB2	2029	34	N	4	0	34	19.8529411764706
A_PB2	2030	38	N	0	0	38	19.1315789473684
A_PB2	2031	38	N	0	0	35	19.8
A_PB2	2032	38	N	0	0	38	20.1578947368421
A_PB2	2033	40	N	1	0	39	20.2307692307692
A_PB2	2034	41	N	1	0	41	20.4634146341463
A_PB2	2035	41	N	1	0	41	21.4146341463415
A_PB2	2036	41	N	1	0	41	19.9268292682927
A_PB2	2037	42	N	1	0	41	19.609756097561
A_PB2	2038	34	N	9	0	34	19.3235294117647
A_PB2	2039	39	N	4	0	39	20.2307692307692
A_PB2	2040	43	N	1	0	43	21.5116279069767
A_PB2	2041	44	N	0	0	43	21.7209302325581
A_PB2	2042	44	N	1	0	43	22.1627906976744
A_PB2	2043	45	N	0	0	42	22.2142857142857
A_PB2	2044	52	N	1	0	48	22.4791666666667
A_PB2	2045	53	G	0	0	53	21.5094339622642
A_PB2	2046	54	C	0	0	53	18.7547169811321
A_PB2	2047	54	A	0	0	54	18.4814814814815
A_PB2	2048	52	G	2	0	51	19.0980392156863
A_PB2	2049	54	G	0	0	52	19.2884615384615
A_PB2	2050	53	A	2	0	53	19.1132075471698
A_PB2	2051	49	N	6	0	47	19.2553191489362
A_PB2	2052	48	N	8	0	45	20.2
A_PB2	2053	56	G	0	0	53	19.5283018867925
A_PB2	2054	57	G	0	0	55	19.9272727272727
A_PB2	2055	57	A	0	0	57	19.6842105263158
A_PB2	2056	56	G	1	0	51	20.6862745098039
A_PB2	2057	55	T	2	0	52	20.3461538461538
A_PB2	2058	54	C	3	0	54	21.8333333333333
A_PB2	2059	57	T	0	0	56	23.2678571428571
A_PB2	2060	57	G	0	0	56	21.9107142857143
A_PB2	2061	57	C	1	0	56	21.5892857142857
A_PB2	2062	54	G	4	0	52	19.9230769230769
A_PB2	2063	55	G	3	0	55	19.8
A_PB2	2064	54	T	4	0	53	18.4150943396226
A_PB2	2065	58	A	1	0	56	19.2678571428571
A_PB2	2066	59	T	0	0	55	21.7272727272727
A_PB2	2067	65	T	0	0	62	22.7903225806452
A_PB2	2068	67	G	4	0	65	22.6
A_PB2	2069	68	A	3	0	68	22.1911764705882
A_PB2	2070	71	G	0	0	69	21.231884057971
A_PB2	2071	71	A	0	0	69	20.6231884057971
A_PB2	2072	64	G	7	0	59	22.0677966101695
A_PB2	2073	72	G	0	0	70	20.2857142857143
A_PB2	2074	72	G	0	0	72	18.5138888888889
A_PB2	2075	72	T	2	0	71	17.7746478873239
A_PB2	2076	75	T	0	0	73	20.4109589041096
A_PB2	2077	72	C	6	0	71	22.5070422535211
A_PB2	2078	78	C	0	0	77	19.974025974026
A_PB2	2079	75	T	4	0	70	16.2142857142857
A_PB2	2080	79	A	1	0	76	19.5
A_PB2	2081	79	A	1	0	79	21.2025316455696
A_PB2	2082	80	T	3	0	79	21.8607594936709
A_PB2	2083	79	T	4	0	79	25.5569620253165
A_PB2	2084	76	C	7	0	71	24.6619718309859
A_PB2	2085	77	T	6	0	74	24.527027027027
A_PB2	2086	88	T	0	0	86	24.8604651162791
A_PB2	2087	90	G	0	0	89	22.876404494382
A_PB2	2088	90	G	2	0	87	22.0114942528736
A_PB2	2089	99	C	2	0	96	22.7708333333333
A_PB2	2090	94	A	7	0	94	22.8617021276596
A_PB2	2091	102	A	0	0	99	24.020202020202
A_PB2	2092	101	A	1	0	100	23.2
A_PB2	2093	100	G	2	0	99	22.1111111111111
A_PB2	2094	103	A	0	0	101	25.009900990099
A_PB2	2095	103	G	2	0	102	21.8823529411765
A_PB2	2096	106	G	1	0	106	22.2075471698113
A_PB2	2097	107	A	1	0	107	23.5327102803738
A_PB2	2098	107	C	1	0	105	23.447619047619
A_PB2	2099	104	A	5	0	103	21.8446601941748
A_PB2	2100	112	A	0	0	111	22.7027027027027
A_PB2	2101	111	A	1	0	108	21.6944444444444
A_PB2	2102	111	A	1	0	110	22.5727272727273
A_PB2	2103	110	G	2	0	110	23.5909090909091
A_PB2	2104	111	A	1	0	107	23.5327102803738
A_PB2	2105	112	T	0	0	110	22.6090909090909
A_PB2	2106	114	A	0	0	112	22.1339285714286
A_PB2	2107	115	T	0	0	114	23.2017543859649
A_PB2	2108	112	G	3	0	112	22.9196428571429
A_PB2	2109	116	G	1	0	114	22.5964912280702
A_PB2	2110	116	A	1	0	115	22.904347826087
A_PB2	2111	113	C	4	0	110	22.2909090909091
A_PB2	2112	115	C	2	0	95	21.3789473684211
A_PB2	2113	115	A	2	0	112	20.3035714285714
A_PB2	2114	109	G	8	0	109	19.7247706422018
A_PB2	2115	111	C	6	0	110	20.7272727272727
A_PB2	2116	115	G	2	0	113	20.1858407079646
A_PB2	2117	118	C	1	0	115	21.5304347826087
A_PB2	2118	115	T	4	0	110	23.0090909090909
A_PB2	2119	118	G	1	0	116	21.2844827586207
A_PB2	2120	118	A	2	0	116	21.6551724137931
A_PB2	2121	120	G	1	0	117	21.2649572649573
A_PB2	2122	121	C	1	0	117	21.008547008547
A_PB2	2123	121	A	1	0	120	21.0833333333333
A_PB2	2124	120	T	2	0	119	22.1932773109244
A_PB2	2125	120	C	3	0	117	23.4957264957265
A_PB2	2126	119	A	5	0	114	20.719298245614
A_PB2	2127	121	A	3	0	113	21.1327433628319
A_PB2	2128	121	T	3	0	114	20.5438596491228
A_PB2	2129	121	G	3	0	115	20.0434782608696
A_PB2	2130	120	A	4	0	113	20.0619469026549
A_PB2	2131	123	A	2	0	121	19.1322314049587
A_PB2	2132	121	T	4	0	116	18.4827586206897
A_PB2	2133	124	T	1	0	120	18.8333333333333
A_PB2	2134	125	G	1	0	123	20.5447154471545
A_PB2	2135	125	A	1	0	123	21.4715447154472
A_PB2	2136	125	G	1	0	125	21.872
A_PB2	2137	125	C	1	0	121	21.6694214876033
A_PB2	2138	125	A	1	0	124	21.0403225806452
A_PB2	2139	126	G	0	0	125	21
A_PB2	2140	125	T	1	0	123	22.0081300813008
A_PB2	2141	126	C	0	0	124	22.4677419354839
A_PB2	2142	124	T	2	0	121	23.099173553719
A_PB2	2143	126	T	0	0	123	23.5365853658537
A_PB2	2144	126	G	0	0	125	23.176
A_PB2	2145	126	C	0	0	122	23.4098360655738
A_PB2	2146	126	G	0	0	125	20.872
A_PB2	2147	120	A	6	0	118	19.8728813559322
A_PB2	2148	124	A	2	0	124	20.4596774193548
A_PB2	2149	121	A	5	0	121	20.3884297520661
A_PB2	2150	95	G	31	0	95	21.0421052631579
A_PB2	2151	111	G	15	0	110	21.6181818181818
A_PB2	2152	124	G	2	0	124	20.2338709677419
A_PB2	2153	125	G	1	0	124	19.7983870967742
A_PB2	2154	124	A	2	0	123	20.7073170731707
A_PB2	2155	126	G	0	0	124	20.6612903225806
A_PB2	2156	126	A	0	0	126	19.7063492063492
A_PB2	2157	125	A	1	0	124	20.0241935483871
A_PB2	2158	124	G	2	0	121	19.2727272727273
A_PB2	2159	124	G	2	0	121	19.4380165289256
A_PB2	2160	124	C	2	0	122	18.844262295082
A_PB2	2161	123	T	3	0	121	18.5289256198347
A_PB2	2162	122	A	4	0	119	21.327731092437
A_PB2	2163	126	A	0	0	121	22.3140495867769
A_PB2	2164	121	T	5	0	113	23.4513274336283
A_PB2	2165	122	G	4	0	118	24.2966101694915
A_PB2	2166	126	T	0	0	121	25.1404958677686
A_PB2	2167	127	G	0	0	127	26.1181102362205
A_PB2	2168	127	T	0	0	124	27.2822580645161
A_PB2	2169	127	T	0	0	125	24.752
A_PB2	2170	126	G	1	0	125	24.368
A_PB2	2171	126	A	1	0	126	23.7857142857143
A_PB2	2172	126	T	1	0	124	24.241935483871
A_PB2	2173	126	A	1	0	123	22.7886178861789
A_PB2	2174	118	G	9	0	117	21.7606837606838
A_PB2	2175	126	G	1	0	124	21.6290322580645
A_PB2	2176	127	G	0	0	125	22.192
A_PB2	2177	127	C	0	0	124	22.3387096774194
A_PB2	2178	124	A	3	0	121	23.2231404958678
A_PB2	2179	125	A	2	0	122	21.3114754098361
A_PB2	2180	121	G	6	0	120	19.675
A_PB2	2181	126	G	1	0	125	20.232
A_PB2	2182	125	A	2	0	124	20.1693548387097
A_PB2	2183	127	G	0	0	127	20.3937007874016
A_PB2	2184	127	A	0	0	125	21.152
A_PB2	2185	126	C	1	0	125	20.928
A_PB2	2186	123	G	4	0	122	20.6393442622951
A_PB2	2187	123	T	4	0	122	20.6967213114754
A_PB2	2188	125	G	2	0	125	21.36
A_PB2	2189	126	G	0	0	124	21.0564516129032
A_PB2	2190	124	T	2	0	124	20.8548387096774
A_PB2	2191	124	G	2	0	124	21.8629032258065
A_PB2	2192	124	T	2	0	116	22.3706896551724
A_PB2	2193	126	T	0	0	126	22.4761904761905
A_PB2	2194	126	G	0	0	125	22.408
A_PB2	2195	126	G	0	0	125	21.112
A_PB2	2196	126	T	0	0	124	21.6612903225806
A_PB2	2197	126	G	0	0	125	21.424
A_PB2	2198	126	A	0	0	126	22.4047619047619
A_PB2	2199	126	T	0	0	126	25.3809523809524
A_PB2	2200	125	G	0	0	125	22.728
A_PB2	2201	124	A	1	0	122	21.8606557377049
A_PB2	2202	124	A	1	0	122	22.0901639344262
A_PB2	2203	124	A	1	0	123	22.130081300813
A_PB2	2204	124	C	1	0	123	21.0813008130081
A_PB2	2205	124	G	1	0	122	19.8852459016393
A_PB2	2206	123	G	2	0	123	19.0650406504065
A_PB2	2207	124	A	1	0	123	19.1869918699187
A_PB2	2208	123	A	2	0	122	19.4590163934426
A_PB2	2209	124	A	1	0	123	20.1138211382114
A_PB2	2210	122	C	3	0	120	18.6833333333333
A_PB2	2211	107	G	18	0	101	18.1683168316832
A_PB2	2212	123	G	2	0	121	18.2148760330579
A_PB2	2213	122	G	2	0	121	18.4876033057851
A_PB2	2214	123	A	1	0	122	18.7704918032787
A_PB2	2215	121	C	3	0	121	22.1652892561983
A_PB2	2216	116	T	8	0	116	22.9827586206897
A_PB2	2217	116	C	8	0	113	21.929203539823
A_PB2	2218	121	T	3	0	116	20.0086206896552
A_PB2	2219	123	A	1	0	122	19.1885245901639
A_PB2	2220	123	G	1	0	122	20.4918032786885
A_PB2	2221	124	C	0	0	120	20.725
A_PB2	2222	124	A	0	0	124	21.0725806451613
A_PB2	2223	122	T	2	0	122	22.5491803278689
A_PB2	2224	120	A	4	0	119	21.6890756302521
A_PB2	2225	120	C	4	0	118	22.8389830508475
A_PB2	2226	119	T	5	0	118	22.8305084745763
A_PB2	2227	124	T	0	0	122	21.6147540983607
A_PB2	2228	124	A	0	0	124	20.508064516129
A_PB2	2229	124	C	0	0	123	20.9349593495935
A_PB2	2230	124	T	0	0	120	21.1
A_PB2	2231	123	G	1	0	123	21.9512195121951
A_PB2	2232	123	A	0	0	123	22.9186991869919
A_PB2	2233	123	C	0	0	121	23.3305785123967
A_PB2	2234	123	A	0	0	121	20.9917355371901
A_PB2	2235	122	G	1	0	116	20.3879310344828
A_PB2	2236	122	C	1	0	120	19.8583333333333
A_PB2	2237	122	C	0	0	120	19.4666666666667
A_PB2	2238	110	A	0	0	105	19.7619047619048
A_PB2	2239	109	G	1	0	106	20.6132075471698
A_PB2	2240	109	A	1	0	109	21.3761467889908
A_PB2	2241	109	C	1	0	109	21.2844036697248
A_PB2	2242	105	A	5	0	102	19.6078431372549
A_PB2	2243	108	G	2	0	108	18.7037037037037
A_PB2	2244	109	C	1	0	104	18.9807692307692
A_PB2	2245	107	G	3	0	105	19.1428571428571
A_PB2	2246	109	A	1	0	109	20.7614678899083
A_PB2	2247	109	C	1	0	105	21.3047619047619
A_PB2	2248	107	C	3	0	105	22.7238095238095
A_PB2	2249	100	A	10	0	98	23.030612244898
A_PB2	2250	109	A	1	0	107	22.5046728971963
A_PB2	2251	108	A	2	0	108	22.2037037037037
A_PB2	2252	106	A	4	0	106	21.3490566037736
A_PB2	2253	103	G	6	0	101	22.9306930693069
A_PB2	2254	108	A	1	0	108	20.8703703703704
A_PB2	2255	109	A	0	0	108	20.1296296296296
A_PB2	2256	109	T	0	0	108	20.2314814814815
A_PB2	2257	107	T	1	0	105	22.4571428571429
A_PB2	2258	103	C	5	0	99	22.7777777777778
A_PB2	2259	105	G	3	0	101	19.7029702970297
A_PB2	2260	107	G	1	0	107	19.8878504672897
A_PB2	2261	108	A	0	0	107	22.196261682243
A_PB2	2262	108	T	0	0	105	23.3238095238095
A_PB2	2263	107	G	1	0	106	22.5094339622642
A_PB2	2264	108	G	0	0	108	21.7962962962963
A_PB2	2265	107	C	1	0	107	21.6915887850467
A_PB2	2266	108	C	0	0	105	21.3904761904762
A_PB2	2267	105	A	0	0	105	21.8190476190476
A_PB2	2268	105	T	0	0	102	21.7647058823529
A_PB2	2269	105	C	0	0	105	22.8380952380952
A_PB2	2270	105	A	0	0	105	20.7714285714286
A_PB2	2271	101	A	0	0	101	20.7128712871287
A_PB2	2272	99	T	0	0	99	21.6969696969697
A_PB2	2273	98	T	0	0	96	22.3125
A_PB2	2274	94	A	0	0	94	19.1595744680851
A_PB2	2275	92	G	0	0	92	18.5869565217391
