Reference_Name	Position	Coverage Depth	Consensus	Deletions	Ambiguous	Consensus_Count	Consensus_Average_Quality
A_PB1	1	10	N	0	0	10	23.8
A_PB1	2	10	N	0	0	10	25.4
A_PB1	3	10	N	0	0	10	26.3
A_PB1	4	11	N	0	0	11	23.9090909090909
A_PB1	5	11	N	0	0	11	22.6363636363636
A_PB1	6	11	N	0	0	11	22.2727272727273
A_PB1	7	11	N	0	0	11	22.0909090909091
A_PB1	8	11	N	0	0	10	23.4
A_PB1	9	11	N	0	0	11	22.7272727272727
A_PB1	10	11	N	0	0	11	19.0909090909091
A_PB1	11	11	N	0	0	10	22
A_PB1	12	11	N	0	0	10	19.5
A_PB1	13	10	N	1	0	10	22.8
A_PB1	14	10	N	1	0	9	17.3333333333333
A_PB1	15	11	N	0	0	11	15.7272727272727
A_PB1	16	11	N	0	0	11	16.6363636363636
A_PB1	17	11	N	0	0	11	16.5454545454545
A_PB1	18	9	N	2	0	9	18.6666666666667
A_PB1	19	10	N	1	0	10	20.6
A_PB1	20	10	N	1	0	10	20.4
A_PB1	21	11	N	0	0	10	16.2
A_PB1	22	11	N	0	0	10	17.7
A_PB1	23	10	N	1	0	10	18.2
A_PB1	24	10	N	1	0	10	18.8
A_PB1	25	9	N	2	0	9	22.3333333333333
A_PB1	26	10	N	1	0	9	21.2222222222222
A_PB1	27	10	N	1	0	10	19.8
A_PB1	28	10	N	1	0	9	19.6666666666667
A_PB1	29	11	N	0	0	9	23.2222222222222
A_PB1	30	10	N	1	0	10	18.2
A_PB1	31	10	N	1	0	10	17.6
A_PB1	32	10	N	1	0	10	16.4
A_PB1	33	10	N	1	0	10	17.9
A_PB1	34	9	N	2	0	9	16.8888888888889
A_PB1	35	9	N	2	0	9	17.1111111111111
A_PB1	36	10	N	1	0	10	25.1
A_PB1	37	10	N	1	0	10	22
A_PB1	38	10	N	1	0	10	23.1
A_PB1	39	10	N	1	0	10	22.3
A_PB1	40	9	N	2	0	9	20.1111111111111
A_PB1	41	9	N	2	0	9	18
A_PB1	42	10	N	1	0	10	19.3
A_PB1	43	10	N	1	0	10	18.6
A_PB1	44	10	N	1	0	10	18.8
A_PB1	45	11	N	0	0	11	19.2727272727273
A_PB1	46	11	N	0	0	11	22
A_PB1	47	11	N	0	0	11	26.2727272727273
A_PB1	48	11	N	0	0	11	25.5454545454545
A_PB1	49	11	N	0	0	11	20.4545454545455
A_PB1	50	11	N	0	0	11	19.5454545454545
A_PB1	51	11	N	0	0	11	20.0909090909091
A_PB1	52	11	N	0	0	11	20
A_PB1	53	11	N	0	0	11	24.0909090909091
A_PB1	54	11	N	0	0	11	23.1818181818182
A_PB1	55	11	N	0	0	11	21.8181818181818
A_PB1	56	11	N	0	0	10	21
A_PB1	57	11	N	0	0	11	19.2727272727273
A_PB1	58	11	N	0	0	10	16.8
A_PB1	59	11	N	0	0	11	17.8181818181818
A_PB1	60	10	N	1	0	10	20.4
A_PB1	61	10	N	1	0	10	20.1
A_PB1	62	11	N	0	0	11	20.5454545454545
A_PB1	63	11	N	0	0	11	20.0909090909091
A_PB1	64	11	N	0	0	11	19.5454545454545
A_PB1	65	11	N	0	0	11	22.3636363636364
A_PB1	66	10	N	1	0	10	23.6
A_PB1	67	11	N	0	0	11	22.2727272727273
A_PB1	68	11	N	0	0	10	17.8
A_PB1	69	11	N	0	0	11	15.4545454545455
A_PB1	70	11	N	0	0	10	17.8
A_PB1	71	11	N	0	0	11	17.4545454545455
A_PB1	72	11	N	0	0	10	17.4
A_PB1	73	11	N	0	0	11	17.8181818181818
A_PB1	74	9	N	2	0	9	19.7777777777778
A_PB1	75	10	N	1	0	9	17.6666666666667
A_PB1	76	11	N	0	0	9	20.1111111111111
A_PB1	77	11	N	0	0	11	17.4545454545455
A_PB1	78	11	N	0	0	10	17
A_PB1	79	11	N	0	0	10	19.3
A_PB1	80	11	N	0	0	11	19
A_PB1	81	11	N	0	0	11	20.5454545454545
A_PB1	82	11	N	0	0	11	21.1818181818182
A_PB1	83	11	N	0	0	11	20.8181818181818
A_PB1	84	11	N	0	0	11	22.0909090909091
A_PB1	85	11	N	0	0	11	22.0909090909091
A_PB1	86	11	N	0	0	11	23.2727272727273
A_PB1	87	11	N	0	0	11	21.1818181818182
A_PB1	88	11	N	0	0	11	20.9090909090909
A_PB1	89	11	N	0	0	11	19.5454545454545
A_PB1	90	11	N	0	0	11	19
A_PB1	91	11	N	0	0	10	18.6
A_PB1	92	11	N	0	0	11	20.2727272727273
A_PB1	93	11	N	0	0	11	22.4545454545455
A_PB1	94	11	N	0	0	11	22.4545454545455
A_PB1	95	11	N	0	0	10	22.8
A_PB1	96	11	N	0	0	10	23
A_PB1	97	10	N	1	0	10	22.5
A_PB1	98	11	N	0	0	11	22.8181818181818
A_PB1	99	11	N	0	0	11	23.1818181818182
A_PB1	100	11	N	0	0	11	26.7272727272727
A_PB1	101	11	N	0	0	11	26.1818181818182
A_PB1	102	11	N	0	0	11	26.7272727272727
A_PB1	103	10	N	1	0	10	23.6
A_PB1	104	11	N	0	0	11	22.9090909090909
A_PB1	105	11	N	0	0	11	23
A_PB1	106	11	N	0	0	11	23.9090909090909
A_PB1	107	11	N	0	0	11	24.3636363636364
A_PB1	108	11	N	0	0	11	24.3636363636364
A_PB1	109	11	N	0	0	11	24.3636363636364
A_PB1	110	10	N	1	0	10	23.8
A_PB1	111	9	N	2	0	9	24.2222222222222
A_PB1	112	9	N	2	0	9	24.3333333333333
A_PB1	113	10	N	1	0	10	23.4
A_PB1	114	10	N	1	0	10	24.9
A_PB1	115	11	N	0	0	11	25.6363636363636
A_PB1	116	11	N	0	0	11	33.2727272727273
A_PB1	117	11	N	0	0	11	39
A_PB1	118	11	N	0	0	11	24.5454545454545
A_PB1	119	11	N	0	0	11	24.9090909090909
A_PB1	120	10	N	1	0	10	25
A_PB1	121	11	N	0	0	11	24.6363636363636
A_PB1	122	11	N	0	0	11	25.9090909090909
A_PB1	123	11	N	0	0	11	24.8181818181818
A_PB1	124	11	N	0	0	11	22.5454545454545
A_PB1	125	11	N	0	0	11	28.6363636363636
A_PB1	126	11	N	0	0	11	19.7272727272727
A_PB1	127	11	N	0	0	11	19.3636363636364
A_PB1	128	11	N	0	0	11	22.2727272727273
A_PB1	129	11	N	0	0	11	22.0909090909091
A_PB1	130	11	N	0	0	11	22.9090909090909
A_PB1	131	11	N	0	0	11	22.6363636363636
A_PB1	132	11	N	0	0	11	22.0909090909091
A_PB1	133	11	N	0	0	11	20.7272727272727
A_PB1	134	11	N	0	0	11	19.0909090909091
A_PB1	135	11	N	0	0	11	22.4545454545455
A_PB1	136	11	N	0	0	11	28.7272727272727
A_PB1	137	11	N	0	0	11	29
A_PB1	138	11	N	0	0	11	23.9090909090909
A_PB1	139	11	N	0	0	11	30.8181818181818
A_PB1	140	11	N	0	0	11	23.9090909090909
A_PB1	141	11	N	0	0	11	22.7272727272727
A_PB1	142	11	N	0	0	11	24
A_PB1	143	11	N	0	0	11	21.8181818181818
A_PB1	144	11	N	0	0	11	22.4545454545455
A_PB1	145	11	N	0	0	11	23.9090909090909
A_PB1	146	11	N	0	0	11	23.1818181818182
A_PB1	147	11	N	0	0	11	23.2727272727273
A_PB1	148	11	N	0	0	11	23.5454545454545
A_PB1	149	11	N	0	0	11	24
A_PB1	150	11	N	0	0	11	22.8181818181818
A_PB1	151	11	N	0	0	11	27
A_PB1	152	11	N	0	0	11	23.5454545454545
A_PB1	153	11	N	0	0	11	28.5454545454545
A_PB1	154	11	N	0	0	11	17.1818181818182
A_PB1	155	11	N	0	0	11	19.7272727272727
A_PB1	156	11	N	0	0	11	20.9090909090909
A_PB1	157	11	N	0	0	11	21
A_PB1	158	11	N	0	0	11	18.0909090909091
A_PB1	159	11	N	0	0	11	18.4545454545455
A_PB1	160	11	N	0	0	11	20.5454545454545
A_PB1	161	11	N	0	0	11	23.7272727272727
A_PB1	162	11	N	0	0	11	23.1818181818182
A_PB1	163	11	N	0	0	11	22.5454545454545
A_PB1	164	10	N	0	0	10	22.3
A_PB1	165	10	N	0	0	10	21.2
A_PB1	166	10	N	0	0	10	21.9
A_PB1	167	10	N	0	0	10	21.3
A_PB1	168	9	N	1	0	9	23.4444444444444
A_PB1	169	9	N	1	0	9	24.4444444444444
A_PB1	170	10	N	0	0	10	22.9
A_PB1	171	10	N	0	0	9	23
A_PB1	172	10	N	0	0	10	23
A_PB1	173	10	N	0	0	10	22.9
A_PB1	174	10	N	0	0	10	23.1
A_PB1	175	9	N	1	0	9	21.8888888888889
A_PB1	176	9	N	1	0	9	32.1111111111111
A_PB1	177	9	N	1	0	9	23.1111111111111
A_PB1	178	9	N	1	0	9	20.8888888888889
A_PB1	179	9	N	1	0	8	21.75
A_PB1	180	9	N	1	0	9	20.8888888888889
A_PB1	181	10	N	0	0	10	24.1
A_PB1	182	9	N	0	0	8	22
A_PB1	183	9	N	0	0	8	20.75
A_PB1	184	8	N	1	0	7	17.5714285714286
A_PB1	185	9	N	0	0	9	18.6666666666667
A_PB1	186	9	N	0	0	9	17.6666666666667
A_PB1	187	9	N	0	0	9	19
A_PB1	188	8	N	1	0	8	21
A_PB1	189	9	N	0	0	9	20.4444444444444
A_PB1	190	9	N	0	0	9	18.8888888888889
A_PB1	191	9	N	0	0	9	18
A_PB1	192	9	N	0	0	9	21.3333333333333
A_PB1	193	9	N	0	0	9	22.4444444444444
A_PB1	194	9	N	0	0	9	20.5555555555556
A_PB1	195	9	N	0	0	8	19.25
A_PB1	196	8	N	1	0	8	16.625
A_PB1	197	9	N	0	0	9	19.3333333333333
A_PB1	198	9	N	0	0	9	21.7777777777778
A_PB1	199	8	N	1	0	8	21
A_PB1	200	8	N	1	0	8	19.625
A_PB1	201	9	N	0	0	8	17.25
A_PB1	202	9	N	0	0	9	15.6666666666667
A_PB1	203	9	N	0	0	7	16.2857142857143
A_PB1	204	9	N	0	0	9	15.5555555555556
A_PB1	205	7	N	1	0	7	18.7142857142857
A_PB1	206	7	N	1	0	7	18.5714285714286
A_PB1	207	8	N	0	0	7	20.5714285714286
A_PB1	208	8	N	0	0	8	20.875
A_PB1	209	8	N	0	0	7	22
A_PB1	210	8	N	0	0	8	21.25
A_PB1	211	8	N	0	0	8	22
A_PB1	212	7	N	0	0	7	19
A_PB1	213	7	N	0	0	7	20.2857142857143
A_PB1	214	6	N	0	0	6	22
A_PB1	215	6	N	0	0	6	18.8333333333333
A_PB1	216	6	N	0	0	6	23.1666666666667
A_PB1	217	6	N	0	0	6	22
A_PB1	218	6	N	0	0	6	20.3333333333333
A_PB1	219	6	N	0	0	6	21.5
A_PB1	220	6	N	0	0	6	21.6666666666667
A_PB1	221	6	N	0	0	6	20.3333333333333
A_PB1	222	5	N	0	0	5	22.6
A_PB1	223	4	N	1	0	4	22.25
A_PB1	224	4	N	0	0	4	16.5
A_PB1	225	4	N	0	0	4	12
A_PB1	226	4	N	0	0	4	13.75
A_PB1	227	4	N	0	0	4	14
A_PB1	228	4	N	0	0	4	16
A_PB1	229	4	N	0	0	4	20.5
A_PB1	230	4	N	0	0	4	25.5
A_PB1	231	4	N	0	0	4	23.5
A_PB1	232	4	N	0	0	4	18.25
A_PB1	233	4	N	0	0	4	16.25
A_PB1	234	4	N	0	0	4	15.25
A_PB1	235	4	N	0	0	4	16.25
A_PB1	236	4	N	0	0	4	16.75
A_PB1	237	4	N	0	0	4	23
A_PB1	238	4	N	0	0	4	21.75
A_PB1	239	4	N	0	0	4	21.75
A_PB1	240	3	N	0	0	3	20.3333333333333
A_PB1	241	3	N	0	0	3	19.3333333333333
A_PB1	242	3	N	0	0	3	20.3333333333333
A_PB1	243	3	N	0	0	3	19.3333333333333
A_PB1	244	3	N	0	0	3	20
A_PB1	245	3	N	0	0	3	16.6666666666667
A_PB1	246	3	N	0	0	3	17
A_PB1	247	3	N	0	0	3	18.3333333333333
A_PB1	248	3	N	0	0	3	12.6666666666667
A_PB1	249	3	N	0	0	3	12.3333333333333
A_PB1	250	3	N	0	0	3	13
A_PB1	251	3	N	0	0	3	13
A_PB1	252	3	N	0	0	3	14
A_PB1	253	3	N	0	0	3	14.6666666666667
A_PB1	254	3	N	0	0	3	15.6666666666667
A_PB1	255	3	N	0	0	3	19.6666666666667
A_PB1	256	3	N	0	0	3	19
A_PB1	257	3	N	0	0	3	19.6666666666667
A_PB1	258	3	N	0	0	3	19.3333333333333
A_PB1	259	3	N	0	0	3	17
A_PB1	260	3	N	0	0	3	12.6666666666667
A_PB1	261	3	N	0	0	3	12.3333333333333
A_PB1	262	3	N	0	0	3	17.6666666666667
A_PB1	263	3	N	0	0	3	19.3333333333333
A_PB1	264	3	N	0	0	3	20.3333333333333
A_PB1	265	3	N	0	0	3	24
A_PB1	266	3	N	0	0	3	25
A_PB1	267	3	N	0	0	3	23.3333333333333
A_PB1	268	3	N	0	0	3	23.3333333333333
A_PB1	269	3	N	0	0	3	23.3333333333333
A_PB1	270	3	N	0	0	3	23
A_PB1	271	3	N	0	0	3	26.3333333333333
A_PB1	272	3	N	0	0	3	21
A_PB1	273	3	N	0	0	3	20.6666666666667
A_PB1	274	3	N	0	0	3	22
A_PB1	275	3	N	0	0	3	22.3333333333333
A_PB1	276	3	N	0	0	3	21.3333333333333
A_PB1	277	3	N	0	0	3	20.3333333333333
A_PB1	278	3	N	0	0	3	24
A_PB1	279	3	N	0	0	3	21
A_PB1	280	3	N	0	0	3	22.6666666666667
A_PB1	281	3	N	0	0	3	19
A_PB1	282	3	N	0	0	3	21
A_PB1	283	3	N	0	0	3	22.3333333333333
A_PB1	284	2	N	0	0	1	34
A_PB1	285	2	N	0	0	2	29.5
A_PB1	286	2	N	0	0	2	30.5
A_PB1	287	2	N	0	0	2	27.5
A_PB1	288	2	N	0	0	2	30
A_PB1	289	2	N	0	0	1	23
A_PB1	290	2	N	0	0	2	23
A_PB1	291	2	N	0	0	2	24
A_PB1	292	1	N	1	0	1	22
A_PB1	293	2	N	0	0	1	18
A_PB1	294	2	N	0	0	2	15.5
A_PB1	295	2	N	0	0	2	22
A_PB1	296	2	N	0	0	2	17
A_PB1	297	2	N	0	0	2	24
A_PB1	298	2	N	0	0	2	23.5
A_PB1	299	2	N	0	0	2	21
A_PB1	300	1	N	1	0	1	15
A_PB1	301	1	N	1	0	1	22
A_PB1	302	1	N	1	0	1	26
A_PB1	303	2	N	0	0	2	24
A_PB1	304	2	N	0	0	2	25.5
A_PB1	305	1	N	1	0	1	21
A_PB1	306	1	N	1	0	1	24
A_PB1	307	1	N	1	0	1	29
A_PB1	308	2	N	0	0	2	26.5
A_PB1	309	2	N	0	0	2	26
A_PB1	310	2	N	0	0	1	30
A_PB1	311	2	N	0	0	2	23
A_PB1	312	2	N	0	0	2	25
A_PB1	313	2	N	0	0	2	28.5
A_PB1	314	2	N	0	0	2	29
A_PB1	315	2	N	0	0	2	25
A_PB1	316	2	N	0	0	2	25
A_PB1	317	2	N	0	0	2	27
A_PB1	318	2	N	0	0	2	28
A_PB1	319	2	N	0	0	2	30.5
A_PB1	320	2	N	0	0	2	29.5
A_PB1	321	2	N	0	0	2	29.5
A_PB1	322	2	N	0	0	2	29
A_PB1	323	2	N	0	0	2	28
A_PB1	324	2	N	0	0	2	29
A_PB1	325	2	N	0	0	2	23.5
A_PB1	326	2	N	0	0	2	17.5
A_PB1	327	2	N	0	0	2	14.5
A_PB1	328	2	N	0	0	2	19.5
A_PB1	329	2	N	0	0	2	14.5
A_PB1	330	2	N	0	0	2	12
A_PB1	331	2	N	0	0	2	12
A_PB1	332	2	N	0	0	2	12
A_PB1	333	2	N	0	0	2	15
A_PB1	334	2	N	0	0	2	20.5
A_PB1	335	2	N	0	0	2	20
A_PB1	336	2	N	0	0	2	19.5
A_PB1	337	2	N	0	0	2	19
A_PB1	338	2	N	0	0	2	17.5
A_PB1	339	2	N	0	0	2	16
A_PB1	340	2	N	0	0	2	13.5
A_PB1	341	2	N	0	0	2	15.5
A_PB1	342	2	N	0	0	2	16
A_PB1	343	2	N	0	0	2	18.5
A_PB1	344	2	N	0	0	2	19
A_PB1	345	2	N	0	0	2	10
A_PB1	346	2	N	0	0	2	15.5
A_PB1	347	2	N	0	0	2	13.5
A_PB1	348	2	N	0	0	2	13.5
A_PB1	349	2	N	0	0	2	14.5
A_PB1	350	2	N	0	0	2	18.5
A_PB1	351	2	N	0	0	2	21.5
A_PB1	352	2	N	0	0	2	21.5
A_PB1	353	2	N	0	0	2	22
A_PB1	354	2	N	0	0	2	21.5
A_PB1	355	2	N	0	0	2	20
A_PB1	356	2	N	0	0	2	20
A_PB1	357	2	N	0	0	2	24
A_PB1	358	2	N	0	0	2	26
A_PB1	359	2	N	0	0	2	24.5
A_PB1	360	2	N	0	0	2	21
A_PB1	361	2	N	0	0	2	21.5
A_PB1	362	2	N	0	0	2	22
A_PB1	363	2	N	0	0	2	19.5
A_PB1	364	2	N	0	0	2	18
A_PB1	365	2	N	0	0	2	18
A_PB1	366	2	N	0	0	2	16.5
A_PB1	367	2	N	0	0	2	17.5
A_PB1	368	2	N	0	0	2	20.5
A_PB1	369	2	N	0	0	2	20.5
A_PB1	370	2	N	0	0	2	18.5
A_PB1	371	2	N	0	0	2	18
A_PB1	372	2	N	0	0	2	19
A_PB1	373	2	N	0	0	2	11.5
A_PB1	374	2	N	0	0	2	16.5
A_PB1	375	2	N	0	0	2	16
A_PB1	376	2	N	0	0	2	18.5
A_PB1	377	2	N	0	0	1	19
A_PB1	378	1	N	1	0	1	19
A_PB1	379	2	N	0	0	1	26
A_PB1	380	2	N	0	0	2	17
A_PB1	381	2	N	0	0	2	17
A_PB1	382	2	N	0	0	2	17.5
A_PB1	383	2	N	0	0	2	23
A_PB1	384	2	N	0	0	2	16.5
A_PB1	385	2	N	0	0	2	20
A_PB1	386	2	N	0	0	2	20.5
A_PB1	387	2	N	0	0	2	22
A_PB1	388	1	N	1	0	1	32
A_PB1	389	2	N	0	0	2	22
A_PB1	390	2	N	0	0	2	21.5
A_PB1	391	2	N	0	0	2	21.5
A_PB1	392	1	N	1	0	1	28
A_PB1	393	1	N	1	0	1	26
A_PB1	394	2	N	0	0	2	21
A_PB1	395	2	N	0	0	2	28
A_PB1	396	2	N	0	0	2	28.5
A_PB1	397	2	N	0	0	2	30.5
A_PB1	398	2	N	0	0	2	29.5
A_PB1	399	2	N	0	0	2	30.5
A_PB1	400	2	N	0	0	2	28.5
A_PB1	401	2	N	0	0	2	30
A_PB1	402	2	N	0	0	2	27
A_PB1	403	2	N	0	0	2	20.5
A_PB1	404	2	N	0	0	2	18.5
A_PB1	405	2	N	0	0	2	17
A_PB1	406	2	N	0	0	2	18
A_PB1	407	2	N	0	0	2	20
A_PB1	408	2	N	0	0	2	27.5
A_PB1	409	2	N	0	0	2	27.5
A_PB1	410	2	N	0	0	2	25
A_PB1	411	2	N	0	0	2	25
A_PB1	412	2	N	0	0	2	25.5
A_PB1	413	2	N	0	0	2	25
A_PB1	414	2	N	0	0	2	25.5
A_PB1	415	2	N	0	0	2	25
A_PB1	416	2	N	0	0	2	25.5
A_PB1	417	2	N	0	0	2	25
A_PB1	418	2	N	0	0	2	23
A_PB1	419	2	N	0	0	2	21.5
A_PB1	420	2	N	0	0	2	19
A_PB1	421	2	N	0	0	2	14.5
A_PB1	422	2	N	0	0	2	20
A_PB1	423	2	N	0	0	2	19.5
A_PB1	424	2	N	0	0	2	19
A_PB1	425	2	N	0	0	2	18.5
A_PB1	426	2	N	0	0	2	17
A_PB1	427	2	N	0	0	1	7
A_PB1	428	2	N	0	0	1	11
A_PB1	429	2	N	0	0	1	13
A_PB1	430	2	N	0	0	2	17.5
A_PB1	431	2	N	0	0	2	13.5
A_PB1	432	2	N	0	0	1	4
A_PB1	433	2	N	0	0	2	16
A_PB1	434	2	N	0	0	2	14.5
A_PB1	435	2	N	0	0	2	14.5
A_PB1	436	2	N	0	0	2	14.5
A_PB1	437	2	N	0	0	2	21
A_PB1	438	2	N	0	0	2	23.5
A_PB1	439	2	N	0	0	2	23.5
A_PB1	440	2	N	0	0	2	23
A_PB1	441	2	N	0	0	2	22.5
A_PB1	442	2	N	0	0	2	23
A_PB1	443	2	N	0	0	2	20.5
A_PB1	444	2	N	0	0	2	26
A_PB1	445	2	N	0	0	2	28.5
A_PB1	446	2	N	0	0	2	26
A_PB1	447	2	N	0	0	2	26
A_PB1	448	2	N	0	0	2	23.5
A_PB1	449	2	N	0	0	2	23.5
A_PB1	450	2	N	0	0	2	23.5
A_PB1	451	2	N	0	0	2	17.5
A_PB1	452	2	N	0	0	2	12
A_PB1	453	2	N	0	0	2	14.5
A_PB1	454	2	N	0	0	2	17.5
A_PB1	455	2	N	0	0	2	17
A_PB1	456	2	N	0	0	2	16.5
A_PB1	457	2	N	0	0	2	20
A_PB1	458	2	N	0	0	2	23
A_PB1	459	2	N	0	0	2	24
A_PB1	460	2	N	0	0	2	25
A_PB1	461	2	N	0	0	2	24.5
A_PB1	462	2	N	0	0	2	24.5
A_PB1	463	2	N	0	0	2	25
A_PB1	464	2	N	0	0	2	21.5
A_PB1	465	2	N	0	0	2	22
A_PB1	466	2	N	0	0	2	31
A_PB1	467	2	N	0	0	2	28
A_PB1	468	2	N	0	0	2	26.5
A_PB1	469	2	N	0	0	2	20
A_PB1	470	2	N	0	0	2	19.5
A_PB1	471	2	N	0	0	2	21
A_PB1	472	2	N	0	0	2	22
A_PB1	473	2	N	0	0	2	25
A_PB1	474	2	N	0	0	2	29
A_PB1	475	2	N	0	0	2	29
A_PB1	476	2	N	0	0	2	27
A_PB1	477	2	N	0	0	2	27.5
A_PB1	478	2	N	0	0	2	26
A_PB1	479	2	N	0	0	2	23
A_PB1	480	2	N	0	0	1	10
A_PB1	481	2	N	0	0	2	20
A_PB1	482	2	N	0	0	2	19
A_PB1	483	2	N	0	0	2	23
A_PB1	484	2	N	0	0	2	20.5
A_PB1	485	2	N	0	0	2	24
A_PB1	486	2	N	0	0	2	26
A_PB1	487	2	N	0	0	2	21
A_PB1	488	1	N	1	0	1	25
A_PB1	489	1	N	1	0	1	28
A_PB1	490	1	N	1	0	1	28
A_PB1	491	1	N	1	0	1	28
A_PB1	492	2	N	0	0	2	17.5
A_PB1	493	2	N	0	0	2	16
A_PB1	494	2	N	0	0	2	16
A_PB1	495	2	N	0	0	2	16.5
A_PB1	496	2	N	0	0	2	17
A_PB1	497	1	N	1	0	1	32
A_PB1	498	1	N	1	0	1	37
A_PB1	499	1	N	1	0	1	25
A_PB1	500	2	N	0	0	2	14.5
A_PB1	501	2	N	0	0	2	26
A_PB1	502	2	N	0	0	2	22
A_PB1	503	2	N	0	0	2	22
A_PB1	504	2	N	0	0	2	21
A_PB1	505	2	N	0	0	2	26.5
A_PB1	506	2	N	0	0	2	28
A_PB1	507	1	N	1	0	1	24
A_PB1	508	1	N	1	0	1	26
A_PB1	509	2	N	0	0	2	31.5
A_PB1	510	2	N	0	0	2	58
A_PB1	511	2	N	0	0	2	30
A_PB1	512	2	N	0	0	2	29.5
A_PB1	513	2	N	0	0	2	24
A_PB1	514	2	N	0	0	2	22
A_PB1	515	2	N	0	0	2	21.5
A_PB1	516	2	N	0	0	2	24
A_PB1	517	2	N	0	0	2	27
A_PB1	518	2	N	0	0	2	26
A_PB1	519	2	N	0	0	2	20.5
A_PB1	520	2	N	0	0	2	20.5
A_PB1	521	2	N	0	0	2	21
A_PB1	522	2	N	0	0	2	20.5
A_PB1	523	2	N	0	0	2	26.5
A_PB1	524	2	N	0	0	2	25
A_PB1	525	2	N	0	0	1	25
A_PB1	526	2	N	0	0	2	24
A_PB1	527	2	N	0	0	2	25.5
A_PB1	528	2	N	0	0	2	20.5
A_PB1	529	2	N	0	0	2	17.5
A_PB1	530	2	N	0	0	2	17.5
A_PB1	531	2	N	0	0	2	18
A_PB1	532	2	N	0	0	2	22.5
A_PB1	533	2	N	0	0	2	21.5
A_PB1	534	1	N	0	0	1	26
A_PB1	535	1	N	0	0	1	30
A_PB1	536	1	N	0	0	1	27
A_PB1	537	1	N	0	0	1	28
A_PB1	538	1	N	0	0	1	26
A_PB1	539	1	N	0	0	1	26
A_PB1	540	1	N	0	0	1	30
A_PB1	541	1	N	0	0	1	31
A_PB1	542	1	N	0	0	1	26
A_PB1	543	1	N	0	0	1	26
A_PB1	544	1	N	0	0	1	19
A_PB1	545	1	N	0	0	1	19
A_PB1	546	1	N	0	0	1	19
A_PB1	547	1	N	0	0	1	19
A_PB1	548	1	N	0	0	1	22
A_PB1	549	1	N	0	0	1	23
A_PB1	550	1	N	0	0	1	22
A_PB1	551	1	N	0	0	1	26
A_PB1	552	1	N	0	0	1	12
A_PB1	553	1	N	0	0	1	12
A_PB1	554	1	N	0	0	1	14
A_PB1	555	1	N	0	0	1	16
A_PB1	556	1	N	0	0	1	24
A_PB1	557	1	N	0	0	1	19
A_PB1	558	1	N	0	0	1	16
A_PB1	559	1	N	0	0	1	17
A_PB1	560	1	N	0	0	1	11
A_PB1	561	1	N	0	0	1	9
A_PB1	562	1	N	0	0	1	20
A_PB1	563	1	N	0	0	1	12
A_PB1	564	1	N	0	0	1	15
A_PB1	565	1	N	0	0	1	28
A_PB1	566	1	N	0	0	1	24
A_PB1	567	1	N	0	0	1	29
A_PB1	568	1	N	0	0	1	27
A_PB1	569	1	N	0	0	1	22
A_PB1	570	1	N	0	0	1	23
A_PB1	571	1	N	0	0	1	22
A_PB1	572	1	N	0	0	1	22
A_PB1	573	1	N	0	0	1	27
A_PB1	574	1	N	0	0	1	28
A_PB1	575	1	N	0	0	1	27
A_PB1	576	1	N	0	0	1	24
A_PB1	577	1	N	0	0	1	23
A_PB1	578	1	N	0	0	1	22
A_PB1	579	1	N	0	0	1	22
A_PB1	580	1	N	0	0	1	25
A_PB1	581	1	N	0	0	1	28
A_PB1	582	1	N	0	0	1	26
A_PB1	583	1	N	0	0	1	26
A_PB1	584	1	N	0	0	1	25
A_PB1	585	1	N	0	0	1	18
A_PB1	586	1	N	0	0	1	18
A_PB1	587	1	N	0	0	1	18
A_PB1	588	1	N	0	0	1	19
A_PB1	589	1	N	0	0	1	31
A_PB1	590	1	N	0	0	1	30
A_PB1	591	1	N	0	0	1	28
A_PB1	592	1	N	0	0	1	32
A_PB1	593	1	N	0	0	1	31
A_PB1	594	1	N	0	0	1	25
A_PB1	595	1	N	0	0	1	30
A_PB1	596	1	N	0	0	1	27
A_PB1	597	1	N	0	0	1	29
A_PB1	598	1	N	0	0	1	27
A_PB1	599	1	N	0	0	1	26
A_PB1	600	1	N	0	0	1	26
A_PB1	601	1	N	0	0	1	27
A_PB1	602	1	N	0	0	1	29
A_PB1	603	1	N	0	0	1	28
A_PB1	604	1	N	0	0	1	90
A_PB1	605	1	N	0	0	1	90
A_PB1	606	1	N	0	0	1	18
A_PB1	607	1	N	0	0	1	16
A_PB1	608	1	N	0	0	1	16
A_PB1	609	1	N	0	0	1	11
A_PB1	610	1	N	0	0	1	7
A_PB1	611	1	N	0	0	1	7
A_PB1	612	1	N	0	0	1	7
A_PB1	613	1	N	0	0	1	7
A_PB1	614	1	N	0	0	1	11
A_PB1	615	1	N	0	0	1	26
A_PB1	616	1	N	0	0	1	25
A_PB1	617	1	N	0	0	1	24
A_PB1	618	1	N	0	0	1	23
A_PB1	619	1	N	0	0	1	27
A_PB1	620	1	N	0	0	1	26
A_PB1	621	1	N	0	0	1	29
A_PB1	622	1	N	0	0	1	31
A_PB1	623	1	N	0	0	1	28
A_PB1	624	1	N	0	0	1	27
A_PB1	625	1	N	0	0	1	27
A_PB1	626	1	N	0	0	1	28
A_PB1	627	1	N	0	0	1	31
A_PB1	628	1	N	0	0	1	29
A_PB1	629	1	N	0	0	1	25
A_PB1	630	1	N	0	0	1	21
A_PB1	631	1	N	0	0	1	15
A_PB1	632	1	N	0	0	1	19
A_PB1	633	1	N	0	0	1	9
A_PB1	634	1	N	0	0	1	6
A_PB1	635	1	N	0	0	1	6
A_PB1	636	1	N	0	0	1	6
A_PB1	637	1	N	0	0	1	21
A_PB1	638	1	N	0	0	1	26
A_PB1	639	1	N	0	0	1	29
A_PB1	640	1	N	0	0	1	27
A_PB1	641	1	N	0	0	1	25
A_PB1	642	1	N	0	0	1	10
A_PB1	643	1	N	0	0	1	9
A_PB1	644	1	N	0	0	1	11
A_PB1	645	1	N	0	0	1	19
A_PB1	646	1	N	0	0	1	21
A_PB1	647	1	N	0	0	1	18
A_PB1	648	1	N	0	0	1	22
A_PB1	649	1	N	0	0	1	24
A_PB1	650	1	N	0	0	1	28
A_PB1	651	1	N	0	0	1	29
A_PB1	652	1	N	0	0	1	31
A_PB1	653	1	N	0	0	1	27
A_PB1	654	1	N	0	0	1	26
A_PB1	655	1	N	0	0	1	28
A_PB1	656	1	N	0	0	1	27
A_PB1	657	1	N	0	0	1	21
A_PB1	658	1	N	0	0	1	18
A_PB1	659	1	N	0	0	1	23
A_PB1	660	1	N	0	0	1	28
A_PB1	661	1	N	0	0	1	30
A_PB1	662	1	N	0	0	1	23
A_PB1	663	1	N	0	0	1	22
A_PB1	664	1	N	0	0	1	22
A_PB1	665	1	N	0	0	1	21
A_PB1	666	1	N	0	0	1	24
A_PB1	667	1	N	0	0	1	23
A_PB1	668	1	N	0	0	1	23
A_PB1	669	1	N	0	0	1	24
A_PB1	670	1	N	0	0	1	23
A_PB1	671	1	N	0	0	1	25
A_PB1	672	1	N	0	0	1	19
A_PB1	673	1	N	0	0	1	19
A_PB1	674	1	N	0	0	1	19
A_PB1	675	1	N	0	0	1	20
A_PB1	676	1	N	0	0	1	23
A_PB1	677	1	N	0	0	1	23
A_PB1	678	1	N	0	0	1	26
A_PB1	679	1	N	0	0	1	26
A_PB1	680	1	N	0	0	1	27
A_PB1	681	1	N	0	0	1	29
A_PB1	682	1	N	0	0	1	28
A_PB1	683	1	N	0	0	1	26
A_PB1	684	1	N	0	0	1	25
A_PB1	685	1	N	0	0	1	25
A_PB1	686	1	N	0	0	1	26
A_PB1	687	1	N	0	0	1	26
A_PB1	688	1	N	0	0	1	24
A_PB1	689	1	N	0	0	1	26
A_PB1	690	1	N	0	0	1	24
A_PB1	691	1	N	0	0	1	24
A_PB1	692	1	N	0	0	1	23
A_PB1	693	1	N	0	0	1	27
A_PB1	694	1	N	0	0	1	27
A_PB1	695	1	N	0	0	1	21
A_PB1	696	1	N	0	0	1	21
A_PB1	697	1	N	0	0	1	21
A_PB1	698	1	N	0	0	1	24
A_PB1	699	1	N	0	0	1	26
A_PB1	700	1	N	0	0	1	24
A_PB1	701	1	N	0	0	1	19
A_PB1	702	1	N	0	0	1	19
A_PB1	703	1	N	0	0	1	20
A_PB1	704	1	N	0	0	1	20
A_PB1	705	1	N	0	0	1	28
A_PB1	706	1	N	0	0	1	24
A_PB1	707	1	N	0	0	1	26
A_PB1	708	1	N	0	0	1	28
A_PB1	709	1	N	0	0	1	27
A_PB1	710	1	N	0	0	1	26
A_PB1	711	1	N	0	0	1	27
A_PB1	712	1	N	0	0	1	20
A_PB1	713	1	N	0	0	1	18
A_PB1	714	1	N	0	0	1	20
A_PB1	715	1	N	0	0	1	21
A_PB1	716	1	N	0	0	1	17
A_PB1	717	1	N	0	0	1	8
A_PB1	718	1	N	0	0	1	7
A_PB1	719	1	N	0	0	1	9
A_PB1	720	1	N	0	0	1	10
A_PB1	721	1	N	0	0	1	12
A_PB1	722	1	N	0	0	1	10
A_PB1	723	1	N	0	0	1	10
A_PB1	724	1	N	0	0	1	10
A_PB1	725	1	N	0	0	1	14
A_PB1	726	1	N	0	0	1	25
A_PB1	727	1	N	0	0	1	23
A_PB1	728	1	N	0	0	1	23
A_PB1	729	1	N	0	0	1	17
A_PB1	730	1	N	0	0	1	15
A_PB1	731	1	N	0	0	1	15
A_PB1	732	1	N	0	0	1	16
A_PB1	733	1	N	0	0	1	13
A_PB1	734	1	N	0	0	1	14
A_PB1	735	1	N	0	0	1	16
A_PB1	736	1	N	0	0	1	17
A_PB1	737	1	N	0	0	1	18
A_PB1	738	1	N	0	0	1	18
A_PB1	739	1	N	0	0	1	20
A_PB1	740	1	N	0	0	1	20
A_PB1	741	1	N	0	0	1	19
A_PB1	742	1	N	0	0	1	19
A_PB1	743	1	N	0	0	1	18
A_PB1	744	1	N	0	0	1	16
A_PB1	745	1	N	0	0	1	16
A_PB1	746	1	N	0	0	1	8
A_PB1	747	1	N	0	0	1	7
A_PB1	748	1	N	0	0	1	6
A_PB1	749	1	N	0	0	1	7
A_PB1	750	1	N	0	0	1	12
A_PB1	751	1	N	0	0	1	15
A_PB1	752	1	N	0	0	1	16
A_PB1	753	1	N	0	0	1	18
A_PB1	754	1	N	0	0	1	24
A_PB1	755	1	N	0	0	1	26
A_PB1	756	1	N	0	0	1	17
A_PB1	757	1	N	0	0	1	16
A_PB1	758	1	N	0	0	1	17
A_PB1	759	1	N	0	0	1	16
A_PB1	760	1	N	0	0	1	15
A_PB1	761	1	N	0	0	1	13
A_PB1	762	1	N	0	0	1	9
A_PB1	763	1	N	0	0	1	9
A_PB1	764	1	N	0	0	1	9
A_PB1	765	1	N	0	0	1	9
A_PB1	766	1	N	0	0	1	8
A_PB1	767	1	N	0	0	1	10
A_PB1	768	1	N	0	0	1	12
A_PB1	769	1	N	0	0	1	19
A_PB1	770	1	N	0	0	1	15
A_PB1	771	1	N	0	0	1	11
A_PB1	772	1	N	0	0	1	22
A_PB1	773	1	N	0	0	1	23
A_PB1	774	1	N	0	0	1	26
A_PB1	775	1	N	0	0	1	25
A_PB1	776	1	N	0	0	1	27
A_PB1	777	1	N	0	0	1	27
A_PB1	778	1	N	0	0	1	26
A_PB1	779	1	N	0	0	1	19
A_PB1	780	1	N	0	0	1	19
A_PB1	781	1	N	0	0	1	20
A_PB1	782	1	N	0	0	1	18
A_PB1	783	1	N	0	0	1	18
A_PB1	784	1	N	0	0	1	18
A_PB1	785	1	N	0	0	1	19
A_PB1	786	1	N	0	0	1	27
A_PB1	787	1	N	0	0	1	26
A_PB1	788	1	N	0	0	1	24
A_PB1	789	1	N	0	0	1	23
A_PB1	790	1	N	0	0	1	22
A_PB1	791	1	N	0	0	1	22
A_PB1	792	1	N	0	0	1	25
A_PB1	793	1	N	0	0	1	31
A_PB1	794	1	N	0	0	1	33
A_PB1	795	1	N	0	0	1	29
A_PB1	796	1	N	0	0	1	22
A_PB1	797	1	N	0	0	1	22
A_PB1	798	1	N	0	0	1	20
A_PB1	799	1	N	0	0	1	21
A_PB1	800	1	N	0	0	1	22
A_PB1	801	1	N	0	0	1	19
A_PB1	802	1	N	0	0	1	19
A_PB1	803	1	N	0	0	1	19
A_PB1	804	1	N	0	0	1	21
A_PB1	805	1	N	0	0	1	29
A_PB1	806	1	N	0	0	1	30
A_PB1	807	1	N	0	0	1	31
A_PB1	808	1	N	0	0	1	30
A_PB1	809	1	N	0	0	1	24
A_PB1	810	1	N	0	0	1	24
A_PB1	811	1	N	0	0	1	24
A_PB1	812	1	N	0	0	1	24
A_PB1	813	1	N	0	0	1	25
A_PB1	814	1	N	0	0	1	25
A_PB1	815	1	N	0	0	1	22
A_PB1	816	1	N	0	0	1	25
A_PB1	817	1	N	0	0	1	22
A_PB1	818	1	N	0	0	1	18
A_PB1	819	1	N	0	0	1	21
A_PB1	820	1	N	0	0	1	21
A_PB1	821	1	N	0	0	1	19
A_PB1	822	1	N	0	0	1	20
A_PB1	823	1	N	0	0	1	20
A_PB1	824	1	N	0	0	1	18
A_PB1	825	1	N	0	0	1	18
A_PB1	826	1	N	0	0	1	25
A_PB1	827	1	N	0	0	1	28
A_PB1	828	1	N	0	0	1	25
A_PB1	829	1	N	0	0	1	32
A_PB1	830	1	N	0	0	1	28
A_PB1	831	1	N	0	0	1	28
A_PB1	832	1	N	0	0	1	29
A_PB1	833	1	N	0	0	1	8
A_PB1	834	1	N	0	0	1	10
A_PB1	835	1	N	0	0	1	10
A_PB1	836	1	N	0	0	1	8
A_PB1	837	1	N	0	0	1	12
A_PB1	838	1	N	0	0	1	12
A_PB1	839	1	N	0	0	1	10
A_PB1	840	1	N	0	0	1	10
A_PB1	841	1	N	0	0	1	10
A_PB1	842	1	N	0	0	1	12
A_PB1	843	1	N	0	0	1	20
A_PB1	844	1	N	0	0	1	25
A_PB1	845	1	N	0	0	1	28
A_PB1	846	1	N	0	0	1	31
A_PB1	847	1	N	0	0	1	32
A_PB1	848	1	N	0	0	1	31
A_PB1	849	1	N	0	0	1	25
A_PB1	850	1	N	0	0	1	24
A_PB1	851	1	N	0	0	1	24
A_PB1	852	1	N	0	0	1	24
A_PB1	853	1	N	0	0	1	28
A_PB1	854	1	N	0	0	1	33
A_PB1	855	1	N	0	0	1	30
A_PB1	856	1	N	0	0	1	28
A_PB1	857	1	N	0	0	1	19
A_PB1	858	1	N	0	0	1	17
A_PB1	859	1	N	0	0	1	17
A_PB1	860	1	N	0	0	1	17
A_PB1	861	1	N	0	0	1	17
A_PB1	862	1	N	0	0	1	16
A_PB1	863	1	N	0	0	1	6
A_PB1	864	1	N	0	0	1	6
A_PB1	865	1	N	0	0	1	14
A_PB1	866	1	N	0	0	1	23
A_PB1	867	1	N	0	0	1	26
A_PB1	868	1	N	0	0	1	27
A_PB1	869	1	N	0	0	1	25
A_PB1	870	1	N	0	0	1	25
A_PB1	871	1	N	0	0	1	25
A_PB1	872	1	N	0	0	1	26
A_PB1	873	1	N	0	0	1	28
A_PB1	874	1	N	0	0	1	27
A_PB1	875	1	N	0	0	1	25
A_PB1	876	1	N	0	0	1	24
A_PB1	877	1	N	0	0	1	25
A_PB1	878	1	N	0	0	1	26
A_PB1	879	1	N	0	0	1	25
A_PB1	880	1	N	0	0	1	24
A_PB1	881	1	N	0	0	1	23
A_PB1	882	1	N	0	0	1	23
A_PB1	883	1	N	0	0	1	24
A_PB1	884	1	N	0	0	1	25
A_PB1	885	1	N	0	0	1	25
A_PB1	886	1	N	0	0	1	20
A_PB1	887	1	N	0	0	1	20
A_PB1	888	1	N	0	0	1	18
A_PB1	889	1	N	0	0	1	18
A_PB1	890	1	N	0	0	1	18
A_PB1	891	1	N	0	0	1	17
A_PB1	892	1	N	0	0	1	20
A_PB1	893	1	N	0	0	1	23
A_PB1	894	1	N	0	0	1	23
A_PB1	895	1	N	0	0	1	25
A_PB1	896	1	N	0	0	1	27
A_PB1	897	1	N	0	0	1	31
A_PB1	898	1	N	0	0	1	28
A_PB1	899	1	N	0	0	1	23
A_PB1	900	1	N	0	0	1	23
A_PB1	901	1	N	0	0	1	24
A_PB1	902	1	N	0	0	1	29
A_PB1	903	1	N	0	0	1	32
A_PB1	904	1	N	0	0	1	31
A_PB1	905	1	N	0	0	1	32
A_PB1	906	1	N	0	0	1	30
A_PB1	907	1	N	0	0	1	28
A_PB1	908	1	N	0	0	1	28
A_PB1	909	1	N	0	0	1	26
A_PB1	910	1	N	0	0	1	26
A_PB1	911	1	N	0	0	1	27
A_PB1	912	1	N	0	0	1	27
A_PB1	913	1	N	0	0	1	26
A_PB1	914	1	N	0	0	1	26
A_PB1	915	1	N	0	0	1	23
A_PB1	916	1	N	0	0	1	24
A_PB1	917	1	N	0	0	1	24
A_PB1	918	1	N	0	0	1	24
A_PB1	919	1	N	0	0	1	26
A_PB1	920	1	N	0	0	1	28
A_PB1	921	1	N	0	0	1	28
A_PB1	922	1	N	0	0	1	32
A_PB1	923	1	N	0	0	1	30
A_PB1	924	1	N	0	0	1	26
A_PB1	925	1	N	0	0	1	28
A_PB1	926	1	N	0	0	1	30
A_PB1	927	1	N	0	0	1	30
A_PB1	928	1	N	0	0	1	28
A_PB1	929	1	N	0	0	1	26
A_PB1	930	1	N	0	0	1	25
A_PB1	931	1	N	0	0	1	29
A_PB1	932	1	N	0	0	1	26
A_PB1	933	1	N	0	0	1	9
A_PB1	934	1	N	0	0	1	9
A_PB1	935	1	N	0	0	1	5
A_PB1	936	1	N	0	0	1	7
A_PB1	937	1	N	0	0	1	9
A_PB1	938	1	N	0	0	1	7
A_PB1	939	1	N	0	0	1	12
A_PB1	940	1	N	0	0	1	17
A_PB1	941	1	N	0	0	1	18
A_PB1	942	1	N	0	0	1	24
A_PB1	943	1	N	0	0	1	31
A_PB1	944	1	N	0	0	1	33
A_PB1	945	1	N	0	0	1	27
A_PB1	946	1	N	0	0	1	29
A_PB1	947	1	N	0	0	1	27
A_PB1	948	1	N	0	0	1	27
A_PB1	949	1	N	0	0	1	24
A_PB1	950	1	N	0	0	1	21
A_PB1	951	1	N	0	0	1	20
A_PB1	952	1	N	0	0	1	20
A_PB1	953	1	N	0	0	1	22
A_PB1	954	1	N	0	0	1	25
A_PB1	955	1	N	0	0	1	27
A_PB1	956	1	N	0	0	1	25
A_PB1	957	1	N	0	0	1	14
A_PB1	958	1	N	0	0	1	15
A_PB1	959	1	N	0	0	1	16
A_PB1	960	1	N	0	0	1	15
A_PB1	961	1	N	0	0	1	16
A_PB1	962	1	N	0	0	1	17
A_PB1	963	1	N	0	0	1	18
A_PB1	964	1	N	0	0	1	21
A_PB1	965	1	N	0	0	1	28
A_PB1	966	1	N	0	0	1	29
A_PB1	967	1	N	0	0	1	27
A_PB1	968	1	N	0	0	1	27
A_PB1	969	1	N	0	0	1	27
A_PB1	970	1	N	0	0	1	27
A_PB1	971	1	N	0	0	1	23
A_PB1	972	1	N	0	0	1	21
A_PB1	973	1	N	0	0	1	21
A_PB1	974	1	N	0	0	1	22
A_PB1	975	1	N	0	0	1	24
A_PB1	976	1	N	0	0	1	26
A_PB1	977	1	N	0	0	1	26
A_PB1	978	1	N	0	0	1	27
A_PB1	979	1	N	0	0	1	30
A_PB1	980	1	N	0	0	1	26
A_PB1	981	1	N	0	0	1	19
A_PB1	982	1	N	0	0	1	16
A_PB1	983	1	N	0	0	1	6
A_PB1	984	1	N	0	0	1	10
A_PB1	985	1	N	0	0	1	7
A_PB1	986	1	N	0	0	1	10
A_PB1	987	1	N	0	0	1	16
A_PB1	988	1	N	0	0	1	17
A_PB1	989	1	N	0	0	1	17
A_PB1	990	1	N	0	0	1	24
A_PB1	991	1	N	0	0	1	25
A_PB1	992	1	N	0	0	1	26
A_PB1	993	1	N	0	0	1	25
A_PB1	994	1	N	0	0	1	27
A_PB1	995	1	N	0	0	1	30
A_PB1	996	1	N	0	0	1	31
A_PB1	997	1	N	0	0	1	30
A_PB1	998	1	N	0	0	1	28
A_PB1	999	1	N	0	0	1	26
A_PB1	1000	1	N	0	0	1	26
A_PB1	1001	1	N	0	0	1	28
A_PB1	1002	1	N	0	0	1	31
A_PB1	1003	1	N	0	0	1	32
A_PB1	1004	1	N	0	0	1	32
A_PB1	1005	1	N	0	0	1	29
A_PB1	1006	1	N	0	0	1	31
A_PB1	1007	1	N	0	0	1	30
A_PB1	1008	1	N	0	0	1	31
A_PB1	1009	1	N	0	0	1	30
A_PB1	1010	1	N	0	0	1	23
A_PB1	1011	1	N	0	0	1	22
A_PB1	1012	1	N	0	0	1	22
A_PB1	1013	1	N	0	0	1	21
A_PB1	1014	1	N	0	0	1	21
A_PB1	1015	1	N	0	0	1	10
A_PB1	1016	1	N	0	0	1	9
A_PB1	1017	1	N	0	0	1	9
A_PB1	1018	1	N	0	0	1	14
A_PB1	1019	1	N	0	0	1	26
A_PB1	1020	1	N	0	0	1	28
A_PB1	1021	1	N	0	0	1	30
A_PB1	1022	1	N	0	0	1	28
A_PB1	1023	1	N	0	0	1	26
A_PB1	1024	1	N	0	0	1	21
A_PB1	1025	1	N	0	0	1	20
A_PB1	1026	1	N	0	0	1	20
A_PB1	1027	1	N	0	0	1	12
A_PB1	1028	1	N	0	0	1	12
A_PB1	1029	1	N	0	0	1	11
A_PB1	1030	1	N	0	0	1	12
A_PB1	1031	1	N	0	0	1	17
A_PB1	1032	1	N	0	0	1	19
A_PB1	1033	1	N	0	0	1	20
A_PB1	1034	1	N	0	0	1	29
A_PB1	1035	1	N	0	0	1	29
A_PB1	1036	1	N	0	0	1	27
A_PB1	1037	1	N	0	0	1	23
A_PB1	1038	1	N	0	0	1	19
A_PB1	1039	1	N	0	0	1	19
A_PB1	1040	1	N	0	0	1	20
A_PB1	1041	1	N	0	0	1	22
A_PB1	1042	1	N	0	0	1	23
A_PB1	1043	1	N	0	0	1	34
A_PB1	1044	1	N	0	0	1	31
A_PB1	1045	1	N	0	0	1	33
A_PB1	1046	1	N	0	0	1	28
A_PB1	1047	1	N	0	0	1	31
A_PB1	1048	1	N	0	0	1	27
A_PB1	1049	1	N	0	0	1	23
A_PB1	1050	1	N	0	0	1	22
A_PB1	1051	1	N	0	0	1	22
A_PB1	1052	1	N	0	0	1	21
A_PB1	1053	1	N	0	0	1	23
A_PB1	1054	1	N	0	0	1	22
A_PB1	1055	1	N	0	0	1	21
A_PB1	1056	1	N	0	0	1	19
A_PB1	1057	1	N	0	0	1	23
A_PB1	1058	1	N	0	0	1	28
A_PB1	1059	1	N	0	0	1	31
A_PB1	1060	1	N	0	0	1	27
A_PB1	1061	1	N	0	0	1	32
A_PB1	1062	1	N	0	0	1	23
A_PB1	1063	1	N	0	0	1	24
A_PB1	1064	1	N	0	0	1	19
A_PB1	1065	1	N	0	0	1	18
A_PB1	1066	1	N	0	0	1	20
A_PB1	1067	1	N	0	0	1	25
A_PB1	1068	1	N	0	0	1	9
A_PB1	1069	1	N	0	0	1	6
A_PB1	1070	1	N	0	0	1	6
A_PB1	1071	1	N	0	0	1	6
A_PB1	1072	1	N	0	0	1	31
A_PB1	1073	1	N	0	0	1	28
A_PB1	1074	1	N	0	0	1	29
A_PB1	1075	1	N	0	0	1	21
A_PB1	1076	1	N	0	0	1	7
A_PB1	1077	1	N	0	0	1	7
A_PB1	1078	1	N	0	0	1	5
A_PB1	1079	1	N	0	0	1	6
A_PB1	1080	1	N	0	0	1	6
A_PB1	1081	1	N	0	0	1	6
A_PB1	1082	1	N	0	0	1	7
A_PB1	1083	1	N	0	0	1	17
A_PB1	1084	1	N	0	0	1	22
A_PB1	1085	1	N	0	0	1	25
A_PB1	1086	1	N	0	0	1	24
A_PB1	1087	1	N	0	0	1	28
A_PB1	1088	1	N	0	0	1	28
A_PB1	1089	1	N	0	0	1	31
A_PB1	1090	1	N	0	0	1	31
A_PB1	1091	1	N	0	0	1	30
A_PB1	1092	1	N	0	0	1	27
A_PB1	1093	1	N	0	0	1	25
A_PB1	1094	1	N	0	0	1	27
A_PB1	1095	1	N	0	0	1	25
A_PB1	1096	1	N	0	0	1	23
A_PB1	1097	1	N	0	0	1	19
A_PB1	1098	1	N	0	0	1	17
A_PB1	1099	1	N	0	0	1	18
A_PB1	1100	1	N	0	0	1	19
A_PB1	1101	1	N	0	0	1	25
A_PB1	1102	1	N	0	0	1	31
A_PB1	1103	1	N	0	0	1	38
A_PB1	1104	1	N	0	0	1	29
A_PB1	1105	1	N	0	0	1	30
A_PB1	1106	1	N	0	0	1	30
A_PB1	1107	1	N	0	0	1	29
A_PB1	1108	1	N	0	0	1	26
A_PB1	1109	1	N	0	0	1	25
A_PB1	1110	1	N	0	0	1	24
A_PB1	1111	1	N	0	0	1	25
A_PB1	1112	1	N	0	0	1	29
A_PB1	1113	1	N	0	0	1	28
A_PB1	1114	1	N	0	0	1	20
A_PB1	1115	1	N	0	0	1	19
A_PB1	1116	1	N	0	0	1	22
A_PB1	1117	1	N	0	0	1	22
A_PB1	1118	1	N	0	0	1	15
A_PB1	1119	1	N	0	0	1	12
A_PB1	1120	1	N	0	0	1	12
A_PB1	1121	1	N	0	0	1	13
A_PB1	1122	1	N	0	0	1	13
A_PB1	1123	1	N	0	0	1	13
A_PB1	1124	1	N	0	0	1	17
A_PB1	1125	1	N	0	0	1	26
A_PB1	1126	1	N	0	0	1	26
A_PB1	1127	1	N	0	0	1	30
A_PB1	1128	1	N	0	0	1	30
A_PB1	1129	1	N	0	0	1	29
A_PB1	1130	1	N	0	0	1	28
A_PB1	1131	1	N	0	0	1	28
A_PB1	1132	1	N	0	0	1	29
A_PB1	1133	1	N	0	0	1	29
A_PB1	1134	1	N	0	0	1	29
A_PB1	1135	1	N	0	0	1	29
A_PB1	1136	1	N	0	0	1	23
A_PB1	1137	1	N	0	0	1	27
A_PB1	1138	1	N	0	0	1	31
A_PB1	1139	1	N	0	0	1	29
A_PB1	1140	1	N	0	0	1	26
A_PB1	1141	1	N	0	0	1	12
A_PB1	1142	1	N	0	0	1	11
A_PB1	1143	1	N	0	0	1	9
A_PB1	1144	1	N	0	0	1	9
A_PB1	1145	1	N	0	0	1	11
A_PB1	1146	1	N	0	0	1	20
A_PB1	1147	1	N	0	0	1	16
A_PB1	1148	1	N	0	0	1	16
A_PB1	1149	1	N	0	0	1	30
A_PB1	1150	1	N	0	0	1	27
A_PB1	1151	1	N	0	0	1	27
A_PB1	1152	1	N	0	0	1	27
A_PB1	1153	1	N	0	0	1	27
A_PB1	1154	1	N	0	0	1	28
A_PB1	1155	1	N	0	0	1	31
A_PB1	1156	1	N	0	0	1	30
A_PB1	1157	1	N	0	0	1	30
A_PB1	1158	1	N	0	0	1	30
A_PB1	1159	1	N	0	0	1	30
A_PB1	1160	1	N	0	0	1	30
A_PB1	1161	1	N	0	0	1	33
A_PB1	1162	1	N	0	0	1	30
A_PB1	1163	1	N	0	0	1	17
A_PB1	1164	1	N	0	0	1	24
A_PB1	1165	1	N	0	0	1	19
A_PB1	1166	1	N	0	0	1	18
A_PB1	1167	1	N	0	0	1	19
A_PB1	1168	1	N	0	0	1	34
A_PB1	1169	1	N	0	0	1	33
A_PB1	1170	1	N	0	0	1	28
A_PB1	1171	1	N	0	0	1	23
A_PB1	1172	1	N	0	0	1	23
A_PB1	1173	1	N	0	0	1	23
A_PB1	1174	1	N	0	0	1	35
A_PB1	1175	1	N	0	0	1	90
A_PB1	1176	1	N	0	0	1	90
A_PB1	1177	1	N	0	0	1	34
A_PB1	1178	1	N	0	0	1	28
A_PB1	1179	1	N	0	0	1	27
A_PB1	1180	1	N	0	0	1	29
A_PB1	1181	1	N	0	0	1	26
A_PB1	1182	1	N	0	0	1	24
A_PB1	1183	1	N	0	0	1	19
A_PB1	1184	1	N	0	0	1	21
A_PB1	1185	1	N	0	0	1	21
A_PB1	1186	1	N	0	0	1	22
A_PB1	1187	1	N	0	0	1	24
A_PB1	1188	1	N	0	0	1	27
A_PB1	1189	1	N	0	0	1	26
A_PB1	1190	1	N	0	0	1	29
A_PB1	1191	1	N	0	0	1	28
A_PB1	1192	1	N	0	0	1	27
A_PB1	1193	1	N	0	0	1	29
A_PB1	1194	1	N	0	0	1	29
A_PB1	1195	1	N	0	0	1	28
A_PB1	1196	1	N	0	0	1	28
A_PB1	1197	1	N	0	0	1	27
A_PB1	1198	1	N	0	0	1	27
A_PB1	1199	1	N	0	0	1	25
A_PB1	1200	1	N	0	0	1	24
A_PB1	1201	1	N	0	0	1	24
A_PB1	1202	1	N	0	0	1	24
A_PB1	1203	1	N	0	0	1	27
A_PB1	1204	1	N	0	0	1	28
A_PB1	1205	1	N	0	0	1	26
A_PB1	1206	1	N	0	0	1	23
A_PB1	1207	1	N	0	0	1	23
A_PB1	1208	1	N	0	0	1	23
A_PB1	1209	1	N	0	0	1	19
A_PB1	1210	1	N	0	0	1	19
A_PB1	1211	1	N	0	0	1	19
A_PB1	1212	1	N	0	0	1	13
A_PB1	1213	1	N	0	0	1	9
A_PB1	1214	1	N	0	0	1	8
A_PB1	1215	1	N	0	0	1	8
A_PB1	1216	1	N	0	0	1	9
A_PB1	1217	1	N	0	0	1	9
A_PB1	1218	1	N	0	0	1	10
A_PB1	1219	1	N	0	0	1	11
A_PB1	1220	1	N	0	0	1	14
A_PB1	1221	1	N	0	0	1	16
A_PB1	1222	1	N	0	0	1	25
A_PB1	1223	1	N	0	0	1	24
A_PB1	1224	1	N	0	0	1	12
A_PB1	1225	1	N	0	0	1	11
A_PB1	1226	1	N	0	0	1	12
A_PB1	1227	1	N	0	0	1	26
A_PB1	1228	1	N	0	0	1	27
A_PB1	1229	1	N	0	0	1	25
A_PB1	1230	1	N	0	0	1	25
A_PB1	1231	1	N	0	0	1	27
A_PB1	1232	1	N	0	0	1	27
A_PB1	1233	1	N	0	0	1	27
A_PB1	1234	1	N	0	0	1	25
A_PB1	1235	1	N	0	0	1	24
A_PB1	1236	1	N	0	0	1	24
A_PB1	1237	1	N	0	0	1	25
A_PB1	1238	1	N	0	0	1	30
A_PB1	1239	1	N	0	0	1	32
A_PB1	1240	1	N	0	0	1	31
A_PB1	1241	1	N	0	0	1	31
A_PB1	1242	1	N	0	0	1	31
A_PB1	1243	1	N	0	0	1	31
A_PB1	1244	1	N	0	0	1	31
A_PB1	1245	1	N	0	0	1	33
A_PB1	1246	1	N	0	0	1	33
A_PB1	1247	1	N	0	0	1	26
A_PB1	1248	1	N	0	0	1	25
A_PB1	1249	1	N	0	0	1	24
A_PB1	1250	1	N	0	0	1	20
A_PB1	1251	1	N	0	0	1	18
A_PB1	1252	1	N	0	0	1	9
A_PB1	1253	1	N	0	0	1	8
A_PB1	1254	1	N	0	0	1	8
A_PB1	1255	1	N	0	0	1	8
A_PB1	1256	1	N	0	0	1	17
A_PB1	1257	1	N	0	0	1	17
A_PB1	1258	1	N	0	0	1	22
A_PB1	1259	1	N	0	0	1	25
A_PB1	1260	1	N	0	0	1	26
A_PB1	1261	1	N	0	0	1	28
A_PB1	1262	1	N	0	0	1	26
A_PB1	1263	1	N	0	0	1	26
A_PB1	1264	1	N	0	0	1	24
A_PB1	1265	1	N	0	0	1	22
A_PB1	1266	1	N	0	0	1	23
A_PB1	1267	1	N	0	0	1	24
A_PB1	1268	1	N	0	0	1	25
A_PB1	1269	1	N	0	0	1	28
A_PB1	1270	1	N	0	0	1	26
A_PB1	1271	1	N	0	0	1	29
A_PB1	1272	1	N	0	0	1	28
A_PB1	1273	1	N	0	0	1	29
A_PB1	1274	1	N	0	0	1	28
A_PB1	1275	1	N	0	0	1	26
A_PB1	1276	1	N	0	0	1	16
A_PB1	1277	1	N	0	0	1	23
A_PB1	1278	1	N	0	0	1	24
A_PB1	1279	1	N	0	0	1	30
A_PB1	1280	1	N	0	0	1	31
A_PB1	1281	1	N	0	0	1	29
A_PB1	1282	1	N	0	0	1	29
A_PB1	1283	1	N	0	0	1	29
A_PB1	1284	1	N	0	0	1	25
A_PB1	1285	1	N	0	0	1	23
A_PB1	1286	1	N	0	0	1	21
A_PB1	1287	1	N	0	0	1	22
A_PB1	1288	1	N	0	0	1	22
A_PB1	1289	1	N	0	0	1	30
A_PB1	1290	1	N	0	0	1	25
A_PB1	1291	1	N	0	0	1	20
A_PB1	1292	1	N	0	0	1	20
A_PB1	1293	1	N	0	0	1	17
A_PB1	1294	1	N	0	0	1	11
A_PB1	1295	1	N	0	0	1	11
A_PB1	1296	1	N	0	0	1	11
A_PB1	1297	1	N	0	0	1	11
A_PB1	1298	1	N	0	0	1	12
A_PB1	1299	1	N	0	0	1	15
A_PB1	1300	1	N	0	0	1	19
A_PB1	1301	1	N	0	0	1	6
A_PB1	1302	1	N	0	0	1	6
A_PB1	1303	1	N	0	0	1	9
A_PB1	1304	1	N	0	0	1	17
A_PB1	1305	1	N	0	0	1	25
A_PB1	1306	1	N	0	0	1	23
A_PB1	1307	1	N	0	0	1	23
A_PB1	1308	1	N	0	0	1	17
A_PB1	1309	1	N	0	0	1	16
A_PB1	1310	1	N	0	0	1	19
A_PB1	1311	1	N	0	0	1	26
A_PB1	1312	1	N	0	0	1	27
A_PB1	1313	1	N	0	0	1	28
A_PB1	1314	1	N	0	0	1	30
A_PB1	1315	1	N	0	0	1	28
A_PB1	1316	1	N	0	0	1	28
A_PB1	1317	1	N	0	0	1	28
A_PB1	1318	1	N	0	0	1	26
A_PB1	1319	1	N	0	0	1	25
A_PB1	1320	1	N	0	0	1	25
A_PB1	1321	1	N	0	0	1	25
A_PB1	1322	1	N	0	0	1	26
A_PB1	1323	1	N	0	0	1	23
A_PB1	1324	1	N	0	0	1	23
A_PB1	1325	1	N	0	0	1	22
A_PB1	1326	1	N	0	0	1	22
A_PB1	1327	1	N	0	0	1	23
A_PB1	1328	1	N	0	0	1	17
A_PB1	1329	1	N	0	0	1	17
A_PB1	1330	1	N	0	0	1	19
A_PB1	1331	1	N	0	0	1	24
A_PB1	1332	1	N	0	0	1	30
A_PB1	1333	1	N	0	0	1	26
A_PB1	1334	1	N	0	0	1	26
A_PB1	1335	1	N	0	0	1	24
A_PB1	1336	1	N	0	0	1	6
A_PB1	1337	1	N	0	0	1	6
A_PB1	1338	1	N	0	0	1	16
A_PB1	1339	1	N	0	0	1	17
A_PB1	1340	1	N	0	0	1	14
A_PB1	1341	1	N	0	0	1	14
A_PB1	1342	1	N	0	0	1	28
A_PB1	1343	1	N	0	0	1	29
A_PB1	1344	1	N	0	0	1	29
A_PB1	1345	1	N	0	0	1	28
A_PB1	1346	1	N	0	0	1	21
A_PB1	1347	1	N	0	0	1	21
A_PB1	1348	1	N	0	0	1	20
A_PB1	1349	1	N	0	0	1	21
A_PB1	1350	1	N	0	0	1	22
A_PB1	1351	1	N	0	0	1	22
A_PB1	1352	1	N	0	0	1	24
A_PB1	1353	1	N	0	0	1	26
A_PB1	1354	1	N	0	0	1	26
A_PB1	1355	1	N	0	0	1	25
A_PB1	1356	1	N	0	0	1	25
A_PB1	1357	1	N	0	0	1	26
A_PB1	1358	1	N	0	0	1	28
A_PB1	1359	1	N	0	0	1	28
A_PB1	1360	1	N	0	0	1	29
A_PB1	1361	1	N	0	0	1	22
A_PB1	1362	1	N	0	0	1	17
A_PB1	1363	1	N	0	0	1	11
A_PB1	1364	1	N	0	0	1	10
A_PB1	1365	1	N	0	0	1	6
A_PB1	1366	1	N	0	0	1	5
A_PB1	1367	1	N	0	0	1	7
A_PB1	1368	1	N	0	0	1	12
A_PB1	1369	1	N	0	0	1	19
A_PB1	1370	1	N	0	0	1	22
A_PB1	1371	1	N	0	0	1	27
A_PB1	1372	1	N	0	0	1	27
A_PB1	1373	1	N	0	0	1	27
A_PB1	1374	1	N	0	0	1	22
A_PB1	1375	1	N	0	0	1	21
A_PB1	1376	1	N	0	0	1	17
A_PB1	1377	1	N	0	0	1	10
A_PB1	1378	1	N	0	0	1	8
A_PB1	1379	1	N	0	0	1	6
A_PB1	1380	1	N	0	0	1	5
A_PB1	1381	1	N	0	0	1	6
A_PB1	1382	1	N	0	0	1	9
A_PB1	1383	6	N	0	0	6	14.3333333333333
A_PB1	1384	6	N	0	0	6	15.6666666666667
A_PB1	1385	6	N	0	0	6	17.8333333333333
A_PB1	1386	6	N	0	0	6	18.8333333333333
A_PB1	1387	6	N	0	0	6	20.5
A_PB1	1388	6	N	0	0	6	21.5
A_PB1	1389	6	N	0	0	6	21
A_PB1	1390	6	N	0	0	6	21.3333333333333
A_PB1	1391	6	N	0	0	6	19.3333333333333
A_PB1	1392	6	N	0	0	6	19.1666666666667
A_PB1	1393	6	N	0	0	6	17.8333333333333
A_PB1	1394	6	N	0	0	6	18.1666666666667
A_PB1	1395	6	N	0	0	6	19.6666666666667
A_PB1	1396	6	N	0	0	6	21.3333333333333
A_PB1	1397	6	N	0	0	6	23.5
A_PB1	1398	6	N	0	0	6	24.8333333333333
A_PB1	1399	6	N	0	0	6	25.3333333333333
A_PB1	1400	6	N	0	0	6	28
A_PB1	1401	6	N	0	0	6	28.3333333333333
A_PB1	1402	6	N	0	0	6	27
A_PB1	1403	6	N	0	0	5	32.8
A_PB1	1404	6	N	0	0	6	27.5
A_PB1	1405	6	N	0	0	6	23.8333333333333
A_PB1	1406	6	N	0	0	6	22
A_PB1	1407	6	N	0	0	6	21.5
A_PB1	1408	6	N	0	0	6	18.6666666666667
A_PB1	1409	6	N	0	0	6	14.3333333333333
A_PB1	1410	6	N	0	0	6	15.1666666666667
A_PB1	1411	6	N	0	0	6	15.8333333333333
A_PB1	1412	6	N	0	0	6	16.1666666666667
A_PB1	1413	6	N	0	0	6	18.5
A_PB1	1414	6	N	0	0	6	20
A_PB1	1415	6	N	0	0	6	20.6666666666667
A_PB1	1416	6	N	0	0	6	24.8333333333333
A_PB1	1417	6	N	0	0	6	22.1666666666667
A_PB1	1418	6	N	0	0	6	18.8333333333333
A_PB1	1419	5	N	1	0	5	17.8
A_PB1	1420	5	N	1	0	5	15.4
A_PB1	1421	6	N	0	0	6	17.5
A_PB1	1422	6	N	0	0	6	17.3333333333333
A_PB1	1423	6	N	0	0	6	18.6666666666667
A_PB1	1424	5	N	1	0	5	18.4
A_PB1	1425	5	N	1	0	5	18.8
A_PB1	1426	5	N	1	0	5	20.2
A_PB1	1427	6	N	0	0	6	21.8333333333333
A_PB1	1428	6	N	0	0	6	21.8333333333333
A_PB1	1429	6	N	0	0	6	23.1666666666667
A_PB1	1430	6	N	0	0	6	22.6666666666667
A_PB1	1431	6	N	0	0	6	23
A_PB1	1432	6	N	0	0	6	22.8333333333333
A_PB1	1433	6	N	0	0	6	24.6666666666667
A_PB1	1434	6	N	0	0	6	25.1666666666667
A_PB1	1435	6	N	0	0	6	26
A_PB1	1436	6	N	0	0	6	24.8333333333333
A_PB1	1437	6	N	0	0	6	26
A_PB1	1438	6	N	0	0	5	25.6
A_PB1	1439	5	N	1	0	4	28
A_PB1	1440	6	N	0	0	6	27
A_PB1	1441	6	N	0	0	6	26
A_PB1	1442	6	N	0	0	6	26
A_PB1	1443	6	N	0	0	6	25.6666666666667
A_PB1	1444	6	N	0	0	6	24.6666666666667
A_PB1	1445	6	N	0	0	6	25.8333333333333
A_PB1	1446	6	N	0	0	6	25
A_PB1	1447	6	N	0	0	6	26.1666666666667
A_PB1	1448	6	N	0	0	6	32
A_PB1	1449	5	N	1	0	5	31.2
A_PB1	1450	6	N	0	0	6	33.1666666666667
A_PB1	1451	6	N	0	0	5	29.8
A_PB1	1452	6	N	0	0	5	28
A_PB1	1453	6	N	0	0	6	25
A_PB1	1454	6	N	0	0	6	23
A_PB1	1455	6	N	0	0	6	20
A_PB1	1456	6	N	0	0	6	19.3333333333333
A_PB1	1457	6	N	0	0	6	19.1666666666667
A_PB1	1458	6	N	0	0	6	19.6666666666667
A_PB1	1459	6	N	0	0	6	20.1666666666667
A_PB1	1460	6	N	0	0	6	24.5
A_PB1	1461	6	N	0	0	6	22.6666666666667
A_PB1	1462	6	N	0	0	6	22.3333333333333
A_PB1	1463	6	N	0	0	6	23.5
A_PB1	1464	6	N	0	0	6	26.5
A_PB1	1465	6	N	0	0	6	22.5
A_PB1	1466	6	N	0	0	6	21.8333333333333
A_PB1	1467	6	N	0	0	6	20.8333333333333
A_PB1	1468	6	N	0	0	6	19
A_PB1	1469	6	N	0	0	6	19.3333333333333
A_PB1	1470	6	N	0	0	6	19.1666666666667
A_PB1	1471	6	N	0	0	6	19.3333333333333
A_PB1	1472	6	N	0	0	6	20.8333333333333
A_PB1	1473	6	N	0	0	6	21.5
A_PB1	1474	6	N	0	0	6	22.8333333333333
A_PB1	1475	6	N	0	0	6	21.8333333333333
A_PB1	1476	6	N	0	0	6	21.1666666666667
A_PB1	1477	6	N	0	0	6	20.5
A_PB1	1478	6	N	0	0	6	18.6666666666667
A_PB1	1479	6	N	0	0	6	16.8333333333333
A_PB1	1480	6	N	0	0	6	17.3333333333333
A_PB1	1481	6	N	0	0	6	14.6666666666667
A_PB1	1482	6	N	0	0	6	16.1666666666667
A_PB1	1483	6	N	0	0	6	17.1666666666667
A_PB1	1484	6	N	0	0	6	18.8333333333333
A_PB1	1485	6	N	0	0	6	20
A_PB1	1486	6	N	0	0	6	19.8333333333333
A_PB1	1487	6	N	0	0	6	18.3333333333333
A_PB1	1488	6	N	0	0	6	19.6666666666667
A_PB1	1489	6	N	0	0	6	22
A_PB1	1490	6	N	0	0	6	22.1666666666667
A_PB1	1491	6	N	0	0	6	22.1666666666667
A_PB1	1492	6	N	0	0	6	23
A_PB1	1493	6	N	0	0	6	24
A_PB1	1494	6	N	0	0	6	24.8333333333333
A_PB1	1495	6	N	0	0	6	24.5
A_PB1	1496	6	N	0	0	6	24.5
A_PB1	1497	6	N	0	0	6	25.6666666666667
A_PB1	1498	6	N	0	0	6	25.3333333333333
A_PB1	1499	6	N	0	0	6	25.3333333333333
A_PB1	1500	6	N	0	0	6	24.8333333333333
A_PB1	1501	6	N	0	0	6	25.6666666666667
A_PB1	1502	6	N	0	0	6	25
A_PB1	1503	6	N	0	0	6	25.8333333333333
A_PB1	1504	6	N	0	0	6	22.3333333333333
A_PB1	1505	6	N	0	0	6	21.3333333333333
A_PB1	1506	6	N	0	0	6	21.5
A_PB1	1507	6	N	0	0	6	22
A_PB1	1508	6	N	0	0	6	23.3333333333333
A_PB1	1509	6	N	0	0	6	21.6666666666667
A_PB1	1510	4	N	2	0	4	23
A_PB1	1511	6	N	0	0	4	25.25
A_PB1	1512	6	N	0	0	4	26.25
A_PB1	1513	6	N	0	0	6	23.3333333333333
A_PB1	1514	6	N	0	0	6	22.6666666666667
A_PB1	1515	6	N	0	0	6	21.8333333333333
A_PB1	1516	6	N	0	0	6	22
A_PB1	1517	6	N	0	0	6	21.3333333333333
A_PB1	1518	6	N	0	0	6	20.6666666666667
A_PB1	1519	6	N	0	0	6	21.5
A_PB1	1520	6	N	0	0	6	18.1666666666667
A_PB1	1521	6	N	0	0	6	19.6666666666667
A_PB1	1522	6	N	0	0	5	19.4
A_PB1	1523	6	N	0	0	6	19.3333333333333
A_PB1	1524	6	N	0	0	6	22.1666666666667
A_PB1	1525	6	N	0	0	6	22
A_PB1	1526	6	N	0	0	6	17.8333333333333
A_PB1	1527	6	N	0	0	6	17
A_PB1	1528	6	N	0	0	6	19.3333333333333
A_PB1	1529	6	N	0	0	6	19
A_PB1	1530	6	N	0	0	6	20.8333333333333
A_PB1	1531	6	N	0	0	6	22.3333333333333
A_PB1	1532	6	N	0	0	6	22.6666666666667
A_PB1	1533	6	N	0	0	6	25.5
A_PB1	1534	6	N	0	0	6	24.8333333333333
A_PB1	1535	6	N	0	0	5	28
A_PB1	1536	6	N	0	0	6	23.6666666666667
A_PB1	1537	6	N	0	0	6	22.8333333333333
A_PB1	1538	6	N	0	0	5	20.8
A_PB1	1539	6	N	0	0	6	21.1666666666667
A_PB1	1540	6	N	0	0	6	20.8333333333333
A_PB1	1541	6	N	0	0	6	21
A_PB1	1542	6	N	0	0	6	20
A_PB1	1543	6	N	0	0	6	20.6666666666667
A_PB1	1544	6	N	0	0	6	20.8333333333333
A_PB1	1545	6	N	0	0	6	19.6666666666667
A_PB1	1546	6	N	0	0	6	20.6666666666667
A_PB1	1547	6	N	0	0	5	21.2
A_PB1	1548	6	N	0	0	6	23.6666666666667
A_PB1	1549	6	N	0	0	6	23.3333333333333
A_PB1	1550	6	N	0	0	6	24.8333333333333
A_PB1	1551	6	N	0	0	6	22.3333333333333
A_PB1	1552	6	N	0	0	6	22.6666666666667
A_PB1	1553	6	N	0	0	6	24.1666666666667
A_PB1	1554	6	N	0	0	6	24.3333333333333
A_PB1	1555	6	N	0	0	6	23.1666666666667
A_PB1	1556	6	N	0	0	6	23.1666666666667
A_PB1	1557	6	N	0	0	6	22.3333333333333
A_PB1	1558	6	N	0	0	6	21.6666666666667
A_PB1	1559	6	N	0	0	6	21.1666666666667
A_PB1	1560	6	N	0	0	6	19
A_PB1	1561	6	N	0	0	6	19.5
A_PB1	1562	6	N	0	0	6	20.3333333333333
A_PB1	1563	6	N	0	0	6	20.3333333333333
A_PB1	1564	6	N	0	0	6	20
A_PB1	1565	6	N	0	0	6	22.5
A_PB1	1566	6	N	0	0	6	23.6666666666667
A_PB1	1567	6	N	0	0	5	24.4
A_PB1	1568	6	N	0	0	6	23.8333333333333
A_PB1	1569	6	N	0	0	5	24
A_PB1	1570	6	N	0	0	6	27.6666666666667
A_PB1	1571	5	N	1	0	5	27.6
A_PB1	1572	5	N	1	0	5	26.2
A_PB1	1573	6	N	0	0	6	24.5
A_PB1	1574	6	N	0	0	6	24
A_PB1	1575	6	N	0	0	6	24.6666666666667
A_PB1	1576	6	N	0	0	6	24
A_PB1	1577	6	N	0	0	6	21.5
A_PB1	1578	6	N	0	0	5	18.2
A_PB1	1579	6	N	0	0	6	17.8333333333333
A_PB1	1580	6	N	0	0	6	16
A_PB1	1581	6	N	0	0	6	16.8333333333333
A_PB1	1582	6	N	0	0	6	12.8333333333333
A_PB1	1583	6	N	0	0	6	15
A_PB1	1584	6	N	0	0	6	16.3333333333333
A_PB1	1585	6	N	0	0	6	15.6666666666667
A_PB1	1586	6	N	0	0	6	15.8333333333333
A_PB1	1587	6	N	0	0	6	23.8333333333333
A_PB1	1588	6	N	0	0	6	23.1666666666667
A_PB1	1589	6	N	0	0	6	24.3333333333333
A_PB1	1590	6	N	0	0	6	25.6666666666667
A_PB1	1591	6	N	0	0	6	25
A_PB1	1592	6	N	0	0	6	22.8333333333333
A_PB1	1593	6	N	0	0	6	25
A_PB1	1594	6	N	0	0	6	24.8333333333333
A_PB1	1595	6	N	0	0	5	23.8
A_PB1	1596	6	N	0	0	6	25.5
A_PB1	1597	6	N	0	0	6	27.8333333333333
A_PB1	1598	6	N	0	0	6	29.3333333333333
A_PB1	1599	6	N	0	0	6	31
A_PB1	1600	6	N	0	0	6	39.5
A_PB1	1601	6	N	0	0	6	40.6666666666667
A_PB1	1602	6	N	0	0	6	30.1666666666667
A_PB1	1603	6	N	0	0	6	27.1666666666667
A_PB1	1604	6	N	0	0	6	26.3333333333333
A_PB1	1605	6	N	0	0	6	25.8333333333333
A_PB1	1606	6	N	0	0	6	26.8333333333333
A_PB1	1607	6	N	0	0	6	28.8333333333333
A_PB1	1608	6	N	0	0	6	27.8333333333333
A_PB1	1609	6	N	0	0	6	28.5
A_PB1	1610	6	N	0	0	6	27.6666666666667
A_PB1	1611	6	N	0	0	6	26
A_PB1	1612	6	N	0	0	6	26
A_PB1	1613	6	N	0	0	6	27.1666666666667
A_PB1	1614	6	N	0	0	6	26.8333333333333
A_PB1	1615	6	N	0	0	6	24.1666666666667
A_PB1	1616	6	N	0	0	6	23.1666666666667
A_PB1	1617	6	N	0	0	6	22.8333333333333
A_PB1	1618	5	N	1	0	5	26
A_PB1	1619	6	N	0	0	6	23.6666666666667
A_PB1	1620	6	N	0	0	6	25.1666666666667
A_PB1	1621	6	N	0	0	5	29.6
A_PB1	1622	6	N	0	0	5	29.8
A_PB1	1623	6	N	0	0	5	28.2
A_PB1	1624	6	N	0	0	5	30.8
A_PB1	1625	6	N	0	0	5	24.8
A_PB1	1626	6	N	0	0	6	24.6666666666667
A_PB1	1627	6	N	0	0	6	23.3333333333333
A_PB1	1628	6	N	0	0	6	22.3333333333333
A_PB1	1629	6	N	0	0	6	22.3333333333333
A_PB1	1630	6	N	0	0	6	22.1666666666667
A_PB1	1631	6	N	0	0	6	21
A_PB1	1632	6	N	0	0	6	24
A_PB1	1633	6	N	0	0	6	22.1666666666667
A_PB1	1634	6	N	0	0	6	20
A_PB1	1635	6	N	0	0	6	19.1666666666667
A_PB1	1636	6	N	0	0	6	18.6666666666667
A_PB1	1637	6	N	0	0	6	19.6666666666667
A_PB1	1638	6	N	0	0	6	19.8333333333333
A_PB1	1639	6	N	0	0	6	19.3333333333333
A_PB1	1640	6	N	0	0	6	18.5
A_PB1	1641	6	N	0	0	6	17.8333333333333
A_PB1	1642	6	N	0	0	6	17.6666666666667
A_PB1	1643	6	N	0	0	6	18.5
A_PB1	1644	6	N	0	0	6	18.8333333333333
A_PB1	1645	6	N	0	0	6	19
A_PB1	1646	6	N	0	0	6	19.3333333333333
A_PB1	1647	6	N	0	0	6	20.8333333333333
A_PB1	1648	6	N	0	0	6	20.5
A_PB1	1649	6	N	0	0	6	23.6666666666667
A_PB1	1650	6	N	0	0	6	22.8333333333333
A_PB1	1651	6	N	0	0	6	25.3333333333333
A_PB1	1652	6	N	0	0	6	25.3333333333333
A_PB1	1653	6	N	0	0	6	26.5
A_PB1	1654	6	N	0	0	6	25.1666666666667
A_PB1	1655	6	N	0	0	6	24.8333333333333
A_PB1	1656	6	N	0	0	6	21.3333333333333
A_PB1	1657	6	N	0	0	6	20.5
A_PB1	1658	6	N	0	0	5	20.8
A_PB1	1659	6	N	0	0	4	21
A_PB1	1660	6	N	0	0	5	51.6
A_PB1	1661	6	N	0	0	5	38.4
A_PB1	1662	6	N	0	0	5	64.4
A_PB1	1663	6	N	0	0	5	31
A_PB1	1664	6	N	0	0	6	26.5
A_PB1	1665	6	N	0	0	6	24.6666666666667
A_PB1	1666	5	N	1	0	5	26
A_PB1	1667	6	N	0	0	5	24
A_PB1	1668	6	N	0	0	6	23.1666666666667
A_PB1	1669	6	N	0	0	6	22.3333333333333
A_PB1	1670	6	N	0	0	6	20.6666666666667
A_PB1	1671	6	N	0	0	6	20.6666666666667
A_PB1	1672	6	N	0	0	6	22.1666666666667
A_PB1	1673	6	N	0	0	6	20.5
A_PB1	1674	5	N	1	0	5	19.2
A_PB1	1675	5	N	1	0	5	16.8
A_PB1	1676	6	N	0	0	6	18.1666666666667
A_PB1	1677	6	N	0	0	6	18.3333333333333
A_PB1	1678	6	N	0	0	6	16.8333333333333
A_PB1	1679	6	N	0	0	6	18.3333333333333
A_PB1	1680	6	N	0	0	6	20.8333333333333
A_PB1	1681	6	N	0	0	6	21.1666666666667
A_PB1	1682	6	N	0	0	6	21.5
A_PB1	1683	6	N	0	0	5	20.6
A_PB1	1684	6	N	0	0	6	18.1666666666667
A_PB1	1685	6	N	0	0	6	16.3333333333333
A_PB1	1686	6	N	0	0	6	18.1666666666667
A_PB1	1687	5	N	1	0	5	20.4
A_PB1	1688	6	N	0	0	6	23
A_PB1	1689	6	N	0	0	6	19.3333333333333
A_PB1	1690	6	N	0	0	6	19.6666666666667
A_PB1	1691	6	N	0	0	6	19.6666666666667
A_PB1	1692	6	N	0	0	6	15.8333333333333
A_PB1	1693	6	N	0	0	6	18
A_PB1	1694	6	N	0	0	6	18.1666666666667
A_PB1	1695	6	N	0	0	6	16.5
A_PB1	1696	6	N	0	0	6	19.1666666666667
A_PB1	1697	6	N	0	0	6	16.3333333333333
A_PB1	1698	6	N	0	0	6	16.1666666666667
A_PB1	1699	6	N	0	0	6	13.5
A_PB1	1700	6	N	0	0	6	13.3333333333333
A_PB1	1701	6	N	0	0	6	28.6666666666667
A_PB1	1702	6	N	0	0	6	30.5
A_PB1	1703	6	N	0	0	6	29.1666666666667
A_PB1	1704	6	N	0	0	6	18.3333333333333
A_PB1	1705	6	N	0	0	6	22.5
A_PB1	1706	6	N	0	0	6	25.1666666666667
A_PB1	1707	6	N	0	0	6	23.6666666666667
A_PB1	1708	6	N	0	0	6	24
A_PB1	1709	6	N	0	0	6	20.6666666666667
A_PB1	1710	6	N	0	0	6	20.1666666666667
A_PB1	1711	6	N	0	0	6	19.1666666666667
A_PB1	1712	6	N	0	0	6	15.5
A_PB1	1713	6	N	0	0	6	17
A_PB1	1714	6	N	0	0	6	17.3333333333333
A_PB1	1715	6	N	0	0	6	15.6666666666667
A_PB1	1716	6	N	0	0	6	18.8333333333333
A_PB1	1717	6	N	0	0	6	20.3333333333333
A_PB1	1718	6	N	0	0	6	26.3333333333333
A_PB1	1719	6	N	0	0	6	26.1666666666667
A_PB1	1720	6	N	0	0	6	25.8333333333333
A_PB1	1721	6	N	0	0	6	23.3333333333333
A_PB1	1722	6	N	0	0	6	21.5
A_PB1	1723	6	N	0	0	6	21.8333333333333
A_PB1	1724	6	N	0	0	6	23.1666666666667
A_PB1	1725	6	N	0	0	5	22.4
A_PB1	1726	6	N	0	0	6	17.3333333333333
A_PB1	1727	6	N	0	0	6	15.6666666666667
A_PB1	1728	6	N	0	0	6	15.6666666666667
A_PB1	1729	6	N	0	0	6	15
A_PB1	1730	6	N	0	0	6	15.6666666666667
A_PB1	1731	6	N	0	0	6	18.1666666666667
A_PB1	1732	6	N	0	0	6	16.5
A_PB1	1733	6	N	0	0	6	16.5
A_PB1	1734	6	N	0	0	5	14
A_PB1	1735	6	N	0	0	6	19.8333333333333
A_PB1	1736	6	N	0	0	6	18.6666666666667
A_PB1	1737	6	N	0	0	6	18.8333333333333
A_PB1	1738	6	N	0	0	6	18.8333333333333
A_PB1	1739	6	N	0	0	6	17.6666666666667
A_PB1	1740	6	N	0	0	5	17.6
A_PB1	1741	6	N	0	0	6	20.5
A_PB1	1742	6	N	0	0	6	18.3333333333333
A_PB1	1743	5	N	1	0	5	13.4
A_PB1	1744	6	N	0	0	6	18
A_PB1	1745	6	N	0	0	6	18.1666666666667
A_PB1	1746	6	N	0	0	6	19.8333333333333
A_PB1	1747	6	N	0	0	6	22
A_PB1	1748	6	N	0	0	6	21.1666666666667
A_PB1	1749	6	N	0	0	6	20.5
A_PB1	1750	6	N	0	0	6	19.6666666666667
A_PB1	1751	6	N	0	0	6	21.1666666666667
A_PB1	1752	6	N	0	0	6	22.5
A_PB1	1753	6	N	0	0	6	23
A_PB1	1754	6	N	0	0	5	24.6
A_PB1	1755	6	N	0	0	6	20.1666666666667
A_PB1	1756	6	N	0	0	6	20.1666666666667
A_PB1	1757	6	N	0	0	6	22
A_PB1	1758	6	N	0	0	6	23.5
A_PB1	1759	6	N	0	0	6	22.6666666666667
A_PB1	1760	6	N	0	0	6	21.8333333333333
A_PB1	1761	6	N	0	0	6	25.3333333333333
A_PB1	1762	5	N	1	0	5	24.6
A_PB1	1763	6	N	0	0	6	24.3333333333333
A_PB1	1764	6	N	0	0	6	22.5
A_PB1	1765	6	N	0	0	5	21.2
A_PB1	1766	6	N	0	0	6	20.6666666666667
A_PB1	1767	6	N	0	0	6	17.8333333333333
A_PB1	1768	6	N	0	0	6	17.6666666666667
A_PB1	1769	6	N	0	0	5	19.4
A_PB1	1770	7	N	0	0	7	19.1428571428571
A_PB1	1771	7	N	0	0	7	19.5714285714286
A_PB1	1772	7	N	0	0	7	19.4285714285714
A_PB1	1773	7	N	0	0	7	29.5714285714286
A_PB1	1774	7	N	0	0	7	30.5714285714286
A_PB1	1775	7	N	0	0	7	20.4285714285714
A_PB1	1776	7	N	0	0	7	20.4285714285714
A_PB1	1777	7	N	0	0	7	20.1428571428571
A_PB1	1778	7	N	0	0	7	19.5714285714286
A_PB1	1779	7	N	0	0	7	21.2857142857143
A_PB1	1780	7	N	0	0	7	17.1428571428571
A_PB1	1781	7	N	0	0	7	18
A_PB1	1782	7	N	0	0	7	16.8571428571429
A_PB1	1783	7	N	0	0	7	15.7142857142857
A_PB1	1784	7	N	0	0	7	19.4285714285714
A_PB1	1785	7	N	0	0	7	19.5714285714286
A_PB1	1786	7	N	0	0	7	21.4285714285714
A_PB1	1787	7	N	0	0	7	21.7142857142857
A_PB1	1788	7	N	0	0	7	19.8571428571429
A_PB1	1789	7	N	0	0	7	17.7142857142857
A_PB1	1790	7	N	0	0	6	20.1666666666667
A_PB1	1791	7	N	0	0	6	20.3333333333333
A_PB1	1792	7	N	0	0	7	20.5714285714286
A_PB1	1793	7	N	0	0	7	23.4285714285714
A_PB1	1794	7	N	0	0	7	24.2857142857143
A_PB1	1795	7	N	0	0	6	22.1666666666667
A_PB1	1796	7	N	0	0	7	22
A_PB1	1797	7	N	0	0	6	14.6666666666667
A_PB1	1798	7	N	0	0	6	17.3333333333333
A_PB1	1799	7	N	0	0	7	20
A_PB1	1800	6	N	1	0	6	18
A_PB1	1801	6	N	1	0	6	15.5
A_PB1	1802	7	N	0	0	7	14.8571428571429
A_PB1	1803	7	N	0	0	7	17
A_PB1	1804	7	N	0	0	7	18.5714285714286
A_PB1	1805	7	N	0	0	7	20.2857142857143
A_PB1	1806	7	N	0	0	7	20.8571428571429
A_PB1	1807	7	N	0	0	6	21.3333333333333
A_PB1	1808	7	N	0	0	6	18.8333333333333
A_PB1	1809	5	N	2	0	5	16.2
A_PB1	1810	7	N	0	0	7	18
A_PB1	1811	7	N	0	0	7	16.2857142857143
A_PB1	1812	7	N	0	0	7	19.2857142857143
A_PB1	1813	7	N	0	0	7	16.5714285714286
A_PB1	1814	6	N	1	0	6	15.3333333333333
A_PB1	1815	7	N	0	0	7	16.8571428571429
A_PB1	1816	7	N	0	0	7	17
A_PB1	1817	7	N	0	0	7	18
A_PB1	1818	7	N	0	0	7	22.8571428571429
A_PB1	1819	7	N	0	0	7	22.7142857142857
A_PB1	1820	7	N	0	0	7	23
A_PB1	1821	7	N	0	0	7	23.1428571428571
A_PB1	1822	7	N	0	0	7	21.4285714285714
A_PB1	1823	7	N	0	0	7	22.2857142857143
A_PB1	1824	7	N	0	0	7	21
A_PB1	1825	7	N	0	0	7	20.2857142857143
A_PB1	1826	7	N	0	0	7	20.5714285714286
A_PB1	1827	7	N	0	0	7	20
A_PB1	1828	7	N	0	0	7	21.4285714285714
A_PB1	1829	7	N	0	0	7	22.2857142857143
A_PB1	1830	7	N	0	0	7	19.8571428571429
A_PB1	1831	6	N	1	0	6	22.6666666666667
A_PB1	1832	6	N	1	0	6	23.3333333333333
A_PB1	1833	6	N	1	0	6	21
A_PB1	1834	6	N	1	0	6	22
A_PB1	1835	7	N	0	0	7	20.4285714285714
A_PB1	1836	7	N	0	0	6	20.3333333333333
A_PB1	1837	7	N	0	0	7	17
A_PB1	1838	7	N	0	0	7	28.5714285714286
A_PB1	1839	7	N	0	0	7	18.1428571428571
A_PB1	1840	7	N	0	0	6	16.3333333333333
A_PB1	1841	7	N	0	0	6	14.5
A_PB1	1842	7	N	0	0	6	12.5
A_PB1	1843	7	N	0	0	7	13.1428571428571
A_PB1	1844	7	N	0	0	7	13.7142857142857
A_PB1	1845	7	N	0	0	7	16.2857142857143
A_PB1	1846	7	N	0	0	7	16.5714285714286
A_PB1	1847	7	N	0	0	7	15.4285714285714
A_PB1	1848	7	N	0	0	7	13
A_PB1	1849	7	N	0	0	7	13.5714285714286
A_PB1	1850	8	N	0	0	8	16
A_PB1	1851	8	N	0	0	8	17.625
A_PB1	1852	8	N	0	0	8	17.5
A_PB1	1853	8	N	0	0	8	17.25
A_PB1	1854	8	N	0	0	7	20.5714285714286
A_PB1	1855	8	N	0	0	8	21.5
A_PB1	1856	7	N	1	0	7	27.8571428571429
A_PB1	1857	7	N	1	0	7	25.2857142857143
A_PB1	1858	7	N	1	0	7	24
A_PB1	1859	7	N	1	0	7	24
A_PB1	1860	8	N	0	0	8	22.25
A_PB1	1861	8	N	0	0	8	21.375
A_PB1	1862	8	N	0	0	8	22.875
A_PB1	1863	8	N	0	0	8	22
A_PB1	1864	8	N	0	0	8	22.125
A_PB1	1865	7	N	1	0	6	22.1666666666667
A_PB1	1866	7	N	1	0	7	23.4285714285714
A_PB1	1867	8	N	0	0	8	23.25
A_PB1	1868	8	N	0	0	8	25.875
A_PB1	1869	8	N	0	0	8	23.375
A_PB1	1870	8	N	0	0	8	22
A_PB1	1871	8	N	0	0	8	20.75
A_PB1	1872	8	N	0	0	8	20.875
A_PB1	1873	8	N	0	0	8	22.5
A_PB1	1874	8	N	0	0	8	22.5
A_PB1	1875	7	N	1	0	7	19.5714285714286
A_PB1	1876	7	N	1	0	7	16.5714285714286
A_PB1	1877	8	N	0	0	8	16.75
A_PB1	1878	7	N	1	0	7	18.5714285714286
A_PB1	1879	7	N	1	0	7	18
A_PB1	1880	7	N	1	0	7	18.7142857142857
A_PB1	1881	8	N	0	0	8	17.125
A_PB1	1882	7	N	1	0	6	18.5
A_PB1	1883	7	N	1	0	7	18.4285714285714
A_PB1	1884	8	N	0	0	7	19.4285714285714
A_PB1	1885	8	N	0	0	8	19.375
A_PB1	1886	8	N	0	0	7	19.8571428571429
A_PB1	1887	8	N	0	0	8	16.625
A_PB1	1888	8	N	0	0	7	16.4285714285714
A_PB1	1889	8	N	0	0	8	19.625
A_PB1	1890	8	N	0	0	8	20.5
A_PB1	1891	8	N	0	0	8	20.375
A_PB1	1892	8	N	0	0	8	22
A_PB1	1893	8	N	0	0	8	21.75
A_PB1	1894	8	N	0	0	8	21.5
A_PB1	1895	8	N	0	0	8	20.75
A_PB1	1896	8	N	0	0	8	20
A_PB1	1897	8	N	0	0	8	17.625
A_PB1	1898	8	N	0	0	8	20.25
A_PB1	1899	8	N	0	0	8	20.75
A_PB1	1900	8	N	0	0	8	20.25
A_PB1	1901	8	N	0	0	8	22
A_PB1	1902	8	N	0	0	8	24.625
A_PB1	1903	8	N	0	0	8	24.875
A_PB1	1904	8	N	0	0	8	24.5
A_PB1	1905	8	N	0	0	8	23.875
A_PB1	1906	8	N	0	0	8	25.125
A_PB1	1907	8	N	0	0	8	25.75
A_PB1	1908	8	N	0	0	8	25.5
A_PB1	1909	8	N	0	0	8	26.5
A_PB1	1910	8	N	0	0	8	26.875
A_PB1	1911	8	N	0	0	8	26.125
A_PB1	1912	8	N	0	0	8	25
A_PB1	1913	8	N	0	0	8	23.375
A_PB1	1914	8	N	0	0	8	21.5
A_PB1	1915	8	N	0	0	8	19.75
A_PB1	1916	8	N	0	0	8	18.375
A_PB1	1917	8	N	0	0	8	18.5
A_PB1	1918	8	N	0	0	8	21.625
A_PB1	1919	8	N	0	0	8	23.875
A_PB1	1920	8	N	0	0	8	25.5
A_PB1	1921	8	N	0	0	8	25.125
A_PB1	1922	8	N	0	0	8	24.75
A_PB1	1923	8	N	0	0	7	27.7142857142857
A_PB1	1924	8	N	0	0	8	24.625
A_PB1	1925	9	N	0	0	9	24.8888888888889
A_PB1	1926	9	N	0	0	8	23.625
A_PB1	1927	9	N	0	0	8	23
A_PB1	1928	9	N	0	0	9	20.6666666666667
A_PB1	1929	9	N	0	0	9	21.6666666666667
A_PB1	1930	9	N	0	0	9	22.6666666666667
A_PB1	1931	9	N	0	0	9	21.4444444444444
A_PB1	1932	9	N	0	0	9	22.5555555555556
A_PB1	1933	9	N	0	0	8	23.25
A_PB1	1934	9	N	0	0	9	22
A_PB1	1935	9	N	0	0	8	22.625
A_PB1	1936	8	N	0	0	8	21.25
A_PB1	1937	8	N	0	0	8	21.875
A_PB1	1938	7	N	1	0	7	24.7142857142857
A_PB1	1939	7	N	1	0	7	27
A_PB1	1940	7	N	1	0	7	26.4285714285714
A_PB1	1941	8	N	0	0	8	24
A_PB1	1942	8	N	0	0	8	21.75
A_PB1	1943	8	N	0	0	8	19.5
A_PB1	1944	8	N	0	0	8	21.125
A_PB1	1945	8	N	0	0	8	21.375
A_PB1	1946	8	N	0	0	8	20.625
A_PB1	1947	8	N	0	0	8	20.25
A_PB1	1948	8	N	0	0	8	20
A_PB1	1949	8	N	0	0	8	21.5
A_PB1	1950	8	N	0	0	8	28
A_PB1	1951	8	N	0	0	8	20.625
A_PB1	1952	8	N	0	0	8	20.125
A_PB1	1953	8	N	0	0	8	19.75
A_PB1	1954	8	N	0	0	8	18.625
A_PB1	1955	8	N	0	0	8	27.375
A_PB1	1956	8	N	0	0	8	18.875
A_PB1	1957	8	N	0	0	8	18
A_PB1	1958	8	N	0	0	8	18.625
A_PB1	1959	8	N	0	0	8	20.75
A_PB1	1960	8	N	0	0	8	21.125
A_PB1	1961	7	N	1	0	7	22.8571428571429
A_PB1	1962	7	N	1	0	7	22.5714285714286
A_PB1	1963	7	N	1	0	7	22.7142857142857
A_PB1	1964	8	N	0	0	8	21.25
A_PB1	1965	8	N	0	0	8	19.125
A_PB1	1966	7	N	1	0	7	19.5714285714286
A_PB1	1967	8	N	0	0	8	18.875
A_PB1	1968	8	N	0	0	8	17.125
A_PB1	1969	8	N	0	0	8	19.25
A_PB1	1970	8	N	0	0	8	22
A_PB1	1971	8	N	0	0	8	25.125
A_PB1	1972	7	N	1	0	7	24.2857142857143
A_PB1	1973	8	N	1	0	8	24.125
A_PB1	1974	9	N	0	0	9	22.2222222222222
A_PB1	1975	9	N	0	0	9	23.7777777777778
A_PB1	1976	9	N	0	0	9	23.1111111111111
A_PB1	1977	9	N	0	0	9	21.4444444444444
A_PB1	1978	9	N	0	0	9	21.5555555555556
A_PB1	1979	9	N	0	0	9	20.3333333333333
A_PB1	1980	9	N	0	0	9	19.5555555555556
A_PB1	1981	9	N	0	0	9	21.4444444444444
A_PB1	1982	9	N	0	0	9	24.2222222222222
A_PB1	1983	8	N	1	0	7	26.4285714285714
A_PB1	1984	8	N	1	0	7	26.2857142857143
A_PB1	1985	9	N	0	0	9	25.6666666666667
A_PB1	1986	8	N	1	0	8	22
A_PB1	1987	10	N	0	0	10	20.4
A_PB1	1988	10	N	0	0	10	19.7
A_PB1	1989	9	N	1	0	9	18.8888888888889
A_PB1	1990	10	N	0	0	10	19.6
A_PB1	1991	10	N	0	0	9	20.5555555555556
A_PB1	1992	10	N	0	0	10	18.4
A_PB1	1993	9	N	1	0	8	21.125
A_PB1	1994	10	N	0	0	10	18.4
A_PB1	1995	10	N	0	0	10	18.6
A_PB1	1996	10	N	0	0	10	19.8
A_PB1	1997	10	N	0	0	9	19
A_PB1	1998	10	N	0	0	10	19.7
A_PB1	1999	10	N	0	0	10	20.8
A_PB1	2000	10	N	0	0	10	20.4
A_PB1	2001	10	N	0	0	10	20.8
A_PB1	2002	10	N	0	0	10	20.4
A_PB1	2003	10	N	0	0	10	22.7
A_PB1	2004	10	N	0	0	10	23.8
A_PB1	2005	10	N	0	0	10	23.5
A_PB1	2006	9	N	1	0	9	23.5555555555556
A_PB1	2007	10	N	0	0	9	21.7777777777778
A_PB1	2008	11	N	0	0	10	28.4
A_PB1	2009	9	N	2	0	9	20.5555555555556
A_PB1	2010	11	N	0	0	10	18.7
A_PB1	2011	11	N	0	0	11	19.6363636363636
A_PB1	2012	11	N	0	0	11	16.7272727272727
A_PB1	2013	11	N	0	0	11	17.1818181818182
A_PB1	2014	11	N	0	0	11	18.2727272727273
A_PB1	2015	11	N	0	0	11	16.7272727272727
A_PB1	2016	11	N	0	0	11	16.1818181818182
A_PB1	2017	10	N	1	0	10	18.4
A_PB1	2018	11	N	0	0	11	18
A_PB1	2019	11	N	0	0	11	19
A_PB1	2020	11	N	0	0	11	19.2727272727273
A_PB1	2021	11	N	0	0	11	19.9090909090909
A_PB1	2022	11	N	0	0	11	18.8181818181818
A_PB1	2023	12	N	0	0	12	21.3333333333333
A_PB1	2024	12	N	0	0	12	20.5
A_PB1	2025	12	N	0	0	12	21.5833333333333
A_PB1	2026	12	N	0	0	12	22.3333333333333
A_PB1	2027	12	N	0	0	12	24.5833333333333
A_PB1	2028	12	N	0	0	12	19.9166666666667
A_PB1	2029	12	N	0	0	12	18.5833333333333
A_PB1	2030	11	N	1	0	11	15.9090909090909
A_PB1	2031	12	N	0	0	12	15.5833333333333
A_PB1	2032	12	N	0	0	12	19.8333333333333
A_PB1	2033	13	N	0	0	12	19.1666666666667
A_PB1	2034	13	N	0	0	13	18.9230769230769
A_PB1	2035	13	N	0	0	13	19.0769230769231
A_PB1	2036	13	N	0	0	12	21.1666666666667
A_PB1	2037	14	N	1	0	14	22.9285714285714
A_PB1	2038	14	N	1	0	13	23.5384615384615
A_PB1	2039	14	N	1	0	14	22.7857142857143
A_PB1	2040	14	N	1	0	14	22.1428571428571
A_PB1	2041	14	N	1	0	14	22.5
A_PB1	2042	13	N	2	0	13	16.1538461538462
A_PB1	2043	8	N	7	0	8	19
A_PB1	2044	14	N	1	0	14	16.5
A_PB1	2045	15	N	0	0	15	17.9333333333333
A_PB1	2046	16	N	0	0	16	16.6875
A_PB1	2047	16	N	0	0	16	16.0625
A_PB1	2048	16	N	0	0	16	14.875
A_PB1	2049	16	N	0	0	16	16.5625
A_PB1	2050	17	N	0	0	17	17.9411764705882
A_PB1	2051	17	N	3	0	16	20.625
A_PB1	2052	20	N	0	0	20	20.5
A_PB1	2053	20	N	0	0	19	21
A_PB1	2054	21	N	0	0	21	20.4285714285714
A_PB1	2055	21	N	0	0	21	19.3809523809524
A_PB1	2056	21	N	0	0	21	20.2857142857143
A_PB1	2057	21	N	0	0	21	20.9047619047619
A_PB1	2058	21	N	0	0	21	21.5714285714286
A_PB1	2059	21	N	0	0	21	23.0952380952381
A_PB1	2060	21	N	0	0	21	23.952380952381
A_PB1	2061	22	N	0	0	22	24.1818181818182
A_PB1	2062	22	N	0	0	22	23.0454545454545
A_PB1	2063	22	N	0	0	22	22.3181818181818
A_PB1	2064	22	N	0	0	22	19.0909090909091
A_PB1	2065	22	N	0	0	22	17.5909090909091
A_PB1	2066	22	N	0	0	22	18.7272727272727
A_PB1	2067	22	N	0	0	19	21.9473684210526
A_PB1	2068	22	N	0	0	20	20.2
A_PB1	2069	22	N	0	0	21	19
A_PB1	2070	23	N	0	0	21	19.5238095238095
A_PB1	2071	23	N	0	0	23	20.8260869565217
A_PB1	2072	24	N	0	0	24	19.5
A_PB1	2073	23	N	1	0	23	22
A_PB1	2074	23	N	1	0	23	20.8695652173913
A_PB1	2075	25	N	0	0	25	19.8
A_PB1	2076	25	N	0	0	25	21.08
A_PB1	2077	25	N	0	0	25	20.84
A_PB1	2078	25	N	0	0	24	19.5416666666667
A_PB1	2079	25	N	0	0	25	19.04
A_PB1	2080	24	N	1	0	23	20.1739130434783
A_PB1	2081	23	N	2	0	23	20.6521739130435
A_PB1	2082	23	N	2	0	22	21.5909090909091
A_PB1	2083	23	N	2	0	22	21.5909090909091
A_PB1	2084	23	N	2	0	23	20.6521739130435
A_PB1	2085	24	N	1	0	24	20.9583333333333
A_PB1	2086	24	N	1	0	24	21.0416666666667
A_PB1	2087	24	N	1	0	23	21.304347826087
A_PB1	2088	24	N	1	0	23	24.4347826086957
A_PB1	2089	24	N	1	0	23	19.9130434782609
A_PB1	2090	23	N	2	0	23	20.7391304347826
A_PB1	2091	24	N	1	0	23	21.695652173913
A_PB1	2092	24	N	1	0	23	22.4347826086957
A_PB1	2093	23	N	2	0	23	20.4782608695652
A_PB1	2094	23	N	2	0	23	20.4782608695652
A_PB1	2095	24	N	2	0	24	18.5833333333333
A_PB1	2096	25	N	1	0	25	18.52
A_PB1	2097	25	N	1	0	25	17.76
A_PB1	2098	25	N	1	0	25	18.04
A_PB1	2099	23	N	3	0	23	19.2173913043478
A_PB1	2100	25	N	1	0	24	20.6666666666667
A_PB1	2101	25	N	1	0	24	20.9166666666667
A_PB1	2102	24	N	2	0	24	24.2916666666667
A_PB1	2103	24	N	2	0	24	24.125
A_PB1	2104	21	N	5	0	19	21.3157894736842
A_PB1	2105	25	N	1	0	24	21.4166666666667
A_PB1	2106	25	N	1	0	23	20.8695652173913
A_PB1	2107	25	N	1	0	25	21.84
A_PB1	2108	25	N	1	0	24	21.75
A_PB1	2109	26	N	0	0	26	19.7307692307692
A_PB1	2110	26	N	0	0	23	21.3478260869565
A_PB1	2111	26	N	0	0	25	20
A_PB1	2112	26	N	0	0	26	21.2307692307692
A_PB1	2113	26	N	0	0	25	21.92
A_PB1	2114	26	N	0	0	25	22.04
A_PB1	2115	27	N	0	0	27	21.7037037037037
A_PB1	2116	26	N	1	0	24	21.375
A_PB1	2117	26	N	1	0	24	19.5833333333333
A_PB1	2118	28	N	0	0	26	19.9615384615385
A_PB1	2119	28	N	0	0	28	19.5357142857143
A_PB1	2120	28	N	0	0	27	20.4444444444444
A_PB1	2121	26	N	2	0	26	21.7307692307692
A_PB1	2122	27	N	1	0	27	21.8888888888889
A_PB1	2123	26	N	2	0	26	16.6538461538462
A_PB1	2124	28	N	0	0	28	18.3928571428571
A_PB1	2125	28	N	0	0	28	18.3214285714286
A_PB1	2126	28	N	0	0	27	19.5925925925926
A_PB1	2127	28	N	0	0	28	20.8571428571429
A_PB1	2128	28	N	1	0	28	18.1785714285714
A_PB1	2129	29	N	0	0	29	18.7241379310345
A_PB1	2130	29	N	0	0	27	18.3703703703704
A_PB1	2131	29	N	0	0	29	19.9310344827586
A_PB1	2132	26	N	3	0	25	21.36
A_PB1	2133	30	N	0	0	29	20.3448275862069
A_PB1	2134	30	N	0	0	30	19.5666666666667
A_PB1	2135	30	N	0	0	30	20.3333333333333
A_PB1	2136	30	N	0	0	29	20.9655172413793
A_PB1	2137	30	N	0	0	29	20.8620689655172
A_PB1	2138	29	N	1	0	29	21.1034482758621
A_PB1	2139	29	N	1	0	29	22.3793103448276
A_PB1	2140	30	N	0	0	30	20.2
A_PB1	2141	30	N	0	0	30	21.0666666666667
A_PB1	2142	30	N	0	0	30	23.2
A_PB1	2143	30	N	0	0	29	21.8620689655172
A_PB1	2144	30	N	0	0	30	22.4333333333333
A_PB1	2145	30	N	0	0	29	23.1724137931034
A_PB1	2146	30	N	0	0	30	24
A_PB1	2147	30	N	0	0	30	23.2333333333333
A_PB1	2148	30	N	0	0	30	23.7333333333333
A_PB1	2149	30	N	0	0	30	24.3
A_PB1	2150	30	N	0	0	30	24.9333333333333
A_PB1	2151	30	N	0	0	30	23.9333333333333
A_PB1	2152	29	N	1	0	29	25.3793103448276
A_PB1	2153	30	N	0	0	30	22.6
A_PB1	2154	30	N	0	0	30	22.1333333333333
A_PB1	2155	30	N	0	0	29	21.8275862068966
A_PB1	2156	30	N	0	0	30	21.9333333333333
A_PB1	2157	30	N	0	0	29	22.8965517241379
A_PB1	2158	30	N	0	0	30	22.8333333333333
A_PB1	2159	30	N	0	0	30	23.1333333333333
A_PB1	2160	30	N	0	0	29	24.1034482758621
A_PB1	2161	30	N	0	0	29	23.3103448275862
A_PB1	2162	30	N	0	0	28	23.6428571428571
A_PB1	2163	30	N	0	0	30	23.0666666666667
A_PB1	2164	30	N	0	0	28	24.4285714285714
A_PB1	2165	30	N	0	0	27	22.5185185185185
A_PB1	2166	27	N	3	0	26	22.5
A_PB1	2167	30	N	0	0	30	20.9666666666667
A_PB1	2168	30	N	0	0	30	23.7333333333333
A_PB1	2169	28	N	2	0	24	22.1666666666667
A_PB1	2170	29	N	1	0	28	22.7142857142857
A_PB1	2171	30	N	0	0	24	18.2916666666667
A_PB1	2172	30	N	0	0	29	19.5862068965517
A_PB1	2173	29	N	1	0	29	19.8620689655172
A_PB1	2174	30	N	0	0	30	19.2
A_PB1	2175	29	N	1	0	29	19.6896551724138
A_PB1	2176	30	N	0	0	30	21.6333333333333
A_PB1	2177	30	N	0	0	30	20.4333333333333
A_PB1	2178	30	N	0	0	30	23.7666666666667
A_PB1	2179	30	N	0	0	29	20.9655172413793
A_PB1	2180	30	N	0	0	30	18.8666666666667
A_PB1	2181	30	N	0	0	30	20.2666666666667
A_PB1	2182	30	N	0	0	30	20.4
A_PB1	2183	30	N	0	0	29	21
A_PB1	2184	30	N	0	0	30	20.9333333333333
A_PB1	2185	30	N	0	0	29	20.5172413793103
A_PB1	2186	30	N	0	0	28	20.6071428571429
A_PB1	2187	30	N	0	0	29	22.2068965517241
A_PB1	2188	30	N	0	0	30	22.8666666666667
A_PB1	2189	30	N	0	0	30	22.0666666666667
A_PB1	2190	30	N	0	0	29	22
A_PB1	2191	30	N	0	0	29	22.9655172413793
A_PB1	2192	30	N	0	0	29	24
A_PB1	2193	30	N	0	0	30	25.0333333333333
A_PB1	2194	29	N	1	0	28	22.1428571428571
A_PB1	2195	28	N	2	0	27	18.8518518518519
A_PB1	2196	29	N	1	0	29	17.7241379310345
A_PB1	2197	30	N	0	0	29	18.1379310344828
A_PB1	2198	30	N	0	0	29	19.551724137931
A_PB1	2199	30	N	0	0	29	19.5862068965517
A_PB1	2200	30	N	1	0	28	21
A_PB1	2201	26	N	5	0	23	22.0434782608696
A_PB1	2202	30	N	1	0	28	21.8571428571429
A_PB1	2203	30	N	1	0	29	21.2068965517241
A_PB1	2204	31	N	0	0	31	21.741935483871
A_PB1	2205	30	N	1	0	28	21.4642857142857
A_PB1	2206	31	N	0	0	31	22.4193548387097
A_PB1	2207	31	N	0	0	31	22.6774193548387
A_PB1	2208	31	N	0	0	30	24.1
A_PB1	2209	30	N	1	0	28	22.5357142857143
A_PB1	2210	30	N	1	0	29	20.9310344827586
A_PB1	2211	31	N	0	0	29	19.448275862069
A_PB1	2212	31	N	0	0	30	17.4
A_PB1	2213	31	N	0	0	30	19.4333333333333
A_PB1	2214	31	N	0	0	31	20.3548387096774
A_PB1	2215	22	N	9	0	22	20.6818181818182
A_PB1	2216	31	N	0	0	31	21.3225806451613
A_PB1	2217	31	N	0	0	31	19.8709677419355
A_PB1	2218	30	N	1	0	30	21.2333333333333
A_PB1	2219	31	N	0	0	31	21.6129032258065
A_PB1	2220	30	N	1	0	30	23.1666666666667
A_PB1	2221	30	N	1	0	30	36.8
A_PB1	2222	31	N	0	0	31	22.7096774193548
A_PB1	2223	31	N	0	0	29	21.9310344827586
A_PB1	2224	30	N	1	0	29	21.7241379310345
A_PB1	2225	30	N	1	0	30	22.6333333333333
A_PB1	2226	30	N	1	0	28	22.3928571428571
A_PB1	2227	30	N	1	0	29	23.4827586206897
A_PB1	2228	31	N	0	0	31	21.8064516129032
A_PB1	2229	31	N	0	0	30	20.6
A_PB1	2230	31	N	0	0	30	22.9666666666667
A_PB1	2231	31	N	0	0	31	25.3870967741935
A_PB1	2232	31	N	0	0	30	21.4
A_PB1	2233	31	N	0	0	30	20.2
A_PB1	2234	31	N	0	0	27	21.5185185185185
A_PB1	2235	30	N	1	0	27	19.3703703703704
A_PB1	2236	31	N	0	0	30	18.6666666666667
A_PB1	2237	31	N	0	0	30	19.7333333333333
A_PB1	2238	31	N	0	0	30	21.2666666666667
A_PB1	2239	31	N	0	0	30	21.7333333333333
A_PB1	2240	31	N	0	0	31	22.3225806451613
A_PB1	2241	31	N	0	0	30	22.2333333333333
A_PB1	2242	31	N	0	0	31	23.0645161290323
A_PB1	2243	31	N	0	0	31	23.0645161290323
A_PB1	2244	31	N	0	0	31	22.4516129032258
A_PB1	2245	31	N	0	0	31	22.6774193548387
A_PB1	2246	31	N	0	0	31	22.5161290322581
A_PB1	2247	31	N	0	0	31	21.6774193548387
A_PB1	2248	31	N	0	0	31	20.3870967741935
A_PB1	2249	31	N	0	0	31	19.9354838709677
A_PB1	2250	31	N	0	0	29	21.3448275862069
A_PB1	2251	31	N	0	0	30	20.8333333333333
A_PB1	2252	31	N	0	0	31	19.5806451612903
A_PB1	2253	30	N	1	0	30	20.3333333333333
A_PB1	2254	31	N	0	0	31	20.4193548387097
A_PB1	2255	31	N	0	0	31	19.5161290322581
A_PB1	2256	31	N	0	0	31	20.7096774193548
A_PB1	2257	30	N	1	0	30	19.8666666666667
A_PB1	2258	29	N	2	0	29	18.7586206896552
A_PB1	2259	30	N	1	0	30	21.1666666666667
A_PB1	2260	30	N	1	0	29	22
A_PB1	2261	31	N	0	0	30	20.9666666666667
A_PB1	2262	31	N	0	0	30	22.1666666666667
A_PB1	2263	31	N	0	0	31	22.6451612903226
A_PB1	2264	30	N	1	0	30	25.2
A_PB1	2265	30	N	1	0	30	27.1333333333333
A_PB1	2266	30	N	1	0	30	23.1
A_PB1	2267	31	N	0	0	30	22.7333333333333
A_PB1	2268	31	N	0	0	29	20.2068965517241
A_PB1	2269	30	N	1	0	30	18.1
A_PB1	2270	30	N	1	0	30	17.9333333333333
A_PB1	2271	30	N	1	0	30	18
A_PB1	2272	30	N	0	0	30	21
A_PB1	2273	30	N	0	0	29	22.7241379310345
A_PB1	2274	30	N	0	0	30	28.8333333333333
A_PB1	2275	28	N	0	0	28	26.6785714285714
A_PB1	2276	27	N	0	0	27	24.8888888888889
A_PB1	2277	26	N	0	0	26	22.5384615384615
A_PB1	2278	26	N	0	0	26	21.9615384615385
