Reference_Name	Position	Coverage Depth	Consensus	Deletions	Ambiguous	Consensus_Count	Consensus_Average_Quality
A_HA_H1	1	4	N	0	0	4	20.75
A_HA_H1	2	4	N	0	0	4	19.75
A_HA_H1	3	4	N	0	0	4	20.25
A_HA_H1	4	4	N	0	0	4	21.5
A_HA_H1	5	4	N	0	0	4	19
A_HA_H1	6	5	N	0	0	5	14.8
A_HA_H1	7	5	N	0	0	5	12.8
A_HA_H1	8	5	N	0	0	5	12.6
A_HA_H1	9	6	N	0	0	6	14.3333333333333
A_HA_H1	10	6	N	0	0	6	17.1666666666667
A_HA_H1	11	6	N	0	0	6	17.1666666666667
A_HA_H1	12	6	N	0	0	6	20.3333333333333
A_HA_H1	13	6	N	0	0	6	21.5
A_HA_H1	14	6	N	0	0	6	20.6666666666667
A_HA_H1	15	6	N	0	0	6	17.1666666666667
A_HA_H1	16	6	N	0	0	6	20.1666666666667
A_HA_H1	17	6	N	0	0	6	17.6666666666667
A_HA_H1	18	6	N	0	0	6	15.8333333333333
A_HA_H1	19	6	N	0	0	6	17
A_HA_H1	20	6	N	0	0	6	18.6666666666667
A_HA_H1	21	6	N	0	0	6	15.5
A_HA_H1	22	6	N	0	0	5	12.8
A_HA_H1	23	6	N	0	0	6	19
A_HA_H1	24	6	N	0	0	6	16.5
A_HA_H1	25	6	N	0	0	6	19.3333333333333
A_HA_H1	26	6	N	0	0	5	18.6
A_HA_H1	27	6	N	0	0	5	20.6
A_HA_H1	28	6	N	0	0	6	24.5
A_HA_H1	29	6	N	0	0	6	21.8333333333333
A_HA_H1	30	6	N	0	0	6	19.8333333333333
A_HA_H1	31	6	N	0	0	6	22
A_HA_H1	32	6	N	0	0	6	22
A_HA_H1	33	6	N	0	0	6	21.6666666666667
A_HA_H1	34	6	N	0	0	6	19.1666666666667
A_HA_H1	35	6	N	0	0	6	15.5
A_HA_H1	36	6	N	0	0	6	17.3333333333333
A_HA_H1	37	6	N	0	0	6	17.1666666666667
A_HA_H1	38	6	N	0	0	6	18.8333333333333
A_HA_H1	39	6	N	0	0	6	22
A_HA_H1	40	6	N	0	0	6	21.8333333333333
A_HA_H1	41	6	N	0	0	6	20.1666666666667
A_HA_H1	42	6	N	0	0	5	19.6
A_HA_H1	43	6	N	0	0	6	17.6666666666667
A_HA_H1	44	6	N	0	0	6	19.6666666666667
A_HA_H1	45	6	N	0	0	6	19.3333333333333
A_HA_H1	46	6	N	0	0	6	20.5
A_HA_H1	47	6	N	0	0	6	21.1666666666667
A_HA_H1	48	6	N	0	0	6	22
A_HA_H1	49	6	N	0	0	6	21
A_HA_H1	50	6	N	0	0	6	19.1666666666667
A_HA_H1	51	6	N	0	0	6	18.5
A_HA_H1	52	6	N	0	0	6	19.1666666666667
A_HA_H1	53	6	N	0	0	6	19.5
A_HA_H1	54	6	N	0	0	5	22
A_HA_H1	55	6	N	0	0	6	20.3333333333333
A_HA_H1	56	6	N	0	0	6	21
A_HA_H1	57	6	N	0	0	6	32.8333333333333
A_HA_H1	58	6	N	0	0	6	20.8333333333333
A_HA_H1	59	6	N	0	0	6	23.1666666666667
A_HA_H1	60	6	N	0	0	6	21.5
A_HA_H1	61	6	N	0	0	6	22.3333333333333
A_HA_H1	62	6	N	0	0	6	23.8333333333333
A_HA_H1	63	6	N	0	0	6	25.1666666666667
A_HA_H1	64	6	N	0	0	6	26
A_HA_H1	65	6	N	0	0	6	25.8333333333333
A_HA_H1	66	6	N	0	0	6	26.3333333333333
A_HA_H1	67	5	N	1	0	5	26.4
A_HA_H1	68	6	N	0	0	6	26.6666666666667
A_HA_H1	69	6	N	0	0	6	26.6666666666667
A_HA_H1	70	6	N	0	0	6	26.8333333333333
A_HA_H1	71	6	N	0	0	6	27.6666666666667
A_HA_H1	72	5	N	1	0	5	27.4
A_HA_H1	73	6	N	0	0	6	28.8333333333333
A_HA_H1	74	6	N	0	0	5	23.4
A_HA_H1	75	6	N	0	0	6	23.1666666666667
A_HA_H1	76	6	N	0	0	6	23.1666666666667
A_HA_H1	77	6	N	0	0	6	20.6666666666667
A_HA_H1	78	6	N	0	0	6	19.8333333333333
A_HA_H1	79	6	N	0	0	6	20.5
A_HA_H1	80	6	N	0	0	6	21.5
A_HA_H1	81	6	N	0	0	6	21.3333333333333
A_HA_H1	82	6	N	0	0	6	21.8333333333333
A_HA_H1	83	5	N	1	0	5	19.6
A_HA_H1	84	5	N	1	0	5	20
A_HA_H1	85	6	N	0	0	5	18.4
A_HA_H1	86	6	N	0	0	6	20.1666666666667
A_HA_H1	87	6	N	0	0	6	19.3333333333333
A_HA_H1	88	6	N	0	0	6	20.1666666666667
A_HA_H1	89	6	N	0	0	6	21.5
A_HA_H1	90	6	N	0	0	6	17.1666666666667
A_HA_H1	91	6	N	0	0	6	18.6666666666667
A_HA_H1	92	6	N	0	0	6	15.8333333333333
A_HA_H1	93	6	N	0	0	6	17.1666666666667
A_HA_H1	94	6	N	0	0	6	21
A_HA_H1	95	6	N	0	0	6	17.3333333333333
A_HA_H1	96	6	N	0	0	6	17.5
A_HA_H1	97	6	N	0	0	6	17.1666666666667
A_HA_H1	98	6	N	0	0	6	17.6666666666667
A_HA_H1	99	5	N	1	0	4	17.75
A_HA_H1	100	6	N	0	0	6	18.3333333333333
A_HA_H1	101	6	N	0	0	6	21.1666666666667
A_HA_H1	102	6	N	0	0	6	21.8333333333333
A_HA_H1	103	6	N	0	0	6	20.8333333333333
A_HA_H1	104	6	N	0	0	6	21.1666666666667
A_HA_H1	105	6	N	0	0	6	19.6666666666667
A_HA_H1	106	6	N	0	0	6	30.3333333333333
A_HA_H1	107	6	N	0	0	6	17.1666666666667
A_HA_H1	108	6	N	0	0	6	18.8333333333333
A_HA_H1	109	6	N	0	0	6	19.1666666666667
A_HA_H1	110	6	N	0	0	6	18
A_HA_H1	111	6	N	0	0	6	23.3333333333333
A_HA_H1	112	6	N	0	0	6	25.6666666666667
A_HA_H1	113	6	N	0	0	6	23.5
A_HA_H1	114	6	N	0	0	6	23.6666666666667
A_HA_H1	115	6	N	0	0	6	22.6666666666667
A_HA_H1	116	6	N	0	0	6	21.1666666666667
A_HA_H1	117	6	N	0	0	6	22.3333333333333
A_HA_H1	118	6	N	0	0	6	23
A_HA_H1	119	6	N	0	0	6	24.5
A_HA_H1	120	6	N	0	0	5	26.8
A_HA_H1	121	6	N	0	0	6	27
A_HA_H1	122	6	N	0	0	5	26.6
A_HA_H1	123	6	N	0	0	6	24.1666666666667
A_HA_H1	124	6	N	0	0	6	21.5
A_HA_H1	125	6	N	0	0	6	22.8333333333333
A_HA_H1	126	6	N	0	0	6	21
A_HA_H1	127	6	N	0	0	6	21.6666666666667
A_HA_H1	128	6	N	0	0	6	20.8333333333333
A_HA_H1	129	6	N	0	0	6	21.6666666666667
A_HA_H1	130	6	N	0	0	6	23.8333333333333
A_HA_H1	131	6	N	0	0	6	23.3333333333333
A_HA_H1	132	6	N	0	0	6	24.5
A_HA_H1	133	6	N	0	0	6	35.5
A_HA_H1	134	6	N	0	0	5	24.8
A_HA_H1	135	6	N	0	0	6	20.1666666666667
A_HA_H1	136	6	N	0	0	6	19.8333333333333
A_HA_H1	137	6	N	0	0	6	23.3333333333333
A_HA_H1	138	4	N	2	0	4	22.75
A_HA_H1	139	6	N	0	0	5	24.6
A_HA_H1	140	6	N	0	0	6	19
A_HA_H1	141	6	N	0	0	5	17.8
A_HA_H1	142	5	N	1	0	5	20.2
A_HA_H1	143	6	N	0	0	4	18.25
A_HA_H1	144	6	N	0	0	5	16.6
A_HA_H1	145	6	N	0	0	6	18.5
A_HA_H1	146	6	N	0	0	6	18.6666666666667
A_HA_H1	147	6	N	0	0	6	18.5
A_HA_H1	148	6	N	0	0	5	19
A_HA_H1	149	6	N	0	0	6	22
A_HA_H1	150	6	N	0	0	5	22
A_HA_H1	151	6	N	0	0	6	20.8333333333333
A_HA_H1	152	6	N	0	0	6	19.6666666666667
A_HA_H1	153	6	N	0	0	6	22.3333333333333
A_HA_H1	154	6	N	0	0	6	24.1666666666667
A_HA_H1	155	6	N	0	0	6	25.5
A_HA_H1	156	6	N	0	0	5	24.6
A_HA_H1	157	6	N	0	0	5	26.8
A_HA_H1	158	5	N	1	0	4	20.25
A_HA_H1	159	5	N	1	0	4	19.75
A_HA_H1	160	6	N	0	0	6	20.5
A_HA_H1	161	6	N	0	0	6	23.8333333333333
A_HA_H1	162	6	N	0	0	6	22.3333333333333
A_HA_H1	163	6	N	0	0	6	23
A_HA_H1	164	6	N	0	0	6	26.3333333333333
A_HA_H1	165	6	N	0	0	6	25.5
A_HA_H1	166	6	N	0	0	6	24.8333333333333
A_HA_H1	167	6	N	0	0	6	23.5
A_HA_H1	168	6	N	0	0	6	20.5
A_HA_H1	169	6	N	0	0	6	20.1666666666667
A_HA_H1	170	6	N	0	0	6	26.8333333333333
A_HA_H1	171	6	N	0	0	6	26.1666666666667
A_HA_H1	172	6	N	0	0	6	26.6666666666667
A_HA_H1	173	6	N	0	0	5	25.2
A_HA_H1	174	6	N	0	0	6	22.8333333333333
A_HA_H1	175	6	N	0	0	6	19.3333333333333
A_HA_H1	176	6	N	0	0	6	20.1666666666667
A_HA_H1	177	6	N	0	0	6	19.6666666666667
A_HA_H1	178	6	N	0	0	6	19.6666666666667
A_HA_H1	179	6	N	0	0	6	19.8333333333333
A_HA_H1	180	6	N	0	0	6	20.8333333333333
A_HA_H1	181	6	N	0	0	6	19.5
A_HA_H1	182	6	N	0	0	5	20
A_HA_H1	183	6	N	0	0	6	18.8333333333333
A_HA_H1	184	6	N	0	0	6	16.3333333333333
A_HA_H1	185	6	N	0	0	6	14.6666666666667
A_HA_H1	186	6	N	0	0	6	17.6666666666667
A_HA_H1	187	6	N	0	0	6	18
A_HA_H1	188	6	N	0	0	6	16
A_HA_H1	189	6	N	0	0	6	15.1666666666667
A_HA_H1	190	6	N	0	0	6	14.3333333333333
A_HA_H1	191	6	N	0	0	5	18.6
A_HA_H1	192	6	N	0	0	6	16.6666666666667
A_HA_H1	193	6	N	0	0	6	17.5
A_HA_H1	194	4	N	2	0	3	19
A_HA_H1	195	5	N	1	0	5	17.8
A_HA_H1	196	5	N	1	0	4	14.75
A_HA_H1	197	6	N	0	0	6	17.3333333333333
A_HA_H1	198	6	N	0	0	6	16.8333333333333
A_HA_H1	199	6	N	0	0	6	18.6666666666667
A_HA_H1	200	6	N	0	0	6	18.5
A_HA_H1	201	6	N	0	0	6	17.5
A_HA_H1	202	6	N	0	0	6	17.3333333333333
A_HA_H1	203	6	N	0	0	6	20.8333333333333
A_HA_H1	204	5	N	1	0	5	20
A_HA_H1	205	6	N	0	0	6	25.3333333333333
A_HA_H1	206	6	N	0	0	6	27.5
A_HA_H1	207	6	N	0	0	6	26.8333333333333
A_HA_H1	208	6	N	0	0	6	22.6666666666667
A_HA_H1	209	6	N	0	0	6	21.5
A_HA_H1	210	6	N	0	0	6	31.1666666666667
A_HA_H1	211	6	N	0	0	5	22.6
A_HA_H1	212	5	N	1	0	5	25.8
A_HA_H1	213	5	N	1	0	5	27.4
A_HA_H1	214	4	N	2	0	4	30
A_HA_H1	215	6	N	0	0	6	23.1666666666667
A_HA_H1	216	6	N	0	0	6	26.1666666666667
A_HA_H1	217	6	N	0	0	6	21.1666666666667
A_HA_H1	218	6	N	0	0	6	21.8333333333333
A_HA_H1	219	6	N	0	0	6	21.5
A_HA_H1	220	6	N	0	0	6	20.6666666666667
A_HA_H1	221	6	N	0	0	6	22.3333333333333
A_HA_H1	222	6	N	0	0	6	21.5
A_HA_H1	223	5	N	1	0	4	20.75
A_HA_H1	224	5	N	1	0	5	18.4
A_HA_H1	225	6	N	0	0	6	16.5
A_HA_H1	226	6	N	0	0	6	13.8333333333333
A_HA_H1	227	6	N	0	0	6	15.8333333333333
A_HA_H1	228	6	N	0	0	5	21.4
A_HA_H1	229	6	N	0	0	6	21.3333333333333
A_HA_H1	230	6	N	0	0	5	25.8
A_HA_H1	231	6	N	0	0	6	22.8333333333333
A_HA_H1	232	6	N	0	0	6	23.1666666666667
A_HA_H1	233	6	N	0	0	6	23.6666666666667
A_HA_H1	234	6	N	0	0	5	22.8
A_HA_H1	235	6	N	0	0	6	20
A_HA_H1	236	6	N	0	0	6	19.5
A_HA_H1	237	6	N	0	0	6	20.8333333333333
A_HA_H1	238	6	N	0	0	6	17.6666666666667
A_HA_H1	239	6	N	0	0	6	17.6666666666667
A_HA_H1	240	6	N	0	0	5	22.8
A_HA_H1	241	6	N	0	0	6	27.1666666666667
A_HA_H1	242	6	N	0	0	6	15.8333333333333
A_HA_H1	243	6	N	0	0	6	16.1666666666667
A_HA_H1	244	6	N	0	0	6	18
A_HA_H1	245	6	N	0	0	6	19.8333333333333
A_HA_H1	246	4	N	2	0	4	21.25
A_HA_H1	247	4	N	2	0	4	19.5
A_HA_H1	248	6	N	0	0	6	17.3333333333333
A_HA_H1	249	6	N	0	0	6	17.5
A_HA_H1	250	5	N	1	0	4	23.5
A_HA_H1	251	6	N	0	0	6	17.3333333333333
A_HA_H1	252	6	N	0	0	6	18
A_HA_H1	253	6	N	0	0	6	15.1666666666667
A_HA_H1	254	6	N	0	0	6	15.8333333333333
A_HA_H1	255	6	N	0	0	6	15.8333333333333
A_HA_H1	256	6	N	0	0	6	16.1666666666667
A_HA_H1	257	6	N	0	0	6	18.3333333333333
A_HA_H1	258	5	N	1	0	5	19.4
A_HA_H1	259	6	N	0	0	6	21.8333333333333
A_HA_H1	260	6	N	0	0	6	21.8333333333333
A_HA_H1	261	5	N	1	0	5	24.2
A_HA_H1	262	6	N	0	0	6	25.1666666666667
A_HA_H1	263	6	N	0	0	6	24.5
A_HA_H1	264	6	N	0	0	6	23.5
A_HA_H1	265	6	N	0	0	6	19.3333333333333
A_HA_H1	266	6	N	0	0	6	17
A_HA_H1	267	6	N	0	0	6	17
A_HA_H1	268	6	N	0	0	6	16.5
A_HA_H1	269	6	N	0	0	6	20.5
A_HA_H1	270	5	N	1	0	5	26.2
A_HA_H1	271	6	N	0	0	6	22.5
A_HA_H1	272	6	N	0	0	6	21.3333333333333
A_HA_H1	273	5	N	1	0	5	22
A_HA_H1	274	6	N	0	0	6	23.3333333333333
A_HA_H1	275	6	N	0	0	6	22.5
A_HA_H1	276	6	N	0	0	6	23.8333333333333
A_HA_H1	277	6	N	0	0	6	24.8333333333333
A_HA_H1	278	6	N	0	0	6	25.1666666666667
A_HA_H1	279	6	N	0	0	6	22.6666666666667
A_HA_H1	280	6	N	0	0	6	20.1666666666667
A_HA_H1	281	6	N	0	0	6	19.8333333333333
A_HA_H1	282	6	N	0	0	5	22.4
A_HA_H1	283	6	N	0	0	6	23.8333333333333
A_HA_H1	284	6	N	0	0	6	21.3333333333333
A_HA_H1	285	6	N	0	0	6	20.3333333333333
A_HA_H1	286	6	N	0	0	6	19
A_HA_H1	287	6	N	0	0	6	20.5
A_HA_H1	288	6	N	0	0	6	14.8333333333333
A_HA_H1	289	6	N	0	0	6	15.1666666666667
A_HA_H1	290	6	N	0	0	6	15.1666666666667
A_HA_H1	291	6	N	0	0	6	18.3333333333333
A_HA_H1	292	6	N	0	0	6	16.5
A_HA_H1	293	6	N	0	0	6	22.5
A_HA_H1	294	6	N	0	0	6	24
A_HA_H1	295	6	N	0	0	5	24
A_HA_H1	296	6	N	0	0	6	24
A_HA_H1	297	6	N	0	0	6	25.1666666666667
A_HA_H1	298	6	N	0	0	6	22.3333333333333
A_HA_H1	299	6	N	0	0	6	21.6666666666667
A_HA_H1	300	5	N	1	0	5	19.8
A_HA_H1	301	6	N	0	0	6	21.6666666666667
A_HA_H1	302	6	N	0	0	6	22
A_HA_H1	303	6	N	0	0	6	25.8333333333333
A_HA_H1	304	6	N	0	0	6	33.8333333333333
A_HA_H1	305	6	N	0	0	6	22.8333333333333
A_HA_H1	306	6	N	0	0	6	22.5
A_HA_H1	307	6	N	0	0	6	25.6666666666667
A_HA_H1	308	6	N	0	0	6	25
A_HA_H1	309	6	N	0	0	6	25.1666666666667
A_HA_H1	310	6	N	0	0	6	26.3333333333333
A_HA_H1	311	6	N	0	0	5	25
A_HA_H1	312	6	N	0	0	6	22.8333333333333
A_HA_H1	313	5	N	1	0	5	21.2
A_HA_H1	314	6	N	0	0	6	20.8333333333333
A_HA_H1	315	6	N	0	0	6	20
A_HA_H1	316	6	N	0	0	6	20.6666666666667
A_HA_H1	317	5	N	1	0	5	22.6
A_HA_H1	318	6	N	0	0	4	26.5
A_HA_H1	319	6	N	0	0	6	20.5
A_HA_H1	320	6	N	0	0	6	24
A_HA_H1	321	6	N	0	0	6	22.1666666666667
A_HA_H1	322	6	N	0	0	6	21.1666666666667
A_HA_H1	323	5	N	1	0	4	18.5
A_HA_H1	324	6	N	0	0	5	20.4
A_HA_H1	325	6	N	0	0	6	17.3333333333333
A_HA_H1	326	6	N	0	0	5	21.2
A_HA_H1	327	6	N	0	0	6	23.1666666666667
A_HA_H1	328	5	N	1	0	5	23.6
A_HA_H1	329	6	N	0	0	6	27.3333333333333
A_HA_H1	330	6	N	0	0	6	27.8333333333333
A_HA_H1	331	6	N	0	0	6	27.8333333333333
A_HA_H1	332	6	N	0	0	6	26
A_HA_H1	333	6	N	0	0	6	25.8333333333333
A_HA_H1	334	6	N	0	0	6	23.6666666666667
A_HA_H1	335	6	N	0	0	6	26.3333333333333
A_HA_H1	336	6	N	0	0	5	27.8
A_HA_H1	337	6	N	0	0	6	26.6666666666667
A_HA_H1	338	6	N	0	0	6	26.3333333333333
A_HA_H1	339	6	N	0	0	6	26.3333333333333
A_HA_H1	340	6	N	0	0	6	27.5
A_HA_H1	341	6	N	0	0	6	28.1666666666667
A_HA_H1	342	6	N	0	0	6	27.1666666666667
A_HA_H1	343	6	N	0	0	6	28
A_HA_H1	344	6	N	0	0	6	28
A_HA_H1	345	6	N	0	0	6	24.5
A_HA_H1	346	6	N	0	0	6	21.3333333333333
A_HA_H1	347	6	N	0	0	6	18.3333333333333
A_HA_H1	348	6	N	0	0	6	15.6666666666667
A_HA_H1	349	5	N	1	0	5	14.8
A_HA_H1	350	5	N	1	0	5	14
A_HA_H1	351	6	N	0	0	6	16.5
A_HA_H1	352	6	N	0	0	6	15.8333333333333
A_HA_H1	353	6	N	0	0	5	20.6
A_HA_H1	354	6	N	0	0	6	19.6666666666667
A_HA_H1	355	6	N	0	0	6	19.6666666666667
A_HA_H1	356	6	N	0	0	6	19
A_HA_H1	357	6	N	0	0	6	20.6666666666667
A_HA_H1	358	6	N	0	0	6	19.5
A_HA_H1	359	6	N	0	0	6	31.6666666666667
A_HA_H1	360	6	N	0	0	6	20.5
A_HA_H1	361	6	N	0	0	5	20.6
A_HA_H1	362	6	N	0	0	6	20
A_HA_H1	363	6	N	0	0	6	22.8333333333333
A_HA_H1	364	5	N	1	0	5	23.4
A_HA_H1	365	6	N	0	0	5	24
A_HA_H1	366	6	N	0	0	6	19.3333333333333
A_HA_H1	367	6	N	0	0	6	18.5
A_HA_H1	368	6	N	0	0	6	18.1666666666667
A_HA_H1	369	6	N	0	0	6	18.5
A_HA_H1	370	6	N	0	0	6	20.5
A_HA_H1	371	6	N	0	0	6	21.6666666666667
A_HA_H1	372	6	N	0	0	6	25
A_HA_H1	373	6	N	0	0	6	34.6666666666667
A_HA_H1	374	6	N	0	0	6	25
A_HA_H1	375	6	N	0	0	5	28.8
A_HA_H1	376	6	N	0	0	5	28.2
A_HA_H1	377	6	N	0	0	6	26.6666666666667
A_HA_H1	378	6	N	0	0	6	24.1666666666667
A_HA_H1	379	6	N	0	0	5	24.8
A_HA_H1	380	6	N	0	0	6	25.8333333333333
A_HA_H1	381	6	N	0	0	6	26.5
A_HA_H1	382	6	N	0	0	6	24.1666666666667
A_HA_H1	383	6	N	0	0	6	24.5
A_HA_H1	384	6	N	0	0	6	22.1666666666667
A_HA_H1	385	6	N	0	0	6	25.3333333333333
A_HA_H1	386	6	N	0	0	6	19
A_HA_H1	387	6	N	0	0	6	21.5
A_HA_H1	388	6	N	0	0	6	30
A_HA_H1	389	5	N	1	0	5	20
A_HA_H1	390	6	N	1	0	6	20.5
A_HA_H1	391	5	N	2	0	4	22.25
A_HA_H1	392	5	N	2	0	5	28.6
A_HA_H1	393	6	N	1	0	6	28.5
A_HA_H1	394	6	N	1	0	6	26.1666666666667
A_HA_H1	395	6	N	1	0	6	24.5
A_HA_H1	396	7	N	0	0	5	21.8
A_HA_H1	397	7	N	0	0	7	20.8571428571429
A_HA_H1	398	7	N	0	0	7	20.1428571428571
A_HA_H1	399	7	N	0	0	7	20
A_HA_H1	400	7	N	0	0	7	20
A_HA_H1	401	7	N	0	0	7	21
A_HA_H1	402	6	N	1	0	6	24
A_HA_H1	403	7	N	0	0	7	23
A_HA_H1	404	7	N	0	0	7	25.4285714285714
A_HA_H1	405	7	N	0	0	7	23.4285714285714
A_HA_H1	406	7	N	0	0	7	23.7142857142857
A_HA_H1	407	7	N	0	0	7	20
A_HA_H1	408	7	N	0	0	7	23
A_HA_H1	409	7	N	0	0	7	25.1428571428571
A_HA_H1	410	7	N	0	0	7	23.8571428571429
A_HA_H1	411	7	N	0	0	7	22.8571428571429
A_HA_H1	412	7	N	0	0	7	21.7142857142857
A_HA_H1	413	7	N	0	0	7	21.2857142857143
A_HA_H1	414	7	N	0	0	7	22.2857142857143
A_HA_H1	415	7	N	0	0	7	25.2857142857143
A_HA_H1	416	7	N	0	0	7	25.7142857142857
A_HA_H1	417	7	N	0	0	6	28.1666666666667
A_HA_H1	418	7	N	0	0	6	25.1666666666667
A_HA_H1	419	7	N	0	0	7	25
A_HA_H1	420	6	N	1	0	6	24.5
A_HA_H1	421	6	N	1	0	6	24.3333333333333
A_HA_H1	422	6	N	1	0	6	23.3333333333333
A_HA_H1	423	6	N	1	0	4	28
A_HA_H1	424	7	N	0	0	7	26
A_HA_H1	425	7	N	0	0	7	26.5714285714286
A_HA_H1	426	7	N	0	0	7	27.5714285714286
A_HA_H1	427	7	N	0	0	7	29.7142857142857
A_HA_H1	428	7	N	0	0	7	28.1428571428571
A_HA_H1	429	6	N	1	0	6	28.3333333333333
A_HA_H1	430	7	N	0	0	6	28.5
A_HA_H1	431	7	N	0	0	7	24
A_HA_H1	432	7	N	0	0	7	23.1428571428571
A_HA_H1	433	7	N	0	0	7	34.1428571428571
A_HA_H1	434	7	N	0	0	6	24.1666666666667
A_HA_H1	435	6	N	1	0	5	25.6
A_HA_H1	436	7	N	0	0	6	24.5
A_HA_H1	437	7	N	0	0	7	25.7142857142857
A_HA_H1	438	7	N	0	0	7	26.4285714285714
A_HA_H1	439	7	N	0	0	7	25.1428571428571
A_HA_H1	440	7	N	0	0	7	24.1428571428571
A_HA_H1	441	7	N	0	0	6	22.6666666666667
A_HA_H1	442	7	N	0	0	6	26.8333333333333
A_HA_H1	443	6	N	1	0	6	28.6666666666667
A_HA_H1	444	6	N	1	0	6	25.5
A_HA_H1	445	7	N	0	0	7	26.2857142857143
A_HA_H1	446	7	N	0	0	7	27
A_HA_H1	447	7	N	0	0	7	25
A_HA_H1	448	7	N	0	0	7	24.8571428571429
A_HA_H1	449	7	N	0	0	7	26.1428571428571
A_HA_H1	450	7	N	0	0	6	26.6666666666667
A_HA_H1	451	7	N	0	0	7	23.4285714285714
A_HA_H1	452	7	N	0	0	7	23.7142857142857
A_HA_H1	453	6	N	1	0	6	22.3333333333333
A_HA_H1	454	7	N	0	0	7	24.8571428571429
A_HA_H1	455	7	N	0	0	6	23.3333333333333
A_HA_H1	456	7	N	0	0	7	25.2857142857143
A_HA_H1	457	7	N	0	0	7	26.5714285714286
A_HA_H1	458	7	N	0	0	7	25.5714285714286
A_HA_H1	459	7	N	0	0	7	27.2857142857143
A_HA_H1	460	6	N	1	0	6	24.6666666666667
A_HA_H1	461	6	N	1	0	6	23.1666666666667
A_HA_H1	462	7	N	0	0	7	23
A_HA_H1	463	7	N	0	0	7	22.8571428571429
A_HA_H1	464	7	N	0	0	7	23.2857142857143
A_HA_H1	465	7	N	0	0	7	24.2857142857143
A_HA_H1	466	7	N	0	0	6	25
A_HA_H1	467	7	N	0	0	7	24.2857142857143
A_HA_H1	468	6	N	1	0	6	24.5
A_HA_H1	469	6	N	1	0	5	27.4
A_HA_H1	470	6	N	1	0	5	29.8
A_HA_H1	471	6	N	1	0	6	28.3333333333333
A_HA_H1	472	7	N	0	0	6	28.3333333333333
A_HA_H1	473	7	N	0	0	7	23.5714285714286
A_HA_H1	474	4	N	3	0	4	21
A_HA_H1	475	7	N	0	0	7	21
A_HA_H1	476	7	N	0	0	5	20.2
A_HA_H1	477	7	N	0	0	5	20.8
A_HA_H1	478	7	N	0	0	7	19
A_HA_H1	479	7	N	0	0	7	20.5714285714286
A_HA_H1	480	7	N	0	0	7	20.4285714285714
A_HA_H1	481	7	N	0	0	7	17.7142857142857
A_HA_H1	482	6	N	1	0	5	23
A_HA_H1	483	6	N	1	0	5	23.2
A_HA_H1	484	6	N	1	0	6	23.3333333333333
A_HA_H1	485	7	N	0	0	6	22
A_HA_H1	486	7	N	0	0	6	24
A_HA_H1	487	4	N	3	0	2	28
A_HA_H1	488	7	N	0	0	7	25.1428571428571
A_HA_H1	489	7	N	0	0	7	24.8571428571429
A_HA_H1	490	7	N	0	0	7	23.8571428571429
A_HA_H1	491	7	N	0	0	7	24.2857142857143
A_HA_H1	492	7	N	0	0	7	23
A_HA_H1	493	7	N	0	0	7	23.2857142857143
A_HA_H1	494	7	N	0	0	7	25.1428571428571
A_HA_H1	495	7	N	0	0	7	24.4285714285714
A_HA_H1	496	7	N	0	0	7	24.2857142857143
A_HA_H1	497	7	N	0	0	7	25.5714285714286
A_HA_H1	498	7	N	0	0	6	23.5
A_HA_H1	499	7	N	0	0	6	22.8333333333333
A_HA_H1	500	7	N	0	0	7	33.2857142857143
A_HA_H1	501	7	N	0	0	7	27
A_HA_H1	502	7	N	0	0	6	27.6666666666667
A_HA_H1	503	7	N	0	0	7	30.4285714285714
A_HA_H1	504	7	N	0	0	6	31.3333333333333
A_HA_H1	505	7	N	0	0	7	28.4285714285714
A_HA_H1	506	7	N	0	0	7	26.1428571428571
A_HA_H1	507	7	N	0	0	7	25.8571428571429
A_HA_H1	508	4	N	3	0	4	27.25
A_HA_H1	509	7	N	0	0	7	23.7142857142857
A_HA_H1	510	7	N	0	0	7	17.7142857142857
A_HA_H1	511	7	N	0	0	7	16
A_HA_H1	512	7	N	0	0	7	19.5714285714286
A_HA_H1	513	7	N	0	0	7	20.7142857142857
A_HA_H1	514	7	N	0	0	7	21.4285714285714
A_HA_H1	515	7	N	0	0	7	21.8571428571429
A_HA_H1	516	7	N	0	0	7	20.7142857142857
A_HA_H1	517	7	N	0	0	7	20.5714285714286
A_HA_H1	518	7	N	0	0	7	20.5714285714286
A_HA_H1	519	7	N	0	0	6	23.1666666666667
A_HA_H1	520	7	N	0	0	7	19.7142857142857
A_HA_H1	521	7	N	0	0	7	18.2857142857143
A_HA_H1	522	7	N	0	0	6	16.1666666666667
A_HA_H1	523	7	N	0	0	7	18.7142857142857
A_HA_H1	524	7	N	0	0	7	19.5714285714286
A_HA_H1	525	7	N	0	0	7	21
A_HA_H1	526	7	N	0	0	7	21.4285714285714
A_HA_H1	527	7	N	0	0	7	24
A_HA_H1	528	7	N	0	0	7	21.5714285714286
A_HA_H1	529	7	N	0	0	7	21.8571428571429
A_HA_H1	530	7	N	0	0	7	20.5714285714286
A_HA_H1	531	7	N	0	0	7	20.2857142857143
A_HA_H1	532	7	N	0	0	6	21.8333333333333
A_HA_H1	533	7	N	0	0	7	17.2857142857143
A_HA_H1	534	7	N	0	0	5	24
A_HA_H1	535	7	N	0	0	7	19.2857142857143
A_HA_H1	536	7	N	0	0	7	15.7142857142857
A_HA_H1	537	7	N	0	0	7	15
A_HA_H1	538	7	N	0	0	7	16.2857142857143
A_HA_H1	539	7	N	0	0	7	16.1428571428571
A_HA_H1	540	7	N	0	0	7	16.7142857142857
A_HA_H1	541	7	N	0	0	6	20.6666666666667
A_HA_H1	542	7	N	0	0	7	18.7142857142857
A_HA_H1	543	7	N	0	0	7	20.5714285714286
A_HA_H1	544	7	N	0	0	7	19.2857142857143
A_HA_H1	545	7	N	0	0	7	19.7142857142857
A_HA_H1	546	7	N	0	0	7	19
A_HA_H1	547	7	N	0	0	7	18.4285714285714
A_HA_H1	548	7	N	0	0	7	20.8571428571429
A_HA_H1	549	7	N	0	0	6	22.8333333333333
A_HA_H1	550	7	N	0	0	7	20.8571428571429
A_HA_H1	551	6	N	1	0	6	22.1666666666667
A_HA_H1	552	6	N	1	0	6	23.1666666666667
A_HA_H1	553	7	N	0	0	7	22.2857142857143
A_HA_H1	554	7	N	0	0	7	20.2857142857143
A_HA_H1	555	7	N	0	0	7	20.5714285714286
A_HA_H1	556	7	N	0	0	7	19.8571428571429
A_HA_H1	557	7	N	0	0	7	20
A_HA_H1	558	6	N	1	0	6	15.3333333333333
A_HA_H1	559	6	N	1	0	6	16.1666666666667
A_HA_H1	560	7	N	0	0	7	19
A_HA_H1	561	7	N	0	0	7	22.4285714285714
A_HA_H1	562	7	N	0	0	7	25.1428571428571
A_HA_H1	563	7	N	0	0	7	27
A_HA_H1	564	7	N	0	0	7	24.2857142857143
A_HA_H1	565	7	N	0	0	7	24.5714285714286
A_HA_H1	566	7	N	0	0	6	24.5
A_HA_H1	567	7	N	0	0	6	22.5
A_HA_H1	568	7	N	0	0	7	21.4285714285714
A_HA_H1	569	7	N	0	0	7	22
A_HA_H1	570	7	N	0	0	5	22
A_HA_H1	571	7	N	0	0	7	22.4285714285714
A_HA_H1	572	7	N	0	0	5	23.4
A_HA_H1	573	7	N	0	0	6	19.6666666666667
A_HA_H1	574	7	N	0	0	7	13.8571428571429
A_HA_H1	575	7	N	0	0	7	14.1428571428571
A_HA_H1	576	6	N	1	0	6	17.6666666666667
A_HA_H1	577	6	N	1	0	6	20
A_HA_H1	578	5	N	2	0	5	22.4
A_HA_H1	579	5	N	2	0	5	21.8
A_HA_H1	580	5	N	2	0	5	33.6
A_HA_H1	581	5	N	2	0	3	19
A_HA_H1	582	7	N	0	0	6	15
A_HA_H1	583	7	N	0	0	7	15.8571428571429
A_HA_H1	584	7	N	0	0	7	14.7142857142857
A_HA_H1	585	7	N	0	0	5	11.2
A_HA_H1	586	7	N	0	0	7	13.2857142857143
A_HA_H1	587	7	N	0	0	7	13.8571428571429
A_HA_H1	588	7	N	0	0	6	16.8333333333333
A_HA_H1	589	7	N	0	0	7	19.5714285714286
A_HA_H1	590	7	N	0	0	7	18.7142857142857
A_HA_H1	591	7	N	0	0	5	19.8
A_HA_H1	592	7	N	0	0	6	19.8333333333333
A_HA_H1	593	7	N	0	0	7	20.4285714285714
A_HA_H1	594	7	N	0	0	7	20.1428571428571
A_HA_H1	595	7	N	0	0	7	17.4285714285714
A_HA_H1	596	7	N	0	0	7	18.2857142857143
A_HA_H1	597	7	N	0	0	7	20.1428571428571
A_HA_H1	598	7	N	0	0	6	23
A_HA_H1	599	7	N	0	0	7	20.1428571428571
A_HA_H1	600	7	N	0	0	6	21.5
A_HA_H1	601	7	N	0	0	7	22.2857142857143
A_HA_H1	602	7	N	0	0	7	23.2857142857143
A_HA_H1	603	7	N	0	0	6	23.5
A_HA_H1	604	7	N	0	0	5	24.4
A_HA_H1	605	7	N	0	0	6	29.6666666666667
A_HA_H1	606	7	N	0	0	7	25.7142857142857
A_HA_H1	607	7	N	0	0	6	36
A_HA_H1	608	7	N	0	0	7	19.7142857142857
A_HA_H1	609	7	N	0	0	7	19.4285714285714
A_HA_H1	610	7	N	0	0	7	19
A_HA_H1	611	7	N	0	0	7	18.5714285714286
A_HA_H1	612	7	N	0	0	7	17.4285714285714
A_HA_H1	613	7	N	0	0	7	17.2857142857143
A_HA_H1	614	7	N	0	0	7	16.2857142857143
A_HA_H1	615	7	N	0	0	7	14.7142857142857
A_HA_H1	616	6	N	1	0	6	20.8333333333333
A_HA_H1	617	7	N	0	0	7	20
A_HA_H1	618	7	N	0	0	6	32.6666666666667
A_HA_H1	619	7	N	0	0	7	19.7142857142857
A_HA_H1	620	7	N	0	0	7	21
A_HA_H1	621	7	N	0	0	6	23.1666666666667
A_HA_H1	622	7	N	0	0	7	21.7142857142857
A_HA_H1	623	7	N	0	0	6	24.6666666666667
A_HA_H1	624	7	N	0	0	6	24.8333333333333
A_HA_H1	625	7	N	0	0	6	30
A_HA_H1	626	7	N	0	0	7	19.2857142857143
A_HA_H1	627	7	N	0	0	7	21.2857142857143
A_HA_H1	628	7	N	0	0	7	18.4285714285714
A_HA_H1	629	7	N	0	0	7	18.1428571428571
A_HA_H1	630	7	N	0	0	6	21
A_HA_H1	631	7	N	0	0	6	19.3333333333333
A_HA_H1	632	7	N	0	0	6	19.3333333333333
A_HA_H1	633	7	N	0	0	7	18.2857142857143
A_HA_H1	634	7	N	0	0	7	14.7142857142857
A_HA_H1	635	7	N	0	0	7	26
A_HA_H1	636	7	N	0	0	7	16.2857142857143
A_HA_H1	637	7	N	0	0	7	16.5714285714286
A_HA_H1	638	7	N	0	0	7	18.5714285714286
A_HA_H1	639	7	N	0	0	7	18.8571428571429
A_HA_H1	640	7	N	0	0	7	19.2857142857143
A_HA_H1	641	7	N	0	0	6	21.6666666666667
A_HA_H1	642	7	N	0	0	6	21.8333333333333
A_HA_H1	643	7	N	0	0	7	17.4285714285714
A_HA_H1	644	7	N	0	0	7	17.2857142857143
A_HA_H1	645	7	N	0	0	7	17.4285714285714
A_HA_H1	646	7	N	0	0	6	20.6666666666667
A_HA_H1	647	6	N	1	0	5	21.4
A_HA_H1	648	7	N	0	0	7	19.5714285714286
A_HA_H1	649	7	N	0	0	7	20.5714285714286
A_HA_H1	650	7	N	0	0	7	20.5714285714286
A_HA_H1	651	7	N	0	0	6	17
A_HA_H1	652	7	N	0	0	6	21.1666666666667
A_HA_H1	653	7	N	0	0	6	21.1666666666667
A_HA_H1	654	7	N	0	0	5	16
A_HA_H1	655	7	N	0	0	7	17.8571428571429
A_HA_H1	656	7	N	0	0	7	18.4285714285714
A_HA_H1	657	7	N	0	0	7	21.1428571428571
A_HA_H1	658	7	N	0	0	7	21.8571428571429
A_HA_H1	659	7	N	0	0	6	24
A_HA_H1	660	7	N	0	0	7	18.1428571428571
A_HA_H1	661	7	N	0	0	7	16.7142857142857
A_HA_H1	662	7	N	0	0	7	16.8571428571429
A_HA_H1	663	7	N	0	0	7	15.8571428571429
A_HA_H1	664	7	N	0	0	7	12.4285714285714
A_HA_H1	665	7	N	0	0	7	12.2857142857143
A_HA_H1	666	7	N	0	0	7	9.71428571428571
A_HA_H1	667	7	N	0	0	7	14.1428571428571
A_HA_H1	668	7	N	0	0	7	12.5714285714286
A_HA_H1	669	7	N	0	0	7	14.5714285714286
A_HA_H1	670	7	N	0	0	7	16.7142857142857
A_HA_H1	671	7	N	0	0	7	15.7142857142857
A_HA_H1	672	7	N	0	0	7	16.4285714285714
A_HA_H1	673	7	N	0	0	7	19.1428571428571
A_HA_H1	674	7	N	0	0	7	20.7142857142857
A_HA_H1	675	7	N	0	0	7	20.4285714285714
A_HA_H1	676	7	N	0	0	7	18.8571428571429
A_HA_H1	677	7	N	0	0	7	18.8571428571429
A_HA_H1	678	7	N	0	0	7	17.4285714285714
A_HA_H1	679	7	N	0	0	7	19.1428571428571
A_HA_H1	680	7	N	0	0	7	20.4285714285714
A_HA_H1	681	7	N	0	0	7	23.8571428571429
A_HA_H1	682	7	N	0	0	7	24.2857142857143
A_HA_H1	683	7	N	0	0	7	26.5714285714286
A_HA_H1	684	7	N	0	0	7	26
A_HA_H1	685	7	N	0	0	7	24.7142857142857
A_HA_H1	686	7	N	0	0	7	26.4285714285714
A_HA_H1	687	7	N	0	0	7	23.1428571428571
A_HA_H1	688	7	N	0	0	7	21.4285714285714
A_HA_H1	689	7	N	0	0	7	21.2857142857143
A_HA_H1	690	7	N	0	0	7	19.7142857142857
A_HA_H1	691	7	N	0	0	7	22.1428571428571
A_HA_H1	692	7	N	0	0	7	22.8571428571429
A_HA_H1	693	7	N	0	0	7	22.8571428571429
A_HA_H1	694	7	N	0	0	7	23.1428571428571
A_HA_H1	695	7	N	0	0	7	25
A_HA_H1	696	7	N	0	0	7	25.7142857142857
A_HA_H1	697	7	N	0	0	7	22.5714285714286
A_HA_H1	698	7	N	0	0	7	19.8571428571429
A_HA_H1	699	7	N	0	0	7	18.8571428571429
A_HA_H1	700	7	N	0	0	7	18
A_HA_H1	701	7	N	0	0	7	18.5714285714286
A_HA_H1	702	7	N	0	0	7	20.4285714285714
A_HA_H1	703	7	N	0	0	7	17.7142857142857
A_HA_H1	704	7	N	0	0	7	17.2857142857143
A_HA_H1	705	7	N	0	0	7	19.1428571428571
A_HA_H1	706	7	N	0	0	7	22.8571428571429
A_HA_H1	707	7	N	0	0	7	22.5714285714286
A_HA_H1	708	7	N	0	0	7	21.8571428571429
A_HA_H1	709	7	N	0	0	7	22.2857142857143
A_HA_H1	710	7	N	0	0	7	19.2857142857143
A_HA_H1	711	7	N	0	0	7	18.4285714285714
A_HA_H1	712	7	N	0	0	7	17.7142857142857
A_HA_H1	713	7	N	0	0	6	20.1666666666667
A_HA_H1	714	7	N	0	0	7	17.7142857142857
A_HA_H1	715	7	N	0	0	7	15.4285714285714
A_HA_H1	716	7	N	0	0	7	16
A_HA_H1	717	7	N	0	0	7	17.4285714285714
A_HA_H1	718	7	N	0	0	7	18.8571428571429
A_HA_H1	719	8	N	0	0	7	17.5714285714286
A_HA_H1	720	9	N	0	0	9	19.5555555555556
A_HA_H1	721	9	N	0	0	9	19.5555555555556
A_HA_H1	722	8	N	1	0	6	14.5
A_HA_H1	723	9	N	0	0	8	16
A_HA_H1	724	8	N	1	0	8	14.75
A_HA_H1	725	9	N	0	0	8	15.125
A_HA_H1	726	9	N	0	0	9	15
A_HA_H1	727	9	N	0	0	9	17
A_HA_H1	728	9	N	0	0	9	17.4444444444444
A_HA_H1	729	9	N	0	0	8	16.125
A_HA_H1	730	9	N	0	0	8	16.5
A_HA_H1	731	9	N	0	0	9	14.6666666666667
A_HA_H1	732	9	N	0	0	9	16
A_HA_H1	733	9	N	0	0	9	18.6666666666667
A_HA_H1	734	9	N	0	0	9	19.4444444444444
A_HA_H1	735	9	N	0	0	9	17.7777777777778
A_HA_H1	736	9	N	0	0	9	18
A_HA_H1	737	9	N	0	0	8	18.75
A_HA_H1	738	9	N	0	0	9	17.8888888888889
A_HA_H1	739	9	N	0	0	9	17
A_HA_H1	740	9	N	0	0	9	17.5555555555556
A_HA_H1	741	9	N	0	0	9	17.3333333333333
A_HA_H1	742	9	N	0	0	9	17.1111111111111
A_HA_H1	743	9	N	0	0	9	16.4444444444444
A_HA_H1	744	9	N	0	0	9	16.3333333333333
A_HA_H1	745	9	N	0	0	9	18.2222222222222
A_HA_H1	746	9	N	0	0	9	20.2222222222222
A_HA_H1	747	9	N	0	0	8	18.875
A_HA_H1	748	9	N	0	0	9	19.2222222222222
A_HA_H1	749	9	N	0	0	9	19.8888888888889
A_HA_H1	750	9	N	0	0	9	21.7777777777778
A_HA_H1	751	9	N	0	0	9	23
A_HA_H1	752	9	N	0	0	9	23.1111111111111
A_HA_H1	753	9	N	0	0	9	22.7777777777778
A_HA_H1	754	9	N	0	0	9	21.8888888888889
A_HA_H1	755	9	N	0	0	8	20
A_HA_H1	756	9	N	0	0	8	21.75
A_HA_H1	757	9	N	0	0	9	19.7777777777778
A_HA_H1	758	9	N	0	0	8	27.25
A_HA_H1	759	8	N	1	0	8	17.75
A_HA_H1	760	9	N	0	0	9	18.5555555555556
A_HA_H1	761	9	N	0	0	9	19.3333333333333
A_HA_H1	762	9	N	0	0	9	20
A_HA_H1	763	9	N	0	0	9	19.2222222222222
A_HA_H1	764	9	N	0	0	9	20.7777777777778
A_HA_H1	765	9	N	0	0	9	21.6666666666667
A_HA_H1	766	9	N	0	0	9	20.2222222222222
A_HA_H1	767	9	N	0	0	9	20.5555555555556
A_HA_H1	768	8	N	1	0	8	19.25
A_HA_H1	769	8	N	1	0	8	18.75
A_HA_H1	770	8	N	1	0	8	17.75
A_HA_H1	771	9	N	0	0	9	20
A_HA_H1	772	9	N	0	0	9	19.4444444444444
A_HA_H1	773	8	N	1	0	8	18
A_HA_H1	774	9	N	0	0	8	17.75
A_HA_H1	775	9	N	0	0	9	21
A_HA_H1	776	9	N	0	0	9	22.5555555555556
A_HA_H1	777	9	N	0	0	7	24.7142857142857
A_HA_H1	778	9	N	0	0	9	19.5555555555556
A_HA_H1	779	9	N	0	0	9	19.6666666666667
A_HA_H1	780	9	N	0	0	9	20.2222222222222
A_HA_H1	781	9	N	0	0	9	19.6666666666667
A_HA_H1	782	9	N	0	0	9	18
A_HA_H1	783	9	N	0	0	9	16.8888888888889
A_HA_H1	784	9	N	0	0	9	17.2222222222222
A_HA_H1	785	9	N	0	0	9	18.2222222222222
A_HA_H1	786	9	N	0	0	9	19.8888888888889
A_HA_H1	787	8	N	1	0	7	22.2857142857143
A_HA_H1	788	9	N	0	0	8	20.125
A_HA_H1	789	9	N	0	0	8	20.75
A_HA_H1	790	8	N	1	0	7	21.7142857142857
A_HA_H1	791	9	N	0	0	8	23.125
A_HA_H1	792	7	N	2	0	7	26.2857142857143
A_HA_H1	793	8	N	1	0	8	26.375
A_HA_H1	794	9	N	0	0	9	22.2222222222222
A_HA_H1	795	9	N	0	0	9	22.5555555555556
A_HA_H1	796	9	N	0	0	9	21.8888888888889
A_HA_H1	797	9	N	0	0	9	23.2222222222222
A_HA_H1	798	9	N	0	0	9	22.5555555555556
A_HA_H1	799	9	N	0	0	9	22.7777777777778
A_HA_H1	800	9	N	0	0	8	23.625
A_HA_H1	801	9	N	0	0	9	20.7777777777778
A_HA_H1	802	9	N	0	0	9	21.3333333333333
A_HA_H1	803	9	N	0	0	9	20.2222222222222
A_HA_H1	804	9	N	0	0	9	19.8888888888889
A_HA_H1	805	9	N	0	0	9	20.4444444444444
A_HA_H1	806	9	N	0	0	9	17.5555555555556
A_HA_H1	807	9	N	0	0	8	16.125
A_HA_H1	808	9	N	0	0	9	23.4444444444444
A_HA_H1	809	9	N	0	0	8	17.875
A_HA_H1	810	8	N	1	0	8	20.375
A_HA_H1	811	8	N	1	0	8	23.5
A_HA_H1	812	9	N	0	0	9	21.5555555555556
A_HA_H1	813	9	N	0	0	9	20.4444444444444
A_HA_H1	814	9	N	0	0	9	19.4444444444444
A_HA_H1	815	9	N	0	0	9	20
A_HA_H1	816	9	N	0	0	9	20.7777777777778
A_HA_H1	817	9	N	0	0	8	21.375
A_HA_H1	818	9	N	0	0	9	21.3333333333333
A_HA_H1	819	9	N	0	0	9	21
A_HA_H1	820	9	N	0	0	9	20.1111111111111
A_HA_H1	821	9	N	0	0	9	20.3333333333333
A_HA_H1	822	9	N	0	0	9	20.5555555555556
A_HA_H1	823	8	N	1	0	8	19
A_HA_H1	824	8	N	1	0	8	17.875
A_HA_H1	825	8	N	1	0	8	15.5
A_HA_H1	826	9	N	0	0	9	16.5555555555556
A_HA_H1	827	9	N	0	0	8	23.625
A_HA_H1	828	9	N	0	0	9	21.8888888888889
A_HA_H1	829	9	N	0	0	8	21.875
A_HA_H1	830	9	N	0	0	9	19.6666666666667
A_HA_H1	831	9	N	0	0	8	20.125
A_HA_H1	832	9	N	0	0	9	21.2222222222222
A_HA_H1	833	9	N	0	0	9	25.2222222222222
A_HA_H1	834	9	N	0	0	9	24.3333333333333
A_HA_H1	835	9	N	0	0	9	23.2222222222222
A_HA_H1	836	9	N	0	0	9	22
A_HA_H1	837	9	N	0	0	9	22
A_HA_H1	838	9	N	0	0	9	24.4444444444444
A_HA_H1	839	9	N	0	0	9	25.3333333333333
A_HA_H1	840	9	N	0	0	9	24
A_HA_H1	841	8	N	1	0	8	22.625
A_HA_H1	842	9	N	0	0	9	21.8888888888889
A_HA_H1	843	9	N	0	0	7	25.1428571428571
A_HA_H1	844	9	N	0	0	9	24.1111111111111
A_HA_H1	845	9	N	0	0	9	23.6666666666667
A_HA_H1	846	9	N	0	0	9	24.6666666666667
A_HA_H1	847	9	N	0	0	9	24.5555555555556
A_HA_H1	848	9	N	0	0	9	25.2222222222222
A_HA_H1	849	9	N	0	0	9	27.1111111111111
A_HA_H1	850	9	N	0	0	9	26.4444444444444
A_HA_H1	851	9	N	0	0	9	24.7777777777778
A_HA_H1	852	9	N	0	0	9	24.4444444444444
A_HA_H1	853	9	N	0	0	9	23.8888888888889
A_HA_H1	854	9	N	0	0	9	26.3333333333333
A_HA_H1	855	9	N	0	0	9	25
A_HA_H1	856	9	N	0	0	9	24.4444444444444
A_HA_H1	857	9	N	0	0	9	23.5555555555556
A_HA_H1	858	9	N	0	0	9	21.6666666666667
A_HA_H1	859	9	N	0	0	9	20.2222222222222
A_HA_H1	860	9	N	0	0	9	21
A_HA_H1	861	9	N	0	0	9	20.6666666666667
A_HA_H1	862	9	N	0	0	9	21.8888888888889
A_HA_H1	863	9	N	0	0	9	19.7777777777778
A_HA_H1	864	9	N	0	0	9	18.2222222222222
A_HA_H1	865	9	N	0	0	8	19.5
A_HA_H1	866	9	N	0	0	9	21.5555555555556
A_HA_H1	867	9	N	0	0	9	21.6666666666667
A_HA_H1	868	9	N	0	0	8	21.125
A_HA_H1	869	9	N	0	0	9	20.3333333333333
A_HA_H1	870	9	N	0	0	8	20.125
A_HA_H1	871	9	N	0	0	9	21.7777777777778
A_HA_H1	872	9	N	0	0	9	22
A_HA_H1	873	9	N	0	0	9	22.6666666666667
A_HA_H1	874	9	N	0	0	9	20.8888888888889
A_HA_H1	875	9	N	0	0	9	18.6666666666667
A_HA_H1	876	9	N	0	0	9	17.1111111111111
A_HA_H1	877	8	N	1	0	8	18.625
A_HA_H1	878	9	N	0	0	9	20.6666666666667
A_HA_H1	879	9	N	0	0	7	21.8571428571429
A_HA_H1	880	9	N	0	0	8	23.75
A_HA_H1	881	9	N	0	0	9	21.3333333333333
A_HA_H1	882	9	N	0	0	9	22.4444444444444
A_HA_H1	883	9	N	0	0	8	22.25
A_HA_H1	884	8	N	1	0	8	23.125
A_HA_H1	885	9	N	0	0	9	30.6666666666667
A_HA_H1	886	9	N	0	0	8	26
A_HA_H1	887	9	N	0	0	7	27.1428571428571
A_HA_H1	888	9	N	0	0	9	22.4444444444444
A_HA_H1	889	9	N	0	0	7	24
A_HA_H1	890	9	N	0	0	8	20.25
A_HA_H1	891	9	N	0	0	8	20.25
A_HA_H1	892	9	N	0	0	9	19.5555555555556
A_HA_H1	893	9	N	0	0	8	20.125
A_HA_H1	894	9	N	0	0	9	18.8888888888889
A_HA_H1	895	8	N	1	0	7	19
A_HA_H1	896	10	N	0	0	10	17.7
A_HA_H1	897	10	N	0	0	10	18
A_HA_H1	898	9	N	1	0	9	17.1111111111111
A_HA_H1	899	10	N	0	0	10	16.1
A_HA_H1	900	10	N	0	0	10	15.6
A_HA_H1	901	10	N	0	0	10	16
A_HA_H1	902	10	N	0	0	8	19
A_HA_H1	903	9	N	1	0	8	15.625
A_HA_H1	904	10	N	0	0	10	17.2
A_HA_H1	905	10	N	0	0	8	15
A_HA_H1	906	10	N	0	0	9	16.5555555555556
A_HA_H1	907	10	N	0	0	10	16.3
A_HA_H1	908	10	N	0	0	9	17.8888888888889
A_HA_H1	909	10	N	0	0	10	20.8
A_HA_H1	910	10	N	0	0	9	21.1111111111111
A_HA_H1	911	10	N	0	0	9	24.3333333333333
A_HA_H1	912	10	N	0	0	10	24.9
A_HA_H1	913	10	N	0	0	10	23.3
A_HA_H1	914	10	N	0	0	10	20.6
A_HA_H1	915	10	N	0	0	10	19
A_HA_H1	916	10	N	0	0	10	18.9
A_HA_H1	917	10	N	0	0	8	18.375
A_HA_H1	918	10	N	0	0	10	18.2
A_HA_H1	919	10	N	0	0	10	19.2
A_HA_H1	920	10	N	0	0	10	19.2
A_HA_H1	921	9	N	1	0	9	22.8888888888889
A_HA_H1	922	10	N	0	0	10	22.1
A_HA_H1	923	10	N	0	0	10	23.8
A_HA_H1	924	10	N	0	0	10	22.2
A_HA_H1	925	10	N	0	0	10	23.5
A_HA_H1	926	10	N	0	0	10	23.6
A_HA_H1	927	10	N	0	0	10	24.6
A_HA_H1	928	10	N	0	0	10	23.7
A_HA_H1	929	10	N	0	0	10	19.5
A_HA_H1	930	10	N	0	0	9	17.3333333333333
A_HA_H1	931	10	N	0	0	10	19.1
A_HA_H1	932	10	N	0	0	10	19.2
A_HA_H1	933	10	N	0	0	10	19
A_HA_H1	934	10	N	0	0	9	21.8888888888889
A_HA_H1	935	10	N	0	0	10	20.7
A_HA_H1	936	10	N	0	0	10	21.6
A_HA_H1	937	10	N	0	0	10	22.5
A_HA_H1	938	10	N	0	0	9	24.4444444444444
A_HA_H1	939	10	N	0	0	10	21.4
A_HA_H1	940	10	N	0	0	10	19.7
A_HA_H1	941	10	N	0	0	10	19.7
A_HA_H1	942	10	N	0	0	10	20.7
A_HA_H1	943	10	N	0	0	10	18.6
A_HA_H1	944	10	N	0	0	9	20.3333333333333
A_HA_H1	945	10	N	0	0	10	20.1
A_HA_H1	946	10	N	0	0	10	19.3
A_HA_H1	947	9	N	1	0	8	21.5
A_HA_H1	948	10	N	0	0	9	21.7777777777778
A_HA_H1	949	10	N	0	0	10	17.4
A_HA_H1	950	10	N	0	0	10	15.5
A_HA_H1	951	10	N	0	0	10	14.8
A_HA_H1	952	10	N	0	0	10	14
A_HA_H1	953	10	N	0	0	9	13.3333333333333
A_HA_H1	954	10	N	0	0	9	14
A_HA_H1	955	9	N	1	0	9	15.2222222222222
A_HA_H1	956	10	N	0	0	10	16.2
A_HA_H1	957	10	N	0	0	10	20.6
A_HA_H1	958	10	N	0	0	10	20.2
A_HA_H1	959	10	N	0	0	10	22.5
A_HA_H1	960	10	N	0	0	10	23.3
A_HA_H1	961	10	N	0	0	10	21.3
A_HA_H1	962	10	N	0	0	10	18.6
A_HA_H1	963	10	N	0	0	9	19.6666666666667
A_HA_H1	964	10	N	0	0	10	18.6
A_HA_H1	965	10	N	0	0	10	20.6
A_HA_H1	966	10	N	0	0	10	21.5
A_HA_H1	967	10	N	0	0	10	20.6
A_HA_H1	968	10	N	0	0	10	20.8
A_HA_H1	969	8	N	2	0	8	19.25
A_HA_H1	970	8	N	2	0	8	18
A_HA_H1	971	10	N	0	0	10	19.7
A_HA_H1	972	10	N	0	0	9	17.5555555555556
A_HA_H1	973	10	N	0	0	10	18.6
A_HA_H1	974	10	N	0	0	9	15.4444444444444
A_HA_H1	975	10	N	0	0	10	18.7
A_HA_H1	976	10	N	0	0	10	18.5
A_HA_H1	977	10	N	0	0	10	20
A_HA_H1	978	10	N	0	0	9	22.2222222222222
A_HA_H1	979	10	N	0	0	10	19.9
A_HA_H1	980	10	N	0	0	10	19.6
A_HA_H1	981	10	N	0	0	10	19.6
A_HA_H1	982	10	N	0	0	10	21.6
A_HA_H1	983	10	N	0	0	10	20.6
A_HA_H1	984	10	N	0	0	9	18.3333333333333
A_HA_H1	985	10	N	0	0	10	17.3
A_HA_H1	986	10	N	0	0	9	17.6666666666667
A_HA_H1	987	10	N	0	0	10	18.1
A_HA_H1	988	10	N	0	0	9	16.5555555555556
A_HA_H1	989	10	N	0	0	10	17.8
A_HA_H1	990	10	N	0	0	10	16.2
A_HA_H1	991	10	N	0	0	10	13.9
A_HA_H1	992	10	N	0	0	10	15.8
A_HA_H1	993	9	N	1	0	9	15.7777777777778
A_HA_H1	994	10	N	0	0	10	15.3
A_HA_H1	995	10	N	0	0	10	16.5
A_HA_H1	996	10	N	0	0	10	18.7
A_HA_H1	997	10	N	0	0	9	18.7777777777778
A_HA_H1	998	10	N	0	0	9	17.4444444444444
A_HA_H1	999	10	N	0	0	10	18.3
A_HA_H1	1000	10	N	0	0	10	22
A_HA_H1	1001	10	N	0	0	10	18.9
A_HA_H1	1002	10	N	0	0	10	19.3
A_HA_H1	1003	10	N	0	0	5	18.6
A_HA_H1	1004	10	N	0	0	10	19.1
A_HA_H1	1005	10	N	0	0	10	18.8
A_HA_H1	1006	10	N	0	0	10	19.8
A_HA_H1	1007	10	N	0	0	9	18.8888888888889
A_HA_H1	1008	10	N	0	0	10	17.8
A_HA_H1	1009	9	N	1	0	9	18.5555555555556
A_HA_H1	1010	10	N	0	0	10	17.6
A_HA_H1	1011	10	N	0	0	10	16.6
A_HA_H1	1012	10	N	0	0	10	17.7
A_HA_H1	1013	10	N	0	0	10	20.5
A_HA_H1	1014	9	N	1	0	6	18.3333333333333
A_HA_H1	1015	10	N	0	0	9	20.3333333333333
A_HA_H1	1016	10	N	0	0	9	22.7777777777778
A_HA_H1	1017	10	N	0	0	10	21.1
A_HA_H1	1018	10	N	0	0	10	26.7
A_HA_H1	1019	10	N	0	0	10	28.8
A_HA_H1	1020	10	N	0	0	7	18.4285714285714
A_HA_H1	1021	10	N	0	0	10	19.8
A_HA_H1	1022	10	N	0	0	9	20.1111111111111
A_HA_H1	1023	10	N	0	0	10	21.1
A_HA_H1	1024	9	N	1	0	9	20.4444444444444
A_HA_H1	1025	10	N	0	0	10	20.1
A_HA_H1	1026	10	N	0	0	10	16.2
A_HA_H1	1027	10	N	0	0	9	17.1111111111111
A_HA_H1	1028	10	N	0	0	9	22.8888888888889
A_HA_H1	1029	9	N	1	0	6	13
A_HA_H1	1030	9	N	1	0	9	16.7777777777778
A_HA_H1	1031	10	N	0	0	10	13.2
A_HA_H1	1032	10	N	0	0	9	14.8888888888889
A_HA_H1	1033	10	N	0	0	10	12.6
A_HA_H1	1034	10	N	0	0	10	13.3
A_HA_H1	1035	10	N	0	0	10	16.7
A_HA_H1	1036	10	N	0	0	8	17.625
A_HA_H1	1037	10	N	0	0	9	21.1111111111111
A_HA_H1	1038	10	N	0	0	9	19.2222222222222
A_HA_H1	1039	10	N	0	0	10	24
A_HA_H1	1040	10	N	0	0	10	25.3
A_HA_H1	1041	10	N	0	0	10	26.2
A_HA_H1	1042	10	N	0	0	9	23.3333333333333
A_HA_H1	1043	10	N	0	0	10	22.8
A_HA_H1	1044	10	N	0	0	10	24
A_HA_H1	1045	10	N	0	0	10	23.6
A_HA_H1	1046	10	N	0	0	10	23.4
A_HA_H1	1047	10	N	0	0	10	24.9
A_HA_H1	1048	10	N	0	0	10	23
A_HA_H1	1049	10	N	0	0	10	22.6
A_HA_H1	1050	10	N	0	0	10	23
A_HA_H1	1051	10	N	0	0	10	21.7
A_HA_H1	1052	10	N	0	0	10	22.5
A_HA_H1	1053	10	N	0	0	9	23.2222222222222
A_HA_H1	1054	9	N	1	0	9	18.1111111111111
A_HA_H1	1055	10	N	0	0	10	17.5
A_HA_H1	1056	10	N	0	0	10	17.2
A_HA_H1	1057	10	N	0	0	10	19.6
A_HA_H1	1058	10	N	0	0	10	20.2
A_HA_H1	1059	10	N	0	0	10	19.6
A_HA_H1	1060	10	N	0	0	10	18.9
A_HA_H1	1061	10	N	0	0	10	22.6
A_HA_H1	1062	10	N	0	0	9	23.7777777777778
A_HA_H1	1063	10	N	0	0	10	22.1
A_HA_H1	1064	10	N	0	0	10	23.1
A_HA_H1	1065	10	N	0	0	10	23
A_HA_H1	1066	8	N	2	0	8	23.75
A_HA_H1	1067	9	N	1	0	9	24.2222222222222
A_HA_H1	1068	9	N	1	0	9	24.8888888888889
A_HA_H1	1069	10	N	0	0	10	24.2
A_HA_H1	1070	10	N	0	0	9	23
A_HA_H1	1071	10	N	0	0	10	20.9
A_HA_H1	1072	10	N	0	0	10	21.6
A_HA_H1	1073	10	N	0	0	10	21.3
A_HA_H1	1074	10	N	0	0	10	22.4
A_HA_H1	1075	10	N	0	0	10	22
A_HA_H1	1076	10	N	0	0	10	21.2
A_HA_H1	1077	10	N	0	0	10	21.1
A_HA_H1	1078	10	N	0	0	10	20.1
A_HA_H1	1079	10	N	0	0	7	21
A_HA_H1	1080	10	N	0	0	10	24.4
A_HA_H1	1081	10	N	0	0	10	23.8
A_HA_H1	1082	10	N	0	0	10	23.5
A_HA_H1	1083	10	N	0	0	9	25
A_HA_H1	1084	10	N	0	0	10	25.1
A_HA_H1	1085	10	N	0	0	9	24.8888888888889
A_HA_H1	1086	10	N	0	0	10	24.4
A_HA_H1	1087	10	N	0	0	10	23
A_HA_H1	1088	9	N	1	0	9	22.1111111111111
A_HA_H1	1089	9	N	1	0	9	23.6666666666667
A_HA_H1	1090	9	N	1	0	9	25.4444444444444
A_HA_H1	1091	9	N	1	0	9	30.4444444444444
A_HA_H1	1092	9	N	1	0	9	25.5555555555556
A_HA_H1	1093	9	N	1	0	9	25.4444444444444
A_HA_H1	1094	10	N	0	0	9	23.8888888888889
A_HA_H1	1095	10	N	0	0	10	24
A_HA_H1	1096	10	N	0	0	10	22.3
A_HA_H1	1097	10	N	0	0	10	24.4
A_HA_H1	1098	10	N	0	0	9	23.5555555555556
A_HA_H1	1099	10	N	0	0	10	23.3
A_HA_H1	1100	10	N	0	0	9	22.6666666666667
A_HA_H1	1101	10	N	0	0	10	21.4
A_HA_H1	1102	10	N	0	0	10	21.3
A_HA_H1	1103	10	N	0	0	10	20.1
A_HA_H1	1104	10	N	0	0	10	21.8
A_HA_H1	1105	10	N	0	0	10	23.1
A_HA_H1	1106	10	N	0	0	10	24.7
A_HA_H1	1107	10	N	0	0	10	25.8
A_HA_H1	1108	10	N	0	0	10	24.8
A_HA_H1	1109	10	N	0	0	10	23.6
A_HA_H1	1110	10	N	0	0	10	24.1
A_HA_H1	1111	9	N	1	0	9	26.1111111111111
A_HA_H1	1112	10	N	0	0	10	23
A_HA_H1	1113	10	N	0	0	10	20.8
A_HA_H1	1114	10	N	0	0	10	32.6
A_HA_H1	1115	10	N	0	0	10	18.5
A_HA_H1	1116	10	N	0	0	9	17.7777777777778
A_HA_H1	1117	10	N	0	0	10	20.6
A_HA_H1	1118	9	N	1	0	8	21.375
A_HA_H1	1119	10	N	1	0	10	19.8
A_HA_H1	1120	11	N	0	0	11	21.8181818181818
A_HA_H1	1121	10	N	1	0	10	21.9
A_HA_H1	1122	11	N	0	0	11	26.5454545454545
A_HA_H1	1123	11	N	0	0	11	21.9090909090909
A_HA_H1	1124	11	N	0	0	7	20.4285714285714
A_HA_H1	1125	11	N	0	0	11	19.7272727272727
A_HA_H1	1126	11	N	0	0	11	17.1818181818182
A_HA_H1	1127	11	N	0	0	11	15.5454545454545
A_HA_H1	1128	10	N	1	0	10	16
A_HA_H1	1129	11	N	0	0	10	22.7
A_HA_H1	1130	11	N	0	0	11	17.5454545454545
A_HA_H1	1131	11	N	0	0	11	21.8181818181818
A_HA_H1	1132	11	N	0	0	11	22.3636363636364
A_HA_H1	1133	11	N	0	0	11	24.2727272727273
A_HA_H1	1134	11	N	0	0	11	21.1818181818182
A_HA_H1	1135	11	N	0	0	11	20.4545454545455
A_HA_H1	1136	11	N	0	0	10	20.2
A_HA_H1	1137	11	N	0	0	10	19.5
A_HA_H1	1138	11	N	0	0	11	17.2727272727273
A_HA_H1	1139	11	N	0	0	7	19.4285714285714
A_HA_H1	1140	11	N	0	0	10	18
A_HA_H1	1141	11	N	0	0	11	18.3636363636364
A_HA_H1	1142	11	N	0	0	10	16.8
A_HA_H1	1143	11	N	0	0	11	15.7272727272727
A_HA_H1	1144	11	N	0	0	11	14.4545454545455
A_HA_H1	1145	11	N	0	0	11	16.6363636363636
A_HA_H1	1146	11	N	0	0	11	17.1818181818182
A_HA_H1	1147	11	N	0	0	11	17.5454545454545
A_HA_H1	1148	11	N	0	0	11	18.8181818181818
A_HA_H1	1149	11	N	0	0	11	16.8181818181818
A_HA_H1	1150	11	N	0	0	11	16.4545454545455
A_HA_H1	1151	11	N	0	0	11	15.9090909090909
A_HA_H1	1152	11	N	0	0	11	22.2727272727273
A_HA_H1	1153	11	N	0	0	11	17.4545454545455
A_HA_H1	1154	11	N	0	0	11	18.2727272727273
A_HA_H1	1155	11	N	0	0	10	25.3
A_HA_H1	1156	9	N	2	0	9	18
A_HA_H1	1157	11	N	0	0	11	18.3636363636364
A_HA_H1	1158	11	N	0	0	11	19.8181818181818
A_HA_H1	1159	11	N	0	0	11	23.1818181818182
A_HA_H1	1160	11	N	0	0	11	24.1818181818182
A_HA_H1	1161	10	N	1	0	10	24.7
A_HA_H1	1162	10	N	1	0	10	23.6
A_HA_H1	1163	11	N	0	0	10	22.9
A_HA_H1	1164	11	N	0	0	11	20.3636363636364
A_HA_H1	1165	11	N	0	0	11	19.8181818181818
A_HA_H1	1166	11	N	0	0	11	20.3636363636364
A_HA_H1	1167	11	N	0	0	11	19.1818181818182
A_HA_H1	1168	11	N	0	0	11	18.8181818181818
A_HA_H1	1169	11	N	0	0	10	19.9
A_HA_H1	1170	11	N	0	0	11	18.4545454545455
A_HA_H1	1171	11	N	0	0	11	17
A_HA_H1	1172	11	N	0	0	11	14.6363636363636
A_HA_H1	1173	11	N	0	0	11	15.6363636363636
A_HA_H1	1174	11	N	0	0	11	13
A_HA_H1	1175	11	N	0	0	11	12.1818181818182
A_HA_H1	1176	11	N	0	0	11	12.8181818181818
A_HA_H1	1177	11	N	0	0	11	13.6363636363636
A_HA_H1	1178	11	N	0	0	10	13.5
A_HA_H1	1179	11	N	0	0	11	14.8181818181818
A_HA_H1	1180	11	N	0	0	11	17.2727272727273
A_HA_H1	1181	11	N	0	0	11	17.9090909090909
A_HA_H1	1182	10	N	1	0	10	14.8
A_HA_H1	1183	11	N	0	0	11	16.3636363636364
A_HA_H1	1184	11	N	0	0	11	17.6363636363636
A_HA_H1	1185	11	N	0	0	11	17.5454545454545
A_HA_H1	1186	11	N	0	0	11	19.6363636363636
A_HA_H1	1187	10	N	1	0	10	17.7
A_HA_H1	1188	10	N	1	0	10	17.2
A_HA_H1	1189	11	N	0	0	11	19.7272727272727
A_HA_H1	1190	11	N	0	0	10	20.7
A_HA_H1	1191	11	N	0	0	10	24.9
A_HA_H1	1192	11	N	0	0	11	26.3636363636364
A_HA_H1	1193	11	N	0	0	11	26.0909090909091
A_HA_H1	1194	11	N	0	0	11	25.4545454545455
A_HA_H1	1195	11	N	0	0	11	25.7272727272727
A_HA_H1	1196	11	N	0	0	11	25.1818181818182
A_HA_H1	1197	11	N	0	0	11	25.4545454545455
A_HA_H1	1198	11	N	0	0	11	25.0909090909091
A_HA_H1	1199	11	N	0	0	11	26.5454545454545
A_HA_H1	1200	11	N	0	0	11	24.2727272727273
A_HA_H1	1201	10	N	1	0	9	22.5555555555556
A_HA_H1	1202	11	N	0	0	11	19.8181818181818
A_HA_H1	1203	11	N	0	0	11	19.9090909090909
A_HA_H1	1204	10	N	0	0	10	17
A_HA_H1	1205	10	N	0	0	10	18.4
A_HA_H1	1206	10	N	0	0	10	18.7
A_HA_H1	1207	10	N	0	0	10	19.7
A_HA_H1	1208	10	N	0	0	10	19.3
A_HA_H1	1209	10	N	0	0	10	18.3
A_HA_H1	1210	10	N	0	0	10	19.6
A_HA_H1	1211	10	N	0	0	10	20.8
A_HA_H1	1212	10	N	0	0	10	22.3
A_HA_H1	1213	10	N	0	0	10	22.7
A_HA_H1	1214	10	N	0	0	10	19.2
A_HA_H1	1215	10	N	0	0	10	19.3
A_HA_H1	1216	10	N	0	0	10	18.6
A_HA_H1	1217	10	N	0	0	10	19.2
A_HA_H1	1218	10	N	0	0	10	18.8
A_HA_H1	1219	10	N	0	0	10	18.9
A_HA_H1	1220	9	N	1	0	9	20.8888888888889
A_HA_H1	1221	9	N	1	0	9	21.1111111111111
A_HA_H1	1222	10	N	0	0	10	24.3
A_HA_H1	1223	10	N	0	0	10	22.8
A_HA_H1	1224	10	N	0	0	10	22.4
A_HA_H1	1225	10	N	0	0	10	21.8
A_HA_H1	1226	10	N	0	0	10	22
A_HA_H1	1227	10	N	0	0	10	22
A_HA_H1	1228	9	N	1	0	9	22.5555555555556
A_HA_H1	1229	9	N	1	0	9	24.2222222222222
A_HA_H1	1230	8	N	2	0	8	24.75
A_HA_H1	1231	10	N	0	0	10	30.1
A_HA_H1	1232	10	N	0	0	8	22.875
A_HA_H1	1233	10	N	0	0	10	20.7
A_HA_H1	1234	10	N	0	0	10	18.6
A_HA_H1	1235	10	N	0	0	10	19.1
A_HA_H1	1236	10	N	0	0	10	19.4
A_HA_H1	1237	10	N	0	0	10	18.9
A_HA_H1	1238	10	N	0	0	10	28.1
A_HA_H1	1239	10	N	0	0	10	21
A_HA_H1	1240	10	N	0	0	10	17.4
A_HA_H1	1241	10	N	0	0	10	21.2
A_HA_H1	1242	10	N	0	0	10	17.7
A_HA_H1	1243	10	N	0	0	8	15.125
A_HA_H1	1244	10	N	0	0	9	13.2222222222222
A_HA_H1	1245	10	N	0	0	10	11.7
A_HA_H1	1246	10	N	0	0	10	12.2
A_HA_H1	1247	10	N	0	0	10	16.5
A_HA_H1	1248	10	N	0	0	10	16.3
A_HA_H1	1249	10	N	0	0	10	15.2
A_HA_H1	1250	10	N	0	0	9	15.7777777777778
A_HA_H1	1251	10	N	0	0	9	12.6666666666667
A_HA_H1	1252	7	N	3	0	6	11.1666666666667
A_HA_H1	1253	9	N	1	0	9	13.7777777777778
A_HA_H1	1254	10	N	0	0	10	15.8
A_HA_H1	1255	10	N	0	0	10	13.4
A_HA_H1	1256	10	N	0	0	10	15.2
A_HA_H1	1257	10	N	0	0	10	21
A_HA_H1	1258	10	N	0	0	9	21.6666666666667
A_HA_H1	1259	10	N	0	0	10	25.3
A_HA_H1	1260	10	N	0	0	10	23.8
A_HA_H1	1261	10	N	0	0	10	26.3
A_HA_H1	1262	10	N	0	0	10	24.9
A_HA_H1	1263	10	N	0	0	10	23.7
A_HA_H1	1264	10	N	0	0	10	22.5
A_HA_H1	1265	10	N	0	0	10	25
A_HA_H1	1266	10	N	0	0	10	33.5
A_HA_H1	1267	10	N	0	0	10	18.7
A_HA_H1	1268	10	N	0	0	10	19.3
A_HA_H1	1269	10	N	0	0	10	26
A_HA_H1	1270	10	N	0	0	10	27
A_HA_H1	1271	9	N	1	0	9	29.3333333333333
A_HA_H1	1272	10	N	0	0	9	31.2222222222222
A_HA_H1	1273	10	N	0	0	10	29.2
A_HA_H1	1274	10	N	0	0	8	31.75
A_HA_H1	1275	9	N	1	0	8	19
A_HA_H1	1276	9	N	1	0	9	19.1111111111111
A_HA_H1	1277	10	N	0	0	10	21.4
A_HA_H1	1278	10	N	0	0	10	25.9
A_HA_H1	1279	9	N	1	0	9	22.1111111111111
A_HA_H1	1280	9	N	1	0	9	21.7777777777778
A_HA_H1	1281	10	N	0	0	10	17.9
A_HA_H1	1282	10	N	0	0	10	17.1
A_HA_H1	1283	10	N	0	0	10	16.2
A_HA_H1	1284	10	N	0	0	9	17.7777777777778
A_HA_H1	1285	10	N	0	0	9	17.1111111111111
A_HA_H1	1286	10	N	0	0	10	17.3
A_HA_H1	1287	10	N	0	0	10	17.7
A_HA_H1	1288	10	N	0	0	10	20
A_HA_H1	1289	9	N	1	0	9	20.6666666666667
A_HA_H1	1290	8	N	2	0	8	26.375
A_HA_H1	1291	10	N	0	0	9	23
A_HA_H1	1292	10	N	0	0	9	23.6666666666667
A_HA_H1	1293	10	N	0	0	10	24.3
A_HA_H1	1294	10	N	0	0	10	23.1
A_HA_H1	1295	9	N	1	0	9	23.5555555555556
A_HA_H1	1296	7	N	3	0	7	25.1428571428571
A_HA_H1	1297	7	N	3	0	7	24.5714285714286
A_HA_H1	1298	8	N	2	0	8	33
A_HA_H1	1299	10	N	0	0	10	22.4
A_HA_H1	1300	10	N	0	0	10	22
A_HA_H1	1301	10	N	0	0	9	24.1111111111111
A_HA_H1	1302	10	N	0	0	6	24.1666666666667
A_HA_H1	1303	10	N	0	0	9	24.6666666666667
A_HA_H1	1304	10	N	0	0	10	22.7
A_HA_H1	1305	9	N	1	0	9	21.2222222222222
A_HA_H1	1306	7	N	3	0	7	22.2857142857143
A_HA_H1	1307	10	N	0	0	10	24.6
A_HA_H1	1308	10	N	0	0	10	26.4
A_HA_H1	1309	10	N	0	0	8	26.125
A_HA_H1	1310	10	N	0	0	10	22.5
A_HA_H1	1311	10	N	0	0	9	22.4444444444444
A_HA_H1	1312	10	N	0	0	10	21.9
A_HA_H1	1313	10	N	0	0	9	24.4444444444444
A_HA_H1	1314	10	N	0	0	10	23.2
A_HA_H1	1315	10	N	0	0	10	22.7
A_HA_H1	1316	10	N	0	0	10	23.8
A_HA_H1	1317	10	N	0	0	10	24.1
A_HA_H1	1318	10	N	0	0	10	22.4
A_HA_H1	1319	10	N	0	0	8	20.5
A_HA_H1	1320	10	N	0	0	10	21.3
A_HA_H1	1321	10	N	0	0	10	21.1
A_HA_H1	1322	10	N	0	0	10	19.7
A_HA_H1	1323	10	N	0	0	10	18.1
A_HA_H1	1324	10	N	0	0	10	16.1
A_HA_H1	1325	10	N	0	0	10	16.3
A_HA_H1	1326	10	N	0	0	9	14.8888888888889
A_HA_H1	1327	10	N	0	0	10	15.5
A_HA_H1	1328	10	N	0	0	6	13.6666666666667
A_HA_H1	1329	9	N	1	0	9	18.4444444444444
A_HA_H1	1330	10	N	0	0	10	20.3
A_HA_H1	1331	10	N	0	0	10	17.3
A_HA_H1	1332	10	N	0	0	10	18.2
A_HA_H1	1333	9	N	1	0	9	18.5555555555556
A_HA_H1	1334	10	N	0	0	10	19.1
A_HA_H1	1335	10	N	0	0	9	17.7777777777778
A_HA_H1	1336	10	N	0	0	10	18.6
A_HA_H1	1337	8	N	2	0	8	21.375
A_HA_H1	1338	10	N	0	0	10	26.8
A_HA_H1	1339	10	N	0	0	10	27.1
A_HA_H1	1340	10	N	0	0	10	22.7
A_HA_H1	1341	10	N	0	0	10	21.6
A_HA_H1	1342	10	N	0	0	10	24
A_HA_H1	1343	10	N	0	0	9	21.3333333333333
A_HA_H1	1344	10	N	0	0	10	21.4
A_HA_H1	1345	9	N	1	0	9	23.5555555555556
A_HA_H1	1346	10	N	0	0	10	20.2
A_HA_H1	1347	10	N	0	0	10	17.3
A_HA_H1	1348	10	N	0	0	10	18.9
A_HA_H1	1349	10	N	0	0	10	20.8
A_HA_H1	1350	10	N	0	0	10	19.6
A_HA_H1	1351	10	N	0	0	10	19.6
A_HA_H1	1352	10	N	0	0	10	19.6
A_HA_H1	1353	10	N	0	0	10	20
A_HA_H1	1354	10	N	0	0	10	20.4
A_HA_H1	1355	10	N	0	0	9	19.8888888888889
A_HA_H1	1356	10	N	0	0	10	20.9
A_HA_H1	1357	10	N	0	0	10	20.6
A_HA_H1	1358	10	N	0	0	10	19.1
A_HA_H1	1359	10	N	0	0	10	28.7
A_HA_H1	1360	10	N	0	0	10	21.5
A_HA_H1	1361	10	N	0	0	10	20.6
A_HA_H1	1362	10	N	0	0	10	22.5
A_HA_H1	1363	10	N	0	0	10	22.1
A_HA_H1	1364	10	N	0	0	10	28.3
A_HA_H1	1365	10	N	0	0	10	28.3
A_HA_H1	1366	10	N	0	0	10	20.6
A_HA_H1	1367	10	N	0	0	10	19.4
A_HA_H1	1368	10	N	0	0	10	18
A_HA_H1	1369	10	N	0	0	10	23.9
A_HA_H1	1370	9	N	1	0	8	19.375
A_HA_H1	1371	10	N	0	0	10	15.4
A_HA_H1	1372	10	N	0	0	9	16.7777777777778
A_HA_H1	1373	10	N	0	0	10	15.6
A_HA_H1	1374	10	N	0	0	10	15.8
A_HA_H1	1375	10	N	0	0	10	15.9
A_HA_H1	1376	10	N	0	0	10	16.8
A_HA_H1	1377	10	N	0	0	10	17.9
A_HA_H1	1378	10	N	0	0	10	16.9
A_HA_H1	1379	10	N	0	0	10	15.1
A_HA_H1	1380	10	N	0	0	10	16.7
A_HA_H1	1381	9	N	1	0	9	15.8888888888889
A_HA_H1	1382	9	N	1	0	9	14.2222222222222
A_HA_H1	1383	9	N	1	0	9	17.3333333333333
A_HA_H1	1384	9	N	1	0	9	15.8888888888889
A_HA_H1	1385	9	N	1	0	9	20
A_HA_H1	1386	9	N	1	0	9	19.8888888888889
A_HA_H1	1387	10	N	0	0	10	18
A_HA_H1	1388	10	N	0	0	10	18.5
A_HA_H1	1389	10	N	0	0	9	18.7777777777778
A_HA_H1	1390	9	N	1	0	9	21.5555555555556
A_HA_H1	1391	9	N	1	0	9	20
A_HA_H1	1392	10	N	0	0	10	17.5
A_HA_H1	1393	10	N	0	0	9	17.7777777777778
A_HA_H1	1394	10	N	0	0	10	14.9
A_HA_H1	1395	10	N	0	0	9	13
A_HA_H1	1396	9	N	1	0	8	11.875
A_HA_H1	1397	9	N	1	0	9	13.2222222222222
A_HA_H1	1398	9	N	1	0	8	14.375
A_HA_H1	1399	9	N	1	0	9	16.5555555555556
A_HA_H1	1400	10	N	0	0	10	15.7
A_HA_H1	1401	10	N	0	0	10	17.9
A_HA_H1	1402	10	N	0	0	10	18.7
A_HA_H1	1403	10	N	0	0	10	18.6
A_HA_H1	1404	10	N	0	0	9	19.6666666666667
A_HA_H1	1405	10	N	0	0	9	18.1111111111111
A_HA_H1	1406	10	N	0	0	9	18.8888888888889
A_HA_H1	1407	10	N	0	0	10	18.8
A_HA_H1	1408	10	N	0	0	10	20.1
A_HA_H1	1409	9	N	1	0	9	21.6666666666667
A_HA_H1	1410	9	N	1	0	9	23.5555555555556
A_HA_H1	1411	10	N	0	0	10	25.5
A_HA_H1	1412	10	N	0	0	10	23.7
A_HA_H1	1413	10	N	0	0	10	20.3
A_HA_H1	1414	10	N	0	0	10	18.6
A_HA_H1	1415	10	N	0	0	10	19
A_HA_H1	1416	10	N	0	0	10	18.7
A_HA_H1	1417	10	N	0	0	10	18.2
A_HA_H1	1418	10	N	0	0	10	17.6
A_HA_H1	1419	10	N	0	0	10	19
A_HA_H1	1420	10	N	0	0	10	18.2
A_HA_H1	1421	10	N	0	0	10	17.6
A_HA_H1	1422	10	N	0	0	10	17.2
A_HA_H1	1423	10	N	0	0	9	19.4444444444444
A_HA_H1	1424	9	N	1	0	9	17.2222222222222
A_HA_H1	1425	10	N	0	0	10	17.6
A_HA_H1	1426	10	N	0	0	10	19.3
A_HA_H1	1427	10	N	0	0	10	18.7
A_HA_H1	1428	9	N	1	0	9	17.7777777777778
A_HA_H1	1429	9	N	1	0	9	17.2222222222222
A_HA_H1	1430	9	N	1	0	9	18.2222222222222
A_HA_H1	1431	8	N	2	0	7	18
A_HA_H1	1432	9	N	1	0	9	18.5555555555556
A_HA_H1	1433	10	N	0	0	10	18.6
A_HA_H1	1434	10	N	0	0	10	19.1
A_HA_H1	1435	10	N	0	0	9	20.7777777777778
A_HA_H1	1436	10	N	0	0	9	19.3333333333333
A_HA_H1	1437	10	N	0	0	10	20.4
A_HA_H1	1438	10	N	0	0	10	21
A_HA_H1	1439	10	N	0	0	10	19.2
A_HA_H1	1440	10	N	0	0	10	19.7
A_HA_H1	1441	10	N	0	0	10	20
A_HA_H1	1442	10	N	0	0	10	20.6
A_HA_H1	1443	9	N	1	0	9	22.1111111111111
A_HA_H1	1444	10	N	0	0	10	20.7
A_HA_H1	1445	10	N	0	0	10	23.7
A_HA_H1	1446	10	N	0	0	10	22.8
A_HA_H1	1447	10	N	0	0	10	22.1
A_HA_H1	1448	10	N	0	0	10	21.1
A_HA_H1	1449	10	N	0	0	10	19.8
A_HA_H1	1450	10	N	0	0	10	19.6
A_HA_H1	1451	10	N	0	0	10	17.6
A_HA_H1	1452	10	N	0	0	10	19
A_HA_H1	1453	10	N	0	0	10	21.1
A_HA_H1	1454	10	N	0	0	10	18.8
A_HA_H1	1455	10	N	0	0	10	17.4
A_HA_H1	1456	10	N	0	0	10	16.9
A_HA_H1	1457	10	N	0	0	10	16.7
A_HA_H1	1458	9	N	1	0	9	13.2222222222222
A_HA_H1	1459	10	N	0	0	10	16.2
A_HA_H1	1460	10	N	0	0	9	14
A_HA_H1	1461	10	N	0	0	10	14
A_HA_H1	1462	10	N	0	0	10	13.2
A_HA_H1	1463	10	N	0	0	9	15.4444444444444
A_HA_H1	1464	10	N	0	0	10	16
A_HA_H1	1465	9	N	1	0	9	16.8888888888889
A_HA_H1	1466	10	N	0	0	9	19.6666666666667
A_HA_H1	1467	10	N	0	0	10	20.9
A_HA_H1	1468	10	N	0	0	10	21.2
A_HA_H1	1469	10	N	0	0	10	21.7
A_HA_H1	1470	10	N	0	0	10	21
A_HA_H1	1471	10	N	0	0	10	21.3
A_HA_H1	1472	10	N	0	0	9	20.1111111111111
A_HA_H1	1473	10	N	0	0	10	20.4
A_HA_H1	1474	10	N	0	0	10	20.2
A_HA_H1	1475	10	N	0	0	10	20.2
A_HA_H1	1476	10	N	0	0	10	21.7
A_HA_H1	1477	10	N	0	0	10	21.6
A_HA_H1	1478	10	N	0	0	10	23.3
A_HA_H1	1479	10	N	0	0	10	23.1
A_HA_H1	1480	10	N	0	0	10	22.3
A_HA_H1	1481	9	N	1	0	9	25.1111111111111
A_HA_H1	1482	9	N	1	0	9	27
A_HA_H1	1483	9	N	1	0	9	27.7777777777778
A_HA_H1	1484	9	N	1	0	9	26.4444444444444
A_HA_H1	1485	9	N	1	0	9	26.1111111111111
A_HA_H1	1486	9	N	1	0	9	25.4444444444444
A_HA_H1	1487	9	N	1	0	9	24.8888888888889
A_HA_H1	1488	10	N	0	0	10	24.8
A_HA_H1	1489	10	N	0	0	10	19
A_HA_H1	1490	10	N	0	0	9	17.3333333333333
A_HA_H1	1491	10	N	0	0	10	18.9
A_HA_H1	1492	10	N	0	0	10	21.9
A_HA_H1	1493	10	N	0	0	10	23.1
A_HA_H1	1494	9	N	1	0	9	20.1111111111111
A_HA_H1	1495	10	N	0	0	10	21
A_HA_H1	1496	10	N	0	0	10	20
A_HA_H1	1497	10	N	0	0	10	19.2
A_HA_H1	1498	10	N	0	0	10	19.9
A_HA_H1	1499	10	N	0	0	10	17.6
A_HA_H1	1500	10	N	0	0	10	17.3
A_HA_H1	1501	10	N	0	0	9	18.2222222222222
A_HA_H1	1502	9	N	1	0	8	12.875
A_HA_H1	1503	10	N	0	0	10	13.3
A_HA_H1	1504	10	N	0	0	10	13.9
A_HA_H1	1505	10	N	0	0	10	13.9
A_HA_H1	1506	10	N	0	0	10	14.2
A_HA_H1	1507	10	N	0	0	8	17
A_HA_H1	1508	10	N	0	0	10	13.7
A_HA_H1	1509	9	N	1	0	9	14.1111111111111
A_HA_H1	1510	9	N	1	0	9	14.3333333333333
A_HA_H1	1511	9	N	1	0	9	18.7777777777778
A_HA_H1	1512	10	N	0	0	10	19.7
A_HA_H1	1513	10	N	0	0	10	21.1
A_HA_H1	1514	10	N	0	0	10	22.9
A_HA_H1	1515	10	N	0	0	10	24.6
A_HA_H1	1516	10	N	0	0	9	22.6666666666667
A_HA_H1	1517	10	N	0	0	10	21.3
A_HA_H1	1518	10	N	0	0	10	20.9
A_HA_H1	1519	10	N	0	0	10	20.8
A_HA_H1	1520	10	N	0	0	10	20.2
A_HA_H1	1521	10	N	0	0	10	19.9
A_HA_H1	1522	10	N	0	0	10	18
A_HA_H1	1523	10	N	0	0	10	18.2
A_HA_H1	1524	10	N	0	0	10	16.3
A_HA_H1	1525	10	N	0	0	10	15.8
A_HA_H1	1526	10	N	0	0	10	14.1
A_HA_H1	1527	10	N	0	0	10	13.3
A_HA_H1	1528	10	N	0	0	10	12.9
A_HA_H1	1529	10	N	0	0	10	12.8
A_HA_H1	1530	10	N	0	0	10	14.8
A_HA_H1	1531	10	N	0	0	10	18.7
A_HA_H1	1532	10	N	0	0	10	20.8
A_HA_H1	1533	10	N	0	0	10	20.4
A_HA_H1	1534	10	N	0	0	10	22.2
A_HA_H1	1535	10	N	0	0	10	22.8
A_HA_H1	1536	10	N	0	0	10	23
A_HA_H1	1537	10	N	0	0	10	24
A_HA_H1	1538	10	N	0	0	10	23.5
A_HA_H1	1539	9	N	1	0	9	24.4444444444444
A_HA_H1	1540	9	N	1	0	9	23.8888888888889
A_HA_H1	1541	10	N	0	0	10	22.1
A_HA_H1	1542	10	N	0	0	10	18
A_HA_H1	1543	9	N	1	0	9	16.8888888888889
A_HA_H1	1544	10	N	0	0	10	15.6
A_HA_H1	1545	10	N	0	0	9	19.3333333333333
A_HA_H1	1546	10	N	0	0	10	21.5
A_HA_H1	1547	10	N	0	0	10	22.9
A_HA_H1	1548	10	N	0	0	9	22.2222222222222
A_HA_H1	1549	10	N	0	0	9	20.4444444444444
A_HA_H1	1550	10	N	0	0	10	17
A_HA_H1	1551	10	N	0	0	10	17.6
A_HA_H1	1552	10	N	0	0	9	18.6666666666667
A_HA_H1	1553	10	N	0	0	10	16.9
A_HA_H1	1554	9	N	1	0	9	20.7777777777778
A_HA_H1	1555	10	N	0	0	10	29.5
A_HA_H1	1556	10	N	0	0	9	21.4444444444444
A_HA_H1	1557	10	N	0	0	10	23.2
A_HA_H1	1558	9	N	1	0	9	22
A_HA_H1	1559	10	N	0	0	10	18.8
A_HA_H1	1560	10	N	0	0	9	19.1111111111111
A_HA_H1	1561	10	N	0	0	9	16.2222222222222
A_HA_H1	1562	10	N	0	0	10	16
A_HA_H1	1563	10	N	0	0	10	17.2
A_HA_H1	1564	10	N	0	0	9	20.3333333333333
A_HA_H1	1565	9	N	1	0	9	21.2222222222222
A_HA_H1	1566	10	N	0	0	9	20.5555555555556
A_HA_H1	1567	10	N	0	0	9	20.1111111111111
A_HA_H1	1568	9	N	1	0	8	18.875
A_HA_H1	1569	9	N	1	0	9	20.7777777777778
A_HA_H1	1570	10	N	0	0	10	21.2
A_HA_H1	1571	10	N	0	0	10	21.7
A_HA_H1	1572	10	N	0	0	10	23.1
A_HA_H1	1573	10	N	0	0	9	22.1111111111111
A_HA_H1	1574	10	N	0	0	10	22
A_HA_H1	1575	10	N	0	0	10	22.5
A_HA_H1	1576	10	N	0	0	10	24.1
A_HA_H1	1577	10	N	0	0	10	21.4
A_HA_H1	1578	10	N	0	0	10	23.2
A_HA_H1	1579	10	N	0	0	10	22.2
A_HA_H1	1580	9	N	1	0	7	19.8571428571429
A_HA_H1	1581	9	N	1	0	9	28.6666666666667
A_HA_H1	1582	8	N	2	0	8	21.625
A_HA_H1	1583	9	N	1	0	8	20
A_HA_H1	1584	10	N	0	0	10	19.4
A_HA_H1	1585	10	N	0	0	10	17.3
A_HA_H1	1586	10	N	0	0	9	17.3333333333333
A_HA_H1	1587	10	N	0	0	10	16.9
A_HA_H1	1588	10	N	0	0	10	16.3
A_HA_H1	1589	10	N	0	0	10	19.8
A_HA_H1	1590	10	N	0	0	10	17.7
A_HA_H1	1591	9	N	1	0	9	21.6666666666667
A_HA_H1	1592	8	N	2	0	8	24.125
A_HA_H1	1593	10	N	0	0	10	24
A_HA_H1	1594	10	N	0	0	9	24.6666666666667
A_HA_H1	1595	10	N	0	0	9	22.7777777777778
A_HA_H1	1596	10	N	0	0	10	20
A_HA_H1	1597	10	N	0	0	10	17
A_HA_H1	1598	10	N	0	0	10	19.2
A_HA_H1	1599	9	N	1	0	9	17.7777777777778
A_HA_H1	1600	10	N	0	0	9	17.3333333333333
A_HA_H1	1601	10	N	0	0	10	15.6
A_HA_H1	1602	10	N	0	0	10	12.5
A_HA_H1	1603	9	N	1	0	9	13.2222222222222
A_HA_H1	1604	10	N	0	0	10	10.5
A_HA_H1	1605	10	N	0	0	10	9.2
A_HA_H1	1606	9	N	0	0	9	9.22222222222222
A_HA_H1	1607	9	N	0	0	9	12.2222222222222
A_HA_H1	1608	9	N	0	0	9	11.6666666666667
A_HA_H1	1609	9	N	0	0	9	12
A_HA_H1	1610	9	N	0	0	8	13.25
A_HA_H1	1611	9	N	0	0	9	14.2222222222222
A_HA_H1	1612	9	N	0	0	9	18
A_HA_H1	1613	9	N	0	0	9	18.7777777777778
A_HA_H1	1614	9	N	0	0	9	18.8888888888889
A_HA_H1	1615	9	N	0	0	8	20.75
A_HA_H1	1616	9	N	0	0	9	19.2222222222222
A_HA_H1	1617	9	N	0	0	9	20
A_HA_H1	1618	9	N	0	0	8	21
A_HA_H1	1619	9	N	0	0	9	22.1111111111111
A_HA_H1	1620	9	N	0	0	9	20.8888888888889
A_HA_H1	1621	9	N	0	0	9	19.6666666666667
A_HA_H1	1622	9	N	0	0	9	19.7777777777778
A_HA_H1	1623	9	N	0	0	9	20.1111111111111
A_HA_H1	1624	9	N	0	0	9	19.3333333333333
A_HA_H1	1625	9	N	0	0	5	24.6
A_HA_H1	1626	9	N	0	0	9	19.5555555555556
A_HA_H1	1627	9	N	0	0	9	18.3333333333333
A_HA_H1	1628	9	N	0	0	9	18
A_HA_H1	1629	9	N	0	0	9	17.5555555555556
A_HA_H1	1630	9	N	0	0	9	18.1111111111111
A_HA_H1	1631	9	N	0	0	9	19
A_HA_H1	1632	9	N	0	0	9	18.7777777777778
A_HA_H1	1633	9	N	0	0	9	19.4444444444444
A_HA_H1	1634	9	N	0	0	9	20
A_HA_H1	1635	9	N	0	0	9	28.2222222222222
A_HA_H1	1636	8	N	1	0	8	21.375
A_HA_H1	1637	9	N	0	0	9	19.8888888888889
A_HA_H1	1638	9	N	0	0	9	20.4444444444444
A_HA_H1	1639	9	N	0	0	9	21.3333333333333
A_HA_H1	1640	8	N	1	0	8	22.75
A_HA_H1	1641	9	N	0	0	9	24.2222222222222
A_HA_H1	1642	9	N	0	0	9	21.6666666666667
A_HA_H1	1643	9	N	0	0	9	22.8888888888889
A_HA_H1	1644	9	N	0	0	9	23.1111111111111
A_HA_H1	1645	9	N	0	0	9	27.7777777777778
A_HA_H1	1646	9	N	0	0	9	29.2222222222222
A_HA_H1	1647	9	N	0	0	8	29.5
A_HA_H1	1648	9	N	0	0	9	29.2222222222222
A_HA_H1	1649	8	N	1	0	8	29.5
A_HA_H1	1650	9	N	0	0	8	25.25
A_HA_H1	1651	9	N	0	0	9	25.3333333333333
A_HA_H1	1652	9	N	0	0	9	22.1111111111111
A_HA_H1	1653	9	N	0	0	9	22.1111111111111
A_HA_H1	1654	9	N	0	0	9	22.2222222222222
A_HA_H1	1655	9	N	0	0	9	22.3333333333333
A_HA_H1	1656	9	N	0	0	9	24.4444444444444
A_HA_H1	1657	8	N	1	0	8	26.25
A_HA_H1	1658	9	N	0	0	9	24.1111111111111
A_HA_H1	1659	9	N	0	0	9	24.1111111111111
A_HA_H1	1660	9	N	0	0	9	23.3333333333333
A_HA_H1	1661	9	N	0	0	9	23.3333333333333
A_HA_H1	1662	9	N	0	0	9	21.7777777777778
A_HA_H1	1663	9	N	0	0	9	20.3333333333333
A_HA_H1	1664	9	N	0	0	9	18.1111111111111
A_HA_H1	1665	9	N	0	0	9	20.3333333333333
A_HA_H1	1666	9	N	0	0	9	21.7777777777778
A_HA_H1	1667	9	N	0	0	9	20.2222222222222
A_HA_H1	1668	9	N	0	0	9	18.6666666666667
A_HA_H1	1669	9	N	0	0	9	21.3333333333333
A_HA_H1	1670	9	N	0	0	9	18
A_HA_H1	1671	9	N	0	0	9	18.4444444444444
A_HA_H1	1672	9	N	0	0	9	18.4444444444444
A_HA_H1	1673	9	N	0	0	9	18.2222222222222
A_HA_H1	1674	9	N	0	0	9	21.2222222222222
A_HA_H1	1675	9	N	0	0	9	21.6666666666667
A_HA_H1	1676	9	N	0	0	9	21.7777777777778
A_HA_H1	1677	9	N	0	0	9	23.8888888888889
A_HA_H1	1678	9	N	0	0	9	24.2222222222222
A_HA_H1	1679	9	N	0	0	8	22.125
A_HA_H1	1680	9	N	0	0	9	22.3333333333333
A_HA_H1	1681	8	N	0	0	8	22
A_HA_H1	1682	8	N	0	0	8	22.125
A_HA_H1	1683	8	N	0	0	8	23.75
A_HA_H1	1684	8	N	0	0	8	23.625
A_HA_H1	1685	8	N	0	0	8	25
A_HA_H1	1686	8	N	0	0	8	18.375
A_HA_H1	1687	8	N	0	0	8	14
A_HA_H1	1688	8	N	0	0	8	13.875
A_HA_H1	1689	8	N	0	0	8	14.375
A_HA_H1	1690	8	N	0	0	8	16.25
A_HA_H1	1691	8	N	0	0	8	17.375
A_HA_H1	1692	8	N	0	0	8	21.5
A_HA_H1	1693	8	N	0	0	8	21.875
A_HA_H1	1694	8	N	0	0	8	23
A_HA_H1	1695	8	N	0	0	8	22.875
A_HA_H1	1696	8	N	0	0	8	23.625
A_HA_H1	1697	8	N	0	0	8	22.25
A_HA_H1	1698	8	N	0	0	8	24.25
A_HA_H1	1699	8	N	0	0	8	20.125
A_HA_H1	1700	8	N	0	0	8	18.875
