Reference_Name	Position	Coverage Depth	Consensus	Deletions	Ambiguous	Consensus_Count	Consensus_Average_Quality
A_MP	1	33	N	0	0	33	20.3333333333333
A_MP	2	33	N	0	0	33	20.3333333333333
A_MP	3	33	N	0	0	33	18.3030303030303
A_MP	4	33	N	0	0	33	16.6969696969697
A_MP	5	34	N	0	0	34	16.0294117647059
A_MP	6	35	N	0	0	27	15.9259259259259
A_MP	7	35	N	0	0	35	17.1428571428571
A_MP	8	34	N	1	0	34	20.5
A_MP	9	35	N	0	0	35	23.0571428571429
A_MP	10	35	N	0	0	35	24.0571428571429
A_MP	11	34	N	1	0	34	23.1764705882353
A_MP	12	35	N	0	0	30	21.7333333333333
A_MP	13	35	N	0	0	35	23.8857142857143
A_MP	14	35	N	0	0	35	22.5142857142857
A_MP	15	35	N	0	0	33	22.030303030303
A_MP	16	34	N	1	0	34	20.3235294117647
A_MP	17	34	N	1	0	34	19.5
A_MP	18	34	N	1	0	33	19
A_MP	19	36	N	0	0	36	17.6388888888889
A_MP	20	36	N	0	0	36	17.7777777777778
A_MP	21	36	N	0	0	36	19.5555555555556
A_MP	22	35	N	1	0	35	16.9714285714286
A_MP	23	34	N	2	0	34	16.6176470588235
A_MP	24	36	N	0	0	36	16.8333333333333
A_MP	25	36	N	0	0	35	20.0571428571429
A_MP	26	36	N	0	0	36	18.4166666666667
A_MP	27	36	N	0	0	36	17.3888888888889
A_MP	28	36	N	0	0	35	16.4285714285714
A_MP	29	36	N	0	0	35	15.9714285714286
A_MP	30	32	N	4	0	27	17.2962962962963
A_MP	31	35	N	1	0	35	18.3428571428571
A_MP	32	36	N	0	0	36	18.8055555555556
A_MP	33	36	N	0	0	36	20.9722222222222
A_MP	34	36	N	0	0	36	20.7222222222222
A_MP	35	34	N	2	0	34	23.5
A_MP	36	35	N	1	0	30	23.9666666666667
A_MP	37	36	N	0	0	35	28.1714285714286
A_MP	38	35	N	1	0	34	27.8823529411765
A_MP	39	35	N	1	0	35	18.5714285714286
A_MP	40	35	N	1	0	35	17.2857142857143
A_MP	41	36	N	0	0	36	20.4166666666667
A_MP	42	36	N	0	0	36	21.2777777777778
A_MP	43	36	N	0	0	29	19.9655172413793
A_MP	44	36	N	0	0	36	20.6388888888889
A_MP	45	34	N	2	0	25	21.44
A_MP	46	35	N	1	0	35	22.6571428571429
A_MP	47	35	N	1	0	33	19.9393939393939
A_MP	48	35	N	1	0	29	19.6551724137931
A_MP	49	36	N	0	0	36	21.2222222222222
A_MP	50	36	N	0	0	35	21.6857142857143
A_MP	51	36	N	0	0	34	19.8529411764706
A_MP	52	36	N	0	0	36	18.7777777777778
A_MP	53	34	N	2	0	33	18.3939393939394
A_MP	54	25	N	11	0	23	18
A_MP	55	31	N	5	0	30	17.9333333333333
A_MP	56	36	N	0	0	36	18.8055555555556
A_MP	57	36	N	0	0	36	20.5277777777778
A_MP	58	36	N	0	0	36	20.8611111111111
A_MP	59	36	N	0	0	35	21.8857142857143
A_MP	60	36	N	0	0	36	22.3055555555556
A_MP	61	35	N	1	0	35	19.9428571428571
A_MP	62	34	N	2	0	34	19.3823529411765
A_MP	63	34	N	2	0	34	21.2352941176471
A_MP	64	35	N	1	0	34	20.7941176470588
A_MP	65	35	N	1	0	35	19.4
A_MP	66	36	N	0	0	35	19.7428571428571
A_MP	67	36	N	0	0	36	18.9722222222222
A_MP	68	36	N	0	0	36	19.8611111111111
A_MP	69	36	N	0	0	36	20.1111111111111
A_MP	70	36	N	0	0	36	21.7777777777778
A_MP	71	36	N	0	0	36	21.2777777777778
A_MP	72	35	N	1	0	35	21.5714285714286
A_MP	73	36	N	0	0	34	19.6764705882353
A_MP	74	36	N	0	0	34	20.7352941176471
A_MP	75	36	N	0	0	28	20.2142857142857
A_MP	76	36	N	0	0	33	20.9090909090909
A_MP	77	36	N	0	0	35	20.8285714285714
A_MP	78	36	N	0	0	36	19.8611111111111
A_MP	79	36	N	0	0	34	20.1470588235294
A_MP	80	35	N	1	0	34	37.3529411764706
A_MP	81	35	N	1	0	35	33.1428571428571
A_MP	82	35	N	1	0	34	18.6470588235294
A_MP	83	35	N	1	0	33	19.6060606060606
A_MP	84	35	N	1	0	31	21.5161290322581
A_MP	85	36	N	0	0	36	21.9166666666667
A_MP	86	36	N	0	0	36	22
A_MP	87	36	N	0	0	35	24.4857142857143
A_MP	88	36	N	0	0	30	22.8333333333333
A_MP	89	35	N	1	0	30	23.9333333333333
A_MP	90	35	N	1	0	35	22.2285714285714
A_MP	91	35	N	1	0	35	23.1428571428571
A_MP	92	33	N	3	0	31	25.3225806451613
A_MP	93	35	N	1	0	35	22.1714285714286
A_MP	94	34	N	2	0	31	22.6451612903226
A_MP	95	36	N	0	0	36	22.6944444444444
A_MP	96	36	N	0	0	36	23.3333333333333
A_MP	97	35	N	1	0	35	21.2285714285714
A_MP	98	36	N	0	0	35	21.9714285714286
A_MP	99	35	N	1	0	30	19.9333333333333
A_MP	100	35	N	1	0	35	22.2285714285714
A_MP	101	36	N	0	0	36	19.5277777777778
A_MP	102	35	N	1	0	30	17.9666666666667
A_MP	103	36	N	0	0	35	21.2285714285714
A_MP	104	34	N	2	0	34	20.6764705882353
A_MP	105	34	N	2	0	31	19.5483870967742
A_MP	106	35	N	1	0	33	20.8181818181818
A_MP	107	35	N	1	0	35	19.7714285714286
A_MP	108	35	N	1	0	34	19.3235294117647
A_MP	109	35	N	1	0	34	17.9117647058824
A_MP	110	35	N	1	0	34	21.6176470588235
A_MP	111	35	N	1	0	34	21.2647058823529
A_MP	112	35	N	1	0	35	18.5714285714286
A_MP	113	36	N	0	0	35	19.6
A_MP	114	36	N	0	0	35	19.5714285714286
A_MP	115	36	N	0	0	34	19.3823529411765
A_MP	116	36	N	0	0	35	22.4
A_MP	117	36	N	0	0	36	21.8333333333333
A_MP	118	34	N	2	0	33	21.9393939393939
A_MP	119	35	N	1	0	35	19.6857142857143
A_MP	120	34	N	2	0	33	19.7575757575758
A_MP	121	35	N	1	0	35	19.5714285714286
A_MP	122	36	N	0	0	35	19
A_MP	123	36	N	0	0	36	22.0277777777778
A_MP	124	36	N	0	0	26	24.1538461538462
A_MP	125	36	N	0	0	36	24.6111111111111
A_MP	126	36	N	0	0	36	26.2222222222222
A_MP	127	36	N	0	0	36	22.7777777777778
A_MP	128	36	N	0	0	36	22.4722222222222
A_MP	129	34	N	2	0	34	22.4411764705882
A_MP	130	35	N	1	0	34	20.7941176470588
A_MP	131	36	N	0	0	35	20.8857142857143
A_MP	132	36	N	0	0	35	22.3714285714286
A_MP	133	36	N	0	0	36	21.1944444444444
A_MP	134	35	N	1	0	31	20.5161290322581
A_MP	135	36	N	0	0	35	18.2
A_MP	136	35	N	1	0	35	18.3428571428571
A_MP	137	35	N	1	0	32	17.75
A_MP	138	35	N	1	0	35	20.6285714285714
A_MP	139	35	N	1	0	34	21.4117647058824
A_MP	140	36	N	0	0	35	19.9142857142857
A_MP	141	34	N	2	0	22	19.0909090909091
A_MP	142	35	N	1	0	32	19.8125
A_MP	143	35	N	1	0	35	20.3428571428571
A_MP	144	35	N	1	0	34	18.4411764705882
A_MP	145	36	N	0	0	36	19.0555555555556
A_MP	146	36	N	0	0	35	20.4857142857143
A_MP	147	36	N	0	0	35	22.2857142857143
A_MP	148	36	N	0	0	36	23.0277777777778
A_MP	149	36	N	0	0	36	19.6944444444444
A_MP	150	36	N	0	0	35	20.5142857142857
A_MP	151	36	N	0	0	36	20.7222222222222
A_MP	152	36	N	0	0	35	21.8571428571429
A_MP	153	36	N	0	0	30	23.6
A_MP	154	35	N	1	0	29	24
A_MP	155	36	N	0	0	36	24
A_MP	156	35	N	1	0	35	23.8857142857143
A_MP	157	35	N	1	0	35	23
A_MP	158	35	N	1	0	35	23.6
A_MP	159	36	N	0	0	36	20.9166666666667
A_MP	160	36	N	0	0	36	20.8611111111111
A_MP	161	36	N	0	0	36	20.5277777777778
A_MP	162	34	N	2	0	34	19.2941176470588
A_MP	163	36	N	0	0	30	20.6
A_MP	164	36	N	0	0	36	20.75
A_MP	165	35	N	1	0	34	20.7058823529412
A_MP	166	35	N	1	0	34	21.6470588235294
A_MP	167	34	N	2	0	33	21.4848484848485
A_MP	168	36	N	0	0	35	19.6285714285714
A_MP	169	36	N	0	0	36	19.6666666666667
A_MP	170	36	N	0	0	34	19.5
A_MP	171	33	N	3	0	32	16.96875
A_MP	172	36	N	0	0	35	17.3714285714286
A_MP	173	35	N	1	0	34	18.5294117647059
A_MP	174	35	N	1	0	30	17.3
A_MP	175	35	N	1	0	34	18.9411764705882
A_MP	176	35	N	1	0	35	20.2
A_MP	177	36	N	0	0	35	23.8285714285714
A_MP	178	36	N	0	0	36	24.1944444444444
A_MP	179	36	N	0	0	36	23.4722222222222
A_MP	180	36	N	0	0	32	23.25
A_MP	181	32	N	4	0	30	21.0666666666667
A_MP	182	35	N	1	0	35	19.8
A_MP	183	33	N	3	0	26	22.8461538461538
A_MP	184	35	N	1	0	34	20.0882352941176
A_MP	185	36	N	0	0	36	20.8055555555556
A_MP	186	36	N	0	0	36	21.2222222222222
A_MP	187	36	N	0	0	35	22.6571428571429
A_MP	188	36	N	0	0	35	22.8285714285714
A_MP	189	34	N	2	0	30	28.1333333333333
A_MP	190	36	N	0	0	36	30.6666666666667
A_MP	191	36	N	0	0	36	25.8055555555556
A_MP	192	36	N	0	0	35	23.9142857142857
A_MP	193	35	N	1	0	35	23.2285714285714
A_MP	194	35	N	1	0	35	20.0285714285714
A_MP	195	35	N	1	0	35	19.2571428571429
A_MP	196	36	N	0	0	35	19.4857142857143
A_MP	197	36	N	0	0	35	20.6571428571429
A_MP	198	36	N	0	0	36	21.4166666666667
A_MP	199	36	N	0	0	36	21.9166666666667
A_MP	200	36	N	0	0	35	21.9142857142857
A_MP	201	35	N	1	0	34	21.4705882352941
A_MP	202	35	N	1	0	35	20.6571428571429
A_MP	203	36	N	0	0	36	22
A_MP	204	36	N	0	0	36	21.1388888888889
A_MP	205	36	N	0	0	36	21.2777777777778
A_MP	206	36	N	0	0	35	20.8
A_MP	207	36	N	0	0	35	19.3714285714286
A_MP	208	36	N	0	0	35	19.0571428571429
A_MP	209	36	N	0	0	36	19.1111111111111
A_MP	210	36	N	0	0	36	19.25
A_MP	211	36	N	0	0	35	20.1428571428571
A_MP	212	36	N	0	0	35	20.1428571428571
A_MP	213	35	N	1	0	34	19.2647058823529
A_MP	214	37	N	0	0	36	19.7222222222222
A_MP	215	36	N	1	0	34	19.7941176470588
A_MP	216	37	N	0	0	30	19.5
A_MP	217	36	N	1	0	35	18.5714285714286
A_MP	218	37	N	0	0	37	20.5405405405405
A_MP	219	37	N	0	0	37	21.2432432432432
A_MP	220	36	N	1	0	36	22.6111111111111
A_MP	221	36	N	1	0	34	22.0588235294118
A_MP	222	37	N	0	0	36	21.3333333333333
A_MP	223	37	N	0	0	36	22.3611111111111
A_MP	224	36	N	1	0	35	18.6571428571429
A_MP	225	35	N	2	0	27	17.2962962962963
A_MP	226	35	N	2	0	34	16.0588235294118
A_MP	227	35	N	2	0	34	15.2941176470588
A_MP	228	37	N	0	0	37	15.7027027027027
A_MP	229	36	N	1	0	34	18.4117647058824
A_MP	230	37	N	0	0	34	21.5588235294118
A_MP	231	37	N	0	0	36	19.3055555555556
A_MP	232	37	N	0	0	37	18.6756756756757
A_MP	233	37	N	0	0	36	18.2777777777778
A_MP	234	37	N	0	0	37	18.4594594594595
A_MP	235	35	N	2	0	34	19.5882352941176
A_MP	236	36	N	1	0	35	21.7142857142857
A_MP	237	36	N	1	0	35	24.7428571428571
A_MP	238	37	N	0	0	27	24.2592592592593
A_MP	239	37	N	0	0	36	22.7222222222222
A_MP	240	34	N	3	0	34	22.3823529411765
A_MP	241	37	N	0	0	37	17.8648648648649
A_MP	242	34	N	3	0	33	17
A_MP	243	37	N	0	0	37	18.8108108108108
A_MP	244	37	N	0	0	37	22.2162162162162
A_MP	245	37	N	0	0	37	22.2162162162162
A_MP	246	36	N	1	0	36	23.5277777777778
A_MP	247	36	N	1	0	36	20.6388888888889
A_MP	248	35	N	2	0	35	19.8285714285714
A_MP	249	37	N	0	0	37	19.6216216216216
A_MP	250	37	N	0	0	37	17.7297297297297
A_MP	251	37	N	0	0	36	18.1111111111111
A_MP	252	37	N	0	0	31	18.6774193548387
A_MP	253	36	N	1	0	36	20.2777777777778
A_MP	254	36	N	1	0	36	20.0277777777778
A_MP	255	36	N	1	0	36	20.6944444444444
A_MP	256	35	N	2	0	35	20.6571428571429
A_MP	257	36	N	1	0	36	19.1666666666667
A_MP	258	37	N	0	0	29	17.9310344827586
A_MP	259	37	N	0	0	36	19.8055555555556
A_MP	260	37	N	0	0	37	19.3783783783784
A_MP	261	36	N	1	0	33	19.9090909090909
A_MP	262	34	N	3	0	31	16.0645161290323
A_MP	263	35	N	2	0	35	16.0857142857143
A_MP	264	36	N	1	0	31	15.5483870967742
A_MP	265	36	N	1	0	35	17.9714285714286
A_MP	266	35	N	2	0	35	19.8
A_MP	267	33	N	4	0	33	23.3939393939394
A_MP	268	37	N	0	0	36	19.1666666666667
A_MP	269	37	N	0	0	35	17.2857142857143
A_MP	270	37	N	0	0	31	17.6774193548387
A_MP	271	37	N	0	0	37	18.2162162162162
A_MP	272	37	N	0	0	37	17.3783783783784
A_MP	273	37	N	0	0	37	18.2972972972973
A_MP	274	37	N	0	0	37	19.7567567567568
A_MP	275	37	N	0	0	37	20.7837837837838
A_MP	276	37	N	0	0	37	20.5675675675676
A_MP	277	37	N	0	0	37	22.3513513513514
A_MP	278	37	N	0	0	36	22.5277777777778
A_MP	279	37	N	0	0	37	23.8378378378378
A_MP	280	37	N	0	0	37	23.3243243243243
A_MP	281	37	N	0	0	36	23.1111111111111
A_MP	282	37	N	0	0	31	22.3870967741935
A_MP	283	37	N	0	0	37	22.6486486486486
A_MP	284	37	N	0	0	31	21.6451612903226
A_MP	285	37	N	0	0	37	22.4594594594595
A_MP	286	37	N	0	0	37	22.6216216216216
A_MP	287	37	N	0	0	37	22.2972972972973
A_MP	288	37	N	0	0	37	22.7837837837838
A_MP	289	37	N	0	0	37	21.5405405405405
A_MP	290	36	N	1	0	36	22.5555555555556
A_MP	291	36	N	1	0	36	21.9444444444444
A_MP	292	36	N	1	0	36	21.4444444444444
A_MP	293	36	N	1	0	27	22.4074074074074
A_MP	294	36	N	1	0	36	22.6666666666667
A_MP	295	36	N	1	0	36	22.3333333333333
A_MP	296	36	N	1	0	33	22.9393939393939
A_MP	297	37	N	0	0	30	23.4
A_MP	298	37	N	0	0	35	22.6571428571429
A_MP	299	37	N	0	0	37	21.6756756756757
A_MP	300	37	N	0	0	32	20.125
A_MP	301	36	N	1	0	35	20.5714285714286
A_MP	302	36	N	1	0	30	20.6666666666667
A_MP	303	36	N	1	0	36	18.4722222222222
A_MP	304	38	N	0	0	38	21.7631578947368
A_MP	305	38	N	0	0	37	23.2162162162162
A_MP	306	38	N	0	0	36	24.1666666666667
A_MP	307	38	N	0	0	37	23.1891891891892
A_MP	308	38	N	0	0	36	24.9166666666667
A_MP	309	37	N	1	0	30	23.7666666666667
A_MP	310	31	N	7	0	31	22
A_MP	311	35	N	3	0	34	20.6176470588235
A_MP	312	35	N	3	0	30	20.9333333333333
A_MP	313	39	N	0	0	37	19.5945945945946
A_MP	314	39	N	0	0	39	19.3846153846154
A_MP	315	38	N	1	0	32	18.96875
A_MP	316	39	N	0	0	39	30.1538461538462
A_MP	317	39	N	0	0	37	21.7567567567568
A_MP	318	39	N	0	0	31	19.1290322580645
A_MP	319	39	N	0	0	39	23.8461538461538
A_MP	320	39	N	0	0	38	23.5789473684211
A_MP	321	38	N	1	0	37	24.6756756756757
A_MP	322	37	N	2	0	37	24
A_MP	323	37	N	2	0	37	24.0540540540541
A_MP	324	39	N	0	0	38	21.8947368421053
A_MP	325	37	N	2	0	36	19.9444444444444
A_MP	326	39	N	0	0	38	22.8157894736842
A_MP	327	39	N	0	0	39	21.2564102564103
A_MP	328	39	N	0	0	38	24.6578947368421
A_MP	329	39	N	0	0	39	21.7692307692308
A_MP	330	39	N	0	0	38	23.4473684210526
A_MP	331	38	N	1	0	37	24.1081081081081
A_MP	332	39	N	0	0	38	24.3684210526316
A_MP	333	38	N	1	0	38	21.2894736842105
A_MP	334	38	N	1	0	38	21
A_MP	335	37	N	2	0	37	19.4864864864865
A_MP	336	36	N	3	0	36	19
A_MP	337	37	N	2	0	37	20.972972972973
A_MP	338	38	N	1	0	38	19.3421052631579
A_MP	339	37	N	2	0	35	18.3714285714286
A_MP	340	37	N	2	0	35	19.9714285714286
A_MP	341	39	N	0	0	39	19.7692307692308
A_MP	342	39	N	0	0	37	18.6216216216216
A_MP	343	38	N	1	0	30	20.1666666666667
A_MP	344	38	N	1	0	38	20.9473684210526
A_MP	345	39	N	0	0	30	19.8333333333333
A_MP	346	39	N	0	0	32	19.28125
A_MP	347	39	N	0	0	39	20.3589743589744
A_MP	348	38	N	1	0	30	18.7666666666667
A_MP	349	39	N	0	0	38	19.5263157894737
A_MP	350	38	N	1	0	38	20.6578947368421
A_MP	351	35	N	4	0	27	18.1851851851852
A_MP	352	38	N	1	0	36	18.3611111111111
A_MP	353	39	N	0	0	39	17.974358974359
A_MP	354	39	N	0	0	30	19.1666666666667
A_MP	355	39	N	0	0	38	20.8947368421053
A_MP	356	38	N	1	0	38	22.4736842105263
A_MP	357	39	N	0	0	38	21.1052631578947
A_MP	358	39	N	0	0	38	22.5
A_MP	359	38	N	1	0	38	24.4736842105263
A_MP	360	39	N	0	0	31	21.0645161290323
A_MP	361	39	N	0	0	31	19.6774193548387
A_MP	362	39	N	0	0	39	22.6410256410256
A_MP	363	39	N	0	0	38	21.3947368421053
A_MP	364	39	N	0	0	39	20.7435897435897
A_MP	365	39	N	0	0	39	19.4102564102564
A_MP	366	39	N	0	0	39	19.7692307692308
A_MP	367	39	N	0	0	39	18.7948717948718
A_MP	368	38	N	1	0	38	19.8157894736842
A_MP	369	37	N	2	0	37	20.027027027027
A_MP	370	37	N	2	0	37	19.7567567567568
A_MP	371	37	N	2	0	36	20.3055555555556
A_MP	372	37	N	2	0	36	22.9166666666667
A_MP	373	35	N	4	0	35	19.4857142857143
A_MP	374	37	N	2	0	36	18.8888888888889
A_MP	375	37	N	2	0	28	17.1428571428571
A_MP	376	37	N	2	0	37	16.0540540540541
A_MP	377	37	N	2	0	37	16.4594594594595
A_MP	378	37	N	2	0	37	16.5945945945946
A_MP	379	37	N	2	0	36	18.1944444444444
A_MP	380	37	N	2	0	34	16.8823529411765
A_MP	381	38	N	1	0	37	17.8378378378378
A_MP	382	37	N	2	0	37	20
A_MP	383	36	N	3	0	36	20.5833333333333
A_MP	384	37	N	2	0	36	18.0833333333333
A_MP	385	37	N	2	0	36	18.25
A_MP	386	38	N	1	0	37	18.6216216216216
A_MP	387	38	N	1	0	38	18.5789473684211
A_MP	388	37	N	2	0	37	20.0810810810811
A_MP	389	36	N	3	0	36	21.5555555555556
A_MP	390	36	N	3	0	35	22.6571428571429
A_MP	391	36	N	3	0	36	22.0555555555556
A_MP	392	37	N	2	0	36	22.2777777777778
A_MP	393	38	N	1	0	37	24.6756756756757
A_MP	394	38	N	1	0	37	30.972972972973
A_MP	395	38	N	1	0	38	23.2894736842105
A_MP	396	39	N	0	0	39	22.3333333333333
A_MP	397	39	N	0	0	39	21.1794871794872
A_MP	398	39	N	0	0	38	20.6315789473684
A_MP	399	39	N	0	0	32	20.5625
A_MP	400	39	N	0	0	37	20.1621621621622
A_MP	401	37	N	2	0	37	18.1891891891892
A_MP	402	39	N	0	0	37	19.7297297297297
A_MP	403	39	N	0	0	39	22.9230769230769
A_MP	404	39	N	0	0	39	24.0512820512821
A_MP	405	38	N	1	0	36	22.1388888888889
A_MP	406	38	N	1	0	37	20.7297297297297
A_MP	407	39	N	0	0	36	18.8888888888889
A_MP	408	38	N	1	0	32	18.96875
A_MP	409	39	N	0	0	30	18.8333333333333
A_MP	410	39	N	0	0	38	21.9210526315789
A_MP	411	39	N	0	0	31	19.5806451612903
A_MP	412	39	N	0	0	39	17.974358974359
A_MP	413	39	N	0	0	38	18.2631578947368
A_MP	414	39	N	0	0	31	19.6774193548387
A_MP	415	39	N	0	0	39	20.4871794871795
A_MP	416	39	N	0	0	39	20.5128205128205
A_MP	417	38	N	1	0	38	19.9736842105263
A_MP	418	38	N	1	0	38	19.9210526315789
A_MP	419	39	N	0	0	38	21.2894736842105
A_MP	420	38	N	1	0	27	21.5925925925926
A_MP	421	38	N	1	0	38	20.3947368421053
A_MP	422	39	N	0	0	39	20.3846153846154
A_MP	423	39	N	0	0	39	21.1538461538462
A_MP	424	39	N	0	0	39	20.7179487179487
A_MP	425	37	N	2	0	30	21.7666666666667
A_MP	426	37	N	2	0	30	21.5333333333333
A_MP	427	39	N	0	0	37	21.0540540540541
A_MP	428	39	N	0	0	38	20.6052631578947
A_MP	429	37	N	2	0	28	20.9285714285714
A_MP	430	37	N	2	0	36	21.3333333333333
A_MP	431	37	N	2	0	35	22.7142857142857
A_MP	432	37	N	2	0	26	23.3461538461538
A_MP	433	39	N	0	0	37	18.9459459459459
A_MP	434	39	N	0	0	37	18.3243243243243
A_MP	435	38	N	1	0	29	17.5172413793103
A_MP	436	38	N	1	0	37	17.8378378378378
A_MP	437	38	N	1	0	36	19.3333333333333
A_MP	438	36	N	3	0	28	17.5
A_MP	439	38	N	1	0	37	17.6216216216216
A_MP	440	34	N	5	0	30	18.1333333333333
A_MP	441	36	N	3	0	30	16.5333333333333
A_MP	442	38	N	1	0	36	20.8611111111111
A_MP	443	39	N	0	0	37	24.027027027027
A_MP	444	39	N	0	0	37	23.4054054054054
A_MP	445	39	N	0	0	37	20.3513513513514
A_MP	446	37	N	2	0	36	19.0277777777778
A_MP	447	39	N	0	0	31	20.0967741935484
A_MP	448	39	N	0	0	38	18.1052631578947
A_MP	449	39	N	0	0	39	18.025641025641
A_MP	450	37	N	2	0	30	20.9
A_MP	451	37	N	2	0	37	19.9459459459459
A_MP	452	37	N	2	0	36	20.3055555555556
A_MP	453	39	N	0	0	38	20.1315789473684
A_MP	454	39	N	0	0	39	19.4358974358974
A_MP	455	39	N	0	0	39	20.3076923076923
A_MP	456	39	N	0	0	30	23.2
A_MP	457	39	N	0	0	39	21
A_MP	458	38	N	1	0	37	19.8108108108108
A_MP	459	38	N	1	0	36	18.0555555555556
A_MP	460	38	N	1	0	36	18.4722222222222
A_MP	461	39	N	0	0	37	19.1081081081081
A_MP	462	37	N	2	0	36	19.1666666666667
A_MP	463	37	N	2	0	37	18.3783783783784
A_MP	464	38	N	1	0	37	18
A_MP	465	39	N	0	0	39	19.0512820512821
A_MP	466	39	N	0	0	39	18.4358974358974
A_MP	467	39	N	0	0	39	18.3333333333333
A_MP	468	38	N	1	0	38	18.7368421052632
A_MP	469	39	N	0	0	39	20.1538461538462
A_MP	470	35	N	4	0	35	23.3142857142857
A_MP	471	35	N	4	0	27	20.8888888888889
A_MP	472	39	N	0	0	37	19
A_MP	473	39	N	0	0	38	18.0526315789474
A_MP	474	38	N	1	0	37	17.8378378378378
A_MP	475	39	N	0	0	38	17.5526315789474
A_MP	476	39	N	0	0	39	16.9230769230769
A_MP	477	38	N	1	0	30	16.9666666666667
A_MP	478	38	N	1	0	30	21.4666666666667
A_MP	479	39	N	0	0	35	15.6
A_MP	480	39	N	0	0	38	15.2368421052632
A_MP	481	39	N	0	0	38	16.0526315789474
A_MP	482	39	N	0	0	39	18.1282051282051
A_MP	483	37	N	2	0	35	19.2857142857143
A_MP	484	38	N	1	0	38	19.6578947368421
A_MP	485	38	N	1	0	34	17.0294117647059
A_MP	486	39	N	0	0	28	16.5357142857143
A_MP	487	39	N	0	0	37	16.6216216216216
A_MP	488	37	N	2	0	36	17.2222222222222
A_MP	489	38	N	1	0	30	18.3666666666667
A_MP	490	39	N	0	0	37	18.3243243243243
A_MP	491	38	N	1	0	37	16.8918918918919
A_MP	492	38	N	1	0	30	18.1
A_MP	493	38	N	1	0	36	19.5277777777778
A_MP	494	37	N	2	0	37	20.7837837837838
A_MP	495	38	N	1	0	36	20.2222222222222
A_MP	496	38	N	1	0	37	18.7837837837838
A_MP	497	38	N	1	0	30	18.3666666666667
A_MP	498	39	N	0	0	31	18.4516129032258
A_MP	499	39	N	0	0	31	18.4838709677419
A_MP	500	39	N	0	0	39	18.6923076923077
A_MP	501	39	N	0	0	28	19.0714285714286
A_MP	502	39	N	0	0	37	18.972972972973
A_MP	503	39	N	0	0	37	18.7837837837838
A_MP	504	38	N	1	0	30	17.6333333333333
A_MP	505	37	N	2	0	37	18.6756756756757
A_MP	506	37	N	2	0	35	18.3142857142857
A_MP	507	37	N	2	0	30	17.6
A_MP	508	39	N	0	0	39	18.2564102564103
A_MP	509	37	N	2	0	37	19.8108108108108
A_MP	510	37	N	2	0	37	20.8918918918919
A_MP	511	39	N	0	0	39	20.6410256410256
A_MP	512	39	N	0	0	39	19.5128205128205
A_MP	513	39	N	0	0	39	18.5897435897436
A_MP	514	38	N	1	0	29	19.5862068965517
A_MP	515	39	N	0	0	38	20.4473684210526
A_MP	516	39	N	0	0	39	19.9230769230769
A_MP	517	39	N	0	0	39	20.9487179487179
A_MP	518	39	N	0	0	39	22.2820512820513
A_MP	519	39	N	0	0	31	23.4193548387097
A_MP	520	39	N	0	0	38	19.5
A_MP	521	39	N	0	0	32	17.4375
A_MP	522	39	N	0	0	31	18.741935483871
A_MP	523	39	N	0	0	38	19.0263157894737
A_MP	524	39	N	0	0	39	19.6923076923077
A_MP	525	39	N	0	0	39	20.7435897435897
A_MP	526	39	N	0	0	39	20.8461538461538
A_MP	527	36	N	3	0	35	21.3714285714286
A_MP	528	38	N	1	0	30	21.1333333333333
A_MP	529	39	N	0	0	39	23.7692307692308
A_MP	530	38	N	1	0	37	23.4864864864865
A_MP	531	38	N	1	0	38	22.4736842105263
A_MP	532	39	N	0	0	38	20.7368421052632
A_MP	533	39	N	0	0	39	19.6666666666667
A_MP	534	39	N	0	0	39	21.2564102564103
A_MP	535	39	N	0	0	39	23
A_MP	536	39	N	0	0	39	22.3846153846154
A_MP	537	39	N	0	0	39	21.5128205128205
A_MP	538	39	N	0	0	39	21.3076923076923
A_MP	539	39	N	0	0	39	21.1025641025641
A_MP	540	39	N	0	0	31	20.1935483870968
A_MP	541	39	N	0	0	31	19.741935483871
A_MP	542	39	N	0	0	36	23.6111111111111
A_MP	543	39	N	0	0	39	21.974358974359
A_MP	544	39	N	0	0	39	22.3589743589744
A_MP	545	39	N	0	0	39	21.3589743589744
A_MP	546	38	N	1	0	30	20.1
A_MP	547	38	N	1	0	38	20.3157894736842
A_MP	548	39	N	0	0	38	19.9736842105263
A_MP	549	39	N	0	0	39	19.8461538461538
A_MP	550	39	N	0	0	39	20.5641025641026
A_MP	551	39	N	0	0	39	21.2307692307692
A_MP	552	39	N	0	0	36	21.5833333333333
A_MP	553	39	N	0	0	38	21.4736842105263
A_MP	554	39	N	0	0	39	20.3589743589744
A_MP	555	39	N	0	0	29	17.2758620689655
A_MP	556	39	N	0	0	39	21.8205128205128
A_MP	557	39	N	0	0	39	20.1025641025641
A_MP	558	39	N	0	0	31	18.2903225806452
A_MP	559	39	N	0	0	37	22.2162162162162
A_MP	560	39	N	0	0	31	20.5161290322581
A_MP	561	38	N	1	0	29	21.551724137931
A_MP	562	38	N	1	0	37	20.2972972972973
A_MP	563	39	N	0	0	38	17.0263157894737
A_MP	564	37	N	2	0	35	17.9714285714286
A_MP	565	38	N	1	0	37	20.2432432432432
A_MP	566	37	N	2	0	37	21.5135135135135
A_MP	567	37	N	2	0	36	20.8888888888889
A_MP	568	38	N	1	0	38	20.3684210526316
A_MP	569	38	N	1	0	38	20.5
A_MP	570	38	N	1	0	31	20.6774193548387
A_MP	571	38	N	1	0	37	20.7297297297297
A_MP	572	38	N	1	0	37	18.8648648648649
A_MP	573	38	N	1	0	30	19.3333333333333
A_MP	574	39	N	0	0	31	19.258064516129
A_MP	575	39	N	0	0	39	19.7179487179487
A_MP	576	39	N	0	0	38	21.6578947368421
A_MP	577	38	N	2	0	37	22.4054054054054
A_MP	578	37	N	3	0	36	23.3888888888889
A_MP	579	39	N	1	0	38	22.0789473684211
A_MP	580	39	N	1	0	38	22.8421052631579
A_MP	581	40	N	0	0	40	22.125
A_MP	582	40	N	0	0	39	22.4358974358974
A_MP	583	40	N	0	0	38	24.8684210526316
A_MP	584	40	N	0	0	38	23.5789473684211
A_MP	585	38	N	2	0	27	18.962962962963
A_MP	586	40	N	0	0	38	16.7368421052632
A_MP	587	39	N	1	0	39	17.1794871794872
A_MP	588	37	N	3	0	37	17.6486486486486
A_MP	589	40	N	0	0	40	18.8
A_MP	590	39	N	1	0	39	20.8205128205128
A_MP	591	40	N	0	0	31	22.4193548387097
A_MP	592	40	N	0	0	40	22.775
A_MP	593	40	N	0	0	38	18.8157894736842
A_MP	594	39	N	1	0	37	18.5675675675676
A_MP	595	40	N	0	0	40	19.75
A_MP	596	40	N	0	0	40	18.5
A_MP	597	40	N	0	0	40	20.275
A_MP	598	40	N	0	0	39	19.1538461538462
A_MP	599	38	N	2	0	36	17.25
A_MP	600	40	N	0	0	34	17.5882352941176
A_MP	601	39	N	1	0	39	18.3076923076923
A_MP	602	38	N	2	0	38	18.0789473684211
A_MP	603	39	N	1	0	38	19.1052631578947
A_MP	604	39	N	1	0	39	19.6923076923077
A_MP	605	38	N	2	0	37	18.4864864864865
A_MP	606	40	N	0	0	40	19.125
A_MP	607	40	N	0	0	40	19.65
A_MP	608	39	N	1	0	35	20.4285714285714
A_MP	609	38	N	2	0	37	23.2432432432432
A_MP	610	37	N	3	0	35	21.1142857142857
A_MP	611	38	N	2	0	38	20.0526315789474
A_MP	612	38	N	2	0	36	19.6388888888889
A_MP	613	38	N	2	0	31	19.741935483871
A_MP	614	38	N	2	0	38	16.5526315789474
A_MP	615	39	N	1	0	39	17.7179487179487
A_MP	616	40	N	0	0	39	19.2051282051282
A_MP	617	39	N	1	0	38	22.7631578947368
A_MP	618	38	N	2	0	37	20
A_MP	619	37	N	3	0	36	18.8611111111111
A_MP	620	39	N	1	0	32	19.96875
A_MP	621	40	N	0	0	34	20.1764705882353
A_MP	622	40	N	0	0	35	20.2571428571429
A_MP	623	40	N	0	0	38	20.2368421052632
A_MP	624	40	N	0	0	40	18.425
A_MP	625	40	N	0	0	32	19.6875
A_MP	626	40	N	0	0	40	19.7
A_MP	627	40	N	0	0	32	18.59375
A_MP	628	40	N	0	0	39	18.1025641025641
A_MP	629	39	N	1	0	38	18.6578947368421
A_MP	630	38	N	2	0	37	18.6216216216216
A_MP	631	38	N	2	0	38	19
A_MP	632	39	N	1	0	38	20.6315789473684
A_MP	633	40	N	0	0	39	21.9230769230769
A_MP	634	40	N	0	0	40	22.35
A_MP	635	40	N	0	0	39	23.9487179487179
A_MP	636	40	N	0	0	40	22.575
A_MP	637	40	N	0	0	40	23.075
A_MP	638	39	N	1	0	37	24.6486486486486
A_MP	639	39	N	1	0	31	21.3870967741935
A_MP	640	39	N	1	0	39	21.1282051282051
A_MP	641	39	N	1	0	38	21.6052631578947
A_MP	642	39	N	1	0	32	20.53125
A_MP	643	38	N	2	0	37	21.972972972973
A_MP	644	38	N	2	0	38	22.2105263157895
A_MP	645	38	N	2	0	38	22.3684210526316
A_MP	646	40	N	0	0	40	22.475
A_MP	647	40	N	0	0	38	21.9736842105263
A_MP	648	39	N	1	0	39	22.025641025641
A_MP	649	40	N	0	0	40	21.125
A_MP	650	40	N	0	0	40	20.975
A_MP	651	39	N	1	0	38	21.5526315789474
A_MP	652	39	N	1	0	33	22.7575757575758
A_MP	653	40	N	0	0	40	22.65
A_MP	654	38	N	2	0	31	22.4193548387097
A_MP	655	38	N	2	0	37	20.1891891891892
A_MP	656	39	N	1	0	37	20
A_MP	657	39	N	1	0	38	20.6315789473684
A_MP	658	37	N	3	0	35	20.2857142857143
A_MP	659	39	N	1	0	38	19.7105263157895
A_MP	660	37	N	3	0	29	20.6896551724138
A_MP	661	40	N	0	0	39	22.4615384615385
A_MP	662	40	N	0	0	38	21.2894736842105
A_MP	663	40	N	0	0	39	21.5641025641026
A_MP	664	40	N	0	0	40	22.25
A_MP	665	40	N	0	0	40	21.75
A_MP	666	40	N	0	0	40	22.2
A_MP	667	38	N	2	0	38	22.5789473684211
A_MP	668	40	N	0	0	39	20.4102564102564
A_MP	669	40	N	0	0	35	18.6
A_MP	670	40	N	0	0	39	18.2820512820513
A_MP	671	40	N	0	0	38	17.9736842105263
A_MP	672	39	N	1	0	31	17.4193548387097
A_MP	673	38	N	2	0	38	21.5263157894737
A_MP	674	38	N	2	0	37	21.8378378378378
A_MP	675	40	N	0	0	39	19.6666666666667
A_MP	676	40	N	0	0	40	18.625
A_MP	677	38	N	2	0	37	20.4324324324324
A_MP	678	39	N	1	0	32	22.71875
A_MP	679	40	N	0	0	33	23.1212121212121
A_MP	680	39	N	1	0	37	21.2702702702703
A_MP	681	40	N	0	0	39	23.8717948717949
A_MP	682	40	N	0	0	38	23.2368421052632
A_MP	683	40	N	0	0	37	22.2972972972973
A_MP	684	40	N	0	0	40	22.075
A_MP	685	40	N	0	0	38	22.4473684210526
A_MP	686	38	N	2	0	36	21.0833333333333
A_MP	687	40	N	0	0	37	20.8378378378378
A_MP	688	39	N	1	0	39	20.0512820512821
A_MP	689	39	N	1	0	39	19.1025641025641
A_MP	690	40	N	0	0	40	21.7
A_MP	691	40	N	0	0	40	35.15
A_MP	692	40	N	0	0	40	30.5
A_MP	693	39	N	1	0	39	23.7179487179487
A_MP	694	40	N	0	0	40	23.725
A_MP	695	40	N	0	0	40	24.25
A_MP	696	40	N	0	0	33	24.030303030303
A_MP	697	40	N	0	0	38	22.3684210526316
A_MP	698	38	N	2	0	35	22.3714285714286
A_MP	699	40	N	0	0	39	23.1794871794872
A_MP	700	40	N	0	0	40	24.225
A_MP	701	36	N	4	0	36	24.2222222222222
A_MP	702	39	N	1	0	37	23.7837837837838
A_MP	703	39	N	1	0	39	23.6153846153846
A_MP	704	36	N	4	0	32	23.75
A_MP	705	38	N	2	0	37	21.8918918918919
A_MP	706	39	N	1	0	37	22.7297297297297
A_MP	707	38	N	2	0	36	23.7777777777778
A_MP	708	38	N	2	0	36	22.4166666666667
A_MP	709	39	N	1	0	37	22.4594594594595
A_MP	710	39	N	1	0	37	23.8108108108108
A_MP	711	40	N	0	0	28	24.9285714285714
A_MP	712	39	N	1	0	38	23.8947368421053
A_MP	713	40	N	0	0	37	22.4594594594595
A_MP	714	40	N	0	0	39	20.9230769230769
A_MP	715	39	N	1	0	31	19.0967741935484
A_MP	716	38	N	2	0	37	19.972972972973
A_MP	717	40	N	0	0	40	19.825
A_MP	718	40	N	0	0	39	19.6153846153846
A_MP	719	39	N	1	0	38	20.4210526315789
A_MP	720	39	N	1	0	31	20.0967741935484
A_MP	721	40	N	0	0	39	21.7435897435897
A_MP	722	37	N	3	0	36	20.4444444444444
A_MP	723	38	N	2	0	38	19.1578947368421
A_MP	724	39	N	1	0	39	18.7435897435897
A_MP	725	40	N	0	0	39	20.4615384615385
A_MP	726	40	N	0	0	32	21.3125
A_MP	727	40	N	0	0	38	21
A_MP	728	40	N	0	0	40	18.775
A_MP	729	40	N	0	0	40	18.675
A_MP	730	40	N	0	0	39	19.7179487179487
A_MP	731	40	N	0	0	37	20.4594594594595
A_MP	732	38	N	2	0	35	21.2571428571429
A_MP	733	39	N	1	0	38	19.1842105263158
A_MP	734	37	N	3	0	37	18.3513513513514
A_MP	735	34	N	6	0	31	18.4838709677419
A_MP	736	38	N	2	0	37	18.9459459459459
A_MP	737	36	N	4	0	35	18.6571428571429
A_MP	738	40	N	0	0	38	19.3947368421053
A_MP	739	40	N	0	0	38	21.1315789473684
A_MP	740	39	N	1	0	39	19.7435897435897
A_MP	741	39	N	1	0	39	19.2051282051282
A_MP	742	39	N	1	0	38	21
A_MP	743	40	N	0	0	39	22.2051282051282
A_MP	744	40	N	0	0	40	23.725
A_MP	745	38	N	2	0	38	22.5789473684211
A_MP	746	37	N	3	0	37	20.5945945945946
A_MP	747	38	N	2	0	31	19.4838709677419
A_MP	748	39	N	1	0	35	19.6857142857143
A_MP	749	38	N	2	0	38	17.5
A_MP	750	39	N	1	0	34	18.0294117647059
A_MP	751	39	N	1	0	38	19.1315789473684
A_MP	752	39	N	1	0	36	20.3611111111111
A_MP	753	38	N	2	0	37	22.7027027027027
A_MP	754	37	N	3	0	37	22.8108108108108
A_MP	755	39	N	1	0	37	22.4864864864865
A_MP	756	40	N	0	0	30	24.1333333333333
A_MP	757	40	N	0	0	38	22.4736842105263
A_MP	758	39	N	1	0	39	21.7692307692308
A_MP	759	40	N	0	0	40	22.575
A_MP	760	34	N	6	0	33	23
A_MP	761	40	N	0	0	40	22.875
A_MP	762	39	N	1	0	39	20.1538461538462
A_MP	763	38	N	2	0	35	19.2571428571429
A_MP	764	40	N	0	0	37	18.6756756756757
A_MP	765	39	N	1	0	38	23.0263157894737
A_MP	766	37	N	3	0	28	23.6428571428571
A_MP	767	39	N	1	0	37	22.1351351351351
A_MP	768	40	N	0	0	39	22.3076923076923
A_MP	769	40	N	0	0	32	22.34375
A_MP	770	39	N	1	0	32	20.59375
A_MP	771	39	N	1	0	38	23.1315789473684
A_MP	772	39	N	1	0	39	23.2307692307692
A_MP	773	38	N	2	0	38	18.1842105263158
A_MP	774	38	N	2	0	36	20.0833333333333
A_MP	775	38	N	2	0	33	18
A_MP	776	39	N	1	0	37	17.7837837837838
A_MP	777	39	N	1	0	37	17.4324324324324
A_MP	778	40	N	0	0	34	16.9411764705882
A_MP	779	40	N	0	0	39	19.2051282051282
A_MP	780	40	N	0	0	39	20.2307692307692
A_MP	781	40	N	0	0	33	22.0606060606061
A_MP	782	40	N	0	0	40	20.9
A_MP	783	40	N	0	0	40	21.95
A_MP	784	40	N	0	0	40	22.625
A_MP	785	40	N	0	0	37	19.8918918918919
A_MP	786	40	N	0	0	39	19.2564102564103
A_MP	787	40	N	0	0	40	18.775
A_MP	788	38	N	2	0	37	17.5135135135135
A_MP	789	40	N	0	0	39	19.5384615384615
A_MP	790	40	N	0	0	40	19.3
A_MP	791	40	N	0	0	40	19.475
A_MP	792	39	N	1	0	39	21.8205128205128
A_MP	793	40	N	0	0	40	22.6
A_MP	794	40	N	0	0	38	23
A_MP	795	40	N	0	0	37	23
A_MP	796	38	N	2	0	36	20.4166666666667
A_MP	797	37	N	3	0	34	21.0588235294118
A_MP	798	38	N	2	0	38	19.2105263157895
A_MP	799	39	N	1	0	36	19
A_MP	800	39	N	1	0	30	18.5666666666667
A_MP	801	39	N	1	0	36	18.9166666666667
A_MP	802	39	N	1	0	38	20.9736842105263
A_MP	803	40	N	0	0	40	20.9
A_MP	804	40	N	0	0	40	20.525
A_MP	805	40	N	0	0	39	20.4358974358974
A_MP	806	40	N	0	0	40	20.25
A_MP	807	40	N	0	0	40	20.125
A_MP	808	40	N	0	0	39	20.0512820512821
A_MP	809	40	N	0	0	40	19.625
A_MP	810	39	N	1	0	38	21.2368421052632
A_MP	811	40	N	0	0	40	20.225
A_MP	812	40	N	0	0	40	20.7
A_MP	813	40	N	0	0	40	21.975
A_MP	814	39	N	1	0	39	22.2307692307692
A_MP	815	39	N	1	0	31	21.2258064516129
A_MP	816	40	N	0	0	32	21.1875
A_MP	817	40	N	0	0	38	21.3947368421053
A_MP	818	40	N	0	0	40	21.675
A_MP	819	39	N	1	0	39	22.2564102564103
A_MP	820	40	N	0	0	39	22.2051282051282
A_MP	821	40	N	0	0	40	21.3
A_MP	822	40	N	0	0	40	21.35
A_MP	823	40	N	0	0	39	19.4871794871795
A_MP	824	40	N	0	0	40	19.4
A_MP	825	21	N	19	0	20	20.8
A_MP	826	30	N	10	0	30	21.0333333333333
A_MP	827	38	N	2	0	38	23.5789473684211
A_MP	828	40	N	0	0	39	25.2307692307692
A_MP	829	40	N	0	0	40	26.75
A_MP	830	40	N	0	0	39	26.1538461538462
A_MP	831	40	N	0	0	36	24.4166666666667
A_MP	832	40	N	0	0	36	24.6388888888889
A_MP	833	40	N	0	0	40	23.475
A_MP	834	40	N	0	0	39	22.025641025641
A_MP	835	40	N	0	0	39	21.974358974359
A_MP	836	39	N	1	0	39	23.0769230769231
A_MP	837	39	N	1	0	39	23.1538461538462
A_MP	838	39	N	1	0	38	23.1842105263158
A_MP	839	40	N	0	0	32	20.4375
A_MP	840	40	N	0	0	39	20.8974358974359
A_MP	841	39	N	1	0	31	21.6129032258065
A_MP	842	39	N	1	0	37	24.2702702702703
A_MP	843	39	N	1	0	39	23.3589743589744
A_MP	844	40	N	0	0	39	24.1794871794872
A_MP	845	40	N	0	0	40	23.65
A_MP	846	40	N	0	0	40	21.775
A_MP	847	39	N	1	0	32	23.59375
A_MP	848	39	N	1	0	38	23.9736842105263
A_MP	849	37	N	3	0	28	18.4285714285714
A_MP	850	39	N	1	0	38	19.4210526315789
A_MP	851	38	N	2	0	38	17.9473684210526
A_MP	852	38	N	2	0	37	18.972972972973
A_MP	853	38	N	2	0	29	23.448275862069
A_MP	854	38	N	2	0	37	22.4864864864865
A_MP	855	39	N	1	0	39	22.0512820512821
A_MP	856	39	N	1	0	38	21.5263157894737
A_MP	857	40	N	0	0	31	23.9677419354839
A_MP	858	40	N	0	0	40	22.925
A_MP	859	40	N	0	0	40	24.65
A_MP	860	40	N	0	0	34	21.6470588235294
A_MP	861	40	N	0	0	40	22.45
A_MP	862	40	N	0	0	34	25.3529411764706
A_MP	863	40	N	0	0	35	26.0857142857143
A_MP	864	38	N	2	0	38	25.4736842105263
A_MP	865	38	N	2	0	33	24.0909090909091
A_MP	866	35	N	5	0	34	21.1764705882353
A_MP	867	39	N	1	0	39	21.0769230769231
A_MP	868	37	N	3	0	37	21.6216216216216
A_MP	869	34	N	6	0	34	20.0588235294118
A_MP	870	34	N	6	0	34	20.4705882352941
A_MP	871	36	N	4	0	35	18.7428571428571
A_MP	872	36	N	4	0	35	18.5142857142857
A_MP	873	40	N	0	0	38	17.2894736842105
A_MP	874	40	N	0	0	32	17.84375
A_MP	875	40	N	0	0	38	17.9736842105263
A_MP	876	39	N	1	0	39	19.4358974358974
A_MP	877	38	N	2	0	38	19.5526315789474
A_MP	878	39	N	1	0	38	20.5526315789474
A_MP	879	39	N	1	0	38	21.0526315789474
A_MP	880	38	N	2	0	38	18.7368421052632
A_MP	881	37	N	3	0	35	17.4285714285714
A_MP	882	38	N	2	0	38	17.1052631578947
A_MP	883	38	N	2	0	37	16.2702702702703
A_MP	884	40	N	0	0	40	17.2
A_MP	885	40	N	0	0	40	18.85
A_MP	886	40	N	0	0	39	20.8461538461538
A_MP	887	37	N	3	0	37	20.4324324324324
A_MP	888	39	N	1	0	38	18.6578947368421
A_MP	889	39	N	1	0	36	16.4722222222222
A_MP	890	39	N	1	0	36	18
A_MP	891	37	N	3	0	36	16.6388888888889
A_MP	892	38	N	2	0	31	15.8064516129032
A_MP	893	38	N	2	0	37	20.4324324324324
A_MP	894	39	N	1	0	38	19.9473684210526
A_MP	895	38	N	2	0	36	16.8333333333333
A_MP	896	40	N	0	0	39	18.6153846153846
A_MP	897	38	N	2	0	37	18.2432432432432
A_MP	898	39	N	1	0	36	18.6388888888889
A_MP	899	39	N	1	0	39	19.1025641025641
A_MP	900	39	N	1	0	39	22.3333333333333
A_MP	901	40	N	0	0	32	18.4375
A_MP	902	40	N	0	0	39	18.8461538461538
A_MP	903	40	N	0	0	40	19.1
A_MP	904	40	N	0	0	39	19.1538461538462
A_MP	905	39	N	1	0	37	18.3783783783784
A_MP	906	35	N	5	0	34	16.8235294117647
A_MP	907	40	N	0	0	40	16.725
A_MP	908	40	N	0	0	40	15.75
A_MP	909	40	N	0	0	40	15.45
A_MP	910	40	N	0	0	40	18.65
A_MP	911	40	N	0	0	40	17.75
A_MP	912	40	N	0	0	38	19.5526315789474
A_MP	913	40	N	0	0	39	19.9487179487179
A_MP	914	40	N	0	0	40	19.9
A_MP	915	40	N	0	0	40	20.725
A_MP	916	39	N	1	0	38	21.5526315789474
A_MP	917	38	N	2	0	37	21.6216216216216
A_MP	918	39	N	1	0	33	18.7878787878788
A_MP	919	40	N	0	0	36	19.5833333333333
A_MP	920	40	N	0	0	32	17.96875
A_MP	921	39	N	1	0	36	19.5833333333333
A_MP	922	40	N	0	0	39	18.7179487179487
A_MP	923	40	N	0	0	40	19.125
A_MP	924	40	N	0	0	39	19.5128205128205
A_MP	925	39	N	1	0	30	19.7
A_MP	926	40	N	0	0	39	20.3589743589744
A_MP	927	40	N	0	0	40	19.575
A_MP	928	40	N	0	0	39	19.0512820512821
A_MP	929	40	N	0	0	40	19.525
A_MP	930	38	N	2	0	38	19.7105263157895
A_MP	931	40	N	0	0	40	20.175
A_MP	932	39	N	1	0	39	19.6410256410256
A_MP	933	37	N	3	0	36	19.0833333333333
A_MP	934	37	N	3	0	35	20.3428571428571
A_MP	935	40	N	0	0	40	20.175
A_MP	936	40	N	0	0	40	22.975
A_MP	937	38	N	2	0	35	25.1714285714286
A_MP	938	39	N	1	0	38	24.3684210526316
A_MP	939	39	N	1	0	37	24.1081081081081
A_MP	940	39	N	1	0	39	24.7692307692308
A_MP	941	39	N	1	0	39	23.6923076923077
A_MP	942	39	N	1	0	39	23.6923076923077
A_MP	943	40	N	0	0	40	23.65
A_MP	944	40	N	0	0	38	22.4473684210526
A_MP	945	40	N	0	0	28	22.2857142857143
A_MP	946	40	N	0	0	37	22
A_MP	947	40	N	0	0	38	22.0789473684211
A_MP	948	40	N	0	0	39	22.1794871794872
A_MP	949	40	N	0	0	40	20.775
A_MP	950	40	N	0	0	39	19.8461538461538
A_MP	951	40	N	0	0	40	20.225
A_MP	952	38	N	2	0	31	20.0645161290323
A_MP	953	38	N	2	0	30	17.4
A_MP	954	37	N	3	0	32	18.1875
A_MP	955	37	N	3	0	35	16.7714285714286
A_MP	956	37	N	3	0	34	18.3529411764706
A_MP	957	36	N	4	0	34	17.8529411764706
A_MP	958	35	N	5	0	34	19.0294117647059
A_MP	959	38	N	2	0	36	19.6388888888889
A_MP	960	39	N	1	0	39	20
A_MP	961	40	N	0	0	38	21.7368421052632
A_MP	962	40	N	0	0	38	21.4736842105263
A_MP	963	40	N	0	0	39	20.1282051282051
A_MP	964	40	N	0	0	40	20.35
A_MP	965	40	N	0	0	39	19.1282051282051
A_MP	966	40	N	0	0	30	18.6333333333333
A_MP	967	40	N	0	0	40	18
A_MP	968	40	N	0	0	40	17.975
A_MP	969	40	N	0	0	40	18.675
A_MP	970	38	N	1	0	38	19.0789473684211
A_MP	971	38	N	1	0	36	18.2222222222222
A_MP	972	38	N	1	0	36	17.75
A_MP	973	36	N	2	0	31	17.4193548387097
A_MP	974	38	N	0	0	30	19.2666666666667
A_MP	975	37	N	1	0	35	18.0571428571429
A_MP	976	36	N	0	0	26	18.7692307692308
A_MP	977	35	N	0	0	35	17.3428571428571
A_MP	978	34	N	1	0	34	17.0588235294118
A_MP	979	34	N	0	0	34	16.7352941176471
A_MP	980	33	N	0	0	33	16.0909090909091
A_MP	981	33	N	0	0	33	16.7272727272727
A_MP	982	32	N	0	0	32	19.28125
