Reference_Name	Position	Coverage Depth	Consensus	Deletions	Ambiguous	Consensus_Count	Consensus_Average_Quality
A_NA_N1	1	10	N	0	0	10	23.2
A_NA_N1	2	10	N	0	0	10	23.8
A_NA_N1	3	10	N	0	0	10	22.9
A_NA_N1	4	11	N	0	0	11	20.3636363636364
A_NA_N1	5	11	N	0	0	10	19.6
A_NA_N1	6	11	N	0	0	11	19.4545454545455
A_NA_N1	7	9	N	2	0	9	19.4444444444444
A_NA_N1	8	10	N	1	0	10	17.5
A_NA_N1	9	10	N	1	0	10	15.4
A_NA_N1	10	11	N	0	0	11	16.1818181818182
A_NA_N1	11	11	N	0	0	11	20.0909090909091
A_NA_N1	12	10	N	1	0	9	21.4444444444444
A_NA_N1	13	11	N	0	0	11	20
A_NA_N1	14	10	N	1	0	10	17.7
A_NA_N1	15	10	N	1	0	10	20.6
A_NA_N1	16	10	N	1	0	10	22.4
A_NA_N1	17	10	N	1	0	10	22.5
A_NA_N1	18	10	N	1	0	10	24
A_NA_N1	19	10	N	1	0	10	23.9
A_NA_N1	20	10	N	1	0	10	26.7
A_NA_N1	21	10	N	1	0	10	26.8
A_NA_N1	22	11	N	0	0	9	25.6666666666667
A_NA_N1	23	11	N	0	0	9	18.4444444444444
A_NA_N1	24	11	N	0	0	11	17.8181818181818
A_NA_N1	25	11	N	0	0	11	16.3636363636364
A_NA_N1	26	11	N	0	0	11	16.8181818181818
A_NA_N1	27	11	N	0	0	11	18
A_NA_N1	28	11	N	0	0	11	17.1818181818182
A_NA_N1	29	11	N	0	0	10	18.1
A_NA_N1	30	11	N	0	0	11	19.5454545454545
A_NA_N1	31	11	N	0	0	11	17
A_NA_N1	32	10	N	1	0	9	20.4444444444444
A_NA_N1	33	10	N	1	0	10	18.5
A_NA_N1	34	11	N	0	0	10	19.8
A_NA_N1	35	11	N	0	0	11	21.7272727272727
A_NA_N1	36	11	N	0	0	11	19.3636363636364
A_NA_N1	37	11	N	0	0	7	21
A_NA_N1	38	10	N	1	0	10	18.9
A_NA_N1	39	10	N	1	0	6	20.3333333333333
A_NA_N1	40	11	N	0	0	10	19.7
A_NA_N1	41	11	N	0	0	11	18.4545454545455
A_NA_N1	42	11	N	0	0	11	20.6363636363636
A_NA_N1	43	11	N	0	0	10	23.6
A_NA_N1	44	11	N	0	0	10	23.9
A_NA_N1	45	11	N	0	0	11	21.7272727272727
A_NA_N1	46	11	N	0	0	11	22
A_NA_N1	47	11	N	0	0	11	22.6363636363636
A_NA_N1	48	11	N	0	0	10	22.5
A_NA_N1	49	10	N	1	0	10	21.2
A_NA_N1	50	10	N	1	0	10	22.5
A_NA_N1	51	10	N	1	0	10	24.1
A_NA_N1	52	10	N	1	0	9	23.7777777777778
A_NA_N1	53	11	N	0	0	10	23.9
A_NA_N1	54	11	N	0	0	11	24.9090909090909
A_NA_N1	55	11	N	0	0	11	26.5454545454545
A_NA_N1	56	11	N	0	0	10	26.3
A_NA_N1	57	10	N	1	0	8	25.25
A_NA_N1	58	11	N	0	0	10	20.6
A_NA_N1	59	11	N	0	0	11	22
A_NA_N1	60	11	N	0	0	11	21.4545454545455
A_NA_N1	61	11	N	0	0	11	23.6363636363636
A_NA_N1	62	11	N	0	0	11	21.7272727272727
A_NA_N1	63	11	N	0	0	11	19.2727272727273
A_NA_N1	64	11	N	0	0	10	17
A_NA_N1	65	11	N	0	0	10	15.5
A_NA_N1	66	11	N	0	0	11	15.5454545454545
A_NA_N1	67	11	N	0	0	11	17.6363636363636
A_NA_N1	68	11	N	0	0	11	17.7272727272727
A_NA_N1	69	10	N	1	0	10	21.2
A_NA_N1	70	11	N	0	0	9	17.3333333333333
A_NA_N1	71	11	N	0	0	10	20.7
A_NA_N1	72	11	N	0	0	8	26.125
A_NA_N1	73	11	N	0	0	10	20.3
A_NA_N1	74	11	N	0	0	11	18.3636363636364
A_NA_N1	75	11	N	0	0	10	19.8
A_NA_N1	76	11	N	0	0	10	17.5
A_NA_N1	77	11	N	0	0	11	17.6363636363636
A_NA_N1	78	11	N	0	0	11	17.9090909090909
A_NA_N1	79	10	N	1	0	10	18.3
A_NA_N1	80	10	N	1	0	9	20.3333333333333
A_NA_N1	81	10	N	1	0	10	18.2
A_NA_N1	82	11	N	0	0	11	19.9090909090909
A_NA_N1	83	11	N	0	0	11	20.0909090909091
A_NA_N1	84	11	N	0	0	11	21.2727272727273
A_NA_N1	85	11	N	0	0	11	21.3636363636364
A_NA_N1	86	11	N	0	0	11	23.2727272727273
A_NA_N1	87	11	N	0	0	11	24.9090909090909
A_NA_N1	88	11	N	0	0	11	23.4545454545455
A_NA_N1	89	10	N	1	0	10	22.1
A_NA_N1	90	10	N	1	0	9	26.3333333333333
A_NA_N1	91	11	N	0	0	8	25.375
A_NA_N1	92	11	N	0	0	11	22.1818181818182
A_NA_N1	93	11	N	0	0	11	18.9090909090909
A_NA_N1	94	11	N	0	0	11	22.3636363636364
A_NA_N1	95	11	N	0	0	10	22.8
A_NA_N1	96	11	N	0	0	11	23.2727272727273
A_NA_N1	97	11	N	0	0	10	22
A_NA_N1	98	11	N	0	0	9	19.4444444444444
A_NA_N1	99	11	N	0	0	10	18.9
A_NA_N1	100	11	N	0	0	10	18.5
A_NA_N1	101	11	N	0	0	11	20.1818181818182
A_NA_N1	102	11	N	0	0	11	21.8181818181818
A_NA_N1	103	11	N	0	0	11	20.2727272727273
A_NA_N1	104	11	N	0	0	11	18.4545454545455
A_NA_N1	105	11	N	0	0	11	18
A_NA_N1	106	11	N	0	0	10	18.2
A_NA_N1	107	13	N	0	0	13	19.3076923076923
A_NA_N1	108	13	N	0	0	13	19.6923076923077
A_NA_N1	109	13	N	0	0	12	19.25
A_NA_N1	110	13	N	0	0	12	20.0833333333333
A_NA_N1	111	13	N	0	0	13	20
A_NA_N1	112	13	N	0	0	13	21.8461538461538
A_NA_N1	113	13	N	0	0	13	23
A_NA_N1	114	13	N	0	0	12	25.6666666666667
A_NA_N1	115	13	N	0	0	12	24.3333333333333
A_NA_N1	116	13	N	0	0	13	18.8461538461538
A_NA_N1	117	13	N	0	0	13	17.0769230769231
A_NA_N1	118	13	N	0	0	13	16.4615384615385
A_NA_N1	119	13	N	0	0	13	17.0769230769231
A_NA_N1	120	13	N	0	0	13	18.4615384615385
A_NA_N1	121	11	N	2	0	11	20.0909090909091
A_NA_N1	122	13	N	0	0	13	18.3076923076923
A_NA_N1	123	13	N	0	0	13	19.3076923076923
A_NA_N1	124	13	N	0	0	13	20.1538461538462
A_NA_N1	125	13	N	0	0	13	20.5384615384615
A_NA_N1	126	13	N	0	0	13	21.0769230769231
A_NA_N1	127	13	N	0	0	13	22
A_NA_N1	128	11	N	2	0	10	21.7
A_NA_N1	129	12	N	1	0	11	22.1818181818182
A_NA_N1	130	13	N	0	0	12	20.1666666666667
A_NA_N1	131	12	N	1	0	11	18.2727272727273
A_NA_N1	132	13	N	0	0	11	20.6363636363636
A_NA_N1	133	13	N	0	0	13	24.0769230769231
A_NA_N1	134	13	N	0	0	13	24.0769230769231
A_NA_N1	135	13	N	0	0	13	25.6923076923077
A_NA_N1	136	13	N	0	0	13	25.3846153846154
A_NA_N1	137	13	N	0	0	12	24.3333333333333
A_NA_N1	138	13	N	0	0	12	22.8333333333333
A_NA_N1	139	13	N	0	0	11	23.2727272727273
A_NA_N1	140	12	N	1	0	11	21.1818181818182
A_NA_N1	141	13	N	0	0	13	20.3076923076923
A_NA_N1	142	13	N	0	0	12	22.4166666666667
A_NA_N1	143	13	N	0	0	13	22.0769230769231
A_NA_N1	144	13	N	0	0	13	22.3846153846154
A_NA_N1	145	12	N	1	0	12	24.9166666666667
A_NA_N1	146	12	N	1	0	12	23.75
A_NA_N1	147	13	N	0	0	12	23.3333333333333
A_NA_N1	148	13	N	0	0	12	24.8333333333333
A_NA_N1	149	13	N	0	0	12	24.9166666666667
A_NA_N1	150	13	N	0	0	12	24.1666666666667
A_NA_N1	151	13	N	0	0	13	23.4615384615385
A_NA_N1	152	13	N	0	0	13	24
A_NA_N1	153	13	N	0	0	13	21.4615384615385
A_NA_N1	154	13	N	0	0	13	20.5384615384615
A_NA_N1	155	13	N	0	0	13	20.6923076923077
A_NA_N1	156	13	N	0	0	13	17.6923076923077
A_NA_N1	157	13	N	0	0	13	16.2307692307692
A_NA_N1	158	13	N	0	0	12	16.75
A_NA_N1	159	13	N	0	0	12	19.3333333333333
A_NA_N1	160	13	N	0	0	11	17.3636363636364
A_NA_N1	161	11	N	2	0	11	17.2727272727273
A_NA_N1	162	12	N	1	0	10	20.1
A_NA_N1	163	12	N	1	0	10	21
A_NA_N1	164	12	N	1	0	12	20.0833333333333
A_NA_N1	165	13	N	0	0	10	21.1
A_NA_N1	166	13	N	0	0	11	19.8181818181818
A_NA_N1	167	13	N	0	0	13	19.8461538461538
A_NA_N1	168	13	N	0	0	10	20.8
A_NA_N1	169	13	N	0	0	12	19.4166666666667
A_NA_N1	170	13	N	0	0	13	16.8461538461538
A_NA_N1	171	13	N	0	0	13	17.8461538461538
A_NA_N1	172	13	N	0	0	13	19.4615384615385
A_NA_N1	173	13	N	0	0	12	20.5833333333333
A_NA_N1	174	13	N	0	0	13	18.8461538461538
A_NA_N1	175	13	N	0	0	13	18.3076923076923
A_NA_N1	176	13	N	0	0	12	17.5833333333333
A_NA_N1	177	13	N	0	0	13	18.3846153846154
A_NA_N1	178	13	N	0	0	13	17.6153846153846
A_NA_N1	179	12	N	1	0	12	20.4166666666667
A_NA_N1	180	11	N	2	0	11	20.8181818181818
A_NA_N1	181	13	N	0	0	13	21.0769230769231
A_NA_N1	182	13	N	0	0	13	21.4615384615385
A_NA_N1	183	13	N	0	0	13	19.2307692307692
A_NA_N1	184	13	N	0	0	13	18
A_NA_N1	185	13	N	0	0	13	18.8461538461538
A_NA_N1	186	13	N	0	0	13	19.8461538461538
A_NA_N1	187	13	N	0	0	13	19.9230769230769
A_NA_N1	188	13	N	0	0	13	21.6153846153846
A_NA_N1	189	13	N	0	0	13	25.9230769230769
A_NA_N1	190	12	N	1	0	12	25.8333333333333
A_NA_N1	191	12	N	1	0	12	22.3333333333333
A_NA_N1	192	12	N	1	0	12	21.8333333333333
A_NA_N1	193	13	N	0	0	13	22.1538461538462
A_NA_N1	194	13	N	0	0	13	21.9230769230769
A_NA_N1	195	12	N	1	0	12	21.1666666666667
A_NA_N1	196	13	N	0	0	12	23.1666666666667
A_NA_N1	197	13	N	0	0	13	21.8461538461538
A_NA_N1	198	13	N	0	0	13	21
A_NA_N1	199	12	N	1	0	12	20.1666666666667
A_NA_N1	200	12	N	1	0	12	21.9166666666667
A_NA_N1	201	12	N	1	0	12	23.25
A_NA_N1	202	12	N	1	0	12	22.9166666666667
A_NA_N1	203	12	N	1	0	11	24
A_NA_N1	204	12	N	1	0	12	23.6666666666667
A_NA_N1	205	13	N	0	0	13	22
A_NA_N1	206	13	N	0	0	13	21.3076923076923
A_NA_N1	207	13	N	0	0	13	22
A_NA_N1	208	13	N	0	0	13	20.3076923076923
A_NA_N1	209	13	N	0	0	13	21.3076923076923
A_NA_N1	210	13	N	0	0	13	18.2307692307692
A_NA_N1	211	13	N	0	0	13	19.0769230769231
A_NA_N1	212	13	N	0	0	12	19.9166666666667
A_NA_N1	213	13	N	0	0	13	21.3846153846154
A_NA_N1	214	13	N	0	0	13	21.9230769230769
A_NA_N1	215	13	N	0	0	13	20.3076923076923
A_NA_N1	216	13	N	0	0	13	21.7692307692308
A_NA_N1	217	13	N	0	0	13	22.2307692307692
A_NA_N1	218	13	N	0	0	13	22.3076923076923
A_NA_N1	219	13	N	0	0	13	27.8461538461538
A_NA_N1	220	13	N	0	0	13	22.5384615384615
A_NA_N1	221	12	N	1	0	12	20.0833333333333
A_NA_N1	222	12	N	1	0	12	20.4166666666667
A_NA_N1	223	12	N	1	0	12	20.25
A_NA_N1	224	13	N	0	0	12	19.3333333333333
A_NA_N1	225	13	N	0	0	13	18.1538461538462
A_NA_N1	226	13	N	0	0	13	18
A_NA_N1	227	11	N	2	0	11	19.2727272727273
A_NA_N1	228	13	N	0	0	13	16.4615384615385
A_NA_N1	229	13	N	0	0	13	16.8461538461538
A_NA_N1	230	12	N	0	0	12	16.75
A_NA_N1	231	12	N	0	0	12	16.75
A_NA_N1	232	12	N	0	0	12	19
A_NA_N1	233	12	N	0	0	12	19.9166666666667
A_NA_N1	234	11	N	1	0	6	15.3333333333333
A_NA_N1	235	11	N	1	0	11	21.5454545454545
A_NA_N1	236	11	N	1	0	11	20.0909090909091
A_NA_N1	237	11	N	1	0	11	16.5454545454545
A_NA_N1	238	11	N	1	0	10	17.1
A_NA_N1	239	12	N	0	0	11	16.9090909090909
A_NA_N1	240	12	N	0	0	12	16.5833333333333
A_NA_N1	241	12	N	0	0	11	19.2727272727273
A_NA_N1	242	12	N	0	0	12	20.25
A_NA_N1	243	12	N	0	0	12	19.4166666666667
A_NA_N1	244	10	N	2	0	10	21.7
A_NA_N1	245	10	N	2	0	10	21.6
A_NA_N1	246	11	N	1	0	11	19.5454545454545
A_NA_N1	247	11	N	1	0	10	19.1
A_NA_N1	248	12	N	0	0	11	20.9090909090909
A_NA_N1	249	12	N	0	0	12	18.1666666666667
A_NA_N1	250	12	N	0	0	12	16.8333333333333
A_NA_N1	251	12	N	0	0	12	16.0833333333333
A_NA_N1	252	12	N	0	0	12	15.0833333333333
A_NA_N1	253	12	N	0	0	12	14.75
A_NA_N1	254	12	N	0	0	11	17
A_NA_N1	255	12	N	1	0	12	17.4166666666667
A_NA_N1	256	11	N	2	0	11	15.8181818181818
A_NA_N1	257	12	N	1	0	11	17.1818181818182
A_NA_N1	258	13	N	0	0	13	17.2307692307692
A_NA_N1	259	13	N	0	0	13	16.4615384615385
A_NA_N1	260	13	N	0	0	13	17.1538461538462
A_NA_N1	261	13	N	0	0	13	17.2307692307692
A_NA_N1	262	13	N	0	0	13	18.5384615384615
A_NA_N1	263	13	N	0	0	13	18.6923076923077
A_NA_N1	264	13	N	0	0	13	18.0769230769231
A_NA_N1	265	12	N	1	0	12	18.8333333333333
A_NA_N1	266	12	N	1	0	12	18.9166666666667
A_NA_N1	267	9	N	4	0	5	17.2
A_NA_N1	268	9	N	4	0	9	19.7777777777778
A_NA_N1	269	12	N	1	0	10	20.8
A_NA_N1	270	12	N	1	0	12	25.6666666666667
A_NA_N1	271	12	N	1	0	12	39.1666666666667
A_NA_N1	272	12	N	1	0	12	39
A_NA_N1	273	12	N	1	0	12	38.3333333333333
A_NA_N1	274	12	N	1	0	12	29.5
A_NA_N1	275	12	N	1	0	12	23.1666666666667
A_NA_N1	276	12	N	1	0	12	24.5
A_NA_N1	277	13	N	0	0	13	24.6923076923077
A_NA_N1	278	13	N	0	0	13	24.5384615384615
A_NA_N1	279	13	N	0	0	13	22.6923076923077
A_NA_N1	280	13	N	0	0	13	21.3076923076923
A_NA_N1	281	13	N	0	0	13	21.6923076923077
A_NA_N1	282	13	N	0	0	13	22.1538461538462
A_NA_N1	283	13	N	0	0	13	20.6153846153846
A_NA_N1	284	13	N	0	0	13	20.4615384615385
A_NA_N1	285	13	N	0	0	13	22.0769230769231
A_NA_N1	286	13	N	0	0	13	21.6923076923077
A_NA_N1	287	12	N	1	0	12	20.8333333333333
A_NA_N1	288	12	N	1	0	12	21.1666666666667
A_NA_N1	289	12	N	1	0	12	21.5833333333333
A_NA_N1	290	13	N	0	0	12	19.5
A_NA_N1	291	13	N	0	0	13	21.3076923076923
A_NA_N1	292	13	N	0	0	13	19.7692307692308
A_NA_N1	293	13	N	0	0	13	19.6923076923077
A_NA_N1	294	13	N	0	0	13	20.0769230769231
A_NA_N1	295	13	N	0	0	13	21.9230769230769
A_NA_N1	296	13	N	0	0	13	22.8461538461538
A_NA_N1	297	13	N	0	0	13	24.0769230769231
A_NA_N1	298	13	N	0	0	13	42.5384615384615
A_NA_N1	299	13	N	0	0	13	21.9230769230769
A_NA_N1	300	13	N	0	0	12	20.5
A_NA_N1	301	13	N	0	0	12	19.4166666666667
A_NA_N1	302	13	N	0	0	13	19.3846153846154
A_NA_N1	303	13	N	0	0	13	20.6923076923077
A_NA_N1	304	11	N	2	0	11	21.2727272727273
A_NA_N1	305	13	N	0	0	13	22.2307692307692
A_NA_N1	306	13	N	0	0	13	23.7692307692308
A_NA_N1	307	13	N	0	0	13	22.1538461538462
A_NA_N1	308	13	N	0	0	12	20.0833333333333
A_NA_N1	309	13	N	0	0	13	18.8461538461538
A_NA_N1	310	13	N	0	0	13	20.2307692307692
A_NA_N1	311	13	N	0	0	13	20.6923076923077
A_NA_N1	312	13	N	0	0	13	20.9230769230769
A_NA_N1	313	13	N	0	0	13	18.6923076923077
A_NA_N1	314	12	N	1	0	12	17.75
A_NA_N1	315	12	N	1	0	12	17.6666666666667
A_NA_N1	316	13	N	0	0	13	17.7692307692308
A_NA_N1	317	13	N	0	0	13	18.6923076923077
A_NA_N1	318	12	N	1	0	12	18.9166666666667
A_NA_N1	319	13	N	0	0	13	18.3076923076923
A_NA_N1	320	13	N	0	0	13	21.5384615384615
A_NA_N1	321	13	N	0	0	13	19.4615384615385
A_NA_N1	322	13	N	0	0	13	21.3846153846154
A_NA_N1	323	13	N	0	0	13	21.6923076923077
A_NA_N1	324	13	N	0	0	13	21.0769230769231
A_NA_N1	325	13	N	0	0	13	18.6923076923077
A_NA_N1	326	13	N	0	0	13	18.5384615384615
A_NA_N1	327	13	N	0	0	12	20.5
A_NA_N1	328	13	N	0	0	13	20.6153846153846
A_NA_N1	329	12	N	1	0	12	21.75
A_NA_N1	330	13	N	0	0	12	23.5833333333333
A_NA_N1	331	13	N	0	0	13	20.2307692307692
A_NA_N1	332	12	N	1	0	11	20.6363636363636
A_NA_N1	333	10	N	3	0	9	20.4444444444444
A_NA_N1	334	12	N	1	0	12	19.5
A_NA_N1	335	12	N	1	0	12	18.8333333333333
A_NA_N1	336	13	N	0	0	13	18.7692307692308
A_NA_N1	337	13	N	0	0	13	20.6923076923077
A_NA_N1	338	13	N	0	0	13	19.7692307692308
A_NA_N1	339	11	N	2	0	11	18.9090909090909
A_NA_N1	340	11	N	2	0	11	18.9090909090909
A_NA_N1	341	13	N	0	0	13	20.5384615384615
A_NA_N1	342	13	N	0	0	13	22.3846153846154
A_NA_N1	343	13	N	0	0	13	23.9230769230769
A_NA_N1	344	13	N	0	0	13	23.8461538461538
A_NA_N1	345	13	N	0	0	13	25.3846153846154
A_NA_N1	346	13	N	0	0	13	25.8461538461538
A_NA_N1	347	13	N	0	0	13	25.5384615384615
A_NA_N1	348	13	N	0	0	13	24.3846153846154
A_NA_N1	349	13	N	0	0	13	22.7692307692308
A_NA_N1	350	13	N	0	0	13	22.5384615384615
A_NA_N1	351	12	N	1	0	12	21.5833333333333
A_NA_N1	352	13	N	0	0	13	19.2307692307692
A_NA_N1	353	12	N	1	0	12	17.4166666666667
A_NA_N1	354	13	N	0	0	13	16.6923076923077
A_NA_N1	355	13	N	0	0	13	18.3076923076923
A_NA_N1	356	13	N	0	0	13	20.8461538461538
A_NA_N1	357	13	N	0	0	13	21.4615384615385
A_NA_N1	358	13	N	0	0	13	21.1538461538462
A_NA_N1	359	13	N	0	0	13	21.0769230769231
A_NA_N1	360	13	N	0	0	13	21.3846153846154
A_NA_N1	361	13	N	0	0	13	20.3076923076923
A_NA_N1	362	13	N	0	0	13	21.5384615384615
A_NA_N1	363	13	N	0	0	12	19.9166666666667
A_NA_N1	364	12	N	1	0	12	19.5
A_NA_N1	365	12	N	1	0	12	18.9166666666667
A_NA_N1	366	13	N	0	0	13	19.0769230769231
A_NA_N1	367	13	N	0	0	13	18.4615384615385
A_NA_N1	368	13	N	0	0	13	20.9230769230769
A_NA_N1	369	13	N	0	0	13	20.4615384615385
A_NA_N1	370	13	N	0	0	13	22.2307692307692
A_NA_N1	371	13	N	0	0	13	21.6923076923077
A_NA_N1	372	13	N	0	0	13	22.3846153846154
A_NA_N1	373	12	N	1	0	12	21.0833333333333
A_NA_N1	374	13	N	0	0	13	22.5384615384615
A_NA_N1	375	13	N	0	0	13	22
A_NA_N1	376	9	N	4	0	9	21.7777777777778
A_NA_N1	377	13	N	0	0	13	23.7692307692308
A_NA_N1	378	12	N	1	0	12	16.3333333333333
A_NA_N1	379	12	N	1	0	12	14.9166666666667
A_NA_N1	380	12	N	1	0	12	16.4166666666667
A_NA_N1	381	13	N	0	0	13	14.0769230769231
A_NA_N1	382	13	N	0	0	13	14.5384615384615
A_NA_N1	383	13	N	0	0	13	17.0769230769231
A_NA_N1	384	13	N	0	0	13	18
A_NA_N1	385	13	N	0	0	13	18.0769230769231
A_NA_N1	386	12	N	1	0	12	17.4166666666667
A_NA_N1	387	12	N	1	0	12	18.9166666666667
A_NA_N1	388	12	N	1	0	12	17
A_NA_N1	389	13	N	0	0	13	15.5384615384615
A_NA_N1	390	13	N	0	0	13	16.4615384615385
A_NA_N1	391	13	N	0	0	12	17.1666666666667
A_NA_N1	392	12	N	1	0	12	15.5833333333333
A_NA_N1	393	12	N	1	0	12	15.5
A_NA_N1	394	11	N	2	0	11	17.4545454545455
A_NA_N1	395	12	N	1	0	11	17.9090909090909
A_NA_N1	396	13	N	0	0	12	20.5833333333333
A_NA_N1	397	13	N	0	0	13	19.4615384615385
A_NA_N1	398	13	N	0	0	13	21.3076923076923
A_NA_N1	399	13	N	0	0	13	28.4615384615385
A_NA_N1	400	12	N	1	0	12	23.75
A_NA_N1	401	13	N	0	0	13	24.2307692307692
A_NA_N1	402	13	N	0	0	13	22.3846153846154
A_NA_N1	403	13	N	0	0	13	23.5384615384615
A_NA_N1	404	13	N	0	0	13	22.3846153846154
A_NA_N1	405	13	N	0	0	13	24
A_NA_N1	406	13	N	0	0	13	23.5384615384615
A_NA_N1	407	13	N	0	0	13	21.9230769230769
A_NA_N1	408	13	N	0	0	13	20.0769230769231
A_NA_N1	409	13	N	0	0	13	20
A_NA_N1	410	13	N	0	0	13	19.7692307692308
A_NA_N1	411	13	N	0	0	12	19.5
A_NA_N1	412	13	N	0	0	13	20.3076923076923
A_NA_N1	413	12	N	1	0	12	22.4166666666667
A_NA_N1	414	13	N	0	0	13	22.6923076923077
A_NA_N1	415	13	N	0	0	13	23.9230769230769
A_NA_N1	416	13	N	0	0	13	25
A_NA_N1	417	13	N	0	0	13	26.1538461538462
A_NA_N1	418	12	N	1	0	12	23.4166666666667
A_NA_N1	419	13	N	0	0	13	22.4615384615385
A_NA_N1	420	11	N	2	0	11	23.7272727272727
A_NA_N1	421	12	N	1	0	12	20.4166666666667
A_NA_N1	422	12	N	1	0	11	22.2727272727273
A_NA_N1	423	12	N	1	0	11	22.4545454545455
A_NA_N1	424	12	N	1	0	11	22.2727272727273
A_NA_N1	425	12	N	1	0	12	20.8333333333333
A_NA_N1	426	12	N	1	0	12	20.75
A_NA_N1	427	13	N	0	0	13	21.1538461538462
A_NA_N1	428	13	N	0	0	13	19.1538461538462
A_NA_N1	429	13	N	0	0	13	18.8461538461538
A_NA_N1	430	13	N	0	0	13	20.3076923076923
A_NA_N1	431	13	N	0	0	13	20.2307692307692
A_NA_N1	432	12	N	1	0	12	22.3333333333333
A_NA_N1	433	13	N	0	0	12	22.3333333333333
A_NA_N1	434	11	N	2	0	10	22.1
A_NA_N1	435	12	N	1	0	12	20
A_NA_N1	436	12	N	1	0	12	18.0833333333333
A_NA_N1	437	13	N	0	0	13	17.4615384615385
A_NA_N1	438	12	N	1	0	12	21
A_NA_N1	439	13	N	0	0	12	21.25
A_NA_N1	440	13	N	0	0	11	22.3636363636364
A_NA_N1	441	13	N	0	0	13	21.3076923076923
A_NA_N1	442	13	N	0	0	13	23.3846153846154
A_NA_N1	443	13	N	0	0	13	20.5384615384615
A_NA_N1	444	13	N	0	0	13	20.3846153846154
A_NA_N1	445	13	N	0	0	13	20.0769230769231
A_NA_N1	446	12	N	1	0	11	19.9090909090909
A_NA_N1	447	13	N	0	0	11	23.7272727272727
A_NA_N1	448	12	N	1	0	11	23.3636363636364
A_NA_N1	449	12	N	1	0	12	20
A_NA_N1	450	12	N	1	0	11	19
A_NA_N1	451	13	N	0	0	13	19.6923076923077
A_NA_N1	452	12	N	1	0	12	19.75
A_NA_N1	453	12	N	1	0	12	20.25
A_NA_N1	454	12	N	1	0	11	20
A_NA_N1	455	12	N	1	0	12	18.4166666666667
A_NA_N1	456	12	N	1	0	12	25.0833333333333
A_NA_N1	457	12	N	1	0	11	26.7272727272727
A_NA_N1	458	13	N	0	0	12	19.1666666666667
A_NA_N1	459	13	N	0	0	13	18.4615384615385
A_NA_N1	460	13	N	0	0	13	18.3076923076923
A_NA_N1	461	12	N	1	0	12	20.0833333333333
A_NA_N1	462	12	N	1	0	12	22.6666666666667
A_NA_N1	463	12	N	1	0	11	21.4545454545455
A_NA_N1	464	13	N	0	0	13	18.9230769230769
A_NA_N1	465	13	N	0	0	13	19.9230769230769
A_NA_N1	466	13	N	0	0	12	20.1666666666667
A_NA_N1	467	13	N	0	0	12	15.8333333333333
A_NA_N1	468	13	N	0	0	12	18
A_NA_N1	469	13	N	0	0	12	18.5833333333333
A_NA_N1	470	12	N	1	0	11	17.3636363636364
A_NA_N1	471	13	N	0	0	13	20.2307692307692
A_NA_N1	472	13	N	0	0	13	19
A_NA_N1	473	13	N	0	0	12	19.25
A_NA_N1	474	13	N	0	0	13	20.5384615384615
A_NA_N1	475	11	N	2	0	11	22.6363636363636
A_NA_N1	476	11	N	2	0	11	21.4545454545455
A_NA_N1	477	11	N	2	0	11	20.5454545454545
A_NA_N1	478	11	N	2	0	11	21.2727272727273
A_NA_N1	479	11	N	2	0	11	22.0909090909091
A_NA_N1	480	12	N	1	0	12	23.3333333333333
A_NA_N1	481	12	N	1	0	11	23.0909090909091
A_NA_N1	482	13	N	0	0	12	22.3333333333333
A_NA_N1	483	13	N	0	0	13	22
A_NA_N1	484	13	N	0	0	12	28
A_NA_N1	485	13	N	0	0	12	20
A_NA_N1	486	13	N	0	0	13	21.6923076923077
A_NA_N1	487	13	N	0	0	13	23.1538461538462
A_NA_N1	488	13	N	0	0	13	23.7692307692308
A_NA_N1	489	13	N	0	0	13	23.8461538461538
A_NA_N1	490	12	N	1	0	11	22.9090909090909
A_NA_N1	491	12	N	1	0	10	21.7
A_NA_N1	492	13	N	0	0	12	19.4166666666667
A_NA_N1	493	13	N	0	0	13	19.3076923076923
A_NA_N1	494	13	N	0	0	13	19.3076923076923
A_NA_N1	495	13	N	0	0	13	20.1538461538462
A_NA_N1	496	13	N	0	0	13	20.8461538461538
A_NA_N1	497	13	N	0	0	13	21
A_NA_N1	498	13	N	0	0	13	21.4615384615385
A_NA_N1	499	10	N	3	0	10	20.1
A_NA_N1	500	13	N	0	0	12	20.9166666666667
A_NA_N1	501	13	N	0	0	13	18.7692307692308
A_NA_N1	502	12	N	1	0	12	19.5833333333333
A_NA_N1	503	13	N	0	0	13	19.3076923076923
A_NA_N1	504	13	N	0	0	13	24.6153846153846
A_NA_N1	505	13	N	0	0	13	30.8461538461538
A_NA_N1	506	13	N	0	0	13	18.0769230769231
A_NA_N1	507	13	N	0	0	12	17.5
A_NA_N1	508	13	N	0	0	13	19.0769230769231
A_NA_N1	509	12	N	1	0	12	20
A_NA_N1	510	12	N	1	0	12	22.1666666666667
A_NA_N1	511	13	N	0	0	13	23.3846153846154
A_NA_N1	512	13	N	0	0	13	23.2307692307692
A_NA_N1	513	13	N	0	0	13	23.0769230769231
A_NA_N1	514	13	N	0	0	12	23.5833333333333
A_NA_N1	515	13	N	0	0	12	25.1666666666667
A_NA_N1	516	13	N	0	0	12	26.5833333333333
A_NA_N1	517	13	N	0	0	12	26.3333333333333
A_NA_N1	518	13	N	0	0	13	24.8461538461538
A_NA_N1	519	13	N	0	0	13	25.1538461538462
A_NA_N1	520	13	N	0	0	13	23.7692307692308
A_NA_N1	521	13	N	0	0	13	24.5384615384615
A_NA_N1	522	13	N	0	0	13	24.8461538461538
A_NA_N1	523	13	N	0	0	12	25.9166666666667
A_NA_N1	524	13	N	0	0	13	23.7692307692308
A_NA_N1	525	13	N	0	0	13	22.9230769230769
A_NA_N1	526	12	N	1	0	12	23.0833333333333
A_NA_N1	527	13	N	0	0	13	20.3846153846154
A_NA_N1	528	13	N	0	0	12	19.25
A_NA_N1	529	13	N	0	0	13	19.3846153846154
A_NA_N1	530	13	N	0	0	13	21.5384615384615
A_NA_N1	531	13	N	0	0	13	22.3846153846154
A_NA_N1	532	13	N	0	0	13	19.3846153846154
A_NA_N1	533	13	N	0	0	13	20.6923076923077
A_NA_N1	534	13	N	0	0	13	21.6923076923077
A_NA_N1	535	13	N	0	0	13	20.7692307692308
A_NA_N1	536	13	N	0	0	13	18.6923076923077
A_NA_N1	537	13	N	0	0	12	19.4166666666667
A_NA_N1	538	13	N	0	0	12	18.3333333333333
A_NA_N1	539	13	N	0	0	12	17.9166666666667
A_NA_N1	540	13	N	0	0	13	17.3076923076923
A_NA_N1	541	14	N	0	0	11	16.1818181818182
A_NA_N1	542	14	N	0	0	14	16.5714285714286
A_NA_N1	543	13	N	1	0	13	17.1538461538462
A_NA_N1	544	14	N	0	0	13	15.7692307692308
A_NA_N1	545	14	N	0	0	14	13.4285714285714
A_NA_N1	546	14	N	0	0	14	14.0714285714286
A_NA_N1	547	14	N	0	0	14	17.8571428571429
A_NA_N1	548	14	N	0	0	14	19.4285714285714
A_NA_N1	549	14	N	0	0	13	19.3076923076923
A_NA_N1	550	14	N	0	0	14	19.1428571428571
A_NA_N1	551	13	N	1	0	13	18.7692307692308
A_NA_N1	552	14	N	0	0	13	20.3846153846154
A_NA_N1	553	14	N	0	0	12	18.75
A_NA_N1	554	14	N	0	0	14	16.2857142857143
A_NA_N1	555	14	N	0	0	14	16.6428571428571
A_NA_N1	556	14	N	0	0	14	17
A_NA_N1	557	14	N	0	0	14	17.2857142857143
A_NA_N1	558	14	N	0	0	14	19.6428571428571
A_NA_N1	559	14	N	0	0	13	20.3076923076923
A_NA_N1	560	13	N	1	0	13	24.6923076923077
A_NA_N1	561	13	N	1	0	13	23.2307692307692
A_NA_N1	562	13	N	1	0	13	23.0769230769231
A_NA_N1	563	12	N	2	0	12	21.8333333333333
A_NA_N1	564	14	N	0	0	13	26.9230769230769
A_NA_N1	565	14	N	0	0	13	23.6923076923077
A_NA_N1	566	14	N	0	0	13	24.4615384615385
A_NA_N1	567	14	N	0	0	14	22.4285714285714
A_NA_N1	568	14	N	0	0	14	22
A_NA_N1	569	14	N	0	0	14	21.6428571428571
A_NA_N1	570	14	N	0	0	14	21.1428571428571
A_NA_N1	571	14	N	0	0	14	21.3571428571429
A_NA_N1	572	14	N	0	0	14	21.9285714285714
A_NA_N1	573	14	N	0	0	14	22.2857142857143
A_NA_N1	574	14	N	0	0	13	21.0769230769231
A_NA_N1	575	14	N	0	0	14	21.4285714285714
A_NA_N1	576	14	N	0	0	14	23.5714285714286
A_NA_N1	577	14	N	0	0	14	22.7142857142857
A_NA_N1	578	14	N	0	0	14	23.2142857142857
A_NA_N1	579	14	N	0	0	14	25.9285714285714
A_NA_N1	580	14	N	0	0	14	24.2142857142857
A_NA_N1	581	14	N	0	0	14	24.1428571428571
A_NA_N1	582	14	N	0	0	14	24.2857142857143
A_NA_N1	583	14	N	0	0	14	32.2142857142857
A_NA_N1	584	13	N	1	0	13	28.4615384615385
A_NA_N1	585	14	N	0	0	13	25.5384615384615
A_NA_N1	586	14	N	0	0	14	23.6428571428571
A_NA_N1	587	14	N	0	0	14	22.5
A_NA_N1	588	15	N	0	0	15	19.8666666666667
A_NA_N1	589	14	N	1	0	13	27.1538461538462
A_NA_N1	590	15	N	0	0	15	19.6
A_NA_N1	591	15	N	0	0	14	18.3571428571429
A_NA_N1	592	15	N	0	0	14	18.3571428571429
A_NA_N1	593	15	N	0	0	13	19
A_NA_N1	594	14	N	1	0	14	18.8571428571429
A_NA_N1	595	14	N	1	0	14	18.7142857142857
A_NA_N1	596	15	N	0	0	15	18.3333333333333
A_NA_N1	597	15	N	0	0	15	20.2
A_NA_N1	598	15	N	0	0	15	18.6
A_NA_N1	599	15	N	0	0	8	18.625
A_NA_N1	600	15	N	0	0	15	18.3333333333333
A_NA_N1	601	15	N	0	0	14	20.7142857142857
A_NA_N1	602	15	N	0	0	15	19.0666666666667
A_NA_N1	603	15	N	0	0	15	19
A_NA_N1	604	15	N	0	0	15	22.7333333333333
A_NA_N1	605	15	N	0	0	15	21.2
A_NA_N1	606	15	N	0	0	14	20.2857142857143
A_NA_N1	607	15	N	0	0	14	20
A_NA_N1	608	15	N	0	0	15	19.7333333333333
A_NA_N1	609	15	N	0	0	15	21.2
A_NA_N1	610	15	N	0	0	15	23.2
A_NA_N1	611	15	N	0	0	15	23.2666666666667
A_NA_N1	612	15	N	0	0	15	27.6666666666667
A_NA_N1	613	15	N	0	0	15	25.0666666666667
A_NA_N1	614	15	N	0	0	15	24.4
A_NA_N1	615	15	N	0	0	15	23.5333333333333
A_NA_N1	616	15	N	0	0	15	22.4666666666667
A_NA_N1	617	15	N	0	0	15	20.9333333333333
A_NA_N1	618	13	N	2	0	13	27
A_NA_N1	619	14	N	1	0	14	23.5714285714286
A_NA_N1	620	14	N	1	0	14	23.2142857142857
A_NA_N1	621	15	N	0	0	15	22.6666666666667
A_NA_N1	622	15	N	0	0	15	24.3333333333333
A_NA_N1	623	15	N	0	0	15	22.8666666666667
A_NA_N1	624	15	N	0	0	15	21.8
A_NA_N1	625	15	N	0	0	15	22
A_NA_N1	626	15	N	0	0	15	21.4
A_NA_N1	627	15	N	0	0	15	23.8
A_NA_N1	628	15	N	0	0	15	23.7333333333333
A_NA_N1	629	15	N	0	0	15	23.8666666666667
A_NA_N1	630	15	N	0	0	15	27.8
A_NA_N1	631	15	N	0	0	15	27.6666666666667
A_NA_N1	632	15	N	0	0	15	25.8
A_NA_N1	633	15	N	0	0	15	21.8666666666667
A_NA_N1	634	15	N	0	0	15	23.4
A_NA_N1	635	15	N	0	0	15	25.3333333333333
A_NA_N1	636	15	N	0	0	15	21.0666666666667
A_NA_N1	637	15	N	0	0	15	21.6
A_NA_N1	638	15	N	0	0	15	21.6
A_NA_N1	639	15	N	0	0	15	20.2666666666667
A_NA_N1	640	15	N	0	0	15	19.6666666666667
A_NA_N1	641	15	N	0	0	15	20.9333333333333
A_NA_N1	642	15	N	0	0	15	21.4
A_NA_N1	643	15	N	0	0	15	25.7333333333333
A_NA_N1	644	15	N	0	0	15	27.3333333333333
A_NA_N1	645	15	N	0	0	15	23.1333333333333
A_NA_N1	646	15	N	0	0	14	24.2142857142857
A_NA_N1	647	15	N	0	0	15	23.4666666666667
A_NA_N1	648	15	N	0	0	15	24.1333333333333
A_NA_N1	649	15	N	0	0	15	22.6
A_NA_N1	650	14	N	1	0	14	20.5714285714286
A_NA_N1	651	14	N	1	0	14	19.7857142857143
A_NA_N1	652	15	N	0	0	15	20.3333333333333
A_NA_N1	653	15	N	0	0	15	23.1333333333333
A_NA_N1	654	15	N	0	0	15	23.2666666666667
A_NA_N1	655	15	N	0	0	15	22.4666666666667
A_NA_N1	656	13	N	2	0	13	22.3076923076923
A_NA_N1	657	15	N	0	0	15	21.9333333333333
A_NA_N1	658	14	N	1	0	14	23
A_NA_N1	659	14	N	1	0	14	23
A_NA_N1	660	14	N	1	0	14	24.0714285714286
A_NA_N1	661	14	N	1	0	14	23.5714285714286
A_NA_N1	662	15	N	0	0	14	24.5
A_NA_N1	663	15	N	0	0	15	27.6666666666667
A_NA_N1	664	15	N	0	0	15	23.9333333333333
A_NA_N1	665	15	N	0	0	15	23.3333333333333
A_NA_N1	666	15	N	0	0	15	23.0666666666667
A_NA_N1	667	15	N	0	0	15	23.8
A_NA_N1	668	15	N	0	0	15	23.6666666666667
A_NA_N1	669	15	N	0	0	15	23.4
A_NA_N1	670	15	N	0	0	15	23.7333333333333
A_NA_N1	671	15	N	0	0	15	23.2
A_NA_N1	672	15	N	0	0	15	24.1333333333333
A_NA_N1	673	15	N	0	0	15	24.4
A_NA_N1	674	15	N	0	0	14	23.6428571428571
A_NA_N1	675	15	N	0	0	15	23.7333333333333
A_NA_N1	676	15	N	0	0	15	23.7333333333333
A_NA_N1	677	15	N	0	0	15	23.4
A_NA_N1	678	15	N	0	0	15	22.6666666666667
A_NA_N1	679	15	N	0	0	15	29.1333333333333
A_NA_N1	680	13	N	2	0	13	29.9230769230769
A_NA_N1	681	15	N	0	0	14	23.8571428571429
A_NA_N1	682	14	N	1	0	12	24.6666666666667
A_NA_N1	683	15	N	0	0	15	23.2
A_NA_N1	684	15	N	0	0	14	23.9285714285714
A_NA_N1	685	15	N	0	0	14	23.2142857142857
A_NA_N1	686	15	N	0	0	15	25.5333333333333
A_NA_N1	687	15	N	0	0	13	25.7692307692308
A_NA_N1	688	15	N	0	0	14	24.7857142857143
A_NA_N1	689	15	N	0	0	15	24.2
A_NA_N1	690	15	N	0	0	15	24
A_NA_N1	691	13	N	2	0	13	24.5384615384615
A_NA_N1	692	13	N	2	0	13	24.8461538461538
A_NA_N1	693	15	N	0	0	15	22.0666666666667
A_NA_N1	694	15	N	0	0	13	21.6923076923077
A_NA_N1	695	15	N	0	0	14	22.2857142857143
A_NA_N1	696	15	N	0	0	15	21.6666666666667
A_NA_N1	697	15	N	0	0	14	23.3571428571429
A_NA_N1	698	15	N	0	0	15	23.6
A_NA_N1	699	14	N	1	0	14	22.7142857142857
A_NA_N1	700	15	N	0	0	15	23.6
A_NA_N1	701	15	N	0	0	13	23.9230769230769
A_NA_N1	702	15	N	0	0	15	23.1333333333333
A_NA_N1	703	15	N	0	0	15	23.3333333333333
A_NA_N1	704	15	N	0	0	15	23.5333333333333
A_NA_N1	705	15	N	0	0	15	23.2
A_NA_N1	706	15	N	0	0	14	22.8571428571429
A_NA_N1	707	15	N	0	0	15	24.0666666666667
A_NA_N1	708	15	N	0	0	15	23.9333333333333
A_NA_N1	709	15	N	0	0	15	23.8666666666667
A_NA_N1	710	15	N	0	0	15	22.8
A_NA_N1	711	13	N	2	0	13	24.6923076923077
A_NA_N1	712	14	N	1	0	14	23
A_NA_N1	713	14	N	1	0	14	23
A_NA_N1	714	15	N	0	0	13	28.3846153846154
A_NA_N1	715	14	N	1	0	14	21.2857142857143
A_NA_N1	716	14	N	1	0	14	21.1428571428571
A_NA_N1	717	15	N	0	0	15	22.8666666666667
A_NA_N1	718	15	N	0	0	14	21.4285714285714
A_NA_N1	719	15	N	0	0	14	20.2857142857143
A_NA_N1	720	15	N	0	0	15	18.8
A_NA_N1	721	15	N	0	0	15	18.5333333333333
A_NA_N1	722	15	N	0	0	15	19
A_NA_N1	723	15	N	0	0	15	20.2
A_NA_N1	724	15	N	0	0	15	21.4
A_NA_N1	725	15	N	0	0	15	20.8
A_NA_N1	726	15	N	0	0	15	22.4
A_NA_N1	727	15	N	0	0	15	23.0666666666667
A_NA_N1	728	15	N	0	0	15	23.8666666666667
A_NA_N1	729	15	N	0	0	12	21.5
A_NA_N1	730	15	N	0	0	15	21.4666666666667
A_NA_N1	731	15	N	0	0	15	21.4
A_NA_N1	732	15	N	0	0	15	21.7333333333333
A_NA_N1	733	14	N	1	0	14	22.0714285714286
A_NA_N1	734	15	N	0	0	15	23.1333333333333
A_NA_N1	735	15	N	0	0	15	21.9333333333333
A_NA_N1	736	15	N	0	0	15	20.5333333333333
A_NA_N1	737	15	N	0	0	15	23.6
A_NA_N1	738	15	N	0	0	15	18.8
A_NA_N1	739	15	N	0	0	15	19.3333333333333
A_NA_N1	740	15	N	0	0	15	20.7333333333333
A_NA_N1	741	15	N	0	0	15	20.8
A_NA_N1	742	15	N	0	0	14	21.7857142857143
A_NA_N1	743	15	N	0	0	15	23.5333333333333
A_NA_N1	744	15	N	0	0	15	23.6
A_NA_N1	745	15	N	0	0	15	23.2666666666667
A_NA_N1	746	15	N	0	0	15	23
A_NA_N1	747	15	N	0	0	14	22.0714285714286
A_NA_N1	748	15	N	0	0	14	20.7142857142857
A_NA_N1	749	15	N	0	0	14	17.1428571428571
A_NA_N1	750	15	N	0	0	14	18.8571428571429
A_NA_N1	751	14	N	1	0	13	20.9230769230769
A_NA_N1	752	14	N	1	0	14	19.2857142857143
A_NA_N1	753	15	N	0	0	15	19.6
A_NA_N1	754	14	N	1	0	11	21.5454545454545
A_NA_N1	755	15	N	0	0	15	24.4666666666667
A_NA_N1	756	15	N	0	0	13	26.3076923076923
A_NA_N1	757	15	N	0	0	13	22.8461538461538
A_NA_N1	758	15	N	0	0	13	21.4615384615385
A_NA_N1	759	15	N	0	0	15	21.5333333333333
A_NA_N1	760	15	N	0	0	15	26.4
A_NA_N1	761	14	N	1	0	14	28.5714285714286
A_NA_N1	762	14	N	1	0	14	30.1428571428571
A_NA_N1	763	14	N	1	0	14	30.8571428571429
A_NA_N1	764	14	N	1	0	14	24.9285714285714
A_NA_N1	765	14	N	1	0	14	24.6428571428571
A_NA_N1	766	14	N	1	0	14	24.2142857142857
A_NA_N1	767	13	N	2	0	13	26.7692307692308
A_NA_N1	768	14	N	1	0	14	24.2857142857143
A_NA_N1	769	14	N	1	0	13	20.0769230769231
A_NA_N1	770	14	N	1	0	13	18.0769230769231
A_NA_N1	771	15	N	0	0	15	18.2666666666667
A_NA_N1	772	15	N	0	0	14	19.2142857142857
A_NA_N1	773	15	N	0	0	13	20.6153846153846
A_NA_N1	774	15	N	0	0	14	18.6428571428571
A_NA_N1	775	15	N	0	0	15	19.0666666666667
A_NA_N1	776	15	N	0	0	15	18.7333333333333
A_NA_N1	777	15	N	0	0	15	27.8
A_NA_N1	778	15	N	0	0	15	25.1333333333333
A_NA_N1	779	15	N	0	0	15	19.8
A_NA_N1	780	13	N	2	0	13	19.1538461538462
A_NA_N1	781	15	N	0	0	15	19.8666666666667
A_NA_N1	782	15	N	0	0	15	17.2
A_NA_N1	783	15	N	0	0	15	17.6
A_NA_N1	784	15	N	0	0	15	19.7333333333333
A_NA_N1	785	15	N	0	0	15	19.2666666666667
A_NA_N1	786	15	N	0	0	14	21.4285714285714
A_NA_N1	787	15	N	0	0	15	22.2
A_NA_N1	788	15	N	0	0	15	23.0666666666667
A_NA_N1	789	15	N	0	0	15	22.8666666666667
A_NA_N1	790	15	N	0	0	15	23.4
A_NA_N1	791	15	N	0	0	15	23.7333333333333
A_NA_N1	792	15	N	0	0	15	24.3333333333333
A_NA_N1	793	13	N	2	0	13	21.5384615384615
A_NA_N1	794	15	N	0	0	15	21
A_NA_N1	795	15	N	0	0	14	24.2857142857143
A_NA_N1	796	15	N	0	0	13	25.0769230769231
A_NA_N1	797	14	N	1	0	14	24.0714285714286
A_NA_N1	798	15	N	0	0	13	20.0769230769231
A_NA_N1	799	15	N	0	0	13	18.3076923076923
A_NA_N1	800	15	N	0	0	14	17.4285714285714
A_NA_N1	801	14	N	1	0	13	18.6923076923077
A_NA_N1	802	15	N	0	0	15	15.1333333333333
A_NA_N1	803	14	N	1	0	14	15.5714285714286
A_NA_N1	804	15	N	0	0	15	17.4
A_NA_N1	805	15	N	0	0	15	23.4666666666667
A_NA_N1	806	15	N	0	0	15	24.2
A_NA_N1	807	15	N	0	0	15	21.1333333333333
A_NA_N1	808	15	N	0	0	15	19.8
A_NA_N1	809	15	N	0	0	15	22.4
A_NA_N1	810	15	N	0	0	15	18.7333333333333
A_NA_N1	811	15	N	0	0	15	18.5333333333333
A_NA_N1	812	13	N	2	0	13	17.2307692307692
A_NA_N1	813	15	N	0	0	15	19
A_NA_N1	814	15	N	0	0	15	17.4
A_NA_N1	815	15	N	0	0	14	18.4285714285714
A_NA_N1	816	15	N	0	0	15	18.1333333333333
A_NA_N1	817	15	N	0	0	15	22.3333333333333
A_NA_N1	818	15	N	0	0	15	17.2
A_NA_N1	819	15	N	0	0	14	19.2142857142857
A_NA_N1	820	15	N	0	0	15	20.9333333333333
A_NA_N1	821	15	N	0	0	15	20.4
A_NA_N1	822	15	N	0	0	14	21.2142857142857
A_NA_N1	823	15	N	0	0	15	22.2
A_NA_N1	824	15	N	0	0	15	20.3333333333333
A_NA_N1	825	15	N	0	0	15	19.8
A_NA_N1	826	15	N	0	0	15	19.1333333333333
A_NA_N1	827	14	N	1	0	14	20.2857142857143
A_NA_N1	828	14	N	1	0	14	21.7857142857143
A_NA_N1	829	14	N	1	0	13	20.7692307692308
A_NA_N1	830	14	N	1	0	14	19.8571428571429
A_NA_N1	831	14	N	1	0	14	20.9285714285714
A_NA_N1	832	14	N	1	0	13	20.3846153846154
A_NA_N1	833	14	N	1	0	14	22.1428571428571
A_NA_N1	834	14	N	1	0	14	22.1428571428571
A_NA_N1	835	14	N	1	0	14	21.7857142857143
A_NA_N1	836	14	N	1	0	14	21.1428571428571
A_NA_N1	837	14	N	1	0	14	19.9285714285714
A_NA_N1	838	14	N	1	0	14	19.2142857142857
A_NA_N1	839	15	N	0	0	15	19.2
A_NA_N1	840	15	N	0	0	15	19.3333333333333
A_NA_N1	841	15	N	0	0	14	19.3571428571429
A_NA_N1	842	14	N	1	0	14	21.8571428571429
A_NA_N1	843	14	N	1	0	14	22.3571428571429
A_NA_N1	844	14	N	1	0	14	22
A_NA_N1	845	14	N	1	0	14	22.4285714285714
A_NA_N1	846	15	N	0	0	14	19.2142857142857
A_NA_N1	847	15	N	0	0	15	19.9333333333333
A_NA_N1	848	15	N	0	0	15	19.0666666666667
A_NA_N1	849	15	N	0	0	14	18.7142857142857
A_NA_N1	850	15	N	0	0	15	18.8666666666667
A_NA_N1	851	15	N	0	0	15	19.9333333333333
A_NA_N1	852	15	N	0	0	15	21.2666666666667
A_NA_N1	853	15	N	0	0	15	21.8666666666667
A_NA_N1	854	15	N	0	0	15	23.4666666666667
A_NA_N1	855	15	N	0	0	14	20.2142857142857
A_NA_N1	856	15	N	0	0	15	19.2666666666667
A_NA_N1	857	15	N	0	0	15	21.2666666666667
A_NA_N1	858	15	N	0	0	15	22.2666666666667
A_NA_N1	859	15	N	0	0	15	20.9333333333333
A_NA_N1	860	15	N	0	0	15	21
A_NA_N1	861	15	N	0	0	15	22.4666666666667
A_NA_N1	862	15	N	0	0	15	22.5333333333333
A_NA_N1	863	15	N	0	0	15	23.6
A_NA_N1	864	15	N	0	0	15	23.5333333333333
A_NA_N1	865	15	N	0	0	15	22.8666666666667
A_NA_N1	866	15	N	0	0	15	21.9333333333333
A_NA_N1	867	15	N	0	0	15	21.8666666666667
A_NA_N1	868	13	N	2	0	13	21.7692307692308
A_NA_N1	869	13	N	2	0	13	22.9230769230769
A_NA_N1	870	15	N	0	0	15	23.0666666666667
A_NA_N1	871	15	N	0	0	14	23.9285714285714
A_NA_N1	872	15	N	0	0	15	33.8666666666667
A_NA_N1	873	15	N	0	0	15	38.2
A_NA_N1	874	15	N	0	0	15	38.4666666666667
A_NA_N1	875	15	N	0	0	15	28.7333333333333
A_NA_N1	876	15	N	0	0	15	19.5333333333333
A_NA_N1	877	15	N	0	0	15	17.7333333333333
A_NA_N1	878	15	N	0	0	15	17.6
A_NA_N1	879	15	N	0	0	15	17.8
A_NA_N1	880	15	N	0	0	15	18.4
A_NA_N1	881	14	N	1	0	14	20.3571428571429
A_NA_N1	882	14	N	1	0	14	21.0714285714286
A_NA_N1	883	14	N	1	0	14	19.7857142857143
A_NA_N1	884	15	N	0	0	15	21
A_NA_N1	885	15	N	0	0	14	25.1428571428571
A_NA_N1	886	15	N	0	0	14	22
A_NA_N1	887	15	N	0	0	15	20.2666666666667
A_NA_N1	888	15	N	0	0	15	20.4
A_NA_N1	889	15	N	0	0	13	22.3076923076923
A_NA_N1	890	15	N	0	0	15	21.6
A_NA_N1	891	15	N	0	0	14	21.3571428571429
A_NA_N1	892	15	N	0	0	15	19.0666666666667
A_NA_N1	893	15	N	0	0	15	18.7333333333333
A_NA_N1	894	15	N	0	0	14	19.0714285714286
A_NA_N1	895	15	N	0	0	14	21.1428571428571
A_NA_N1	896	15	N	0	0	15	20.3333333333333
A_NA_N1	897	15	N	0	0	13	20.6923076923077
A_NA_N1	898	15	N	0	0	14	21.8571428571429
A_NA_N1	899	15	N	0	0	15	22.7333333333333
A_NA_N1	900	15	N	0	0	15	17.8666666666667
A_NA_N1	901	14	N	1	0	14	16.0714285714286
A_NA_N1	902	15	N	0	0	14	17.8571428571429
A_NA_N1	903	15	N	0	0	15	18.4
A_NA_N1	904	15	N	0	0	14	17.5714285714286
A_NA_N1	905	14	N	1	0	14	19
A_NA_N1	906	14	N	1	0	14	18.5714285714286
A_NA_N1	907	14	N	1	0	14	19.9285714285714
A_NA_N1	908	15	N	0	0	15	16.8666666666667
A_NA_N1	909	15	N	0	0	15	15.6
A_NA_N1	910	15	N	0	0	15	15.9333333333333
A_NA_N1	911	14	N	1	0	14	18.3571428571429
A_NA_N1	912	14	N	1	0	14	21.6428571428571
A_NA_N1	913	14	N	1	0	14	21.7142857142857
A_NA_N1	914	15	N	0	0	14	21.3571428571429
A_NA_N1	915	15	N	0	0	13	18.3846153846154
A_NA_N1	916	15	N	0	0	15	18.1333333333333
A_NA_N1	917	15	N	0	0	15	17.4
A_NA_N1	918	15	N	0	0	15	17.4666666666667
A_NA_N1	919	15	N	0	0	15	17.6666666666667
A_NA_N1	920	15	N	0	0	15	15.1333333333333
A_NA_N1	921	14	N	1	0	14	18.2142857142857
A_NA_N1	922	15	N	0	0	15	17.6
A_NA_N1	923	15	N	0	0	14	15.4285714285714
A_NA_N1	924	15	N	0	0	15	17.5333333333333
A_NA_N1	925	15	N	0	0	15	18.3333333333333
A_NA_N1	926	15	N	0	0	15	18.8666666666667
A_NA_N1	927	15	N	0	0	15	18
A_NA_N1	928	15	N	0	0	15	20.3333333333333
A_NA_N1	929	15	N	0	0	15	18.9333333333333
A_NA_N1	930	12	N	3	0	12	17.8333333333333
A_NA_N1	931	14	N	1	0	13	18.6923076923077
A_NA_N1	932	15	N	0	0	15	19.1333333333333
A_NA_N1	933	15	N	0	0	14	20.8571428571429
A_NA_N1	934	15	N	0	0	14	20.5
A_NA_N1	935	15	N	0	0	15	23.5333333333333
A_NA_N1	936	15	N	0	0	15	19.4666666666667
A_NA_N1	937	15	N	0	0	15	21.3333333333333
A_NA_N1	938	14	N	1	0	14	19.8571428571429
A_NA_N1	939	15	N	0	0	15	18.4666666666667
A_NA_N1	940	15	N	0	0	15	20.0666666666667
A_NA_N1	941	15	N	0	0	15	20.4
A_NA_N1	942	14	N	1	0	14	21.7857142857143
A_NA_N1	943	14	N	1	0	14	21.6428571428571
A_NA_N1	944	15	N	0	0	15	18.7333333333333
A_NA_N1	945	15	N	0	0	15	19.8
A_NA_N1	946	15	N	0	0	15	20.4666666666667
A_NA_N1	947	15	N	0	0	15	20.0666666666667
A_NA_N1	948	15	N	0	0	15	19.6
A_NA_N1	949	15	N	0	0	15	19.5333333333333
A_NA_N1	950	15	N	0	0	14	20.4285714285714
A_NA_N1	951	15	N	0	0	15	18.6666666666667
A_NA_N1	952	15	N	0	0	15	18.5333333333333
A_NA_N1	953	15	N	0	0	15	18.0666666666667
A_NA_N1	954	15	N	0	0	14	20.2857142857143
A_NA_N1	955	15	N	0	0	15	20.6
A_NA_N1	956	14	N	1	0	14	21
A_NA_N1	957	14	N	1	0	14	25.4285714285714
A_NA_N1	958	14	N	1	0	14	20
A_NA_N1	959	15	N	0	0	15	21.3333333333333
A_NA_N1	960	15	N	0	0	15	21.5333333333333
A_NA_N1	961	15	N	0	0	15	21.8
A_NA_N1	962	15	N	0	0	14	21.7142857142857
A_NA_N1	963	15	N	0	0	15	22.0666666666667
A_NA_N1	964	14	N	1	0	14	22.0714285714286
A_NA_N1	965	14	N	1	0	14	21.4285714285714
A_NA_N1	966	14	N	1	0	11	21.4545454545455
A_NA_N1	967	14	N	1	0	14	18.4285714285714
A_NA_N1	968	14	N	1	0	14	18
A_NA_N1	969	14	N	1	0	13	16.5384615384615
A_NA_N1	970	15	N	0	0	15	18.3333333333333
A_NA_N1	971	15	N	0	0	14	16.9285714285714
A_NA_N1	972	15	N	0	0	15	17.4
A_NA_N1	973	15	N	0	0	15	15.9333333333333
A_NA_N1	974	15	N	0	0	15	15.8
A_NA_N1	975	14	N	1	0	14	16.8571428571429
A_NA_N1	976	15	N	0	0	15	17.8
A_NA_N1	977	15	N	0	0	15	18
A_NA_N1	978	15	N	0	0	14	18.0714285714286
A_NA_N1	979	15	N	0	0	15	16.4666666666667
A_NA_N1	980	15	N	0	0	14	18.9285714285714
A_NA_N1	981	15	N	0	0	15	17
A_NA_N1	982	15	N	0	0	15	17.9333333333333
A_NA_N1	983	15	N	0	0	14	16.1428571428571
A_NA_N1	984	15	N	0	0	15	16.4
A_NA_N1	985	15	N	0	0	14	19.1428571428571
A_NA_N1	986	15	N	0	0	15	21.4
A_NA_N1	987	14	N	1	0	13	22.4615384615385
A_NA_N1	988	14	N	1	0	14	22.8571428571429
A_NA_N1	989	14	N	1	0	14	21
A_NA_N1	990	14	N	1	0	14	20.4285714285714
A_NA_N1	991	13	N	2	0	13	22.2307692307692
A_NA_N1	992	14	N	1	0	14	19.8571428571429
A_NA_N1	993	14	N	1	0	14	19.6428571428571
A_NA_N1	994	14	N	1	0	14	18.7142857142857
A_NA_N1	995	14	N	1	0	14	20.1428571428571
A_NA_N1	996	14	N	1	0	14	20.2142857142857
A_NA_N1	997	14	N	1	0	14	20.6428571428571
A_NA_N1	998	15	N	0	0	15	20.5333333333333
A_NA_N1	999	15	N	0	0	15	21.3333333333333
A_NA_N1	1000	15	N	0	0	15	20.6666666666667
A_NA_N1	1001	15	N	0	0	15	21.4
A_NA_N1	1002	15	N	0	0	14	20.7857142857143
A_NA_N1	1003	15	N	0	0	14	19.1428571428571
A_NA_N1	1004	15	N	0	0	14	20.6428571428571
A_NA_N1	1005	14	N	1	0	13	19.3846153846154
A_NA_N1	1006	15	N	0	0	14	19.5
A_NA_N1	1007	15	N	0	0	15	19.8
A_NA_N1	1008	15	N	0	0	15	21.4666666666667
A_NA_N1	1009	15	N	0	0	15	21.9333333333333
A_NA_N1	1010	14	N	1	0	14	18.7142857142857
A_NA_N1	1011	14	N	1	0	14	18.5714285714286
A_NA_N1	1012	14	N	1	0	14	20.6428571428571
A_NA_N1	1013	15	N	0	0	14	22.7142857142857
A_NA_N1	1014	15	N	0	0	15	23.5333333333333
A_NA_N1	1015	15	N	0	0	15	25.4
A_NA_N1	1016	15	N	0	0	8	24.25
A_NA_N1	1017	15	N	0	0	15	24.8666666666667
A_NA_N1	1018	15	N	0	0	15	24.3333333333333
A_NA_N1	1019	15	N	0	0	15	23
A_NA_N1	1020	15	N	0	0	15	21.2
A_NA_N1	1021	15	N	0	0	15	21.4666666666667
A_NA_N1	1022	15	N	0	0	15	22.8666666666667
A_NA_N1	1023	14	N	1	0	14	23.0714285714286
A_NA_N1	1024	15	N	0	0	14	23.6428571428571
A_NA_N1	1025	15	N	0	0	14	22.2857142857143
A_NA_N1	1026	15	N	0	0	15	21.6
A_NA_N1	1027	15	N	0	0	15	20.7333333333333
A_NA_N1	1028	15	N	0	0	15	20.2
A_NA_N1	1029	15	N	0	0	15	19.3333333333333
A_NA_N1	1030	15	N	0	0	15	19.1333333333333
A_NA_N1	1031	15	N	0	0	15	20.6
A_NA_N1	1032	15	N	0	0	15	21.8666666666667
A_NA_N1	1033	13	N	2	0	13	20.0769230769231
A_NA_N1	1034	14	N	1	0	14	19.9285714285714
A_NA_N1	1035	14	N	1	0	14	19.6428571428571
A_NA_N1	1036	15	N	0	0	15	20.3333333333333
A_NA_N1	1037	15	N	0	0	14	19.4285714285714
A_NA_N1	1038	13	N	2	0	13	18.3846153846154
A_NA_N1	1039	15	N	0	0	15	21
A_NA_N1	1040	15	N	0	0	15	19.6
A_NA_N1	1041	15	N	0	0	9	19.1111111111111
A_NA_N1	1042	15	N	0	0	15	21
A_NA_N1	1043	14	N	0	0	14	20
A_NA_N1	1044	14	N	0	0	14	19.3571428571429
A_NA_N1	1045	14	N	0	0	14	18.9285714285714
A_NA_N1	1046	14	N	0	0	14	18.4285714285714
A_NA_N1	1047	14	N	0	0	14	18.5
A_NA_N1	1048	14	N	0	0	14	21.7142857142857
A_NA_N1	1049	14	N	0	0	14	20.2142857142857
A_NA_N1	1050	14	N	0	0	14	19
A_NA_N1	1051	14	N	0	0	14	18.0714285714286
A_NA_N1	1052	14	N	0	0	14	18.2857142857143
A_NA_N1	1053	14	N	0	0	14	19
A_NA_N1	1054	14	N	0	0	14	18
A_NA_N1	1055	14	N	0	0	14	19.5714285714286
A_NA_N1	1056	14	N	0	0	14	19.5
A_NA_N1	1057	14	N	0	0	14	22.2857142857143
A_NA_N1	1058	14	N	0	0	14	18.8571428571429
A_NA_N1	1059	14	N	0	0	14	20.1428571428571
A_NA_N1	1060	14	N	0	0	13	18.3076923076923
A_NA_N1	1061	14	N	0	0	14	17.7857142857143
A_NA_N1	1062	14	N	0	0	14	18.7142857142857
A_NA_N1	1063	14	N	0	0	14	18.7857142857143
A_NA_N1	1064	14	N	0	0	14	20.5
A_NA_N1	1065	14	N	0	0	14	20.6428571428571
A_NA_N1	1066	13	N	1	0	13	26.3846153846154
A_NA_N1	1067	13	N	1	0	13	21.6923076923077
A_NA_N1	1068	14	N	0	0	14	20.7857142857143
A_NA_N1	1069	14	N	0	0	14	21.0714285714286
A_NA_N1	1070	14	N	0	0	14	19.5
A_NA_N1	1071	14	N	0	0	14	21.5714285714286
A_NA_N1	1072	14	N	0	0	14	21.5714285714286
A_NA_N1	1073	13	N	1	0	13	23.5384615384615
A_NA_N1	1074	14	N	0	0	14	23.2857142857143
A_NA_N1	1075	14	N	0	0	14	22.5714285714286
A_NA_N1	1076	14	N	0	0	14	23.3571428571429
A_NA_N1	1077	14	N	0	0	14	23.5714285714286
A_NA_N1	1078	12	N	2	0	12	23.4166666666667
A_NA_N1	1079	13	N	1	0	13	21.9230769230769
A_NA_N1	1080	14	N	0	0	14	22.7857142857143
A_NA_N1	1081	14	N	0	0	14	22.4285714285714
A_NA_N1	1082	14	N	0	0	14	21.5714285714286
A_NA_N1	1083	14	N	0	0	8	20.5
A_NA_N1	1084	14	N	0	0	14	22.5
A_NA_N1	1085	14	N	0	0	14	22.5
A_NA_N1	1086	14	N	0	0	13	22.2307692307692
A_NA_N1	1087	14	N	0	0	14	23.7857142857143
A_NA_N1	1088	13	N	1	0	13	22.2307692307692
A_NA_N1	1089	12	N	2	0	12	18.9166666666667
A_NA_N1	1090	13	N	1	0	13	19.3076923076923
A_NA_N1	1091	13	N	1	0	12	19.25
A_NA_N1	1092	14	N	0	0	14	17.5
A_NA_N1	1093	14	N	0	0	14	18.4285714285714
A_NA_N1	1094	14	N	0	0	13	20.3076923076923
A_NA_N1	1095	14	N	0	0	13	20.6923076923077
A_NA_N1	1096	14	N	0	0	13	19.8461538461538
A_NA_N1	1097	13	N	1	0	13	25.6153846153846
A_NA_N1	1098	14	N	0	0	14	20.9285714285714
A_NA_N1	1099	14	N	0	0	14	21.6428571428571
A_NA_N1	1100	14	N	0	0	14	21.6428571428571
A_NA_N1	1101	13	N	1	0	13	18.4615384615385
A_NA_N1	1102	14	N	0	0	14	25.3571428571429
A_NA_N1	1103	14	N	0	0	14	21.3571428571429
A_NA_N1	1104	14	N	0	0	13	23.2307692307692
A_NA_N1	1105	14	N	0	0	14	23.7142857142857
A_NA_N1	1106	14	N	0	0	14	23.9285714285714
A_NA_N1	1107	14	N	0	0	14	23.9285714285714
A_NA_N1	1108	14	N	0	0	14	23.5
A_NA_N1	1109	14	N	0	0	13	25.0769230769231
A_NA_N1	1110	14	N	0	0	14	23.2857142857143
A_NA_N1	1111	14	N	0	0	14	23.7857142857143
A_NA_N1	1112	14	N	0	0	14	25.7857142857143
A_NA_N1	1113	14	N	0	0	14	23.8571428571429
A_NA_N1	1114	14	N	0	0	14	20.1428571428571
A_NA_N1	1115	14	N	0	0	13	20.1538461538462
A_NA_N1	1116	14	N	0	0	14	17.2142857142857
A_NA_N1	1117	14	N	0	0	14	19.4285714285714
A_NA_N1	1118	14	N	0	0	14	20.6428571428571
A_NA_N1	1119	14	N	0	0	14	20.9285714285714
A_NA_N1	1120	14	N	0	0	14	22.2857142857143
A_NA_N1	1121	14	N	0	0	14	23.7142857142857
A_NA_N1	1122	14	N	0	0	14	22.5
A_NA_N1	1123	14	N	0	0	14	21.2142857142857
A_NA_N1	1124	13	N	1	0	11	16.9090909090909
A_NA_N1	1125	14	N	0	0	14	15.3571428571429
A_NA_N1	1126	14	N	0	0	14	14.5
A_NA_N1	1127	14	N	0	0	14	15.7142857142857
A_NA_N1	1128	14	N	0	0	14	18.5714285714286
A_NA_N1	1129	11	N	3	0	11	17.7272727272727
A_NA_N1	1130	14	N	0	0	14	17.7142857142857
A_NA_N1	1131	14	N	0	0	14	14.1428571428571
A_NA_N1	1132	14	N	0	0	14	15.0714285714286
A_NA_N1	1133	14	N	0	0	14	16.1428571428571
A_NA_N1	1134	14	N	0	0	14	18.4285714285714
A_NA_N1	1135	14	N	0	0	14	19.5
A_NA_N1	1136	14	N	0	0	14	20.9285714285714
A_NA_N1	1137	14	N	0	0	14	20.0714285714286
A_NA_N1	1138	14	N	0	0	14	21.7142857142857
A_NA_N1	1139	14	N	0	0	14	22.5714285714286
A_NA_N1	1140	14	N	0	0	14	20.7142857142857
A_NA_N1	1141	14	N	0	0	14	21.5
A_NA_N1	1142	14	N	0	0	14	21.7857142857143
A_NA_N1	1143	13	N	1	0	13	22.2307692307692
A_NA_N1	1144	14	N	0	0	12	21.3333333333333
A_NA_N1	1145	14	N	0	0	14	18.2142857142857
A_NA_N1	1146	14	N	0	0	14	17.8571428571429
A_NA_N1	1147	13	N	1	0	13	18.7692307692308
A_NA_N1	1148	14	N	0	0	12	21.75
A_NA_N1	1149	14	N	0	0	13	18.4615384615385
A_NA_N1	1150	14	N	0	0	13	17.4615384615385
A_NA_N1	1151	14	N	0	0	14	16.9285714285714
A_NA_N1	1152	14	N	0	0	14	17.2142857142857
A_NA_N1	1153	14	N	0	0	14	17.2142857142857
A_NA_N1	1154	14	N	0	0	14	16.5714285714286
A_NA_N1	1155	14	N	0	0	14	18.2857142857143
A_NA_N1	1156	14	N	0	0	14	19.5
A_NA_N1	1157	14	N	0	0	14	21.4285714285714
A_NA_N1	1158	14	N	0	0	14	23
A_NA_N1	1159	14	N	0	0	14	22.8571428571429
A_NA_N1	1160	14	N	0	0	14	23.5
A_NA_N1	1161	13	N	1	0	13	23.5384615384615
A_NA_N1	1162	13	N	1	0	13	23.3846153846154
A_NA_N1	1163	13	N	1	0	13	22.6923076923077
A_NA_N1	1164	9	N	5	0	8	16.5
A_NA_N1	1165	12	N	2	0	12	19.3333333333333
A_NA_N1	1166	13	N	1	0	13	23.6923076923077
A_NA_N1	1167	14	N	0	0	14	21.8571428571429
A_NA_N1	1168	14	N	0	0	14	21.2857142857143
A_NA_N1	1169	14	N	0	0	14	22.5
A_NA_N1	1170	13	N	1	0	13	22.3076923076923
A_NA_N1	1171	14	N	0	0	13	21.8461538461538
A_NA_N1	1172	14	N	0	0	14	18.7142857142857
A_NA_N1	1173	14	N	0	0	13	20.0769230769231
A_NA_N1	1174	14	N	0	0	14	20.8571428571429
A_NA_N1	1175	13	N	1	0	13	22.6153846153846
A_NA_N1	1176	13	N	1	0	13	22.0769230769231
A_NA_N1	1177	13	N	1	0	12	21.5
A_NA_N1	1178	13	N	1	0	12	23.0833333333333
A_NA_N1	1179	14	N	0	0	13	20.8461538461538
A_NA_N1	1180	14	N	0	0	13	21
A_NA_N1	1181	14	N	0	0	13	20.3846153846154
A_NA_N1	1182	14	N	0	0	14	18.4285714285714
A_NA_N1	1183	12	N	2	0	12	17.5
A_NA_N1	1184	13	N	1	0	13	16.8461538461538
A_NA_N1	1185	14	N	0	0	14	19.5
A_NA_N1	1186	14	N	0	0	14	19.3571428571429
A_NA_N1	1187	14	N	0	0	14	19.4285714285714
A_NA_N1	1188	14	N	0	0	14	20.9285714285714
A_NA_N1	1189	14	N	0	0	14	22.7142857142857
A_NA_N1	1190	14	N	0	0	14	20.7142857142857
A_NA_N1	1191	14	N	0	0	14	20.1428571428571
A_NA_N1	1192	14	N	0	0	14	20.8571428571429
A_NA_N1	1193	14	N	0	0	14	19.3571428571429
A_NA_N1	1194	14	N	0	0	14	17.3571428571429
A_NA_N1	1195	14	N	0	0	14	18.9285714285714
A_NA_N1	1196	14	N	0	0	14	25.2142857142857
A_NA_N1	1197	14	N	0	0	14	19.7142857142857
A_NA_N1	1198	14	N	0	0	14	21.7857142857143
A_NA_N1	1199	14	N	0	0	14	21.8571428571429
A_NA_N1	1200	13	N	1	0	12	21.9166666666667
A_NA_N1	1201	12	N	2	0	12	20.25
A_NA_N1	1202	14	N	0	0	14	18.5714285714286
A_NA_N1	1203	14	N	0	0	14	17.5714285714286
A_NA_N1	1204	14	N	0	0	14	18.5
A_NA_N1	1205	14	N	0	0	14	21.7857142857143
A_NA_N1	1206	14	N	0	0	14	22.6428571428571
A_NA_N1	1207	14	N	0	0	14	20.5
A_NA_N1	1208	12	N	2	0	12	21.3333333333333
A_NA_N1	1209	12	N	2	0	12	20.8333333333333
A_NA_N1	1210	13	N	1	0	13	20.8461538461538
A_NA_N1	1211	14	N	0	0	12	21.0833333333333
A_NA_N1	1212	14	N	0	0	14	22.7857142857143
A_NA_N1	1213	14	N	0	0	14	22.9285714285714
A_NA_N1	1214	14	N	0	0	14	28.7142857142857
A_NA_N1	1215	14	N	0	0	14	32.2857142857143
A_NA_N1	1216	14	N	0	0	14	24.5
A_NA_N1	1217	14	N	0	0	14	21.7142857142857
A_NA_N1	1218	14	N	0	0	14	22.6428571428571
A_NA_N1	1219	14	N	0	0	14	22.3571428571429
A_NA_N1	1220	14	N	0	0	14	23.2857142857143
A_NA_N1	1221	14	N	0	0	14	23
A_NA_N1	1222	14	N	0	0	13	24.1538461538462
A_NA_N1	1223	14	N	0	0	14	23.2857142857143
A_NA_N1	1224	14	N	0	0	14	21.5714285714286
A_NA_N1	1225	14	N	0	0	14	22
A_NA_N1	1226	14	N	0	0	14	21
A_NA_N1	1227	14	N	0	0	13	20.8461538461538
A_NA_N1	1228	14	N	0	0	14	22.2142857142857
A_NA_N1	1229	14	N	0	0	13	21.3076923076923
A_NA_N1	1230	14	N	0	0	14	22.7142857142857
A_NA_N1	1231	14	N	0	0	14	21.5
A_NA_N1	1232	14	N	0	0	13	22.1538461538462
A_NA_N1	1233	14	N	0	0	14	20.8571428571429
A_NA_N1	1234	14	N	0	0	14	18.3571428571429
A_NA_N1	1235	14	N	0	0	14	17.6428571428571
A_NA_N1	1236	14	N	0	0	13	18.3846153846154
A_NA_N1	1237	13	N	0	0	12	18.5
A_NA_N1	1238	13	N	0	0	13	18.6923076923077
A_NA_N1	1239	13	N	0	0	13	18.9230769230769
A_NA_N1	1240	13	N	0	0	13	19.7692307692308
A_NA_N1	1241	13	N	0	0	13	19.6153846153846
A_NA_N1	1242	13	N	0	0	13	20.0769230769231
A_NA_N1	1243	13	N	0	0	13	20.7692307692308
A_NA_N1	1244	13	N	0	0	13	23.1538461538462
A_NA_N1	1245	12	N	1	0	12	23.3333333333333
A_NA_N1	1246	13	N	0	0	13	24
A_NA_N1	1247	13	N	0	0	13	24.4615384615385
A_NA_N1	1248	13	N	0	0	12	22.9166666666667
A_NA_N1	1249	13	N	0	0	12	22.75
A_NA_N1	1250	13	N	0	0	13	21.1538461538462
A_NA_N1	1251	13	N	0	0	13	20.5384615384615
A_NA_N1	1252	13	N	0	0	13	23.6923076923077
A_NA_N1	1253	13	N	0	0	13	23.7692307692308
A_NA_N1	1254	13	N	0	0	12	25.5833333333333
A_NA_N1	1255	13	N	0	0	12	23.1666666666667
A_NA_N1	1256	13	N	0	0	13	21
A_NA_N1	1257	13	N	0	0	12	23.5833333333333
A_NA_N1	1258	13	N	0	0	13	22.6153846153846
A_NA_N1	1259	13	N	0	0	13	20.7692307692308
A_NA_N1	1260	11	N	2	0	11	20
A_NA_N1	1261	12	N	1	0	12	20.5833333333333
A_NA_N1	1262	13	N	0	0	13	18.7692307692308
A_NA_N1	1263	13	N	0	0	13	21.3076923076923
A_NA_N1	1264	13	N	0	0	13	20.6923076923077
A_NA_N1	1265	13	N	0	0	13	20.8461538461538
A_NA_N1	1266	13	N	0	0	13	21.0769230769231
A_NA_N1	1267	12	N	1	0	12	22.6666666666667
A_NA_N1	1268	13	N	0	0	13	24.3076923076923
A_NA_N1	1269	13	N	0	0	13	22.0769230769231
A_NA_N1	1270	13	N	0	0	13	22
A_NA_N1	1271	13	N	0	0	13	21.5384615384615
A_NA_N1	1272	13	N	0	0	13	21.5384615384615
A_NA_N1	1273	13	N	0	0	13	21.5384615384615
A_NA_N1	1274	13	N	0	0	13	21.9230769230769
A_NA_N1	1275	13	N	0	0	13	28.0769230769231
A_NA_N1	1276	13	N	0	0	13	22.6923076923077
A_NA_N1	1277	12	N	1	0	11	23.1818181818182
A_NA_N1	1278	12	N	1	0	12	23.9166666666667
A_NA_N1	1279	12	N	1	0	12	23.5
A_NA_N1	1280	13	N	0	0	12	22.8333333333333
A_NA_N1	1281	13	N	0	0	13	23.3076923076923
A_NA_N1	1282	13	N	0	0	12	24.3333333333333
A_NA_N1	1283	13	N	0	0	13	20.7692307692308
A_NA_N1	1284	13	N	0	0	12	21.5
A_NA_N1	1285	13	N	0	0	13	18
A_NA_N1	1286	13	N	0	0	13	18.0769230769231
A_NA_N1	1287	12	N	1	0	12	24.8333333333333
A_NA_N1	1288	12	N	1	0	12	27.5833333333333
A_NA_N1	1289	12	N	1	0	12	21.4166666666667
A_NA_N1	1290	12	N	1	0	12	21.5833333333333
A_NA_N1	1291	12	N	1	0	12	21
A_NA_N1	1292	12	N	1	0	12	22.9166666666667
A_NA_N1	1293	12	N	1	0	12	21.9166666666667
A_NA_N1	1294	12	N	1	0	11	22.9090909090909
A_NA_N1	1295	12	N	1	0	12	22.3333333333333
A_NA_N1	1296	11	N	2	0	11	22.0909090909091
A_NA_N1	1297	11	N	2	0	11	27.2727272727273
A_NA_N1	1298	12	N	1	0	12	21.9166666666667
A_NA_N1	1299	12	N	1	0	12	22.75
A_NA_N1	1300	12	N	1	0	12	23.3333333333333
A_NA_N1	1301	12	N	1	0	12	21.5833333333333
A_NA_N1	1302	12	N	1	0	11	24.5454545454545
A_NA_N1	1303	13	N	0	0	13	24.3076923076923
A_NA_N1	1304	13	N	0	0	13	25
A_NA_N1	1305	13	N	0	0	7	24.1428571428571
A_NA_N1	1306	13	N	0	0	13	23.6923076923077
A_NA_N1	1307	13	N	0	0	13	24.6923076923077
A_NA_N1	1308	13	N	0	0	12	22.9166666666667
A_NA_N1	1309	12	N	1	0	11	24.5454545454545
A_NA_N1	1310	9	N	4	0	9	24.3333333333333
A_NA_N1	1311	12	N	1	0	12	25.4166666666667
A_NA_N1	1312	12	N	1	0	12	25.3333333333333
A_NA_N1	1313	12	N	1	0	11	24.0909090909091
A_NA_N1	1314	12	N	1	0	11	23.8181818181818
A_NA_N1	1315	13	N	0	0	12	19
A_NA_N1	1316	13	N	0	0	12	17.6666666666667
A_NA_N1	1317	13	N	0	0	12	18
A_NA_N1	1318	13	N	0	0	12	16.8333333333333
A_NA_N1	1319	13	N	0	0	13	17.7692307692308
A_NA_N1	1320	12	N	1	0	11	21
A_NA_N1	1321	12	N	1	0	12	22.3333333333333
A_NA_N1	1322	13	N	0	0	12	25.4166666666667
A_NA_N1	1323	13	N	0	0	12	21.0833333333333
A_NA_N1	1324	13	N	0	0	12	19.5833333333333
A_NA_N1	1325	13	N	0	0	13	18.3846153846154
A_NA_N1	1326	13	N	0	0	11	16.7272727272727
A_NA_N1	1327	13	N	0	0	13	17.2307692307692
A_NA_N1	1328	13	N	0	0	12	18.9166666666667
A_NA_N1	1329	13	N	0	0	12	20.9166666666667
A_NA_N1	1330	13	N	0	0	12	23.0833333333333
A_NA_N1	1331	13	N	0	0	13	22.4615384615385
A_NA_N1	1332	13	N	0	0	13	22.6923076923077
A_NA_N1	1333	11	N	2	0	10	19.8
A_NA_N1	1334	13	N	0	0	13	19.9230769230769
A_NA_N1	1335	13	N	0	0	13	22.2307692307692
A_NA_N1	1336	13	N	0	0	13	22.0769230769231
A_NA_N1	1337	13	N	0	0	13	22
A_NA_N1	1338	13	N	0	0	12	22.9166666666667
A_NA_N1	1339	13	N	0	0	13	21.7692307692308
A_NA_N1	1340	13	N	0	0	13	21.7692307692308
A_NA_N1	1341	13	N	0	0	13	21.6923076923077
A_NA_N1	1342	13	N	0	0	13	20.5384615384615
A_NA_N1	1343	13	N	0	0	13	19.7692307692308
A_NA_N1	1344	13	N	0	0	12	20.8333333333333
A_NA_N1	1345	13	N	0	0	13	27.9230769230769
A_NA_N1	1346	13	N	0	0	13	26.9230769230769
A_NA_N1	1347	13	N	0	0	13	20.8461538461538
A_NA_N1	1348	13	N	0	0	13	17.5384615384615
A_NA_N1	1349	13	N	0	0	13	24
A_NA_N1	1350	13	N	0	0	13	22.0769230769231
A_NA_N1	1351	13	N	0	0	13	20.4615384615385
A_NA_N1	1352	13	N	0	0	13	22.1538461538462
A_NA_N1	1353	13	N	0	0	13	23.6923076923077
A_NA_N1	1354	13	N	0	0	13	23.6153846153846
A_NA_N1	1355	13	N	0	0	13	24.3846153846154
A_NA_N1	1356	13	N	0	0	13	25.6923076923077
A_NA_N1	1357	13	N	0	0	13	26.0769230769231
A_NA_N1	1358	13	N	0	0	12	28.25
A_NA_N1	1359	13	N	0	0	13	28.3846153846154
A_NA_N1	1360	13	N	0	0	13	28.0769230769231
A_NA_N1	1361	13	N	0	0	13	24.8461538461538
A_NA_N1	1362	12	N	1	0	11	24.6363636363636
A_NA_N1	1363	13	N	0	0	12	24.1666666666667
A_NA_N1	1364	13	N	0	0	12	22.5
A_NA_N1	1365	13	N	0	0	12	20.8333333333333
A_NA_N1	1366	13	N	0	0	12	20.4166666666667
A_NA_N1	1367	13	N	0	0	13	20.3846153846154
A_NA_N1	1368	13	N	0	0	13	29.1538461538462
A_NA_N1	1369	13	N	0	0	13	31
A_NA_N1	1370	13	N	0	0	13	32.5384615384615
A_NA_N1	1371	13	N	0	0	13	31.3076923076923
A_NA_N1	1372	13	N	0	0	13	23.8461538461538
A_NA_N1	1373	13	N	0	0	13	21.3846153846154
A_NA_N1	1374	13	N	0	0	13	19.4615384615385
A_NA_N1	1375	13	N	0	0	12	21.9166666666667
A_NA_N1	1376	13	N	0	0	12	24.4166666666667
A_NA_N1	1377	13	N	0	0	13	21.9230769230769
A_NA_N1	1378	13	N	0	0	13	21.6153846153846
A_NA_N1	1379	13	N	0	0	13	22.1538461538462
A_NA_N1	1380	13	N	0	0	13	22.2307692307692
A_NA_N1	1381	13	N	0	0	13	23
A_NA_N1	1382	13	N	0	0	13	23.6923076923077
A_NA_N1	1383	13	N	0	0	13	24.9230769230769
A_NA_N1	1384	13	N	0	0	13	25.3846153846154
A_NA_N1	1385	13	N	0	0	13	24
A_NA_N1	1386	13	N	0	0	13	23.3076923076923
A_NA_N1	1387	13	N	0	0	12	22.3333333333333
A_NA_N1	1388	13	N	0	0	13	22.8461538461538
A_NA_N1	1389	13	N	0	0	13	22.5384615384615
A_NA_N1	1390	13	N	0	0	13	23.7692307692308
A_NA_N1	1391	13	N	0	0	12	30
A_NA_N1	1392	13	N	0	0	13	26.7692307692308
A_NA_N1	1393	13	N	0	0	13	25.6153846153846
A_NA_N1	1394	13	N	0	0	13	25.3846153846154
A_NA_N1	1395	13	N	0	0	13	23.1538461538462
A_NA_N1	1396	13	N	0	0	13	19.9230769230769
A_NA_N1	1397	12	N	0	0	12	18.5
A_NA_N1	1398	12	N	0	0	12	17.3333333333333
A_NA_N1	1399	12	N	0	0	12	17.0833333333333
A_NA_N1	1400	12	N	0	0	12	17.9166666666667
A_NA_N1	1401	12	N	0	0	12	18.1666666666667
A_NA_N1	1402	12	N	0	0	12	19.5833333333333
A_NA_N1	1403	12	N	0	0	12	22.25
A_NA_N1	1404	12	N	0	0	12	25.4166666666667
A_NA_N1	1405	12	N	0	0	12	24.3333333333333
A_NA_N1	1406	12	N	0	0	12	29.0833333333333
A_NA_N1	1407	12	N	0	0	12	23.0833333333333
A_NA_N1	1408	12	N	0	0	12	24.8333333333333
A_NA_N1	1409	12	N	0	0	12	21.9166666666667
A_NA_N1	1410	12	N	0	0	12	20.3333333333333
