Reference_Name	Position	Coverage Depth	Consensus	Deletions	Ambiguous	Consensus_Count	Consensus_Average_Quality
A_NP	1	11	N	0	0	11	21
A_NP	2	11	N	0	0	11	23.3636363636364
A_NP	3	11	N	0	0	11	23
A_NP	4	11	N	0	0	11	22.6363636363636
A_NP	5	11	N	0	0	11	21.4545454545455
A_NP	6	11	N	0	0	11	20.5454545454545
A_NP	7	11	N	0	0	11	21
A_NP	8	11	N	0	0	11	21
A_NP	9	11	N	0	0	8	22
A_NP	10	11	N	0	0	11	22.6363636363636
A_NP	11	11	N	0	0	11	22
A_NP	12	11	N	0	0	11	21.3636363636364
A_NP	13	11	N	0	0	11	21.0909090909091
A_NP	14	11	N	0	0	11	23.1818181818182
A_NP	15	11	N	0	0	11	21.6363636363636
A_NP	16	11	N	0	0	11	18.7272727272727
A_NP	17	11	N	0	0	11	18.9090909090909
A_NP	18	11	N	0	0	11	17.7272727272727
A_NP	19	11	N	0	0	11	17.3636363636364
A_NP	20	11	N	0	0	11	19
A_NP	21	11	N	0	0	11	20.8181818181818
A_NP	22	11	N	0	0	11	19.4545454545455
A_NP	23	11	N	0	0	11	19.4545454545455
A_NP	24	11	N	0	0	8	22.375
A_NP	25	11	N	0	0	11	21
A_NP	26	11	N	0	0	11	21.8181818181818
A_NP	27	11	N	0	0	8	21.875
A_NP	28	11	N	0	0	11	25.4545454545455
A_NP	29	11	N	0	0	11	25.9090909090909
A_NP	30	11	N	0	0	10	27.2
A_NP	31	11	N	0	0	11	25.5454545454545
A_NP	32	11	N	0	0	11	25.2727272727273
A_NP	33	11	N	0	0	11	24.4545454545455
A_NP	34	11	N	0	0	11	24.5454545454545
A_NP	35	11	N	0	0	11	23.1818181818182
A_NP	36	11	N	0	0	8	21.5
A_NP	37	11	N	0	0	11	21.6363636363636
A_NP	38	11	N	0	0	11	21.6363636363636
A_NP	39	11	N	0	0	11	21.9090909090909
A_NP	40	11	N	0	0	11	19.9090909090909
A_NP	41	11	N	0	0	11	18.8181818181818
A_NP	42	11	N	0	0	6	17
A_NP	43	11	N	0	0	11	19.9090909090909
A_NP	44	11	N	0	0	11	20.5454545454545
A_NP	45	11	N	0	0	10	21.8
A_NP	46	11	N	0	0	10	22
A_NP	47	10	N	1	0	6	25.1666666666667
A_NP	48	10	N	1	0	9	20.3333333333333
A_NP	49	11	N	0	0	9	21
A_NP	50	9	N	2	0	8	19.375
A_NP	51	9	N	2	0	5	21.2
A_NP	52	11	N	0	0	10	23.5
A_NP	53	11	N	0	0	10	21
A_NP	54	11	N	0	0	7	20.1428571428571
A_NP	55	11	N	0	0	9	21.5555555555556
A_NP	56	11	N	0	0	11	20.3636363636364
A_NP	57	11	N	0	0	10	24
A_NP	58	11	N	0	0	11	24
A_NP	59	11	N	0	0	11	23.3636363636364
A_NP	60	9	N	2	0	9	24.5555555555556
A_NP	61	10	N	1	0	7	25.1428571428571
A_NP	62	10	N	1	0	10	23.2
A_NP	63	10	N	1	0	10	24.3
A_NP	64	10	N	1	0	5	26
A_NP	65	11	N	0	0	11	22.6363636363636
A_NP	66	11	N	0	0	8	19.75
A_NP	67	11	N	0	0	11	20.5454545454545
A_NP	68	11	N	0	0	11	20.8181818181818
A_NP	69	11	N	0	0	8	18.75
A_NP	70	11	N	0	0	11	21
A_NP	71	11	N	0	0	11	20.8181818181818
A_NP	72	11	N	0	0	8	21.5
A_NP	73	11	N	0	0	11	22.9090909090909
A_NP	74	11	N	0	0	10	21.4
A_NP	75	11	N	0	0	7	25.2857142857143
A_NP	76	11	N	0	0	11	24.2727272727273
A_NP	77	11	N	0	0	11	21.3636363636364
A_NP	78	11	N	0	0	8	20
A_NP	79	10	N	1	0	10	19.7
A_NP	80	11	N	0	0	11	20.1818181818182
A_NP	81	11	N	0	0	11	21.9090909090909
A_NP	82	11	N	0	0	11	21.6363636363636
A_NP	83	11	N	0	0	11	21.0909090909091
A_NP	84	11	N	0	0	8	22.375
A_NP	85	11	N	0	0	11	21.0909090909091
A_NP	86	11	N	0	0	10	21.9
A_NP	87	11	N	0	0	8	22
A_NP	88	10	N	1	0	10	20.4
A_NP	89	11	N	0	0	11	21.0909090909091
A_NP	90	11	N	0	0	11	21.6363636363636
A_NP	91	11	N	0	0	11	19.6363636363636
A_NP	92	11	N	0	0	11	18.5454545454545
A_NP	93	7	N	4	0	7	18.5714285714286
A_NP	94	11	N	0	0	11	17.8181818181818
A_NP	95	11	N	0	0	11	18.8181818181818
A_NP	96	11	N	0	0	11	20.9090909090909
A_NP	97	11	N	0	0	11	21.8181818181818
A_NP	98	11	N	0	0	11	22
A_NP	99	11	N	0	0	11	20.5454545454545
A_NP	100	10	N	1	0	10	19.7
A_NP	101	11	N	0	0	8	21.875
A_NP	102	11	N	0	0	10	18.7
A_NP	103	11	N	0	0	11	20.7272727272727
A_NP	104	11	N	0	0	11	19.9090909090909
A_NP	105	11	N	0	0	11	19.6363636363636
A_NP	106	11	N	0	0	11	20.4545454545455
A_NP	107	11	N	0	0	11	19.9090909090909
A_NP	108	11	N	0	0	8	21.5
A_NP	109	10	N	1	0	10	16.5
A_NP	110	10	N	1	0	10	15.1
A_NP	111	11	N	0	0	11	13.7272727272727
A_NP	112	11	N	0	0	11	15
A_NP	113	11	N	0	0	11	16.9090909090909
A_NP	114	11	N	0	0	10	18.3
A_NP	115	11	N	0	0	10	17.8
A_NP	116	11	N	0	0	11	19.4545454545455
A_NP	117	11	N	0	0	11	19.8181818181818
A_NP	118	11	N	0	0	11	19.2727272727273
A_NP	119	10	N	1	0	9	19.3333333333333
A_NP	120	10	N	1	0	6	18.8333333333333
A_NP	121	11	N	0	0	11	18.7272727272727
A_NP	122	11	N	0	0	11	20.2727272727273
A_NP	123	11	N	0	0	11	19.5454545454545
A_NP	124	11	N	0	0	11	18.0909090909091
A_NP	125	11	N	0	0	11	18.5454545454545
A_NP	126	11	N	0	0	11	21
A_NP	127	11	N	0	0	11	24
A_NP	128	10	N	1	0	10	24.7
A_NP	129	10	N	1	0	10	21.9
A_NP	130	11	N	0	0	11	19.8181818181818
A_NP	131	11	N	0	0	11	18.6363636363636
A_NP	132	11	N	0	0	11	18.0909090909091
A_NP	133	11	N	0	0	11	18.6363636363636
A_NP	134	11	N	0	0	11	16.2727272727273
A_NP	135	11	N	0	0	10	17.4
A_NP	136	11	N	0	0	11	18
A_NP	137	11	N	0	0	11	18.2727272727273
A_NP	138	11	N	0	0	11	19.0909090909091
A_NP	139	11	N	0	0	11	19.5454545454545
A_NP	140	11	N	0	0	11	19.7272727272727
A_NP	141	11	N	0	0	6	18.3333333333333
A_NP	142	11	N	0	0	11	19
A_NP	143	11	N	0	0	11	18.9090909090909
A_NP	144	11	N	0	0	10	18.6
A_NP	145	11	N	0	0	11	16.6363636363636
A_NP	146	11	N	0	0	11	15.2727272727273
A_NP	147	11	N	0	0	11	16.6363636363636
A_NP	148	11	N	0	0	8	14.625
A_NP	149	11	N	0	0	11	14.5454545454545
A_NP	150	11	N	0	0	11	14.1818181818182
A_NP	151	11	N	0	0	10	13.5
A_NP	152	11	N	0	0	10	16
A_NP	153	11	N	0	0	11	17.0909090909091
A_NP	154	11	N	0	0	8	17
A_NP	155	11	N	0	0	11	14.7272727272727
A_NP	156	11	N	0	0	10	16
A_NP	157	11	N	0	0	11	15.6363636363636
A_NP	158	11	N	0	0	11	16.0909090909091
A_NP	159	11	N	0	0	8	17.75
A_NP	160	11	N	0	0	11	17.6363636363636
A_NP	161	11	N	0	0	11	17.3636363636364
A_NP	162	11	N	0	0	11	17.8181818181818
A_NP	163	11	N	0	0	11	16.0909090909091
A_NP	164	11	N	0	0	11	16.2727272727273
A_NP	165	11	N	0	0	8	19
A_NP	166	11	N	0	0	8	19.125
A_NP	167	11	N	0	0	10	18.2
A_NP	168	11	N	0	0	8	22.625
A_NP	169	11	N	0	0	11	21.1818181818182
A_NP	170	11	N	0	0	11	21.4545454545455
A_NP	171	11	N	0	0	9	22.3333333333333
A_NP	172	11	N	0	0	11	20.2727272727273
A_NP	173	11	N	0	0	11	19
A_NP	174	11	N	0	0	8	20.5
A_NP	175	11	N	0	0	11	19.1818181818182
A_NP	176	11	N	0	0	11	19.3636363636364
A_NP	177	11	N	0	0	9	16.3333333333333
A_NP	178	11	N	0	0	11	18.9090909090909
A_NP	179	11	N	0	0	11	18.5454545454545
A_NP	180	11	N	0	0	9	18.5555555555556
A_NP	181	11	N	0	0	8	22.125
A_NP	182	10	N	1	0	10	23.7
A_NP	183	11	N	0	0	7	25.7142857142857
A_NP	184	11	N	0	0	11	23.4545454545455
A_NP	185	11	N	0	0	11	21.9090909090909
A_NP	186	11	N	0	0	11	22.0909090909091
A_NP	187	10	N	1	0	10	21.4
A_NP	188	10	N	1	0	9	22.7777777777778
A_NP	189	10	N	1	0	10	21.3
A_NP	190	10	N	1	0	10	21.7
A_NP	191	11	N	0	0	10	22.5
A_NP	192	10	N	1	0	10	21.3
A_NP	193	11	N	0	0	10	21.9
A_NP	194	11	N	0	0	8	17.375
A_NP	195	11	N	0	0	7	24.4285714285714
A_NP	196	11	N	0	0	10	24.5
A_NP	197	11	N	0	0	11	21.9090909090909
A_NP	198	11	N	0	0	11	22.2727272727273
A_NP	199	11	N	0	0	11	22.3636363636364
A_NP	200	10	N	1	0	10	23.7
A_NP	201	10	N	1	0	9	23.1111111111111
A_NP	202	10	N	1	0	10	22
A_NP	203	10	N	1	0	10	24.3
A_NP	204	10	N	1	0	7	24.4285714285714
A_NP	205	10	N	1	0	10	22.4
A_NP	206	10	N	1	0	10	25.8
A_NP	207	10	N	1	0	10	24.4
A_NP	208	11	N	0	0	11	22.4545454545455
A_NP	209	11	N	0	0	11	27.4545454545455
A_NP	210	9	N	2	0	9	23.8888888888889
A_NP	211	10	N	1	0	10	24.2
A_NP	212	10	N	1	0	10	25.6
A_NP	213	11	N	0	0	9	26.5555555555556
A_NP	214	11	N	0	0	10	24.6
A_NP	215	11	N	0	0	10	23.8
A_NP	216	11	N	0	0	11	23.8181818181818
A_NP	217	9	N	2	0	9	23.6666666666667
A_NP	218	9	N	2	0	9	26
A_NP	219	10	N	1	0	7	25.8571428571429
A_NP	220	11	N	0	0	11	32.0909090909091
A_NP	221	11	N	0	0	11	28.2727272727273
A_NP	222	11	N	0	0	10	28.1
A_NP	223	11	N	0	0	11	25.3636363636364
A_NP	224	11	N	0	0	11	24.8181818181818
A_NP	225	11	N	0	0	8	22.875
A_NP	226	11	N	0	0	11	23
A_NP	227	11	N	0	0	11	23.7272727272727
A_NP	228	11	N	0	0	11	24.6363636363636
A_NP	229	11	N	0	0	10	25.2
A_NP	230	11	N	0	0	11	23.0909090909091
A_NP	231	11	N	0	0	11	22.9090909090909
A_NP	232	11	N	0	0	11	22.7272727272727
A_NP	233	11	N	0	0	10	23.1
A_NP	234	11	N	0	0	10	23.5
A_NP	235	11	N	0	0	11	24.1818181818182
A_NP	236	11	N	0	0	10	22.4
A_NP	237	11	N	0	0	8	17.875
A_NP	238	11	N	0	0	11	17.3636363636364
A_NP	239	11	N	0	0	11	14.4545454545455
A_NP	240	11	N	0	0	11	16.5454545454545
A_NP	241	11	N	0	0	11	17.3636363636364
A_NP	242	11	N	0	0	11	19.5454545454545
A_NP	243	11	N	0	0	8	16
A_NP	244	11	N	0	0	11	20.2727272727273
A_NP	245	11	N	0	0	11	20.8181818181818
A_NP	246	11	N	0	0	8	18.625
A_NP	247	11	N	0	0	11	22.6363636363636
A_NP	248	11	N	0	0	11	22.9090909090909
A_NP	249	11	N	0	0	8	24.375
A_NP	250	11	N	0	0	11	21
A_NP	251	11	N	0	0	11	21
A_NP	252	11	N	0	0	8	19.125
A_NP	253	11	N	0	0	11	21
A_NP	254	11	N	0	0	11	21.2727272727273
A_NP	255	11	N	0	0	8	17.875
A_NP	256	11	N	0	0	11	17.3636363636364
A_NP	257	11	N	0	0	11	18.0909090909091
A_NP	258	11	N	0	0	10	18.5
A_NP	259	11	N	0	0	11	18.1818181818182
A_NP	260	11	N	0	0	11	21.9090909090909
A_NP	261	11	N	0	0	8	23.75
A_NP	262	11	N	0	0	11	23.3636363636364
A_NP	263	11	N	0	0	11	23.8181818181818
A_NP	264	10	N	1	0	7	22.1428571428571
A_NP	265	11	N	0	0	11	23.7272727272727
A_NP	266	11	N	0	0	11	21.0909090909091
A_NP	267	11	N	0	0	7	18.2857142857143
A_NP	268	10	N	1	0	10	20.8
A_NP	269	10	N	1	0	10	19.1
A_NP	270	10	N	1	0	10	22.2
A_NP	271	10	N	1	0	10	23.4
A_NP	272	11	N	0	0	11	22.0909090909091
A_NP	273	11	N	0	0	11	23.6363636363636
A_NP	274	11	N	0	0	11	22.1818181818182
A_NP	275	11	N	0	0	11	21.9090909090909
A_NP	276	11	N	0	0	8	19.625
A_NP	277	11	N	0	0	11	21.1818181818182
A_NP	278	10	N	1	0	10	20.7
A_NP	279	10	N	1	0	8	21.375
A_NP	280	10	N	1	0	10	21.1
A_NP	281	11	N	0	0	11	21.4545454545455
A_NP	282	11	N	0	0	8	21.75
A_NP	283	10	N	1	0	10	21.8
A_NP	284	11	N	0	0	11	22.6363636363636
A_NP	285	11	N	0	0	11	21.9090909090909
A_NP	286	11	N	0	0	11	21.1818181818182
A_NP	287	11	N	0	0	11	21.0909090909091
A_NP	288	11	N	0	0	8	20.375
A_NP	289	11	N	0	0	11	19.3636363636364
A_NP	290	11	N	0	0	10	18.3
A_NP	291	11	N	0	0	8	18.25
A_NP	292	11	N	0	0	11	17.1818181818182
A_NP	293	11	N	0	0	10	18.5
A_NP	294	10	N	1	0	8	16.5
A_NP	295	11	N	0	0	11	17.0909090909091
A_NP	296	11	N	0	0	10	17.9
A_NP	297	11	N	0	0	11	19
A_NP	298	11	N	0	0	8	19.625
A_NP	299	11	N	0	0	11	19.1818181818182
A_NP	300	10	N	1	0	7	24.2857142857143
A_NP	301	10	N	1	0	9	22.5555555555556
A_NP	302	10	N	1	0	10	23.1
A_NP	303	10	N	1	0	9	22.6666666666667
A_NP	304	11	N	0	0	10	21.4
A_NP	305	11	N	0	0	11	23.0909090909091
A_NP	306	10	N	1	0	7	20
A_NP	307	11	N	0	0	11	21.1818181818182
A_NP	308	11	N	0	0	11	24.2727272727273
A_NP	309	11	N	0	0	11	24.8181818181818
A_NP	310	11	N	0	0	11	23
A_NP	311	11	N	0	0	11	22.7272727272727
A_NP	312	11	N	0	0	11	21.7272727272727
A_NP	313	11	N	0	0	11	21.4545454545455
A_NP	314	11	N	0	0	8	22.5
A_NP	315	10	N	1	0	5	25.6
A_NP	316	11	N	0	0	11	22.0909090909091
A_NP	317	11	N	0	0	11	19.4545454545455
A_NP	318	11	N	0	0	8	17.5
A_NP	319	11	N	0	0	10	20
A_NP	320	11	N	0	0	10	20.3
A_NP	321	11	N	0	0	11	21.9090909090909
A_NP	322	11	N	0	0	11	21.2727272727273
A_NP	323	11	N	0	0	11	23.4545454545455
A_NP	324	10	N	1	0	9	22.1111111111111
A_NP	325	11	N	0	0	8	20.625
A_NP	326	11	N	0	0	11	23
A_NP	327	11	N	0	0	11	26.6363636363636
A_NP	328	11	N	0	0	11	27.2727272727273
A_NP	329	11	N	0	0	11	26.9090909090909
A_NP	330	11	N	0	0	11	32.8181818181818
A_NP	331	11	N	0	0	11	29.8181818181818
A_NP	332	11	N	0	0	11	29.2727272727273
A_NP	333	11	N	0	0	11	28.2727272727273
A_NP	334	11	N	0	0	11	26.3636363636364
A_NP	335	11	N	0	0	11	25.4545454545455
A_NP	336	11	N	0	0	10	24.2
A_NP	337	10	N	1	0	10	23.4
A_NP	338	10	N	1	0	10	25.2
A_NP	339	11	N	0	0	11	22.0909090909091
A_NP	340	11	N	0	0	11	21.8181818181818
A_NP	341	11	N	0	0	9	25.2222222222222
A_NP	342	11	N	0	0	11	22.4545454545455
A_NP	343	11	N	0	0	11	22
A_NP	344	11	N	0	0	11	23.4545454545455
A_NP	345	11	N	0	0	11	25.6363636363636
A_NP	346	11	N	0	0	11	24.5454545454545
A_NP	347	11	N	0	0	11	23.0909090909091
A_NP	348	11	N	0	0	11	22.0909090909091
A_NP	349	11	N	0	0	11	20.6363636363636
A_NP	350	11	N	0	0	11	17.6363636363636
A_NP	351	11	N	0	0	11	19.0909090909091
A_NP	352	11	N	0	0	8	13.75
A_NP	353	11	N	0	0	11	16.4545454545455
A_NP	354	11	N	0	0	11	23.2727272727273
A_NP	355	11	N	0	0	8	18.75
A_NP	356	11	N	0	0	11	19
A_NP	357	11	N	0	0	9	19.7777777777778
A_NP	358	11	N	0	0	11	23.2727272727273
A_NP	359	10	N	1	0	10	21.4
A_NP	360	10	N	1	0	10	19.6
A_NP	361	10	N	1	0	10	19.1
A_NP	362	11	N	0	0	11	17.8181818181818
A_NP	363	11	N	0	0	11	18.3636363636364
A_NP	364	11	N	0	0	11	19.4545454545455
A_NP	365	11	N	0	0	11	18.7272727272727
A_NP	366	10	N	1	0	10	18.5
A_NP	367	10	N	1	0	10	16.4
A_NP	368	11	N	0	0	11	18.6363636363636
A_NP	369	11	N	0	0	8	15.5
A_NP	370	11	N	0	0	11	16.5454545454545
A_NP	371	11	N	0	0	11	17.1818181818182
A_NP	372	11	N	0	0	11	17.8181818181818
A_NP	373	11	N	0	0	11	17.8181818181818
A_NP	374	11	N	0	0	11	19.0909090909091
A_NP	375	11	N	0	0	11	21.4545454545455
A_NP	376	11	N	0	0	11	21.3636363636364
A_NP	377	11	N	0	0	11	20.9090909090909
A_NP	378	11	N	0	0	8	20.875
A_NP	379	11	N	0	0	11	19.3636363636364
A_NP	380	11	N	0	0	11	20.5454545454545
A_NP	381	11	N	0	0	8	21
A_NP	382	11	N	0	0	11	19
A_NP	383	11	N	0	0	11	17
A_NP	384	11	N	0	0	11	18.0909090909091
A_NP	385	10	N	1	0	10	20.2
A_NP	386	10	N	1	0	10	20.9
A_NP	387	10	N	1	0	8	23.625
A_NP	388	11	N	0	0	11	21.0909090909091
A_NP	389	11	N	0	0	11	19.2727272727273
A_NP	390	12	N	0	0	11	16.7272727272727
A_NP	391	12	N	0	0	9	20.8888888888889
A_NP	392	12	N	0	0	12	19.5833333333333
A_NP	393	12	N	0	0	9	20.2222222222222
A_NP	394	12	N	0	0	12	20.3333333333333
A_NP	395	12	N	0	0	12	21.3333333333333
A_NP	396	12	N	0	0	12	21.75
A_NP	397	12	N	0	0	12	25.0833333333333
A_NP	398	12	N	0	0	11	25.2727272727273
A_NP	399	12	N	0	0	10	27
A_NP	400	11	N	1	0	10	26.6
A_NP	401	12	N	0	0	12	22.25
A_NP	402	12	N	0	0	7	17.8571428571429
A_NP	403	12	N	0	0	10	22.6
A_NP	404	12	N	0	0	11	24.8181818181818
A_NP	405	12	N	0	0	9	23.6666666666667
A_NP	406	12	N	0	0	7	23.7142857142857
A_NP	407	12	N	0	0	12	22
A_NP	408	11	N	1	0	9	25.2222222222222
A_NP	409	11	N	1	0	11	19.3636363636364
A_NP	410	11	N	1	0	10	19
A_NP	411	12	N	0	0	12	19.4166666666667
A_NP	412	12	N	0	0	12	18.5
A_NP	413	12	N	0	0	12	21
A_NP	414	12	N	0	0	12	21.0833333333333
A_NP	415	12	N	0	0	12	19.6666666666667
A_NP	416	11	N	1	0	11	21.7272727272727
A_NP	417	12	N	0	0	11	21.1818181818182
A_NP	418	11	N	1	0	10	21.2
A_NP	419	11	N	1	0	11	20.1818181818182
A_NP	420	11	N	1	0	11	20.5454545454545
A_NP	421	12	N	0	0	12	19.5
A_NP	422	11	N	1	0	10	20.5
A_NP	423	12	N	0	0	12	16.4166666666667
A_NP	424	12	N	0	0	12	16.25
A_NP	425	12	N	0	0	12	16.5833333333333
A_NP	426	12	N	0	0	10	19.1
A_NP	427	12	N	0	0	9	20.2222222222222
A_NP	428	12	N	0	0	12	18.3333333333333
A_NP	429	12	N	0	0	12	18
A_NP	430	12	N	0	0	12	18.9166666666667
A_NP	431	12	N	0	0	12	18.3333333333333
A_NP	432	12	N	0	0	12	20.1666666666667
A_NP	433	12	N	0	0	12	19.6666666666667
A_NP	434	12	N	0	0	12	19.9166666666667
A_NP	435	12	N	0	0	12	20.6666666666667
A_NP	436	12	N	0	0	12	19.25
A_NP	437	12	N	0	0	12	19.6666666666667
A_NP	438	12	N	0	0	9	16.4444444444444
A_NP	439	12	N	0	0	12	20.5833333333333
A_NP	440	12	N	0	0	12	21.75
A_NP	441	12	N	0	0	12	22.8333333333333
A_NP	442	12	N	0	0	12	22.5
A_NP	443	12	N	0	0	12	24.1666666666667
A_NP	444	12	N	0	0	9	25
A_NP	445	12	N	0	0	12	24.6666666666667
A_NP	446	11	N	1	0	11	22.6363636363636
A_NP	447	12	N	0	0	9	22
A_NP	448	12	N	0	0	12	24.4166666666667
A_NP	449	11	N	1	0	10	24.8
A_NP	450	12	N	0	0	12	21.75
A_NP	451	12	N	0	0	12	20.5
A_NP	452	12	N	0	0	12	21.25
A_NP	453	12	N	0	0	12	20.3333333333333
A_NP	454	12	N	0	0	12	18.5
A_NP	455	12	N	0	0	12	16.25
A_NP	456	12	N	0	0	12	17.25
A_NP	457	12	N	0	0	12	18.3333333333333
A_NP	458	12	N	0	0	12	20.0833333333333
A_NP	459	12	N	0	0	9	18.4444444444444
A_NP	460	12	N	0	0	12	19.4166666666667
A_NP	461	12	N	0	0	12	20.3333333333333
A_NP	462	12	N	0	0	11	22
A_NP	463	12	N	0	0	12	21.1666666666667
A_NP	464	12	N	0	0	12	21.3333333333333
A_NP	465	12	N	0	0	9	18
A_NP	466	11	N	1	0	11	18.5454545454545
A_NP	467	12	N	0	0	12	17.0833333333333
A_NP	468	12	N	0	0	10	15.8
A_NP	469	12	N	0	0	12	18.25
A_NP	470	12	N	0	0	12	19
A_NP	471	11	N	1	0	11	21.1818181818182
A_NP	472	12	N	0	0	10	24.3
A_NP	473	12	N	0	0	12	21.9166666666667
A_NP	474	12	N	0	0	12	21.1666666666667
A_NP	475	12	N	0	0	12	23.0833333333333
A_NP	476	12	N	0	0	12	23.5833333333333
A_NP	477	11	N	1	0	11	22.0909090909091
A_NP	478	12	N	0	0	11	20.2727272727273
A_NP	479	12	N	0	0	12	22
A_NP	480	12	N	0	0	12	22.9166666666667
A_NP	481	11	N	1	0	11	21.0909090909091
A_NP	482	11	N	1	0	11	20.0909090909091
A_NP	483	12	N	0	0	12	19.5
A_NP	484	12	N	0	0	11	17.8181818181818
A_NP	485	12	N	0	0	11	18.9090909090909
A_NP	486	12	N	0	0	12	25.6666666666667
A_NP	487	12	N	0	0	12	22.9166666666667
A_NP	488	12	N	0	0	12	21.25
A_NP	489	12	N	0	0	12	21.25
A_NP	490	12	N	0	0	11	22.9090909090909
A_NP	491	12	N	0	0	11	22.2727272727273
A_NP	492	12	N	0	0	11	21.2727272727273
A_NP	493	12	N	0	0	11	21.0909090909091
A_NP	494	12	N	0	0	12	20
A_NP	495	12	N	0	0	11	30.4545454545455
A_NP	496	12	N	0	0	12	44.8333333333333
A_NP	497	12	N	0	0	12	22.6666666666667
A_NP	498	12	N	0	0	9	21.8888888888889
A_NP	499	12	N	0	0	12	26
A_NP	500	12	N	0	0	12	23.5
A_NP	501	12	N	0	0	12	22.5
A_NP	502	12	N	0	0	12	21.0833333333333
A_NP	503	12	N	0	0	12	19.9166666666667
A_NP	504	12	N	0	0	9	17
A_NP	505	12	N	0	0	12	14.5833333333333
A_NP	506	12	N	0	0	12	16.5
A_NP	507	12	N	0	0	9	18.7777777777778
A_NP	508	12	N	0	0	12	20.8333333333333
A_NP	509	12	N	0	0	12	22
A_NP	510	12	N	0	0	9	22.4444444444444
A_NP	511	12	N	0	0	11	20.0909090909091
A_NP	512	12	N	0	0	12	19.0833333333333
A_NP	513	12	N	0	0	9	22.4444444444444
A_NP	514	12	N	0	0	12	20.25
A_NP	515	12	N	0	0	12	22.1666666666667
A_NP	516	12	N	0	0	9	22.7777777777778
A_NP	517	12	N	0	0	12	19.8333333333333
A_NP	518	12	N	0	0	12	18.3333333333333
A_NP	519	12	N	0	0	9	20.6666666666667
A_NP	520	11	N	1	0	11	20
A_NP	521	12	N	0	0	12	18.1666666666667
A_NP	522	12	N	0	0	10	14.7
A_NP	523	12	N	0	0	12	17
A_NP	524	11	N	1	0	11	18.0909090909091
A_NP	525	12	N	0	0	12	17.4166666666667
A_NP	526	12	N	0	0	12	18.4166666666667
A_NP	527	12	N	0	0	11	18.9090909090909
A_NP	528	10	N	2	0	8	16
A_NP	529	9	N	3	0	9	15.1111111111111
A_NP	530	10	N	2	0	10	16.2
A_NP	531	11	N	1	0	6	15.8333333333333
A_NP	532	11	N	1	0	11	17.6363636363636
A_NP	533	10	N	2	0	10	17.3
A_NP	534	10	N	2	0	7	19.1428571428571
A_NP	535	11	N	1	0	10	19.6
A_NP	536	11	N	1	0	11	18.1818181818182
A_NP	537	11	N	1	0	8	18.25
A_NP	538	11	N	1	0	11	22.0909090909091
A_NP	539	11	N	1	0	11	17.6363636363636
A_NP	540	11	N	1	0	11	17.7272727272727
A_NP	541	12	N	0	0	12	18.75
A_NP	542	12	N	0	0	11	17.9090909090909
A_NP	543	12	N	0	0	12	20.3333333333333
A_NP	544	12	N	0	0	12	21.5833333333333
A_NP	545	12	N	0	0	12	19.9166666666667
A_NP	546	12	N	0	0	12	18.5833333333333
A_NP	547	12	N	0	0	12	17.5833333333333
A_NP	548	12	N	0	0	11	16.7272727272727
A_NP	549	12	N	0	0	8	16.875
A_NP	550	12	N	0	0	12	18.9166666666667
A_NP	551	12	N	0	0	12	19.9166666666667
A_NP	552	12	N	0	0	12	20.8333333333333
A_NP	553	12	N	0	0	12	23.4166666666667
A_NP	554	11	N	1	0	11	21.0909090909091
A_NP	555	11	N	1	0	11	19.6363636363636
A_NP	556	12	N	0	0	9	18
A_NP	557	12	N	0	0	12	21
A_NP	558	12	N	0	0	9	21.7777777777778
A_NP	559	11	N	1	0	11	23.8181818181818
A_NP	560	12	N	0	0	12	23.1666666666667
A_NP	561	12	N	0	0	12	22.5833333333333
A_NP	562	12	N	0	0	12	25.25
A_NP	563	12	N	0	0	11	26.1818181818182
A_NP	564	12	N	0	0	11	26.4545454545455
A_NP	565	12	N	0	0	11	24.6363636363636
A_NP	566	12	N	0	0	11	24.4545454545455
A_NP	567	12	N	0	0	9	22.8888888888889
A_NP	568	12	N	0	0	12	23.6666666666667
A_NP	569	11	N	1	0	8	21.625
A_NP	570	11	N	1	0	7	20.8571428571429
A_NP	571	11	N	1	0	10	21
A_NP	572	12	N	0	0	11	21.8181818181818
A_NP	573	12	N	0	0	12	22.6666666666667
A_NP	574	12	N	0	0	12	24
A_NP	575	11	N	1	0	11	25.1818181818182
A_NP	576	12	N	0	0	9	23.4444444444444
A_NP	577	11	N	1	0	8	30.375
A_NP	578	12	N	0	0	10	24.6
A_NP	579	11	N	1	0	8	24.625
A_NP	580	12	N	0	0	11	24.9090909090909
A_NP	581	11	N	1	0	11	25.2727272727273
A_NP	582	12	N	0	0	12	22.6666666666667
A_NP	583	12	N	0	0	11	23.0909090909091
A_NP	584	11	N	1	0	11	22.8181818181818
A_NP	585	12	N	0	0	12	23.5
A_NP	586	12	N	0	0	12	23.9166666666667
A_NP	587	12	N	0	0	12	23.3333333333333
A_NP	588	12	N	0	0	12	23.9166666666667
A_NP	589	12	N	0	0	12	24.5833333333333
A_NP	590	11	N	1	0	10	25.2
A_NP	591	12	N	0	0	6	22.6666666666667
A_NP	592	12	N	0	0	12	24.6666666666667
A_NP	593	12	N	0	0	12	24.1666666666667
A_NP	594	12	N	0	0	12	25.5833333333333
A_NP	595	12	N	0	0	12	25.5833333333333
A_NP	596	12	N	0	0	12	24.9166666666667
A_NP	597	10	N	2	0	9	25.5555555555556
A_NP	598	12	N	0	0	12	29.75
A_NP	599	12	N	0	0	12	24.0833333333333
A_NP	600	12	N	0	0	9	22
A_NP	601	12	N	0	0	12	24.4166666666667
A_NP	602	12	N	0	0	12	23
A_NP	603	12	N	0	0	12	25.0833333333333
A_NP	604	12	N	0	0	12	23.1666666666667
A_NP	605	12	N	0	0	12	21.8333333333333
A_NP	606	11	N	1	0	8	21.75
A_NP	607	12	N	0	0	11	22.6363636363636
A_NP	608	12	N	0	0	12	22.25
A_NP	609	12	N	0	0	9	23.1111111111111
A_NP	610	12	N	0	0	10	21.8
A_NP	611	12	N	0	0	12	19.0833333333333
A_NP	612	12	N	0	0	9	19.5555555555556
A_NP	613	12	N	0	0	12	20.4166666666667
A_NP	614	12	N	0	0	11	24.6363636363636
A_NP	615	12	N	0	0	12	23.8333333333333
A_NP	616	12	N	0	0	12	25.6666666666667
A_NP	617	12	N	0	0	12	25.9166666666667
A_NP	618	12	N	0	0	9	28.1111111111111
A_NP	619	12	N	0	0	12	26.3333333333333
A_NP	620	10	N	2	0	10	24.3
A_NP	621	12	N	0	0	12	23.6666666666667
A_NP	622	12	N	0	0	12	24.75
A_NP	623	11	N	1	0	11	24.3636363636364
A_NP	624	11	N	1	0	9	25
A_NP	625	12	N	0	0	12	22.8333333333333
A_NP	626	12	N	0	0	12	22.0833333333333
A_NP	627	12	N	0	0	12	21.5
A_NP	628	12	N	0	0	12	23.5833333333333
A_NP	629	11	N	1	0	11	23.2727272727273
A_NP	630	12	N	0	0	9	23.7777777777778
A_NP	631	12	N	0	0	12	24.9166666666667
A_NP	632	11	N	1	0	11	25.4545454545455
A_NP	633	11	N	1	0	11	23.0909090909091
A_NP	634	10	N	2	0	10	22.6
A_NP	635	12	N	0	0	12	22.9166666666667
A_NP	636	12	N	0	0	9	21.5555555555556
A_NP	637	12	N	0	0	11	22.2727272727273
A_NP	638	12	N	0	0	12	20.4166666666667
A_NP	639	12	N	0	0	10	18.9
A_NP	640	12	N	0	0	12	19.4166666666667
A_NP	641	11	N	1	0	9	19.4444444444444
A_NP	642	11	N	1	0	9	19.7777777777778
A_NP	643	12	N	0	0	12	22
A_NP	644	12	N	0	0	11	23.7272727272727
A_NP	645	12	N	0	0	12	21.75
A_NP	646	12	N	0	0	12	20.6666666666667
A_NP	647	12	N	0	0	12	18.9166666666667
A_NP	648	12	N	0	0	12	18.9166666666667
A_NP	649	12	N	0	0	7	17.2857142857143
A_NP	650	12	N	0	0	9	18
A_NP	651	12	N	0	0	12	20.5
A_NP	652	12	N	0	0	12	20.0833333333333
A_NP	653	12	N	0	0	12	20.9166666666667
A_NP	654	12	N	0	0	12	20.5833333333333
A_NP	655	12	N	0	0	11	19.5454545454545
A_NP	656	10	N	2	0	9	21.5555555555556
A_NP	657	11	N	1	0	11	21.4545454545455
A_NP	658	11	N	1	0	11	24.4545454545455
A_NP	659	12	N	0	0	12	22.5833333333333
A_NP	660	12	N	0	0	8	21.875
A_NP	661	12	N	0	0	12	21.1666666666667
A_NP	662	12	N	0	0	12	27.6666666666667
A_NP	663	12	N	0	0	11	23.8181818181818
A_NP	664	12	N	0	0	12	23.8333333333333
A_NP	665	11	N	1	0	11	21.2727272727273
A_NP	666	11	N	1	0	10	22.7
A_NP	667	11	N	1	0	11	21.2727272727273
A_NP	668	12	N	0	0	12	20.8333333333333
A_NP	669	12	N	0	0	11	27.6363636363636
A_NP	670	11	N	1	0	11	19.8181818181818
A_NP	671	12	N	0	0	11	22.6363636363636
A_NP	672	12	N	0	0	8	25.75
A_NP	673	11	N	1	0	11	32.5454545454545
A_NP	674	12	N	0	0	12	37.1666666666667
A_NP	675	12	N	0	0	9	27.8888888888889
A_NP	676	12	N	0	0	12	27
A_NP	677	11	N	1	0	11	25.0909090909091
A_NP	678	12	N	0	0	12	26.5
A_NP	679	11	N	1	0	10	26.2
A_NP	680	12	N	0	0	12	24.8333333333333
A_NP	681	12	N	0	0	11	29.8181818181818
A_NP	682	12	N	0	0	12	22.5
A_NP	683	12	N	0	0	12	21.5833333333333
A_NP	684	12	N	0	0	11	19.3636363636364
A_NP	685	12	N	0	0	12	25.75
A_NP	686	12	N	0	0	12	25.25
A_NP	687	12	N	0	0	12	20.0833333333333
A_NP	688	12	N	0	0	12	18.5833333333333
A_NP	689	12	N	0	0	12	19.6666666666667
A_NP	690	12	N	0	0	12	18.8333333333333
A_NP	691	12	N	0	0	12	20.0833333333333
A_NP	692	11	N	1	0	11	19.7272727272727
A_NP	693	12	N	0	0	12	22.0833333333333
A_NP	694	12	N	0	0	12	23.9166666666667
A_NP	695	12	N	0	0	12	24.3333333333333
A_NP	696	12	N	0	0	12	24.3333333333333
A_NP	697	12	N	0	0	12	24.4166666666667
A_NP	698	12	N	0	0	12	24.6666666666667
A_NP	699	12	N	0	0	12	23.75
A_NP	700	12	N	0	0	12	28
A_NP	701	12	N	0	0	12	22.1666666666667
A_NP	702	11	N	1	0	5	21
A_NP	703	12	N	0	0	12	18.75
A_NP	704	12	N	0	0	12	17.25
A_NP	705	12	N	0	0	9	19.6666666666667
A_NP	706	12	N	0	0	12	17.75
A_NP	707	12	N	0	0	9	17.2222222222222
A_NP	708	12	N	0	0	9	16.6666666666667
A_NP	709	12	N	0	0	12	20.25
A_NP	710	12	N	0	0	11	21.3636363636364
A_NP	711	11	N	1	0	11	28.7272727272727
A_NP	712	12	N	0	0	12	23.6666666666667
A_NP	713	12	N	0	0	11	22.3636363636364
A_NP	714	12	N	0	0	12	22.4166666666667
A_NP	715	12	N	0	0	9	23.2222222222222
A_NP	716	12	N	0	0	12	24.8333333333333
A_NP	717	12	N	0	0	12	29.4166666666667
A_NP	718	12	N	0	0	12	22.5
A_NP	719	12	N	0	0	12	23
A_NP	720	12	N	0	0	12	21.8333333333333
A_NP	721	12	N	0	0	12	22.1666666666667
A_NP	722	12	N	0	0	12	24.4166666666667
A_NP	723	12	N	0	0	12	24.5833333333333
A_NP	724	12	N	0	0	12	21.25
A_NP	725	12	N	0	0	10	21.6
A_NP	726	12	N	0	0	9	18.3333333333333
A_NP	727	12	N	0	0	12	17.9166666666667
A_NP	728	11	N	1	0	11	15.4545454545455
A_NP	729	10	N	2	0	7	15.4285714285714
A_NP	730	11	N	1	0	11	15.0909090909091
A_NP	731	12	N	0	0	10	15.4
A_NP	732	12	N	0	0	11	17
A_NP	733	12	N	0	0	12	14.3333333333333
A_NP	734	12	N	0	0	12	15.3333333333333
A_NP	735	12	N	0	0	8	12.875
A_NP	736	12	N	0	0	11	16.5454545454545
A_NP	737	12	N	0	0	12	15.6666666666667
A_NP	738	11	N	1	0	9	15
A_NP	739	11	N	1	0	11	18.8181818181818
A_NP	740	11	N	1	0	11	20.4545454545455
A_NP	741	10	N	2	0	10	21.7
A_NP	742	11	N	1	0	11	20.6363636363636
A_NP	743	10	N	2	0	9	20.8888888888889
A_NP	744	10	N	2	0	9	23.2222222222222
A_NP	745	12	N	0	0	10	20.5
A_NP	746	12	N	0	0	11	19.4545454545455
A_NP	747	12	N	0	0	12	18.5833333333333
A_NP	748	12	N	0	0	12	19.8333333333333
A_NP	749	12	N	0	0	12	21.6666666666667
A_NP	750	12	N	0	0	12	21.6666666666667
A_NP	751	12	N	0	0	12	25.5
A_NP	752	12	N	0	0	12	25.1666666666667
A_NP	753	12	N	0	0	11	17.8181818181818
A_NP	754	12	N	0	0	12	16.9166666666667
A_NP	755	12	N	0	0	12	19
A_NP	756	12	N	0	0	10	20.1
A_NP	757	12	N	0	0	12	20.3333333333333
A_NP	758	12	N	0	0	12	22.0833333333333
A_NP	759	12	N	0	0	9	21.2222222222222
A_NP	760	12	N	0	0	12	22.5833333333333
A_NP	761	12	N	0	0	12	23.1666666666667
A_NP	762	12	N	0	0	12	22.8333333333333
A_NP	763	12	N	0	0	12	22
A_NP	764	12	N	0	0	12	22.9166666666667
A_NP	765	10	N	2	0	9	21.1111111111111
A_NP	766	11	N	1	0	9	21.8888888888889
A_NP	767	11	N	1	0	11	24.5454545454545
A_NP	768	12	N	0	0	12	24.9166666666667
A_NP	769	12	N	0	0	11	23.5454545454545
A_NP	770	11	N	1	0	11	24.2727272727273
A_NP	771	12	N	0	0	8	23.5
A_NP	772	12	N	0	0	12	25
A_NP	773	12	N	0	0	12	26.5833333333333
A_NP	774	12	N	0	0	6	23.8333333333333
A_NP	775	12	N	0	0	9	22.1111111111111
A_NP	776	12	N	0	0	12	22.25
A_NP	777	12	N	0	0	9	19.7777777777778
A_NP	778	12	N	0	0	11	22.5454545454545
A_NP	779	12	N	0	0	12	23.6666666666667
A_NP	780	12	N	0	0	7	24.8571428571429
A_NP	781	12	N	0	0	9	31.2222222222222
A_NP	782	12	N	0	0	11	22.1818181818182
A_NP	783	12	N	0	0	8	25.5
A_NP	784	12	N	0	0	12	25.1666666666667
A_NP	785	12	N	0	0	12	25.6666666666667
A_NP	786	12	N	0	0	9	23.2222222222222
A_NP	787	12	N	0	0	11	21.0909090909091
A_NP	788	12	N	0	0	11	19.5454545454545
A_NP	789	12	N	0	0	12	18
A_NP	790	12	N	0	0	11	16.4545454545455
A_NP	791	12	N	0	0	11	19.7272727272727
A_NP	792	12	N	0	0	8	23.375
A_NP	793	12	N	0	0	12	19.4166666666667
A_NP	794	12	N	0	0	11	20.1818181818182
A_NP	795	12	N	0	0	9	20.8888888888889
A_NP	796	12	N	0	0	9	22.7777777777778
A_NP	797	12	N	0	0	12	25.0833333333333
A_NP	798	12	N	0	0	12	23.6666666666667
A_NP	799	11	N	1	0	11	23.5454545454545
A_NP	800	12	N	0	0	12	21.6666666666667
A_NP	801	12	N	0	0	10	22.7
A_NP	802	12	N	0	0	12	33.3333333333333
A_NP	803	12	N	0	0	12	23.4166666666667
A_NP	804	12	N	0	0	12	20.6666666666667
A_NP	805	12	N	0	0	12	21.25
A_NP	806	12	N	0	0	12	21.75
A_NP	807	12	N	0	0	12	20.5833333333333
A_NP	808	12	N	0	0	11	19.7272727272727
A_NP	809	12	N	0	0	11	20.7272727272727
A_NP	810	12	N	0	0	11	20.3636363636364
A_NP	811	12	N	0	0	12	20.8333333333333
A_NP	812	11	N	1	0	11	20.1818181818182
A_NP	813	11	N	1	0	8	21.875
A_NP	814	12	N	0	0	12	19.0833333333333
A_NP	815	12	N	0	0	12	18.1666666666667
A_NP	816	12	N	0	0	9	18.8888888888889
A_NP	817	12	N	0	0	12	19.25
A_NP	818	12	N	0	0	12	20
A_NP	819	12	N	0	0	11	24.6363636363636
A_NP	820	12	N	0	0	12	24.25
A_NP	821	12	N	0	0	12	23.8333333333333
A_NP	822	12	N	0	0	9	22.2222222222222
A_NP	823	12	N	0	0	12	20.5833333333333
A_NP	824	12	N	0	0	12	18.25
A_NP	825	12	N	0	0	12	19.6666666666667
A_NP	826	12	N	0	0	12	18.8333333333333
A_NP	827	12	N	0	0	12	19.1666666666667
A_NP	828	12	N	0	0	9	22.2222222222222
A_NP	829	12	N	0	0	12	21
A_NP	830	12	N	0	0	12	21.1666666666667
A_NP	831	12	N	0	0	12	21.8333333333333
A_NP	832	12	N	0	0	12	23.0833333333333
A_NP	833	11	N	1	0	11	23.1818181818182
A_NP	834	11	N	1	0	10	24.3
A_NP	835	11	N	1	0	9	24.4444444444444
A_NP	836	12	N	0	0	10	22.7
A_NP	837	12	N	0	0	11	22.0909090909091
A_NP	838	12	N	0	0	11	23.8181818181818
A_NP	839	12	N	0	0	9	40.7777777777778
A_NP	840	12	N	0	0	9	33.2222222222222
A_NP	841	12	N	0	0	12	18.5
A_NP	842	12	N	0	0	12	18.9166666666667
A_NP	843	12	N	0	0	12	17.25
A_NP	844	12	N	0	0	12	19.8333333333333
A_NP	845	12	N	0	0	12	21.3333333333333
A_NP	846	11	N	1	0	8	22.75
A_NP	847	11	N	1	0	11	24.1818181818182
A_NP	848	12	N	0	0	9	21
A_NP	849	12	N	0	0	12	21.9166666666667
A_NP	850	12	N	0	0	12	20.75
A_NP	851	12	N	0	0	12	21.1666666666667
A_NP	852	11	N	1	0	11	20.6363636363636
A_NP	853	11	N	1	0	11	19.8181818181818
A_NP	854	11	N	1	0	11	18.9090909090909
A_NP	855	12	N	0	0	12	16.9166666666667
A_NP	856	12	N	0	0	8	15.75
A_NP	857	12	N	0	0	11	18.7272727272727
A_NP	858	12	N	0	0	9	16.3333333333333
A_NP	859	12	N	0	0	12	18.5833333333333
A_NP	860	12	N	0	0	11	20.3636363636364
A_NP	861	12	N	0	0	11	22.3636363636364
A_NP	862	12	N	0	0	12	22.8333333333333
A_NP	863	12	N	0	0	11	23.9090909090909
A_NP	864	12	N	0	0	9	23
A_NP	865	12	N	0	0	9	22.2222222222222
A_NP	866	12	N	0	0	12	23.8333333333333
A_NP	867	12	N	0	0	8	24.625
A_NP	868	12	N	0	0	12	21
A_NP	869	12	N	0	0	12	21.5
A_NP	870	12	N	0	0	12	22.3333333333333
A_NP	871	12	N	0	0	12	23.6666666666667
A_NP	872	12	N	0	0	12	23.5833333333333
A_NP	873	12	N	0	0	12	22.6666666666667
A_NP	874	12	N	0	0	12	23.25
A_NP	875	12	N	0	0	12	21.9166666666667
A_NP	876	12	N	0	0	10	21.4
A_NP	877	12	N	0	0	12	19.5833333333333
A_NP	878	12	N	0	0	9	19.4444444444444
A_NP	879	12	N	0	0	10	22
A_NP	880	11	N	1	0	11	21.5454545454545
A_NP	881	11	N	1	0	11	21.6363636363636
A_NP	882	12	N	0	0	10	23.2
A_NP	883	11	N	1	0	11	21.1818181818182
A_NP	884	12	N	0	0	12	26.25
A_NP	885	12	N	0	0	9	18.8888888888889
A_NP	886	12	N	0	0	12	20.9166666666667
A_NP	887	12	N	0	0	12	22.3333333333333
A_NP	888	12	N	0	0	9	20.2222222222222
A_NP	889	12	N	0	0	12	21.8333333333333
A_NP	890	12	N	0	0	12	22.5833333333333
A_NP	891	12	N	0	0	9	18.1111111111111
A_NP	892	12	N	0	0	9	22
A_NP	893	12	N	0	0	12	20.4166666666667
A_NP	894	12	N	0	0	12	20.75
A_NP	895	12	N	0	0	12	20.1666666666667
A_NP	896	12	N	0	0	12	21.6666666666667
A_NP	897	12	N	0	0	9	16.5555555555556
A_NP	898	12	N	0	0	12	18.1666666666667
A_NP	899	12	N	0	0	12	24.1666666666667
A_NP	900	12	N	0	0	7	19.4285714285714
A_NP	901	12	N	0	0	12	21.5833333333333
A_NP	902	12	N	0	0	12	30.9166666666667
A_NP	903	12	N	0	0	12	23.0833333333333
A_NP	904	11	N	1	0	11	19.0909090909091
A_NP	905	11	N	1	0	11	18.9090909090909
A_NP	906	11	N	1	0	11	21.1818181818182
A_NP	907	12	N	0	0	11	21.5454545454545
A_NP	908	12	N	0	0	12	22.0833333333333
A_NP	909	12	N	0	0	5	17.8
A_NP	910	12	N	0	0	12	22.25
A_NP	911	12	N	0	0	12	22.75
A_NP	912	12	N	0	0	12	22.0833333333333
A_NP	913	12	N	0	0	11	21.8181818181818
A_NP	914	12	N	0	0	12	20.8333333333333
A_NP	915	12	N	0	0	12	22
A_NP	916	12	N	0	0	9	24
A_NP	917	12	N	0	0	12	22.4166666666667
A_NP	918	12	N	0	0	12	26.9166666666667
A_NP	919	12	N	0	0	12	19.9166666666667
A_NP	920	12	N	0	0	12	26
A_NP	921	11	N	1	0	8	23.375
A_NP	922	12	N	0	0	12	21.5833333333333
A_NP	923	10	N	2	0	10	21.1
A_NP	924	12	N	0	0	12	20.4166666666667
A_NP	925	12	N	0	0	12	22.25
A_NP	926	12	N	0	0	12	23.1666666666667
A_NP	927	12	N	0	0	9	20.7777777777778
A_NP	928	12	N	0	0	12	21.9166666666667
A_NP	929	12	N	0	0	12	20.9166666666667
A_NP	930	12	N	0	0	9	20.5555555555556
A_NP	931	12	N	0	0	12	19
A_NP	932	12	N	0	0	12	18.5
A_NP	933	12	N	0	0	12	17.9166666666667
A_NP	934	12	N	0	0	9	19.8888888888889
A_NP	935	12	N	0	0	12	23.0833333333333
A_NP	936	12	N	0	0	9	27.1111111111111
A_NP	937	12	N	0	0	9	20.6666666666667
A_NP	938	12	N	0	0	9	21.1111111111111
A_NP	939	12	N	0	0	12	23.8333333333333
A_NP	940	12	N	0	0	12	24.25
A_NP	941	11	N	1	0	11	22.1818181818182
A_NP	942	11	N	1	0	11	21.5454545454545
A_NP	943	11	N	1	0	9	21.4444444444444
A_NP	944	12	N	0	0	12	21.75
A_NP	945	12	N	0	0	10	22.5
A_NP	946	12	N	0	0	12	23.8333333333333
A_NP	947	12	N	0	0	10	23.8
A_NP	948	12	N	0	0	9	19.4444444444444
A_NP	949	12	N	0	0	12	19.5833333333333
A_NP	950	12	N	0	0	12	17.0833333333333
A_NP	951	11	N	1	0	11	19.3636363636364
A_NP	952	11	N	1	0	11	19.6363636363636
A_NP	953	11	N	1	0	11	20.1818181818182
A_NP	954	11	N	1	0	8	19
A_NP	955	11	N	1	0	11	21.9090909090909
A_NP	956	12	N	0	0	12	18.5833333333333
A_NP	957	12	N	0	0	12	17.25
A_NP	958	12	N	0	0	12	17.0833333333333
A_NP	959	12	N	0	0	12	18
A_NP	960	12	N	0	0	9	19.3333333333333
A_NP	961	11	N	1	0	11	21.4545454545455
A_NP	962	11	N	1	0	11	22.2727272727273
A_NP	963	11	N	1	0	11	20.1818181818182
A_NP	964	12	N	0	0	12	21.9166666666667
A_NP	965	12	N	0	0	12	18.9166666666667
A_NP	966	12	N	0	0	12	18.75
A_NP	967	12	N	0	0	12	19.0833333333333
A_NP	968	11	N	1	0	11	22.5454545454545
A_NP	969	12	N	0	0	9	20.7777777777778
A_NP	970	12	N	0	0	12	20.8333333333333
A_NP	971	12	N	0	0	12	21.0833333333333
A_NP	972	12	N	0	0	12	28.9166666666667
A_NP	973	12	N	0	0	11	30.4545454545455
A_NP	974	12	N	0	0	12	21
A_NP	975	12	N	0	0	12	21.25
A_NP	976	12	N	0	0	12	20
A_NP	977	12	N	0	0	12	20.9166666666667
A_NP	978	12	N	0	0	12	20
A_NP	979	12	N	0	0	12	20.8333333333333
A_NP	980	12	N	0	0	12	19.3333333333333
A_NP	981	12	N	0	0	8	15.375
A_NP	982	12	N	0	0	7	17.2857142857143
A_NP	983	12	N	0	0	12	17.1666666666667
A_NP	984	12	N	0	0	11	16.4545454545455
A_NP	985	12	N	0	0	11	17.7272727272727
A_NP	986	12	N	0	0	11	19.0909090909091
A_NP	987	12	N	0	0	9	16.5555555555556
A_NP	988	12	N	0	0	12	18.75
A_NP	989	12	N	0	0	12	19.75
A_NP	990	12	N	0	0	12	20.6666666666667
A_NP	991	12	N	0	0	12	20.5
A_NP	992	12	N	0	0	12	20.9166666666667
A_NP	993	12	N	0	0	12	19.8333333333333
A_NP	994	12	N	0	0	12	19.5833333333333
A_NP	995	12	N	0	0	11	20.5454545454545
A_NP	996	12	N	0	0	12	21
A_NP	997	12	N	0	0	12	22.6666666666667
A_NP	998	12	N	0	0	11	22.9090909090909
A_NP	999	12	N	0	0	12	21.4166666666667
A_NP	1000	12	N	0	0	12	23.25
A_NP	1001	12	N	0	0	12	22.9166666666667
A_NP	1002	12	N	0	0	9	25.3333333333333
A_NP	1003	12	N	0	0	11	25.6363636363636
A_NP	1004	12	N	0	0	11	27.4545454545455
A_NP	1005	12	N	0	0	10	25.5
A_NP	1006	12	N	0	0	12	22.5
A_NP	1007	12	N	0	0	12	21.4166666666667
A_NP	1008	12	N	0	0	12	19.75
A_NP	1009	12	N	0	0	12	19.25
A_NP	1010	12	N	0	0	12	20.4166666666667
A_NP	1011	12	N	0	0	12	21.3333333333333
A_NP	1012	12	N	0	0	12	20.8333333333333
A_NP	1013	12	N	0	0	12	22.8333333333333
A_NP	1014	12	N	0	0	12	21.6666666666667
A_NP	1015	12	N	0	0	12	20.5
A_NP	1016	12	N	0	0	12	20.9166666666667
A_NP	1017	12	N	0	0	12	19.9166666666667
A_NP	1018	12	N	0	0	12	20.4166666666667
A_NP	1019	12	N	0	0	12	20.25
A_NP	1020	12	N	0	0	12	19.5833333333333
A_NP	1021	12	N	0	0	12	20
A_NP	1022	12	N	0	0	12	21.5
A_NP	1023	12	N	0	0	9	23.5555555555556
A_NP	1024	12	N	0	0	12	23.1666666666667
A_NP	1025	12	N	0	0	12	19.5
A_NP	1026	12	N	0	0	12	18.5
A_NP	1027	12	N	0	0	9	19.8888888888889
A_NP	1028	12	N	0	0	11	18.6363636363636
A_NP	1029	12	N	0	0	9	25.5555555555556
A_NP	1030	12	N	0	0	12	23.75
A_NP	1031	11	N	1	0	8	26.125
A_NP	1032	11	N	1	0	10	24.3
A_NP	1033	12	N	0	0	11	21.4545454545455
A_NP	1034	12	N	0	0	12	21.8333333333333
A_NP	1035	12	N	0	0	9	24
A_NP	1036	12	N	0	0	12	22.0833333333333
A_NP	1037	12	N	0	0	12	22.0833333333333
A_NP	1038	12	N	0	0	12	24.6666666666667
A_NP	1039	12	N	0	0	12	23.5833333333333
A_NP	1040	12	N	0	0	11	21.7272727272727
A_NP	1041	12	N	0	0	9	24
A_NP	1042	12	N	0	0	12	22.4166666666667
A_NP	1043	12	N	0	0	12	22
A_NP	1044	11	N	1	0	8	22
A_NP	1045	10	N	2	0	9	20.1111111111111
A_NP	1046	11	N	1	0	11	17.9090909090909
A_NP	1047	11	N	1	0	11	17.3636363636364
A_NP	1048	12	N	0	0	12	15.5833333333333
A_NP	1049	12	N	0	0	9	17.3333333333333
A_NP	1050	12	N	0	0	9	20.4444444444444
A_NP	1051	12	N	0	0	12	18.3333333333333
A_NP	1052	12	N	0	0	11	20.5454545454545
A_NP	1053	12	N	0	0	7	18.5714285714286
A_NP	1054	11	N	1	0	11	18.4545454545455
A_NP	1055	11	N	1	0	11	17.3636363636364
A_NP	1056	10	N	2	0	9	19.4444444444444
A_NP	1057	12	N	0	0	11	19.8181818181818
A_NP	1058	12	N	0	0	12	21
A_NP	1059	12	N	0	0	12	21.4166666666667
A_NP	1060	12	N	0	0	12	22.9166666666667
A_NP	1061	12	N	0	0	12	19.5
A_NP	1062	11	N	1	0	9	19.2222222222222
A_NP	1063	11	N	1	0	9	16.4444444444444
A_NP	1064	12	N	0	0	12	15.5833333333333
A_NP	1065	12	N	0	0	9	17.4444444444444
A_NP	1066	12	N	0	0	12	16.5833333333333
A_NP	1067	12	N	0	0	12	17.5
A_NP	1068	12	N	0	0	9	14.5555555555556
A_NP	1069	12	N	0	0	12	17.25
A_NP	1070	12	N	0	0	12	18.5833333333333
A_NP	1071	12	N	0	0	9	20.1111111111111
A_NP	1072	11	N	0	0	11	21
A_NP	1073	11	N	0	0	11	20.6363636363636
A_NP	1074	10	N	1	0	7	18.8571428571429
A_NP	1075	10	N	1	0	10	23.4
A_NP	1076	10	N	1	0	10	24.3
A_NP	1077	10	N	1	0	6	19.5
A_NP	1078	10	N	1	0	10	19.8
A_NP	1079	11	N	0	0	11	19.0909090909091
A_NP	1080	11	N	0	0	8	22
A_NP	1081	11	N	0	0	10	20
A_NP	1082	11	N	0	0	11	17.8181818181818
A_NP	1083	11	N	0	0	10	18.1
A_NP	1084	9	N	1	0	9	20.5555555555556
A_NP	1085	10	N	0	0	10	20.2
A_NP	1086	10	N	0	0	6	16.1666666666667
A_NP	1087	10	N	0	0	10	18.5
A_NP	1088	10	N	0	0	10	18.6
A_NP	1089	10	N	0	0	7	18.8571428571429
A_NP	1090	10	N	0	0	10	20.9
A_NP	1091	10	N	0	0	10	22.3
A_NP	1092	10	N	0	0	7	22.4285714285714
A_NP	1093	10	N	0	0	10	26.4
A_NP	1094	10	N	0	0	10	26.5
A_NP	1095	10	N	0	0	10	26.7
A_NP	1096	10	N	0	0	10	26.4
A_NP	1097	10	N	0	0	10	23.1
A_NP	1098	10	N	0	0	10	22.2
A_NP	1099	10	N	0	0	10	21.6
A_NP	1100	10	N	0	0	10	22.2
A_NP	1101	10	N	0	0	10	21.8
A_NP	1102	9	N	1	0	9	22.6666666666667
A_NP	1103	9	N	1	0	9	22.1111111111111
A_NP	1104	9	N	1	0	8	23.75
A_NP	1105	9	N	1	0	9	22.6666666666667
A_NP	1106	10	N	0	0	10	20.4
A_NP	1107	10	N	0	0	8	21.25
A_NP	1108	10	N	0	0	9	19.6666666666667
A_NP	1109	10	N	0	0	10	18.9
A_NP	1110	8	N	2	0	6	25.8333333333333
A_NP	1111	8	N	2	0	6	23.3333333333333
A_NP	1112	10	N	0	0	10	21
A_NP	1113	10	N	0	0	9	21.7777777777778
A_NP	1114	10	N	0	0	9	20.8888888888889
A_NP	1115	10	N	0	0	9	20.3333333333333
A_NP	1116	10	N	0	0	7	23.1428571428571
A_NP	1117	10	N	0	0	10	23.5
A_NP	1118	10	N	0	0	7	27.4285714285714
A_NP	1119	10	N	0	0	7	25.8571428571429
A_NP	1120	10	N	0	0	10	25.5
A_NP	1121	10	N	0	0	10	26.3
A_NP	1122	9	N	1	0	9	25.1111111111111
A_NP	1123	9	N	1	0	9	25.4444444444444
A_NP	1124	9	N	1	0	7	26
A_NP	1125	10	N	0	0	6	27.5
A_NP	1126	9	N	1	0	9	25.2222222222222
A_NP	1127	10	N	0	0	10	25.6
A_NP	1128	10	N	0	0	8	26.125
A_NP	1129	9	N	1	0	9	23
A_NP	1130	10	N	0	0	8	24.625
A_NP	1131	10	N	0	0	7	23.4285714285714
A_NP	1132	10	N	0	0	10	23.4
A_NP	1133	10	N	0	0	10	21.5
A_NP	1134	10	N	0	0	8	20.375
A_NP	1135	9	N	1	0	9	22.6666666666667
A_NP	1136	9	N	1	0	9	22.7777777777778
A_NP	1137	9	N	1	0	7	22.2857142857143
A_NP	1138	10	N	0	0	9	25.2222222222222
A_NP	1139	10	N	0	0	10	25.3
A_NP	1140	10	N	0	0	10	25.1
A_NP	1141	10	N	0	0	10	25.8
A_NP	1142	10	N	0	0	9	23
A_NP	1143	9	N	1	0	5	17.6
A_NP	1144	9	N	1	0	8	19.875
A_NP	1145	10	N	0	0	9	23.2222222222222
A_NP	1146	10	N	0	0	9	23.7777777777778
A_NP	1147	10	N	0	0	10	22
A_NP	1148	10	N	0	0	10	23.9
A_NP	1149	10	N	0	0	10	22.4
A_NP	1150	9	N	1	0	8	22.625
A_NP	1151	9	N	1	0	9	23.2222222222222
A_NP	1152	9	N	1	0	7	25
A_NP	1153	9	N	1	0	8	23.625
A_NP	1154	9	N	1	0	9	24.2222222222222
A_NP	1155	9	N	1	0	9	25
A_NP	1156	9	N	1	0	8	25.75
A_NP	1157	9	N	1	0	9	23.8888888888889
A_NP	1158	9	N	1	0	9	26.7777777777778
A_NP	1159	9	N	1	0	9	27
A_NP	1160	10	N	0	0	10	24.7
A_NP	1161	10	N	0	0	9	25.7777777777778
A_NP	1162	10	N	0	0	10	19.1
A_NP	1163	10	N	0	0	9	16.6666666666667
A_NP	1164	10	N	0	0	10	18.6
A_NP	1165	10	N	0	0	9	27.7777777777778
A_NP	1166	10	N	0	0	9	19.2222222222222
A_NP	1167	9	N	1	0	8	19.75
A_NP	1168	10	N	0	0	10	20.5
A_NP	1169	10	N	0	0	10	20.3
A_NP	1170	10	N	0	0	10	16.6
A_NP	1171	10	N	0	0	9	13
A_NP	1172	10	N	0	0	8	14
A_NP	1173	10	N	0	0	9	15.1111111111111
A_NP	1174	10	N	0	0	10	16.8
A_NP	1175	10	N	0	0	8	17.75
A_NP	1176	10	N	0	0	10	14.5
A_NP	1177	8	N	2	0	8	15
A_NP	1178	9	N	1	0	9	17.1111111111111
A_NP	1179	10	N	0	0	10	17.9
A_NP	1180	9	N	1	0	8	16.875
A_NP	1181	10	N	0	0	9	17.2222222222222
A_NP	1182	10	N	0	0	10	14.1
A_NP	1183	10	N	0	0	10	15.6
A_NP	1184	10	N	0	0	9	19.6666666666667
A_NP	1185	10	N	0	0	8	19.875
A_NP	1186	9	N	1	0	9	22.2222222222222
A_NP	1187	9	N	1	0	9	21.3333333333333
A_NP	1188	9	N	1	0	7	20
A_NP	1189	9	N	1	0	9	22.5555555555556
A_NP	1190	9	N	1	0	9	23.8888888888889
A_NP	1191	10	N	0	0	10	23.7
A_NP	1192	10	N	0	0	9	25.1111111111111
A_NP	1193	10	N	0	0	10	23.9
A_NP	1194	10	N	0	0	10	23.2
A_NP	1195	10	N	0	0	10	22.4
A_NP	1196	10	N	0	0	9	22.3333333333333
A_NP	1197	10	N	0	0	10	26.1
A_NP	1198	10	N	0	0	9	20.3333333333333
A_NP	1199	10	N	0	0	8	21.625
A_NP	1200	10	N	0	0	10	25.1
A_NP	1201	10	N	0	0	10	18.2
A_NP	1202	10	N	0	0	9	17.8888888888889
A_NP	1203	10	N	0	0	7	17.5714285714286
A_NP	1204	10	N	0	0	9	19.1111111111111
A_NP	1205	10	N	0	0	10	22.6
A_NP	1206	10	N	0	0	5	21.6
A_NP	1207	10	N	0	0	10	20.8
A_NP	1208	10	N	0	0	10	22.3
A_NP	1209	10	N	0	0	10	19.9
A_NP	1210	10	N	0	0	10	17.5
A_NP	1211	10	N	0	0	10	18.2
A_NP	1212	10	N	0	0	10	17.4
A_NP	1213	10	N	0	0	10	17.8
A_NP	1214	10	N	0	0	10	18.5
A_NP	1215	10	N	0	0	7	17.5714285714286
A_NP	1216	10	N	0	0	10	20.7
A_NP	1217	10	N	0	0	7	18.8571428571429
A_NP	1218	10	N	0	0	10	21.9
A_NP	1219	10	N	0	0	10	21.7
A_NP	1220	10	N	0	0	10	20.9
A_NP	1221	10	N	0	0	10	20.5
A_NP	1222	10	N	0	0	10	20.5
A_NP	1223	10	N	0	0	10	23
A_NP	1224	10	N	0	0	10	20.3
A_NP	1225	10	N	0	0	10	18.3
A_NP	1226	9	N	1	0	9	19.8888888888889
A_NP	1227	9	N	1	0	6	19
A_NP	1228	10	N	0	0	9	21.4444444444444
A_NP	1229	10	N	0	0	10	20.4
A_NP	1230	10	N	0	0	7	18.1428571428571
A_NP	1231	10	N	0	0	10	21.7
A_NP	1232	10	N	0	0	10	22.9
A_NP	1233	10	N	0	0	7	22.8571428571429
A_NP	1234	10	N	0	0	10	24.3
A_NP	1235	10	N	0	0	10	23.7
A_NP	1236	10	N	0	0	7	23.1428571428571
A_NP	1237	10	N	0	0	10	24.4
A_NP	1238	10	N	0	0	10	22.7
A_NP	1239	10	N	0	0	7	21.8571428571429
A_NP	1240	10	N	0	0	10	21.3
A_NP	1241	10	N	0	0	10	20.2
A_NP	1242	9	N	1	0	6	22.3333333333333
A_NP	1243	9	N	1	0	7	24.1428571428571
A_NP	1244	10	N	0	0	10	21.7
A_NP	1245	9	N	1	0	5	16.2
A_NP	1246	9	N	1	0	4	27.25
A_NP	1247	8	N	2	0	8	20.5
A_NP	1248	10	N	0	0	10	19.5
A_NP	1249	10	N	0	0	10	21.3
A_NP	1250	10	N	0	0	9	22
A_NP	1251	10	N	0	0	7	19.4285714285714
A_NP	1252	10	N	0	0	10	20.9
A_NP	1253	10	N	0	0	10	20
A_NP	1254	8	N	2	0	8	25.625
A_NP	1255	10	N	0	0	10	22.7
A_NP	1256	9	N	1	0	9	20.2222222222222
A_NP	1257	9	N	1	0	5	16.4
A_NP	1258	9	N	1	0	9	18.1111111111111
A_NP	1259	9	N	1	0	9	20.1111111111111
A_NP	1260	9	N	1	0	9	22
A_NP	1261	9	N	1	0	9	21.3333333333333
A_NP	1262	9	N	1	0	9	21.7777777777778
A_NP	1263	9	N	1	0	9	20
A_NP	1264	9	N	1	0	8	22
A_NP	1265	7	N	3	0	7	21
A_NP	1266	9	N	1	0	9	19
A_NP	1267	10	N	0	0	9	20.1111111111111
A_NP	1268	10	N	0	0	10	21.5
A_NP	1269	10	N	0	0	10	22.2
A_NP	1270	10	N	0	0	10	22.2
A_NP	1271	10	N	0	0	10	36.9
A_NP	1272	10	N	0	0	9	25
A_NP	1273	10	N	0	0	8	22.375
A_NP	1274	10	N	0	0	10	18.9
A_NP	1275	10	N	0	0	7	17.5714285714286
A_NP	1276	10	N	0	0	10	19.8
A_NP	1277	10	N	0	0	10	16.5
A_NP	1278	11	N	0	0	11	17.6363636363636
A_NP	1279	11	N	0	0	11	19.3636363636364
A_NP	1280	11	N	0	0	11	20.1818181818182
A_NP	1281	11	N	0	0	11	20.5454545454545
A_NP	1282	11	N	0	0	11	19.1818181818182
A_NP	1283	11	N	0	0	11	18.0909090909091
A_NP	1284	11	N	0	0	11	18.5454545454545
A_NP	1285	10	N	1	0	10	19.3
A_NP	1286	11	N	0	0	10	20.1
A_NP	1287	11	N	0	0	10	19.7
A_NP	1288	11	N	0	0	11	18.1818181818182
A_NP	1289	11	N	0	0	8	17.5
A_NP	1290	11	N	0	0	7	16.4285714285714
A_NP	1291	11	N	0	0	8	17
A_NP	1292	11	N	0	0	11	16.1818181818182
A_NP	1293	11	N	0	0	7	16.2857142857143
A_NP	1294	11	N	0	0	11	17.2727272727273
A_NP	1295	11	N	0	0	11	20.8181818181818
A_NP	1296	11	N	0	0	8	21.875
A_NP	1297	11	N	0	0	11	22.7272727272727
A_NP	1298	11	N	0	0	8	31.875
A_NP	1299	11	N	0	0	8	24.5
A_NP	1300	11	N	0	0	11	22.7272727272727
A_NP	1301	11	N	0	0	11	22.4545454545455
A_NP	1302	11	N	0	0	11	21.9090909090909
A_NP	1303	11	N	0	0	11	21.0909090909091
A_NP	1304	11	N	0	0	10	20.9
A_NP	1305	10	N	1	0	10	19.1
A_NP	1306	10	N	1	0	7	15.7142857142857
A_NP	1307	11	N	0	0	10	14
A_NP	1308	10	N	1	0	7	13.8571428571429
A_NP	1309	10	N	1	0	10	16.7
A_NP	1310	11	N	0	0	8	18.125
A_NP	1311	11	N	0	0	10	20
A_NP	1312	11	N	0	0	9	20.1111111111111
A_NP	1313	11	N	0	0	11	19.4545454545455
A_NP	1314	11	N	0	0	9	18.8888888888889
A_NP	1315	11	N	0	0	11	15.2727272727273
A_NP	1316	11	N	0	0	11	16.6363636363636
A_NP	1317	10	N	1	0	10	19.1
A_NP	1318	11	N	0	0	11	17.5454545454545
A_NP	1319	11	N	0	0	10	19.5
A_NP	1320	11	N	0	0	11	23.9090909090909
A_NP	1321	11	N	0	0	8	18.625
A_NP	1322	11	N	0	0	11	17.1818181818182
A_NP	1323	11	N	0	0	8	16.625
A_NP	1324	11	N	0	0	8	16
A_NP	1325	11	N	0	0	11	20.5454545454545
A_NP	1326	11	N	0	0	11	21.2727272727273
A_NP	1327	11	N	0	0	11	19.1818181818182
A_NP	1328	10	N	1	0	10	18.2
A_NP	1329	10	N	1	0	10	17
A_NP	1330	11	N	0	0	8	17.25
A_NP	1331	11	N	0	0	11	16.4545454545455
A_NP	1332	11	N	0	0	8	16.375
A_NP	1333	11	N	0	0	11	12.5454545454545
A_NP	1334	11	N	0	0	10	14.5
A_NP	1335	11	N	0	0	10	15.6
A_NP	1336	11	N	0	0	11	15.1818181818182
A_NP	1337	11	N	0	0	11	17.9090909090909
A_NP	1338	11	N	0	0	8	19.5
A_NP	1339	11	N	0	0	11	18
A_NP	1340	11	N	0	0	11	17.5454545454545
A_NP	1341	11	N	0	0	11	22
A_NP	1342	11	N	0	0	11	22.8181818181818
A_NP	1343	11	N	0	0	11	23.6363636363636
A_NP	1344	10	N	1	0	10	26.4
A_NP	1345	11	N	0	0	11	25.2727272727273
A_NP	1346	11	N	0	0	11	22.8181818181818
A_NP	1347	11	N	0	0	11	22.3636363636364
A_NP	1348	11	N	0	0	7	20.5714285714286
A_NP	1349	11	N	0	0	11	20.9090909090909
A_NP	1350	11	N	0	0	11	19.2727272727273
A_NP	1351	11	N	0	0	11	17.1818181818182
A_NP	1352	11	N	0	0	11	18.0909090909091
A_NP	1353	10	N	1	0	10	19.8
A_NP	1354	10	N	1	0	10	21.9
A_NP	1355	11	N	0	0	11	24.8181818181818
A_NP	1356	10	N	1	0	8	22
A_NP	1357	10	N	1	0	10	22.3
A_NP	1358	11	N	0	0	11	21.8181818181818
A_NP	1359	11	N	0	0	8	19.75
A_NP	1360	11	N	0	0	11	26.1818181818182
A_NP	1361	11	N	0	0	11	20.0909090909091
A_NP	1362	11	N	0	0	8	20.75
A_NP	1363	11	N	0	0	11	20.4545454545455
A_NP	1364	11	N	0	0	11	19.5454545454545
A_NP	1365	11	N	0	0	8	18.875
A_NP	1366	11	N	0	0	8	17.625
A_NP	1367	11	N	0	0	11	17.2727272727273
A_NP	1368	11	N	0	0	11	18.2727272727273
A_NP	1369	11	N	0	0	11	20.2727272727273
A_NP	1370	11	N	0	0	11	18.5454545454545
A_NP	1371	11	N	0	0	8	16.5
A_NP	1372	11	N	0	0	11	19.7272727272727
A_NP	1373	11	N	0	0	11	20.5454545454545
A_NP	1374	10	N	1	0	10	22.4
A_NP	1375	11	N	0	0	11	18.8181818181818
A_NP	1376	9	N	2	0	8	14.25
A_NP	1377	8	N	3	0	8	14.625
A_NP	1378	10	N	1	0	10	15
A_NP	1379	10	N	1	0	10	24.8
A_NP	1380	11	N	0	0	11	27.1818181818182
A_NP	1381	11	N	0	0	8	18.125
A_NP	1382	9	N	2	0	8	22.75
A_NP	1383	10	N	1	0	9	21.2222222222222
A_NP	1384	10	N	1	0	10	21.7
A_NP	1385	10	N	1	0	10	21.9
A_NP	1386	10	N	1	0	10	20.5
A_NP	1387	11	N	0	0	11	19.6363636363636
A_NP	1388	10	N	1	0	10	19.6
A_NP	1389	11	N	0	0	9	20.3333333333333
A_NP	1390	11	N	0	0	11	21.3636363636364
A_NP	1391	9	N	2	0	9	21.4444444444444
A_NP	1392	9	N	2	0	9	20.1111111111111
A_NP	1393	11	N	0	0	11	24.0909090909091
A_NP	1394	10	N	0	0	9	18.4444444444444
A_NP	1395	10	N	0	0	9	22.2222222222222
A_NP	1396	10	N	0	0	9	20.2222222222222
A_NP	1397	9	N	1	0	8	19.375
A_NP	1398	9	N	1	0	7	21.8571428571429
A_NP	1399	10	N	0	0	10	26.2
A_NP	1400	10	N	0	0	9	26.5555555555556
A_NP	1401	10	N	0	0	7	17
A_NP	1402	10	N	0	0	10	19.2
A_NP	1403	10	N	0	0	10	21
A_NP	1404	10	N	0	0	10	22.3
A_NP	1405	10	N	0	0	10	23.8
A_NP	1406	9	N	1	0	9	23.6666666666667
A_NP	1407	9	N	1	0	7	23
A_NP	1408	10	N	0	0	10	23.4
A_NP	1409	10	N	0	0	10	30.2
A_NP	1410	10	N	0	0	10	31
A_NP	1411	10	N	0	0	10	24.5
A_NP	1412	10	N	0	0	10	24.4
A_NP	1413	10	N	0	0	10	23.7
A_NP	1414	10	N	0	0	7	24.1428571428571
A_NP	1415	10	N	0	0	10	20.9
A_NP	1416	10	N	0	0	10	19.2
A_NP	1417	10	N	0	0	10	20.3
A_NP	1418	10	N	0	0	10	18.7
A_NP	1419	10	N	0	0	10	19.4
A_NP	1420	10	N	0	0	10	18.3
A_NP	1421	10	N	0	0	10	22
A_NP	1422	10	N	0	0	10	22.1
A_NP	1423	10	N	0	0	10	29.4
A_NP	1424	10	N	0	0	10	23.2
A_NP	1425	10	N	0	0	10	23.1
A_NP	1426	10	N	0	0	10	24.8
A_NP	1427	10	N	0	0	10	23.4
A_NP	1428	10	N	0	0	9	23.3333333333333
A_NP	1429	10	N	0	0	10	25.4
A_NP	1430	10	N	0	0	8	25
A_NP	1431	10	N	0	0	7	26.8571428571429
A_NP	1432	9	N	1	0	9	27.7777777777778
A_NP	1433	8	N	2	0	8	28.75
A_NP	1434	9	N	1	0	7	22
A_NP	1435	10	N	0	0	9	24.8888888888889
A_NP	1436	10	N	0	0	10	25.1
A_NP	1437	10	N	0	0	10	25.3
A_NP	1438	10	N	0	0	10	24.9
A_NP	1439	10	N	0	0	10	24.2
A_NP	1440	10	N	0	0	7	21.4285714285714
A_NP	1441	10	N	0	0	10	22.3
A_NP	1442	10	N	0	0	10	23.6
A_NP	1443	10	N	0	0	10	21.4
A_NP	1444	9	N	1	0	9	18
A_NP	1445	10	N	0	0	10	18
A_NP	1446	10	N	0	0	9	15.6666666666667
A_NP	1447	10	N	0	0	10	18.8
A_NP	1448	10	N	0	0	10	19.4
A_NP	1449	10	N	0	0	6	18.6666666666667
A_NP	1450	10	N	0	0	10	21.2
A_NP	1451	10	N	0	0	10	21.4
A_NP	1452	10	N	0	0	10	20.6
A_NP	1453	10	N	0	0	10	19.1
A_NP	1454	10	N	0	0	10	19.6
A_NP	1455	10	N	0	0	7	19.7142857142857
A_NP	1456	10	N	0	0	10	18.3
A_NP	1457	10	N	0	0	10	17.2
A_NP	1458	10	N	0	0	10	16.4
A_NP	1459	10	N	0	0	10	16.2
A_NP	1460	10	N	0	0	10	13.2
A_NP	1461	10	N	0	0	10	13.6
A_NP	1462	10	N	0	0	10	16.4
A_NP	1463	10	N	0	0	10	19.6
A_NP	1464	10	N	0	0	10	20.3
A_NP	1465	10	N	0	0	10	27.2
A_NP	1466	10	N	0	0	10	21.4
A_NP	1467	10	N	0	0	10	20.5
A_NP	1468	10	N	0	0	10	21.9
A_NP	1469	10	N	0	0	10	23
A_NP	1470	10	N	0	0	10	23.2
A_NP	1471	10	N	0	0	10	24.9
A_NP	1472	10	N	0	0	10	25.3
A_NP	1473	10	N	0	0	10	25.1
A_NP	1474	10	N	0	0	10	22.2
A_NP	1475	10	N	0	0	10	22.7
A_NP	1476	10	N	0	0	9	20
A_NP	1477	10	N	0	0	10	22.1
A_NP	1478	10	N	0	0	10	21
A_NP	1479	10	N	0	0	10	19.6
A_NP	1480	10	N	0	0	10	19.3
A_NP	1481	10	N	0	0	9	18.1111111111111
A_NP	1482	9	N	1	0	7	22.1428571428571
A_NP	1483	9	N	1	0	9	24.3333333333333
A_NP	1484	10	N	0	0	10	22.1
A_NP	1485	10	N	0	0	6	22.5
A_NP	1486	10	N	0	0	10	22.8
A_NP	1487	10	N	0	0	10	24
A_NP	1488	10	N	0	0	7	21.2857142857143
A_NP	1489	10	N	0	0	10	22.6
A_NP	1490	10	N	0	0	10	22.3
A_NP	1491	9	N	0	0	9	23.1111111111111
A_NP	1492	9	N	0	0	9	20
A_NP	1493	9	N	0	0	9	21.5555555555556
A_NP	1494	9	N	0	0	9	20.5555555555556
A_NP	1495	9	N	0	0	9	19.3333333333333
A_NP	1496	7	N	0	0	7	17.2857142857143
A_NP	1497	7	N	0	0	7	18.2857142857143
