Reference_Name	Position	Coverage Depth	Consensus	Deletions	Ambiguous	Consensus_Count	Consensus_Average_Quality
A_NS	1	26	N	0	0	26	20.8076923076923
A_NS	2	26	N	0	0	26	20.7307692307692
A_NS	3	27	N	0	0	27	22
A_NS	4	28	N	0	0	27	22.962962962963
A_NS	5	28	N	0	0	27	21.7777777777778
A_NS	6	29	N	0	0	24	20.9583333333333
A_NS	7	30	N	0	0	30	19.7666666666667
A_NS	8	28	N	2	0	28	19.5714285714286
A_NS	9	30	N	0	0	28	20.7142857142857
A_NS	10	30	N	0	0	30	18.3333333333333
A_NS	11	31	N	0	0	30	20.0333333333333
A_NS	12	31	N	0	0	30	22.3333333333333
A_NS	13	31	N	0	0	31	23.4838709677419
A_NS	14	30	N	1	0	30	20.7333333333333
A_NS	15	31	N	0	0	27	23.1481481481481
A_NS	16	31	N	0	0	27	21.5925925925926
A_NS	17	32	N	0	0	32	20.5625
A_NS	18	32	N	0	0	32	19.9375
A_NS	19	32	N	0	0	32	20.0625
A_NS	20	32	N	0	0	32	20.53125
A_NS	21	31	N	1	0	31	19.0645161290323
A_NS	22	30	N	2	0	28	21.1785714285714
A_NS	23	31	N	1	0	31	21.0322580645161
A_NS	24	32	N	0	0	27	20.2962962962963
A_NS	25	31	N	1	0	31	19.1935483870968
A_NS	26	32	N	0	0	32	20.125
A_NS	27	32	N	0	0	30	23.4666666666667
A_NS	28	32	N	0	0	31	26.4516129032258
A_NS	29	32	N	0	0	31	22.258064516129
A_NS	30	32	N	0	0	31	19.9677419354839
A_NS	31	32	N	0	0	32	19.78125
A_NS	32	32	N	0	0	31	22.9354838709677
A_NS	33	32	N	0	0	32	22.9375
A_NS	34	32	N	0	0	32	20.96875
A_NS	35	32	N	0	0	32	20.9375
A_NS	36	32	N	0	0	26	19.9615384615385
A_NS	37	30	N	2	0	29	21.5172413793103
A_NS	38	31	N	1	0	31	21.6129032258065
A_NS	39	30	N	2	0	24	22.2083333333333
A_NS	40	31	N	1	0	31	22.9677419354839
A_NS	41	31	N	1	0	31	24.0967741935484
A_NS	42	31	N	1	0	31	27.9677419354839
A_NS	43	31	N	1	0	31	29.1935483870968
A_NS	44	29	N	3	0	29	23.8965517241379
A_NS	45	32	N	0	0	31	24.1612903225806
A_NS	46	31	N	1	0	30	24
A_NS	47	30	N	2	0	30	21.2333333333333
A_NS	48	32	N	0	0	32	18.9375
A_NS	49	32	N	0	0	32	19.4375
A_NS	50	31	N	1	0	31	19.7096774193548
A_NS	51	30	N	2	0	26	22.1538461538462
A_NS	52	30	N	2	0	28	23.6071428571429
A_NS	53	31	N	1	0	30	24.2
A_NS	54	31	N	1	0	26	24.3076923076923
A_NS	55	30	N	2	0	29	23.7586206896552
A_NS	56	30	N	2	0	28	23.6428571428571
A_NS	57	31	N	1	0	23	24.0434782608696
A_NS	58	29	N	3	0	28	21
A_NS	59	30	N	2	0	29	20.8965517241379
A_NS	60	31	N	1	0	26	20.1153846153846
A_NS	61	32	N	0	0	31	21.4516129032258
A_NS	62	32	N	0	0	28	21.3571428571429
A_NS	63	32	N	0	0	30	21.4666666666667
A_NS	64	30	N	2	0	26	20.7692307692308
A_NS	65	31	N	1	0	30	22.8666666666667
A_NS	66	31	N	1	0	30	22.6
A_NS	67	31	N	1	0	30	22.4
A_NS	68	31	N	1	0	24	22.625
A_NS	69	31	N	1	0	27	22.0740740740741
A_NS	70	31	N	1	0	31	20.9354838709677
A_NS	71	32	N	0	0	30	21.9
A_NS	72	32	N	0	0	30	21.5
A_NS	73	29	N	3	0	26	23.9615384615385
A_NS	74	30	N	2	0	29	24.6206896551724
A_NS	75	30	N	2	0	24	24.6666666666667
A_NS	76	32	N	0	0	26	24.9230769230769
A_NS	77	32	N	0	0	28	22.8214285714286
A_NS	78	32	N	0	0	28	22.25
A_NS	79	31	N	1	0	26	22.6538461538462
A_NS	80	31	N	1	0	31	21.2258064516129
A_NS	81	31	N	1	0	26	19.9230769230769
A_NS	82	31	N	1	0	27	16.2592592592593
A_NS	83	32	N	0	0	31	18.0967741935484
A_NS	84	32	N	0	0	31	18.0322580645161
A_NS	85	32	N	0	0	32	20.09375
A_NS	86	32	N	0	0	31	20.2258064516129
A_NS	87	32	N	0	0	31	21.7741935483871
A_NS	88	30	N	2	0	30	22.3
A_NS	89	27	N	5	0	27	22.037037037037
A_NS	90	31	N	1	0	30	21.6
A_NS	91	31	N	1	0	30	23.3666666666667
A_NS	92	31	N	1	0	30	22.7666666666667
A_NS	93	31	N	1	0	31	22.2903225806452
A_NS	94	32	N	0	0	31	22.6129032258065
A_NS	95	32	N	0	0	30	24.3333333333333
A_NS	96	21	N	11	0	20	25.15
A_NS	97	23	N	9	0	20	21.5
A_NS	98	30	N	2	0	30	22.7333333333333
A_NS	99	31	N	1	0	29	21.2413793103448
A_NS	100	32	N	0	0	29	20.8965517241379
A_NS	101	32	N	0	0	31	19.9354838709677
A_NS	102	30	N	2	0	30	20
A_NS	103	31	N	1	0	28	21.6071428571429
A_NS	104	30	N	2	0	29	18.551724137931
A_NS	105	30	N	2	0	30	17
A_NS	106	30	N	2	0	29	17.2068965517241
A_NS	107	31	N	1	0	30	18.5
A_NS	108	32	N	0	0	26	20.8076923076923
A_NS	109	33	N	0	0	32	19.5
A_NS	110	33	N	0	0	33	19.9393939393939
A_NS	111	33	N	0	0	33	19.5454545454545
A_NS	112	33	N	0	0	32	20.3125
A_NS	113	33	N	0	0	33	19.3636363636364
A_NS	114	33	N	0	0	33	17.3333333333333
A_NS	115	32	N	1	0	32	17.59375
A_NS	116	33	N	0	0	32	17
A_NS	117	33	N	0	0	33	18.6666666666667
A_NS	118	33	N	0	0	32	20.1875
A_NS	119	30	N	3	0	30	16.6666666666667
A_NS	120	33	N	0	0	27	16.6296296296296
A_NS	121	33	N	0	0	31	17.8064516129032
A_NS	122	33	N	0	0	28	17.5
A_NS	123	31	N	2	0	30	19.3333333333333
A_NS	124	32	N	1	0	32	16.84375
A_NS	125	32	N	1	0	31	18.0322580645161
A_NS	126	32	N	1	0	29	16.8965517241379
A_NS	127	33	N	0	0	25	15.96
A_NS	128	33	N	0	0	29	18.4137931034483
A_NS	129	30	N	3	0	28	16.75
A_NS	130	33	N	0	0	31	18.2903225806452
A_NS	131	32	N	1	0	27	18.037037037037
A_NS	132	32	N	1	0	26	20.3846153846154
A_NS	133	31	N	2	0	31	19.9677419354839
A_NS	134	32	N	1	0	32	20.40625
A_NS	135	31	N	2	0	31	21.1935483870968
A_NS	136	32	N	1	0	32	20.84375
A_NS	137	29	N	4	0	28	21.3214285714286
A_NS	138	31	N	2	0	31	19.0645161290323
A_NS	139	30	N	3	0	30	20.5
A_NS	140	32	N	1	0	31	19.3870967741935
A_NS	141	33	N	0	0	32	19.34375
A_NS	142	33	N	0	0	33	19.6060606060606
A_NS	143	32	N	1	0	30	20.9333333333333
A_NS	144	32	N	1	0	27	20.4444444444444
A_NS	145	32	N	1	0	32	19.25
A_NS	146	28	N	5	0	27	19.9259259259259
A_NS	147	29	N	4	0	26	19.7692307692308
A_NS	148	32	N	1	0	29	20.5172413793103
A_NS	149	31	N	2	0	31	21.8387096774194
A_NS	150	33	N	0	0	28	21.8571428571429
A_NS	151	33	N	0	0	32	22.5
A_NS	152	33	N	0	0	33	21.030303030303
A_NS	153	33	N	0	0	28	20.8928571428571
A_NS	154	33	N	0	0	33	20.2121212121212
A_NS	155	33	N	0	0	33	19.969696969697
A_NS	156	32	N	1	0	27	20.2222222222222
A_NS	157	33	N	0	0	32	19.6875
A_NS	158	34	N	0	0	34	22.0588235294118
A_NS	159	34	N	0	0	33	20.0909090909091
A_NS	160	34	N	0	0	33	20.6363636363636
A_NS	161	34	N	0	0	34	21.4117647058824
A_NS	162	34	N	0	0	34	22.5882352941176
A_NS	163	33	N	1	0	33	22.7878787878788
A_NS	164	34	N	0	0	34	23.3529411764706
A_NS	165	34	N	0	0	34	22.5
A_NS	166	34	N	0	0	28	21.6071428571429
A_NS	167	33	N	1	0	32	20.84375
A_NS	168	33	N	1	0	31	20.0967741935484
A_NS	169	32	N	2	0	25	18.92
A_NS	170	33	N	1	0	31	17.1612903225806
A_NS	171	34	N	0	0	34	16.5882352941176
A_NS	172	33	N	1	0	33	16.3636363636364
A_NS	173	34	N	0	0	33	18.0909090909091
A_NS	174	33	N	1	0	27	17
A_NS	175	34	N	0	0	31	18.9677419354839
A_NS	176	33	N	1	0	25	21.08
A_NS	177	33	N	1	0	32	21.53125
A_NS	178	33	N	1	0	31	23.1290322580645
A_NS	179	32	N	2	0	26	23
A_NS	180	30	N	4	0	28	22.0357142857143
A_NS	181	30	N	4	0	29	21.3103448275862
A_NS	182	30	N	4	0	29	20.5172413793103
A_NS	183	34	N	0	0	30	20.2
A_NS	184	33	N	1	0	33	20.7272727272727
A_NS	185	34	N	0	0	34	22.2058823529412
A_NS	186	34	N	0	0	29	21.8620689655172
A_NS	187	34	N	0	0	34	19.6764705882353
A_NS	188	34	N	0	0	34	19.7941176470588
A_NS	189	34	N	0	0	34	19.5294117647059
A_NS	190	33	N	1	0	32	22.375
A_NS	191	32	N	2	0	31	24.5483870967742
A_NS	192	31	N	3	0	24	28.2083333333333
A_NS	193	32	N	2	0	31	21
A_NS	194	33	N	1	0	33	22.2727272727273
A_NS	195	31	N	3	0	23	20.7826086956522
A_NS	196	32	N	2	0	32	18.78125
A_NS	197	32	N	2	0	32	19.03125
A_NS	198	33	N	1	0	33	19.6060606060606
A_NS	199	32	N	2	0	26	21.1538461538462
A_NS	200	33	N	1	0	26	20.7307692307692
A_NS	201	34	N	0	0	33	21.5757575757576
A_NS	202	33	N	1	0	33	21.0606060606061
A_NS	203	34	N	0	0	33	25.8181818181818
A_NS	204	34	N	0	0	33	22
A_NS	205	33	N	1	0	29	22.1034482758621
A_NS	206	33	N	1	0	30	26.7666666666667
A_NS	207	32	N	2	0	31	23.3548387096774
A_NS	208	31	N	3	0	30	22.4333333333333
A_NS	209	31	N	3	0	31	22.3870967741935
A_NS	210	31	N	3	0	31	21.9354838709677
A_NS	211	29	N	5	0	29	19.4827586206897
A_NS	212	32	N	2	0	28	18.3928571428571
A_NS	213	26	N	8	0	21	18
A_NS	214	34	N	0	0	34	17.4705882352941
A_NS	215	33	N	1	0	33	18.0606060606061
A_NS	216	34	N	0	0	34	17.7058823529412
A_NS	217	34	N	0	0	33	19.2121212121212
A_NS	218	30	N	4	0	30	18.8666666666667
A_NS	219	34	N	0	0	26	17.0769230769231
A_NS	220	33	N	1	0	26	16.1153846153846
A_NS	221	34	N	0	0	26	15.7307692307692
A_NS	222	34	N	0	0	26	16.6923076923077
A_NS	223	34	N	0	0	33	15.6666666666667
A_NS	224	34	N	0	0	32	16.125
A_NS	225	33	N	1	0	32	19.09375
A_NS	226	33	N	1	0	27	19.4814814814815
A_NS	227	33	N	1	0	33	16.6969696969697
A_NS	228	34	N	0	0	33	18.3333333333333
A_NS	229	34	N	0	0	34	19.7352941176471
A_NS	230	34	N	0	0	33	20.8787878787879
A_NS	231	34	N	0	0	32	22.375
A_NS	232	33	N	1	0	32	21.78125
A_NS	233	33	N	1	0	27	22.4444444444444
A_NS	234	34	N	0	0	34	21.0294117647059
A_NS	235	34	N	0	0	33	21.5757575757576
A_NS	236	34	N	0	0	33	22.6969696969697
A_NS	237	34	N	0	0	33	21.6363636363636
A_NS	238	33	N	1	0	26	22.3076923076923
A_NS	239	33	N	1	0	33	22.030303030303
A_NS	240	33	N	1	0	26	22.9615384615385
A_NS	241	33	N	1	0	33	24.4848484848485
A_NS	242	34	N	0	0	33	24.3030303030303
A_NS	243	34	N	0	0	27	22.5185185185185
A_NS	244	34	N	0	0	33	22.6969696969697
A_NS	245	34	N	0	0	32	21.65625
A_NS	246	33	N	1	0	27	22.4814814814815
A_NS	247	34	N	0	0	34	21.8529411764706
A_NS	248	34	N	0	0	34	23.2941176470588
A_NS	249	34	N	0	0	15	19.9333333333333
A_NS	250	34	N	0	0	34	21.0588235294118
A_NS	251	34	N	0	0	25	20.68
A_NS	252	34	N	0	0	34	20.0588235294118
A_NS	253	33	N	1	0	33	20.2727272727273
A_NS	254	34	N	0	0	34	20.1470588235294
A_NS	255	32	N	2	0	21	18.5238095238095
A_NS	256	34	N	0	0	26	21.2692307692308
A_NS	257	34	N	0	0	34	20.5294117647059
A_NS	258	34	N	0	0	33	19.6666666666667
A_NS	259	33	N	1	0	33	21
A_NS	260	33	N	1	0	33	23.030303030303
A_NS	261	33	N	1	0	32	19.15625
A_NS	262	34	N	0	0	32	18.9375
A_NS	263	33	N	1	0	33	20.3333333333333
A_NS	264	33	N	1	0	25	19.96
A_NS	265	33	N	1	0	32	23.4375
A_NS	266	34	N	0	0	34	22.0294117647059
A_NS	267	34	N	0	0	33	22
A_NS	268	34	N	0	0	34	21.8529411764706
A_NS	269	34	N	0	0	34	22.5882352941176
A_NS	270	33	N	1	0	27	24.1851851851852
A_NS	271	32	N	2	0	26	22.4615384615385
A_NS	272	32	N	2	0	32	23.28125
A_NS	273	34	N	0	0	31	21.2903225806452
A_NS	274	34	N	0	0	33	19.7272727272727
A_NS	275	34	N	0	0	32	21.96875
A_NS	276	34	N	0	0	33	22.5454545454545
A_NS	277	33	N	1	0	33	21.7272727272727
A_NS	278	33	N	1	0	33	21.030303030303
A_NS	279	34	N	0	0	33	21.2121212121212
A_NS	280	34	N	0	0	34	20.9117647058824
A_NS	281	30	N	4	0	30	21.2333333333333
A_NS	282	34	N	0	0	27	23.2222222222222
A_NS	283	33	N	1	0	27	18.3333333333333
A_NS	284	32	N	2	0	32	18.15625
A_NS	285	33	N	1	0	25	19.08
A_NS	286	34	N	0	0	34	17.2058823529412
A_NS	287	33	N	1	0	32	17.15625
A_NS	288	33	N	1	0	31	17.4838709677419
A_NS	289	33	N	1	0	32	17.4375
A_NS	290	33	N	1	0	31	18.258064516129
A_NS	291	33	N	1	0	33	18.8787878787879
A_NS	292	33	N	1	0	26	20.1538461538462
A_NS	293	33	N	1	0	32	18.78125
A_NS	294	34	N	0	0	34	20.0882352941176
A_NS	295	32	N	2	0	32	21.6875
A_NS	296	32	N	2	0	32	23.125
A_NS	297	31	N	3	0	31	19.0322580645161
A_NS	298	33	N	1	0	26	20.0769230769231
A_NS	299	33	N	1	0	33	17.5454545454545
A_NS	300	34	N	0	0	34	17.8529411764706
A_NS	301	34	N	0	0	27	22
A_NS	302	34	N	0	0	34	22.4705882352941
A_NS	303	34	N	0	0	33	20.5757575757576
A_NS	304	33	N	1	0	33	19.2424242424242
A_NS	305	33	N	1	0	32	18.8125
A_NS	306	34	N	0	0	34	18.5588235294118
A_NS	307	34	N	0	0	32	19.21875
A_NS	308	34	N	0	0	33	20.3939393939394
A_NS	309	34	N	0	0	33	23.0606060606061
A_NS	310	33	N	1	0	32	22.59375
A_NS	311	33	N	1	0	32	24.09375
A_NS	312	34	N	0	0	34	21.8235294117647
A_NS	313	34	N	0	0	34	20.6470588235294
A_NS	314	34	N	0	0	33	21.9393939393939
A_NS	315	34	N	0	0	26	24.8076923076923
A_NS	316	34	N	0	0	34	21.5294117647059
A_NS	317	34	N	0	0	32	21.90625
A_NS	318	34	N	0	0	34	21.8529411764706
A_NS	319	34	N	0	0	34	22.7352941176471
A_NS	320	34	N	0	0	34	22.4117647058824
A_NS	321	34	N	0	0	25	21.56
A_NS	322	34	N	0	0	34	21.1764705882353
A_NS	323	33	N	1	0	26	22.4615384615385
A_NS	324	34	N	0	0	32	20.46875
A_NS	325	33	N	1	0	33	19.969696969697
A_NS	326	30	N	4	0	28	20.8928571428571
A_NS	327	34	N	0	0	27	20.8148148148148
A_NS	328	34	N	0	0	33	23.6969696969697
A_NS	329	34	N	0	0	34	25.1470588235294
A_NS	330	34	N	0	0	21	27.6190476190476
A_NS	331	34	N	0	0	27	23.5925925925926
A_NS	332	34	N	0	0	34	21.9117647058824
A_NS	333	34	N	0	0	27	22.2592592592593
A_NS	334	34	N	0	0	27	21.6666666666667
A_NS	335	34	N	0	0	26	21.6538461538462
A_NS	336	32	N	2	0	32	20
A_NS	337	33	N	1	0	33	17.7878787878788
A_NS	338	32	N	2	0	31	15.7741935483871
A_NS	339	30	N	4	0	22	16.1363636363636
A_NS	340	33	N	1	0	31	16.1612903225806
A_NS	341	31	N	3	0	31	19.5483870967742
A_NS	342	31	N	3	0	30	22
A_NS	343	33	N	1	0	33	19.9090909090909
A_NS	344	30	N	4	0	28	22.2857142857143
A_NS	345	34	N	0	0	34	23.0882352941176
A_NS	346	34	N	0	0	33	22.6666666666667
A_NS	347	32	N	2	0	32	21.8125
A_NS	348	32	N	2	0	30	20.3666666666667
A_NS	349	33	N	1	0	28	18.1071428571429
A_NS	350	34	N	0	0	34	18.6764705882353
A_NS	351	32	N	2	0	26	19.3076923076923
A_NS	352	33	N	1	0	27	20.4074074074074
A_NS	353	34	N	0	0	33	21.8181818181818
A_NS	354	34	N	0	0	34	22.2352941176471
A_NS	355	34	N	0	0	27	22.1481481481481
A_NS	356	34	N	0	0	33	23.2727272727273
A_NS	357	33	N	1	0	33	26.6969696969697
A_NS	358	33	N	1	0	32	23.71875
A_NS	359	33	N	1	0	33	24.3030303030303
A_NS	360	33	N	1	0	32	22.40625
A_NS	361	33	N	1	0	32	22.28125
A_NS	362	33	N	1	0	33	22.4545454545455
A_NS	363	32	N	2	0	27	21.4814814814815
A_NS	364	33	N	1	0	33	22.0606060606061
A_NS	365	33	N	1	0	32	21.75
A_NS	366	33	N	1	0	26	21.4615384615385
A_NS	367	33	N	1	0	26	21.6153846153846
A_NS	368	33	N	1	0	33	21.6666666666667
A_NS	369	33	N	1	0	33	21.969696969697
A_NS	370	33	N	1	0	33	22.030303030303
A_NS	371	33	N	1	0	33	21.8181818181818
A_NS	372	34	N	0	0	29	21.6551724137931
A_NS	373	34	N	0	0	33	19.969696969697
A_NS	374	34	N	0	0	34	19.4705882352941
A_NS	375	34	N	0	0	26	20.9615384615385
A_NS	376	34	N	0	0	33	19.6060606060606
A_NS	377	33	N	1	0	33	22
A_NS	378	32	N	2	0	27	22.1481481481481
A_NS	379	34	N	0	0	33	21.2121212121212
A_NS	380	34	N	0	0	34	21.5588235294118
A_NS	381	34	N	0	0	34	20.6764705882353
A_NS	382	34	N	0	0	33	20.8787878787879
A_NS	383	34	N	0	0	34	22.5588235294118
A_NS	384	34	N	0	0	28	22.3571428571429
A_NS	385	33	N	1	0	27	21.4074074074074
A_NS	386	34	N	0	0	33	22.1515151515152
A_NS	387	34	N	0	0	28	22.0357142857143
A_NS	388	33	N	1	0	26	21.8846153846154
A_NS	389	32	N	2	0	30	22.5
A_NS	390	32	N	2	0	18	20.5555555555556
A_NS	391	32	N	2	0	27	18.3703703703704
A_NS	392	34	N	0	0	34	20.2647058823529
A_NS	393	34	N	0	0	34	22.6470588235294
A_NS	394	34	N	0	0	34	24.2941176470588
A_NS	395	34	N	0	0	34	24.5
A_NS	396	34	N	0	0	27	23.1851851851852
A_NS	397	34	N	0	0	33	22.8484848484848
A_NS	398	34	N	0	0	32	24.1875
A_NS	399	34	N	0	0	27	23.5925925925926
A_NS	400	33	N	1	0	33	23.6363636363636
A_NS	401	34	N	0	0	34	23.1764705882353
A_NS	402	34	N	0	0	34	24.9705882352941
A_NS	403	34	N	0	0	33	21.3333333333333
A_NS	404	33	N	1	0	27	19.7777777777778
A_NS	405	33	N	1	0	33	20.2424242424242
A_NS	406	34	N	0	0	34	20.5588235294118
A_NS	407	33	N	1	0	33	20.9090909090909
A_NS	408	33	N	1	0	28	21.5357142857143
A_NS	409	33	N	1	0	32	21.5
A_NS	410	33	N	1	0	33	24.1818181818182
A_NS	411	33	N	1	0	27	22.4074074074074
A_NS	412	34	N	0	0	32	24.125
A_NS	413	34	N	0	0	33	24.1515151515152
A_NS	414	34	N	0	0	27	25.4074074074074
A_NS	415	34	N	0	0	27	24.1851851851852
A_NS	416	34	N	0	0	26	23.8846153846154
A_NS	417	34	N	0	0	32	24.84375
A_NS	418	34	N	0	0	33	23.3333333333333
A_NS	419	34	N	0	0	34	23.0882352941176
A_NS	420	34	N	0	0	34	23.3235294117647
A_NS	421	34	N	0	0	27	23.4444444444444
A_NS	422	34	N	0	0	34	23.8529411764706
A_NS	423	32	N	2	0	31	23.2903225806452
A_NS	424	33	N	1	0	32	21.09375
A_NS	425	34	N	0	0	34	20.6176470588235
A_NS	426	34	N	0	0	34	21.7647058823529
A_NS	427	34	N	0	0	34	36.9705882352941
A_NS	428	34	N	0	0	33	20.5757575757576
A_NS	429	34	N	0	0	34	19.8823529411765
A_NS	430	33	N	1	0	27	20.7407407407407
A_NS	431	33	N	1	0	33	22.5454545454545
A_NS	432	33	N	1	0	27	22.3703703703704
A_NS	433	34	N	0	0	28	23.6785714285714
A_NS	434	34	N	0	0	34	23.7647058823529
A_NS	435	34	N	0	0	34	26.0882352941176
A_NS	436	34	N	0	0	27	25.7037037037037
A_NS	437	34	N	0	0	34	23.9411764705882
A_NS	438	34	N	0	0	27	24.1111111111111
A_NS	439	34	N	0	0	31	23.3548387096774
A_NS	440	34	N	0	0	32	22.53125
A_NS	441	33	N	1	0	32	22
A_NS	442	34	N	0	0	33	21.1818181818182
A_NS	443	33	N	1	0	32	20.625
A_NS	444	34	N	0	0	34	20.4705882352941
A_NS	445	34	N	0	0	34	20.9411764705882
A_NS	446	34	N	0	0	34	20.9705882352941
A_NS	447	33	N	1	0	33	22.5454545454545
A_NS	448	33	N	1	0	33	22.5757575757576
A_NS	449	33	N	1	0	33	24.2121212121212
A_NS	450	33	N	1	0	33	24.5151515151515
A_NS	451	33	N	1	0	33	22.5757575757576
A_NS	452	34	N	0	0	34	22.9411764705882
A_NS	453	34	N	0	0	26	22.2692307692308
A_NS	454	34	N	0	0	34	22.1764705882353
A_NS	455	34	N	0	0	34	21.9411764705882
A_NS	456	31	N	3	0	24	21.1666666666667
A_NS	457	33	N	1	0	33	19.030303030303
A_NS	458	34	N	0	0	33	16.8484848484848
A_NS	459	33	N	1	0	32	17.375
A_NS	460	34	N	0	0	34	17.1470588235294
A_NS	461	34	N	0	0	34	16.6764705882353
A_NS	462	33	N	1	0	32	17.4375
A_NS	463	33	N	1	0	26	22.6923076923077
A_NS	464	34	N	0	0	34	21.9117647058824
A_NS	465	33	N	1	0	33	21.8787878787879
A_NS	466	33	N	1	0	33	22.4848484848485
A_NS	467	33	N	1	0	32	22.78125
A_NS	468	34	N	0	0	25	22.56
A_NS	469	34	N	0	0	33	22.2727272727273
A_NS	470	34	N	0	0	33	22.1818181818182
A_NS	471	34	N	0	0	33	21.6363636363636
A_NS	472	34	N	0	0	33	21
A_NS	473	34	N	0	0	34	20.0588235294118
A_NS	474	34	N	0	0	26	20.6538461538462
A_NS	475	34	N	0	0	34	20.0294117647059
A_NS	476	31	N	3	0	31	20.9354838709677
A_NS	477	33	N	1	0	33	21.969696969697
A_NS	478	33	N	1	0	33	22.4545454545455
A_NS	479	33	N	1	0	33	20.8484848484848
A_NS	480	34	N	0	0	27	24.3703703703704
A_NS	481	34	N	0	0	34	24.1764705882353
A_NS	482	34	N	0	0	34	23.5294117647059
A_NS	483	34	N	0	0	34	24
A_NS	484	34	N	0	0	34	22.6470588235294
A_NS	485	34	N	0	0	33	20.3333333333333
A_NS	486	31	N	3	0	31	19.8709677419355
A_NS	487	34	N	0	0	26	20.6538461538462
A_NS	488	34	N	0	0	32	20.78125
A_NS	489	34	N	0	0	26	19.4230769230769
A_NS	490	33	N	1	0	32	19.46875
A_NS	491	32	N	2	0	31	20.3225806451613
A_NS	492	31	N	3	0	31	20.6451612903226
A_NS	493	31	N	3	0	31	21
A_NS	494	31	N	3	0	31	21.7741935483871
A_NS	495	34	N	0	0	34	21.0294117647059
A_NS	496	34	N	0	0	26	24.7692307692308
A_NS	497	34	N	0	0	34	25.5588235294118
A_NS	498	34	N	0	0	34	21.0294117647059
A_NS	499	31	N	3	0	31	22.7741935483871
A_NS	500	33	N	1	0	33	18.4848484848485
A_NS	501	32	N	2	0	32	16.125
A_NS	502	33	N	1	0	32	16.03125
A_NS	503	34	N	0	0	34	16.5294117647059
A_NS	504	34	N	0	0	34	18.4411764705882
A_NS	505	34	N	0	0	33	21.3636363636364
A_NS	506	34	N	0	0	34	23.7941176470588
A_NS	507	34	N	0	0	34	22
A_NS	508	34	N	0	0	32	24
A_NS	509	34	N	0	0	32	24.09375
A_NS	510	30	N	4	0	27	22.1851851851852
A_NS	511	33	N	1	0	26	21
A_NS	512	32	N	2	0	25	19.76
A_NS	513	32	N	2	0	30	20.5666666666667
A_NS	514	33	N	1	0	32	20.46875
A_NS	515	33	N	1	0	33	19.6666666666667
A_NS	516	33	N	1	0	33	20.1212121212121
A_NS	517	34	N	0	0	34	20.2941176470588
A_NS	518	34	N	0	0	34	19.9411764705882
A_NS	519	34	N	0	0	33	20.1212121212121
A_NS	520	34	N	0	0	32	20.125
A_NS	521	34	N	0	0	34	21.1764705882353
A_NS	522	32	N	2	0	32	22.375
A_NS	523	26	N	8	0	25	21.96
A_NS	524	31	N	3	0	31	24.0967741935484
A_NS	525	33	N	1	0	33	24.1212121212121
A_NS	526	33	N	1	0	33	29.3030303030303
A_NS	527	34	N	0	0	33	23.4848484848485
A_NS	528	33	N	1	0	33	21.2424242424242
A_NS	529	34	N	0	0	34	21.6176470588235
A_NS	530	32	N	2	0	28	21.7857142857143
A_NS	531	34	N	0	0	31	19.3225806451613
A_NS	532	34	N	0	0	26	20.4615384615385
A_NS	533	34	N	0	0	31	20.2258064516129
A_NS	534	32	N	2	0	32	20.65625
A_NS	535	28	N	6	0	26	17.5384615384615
A_NS	536	31	N	3	0	29	17.8620689655172
A_NS	537	33	N	1	0	30	15.8666666666667
A_NS	538	33	N	1	0	33	18.9393939393939
A_NS	539	32	N	2	0	32	18.71875
A_NS	540	32	N	2	0	32	21.15625
A_NS	541	33	N	1	0	33	21.8484848484848
A_NS	542	33	N	1	0	32	21.09375
A_NS	543	34	N	0	0	34	21.0588235294118
A_NS	544	34	N	0	0	34	23.6176470588235
A_NS	545	34	N	0	0	33	24.5151515151515
A_NS	546	34	N	0	0	34	23.0882352941176
A_NS	547	32	N	2	0	32	23.21875
A_NS	548	33	N	1	0	33	21.3030303030303
A_NS	549	33	N	1	0	33	21.5454545454545
A_NS	550	34	N	0	0	33	21.7878787878788
A_NS	551	34	N	0	0	34	21.7352941176471
A_NS	552	34	N	0	0	34	20.2352941176471
A_NS	553	34	N	0	0	34	21.7058823529412
A_NS	554	34	N	0	0	34	21.4705882352941
A_NS	555	34	N	0	0	34	21.9117647058824
A_NS	556	33	N	1	0	33	22.6060606060606
A_NS	557	33	N	1	0	30	21.3
A_NS	558	34	N	0	0	27	18.1111111111111
A_NS	559	32	N	2	0	31	19.6451612903226
A_NS	560	32	N	2	0	32	20.375
A_NS	561	33	N	1	0	32	22.21875
A_NS	562	33	N	1	0	33	21.1212121212121
A_NS	563	34	N	0	0	34	22.3529411764706
A_NS	564	34	N	0	0	33	21.2727272727273
A_NS	565	34	N	0	0	31	20.7096774193548
A_NS	566	34	N	0	0	25	20.64
A_NS	567	34	N	0	0	33	19.8181818181818
A_NS	568	34	N	0	0	32	20.125
A_NS	569	34	N	0	0	32	20.75
A_NS	570	34	N	0	0	32	20.71875
A_NS	571	33	N	1	0	33	21.2121212121212
A_NS	572	33	N	1	0	32	21.15625
A_NS	573	33	N	1	0	25	19.16
A_NS	574	34	N	0	0	33	19.030303030303
A_NS	575	34	N	0	0	33	18.9393939393939
A_NS	576	34	N	0	0	33	21.3636363636364
A_NS	577	34	N	0	0	34	22.5294117647059
A_NS	578	32	N	2	0	30	21.5
A_NS	579	34	N	0	0	32	20.15625
A_NS	580	33	N	1	0	32	20.21875
A_NS	581	33	N	1	0	31	20.4838709677419
A_NS	582	34	N	0	0	34	21.0882352941176
A_NS	583	34	N	0	0	30	22.0333333333333
A_NS	584	34	N	0	0	34	30.1176470588235
A_NS	585	32	N	2	0	32	26.625
A_NS	586	31	N	3	0	25	21.96
A_NS	587	34	N	0	0	32	22.75
A_NS	588	34	N	0	0	34	23.5
A_NS	589	34	N	0	0	34	25.4411764705882
A_NS	590	34	N	0	0	34	29.1764705882353
A_NS	591	34	N	0	0	34	23.9705882352941
A_NS	592	34	N	0	0	26	22.8846153846154
A_NS	593	34	N	0	0	33	27.3030303030303
A_NS	594	34	N	0	0	34	20.5
A_NS	595	34	N	0	0	33	19.7575757575758
A_NS	596	34	N	0	0	34	20.7941176470588
A_NS	597	34	N	0	0	34	20.8823529411765
A_NS	598	34	N	0	0	33	20.3333333333333
A_NS	599	34	N	0	0	32	35.375
A_NS	600	34	N	0	0	32	28.3125
A_NS	601	34	N	0	0	34	19.9705882352941
A_NS	602	33	N	1	0	32	21.96875
A_NS	603	33	N	1	0	32	23.9375
A_NS	604	32	N	2	0	32	24.34375
A_NS	605	33	N	1	0	30	24.5666666666667
A_NS	606	31	N	3	0	30	22.5333333333333
A_NS	607	33	N	1	0	29	23.2413793103448
A_NS	608	31	N	3	0	31	24.3225806451613
A_NS	609	33	N	1	0	33	22.0606060606061
A_NS	610	33	N	1	0	32	21.5625
A_NS	611	33	N	1	0	33	20.0606060606061
A_NS	612	34	N	0	0	34	19.0882352941176
A_NS	613	34	N	0	0	34	18.8823529411765
A_NS	614	34	N	0	0	32	17.15625
A_NS	615	34	N	0	0	33	18.030303030303
A_NS	616	34	N	0	0	27	17.6296296296296
A_NS	617	34	N	0	0	33	18.1212121212121
A_NS	618	33	N	1	0	33	19.6363636363636
A_NS	619	34	N	0	0	26	19.3846153846154
A_NS	620	34	N	0	0	34	20.5294117647059
A_NS	621	34	N	0	0	34	21.6176470588235
A_NS	622	34	N	0	0	34	22.1764705882353
A_NS	623	34	N	0	0	34	21.7647058823529
A_NS	624	34	N	0	0	34	23.0882352941176
A_NS	625	34	N	0	0	33	21.3939393939394
A_NS	626	34	N	0	0	34	21.8529411764706
A_NS	627	34	N	0	0	33	22.6666666666667
A_NS	628	32	N	2	0	31	20.3225806451613
A_NS	629	34	N	0	0	33	20.7272727272727
A_NS	630	34	N	0	0	33	17.6363636363636
A_NS	631	33	N	1	0	27	18.2222222222222
A_NS	632	34	N	0	0	34	18.6176470588235
A_NS	633	34	N	0	0	34	18.9411764705882
A_NS	634	34	N	0	0	31	19
A_NS	635	34	N	0	0	34	18.8529411764706
A_NS	636	32	N	2	0	32	19
A_NS	637	34	N	0	0	27	21.6296296296296
A_NS	638	34	N	0	0	34	21.9411764705882
A_NS	639	34	N	0	0	34	19.0294117647059
A_NS	640	34	N	0	0	33	20.4545454545455
A_NS	641	32	N	2	0	32	19.1875
A_NS	642	34	N	0	0	28	22.5
A_NS	643	32	N	2	0	27	23.5925925925926
A_NS	644	34	N	0	0	33	19.9393939393939
A_NS	645	34	N	0	0	34	20.1470588235294
A_NS	646	32	N	2	0	32	21.03125
A_NS	647	34	N	0	0	34	21.7941176470588
A_NS	648	34	N	0	0	34	18.8529411764706
A_NS	649	34	N	0	0	27	19.2592592592593
A_NS	650	33	N	1	0	33	19.4242424242424
A_NS	651	33	N	1	0	26	21.8076923076923
A_NS	652	33	N	1	0	33	22.4848484848485
A_NS	653	34	N	0	0	34	24.0294117647059
A_NS	654	34	N	0	0	34	21.0588235294118
A_NS	655	34	N	0	0	34	20.2941176470588
A_NS	656	34	N	0	0	34	22.8235294117647
A_NS	657	33	N	1	0	33	21.8787878787879
A_NS	658	33	N	1	0	25	22.6
A_NS	659	34	N	0	0	33	21.5454545454545
A_NS	660	33	N	1	0	26	22.0769230769231
A_NS	661	34	N	0	0	33	18.9393939393939
A_NS	662	33	N	1	0	33	19.6666666666667
A_NS	663	34	N	0	0	34	21.4705882352941
A_NS	664	33	N	1	0	33	23.5757575757576
A_NS	665	33	N	1	0	32	24.40625
A_NS	666	33	N	1	0	33	23.9393939393939
A_NS	667	34	N	0	0	34	23.3823529411765
A_NS	668	34	N	0	0	25	21.08
A_NS	669	33	N	1	0	33	20.2424242424242
A_NS	670	34	N	0	0	28	17.9285714285714
A_NS	671	34	N	0	0	34	18.2058823529412
A_NS	672	34	N	0	0	34	18.7647058823529
A_NS	673	34	N	0	0	34	21.1764705882353
A_NS	674	34	N	0	0	34	22.6470588235294
A_NS	675	34	N	0	0	34	23.3235294117647
A_NS	676	34	N	0	0	27	24.6296296296296
A_NS	677	34	N	0	0	27	26.0740740740741
A_NS	678	34	N	0	0	34	23.8235294117647
A_NS	679	34	N	0	0	27	24.5925925925926
A_NS	680	34	N	0	0	34	24.3529411764706
A_NS	681	34	N	0	0	34	21.7647058823529
A_NS	682	34	N	0	0	27	24.7407407407407
A_NS	683	34	N	0	0	34	22.5
A_NS	684	33	N	1	0	33	20.969696969697
A_NS	685	34	N	0	0	34	20.1470588235294
A_NS	686	32	N	2	0	32	19.75
A_NS	687	34	N	0	0	33	20.8484848484848
A_NS	688	33	N	0	0	26	21.1923076923077
A_NS	689	32	N	1	0	32	19.90625
A_NS	690	33	N	0	0	33	21.7575757575758
A_NS	691	33	N	0	0	32	21.375
A_NS	692	33	N	0	0	33	20.4848484848485
A_NS	693	32	N	1	0	32	20.40625
A_NS	694	32	N	1	0	26	18.7692307692308
A_NS	695	32	N	1	0	32	17.5
A_NS	696	33	N	0	0	33	16.7272727272727
A_NS	697	33	N	0	0	28	17.1785714285714
A_NS	698	33	N	0	0	33	23.7272727272727
A_NS	699	33	N	0	0	32	21.9375
A_NS	700	33	N	0	0	32	24.125
A_NS	701	33	N	0	0	32	24.25
A_NS	702	33	N	0	0	33	21.2424242424242
A_NS	703	33	N	0	0	33	23.6363636363636
A_NS	704	33	N	0	0	33	24.3333333333333
A_NS	705	33	N	0	0	33	24.2121212121212
A_NS	706	33	N	0	0	33	24.6969696969697
A_NS	707	33	N	0	0	26	23.1153846153846
A_NS	708	33	N	0	0	32	22.75
A_NS	709	33	N	0	0	33	22.969696969697
A_NS	710	33	N	0	0	33	22.6666666666667
A_NS	711	33	N	0	0	33	23.0909090909091
A_NS	712	33	N	0	0	32	23.125
A_NS	713	33	N	0	0	33	23.2727272727273
A_NS	714	33	N	0	0	32	23.03125
A_NS	715	33	N	0	0	30	25.7666666666667
A_NS	716	32	N	0	0	31	25.741935483871
A_NS	717	32	N	0	0	32	23.96875
A_NS	718	32	N	0	0	25	26.32
A_NS	719	32	N	0	0	25	22.96
A_NS	720	32	N	0	0	29	23.6551724137931
A_NS	721	29	N	3	0	25	25.84
A_NS	722	28	N	4	0	24	20.7916666666667
A_NS	723	31	N	1	0	31	20.1935483870968
A_NS	724	32	N	0	0	30	20.1
A_NS	725	32	N	0	0	28	20.2142857142857
A_NS	726	32	N	0	0	31	21.2258064516129
A_NS	727	31	N	1	0	19	27.8947368421053
A_NS	728	32	N	0	0	32	25.5
A_NS	729	32	N	0	0	31	29.7096774193548
A_NS	730	31	N	1	0	31	28.2258064516129
A_NS	731	31	N	1	0	30	22.5
A_NS	732	31	N	1	0	31	22
A_NS	733	30	N	2	0	25	18.8
A_NS	734	30	N	2	0	30	20.1333333333333
A_NS	735	31	N	1	0	26	19.9615384615385
A_NS	736	31	N	1	0	31	25
A_NS	737	31	N	1	0	26	24.0769230769231
A_NS	738	31	N	1	0	29	22.3793103448276
A_NS	739	31	N	1	0	25	22.2
A_NS	740	31	N	1	0	31	21.9677419354839
A_NS	741	31	N	1	0	31	22.0967741935484
A_NS	742	31	N	1	0	25	22.28
A_NS	743	31	N	1	0	31	21.4516129032258
A_NS	744	31	N	1	0	31	23.9354838709677
A_NS	745	31	N	1	0	31	24.5161290322581
A_NS	746	31	N	1	0	31	28.2903225806452
A_NS	747	32	N	0	0	31	25.9354838709677
A_NS	748	32	N	0	0	30	23.4
A_NS	749	32	N	0	0	31	21.7741935483871
A_NS	750	31	N	1	0	31	20.1935483870968
A_NS	751	31	N	1	0	25	21.84
A_NS	752	31	N	1	0	31	22.1935483870968
A_NS	753	32	N	0	0	31	24.3548387096774
A_NS	754	31	N	1	0	26	25.4230769230769
A_NS	755	32	N	0	0	31	20.1290322580645
A_NS	756	32	N	0	0	31	20.0967741935484
A_NS	757	32	N	0	0	22	21.5909090909091
A_NS	758	32	N	0	0	29	19.4137931034483
A_NS	759	32	N	0	0	32	19.40625
A_NS	760	32	N	0	0	28	19.8928571428571
A_NS	761	32	N	0	0	32	21.78125
A_NS	762	32	N	0	0	32	22.90625
A_NS	763	32	N	0	0	32	23.46875
A_NS	764	32	N	0	0	32	24.28125
A_NS	765	32	N	0	0	32	23.59375
A_NS	766	32	N	0	0	32	25.0625
A_NS	767	32	N	0	0	32	24.3125
A_NS	768	32	N	0	0	32	22.125
A_NS	769	32	N	0	0	26	20.8846153846154
A_NS	770	32	N	0	0	32	21.34375
A_NS	771	32	N	0	0	32	21.625
A_NS	772	31	N	1	0	31	20.1612903225806
A_NS	773	31	N	1	0	31	19.8387096774194
A_NS	774	30	N	2	0	30	19.7333333333333
A_NS	775	31	N	1	0	31	21.8064516129032
A_NS	776	31	N	1	0	31	21.2903225806452
A_NS	777	32	N	0	0	31	21.4516129032258
A_NS	778	31	N	1	0	25	20
A_NS	779	31	N	1	0	31	20
A_NS	780	31	N	1	0	30	20.7333333333333
A_NS	781	32	N	0	0	29	19.1034482758621
A_NS	782	32	N	0	0	31	19.3548387096774
A_NS	783	32	N	0	0	32	19.46875
A_NS	784	32	N	0	0	32	19.6875
A_NS	785	31	N	1	0	18	18.6111111111111
A_NS	786	30	N	2	0	30	21.3333333333333
A_NS	787	32	N	0	0	32	19.46875
A_NS	788	32	N	0	0	31	18.258064516129
A_NS	789	32	N	0	0	31	19.0645161290323
A_NS	790	32	N	0	0	31	18.4193548387097
A_NS	791	31	N	1	0	24	18.875
A_NS	792	30	N	2	0	30	19.6333333333333
A_NS	793	31	N	1	0	31	19.3548387096774
A_NS	794	30	N	2	0	28	19.6071428571429
A_NS	795	30	N	2	0	29	19.6551724137931
A_NS	796	31	N	1	0	31	19.9032258064516
A_NS	797	32	N	0	0	29	20.6206896551724
A_NS	798	32	N	0	0	29	20.2413793103448
A_NS	799	32	N	0	0	26	19.8461538461538
A_NS	800	32	N	0	0	31	20.4193548387097
A_NS	801	32	N	0	0	31	20.3225806451613
A_NS	802	32	N	0	0	27	20
A_NS	803	32	N	0	0	31	21.3225806451613
A_NS	804	29	N	3	0	29	21.4827586206897
A_NS	805	31	N	1	0	27	21.6666666666667
A_NS	806	31	N	1	0	30	21.9666666666667
A_NS	807	32	N	0	0	32	21.8125
A_NS	808	32	N	0	0	31	28.2258064516129
A_NS	809	32	N	0	0	32	29.03125
A_NS	810	32	N	0	0	32	21.96875
A_NS	811	31	N	1	0	31	22.2903225806452
A_NS	812	31	N	1	0	29	19.1034482758621
A_NS	813	32	N	0	0	32	17.3125
A_NS	814	32	N	0	0	32	19.4375
A_NS	815	32	N	0	0	26	16.8846153846154
A_NS	816	32	N	0	0	32	20.0625
A_NS	817	32	N	0	0	32	22.03125
A_NS	818	32	N	0	0	32	22
A_NS	819	30	N	2	0	30	24.1
A_NS	820	30	N	2	0	30	25.3333333333333
A_NS	821	31	N	1	0	31	22.4516129032258
A_NS	822	28	N	4	0	28	21.8928571428571
A_NS	823	32	N	0	0	26	21.3076923076923
A_NS	824	32	N	0	0	31	22.5161290322581
A_NS	825	32	N	0	0	32	22.53125
A_NS	826	32	N	0	0	32	21.5
A_NS	827	31	N	1	0	31	25.3548387096774
A_NS	828	32	N	0	0	31	20.5806451612903
A_NS	829	32	N	0	0	31	20
A_NS	830	32	N	0	0	32	21.375
A_NS	831	30	N	2	0	30	22.4666666666667
A_NS	832	31	N	1	0	31	23.0645161290323
A_NS	833	32	N	0	0	32	23.15625
A_NS	834	32	N	0	0	32	23.4375
A_NS	835	32	N	0	0	32	23.625
A_NS	836	32	N	0	0	32	24.3125
A_NS	837	31	N	0	0	31	24.2258064516129
A_NS	838	31	N	0	0	31	24
