Reference_Name	Position	Coverage Depth	Consensus	Deletions	Ambiguous	Consensus_Count	Consensus_Average_Quality
A_PB2	1	2	N	0	0	2	30
A_PB2	2	2	N	0	0	2	27.5
A_PB2	3	2	N	0	0	2	15.5
A_PB2	4	2	N	0	0	2	15
A_PB2	5	2	N	0	0	2	15
A_PB2	6	2	N	0	0	2	17
A_PB2	7	2	N	0	0	2	17
A_PB2	8	2	N	0	0	2	50.5
A_PB2	9	2	N	0	0	2	12
A_PB2	10	2	N	0	0	2	11
A_PB2	11	2	N	0	0	2	11
A_PB2	12	2	N	0	0	2	12
A_PB2	13	2	N	0	0	2	17.5
A_PB2	14	2	N	0	0	2	19
A_PB2	15	1	N	1	0	1	14
A_PB2	16	1	N	1	0	1	13
A_PB2	17	2	N	0	0	1	29
A_PB2	18	2	N	0	0	2	16
A_PB2	19	2	N	0	0	2	15.5
A_PB2	20	2	N	0	0	2	18.5
A_PB2	21	2	N	0	0	2	19.5
A_PB2	22	2	N	0	0	2	20.5
A_PB2	23	2	N	0	0	2	20.5
A_PB2	24	2	N	0	0	2	57.5
A_PB2	25	2	N	0	0	2	59.5
A_PB2	26	2	N	0	0	2	54
A_PB2	27	2	N	0	0	2	22
A_PB2	28	2	N	0	0	2	22.5
A_PB2	29	2	N	0	0	2	23
A_PB2	30	2	N	0	0	2	24.5
A_PB2	31	2	N	0	0	2	30.5
A_PB2	32	2	N	0	0	2	29
A_PB2	33	2	N	0	0	2	29.5
A_PB2	34	2	N	0	0	2	30.5
A_PB2	35	2	N	0	0	2	30
A_PB2	36	2	N	0	0	2	27
A_PB2	37	2	N	0	0	2	27.5
A_PB2	38	2	N	0	0	2	22.5
A_PB2	39	2	N	0	0	2	22
A_PB2	40	2	N	0	0	2	23.5
A_PB2	41	2	N	0	0	2	23
A_PB2	42	2	N	0	0	2	21
A_PB2	43	2	N	0	0	1	7
A_PB2	44	2	N	0	0	2	15
A_PB2	45	2	N	0	0	2	15
A_PB2	46	2	N	0	0	2	15.5
A_PB2	47	2	N	0	0	2	16
A_PB2	48	2	N	0	0	2	17
A_PB2	49	2	N	0	0	2	21.5
A_PB2	50	2	N	0	0	2	22
A_PB2	51	2	N	0	0	2	21.5
A_PB2	52	2	N	0	0	2	19.5
A_PB2	53	2	N	0	0	2	20.5
A_PB2	54	2	N	0	0	2	20
A_PB2	55	2	N	0	0	2	22
A_PB2	56	2	N	0	0	2	23.5
A_PB2	57	2	N	0	0	2	22.5
A_PB2	58	2	N	0	0	2	21.5
A_PB2	59	2	N	0	0	2	22
A_PB2	60	2	N	0	0	2	22.5
A_PB2	61	2	N	0	0	2	23.5
A_PB2	62	2	N	0	0	2	23.5
A_PB2	63	2	N	0	0	2	29
A_PB2	64	2	N	0	0	2	27
A_PB2	65	2	N	0	0	2	27.5
A_PB2	66	2	N	0	0	2	26.5
A_PB2	67	2	N	0	0	2	27
A_PB2	68	2	N	0	0	2	27
A_PB2	69	2	N	0	0	2	26.5
A_PB2	70	2	N	0	0	2	28
A_PB2	71	2	N	0	0	2	28.5
A_PB2	72	2	N	0	0	2	30
A_PB2	73	2	N	0	0	2	31
A_PB2	74	2	N	0	0	2	27.5
A_PB2	75	2	N	0	0	2	28
A_PB2	76	2	N	0	0	2	26
A_PB2	77	2	N	0	0	2	26
A_PB2	78	2	N	0	0	2	25.5
A_PB2	79	2	N	0	0	2	25
A_PB2	80	2	N	0	0	2	24
A_PB2	81	2	N	0	0	2	24
A_PB2	82	2	N	0	0	2	24.5
A_PB2	83	2	N	0	0	2	27
A_PB2	84	2	N	0	0	2	24
A_PB2	85	2	N	0	0	2	23.5
A_PB2	86	2	N	0	0	2	23
A_PB2	87	2	N	0	0	1	28
A_PB2	88	2	N	0	0	1	26
A_PB2	89	2	N	0	0	2	16
A_PB2	90	2	N	0	0	2	17
A_PB2	91	2	N	0	0	2	15
A_PB2	92	2	N	0	0	2	25.5
A_PB2	93	2	N	0	0	2	31.5
A_PB2	94	1	N	1	0	1	9
A_PB2	95	1	N	1	0	1	9
A_PB2	96	2	N	0	0	2	25
A_PB2	97	2	N	0	0	2	30
A_PB2	98	2	N	0	0	2	32
A_PB2	99	2	N	0	0	2	23
A_PB2	100	2	N	0	0	2	17
A_PB2	101	2	N	0	0	2	17.5
A_PB2	102	2	N	0	0	2	18.5
A_PB2	103	2	N	0	0	2	25
A_PB2	104	2	N	0	0	2	29
A_PB2	105	2	N	0	0	2	24.5
A_PB2	106	2	N	0	0	2	30
A_PB2	107	2	N	0	0	2	29.5
A_PB2	108	1	N	1	0	1	6
A_PB2	109	2	N	0	0	2	12.5
A_PB2	110	2	N	0	0	2	12.5
A_PB2	111	2	N	0	0	2	11
A_PB2	112	2	N	0	0	2	22
A_PB2	113	2	N	0	0	2	17.5
A_PB2	114	2	N	0	0	2	21.5
A_PB2	115	2	N	0	0	2	22
A_PB2	116	2	N	0	0	2	24
A_PB2	117	2	N	0	0	2	21.5
A_PB2	118	2	N	0	0	2	19.5
A_PB2	119	2	N	0	0	2	21
A_PB2	120	2	N	0	0	2	17.5
A_PB2	121	2	N	0	0	2	16.5
A_PB2	122	2	N	0	0	2	16.5
A_PB2	123	2	N	0	0	2	14
A_PB2	124	2	N	0	0	2	20.5
A_PB2	125	2	N	0	0	2	21
A_PB2	126	2	N	0	0	2	21
A_PB2	127	2	N	0	0	2	24
A_PB2	128	2	N	0	0	2	24
A_PB2	129	2	N	0	0	2	24
A_PB2	130	2	N	0	0	2	24
A_PB2	131	2	N	0	0	2	23
A_PB2	132	2	N	0	0	2	27.5
A_PB2	133	2	N	0	0	2	27.5
A_PB2	134	2	N	0	0	2	27
A_PB2	135	2	N	0	0	2	30
A_PB2	136	2	N	0	0	2	27
A_PB2	137	2	N	0	0	2	21.5
A_PB2	138	2	N	0	0	2	19
A_PB2	139	2	N	0	0	2	18.5
A_PB2	140	2	N	0	0	2	17
A_PB2	141	2	N	0	0	2	15
A_PB2	142	2	N	0	0	2	15
A_PB2	143	2	N	0	0	2	17
A_PB2	144	2	N	0	0	2	21
A_PB2	145	2	N	0	0	2	20.5
A_PB2	146	2	N	0	0	2	22
A_PB2	147	2	N	0	0	2	20.5
A_PB2	148	2	N	0	0	2	26
A_PB2	149	2	N	0	0	2	26
A_PB2	150	2	N	0	0	2	26
A_PB2	151	2	N	0	0	2	29.5
A_PB2	152	2	N	0	0	2	29.5
A_PB2	153	2	N	0	0	2	29
A_PB2	154	2	N	0	0	2	27
A_PB2	155	2	N	0	0	2	27.5
A_PB2	156	2	N	0	0	2	28
A_PB2	157	2	N	0	0	2	29
A_PB2	158	2	N	0	0	2	32
A_PB2	159	2	N	0	0	2	33
A_PB2	160	2	N	0	0	2	35.5
A_PB2	161	2	N	0	0	2	32
A_PB2	162	2	N	0	0	2	34
A_PB2	163	2	N	0	0	2	30.5
A_PB2	164	2	N	0	0	2	33.5
A_PB2	165	2	N	0	0	2	29.5
A_PB2	166	2	N	0	0	2	25.5
A_PB2	167	2	N	0	0	2	25.5
A_PB2	168	2	N	0	0	2	25.5
A_PB2	169	2	N	0	0	2	25
A_PB2	170	2	N	0	0	2	24.5
A_PB2	171	2	N	0	0	2	26
A_PB2	172	2	N	0	0	2	23
A_PB2	173	2	N	0	0	2	24
A_PB2	174	2	N	0	0	2	19
A_PB2	175	2	N	0	0	2	23
A_PB2	176	2	N	0	0	2	23.5
A_PB2	177	2	N	0	0	1	26
A_PB2	178	2	N	0	0	2	28.5
A_PB2	179	2	N	0	0	2	27.5
A_PB2	180	2	N	0	0	2	29
A_PB2	181	2	N	0	0	2	26
A_PB2	182	2	N	0	0	2	19.5
A_PB2	183	2	N	0	0	2	14.5
A_PB2	184	2	N	0	0	2	15.5
A_PB2	185	2	N	0	0	1	20
A_PB2	186	2	N	0	0	1	24
A_PB2	187	2	N	0	0	2	13
A_PB2	188	2	N	0	0	2	16.5
A_PB2	189	2	N	0	0	2	17
A_PB2	190	2	N	0	0	2	17
A_PB2	191	2	N	0	0	2	18.5
A_PB2	192	2	N	0	0	2	18.5
A_PB2	193	2	N	0	0	2	17.5
A_PB2	194	2	N	0	0	2	20.5
A_PB2	195	2	N	0	0	2	23
A_PB2	196	2	N	0	0	2	22.5
A_PB2	197	2	N	0	0	2	23
A_PB2	198	2	N	0	0	2	21
A_PB2	199	1	N	1	0	1	26
A_PB2	200	2	N	0	0	2	19.5
A_PB2	201	2	N	0	0	2	20
A_PB2	202	2	N	0	0	2	21.5
A_PB2	203	2	N	0	0	2	19
A_PB2	204	2	N	0	0	2	15.5
A_PB2	205	2	N	0	0	2	15
A_PB2	206	2	N	0	0	2	13.5
A_PB2	207	2	N	0	0	2	51
A_PB2	208	1	N	0	0	1	90
A_PB2	209	1	N	0	0	1	20
A_PB2	210	1	N	0	0	1	17
A_PB2	211	1	N	0	0	1	18
A_PB2	212	1	N	0	0	1	21
A_PB2	213	1	N	0	0	1	25
A_PB2	214	1	N	0	0	1	26
A_PB2	215	1	N	0	0	1	27
A_PB2	216	1	N	0	0	1	26
A_PB2	217	1	N	0	0	1	26
A_PB2	218	1	N	0	0	1	26
A_PB2	219	1	N	0	0	1	20
A_PB2	220	1	N	0	0	1	20
A_PB2	221	1	N	0	0	1	23
A_PB2	222	1	N	0	0	1	22
A_PB2	223	1	N	0	0	1	24
A_PB2	224	1	N	0	0	1	25
A_PB2	225	1	N	0	0	1	26
A_PB2	226	1	N	0	0	1	13
A_PB2	227	1	N	0	0	1	13
A_PB2	228	1	N	0	0	1	13
A_PB2	229	1	N	0	0	1	13
A_PB2	230	1	N	0	0	1	25
A_PB2	231	1	N	0	0	1	27
A_PB2	232	1	N	0	0	1	31
A_PB2	233	1	N	0	0	1	20
A_PB2	234	1	N	0	0	1	20
A_PB2	235	1	N	0	0	1	6
A_PB2	236	1	N	0	0	1	6
A_PB2	237	1	N	0	0	1	5
A_PB2	238	1	N	0	0	1	9
A_PB2	239	1	N	0	0	1	12
A_PB2	240	1	N	0	0	1	27
A_PB2	241	1	N	0	0	1	29
A_PB2	242	1	N	0	0	1	26
A_PB2	243	1	N	0	0	1	28
A_PB2	244	1	N	0	0	1	29
A_PB2	245	1	N	0	0	1	19
A_PB2	246	1	N	0	0	1	19
A_PB2	247	1	N	0	0	1	12
A_PB2	248	1	N	0	0	1	12
A_PB2	249	1	N	0	0	1	12
A_PB2	250	1	N	0	0	1	10
A_PB2	251	1	N	0	0	1	5
A_PB2	252	1	N	0	0	1	4
A_PB2	253	1	N	0	0	1	7
A_PB2	254	1	N	0	0	1	13
A_PB2	255	1	N	0	0	1	7
A_PB2	256	1	N	0	0	1	6
A_PB2	257	1	N	0	0	1	5
A_PB2	258	1	N	0	0	1	5
A_PB2	259	1	N	0	0	1	5
A_PB2	260	1	N	0	0	1	10
A_PB2	261	1	N	0	0	1	6
A_PB2	262	1	N	0	0	1	6
A_PB2	263	1	N	0	0	1	7
A_PB2	264	1	N	0	0	1	24
A_PB2	265	1	N	0	0	1	27
A_PB2	266	1	N	0	0	1	22
A_PB2	267	1	N	0	0	1	15
A_PB2	268	1	N	0	0	1	14
A_PB2	269	1	N	0	0	1	14
A_PB2	270	1	N	0	0	1	15
A_PB2	271	1	N	0	0	1	15
A_PB2	272	1	N	0	0	1	14
A_PB2	273	1	N	0	0	1	16
A_PB2	274	1	N	0	0	1	15
A_PB2	275	1	N	0	0	1	8
A_PB2	276	1	N	0	0	1	18
A_PB2	277	1	N	0	0	1	28
A_PB2	278	1	N	0	0	1	28
A_PB2	279	1	N	0	0	1	27
A_PB2	280	1	N	0	0	1	28
A_PB2	281	1	N	0	0	1	19
A_PB2	282	1	N	0	0	1	17
A_PB2	283	1	N	0	0	1	17
A_PB2	284	1	N	0	0	1	21
A_PB2	285	1	N	0	0	1	16
A_PB2	286	1	N	0	0	1	27
A_PB2	287	1	N	0	0	1	29
A_PB2	288	1	N	0	0	1	30
A_PB2	289	1	N	0	0	1	32
A_PB2	290	1	N	0	0	1	27
A_PB2	291	1	N	0	0	1	26
A_PB2	292	1	N	0	0	1	26
A_PB2	293	1	N	0	0	1	29
A_PB2	294	1	N	0	0	1	30
A_PB2	295	1	N	0	0	1	30
A_PB2	296	1	N	0	0	1	31
A_PB2	297	1	N	0	0	1	28
A_PB2	298	1	N	0	0	1	30
A_PB2	299	1	N	0	0	1	26
A_PB2	300	1	N	0	0	1	24
A_PB2	301	1	N	0	0	1	23
A_PB2	302	1	N	0	0	1	23
A_PB2	303	1	N	0	0	1	23
A_PB2	304	1	N	0	0	1	26
A_PB2	305	1	N	0	0	1	27
A_PB2	306	1	N	0	0	1	26
A_PB2	307	1	N	0	0	1	29
A_PB2	308	1	N	0	0	1	29
A_PB2	309	1	N	0	0	1	29
A_PB2	310	1	N	0	0	1	28
A_PB2	311	1	N	0	0	1	25
A_PB2	312	1	N	0	0	1	25
A_PB2	313	1	N	0	0	1	22
A_PB2	314	1	N	0	0	1	22
A_PB2	315	1	N	0	0	1	32
A_PB2	316	1	N	0	0	1	29
A_PB2	317	1	N	0	0	1	24
A_PB2	318	1	N	0	0	1	24
A_PB2	319	1	N	0	0	1	24
A_PB2	320	1	N	0	0	1	26
A_PB2	321	1	N	0	0	1	29
A_PB2	322	1	N	0	0	1	29
A_PB2	323	1	N	0	0	1	28
A_PB2	324	1	N	0	0	1	30
A_PB2	325	1	N	0	0	1	28
A_PB2	326	1	N	0	0	1	24
A_PB2	327	1	N	0	0	1	23
A_PB2	328	1	N	0	0	1	24
A_PB2	329	1	N	0	0	1	24
A_PB2	330	1	N	0	0	1	27
A_PB2	331	1	N	0	0	1	26
A_PB2	332	1	N	0	0	1	27
A_PB2	333	1	N	0	0	1	30
A_PB2	334	1	N	0	0	1	30
A_PB2	335	1	N	0	0	1	29
A_PB2	336	1	N	0	0	1	28
A_PB2	337	1	N	0	0	1	24
A_PB2	338	1	N	0	0	1	24
A_PB2	339	1	N	0	0	1	24
A_PB2	340	1	N	0	0	1	24
A_PB2	341	1	N	0	0	1	25
A_PB2	342	1	N	0	0	1	26
A_PB2	343	1	N	0	0	1	25
A_PB2	344	1	N	0	0	1	25
A_PB2	345	1	N	0	0	1	27
A_PB2	346	1	N	0	0	1	27
A_PB2	347	1	N	0	0	1	30
A_PB2	348	1	N	0	0	1	32
A_PB2	349	1	N	0	0	1	32
A_PB2	350	1	N	0	0	1	31
A_PB2	351	1	N	0	0	1	27
A_PB2	352	1	N	0	0	1	27
A_PB2	353	1	N	0	0	1	26
A_PB2	354	1	N	0	0	1	26
A_PB2	355	1	N	0	0	1	27
A_PB2	356	1	N	0	0	1	26
A_PB2	357	1	N	0	0	1	26
A_PB2	358	1	N	0	0	1	25
A_PB2	359	1	N	0	0	1	23
A_PB2	360	1	N	0	0	1	23
A_PB2	361	1	N	0	0	1	23
A_PB2	362	1	N	0	0	1	16
A_PB2	363	1	N	0	0	1	27
A_PB2	364	1	N	0	0	1	22
A_PB2	365	1	N	0	0	1	90
A_PB2	366	1	N	0	0	1	90
A_PB2	367	1	N	0	0	1	25
A_PB2	368	1	N	0	0	1	22
A_PB2	369	1	N	0	0	1	20
A_PB2	370	1	N	0	0	1	20
A_PB2	371	1	N	0	0	1	20
A_PB2	372	1	N	0	0	1	25
A_PB2	373	1	N	0	0	1	26
A_PB2	374	1	N	0	0	1	26
A_PB2	375	1	N	0	0	1	30
A_PB2	376	1	N	0	0	1	29
A_PB2	377	1	N	0	0	1	26
A_PB2	378	1	N	0	0	1	27
A_PB2	379	1	N	0	0	1	26
A_PB2	380	1	N	0	0	1	27
A_PB2	381	1	N	0	0	1	31
A_PB2	382	1	N	0	0	1	28
A_PB2	383	1	N	0	0	1	29
A_PB2	384	1	N	0	0	1	27
A_PB2	385	1	N	0	0	1	25
A_PB2	386	1	N	0	0	1	25
A_PB2	387	1	N	0	0	1	24
A_PB2	388	1	N	0	0	1	25
A_PB2	389	1	N	0	0	1	29
A_PB2	390	1	N	0	0	1	32
A_PB2	391	1	N	0	0	1	36
A_PB2	392	1	N	0	0	1	39
A_PB2	393	1	N	0	0	1	32
A_PB2	394	1	N	0	0	1	23
A_PB2	395	1	N	0	0	1	23
A_PB2	396	1	N	0	0	1	26
A_PB2	397	1	N	0	0	1	28
A_PB2	398	1	N	0	0	1	25
A_PB2	399	1	N	0	0	1	28
A_PB2	400	1	N	0	0	1	29
A_PB2	401	1	N	0	0	1	29
A_PB2	402	1	N	0	0	1	32
A_PB2	403	1	N	0	0	1	30
A_PB2	404	1	N	0	0	1	34
A_PB2	405	1	N	0	0	1	30
A_PB2	406	1	N	0	0	1	30
A_PB2	407	1	N	0	0	1	29
A_PB2	408	1	N	0	0	1	30
A_PB2	409	1	N	0	0	1	32
A_PB2	410	1	N	0	0	1	33
A_PB2	411	1	N	0	0	1	31
A_PB2	412	1	N	0	0	1	27
A_PB2	413	1	N	0	0	1	24
A_PB2	414	1	N	0	0	1	25
A_PB2	415	1	N	0	0	1	26
A_PB2	416	1	N	0	0	1	25
A_PB2	417	1	N	0	0	1	19
A_PB2	418	1	N	0	0	1	26
A_PB2	419	1	N	0	0	1	24
A_PB2	420	1	N	0	0	1	25
A_PB2	421	1	N	0	0	1	25
A_PB2	422	1	N	0	0	1	25
A_PB2	423	1	N	0	0	1	26
A_PB2	424	1	N	0	0	1	27
A_PB2	425	1	N	0	0	1	27
A_PB2	426	1	N	0	0	1	31
A_PB2	427	1	N	0	0	1	31
A_PB2	428	1	N	0	0	1	30
A_PB2	429	1	N	0	0	1	29
A_PB2	430	1	N	0	0	1	27
A_PB2	431	1	N	0	0	1	21
A_PB2	432	1	N	0	0	1	13
A_PB2	433	1	N	0	0	1	12
A_PB2	434	1	N	0	0	1	10
A_PB2	435	1	N	0	0	1	10
A_PB2	436	1	N	0	0	1	18
A_PB2	437	1	N	0	0	1	17
A_PB2	438	1	N	0	0	1	16
A_PB2	439	1	N	0	0	1	16
A_PB2	440	1	N	0	0	1	16
A_PB2	441	1	N	0	0	1	16
A_PB2	442	1	N	0	0	1	18
A_PB2	443	1	N	0	0	1	25
A_PB2	444	1	N	0	0	1	26
A_PB2	445	1	N	0	0	1	26
A_PB2	446	1	N	0	0	1	26
A_PB2	447	1	N	0	0	1	28
A_PB2	448	1	N	0	0	1	32
A_PB2	449	1	N	0	0	1	27
A_PB2	450	1	N	0	0	1	28
A_PB2	451	1	N	0	0	1	26
A_PB2	452	1	N	0	0	1	27
A_PB2	453	1	N	0	0	1	27
A_PB2	454	1	N	0	0	1	25
A_PB2	455	1	N	0	0	1	26
A_PB2	456	1	N	0	0	1	24
A_PB2	457	1	N	0	0	1	25
A_PB2	458	1	N	0	0	1	28
A_PB2	459	1	N	0	0	1	27
A_PB2	460	1	N	0	0	1	25
A_PB2	461	1	N	0	0	1	10
A_PB2	462	1	N	0	0	1	9
A_PB2	463	1	N	0	0	1	14
A_PB2	464	1	N	0	0	1	14
A_PB2	465	1	N	0	0	1	14
A_PB2	466	1	N	0	0	1	7
A_PB2	467	1	N	0	0	1	5
A_PB2	468	1	N	0	0	1	4
A_PB2	469	1	N	0	0	1	4
A_PB2	470	1	N	0	0	1	5
A_PB2	471	1	N	0	0	1	6
A_PB2	472	1	N	0	0	1	6
A_PB2	473	1	N	0	0	1	6
A_PB2	474	1	N	0	0	1	27
A_PB2	475	1	N	0	0	1	28
A_PB2	476	1	N	0	0	1	22
A_PB2	477	1	N	0	0	1	23
A_PB2	478	1	N	0	0	1	23
A_PB2	479	1	N	0	0	1	22
A_PB2	480	1	N	0	0	1	21
A_PB2	481	1	N	0	0	1	22
A_PB2	482	1	N	0	0	1	16
A_PB2	483	1	N	0	0	1	7
A_PB2	484	1	N	0	0	1	5
A_PB2	485	1	N	0	0	1	5
A_PB2	486	1	N	0	0	1	7
A_PB2	487	1	N	0	0	1	24
A_PB2	488	1	N	0	0	1	20
A_PB2	489	1	N	0	0	1	19
A_PB2	490	1	N	0	0	1	19
A_PB2	491	1	N	0	0	1	24
A_PB2	492	1	N	0	0	1	24
A_PB2	493	1	N	0	0	1	25
A_PB2	494	1	N	0	0	1	22
A_PB2	495	1	N	0	0	1	10
A_PB2	496	1	N	0	0	1	10
A_PB2	497	1	N	0	0	1	10
A_PB2	498	1	N	0	0	1	12
A_PB2	499	1	N	0	0	1	16
A_PB2	500	1	N	0	0	1	19
A_PB2	501	1	N	0	0	1	19
A_PB2	502	1	N	0	0	1	17
A_PB2	503	1	N	0	0	1	18
A_PB2	504	1	N	0	0	1	18
A_PB2	505	1	N	0	0	1	19
A_PB2	506	1	N	0	0	1	19
A_PB2	507	1	N	0	0	1	26
A_PB2	508	1	N	0	0	1	23
A_PB2	509	1	N	0	0	1	15
A_PB2	510	1	N	0	0	1	17
A_PB2	511	1	N	0	0	1	16
A_PB2	512	1	N	0	0	1	17
A_PB2	513	1	N	0	0	1	17
A_PB2	514	1	N	0	0	1	23
A_PB2	515	1	N	0	0	1	28
A_PB2	516	1	N	0	0	1	29
A_PB2	517	1	N	0	0	1	29
A_PB2	518	1	N	0	0	1	30
A_PB2	519	1	N	0	0	1	29
A_PB2	520	1	N	0	0	1	27
A_PB2	521	1	N	0	0	1	28
A_PB2	522	1	N	0	0	1	26
A_PB2	523	1	N	0	0	1	29
A_PB2	524	1	N	0	0	1	27
A_PB2	525	1	N	0	0	1	22
A_PB2	526	1	N	0	0	1	11
A_PB2	527	1	N	0	0	1	10
A_PB2	528	1	N	0	0	1	8
A_PB2	529	1	N	0	0	1	11
A_PB2	530	1	N	0	0	1	14
A_PB2	531	1	N	0	0	1	33
A_PB2	532	1	N	0	0	1	30
A_PB2	533	1	N	0	0	1	29
A_PB2	534	1	N	0	0	1	25
A_PB2	535	1	N	0	0	1	16
A_PB2	536	1	N	0	0	1	26
A_PB2	537	1	N	0	0	1	27
A_PB2	538	1	N	0	0	1	25
A_PB2	539	1	N	0	0	1	27
A_PB2	540	1	N	0	0	1	24
A_PB2	541	1	N	0	0	1	23
A_PB2	542	1	N	0	0	1	23
A_PB2	543	1	N	0	0	1	24
A_PB2	544	1	N	0	0	1	29
A_PB2	545	1	N	0	0	1	30
A_PB2	546	1	N	0	0	1	41
A_PB2	547	1	N	0	0	1	32
A_PB2	548	1	N	0	0	1	31
A_PB2	549	1	N	0	0	1	31
A_PB2	550	1	N	0	0	1	28
A_PB2	551	1	N	0	0	1	18
A_PB2	552	1	N	0	0	1	17
A_PB2	553	1	N	0	0	1	25
A_PB2	554	1	N	0	0	1	24
A_PB2	555	1	N	0	0	1	10
A_PB2	556	1	N	0	0	1	7
A_PB2	557	1	N	0	0	1	7
A_PB2	558	1	N	0	0	1	9
A_PB2	559	1	N	0	0	1	27
A_PB2	560	1	N	0	0	1	30
A_PB2	561	1	N	0	0	1	28
A_PB2	562	1	N	0	0	1	37
A_PB2	563	1	N	0	0	1	39
A_PB2	564	1	N	0	0	1	32
A_PB2	565	1	N	0	0	1	30
A_PB2	566	1	N	0	0	1	27
A_PB2	567	1	N	0	0	1	21
A_PB2	568	1	N	0	0	1	21
A_PB2	569	1	N	0	0	1	23
A_PB2	570	1	N	0	0	1	9
A_PB2	571	1	N	0	0	1	7
A_PB2	572	1	N	0	0	1	6
A_PB2	573	1	N	0	0	1	6
A_PB2	574	1	N	0	0	1	4
A_PB2	575	1	N	0	0	1	3
A_PB2	576	1	N	0	0	1	3
A_PB2	577	1	N	0	0	1	5
A_PB2	578	1	N	0	0	1	6
A_PB2	579	1	N	0	0	1	13
A_PB2	580	1	N	0	0	1	17
A_PB2	581	1	N	0	0	1	10
A_PB2	582	1	N	0	0	1	10
A_PB2	583	1	N	0	0	1	10
A_PB2	584	1	N	0	0	1	11
A_PB2	585	1	N	0	0	1	29
A_PB2	586	1	N	0	0	1	23
A_PB2	587	1	N	0	0	1	21
A_PB2	588	1	N	0	0	1	6
A_PB2	589	1	N	0	0	1	7
A_PB2	590	1	N	0	0	1	5
A_PB2	591	1	N	0	0	1	5
A_PB2	592	1	N	0	0	1	6
A_PB2	593	1	N	0	0	1	7
A_PB2	594	1	N	0	0	1	13
A_PB2	595	1	N	0	0	1	14
A_PB2	596	1	N	0	0	1	14
A_PB2	597	1	N	0	0	1	15
A_PB2	598	1	N	0	0	1	33
A_PB2	599	1	N	0	0	1	37
A_PB2	600	1	N	0	0	1	34
A_PB2	601	1	N	0	0	1	35
A_PB2	602	1	N	0	0	1	34
A_PB2	603	1	N	0	0	1	33
A_PB2	604	1	N	0	0	1	31
A_PB2	605	1	N	0	0	1	31
A_PB2	606	1	N	0	0	1	31
A_PB2	607	1	N	0	0	1	30
A_PB2	608	1	N	0	0	1	32
A_PB2	609	1	N	0	0	1	32
A_PB2	610	1	N	0	0	1	33
A_PB2	611	1	N	0	0	1	29
A_PB2	612	1	N	0	0	1	29
A_PB2	613	1	N	0	0	1	22
A_PB2	614	1	N	0	0	1	29
A_PB2	615	1	N	0	0	1	31
A_PB2	616	1	N	0	0	1	32
A_PB2	617	1	N	0	0	1	33
A_PB2	618	1	N	0	0	1	33
A_PB2	619	1	N	0	0	1	31
A_PB2	620	1	N	0	0	1	30
A_PB2	621	1	N	0	0	1	29
A_PB2	622	1	N	0	0	1	26
A_PB2	623	1	N	0	0	1	27
A_PB2	624	1	N	0	0	1	28
A_PB2	625	1	N	0	0	1	32
A_PB2	626	1	N	0	0	1	31
A_PB2	627	1	N	0	0	1	21
A_PB2	628	1	N	0	0	1	21
A_PB2	629	1	N	0	0	1	24
A_PB2	630	1	N	0	0	1	25
A_PB2	631	1	N	0	0	1	25
A_PB2	632	1	N	0	0	1	90
A_PB2	633	1	N	0	0	1	29
A_PB2	634	1	N	0	0	1	13
A_PB2	635	1	N	0	0	1	12
A_PB2	636	1	N	0	0	1	8
A_PB2	637	1	N	0	0	1	5
A_PB2	638	1	N	0	0	1	6
A_PB2	639	1	N	0	0	1	6
A_PB2	640	1	N	0	0	1	5
A_PB2	641	1	N	0	0	1	4
A_PB2	642	1	N	0	0	1	5
A_PB2	643	1	N	0	0	1	7
A_PB2	644	1	N	0	0	1	8
A_PB2	645	1	N	0	0	1	7
A_PB2	646	1	N	0	0	1	7
A_PB2	647	1	N	0	0	1	7
A_PB2	648	1	N	0	0	1	7
A_PB2	649	1	N	0	0	1	6
A_PB2	650	1	N	0	0	1	14
A_PB2	651	1	N	0	0	1	14
A_PB2	652	1	N	0	0	1	14
A_PB2	653	1	N	0	0	1	14
A_PB2	654	1	N	0	0	1	16
A_PB2	655	1	N	0	0	1	18
A_PB2	656	1	N	0	0	1	20
A_PB2	657	1	N	0	0	1	27
A_PB2	658	1	N	0	0	1	22
A_PB2	659	1	N	0	0	1	22
A_PB2	660	1	N	0	0	1	21
A_PB2	661	1	N	0	0	1	21
A_PB2	662	1	N	0	0	1	19
A_PB2	663	1	N	0	0	1	18
A_PB2	664	1	N	0	0	1	7
A_PB2	665	1	N	0	0	1	6
A_PB2	666	1	N	0	0	1	9
A_PB2	667	1	N	0	0	1	9
A_PB2	668	1	N	0	0	1	11
A_PB2	669	1	N	0	0	1	15
A_PB2	670	1	N	0	0	1	17
A_PB2	671	1	N	0	0	1	16
A_PB2	672	1	N	0	0	1	15
A_PB2	673	1	N	0	0	1	15
A_PB2	674	1	N	0	0	1	15
A_PB2	675	1	N	0	0	1	23
A_PB2	676	1	N	0	0	1	24
A_PB2	677	1	N	0	0	1	25
A_PB2	678	1	N	0	0	1	24
A_PB2	679	1	N	0	0	1	24
A_PB2	680	1	N	0	0	1	31
A_PB2	681	1	N	0	0	1	28
A_PB2	682	1	N	0	0	1	20
A_PB2	683	1	N	0	0	1	19
A_PB2	684	1	N	0	0	1	19
A_PB2	685	1	N	0	0	1	20
A_PB2	686	1	N	0	0	1	32
A_PB2	687	1	N	0	0	1	28
A_PB2	688	1	N	0	0	1	20
A_PB2	689	1	N	0	0	1	20
A_PB2	690	1	N	0	0	1	20
A_PB2	691	1	N	0	0	1	25
A_PB2	692	1	N	0	0	1	30
A_PB2	693	1	N	0	0	1	32
A_PB2	694	1	N	0	0	1	32
A_PB2	695	1	N	0	0	1	32
A_PB2	696	1	N	0	0	1	34
A_PB2	697	1	N	0	0	1	27
A_PB2	698	1	N	0	0	1	20
A_PB2	699	1	N	0	0	1	15
A_PB2	700	1	N	0	0	1	20
A_PB2	701	1	N	0	0	1	24
A_PB2	702	1	N	0	0	1	24
A_PB2	703	1	N	0	0	1	23
A_PB2	704	1	N	0	0	1	16
A_PB2	705	1	N	0	0	1	16
A_PB2	706	1	N	0	0	1	18
A_PB2	707	1	N	0	0	1	16
A_PB2	708	1	N	0	0	1	26
A_PB2	709	1	N	0	0	1	26
A_PB2	710	1	N	0	0	1	27
A_PB2	711	1	N	0	0	1	27
A_PB2	712	1	N	0	0	1	29
A_PB2	713	1	N	0	0	1	30
A_PB2	714	1	N	0	0	1	32
A_PB2	715	1	N	0	0	1	31
A_PB2	716	1	N	0	0	1	30
A_PB2	717	1	N	0	0	1	35
A_PB2	718	1	N	0	0	1	28
A_PB2	719	1	N	0	0	1	29
A_PB2	720	1	N	0	0	1	29
A_PB2	721	1	N	0	0	1	25
A_PB2	722	1	N	0	0	1	25
A_PB2	723	1	N	0	0	1	25
A_PB2	724	1	N	0	0	1	25
A_PB2	725	1	N	0	0	1	28
A_PB2	726	1	N	0	0	1	28
A_PB2	727	1	N	0	0	1	28
A_PB2	728	1	N	0	0	1	32
A_PB2	729	1	N	0	0	1	33
A_PB2	730	1	N	0	0	1	34
A_PB2	731	1	N	0	0	1	32
A_PB2	732	1	N	0	0	1	31
A_PB2	733	1	N	0	0	1	31
A_PB2	734	1	N	0	0	1	30
A_PB2	735	1	N	0	0	1	33
A_PB2	736	1	N	0	0	1	26
A_PB2	737	1	N	0	0	1	13
A_PB2	738	1	N	0	0	1	5
A_PB2	739	1	N	0	0	1	3
A_PB2	740	1	N	0	0	1	6
A_PB2	741	1	N	0	0	1	8
A_PB2	742	1	N	0	0	1	14
A_PB2	743	1	N	0	0	1	17
A_PB2	744	1	N	0	0	1	13
A_PB2	745	1	N	0	0	1	16
A_PB2	746	1	N	0	0	1	16
A_PB2	747	1	N	0	0	1	16
A_PB2	748	1	N	0	0	1	23
A_PB2	749	1	N	0	0	1	24
A_PB2	750	1	N	0	0	1	27
A_PB2	751	1	N	0	0	1	27
A_PB2	752	1	N	0	0	1	27
A_PB2	753	1	N	0	0	1	30
A_PB2	754	1	N	0	0	1	27
A_PB2	755	1	N	0	0	1	27
A_PB2	756	1	N	0	0	1	27
A_PB2	757	1	N	0	0	1	28
A_PB2	758	1	N	0	0	1	29
A_PB2	759	1	N	0	0	1	28
A_PB2	760	1	N	0	0	1	30
A_PB2	761	1	N	0	0	1	28
A_PB2	762	1	N	0	0	1	28
A_PB2	763	1	N	0	0	1	26
A_PB2	764	1	N	0	0	1	24
A_PB2	765	1	N	0	0	1	17
A_PB2	766	1	N	0	0	1	31
A_PB2	767	1	N	0	0	1	30
A_PB2	768	1	N	0	0	1	29
A_PB2	769	1	N	0	0	1	26
A_PB2	770	1	N	0	0	1	25
A_PB2	771	1	N	0	0	1	24
A_PB2	772	1	N	0	0	1	24
A_PB2	773	1	N	0	0	1	23
A_PB2	774	1	N	0	0	1	20
A_PB2	775	1	N	0	0	1	21
A_PB2	776	1	N	0	0	1	30
A_PB2	777	1	N	0	0	1	30
A_PB2	778	1	N	0	0	1	30
A_PB2	779	1	N	0	0	1	30
A_PB2	780	1	N	0	0	1	31
A_PB2	781	1	N	0	0	1	30
A_PB2	782	1	N	0	0	1	31
A_PB2	783	1	N	0	0	1	33
A_PB2	784	1	N	0	0	1	36
A_PB2	785	1	N	0	0	1	24
A_PB2	786	1	N	0	0	1	14
A_PB2	787	1	N	0	0	1	10
A_PB2	788	1	N	0	0	1	10
A_PB2	789	1	N	0	0	1	27
A_PB2	790	1	N	0	0	1	27
A_PB2	791	1	N	0	0	1	28
A_PB2	792	1	N	0	0	1	28
A_PB2	793	1	N	0	0	1	27
A_PB2	794	1	N	0	0	1	24
A_PB2	795	1	N	0	0	1	23
A_PB2	796	1	N	0	0	1	23
A_PB2	797	1	N	0	0	1	22
A_PB2	798	1	N	0	0	1	20
A_PB2	799	1	N	0	0	1	21
A_PB2	800	1	N	0	0	1	30
A_PB2	801	1	N	0	0	1	31
A_PB2	802	1	N	0	0	1	23
A_PB2	803	1	N	0	0	1	24
A_PB2	804	1	N	0	0	1	22
A_PB2	805	1	N	0	0	1	22
A_PB2	806	1	N	0	0	1	90
A_PB2	807	1	N	0	0	1	24
A_PB2	808	1	N	0	0	1	13
A_PB2	809	1	N	0	0	1	12
A_PB2	810	1	N	0	0	1	8
A_PB2	811	1	N	0	0	1	7
A_PB2	812	1	N	0	0	1	5
A_PB2	813	1	N	0	0	1	6
A_PB2	814	1	N	0	0	1	7
A_PB2	815	1	N	0	0	1	7
A_PB2	816	1	N	0	0	1	15
A_PB2	817	1	N	0	0	1	19
A_PB2	818	1	N	0	0	1	14
A_PB2	819	1	N	0	0	1	14
A_PB2	820	1	N	0	0	1	14
A_PB2	821	1	N	0	0	1	14
A_PB2	822	1	N	0	0	1	12
A_PB2	823	1	N	0	0	1	10
A_PB2	824	1	N	0	0	1	8
A_PB2	825	1	N	0	0	1	7
A_PB2	826	1	N	0	0	1	6
A_PB2	827	1	N	0	0	1	6
A_PB2	828	1	N	0	0	1	6
A_PB2	829	1	N	0	0	1	6
A_PB2	830	1	N	0	0	1	22
A_PB2	831	1	N	0	0	1	25
A_PB2	832	1	N	0	0	1	24
A_PB2	833	1	N	0	0	1	26
A_PB2	834	1	N	0	0	1	25
A_PB2	835	1	N	0	0	1	26
A_PB2	836	1	N	0	0	1	29
A_PB2	837	1	N	0	0	1	29
A_PB2	838	1	N	0	0	1	26
A_PB2	839	1	N	0	0	1	25
A_PB2	840	1	N	0	0	1	24
A_PB2	841	1	N	0	0	1	23
A_PB2	842	1	N	0	0	1	24
A_PB2	843	1	N	0	0	1	21
A_PB2	844	1	N	0	0	1	21
A_PB2	845	1	N	0	0	1	25
A_PB2	846	1	N	0	0	1	29
A_PB2	847	1	N	0	0	1	26
A_PB2	848	1	N	0	0	1	30
A_PB2	849	1	N	0	0	1	28
A_PB2	850	1	N	0	0	1	23
A_PB2	851	1	N	0	0	1	23
A_PB2	852	1	N	0	0	1	23
A_PB2	853	1	N	0	0	1	21
A_PB2	854	1	N	0	0	1	14
A_PB2	855	1	N	0	0	1	13
A_PB2	856	1	N	0	0	1	13
A_PB2	857	1	N	0	0	1	10
A_PB2	858	1	N	0	0	1	24
A_PB2	859	1	N	0	0	1	26
A_PB2	860	1	N	0	0	1	27
A_PB2	861	1	N	0	0	1	20
A_PB2	862	1	N	0	0	1	19
A_PB2	863	1	N	0	0	1	20
A_PB2	864	1	N	0	0	1	29
A_PB2	865	1	N	0	0	1	22
A_PB2	866	1	N	0	0	1	27
A_PB2	867	1	N	0	0	1	22
A_PB2	868	1	N	0	0	1	31
A_PB2	869	1	N	0	0	1	35
A_PB2	870	1	N	0	0	1	23
A_PB2	871	1	N	0	0	1	22
A_PB2	872	1	N	0	0	1	16
A_PB2	873	1	N	0	0	1	10
A_PB2	874	1	N	0	0	1	8
A_PB2	875	1	N	0	0	1	6
A_PB2	876	1	N	0	0	1	5
A_PB2	877	1	N	0	0	1	5
A_PB2	878	1	N	0	0	1	11
A_PB2	879	1	N	0	0	1	11
A_PB2	880	1	N	0	0	1	11
A_PB2	881	1	N	0	0	1	28
A_PB2	882	1	N	0	0	1	26
A_PB2	883	1	N	0	0	1	26
A_PB2	884	1	N	0	0	1	25
A_PB2	885	1	N	0	0	1	23
A_PB2	886	1	N	0	0	1	11
A_PB2	887	1	N	0	0	1	8
A_PB2	888	1	N	0	0	1	12
A_PB2	889	1	N	0	0	1	19
A_PB2	890	1	N	0	0	1	18
A_PB2	891	1	N	0	0	1	11
A_PB2	892	1	N	0	0	1	11
A_PB2	893	1	N	0	0	1	11
A_PB2	894	1	N	0	0	1	18
A_PB2	895	1	N	0	0	1	12
A_PB2	896	1	N	0	0	1	16
A_PB2	897	1	N	0	0	1	18
A_PB2	898	1	N	0	0	1	18
A_PB2	899	1	N	0	0	1	13
A_PB2	900	1	N	0	0	1	9
A_PB2	901	1	N	0	0	1	8
A_PB2	902	1	N	0	0	1	8
A_PB2	903	1	N	0	0	1	5
A_PB2	904	1	N	0	0	1	7
A_PB2	905	1	N	0	0	1	7
A_PB2	906	1	N	0	0	1	7
A_PB2	907	1	N	0	0	1	9
A_PB2	908	1	N	0	0	1	27
A_PB2	909	1	N	0	0	1	29
A_PB2	910	1	N	0	0	1	32
A_PB2	911	1	N	0	0	1	30
A_PB2	912	1	N	0	0	1	29
A_PB2	913	1	N	0	0	1	21
A_PB2	914	1	N	0	0	1	21
A_PB2	915	1	N	0	0	1	26
A_PB2	916	1	N	0	0	1	31
A_PB2	917	1	N	0	0	1	32
A_PB2	918	1	N	0	0	1	33
A_PB2	919	1	N	0	0	1	34
A_PB2	920	1	N	0	0	1	31
A_PB2	921	1	N	0	0	1	22
A_PB2	922	1	N	0	0	1	21
A_PB2	923	1	N	0	0	1	23
A_PB2	924	1	N	0	0	1	21
A_PB2	925	1	N	0	0	1	22
A_PB2	926	1	N	0	0	1	20
A_PB2	927	1	N	0	0	1	20
A_PB2	928	1	N	0	0	1	24
A_PB2	929	1	N	0	0	1	24
A_PB2	930	1	N	0	0	1	19
A_PB2	931	1	N	0	0	1	15
A_PB2	932	1	N	0	0	1	19
A_PB2	933	1	N	0	0	1	18
A_PB2	934	1	N	0	0	1	18
A_PB2	935	1	N	0	0	1	19
A_PB2	936	1	N	0	0	1	23
A_PB2	937	1	N	0	0	1	19
A_PB2	938	1	N	0	0	1	14
A_PB2	939	1	N	0	0	1	14
A_PB2	940	1	N	0	0	1	11
A_PB2	941	1	N	0	0	1	9
A_PB2	942	1	N	0	0	1	9
A_PB2	943	1	N	0	0	1	7
A_PB2	944	1	N	0	0	1	7
A_PB2	945	2	N	0	0	2	15.5
A_PB2	946	2	N	0	0	2	16
A_PB2	947	2	N	0	0	1	7
A_PB2	948	2	N	0	0	2	21.5
A_PB2	949	2	N	0	0	2	19.5
A_PB2	950	2	N	0	0	2	19
A_PB2	951	2	N	0	0	2	59
A_PB2	952	2	N	0	0	2	22.5
A_PB2	953	2	N	0	0	1	28
A_PB2	954	2	N	0	0	2	16.5
A_PB2	955	2	N	0	0	2	16
A_PB2	956	2	N	0	0	1	4
A_PB2	957	2	N	0	0	2	18
A_PB2	958	2	N	0	0	2	22
A_PB2	959	2	N	0	0	1	18
A_PB2	960	2	N	0	0	2	30.5
A_PB2	961	2	N	0	0	2	33.5
A_PB2	962	2	N	0	0	2	33.5
A_PB2	963	2	N	0	0	2	30.5
A_PB2	964	2	N	0	0	2	29
A_PB2	965	2	N	0	0	1	28
A_PB2	966	2	N	0	0	2	27
A_PB2	967	2	N	0	0	2	27
A_PB2	968	2	N	0	0	2	25
A_PB2	969	2	N	0	0	2	25
A_PB2	970	2	N	0	0	2	27
A_PB2	971	2	N	0	0	2	28
A_PB2	972	2	N	0	0	2	28.5
A_PB2	973	2	N	0	0	2	28
A_PB2	974	2	N	0	0	1	29
A_PB2	975	2	N	0	0	2	17.5
A_PB2	976	2	N	0	0	2	17
A_PB2	977	2	N	0	0	1	25
A_PB2	978	2	N	0	0	2	14
A_PB2	979	2	N	0	0	2	16.5
A_PB2	980	2	N	0	0	2	20.5
A_PB2	981	2	N	0	0	2	23.5
A_PB2	982	2	N	0	0	2	21
A_PB2	983	2	N	0	0	1	22
A_PB2	984	2	N	0	0	2	13.5
A_PB2	985	2	N	0	0	2	13.5
A_PB2	986	2	N	0	0	2	13.5
A_PB2	987	2	N	0	0	1	30
A_PB2	988	2	N	0	0	2	19.5
A_PB2	989	2	N	0	0	1	10
A_PB2	990	2	N	0	0	1	10
A_PB2	991	2	N	0	0	2	17.5
A_PB2	992	2	N	0	0	2	17.5
A_PB2	993	2	N	0	0	2	18.5
A_PB2	994	2	N	0	0	2	19.5
A_PB2	995	2	N	0	0	1	24
A_PB2	996	2	N	0	0	2	18
A_PB2	997	2	N	0	0	2	14.5
A_PB2	998	2	N	0	0	2	14.5
A_PB2	999	2	N	0	0	2	14.5
A_PB2	1000	2	N	0	0	2	18.5
A_PB2	1001	2	N	0	0	2	22
A_PB2	1002	2	N	0	0	2	27
A_PB2	1003	2	N	0	0	2	27
A_PB2	1004	2	N	0	0	1	22
A_PB2	1005	2	N	0	0	2	31.5
A_PB2	1006	2	N	0	0	2	31.5
A_PB2	1007	2	N	0	0	1	18
A_PB2	1008	2	N	0	0	2	21.5
A_PB2	1009	2	N	0	0	2	20.5
A_PB2	1010	2	N	0	0	1	23
A_PB2	1011	2	N	0	0	2	13
A_PB2	1012	2	N	0	0	2	19.5
A_PB2	1013	2	N	0	0	1	29
A_PB2	1014	2	N	0	0	2	24.5
A_PB2	1015	2	N	0	0	2	16.5
A_PB2	1016	2	N	0	0	2	17
A_PB2	1017	2	N	0	0	2	17.5
A_PB2	1018	2	N	0	0	2	18
A_PB2	1019	1	N	1	0	1	30
A_PB2	1020	2	N	0	0	2	17.5
A_PB2	1021	2	N	0	0	2	18
A_PB2	1022	2	N	0	0	2	18.5
A_PB2	1023	2	N	0	0	2	20
A_PB2	1024	2	N	0	0	2	21
A_PB2	1025	1	N	1	0	1	33
A_PB2	1026	2	N	0	0	2	21.5
A_PB2	1027	2	N	0	0	2	22
A_PB2	1028	2	N	0	0	2	23.5
A_PB2	1029	2	N	0	0	2	19.5
A_PB2	1030	2	N	0	0	2	19
A_PB2	1031	2	N	0	0	2	21.5
A_PB2	1032	2	N	0	0	2	26.5
A_PB2	1033	2	N	0	0	2	59
A_PB2	1034	2	N	0	0	1	34
A_PB2	1035	2	N	0	0	2	26.5
A_PB2	1036	2	N	0	0	1	34
A_PB2	1037	2	N	0	0	1	24
A_PB2	1038	2	N	0	0	2	26.5
A_PB2	1039	2	N	0	0	2	22
A_PB2	1040	2	N	0	0	1	27
A_PB2	1041	2	N	0	0	2	19
A_PB2	1042	2	N	0	0	2	18.5
A_PB2	1043	2	N	0	0	1	12
A_PB2	1044	2	N	0	0	2	16.5
A_PB2	1045	2	N	0	0	2	22.5
A_PB2	1046	2	N	0	0	1	25
A_PB2	1047	2	N	0	0	2	22.5
A_PB2	1048	2	N	0	0	2	24
A_PB2	1049	2	N	0	0	1	27
A_PB2	1050	2	N	0	0	2	26.5
A_PB2	1051	2	N	0	0	2	24.5
A_PB2	1052	2	N	0	0	1	17
A_PB2	1053	2	N	0	0	2	23
A_PB2	1054	2	N	0	0	2	23
A_PB2	1055	2	N	0	0	2	26
A_PB2	1056	2	N	0	0	2	25.5
A_PB2	1057	2	N	0	0	2	31.5
A_PB2	1058	2	N	0	0	2	29
A_PB2	1059	2	N	0	0	1	32
A_PB2	1060	2	N	0	0	2	28.5
A_PB2	1061	2	N	0	0	2	29
A_PB2	1062	2	N	0	0	2	30
A_PB2	1063	2	N	0	0	2	31.5
A_PB2	1064	2	N	0	0	2	30
A_PB2	1065	2	N	0	0	1	27
A_PB2	1066	2	N	0	0	1	28
A_PB2	1067	2	N	0	0	2	24
A_PB2	1068	2	N	0	0	2	24.5
A_PB2	1069	2	N	0	0	2	27.5
A_PB2	1070	2	N	0	0	2	23.5
A_PB2	1071	2	N	0	0	2	24
A_PB2	1072	2	N	0	0	2	14.5
A_PB2	1073	2	N	0	0	2	15
A_PB2	1074	2	N	0	0	2	15.5
A_PB2	1075	2	N	0	0	1	15
A_PB2	1076	2	N	0	0	2	15
A_PB2	1077	2	N	0	0	2	16.5
A_PB2	1078	2	N	0	0	2	17
A_PB2	1079	2	N	0	0	2	28
A_PB2	1080	2	N	0	0	2	26
A_PB2	1081	2	N	0	0	2	26
A_PB2	1082	2	N	0	0	2	23
A_PB2	1083	2	N	0	0	2	23.5
A_PB2	1084	2	N	0	0	2	27
A_PB2	1085	2	N	0	0	2	24.5
A_PB2	1086	2	N	0	0	2	26.5
A_PB2	1087	2	N	0	0	2	27
A_PB2	1088	2	N	0	0	2	27.5
A_PB2	1089	2	N	0	0	1	7
A_PB2	1090	2	N	0	0	2	15.5
A_PB2	1091	2	N	0	0	1	26
A_PB2	1092	2	N	0	0	2	12
A_PB2	1093	2	N	0	0	2	15.5
A_PB2	1094	2	N	0	0	2	12.5
A_PB2	1095	2	N	0	0	1	4
A_PB2	1096	2	N	0	0	2	17
A_PB2	1097	2	N	0	0	2	15.5
A_PB2	1098	2	N	0	0	1	7
A_PB2	1099	2	N	0	0	2	15.5
A_PB2	1100	2	N	0	0	1	9
A_PB2	1101	2	N	0	0	2	14
A_PB2	1102	2	N	0	0	2	9.5
A_PB2	1103	2	N	0	0	1	12
A_PB2	1104	2	N	0	0	2	10.5
A_PB2	1105	2	N	0	0	2	21
A_PB2	1106	2	N	0	0	1	11
A_PB2	1107	2	N	0	0	2	17
A_PB2	1108	2	N	0	0	2	17.5
A_PB2	1109	2	N	0	0	2	18
A_PB2	1110	2	N	0	0	2	30.5
A_PB2	1111	2	N	0	0	2	29.5
A_PB2	1112	2	N	0	0	1	27
A_PB2	1113	2	N	0	0	2	25
A_PB2	1114	2	N	0	0	2	24.5
A_PB2	1115	2	N	0	0	2	23.5
A_PB2	1116	2	N	0	0	2	25
A_PB2	1117	2	N	0	0	2	27.5
A_PB2	1118	2	N	0	0	2	27
A_PB2	1119	2	N	0	0	2	28
A_PB2	1120	2	N	0	0	2	27.5
A_PB2	1121	2	N	0	0	1	28
A_PB2	1122	2	N	0	0	2	27.5
A_PB2	1123	2	N	0	0	2	27
A_PB2	1124	2	N	0	0	2	28
A_PB2	1125	2	N	0	0	2	26.5
A_PB2	1126	2	N	0	0	2	26
A_PB2	1127	2	N	0	0	2	28.5
A_PB2	1128	2	N	0	0	2	29.5
A_PB2	1129	2	N	0	0	2	34
A_PB2	1130	2	N	0	0	2	32.5
A_PB2	1131	2	N	0	0	1	33
A_PB2	1132	2	N	0	0	2	35
A_PB2	1133	2	N	0	0	2	28
A_PB2	1134	2	N	0	0	2	25.5
A_PB2	1135	2	N	0	0	2	23
A_PB2	1136	2	N	0	0	2	23.5
A_PB2	1137	2	N	0	0	2	21.5
A_PB2	1138	2	N	0	0	2	31
A_PB2	1139	2	N	0	0	2	31.5
A_PB2	1140	2	N	0	0	2	28
A_PB2	1141	2	N	0	0	2	28
A_PB2	1142	2	N	0	0	2	28
A_PB2	1143	2	N	0	0	2	29.5
A_PB2	1144	2	N	0	0	2	31.5
A_PB2	1145	2	N	0	0	2	30.5
A_PB2	1146	2	N	0	0	2	38
A_PB2	1147	2	N	0	0	2	36
A_PB2	1148	2	N	0	0	1	31
A_PB2	1149	2	N	0	0	2	31
A_PB2	1150	2	N	0	0	2	29.5
A_PB2	1151	2	N	0	0	2	29
A_PB2	1152	2	N	0	0	2	28
A_PB2	1153	2	N	0	0	2	27.5
A_PB2	1154	2	N	0	0	1	28
A_PB2	1155	2	N	0	0	2	20
A_PB2	1156	2	N	0	0	2	18.5
A_PB2	1157	2	N	0	0	2	21
A_PB2	1158	2	N	0	0	2	22.5
A_PB2	1159	2	N	0	0	2	23
A_PB2	1160	2	N	0	0	1	31
A_PB2	1161	2	N	0	0	2	29.5
A_PB2	1162	2	N	0	0	2	28.5
A_PB2	1163	2	N	0	0	1	30
A_PB2	1164	2	N	0	0	2	28.5
A_PB2	1165	2	N	0	0	2	28
A_PB2	1166	2	N	0	0	2	28.5
A_PB2	1167	2	N	0	0	2	25.5
A_PB2	1168	2	N	0	0	2	23.5
A_PB2	1169	2	N	0	0	2	19.5
A_PB2	1170	2	N	0	0	2	22.5
A_PB2	1171	2	N	0	0	2	21
A_PB2	1172	2	N	0	0	2	20
A_PB2	1173	2	N	0	0	2	20.5
A_PB2	1174	2	N	0	0	2	18
A_PB2	1175	2	N	0	0	2	16.5
A_PB2	1176	2	N	0	0	2	11
A_PB2	1177	2	N	0	0	2	10.5
A_PB2	1178	2	N	0	0	1	11
A_PB2	1179	2	N	0	0	2	11
A_PB2	1180	2	N	0	0	2	11
A_PB2	1181	2	N	0	0	1	11
A_PB2	1182	2	N	0	0	2	14
A_PB2	1183	2	N	0	0	2	16.5
A_PB2	1184	2	N	0	0	2	21
A_PB2	1185	2	N	0	0	2	22.5
A_PB2	1186	2	N	0	0	2	20.5
A_PB2	1187	2	N	0	0	1	30
A_PB2	1188	2	N	0	0	2	28.5
A_PB2	1189	2	N	0	0	2	29.5
A_PB2	1190	2	N	0	0	2	26
A_PB2	1191	2	N	0	0	2	25
A_PB2	1192	2	N	0	0	2	22
A_PB2	1193	2	N	0	0	1	14
A_PB2	1194	2	N	0	0	2	10
A_PB2	1195	2	N	0	0	2	6
A_PB2	1196	2	N	0	0	1	5
A_PB2	1197	2	N	0	0	2	9
A_PB2	1198	2	N	0	0	2	10.5
A_PB2	1199	2	N	0	0	1	15
A_PB2	1200	2	N	0	0	2	10.5
A_PB2	1201	2	N	0	0	2	16.5
A_PB2	1202	2	N	0	0	2	16
A_PB2	1203	2	N	0	0	2	15.5
A_PB2	1204	2	N	0	0	2	16
A_PB2	1205	2	N	0	0	1	11
A_PB2	1206	2	N	0	0	2	12
A_PB2	1207	2	N	0	0	2	11.5
A_PB2	1208	2	N	0	0	1	6
A_PB2	1209	2	N	0	0	2	18.5
A_PB2	1210	2	N	0	0	2	24
A_PB2	1211	2	N	0	0	2	25.5
A_PB2	1212	2	N	0	0	2	18.5
A_PB2	1213	2	N	0	0	2	15
A_PB2	1214	2	N	0	0	2	16
A_PB2	1215	2	N	0	0	2	16.5
A_PB2	1216	2	N	0	0	2	19.5
A_PB2	1217	2	N	0	0	1	27
A_PB2	1218	2	N	0	0	2	17
A_PB2	1219	2	N	0	0	2	15.5
A_PB2	1220	2	N	0	0	2	15.5
A_PB2	1221	2	N	0	0	1	2
A_PB2	1222	2	N	0	0	2	17.5
A_PB2	1223	2	N	0	0	2	16.5
A_PB2	1224	2	N	0	0	2	16.5
A_PB2	1225	2	N	0	0	2	16.5
A_PB2	1226	2	N	0	0	2	16
A_PB2	1227	2	N	0	0	2	16.5
A_PB2	1228	2	N	0	0	2	19
A_PB2	1229	2	N	0	0	2	22.5
A_PB2	1230	2	N	0	0	1	14
A_PB2	1231	2	N	0	0	2	21.5
A_PB2	1232	2	N	0	0	1	18
A_PB2	1233	2	N	0	0	2	22
A_PB2	1234	2	N	0	0	2	21.5
A_PB2	1235	2	N	0	0	1	26
A_PB2	1236	2	N	0	0	2	21
A_PB2	1237	2	N	0	0	2	29
A_PB2	1238	2	N	0	0	1	24
A_PB2	1239	2	N	0	0	2	29
A_PB2	1240	2	N	0	0	2	26
A_PB2	1241	2	N	0	0	2	27.5
A_PB2	1242	2	N	0	0	1	15
A_PB2	1243	2	N	0	0	2	23
A_PB2	1244	2	N	0	0	2	25.5
A_PB2	1245	2	N	0	0	2	24.5
A_PB2	1246	2	N	0	0	2	25.5
A_PB2	1247	2	N	0	0	2	24
A_PB2	1248	2	N	0	0	2	21.5
A_PB2	1249	2	N	0	0	2	20.5
A_PB2	1250	2	N	0	0	2	21
A_PB2	1251	2	N	0	0	2	21.5
A_PB2	1252	2	N	0	0	2	24
A_PB2	1253	2	N	0	0	1	21
A_PB2	1254	2	N	0	0	2	27
A_PB2	1255	2	N	0	0	2	22
A_PB2	1256	2	N	0	0	1	22
A_PB2	1257	2	N	0	0	2	26
A_PB2	1258	2	N	0	0	2	25.5
A_PB2	1259	2	N	0	0	1	29
A_PB2	1260	2	N	0	0	2	23.5
A_PB2	1261	2	N	0	0	2	21
A_PB2	1262	2	N	0	0	2	20.5
A_PB2	1263	2	N	0	0	2	19.5
A_PB2	1264	2	N	0	0	2	17.5
A_PB2	1265	2	N	0	0	2	14
A_PB2	1266	2	N	0	0	2	15
A_PB2	1267	2	N	0	0	2	16
A_PB2	1268	2	N	0	0	2	23.5
A_PB2	1269	2	N	0	0	2	28.5
A_PB2	1270	2	N	0	0	2	29.5
A_PB2	1271	2	N	0	0	1	31
A_PB2	1272	2	N	0	0	2	28.5
A_PB2	1273	2	N	0	0	2	28
A_PB2	1274	2	N	0	0	2	27.5
A_PB2	1275	2	N	0	0	2	27.5
A_PB2	1276	2	N	0	0	2	27
A_PB2	1277	2	N	0	0	2	26
A_PB2	1278	2	N	0	0	2	25
A_PB2	1279	2	N	0	0	2	20.5
A_PB2	1280	2	N	0	0	2	20
A_PB2	1281	2	N	0	0	2	19
A_PB2	1282	2	N	0	0	2	26
A_PB2	1283	1	N	1	0	1	23
A_PB2	1284	2	N	0	0	2	29
A_PB2	1285	2	N	0	0	2	25.5
A_PB2	1286	2	N	0	0	2	25.5
A_PB2	1287	2	N	0	0	1	28
A_PB2	1288	2	N	0	0	2	28.5
A_PB2	1289	2	N	0	0	2	27.5
A_PB2	1290	2	N	0	0	2	24.5
A_PB2	1291	2	N	0	0	2	27.5
A_PB2	1292	2	N	0	0	1	30
A_PB2	1293	2	N	0	0	2	28.5
A_PB2	1294	2	N	0	0	2	18.5
A_PB2	1295	2	N	0	0	2	18
A_PB2	1296	2	N	0	0	2	15.5
A_PB2	1297	2	N	0	0	2	14.5
A_PB2	1298	2	N	0	0	2	19
A_PB2	1299	2	N	0	0	2	18.5
A_PB2	1300	2	N	0	0	2	17.5
A_PB2	1301	2	N	0	0	2	24.5
A_PB2	1302	2	N	0	0	2	25
A_PB2	1303	2	N	0	0	2	24.5
A_PB2	1304	2	N	0	0	1	23
A_PB2	1305	2	N	0	0	2	23
A_PB2	1306	2	N	0	0	2	13.5
A_PB2	1307	2	N	0	0	2	19.5
A_PB2	1308	2	N	0	0	2	18
A_PB2	1309	2	N	0	0	2	11
A_PB2	1310	2	N	0	0	1	5
A_PB2	1311	2	N	0	0	2	10
A_PB2	1312	2	N	0	0	2	10
A_PB2	1313	2	N	0	0	2	15.5
A_PB2	1314	2	N	0	0	2	21.5
A_PB2	1315	1	N	1	0	1	24
A_PB2	1316	1	N	1	0	1	32
A_PB2	1317	2	N	0	0	1	34
A_PB2	1318	2	N	0	0	2	27
A_PB2	1319	2	N	0	0	2	28.5
A_PB2	1320	2	N	0	0	2	26.5
A_PB2	1321	2	N	0	0	2	26
A_PB2	1322	2	N	0	0	1	19
A_PB2	1323	2	N	0	0	2	22
A_PB2	1324	2	N	0	0	2	19
A_PB2	1325	2	N	0	0	1	30
A_PB2	1326	2	N	0	0	2	19
A_PB2	1327	2	N	0	0	2	18
A_PB2	1328	2	N	0	0	1	27
A_PB2	1329	2	N	0	0	2	16.5
A_PB2	1330	2	N	0	0	2	10
A_PB2	1331	2	N	0	0	1	9
A_PB2	1332	2	N	0	0	2	18
A_PB2	1333	2	N	0	0	2	18
A_PB2	1334	2	N	0	0	2	17
A_PB2	1335	2	N	0	0	2	20.5
A_PB2	1336	2	N	0	0	2	21
A_PB2	1337	2	N	0	0	2	27
A_PB2	1338	2	N	0	0	2	27.5
A_PB2	1339	2	N	0	0	2	26
A_PB2	1340	2	N	0	0	2	29
A_PB2	1341	2	N	0	0	2	28.5
A_PB2	1342	2	N	0	0	2	28
A_PB2	1343	2	N	0	0	1	29
A_PB2	1344	2	N	0	0	1	23
A_PB2	1345	2	N	0	0	2	12.5
A_PB2	1346	2	N	0	0	2	12
A_PB2	1347	2	N	0	0	2	11
A_PB2	1348	2	N	0	0	2	13
A_PB2	1349	2	N	0	0	2	12.5
A_PB2	1350	2	N	0	0	2	7
A_PB2	1351	2	N	0	0	2	10
A_PB2	1352	2	N	0	0	1	6
A_PB2	1353	2	N	0	0	2	10
A_PB2	1354	2	N	0	0	2	10.5
A_PB2	1355	2	N	0	0	1	17
A_PB2	1356	2	N	0	0	2	19
A_PB2	1357	2	N	0	0	2	19
A_PB2	1358	2	N	0	0	2	19
A_PB2	1359	2	N	0	0	2	20
A_PB2	1360	2	N	0	0	2	19
A_PB2	1361	2	N	0	0	2	21.5
A_PB2	1362	2	N	0	0	2	20.5
A_PB2	1363	2	N	0	0	2	22.5
A_PB2	1364	2	N	0	0	2	20.5
A_PB2	1365	2	N	0	0	2	22.5
A_PB2	1366	2	N	0	0	2	21
A_PB2	1367	2	N	0	0	1	31
A_PB2	1368	2	N	0	0	2	20
A_PB2	1369	2	N	0	0	2	20.5
A_PB2	1370	2	N	0	0	2	25
A_PB2	1371	2	N	0	0	2	20.5
A_PB2	1372	2	N	0	0	2	17.5
A_PB2	1373	2	N	0	0	1	23
A_PB2	1374	2	N	0	0	2	19
A_PB2	1375	2	N	0	0	2	26
A_PB2	1376	2	N	0	0	1	32
A_PB2	1377	2	N	0	0	2	28
A_PB2	1378	2	N	0	0	2	27.5
A_PB2	1379	2	N	0	0	2	21
A_PB2	1380	2	N	0	0	2	15
A_PB2	1381	2	N	0	0	2	14.5
A_PB2	1382	2	N	0	0	2	14.5
A_PB2	1383	2	N	0	0	1	24
A_PB2	1384	2	N	0	0	1	11
A_PB2	1385	2	N	0	0	2	21
A_PB2	1386	2	N	0	0	2	20.5
A_PB2	1387	2	N	0	0	2	23.5
A_PB2	1388	2	N	0	0	1	30
A_PB2	1389	2	N	0	0	2	23
A_PB2	1390	2	N	0	0	2	23.5
A_PB2	1391	2	N	0	0	2	27
A_PB2	1392	2	N	0	0	1	24
A_PB2	1393	2	N	0	0	1	20
A_PB2	1394	2	N	0	0	2	21
A_PB2	1395	2	N	0	0	2	22
A_PB2	1396	1	N	1	0	1	22
A_PB2	1397	2	N	0	0	2	15.5
A_PB2	1398	2	N	0	0	1	6
A_PB2	1399	2	N	0	0	2	18
A_PB2	1400	2	N	0	0	2	16
A_PB2	1401	2	N	0	0	2	17.5
A_PB2	1402	2	N	0	0	2	17.5
A_PB2	1403	2	N	0	0	2	20
A_PB2	1404	2	N	0	0	1	18
A_PB2	1405	2	N	0	0	2	26
A_PB2	1406	2	N	0	0	2	25
A_PB2	1407	1	N	1	0	1	14
A_PB2	1408	2	N	0	0	2	16
A_PB2	1409	2	N	0	0	2	16
A_PB2	1410	2	N	0	0	2	14.5
A_PB2	1411	2	N	0	0	1	5
A_PB2	1412	2	N	0	0	1	26
A_PB2	1413	2	N	0	0	1	27
A_PB2	1414	2	N	0	0	2	21
A_PB2	1415	2	N	0	0	2	22.5
A_PB2	1416	2	N	0	0	2	22.5
A_PB2	1417	2	N	0	0	2	26
A_PB2	1418	2	N	0	0	2	31.5
A_PB2	1419	2	N	0	0	2	29
A_PB2	1420	2	N	0	0	2	28.5
A_PB2	1421	2	N	0	0	1	29
A_PB2	1422	2	N	0	0	2	26.5
A_PB2	1423	2	N	0	0	2	29
A_PB2	1424	2	N	0	0	2	28
A_PB2	1425	2	N	0	0	2	24
A_PB2	1426	2	N	0	0	2	23.5
A_PB2	1427	2	N	0	0	2	21.5
A_PB2	1428	2	N	0	0	2	22
A_PB2	1429	2	N	0	0	2	24
A_PB2	1430	2	N	0	0	2	27.5
A_PB2	1431	2	N	0	0	2	27
A_PB2	1432	2	N	0	0	2	22.5
A_PB2	1433	2	N	0	0	2	21.5
A_PB2	1434	2	N	0	0	2	22.5
A_PB2	1435	2	N	0	0	2	32
A_PB2	1436	2	N	0	0	2	28
A_PB2	1437	2	N	0	0	2	29
A_PB2	1438	2	N	0	0	2	28
A_PB2	1439	2	N	0	0	2	25.5
A_PB2	1440	2	N	0	0	2	27.5
A_PB2	1441	2	N	0	0	2	27.5
A_PB2	1442	2	N	0	0	2	31
A_PB2	1443	2	N	0	0	2	30
A_PB2	1444	2	N	0	0	2	28.5
A_PB2	1445	2	N	0	0	2	27.5
A_PB2	1446	2	N	0	0	2	27.5
A_PB2	1447	2	N	0	0	2	26.5
A_PB2	1448	2	N	0	0	2	28
A_PB2	1449	2	N	0	0	2	27
A_PB2	1450	2	N	0	0	2	18
A_PB2	1451	2	N	0	0	1	8
A_PB2	1452	2	N	0	0	2	8.5
A_PB2	1453	2	N	0	0	2	8.5
A_PB2	1454	2	N	0	0	2	8.5
A_PB2	1455	2	N	0	0	1	16
A_PB2	1456	2	N	0	0	2	12.5
A_PB2	1457	2	N	0	0	1	27
A_PB2	1458	2	N	0	0	2	10.5
A_PB2	1459	2	N	0	0	2	10.5
A_PB2	1460	2	N	0	0	1	13
A_PB2	1461	2	N	0	0	2	14.5
A_PB2	1462	2	N	0	0	2	15.5
A_PB2	1463	2	N	0	0	1	19
A_PB2	1464	2	N	0	0	2	24.5
A_PB2	1465	2	N	0	0	2	23.5
A_PB2	1466	2	N	0	0	2	27.5
A_PB2	1467	2	N	0	0	2	27
A_PB2	1468	2	N	0	0	1	17
A_PB2	1469	2	N	0	0	1	14
A_PB2	1470	2	N	0	0	2	18.5
A_PB2	1471	2	N	0	0	2	18
A_PB2	1472	2	N	0	0	1	10
A_PB2	1473	2	N	0	0	2	19.5
A_PB2	1474	2	N	0	0	2	23
A_PB2	1475	2	N	0	0	2	28.5
A_PB2	1476	2	N	0	0	2	20
A_PB2	1477	2	N	0	0	2	20
A_PB2	1478	2	N	0	0	2	19
A_PB2	1479	2	N	0	0	2	17
A_PB2	1480	2	N	0	0	1	28
A_PB2	1481	2	N	0	0	1	29
A_PB2	1482	2	N	0	0	2	18.5
A_PB2	1483	2	N	0	0	2	14.5
A_PB2	1484	2	N	0	0	2	20
A_PB2	1485	2	N	0	0	2	24
A_PB2	1486	2	N	0	0	2	24
A_PB2	1487	2	N	0	0	2	18.5
A_PB2	1488	2	N	0	0	2	16
A_PB2	1489	2	N	0	0	2	15.5
A_PB2	1490	2	N	0	0	1	11
A_PB2	1491	2	N	0	0	2	19
A_PB2	1492	2	N	0	0	2	27.5
A_PB2	1493	2	N	0	0	1	25
A_PB2	1494	2	N	0	0	2	25
A_PB2	1495	2	N	0	0	2	26
A_PB2	1496	2	N	0	0	1	30
A_PB2	1497	2	N	0	0	2	28
A_PB2	1498	2	N	0	0	2	30
A_PB2	1499	2	N	0	0	1	30
A_PB2	1500	2	N	0	0	2	28.5
A_PB2	1501	2	N	0	0	2	25
A_PB2	1502	2	N	0	0	1	27
A_PB2	1503	2	N	0	0	2	26
A_PB2	1504	2	N	0	0	2	28.5
A_PB2	1505	2	N	0	0	1	32
A_PB2	1506	2	N	0	0	2	30
A_PB2	1507	2	N	0	0	2	29
A_PB2	1508	2	N	0	0	2	23
A_PB2	1509	2	N	0	0	2	23.5
A_PB2	1510	2	N	0	0	2	20.5
A_PB2	1511	2	N	0	0	1	28
A_PB2	1512	2	N	0	0	2	17
A_PB2	1513	2	N	0	0	2	17
A_PB2	1514	2	N	0	0	2	21
A_PB2	1515	2	N	0	0	2	26
A_PB2	1516	2	N	0	0	2	29
A_PB2	1517	2	N	0	0	2	29
A_PB2	1518	2	N	0	0	2	23
A_PB2	1519	2	N	0	0	2	12
A_PB2	1520	1	N	1	0	1	9
A_PB2	1521	2	N	0	0	2	12
A_PB2	1522	2	N	0	0	2	21
A_PB2	1523	2	N	0	0	1	28
A_PB2	1524	2	N	0	0	2	27
A_PB2	1525	2	N	0	0	1	25
A_PB2	1526	2	N	0	0	1	14
A_PB2	1527	2	N	0	0	2	22.5
A_PB2	1528	2	N	0	0	2	28
A_PB2	1529	2	N	0	0	2	27
A_PB2	1530	2	N	0	0	2	27
A_PB2	1531	2	N	0	0	2	22.5
A_PB2	1532	2	N	0	0	2	22.5
A_PB2	1533	2	N	0	0	2	23
A_PB2	1534	2	N	0	0	2	22
A_PB2	1535	2	N	0	0	2	22.5
A_PB2	1536	2	N	0	0	2	28
A_PB2	1537	2	N	0	0	2	27.5
A_PB2	1538	2	N	0	0	2	29
A_PB2	1539	2	N	0	0	2	29
A_PB2	1540	2	N	0	0	2	29
A_PB2	1541	2	N	0	0	2	29.5
A_PB2	1542	2	N	0	0	2	26
A_PB2	1543	2	N	0	0	2	26.5
A_PB2	1544	2	N	0	0	2	23.5
A_PB2	1545	2	N	0	0	2	25
A_PB2	1546	2	N	0	0	1	24
A_PB2	1547	2	N	0	0	2	26
A_PB2	1548	2	N	0	0	2	23
A_PB2	1549	2	N	0	0	2	25.5
A_PB2	1550	2	N	0	0	1	23
A_PB2	1551	2	N	0	0	2	27
A_PB2	1552	2	N	0	0	2	32
A_PB2	1553	2	N	0	0	2	30
A_PB2	1554	2	N	0	0	2	30
A_PB2	1555	2	N	0	0	2	28
A_PB2	1556	2	N	0	0	2	29.5
A_PB2	1557	2	N	0	0	2	21
A_PB2	1558	2	N	0	0	2	28.5
A_PB2	1559	2	N	0	0	1	29
A_PB2	1560	2	N	0	0	2	27
A_PB2	1561	1	N	1	0	1	28
A_PB2	1562	2	N	0	0	2	29
A_PB2	1563	2	N	0	0	2	33
A_PB2	1564	2	N	0	0	2	33.5
A_PB2	1565	2	N	0	0	2	32
A_PB2	1566	2	N	0	0	2	24.5
A_PB2	1567	2	N	0	0	2	23.5
A_PB2	1568	2	N	0	0	2	23
A_PB2	1569	2	N	0	0	2	24.5
A_PB2	1570	2	N	0	0	2	32
A_PB2	1571	2	N	0	0	2	30
A_PB2	1572	2	N	0	0	2	29.5
A_PB2	1573	2	N	0	0	1	31
A_PB2	1574	2	N	0	0	2	29
A_PB2	1575	2	N	0	0	2	31
A_PB2	1576	2	N	0	0	2	29
A_PB2	1577	2	N	0	0	2	27.5
A_PB2	1578	2	N	0	0	2	23.5
A_PB2	1579	2	N	0	0	2	23.5
A_PB2	1580	2	N	0	0	2	23
A_PB2	1581	2	N	0	0	2	27
A_PB2	1582	3	N	0	0	3	25
A_PB2	1583	3	N	0	0	3	24
A_PB2	1584	3	N	0	0	3	24
A_PB2	1585	3	N	0	0	2	16
A_PB2	1586	3	N	0	0	2	30
A_PB2	1587	3	N	0	0	3	22.3333333333333
A_PB2	1588	3	N	0	0	2	15
A_PB2	1589	3	N	0	0	2	28
A_PB2	1590	3	N	0	0	3	26.3333333333333
A_PB2	1591	3	N	0	0	2	17.5
A_PB2	1592	3	N	0	0	3	21
A_PB2	1593	3	N	0	0	3	44
A_PB2	1594	3	N	0	0	3	20.6666666666667
A_PB2	1595	3	N	0	0	3	19.6666666666667
A_PB2	1596	3	N	0	0	3	24.3333333333333
A_PB2	1597	3	N	0	0	2	19.5
A_PB2	1598	3	N	0	0	3	19.3333333333333
A_PB2	1599	3	N	0	0	3	19.3333333333333
A_PB2	1600	3	N	0	0	3	20.3333333333333
A_PB2	1601	3	N	0	0	3	20
A_PB2	1602	3	N	0	0	3	20.6666666666667
A_PB2	1603	3	N	0	0	2	17.5
A_PB2	1604	3	N	0	0	3	21
A_PB2	1605	3	N	0	0	3	43.6666666666667
A_PB2	1606	3	N	0	0	2	55
A_PB2	1607	3	N	0	0	3	22.6666666666667
A_PB2	1608	3	N	0	0	3	23.6666666666667
A_PB2	1609	3	N	0	0	3	21.3333333333333
A_PB2	1610	3	N	0	0	3	18.3333333333333
A_PB2	1611	3	N	0	0	3	23.3333333333333
A_PB2	1612	3	N	0	0	3	22.6666666666667
A_PB2	1613	3	N	0	0	2	24
A_PB2	1614	3	N	0	0	3	28.3333333333333
A_PB2	1615	3	N	0	0	2	26
A_PB2	1616	3	N	0	0	3	28.6666666666667
A_PB2	1617	3	N	0	0	3	26
A_PB2	1618	3	N	0	0	3	22.6666666666667
A_PB2	1619	3	N	0	0	3	22
A_PB2	1620	3	N	0	0	3	21.3333333333333
A_PB2	1621	3	N	0	0	3	21.3333333333333
A_PB2	1622	3	N	0	0	3	21.6666666666667
A_PB2	1623	3	N	0	0	3	22.6666666666667
A_PB2	1624	3	N	0	0	3	22
A_PB2	1625	3	N	0	0	3	21.6666666666667
A_PB2	1626	4	N	0	0	4	22
A_PB2	1627	4	N	0	0	4	24.25
A_PB2	1628	4	N	0	0	4	39.25
A_PB2	1629	4	N	0	0	4	24
A_PB2	1630	4	N	0	0	3	23
A_PB2	1631	4	N	0	0	4	26
A_PB2	1632	4	N	0	0	4	22.75
A_PB2	1633	4	N	0	0	4	18.75
A_PB2	1634	4	N	0	0	4	16.75
A_PB2	1635	4	N	0	0	4	18.5
A_PB2	1636	4	N	0	0	4	18
A_PB2	1637	3	N	1	0	3	15.3333333333333
A_PB2	1638	4	N	0	0	4	17
A_PB2	1639	4	N	0	0	4	18.5
A_PB2	1640	4	N	0	0	2	14.5
A_PB2	1641	4	N	0	0	4	18.5
A_PB2	1642	4	N	0	0	2	18
A_PB2	1643	4	N	0	0	4	21.25
A_PB2	1644	4	N	0	0	4	22.5
A_PB2	1645	4	N	0	0	2	25
A_PB2	1646	4	N	0	0	4	23
A_PB2	1647	3	N	1	0	3	26.6666666666667
A_PB2	1648	3	N	1	0	3	32
A_PB2	1649	3	N	1	0	3	29
A_PB2	1650	4	N	0	0	4	25.25
A_PB2	1651	4	N	0	0	3	25.3333333333333
A_PB2	1652	4	N	0	0	4	23.25
A_PB2	1653	4	N	0	0	3	22
A_PB2	1654	3	N	1	0	2	25
A_PB2	1655	4	N	0	0	3	19.6666666666667
A_PB2	1656	4	N	0	0	3	18.6666666666667
A_PB2	1657	4	N	0	0	4	21
A_PB2	1658	4	N	0	0	3	21.6666666666667
A_PB2	1659	4	N	0	0	3	24.6666666666667
A_PB2	1660	4	N	0	0	3	21
A_PB2	1661	3	N	1	0	3	26.6666666666667
A_PB2	1662	3	N	1	0	3	25.6666666666667
A_PB2	1663	4	N	0	0	4	23.25
A_PB2	1664	4	N	0	0	4	23.75
A_PB2	1665	4	N	0	0	4	23.5
A_PB2	1666	4	N	0	0	4	21.5
A_PB2	1667	4	N	0	0	4	21.75
A_PB2	1668	4	N	0	0	4	20.25
A_PB2	1669	4	N	0	0	2	16
A_PB2	1670	4	N	0	0	4	22
A_PB2	1671	4	N	0	0	4	19.5
A_PB2	1672	4	N	0	0	4	18
A_PB2	1673	4	N	0	0	4	17.5
A_PB2	1674	4	N	0	0	4	17.75
A_PB2	1675	4	N	0	0	4	17.5
A_PB2	1676	4	N	0	0	4	18.5
A_PB2	1677	4	N	0	0	4	16
A_PB2	1678	4	N	0	0	2	18
A_PB2	1679	4	N	0	0	4	17
A_PB2	1680	4	N	0	0	4	14.75
A_PB2	1681	4	N	0	0	3	16.6666666666667
A_PB2	1682	4	N	0	0	4	14
A_PB2	1683	4	N	0	0	4	19.25
A_PB2	1684	4	N	0	0	4	19
A_PB2	1685	4	N	0	0	4	22
A_PB2	1686	4	N	0	0	4	23.25
A_PB2	1687	4	N	0	0	4	21
A_PB2	1688	4	N	0	0	2	27
A_PB2	1689	4	N	0	0	4	19.5
A_PB2	1690	4	N	0	0	2	25
A_PB2	1691	4	N	0	0	4	22.25
A_PB2	1692	4	N	0	0	4	22.75
A_PB2	1693	4	N	0	0	4	23.75
A_PB2	1694	4	N	0	0	4	22.75
A_PB2	1695	4	N	0	0	4	21.75
A_PB2	1696	4	N	0	0	4	22
A_PB2	1697	4	N	0	0	2	12
A_PB2	1698	4	N	0	0	4	22
A_PB2	1699	4	N	0	0	2	31
A_PB2	1700	4	N	0	0	4	20
A_PB2	1701	4	N	0	0	4	19.5
A_PB2	1702	4	N	0	0	2	28
A_PB2	1703	4	N	0	0	4	21
A_PB2	1704	4	N	0	0	3	25.6666666666667
A_PB2	1705	4	N	0	0	2	19
A_PB2	1706	4	N	0	0	4	23
A_PB2	1707	4	N	0	0	4	24
A_PB2	1708	4	N	0	0	4	25.25
A_PB2	1709	4	N	0	0	4	21.25
A_PB2	1710	4	N	0	0	4	19.5
A_PB2	1711	4	N	0	0	4	19.25
A_PB2	1712	4	N	0	0	4	17.25
A_PB2	1713	4	N	0	0	3	17.3333333333333
A_PB2	1714	4	N	0	0	4	18.5
A_PB2	1715	4	N	0	0	4	21
A_PB2	1716	4	N	0	0	4	16.25
A_PB2	1717	3	N	1	0	2	25
A_PB2	1718	4	N	0	0	4	17.5
A_PB2	1719	4	N	0	0	4	23
A_PB2	1720	4	N	0	0	4	21.25
A_PB2	1721	3	N	1	0	2	24
A_PB2	1722	3	N	1	0	3	20.3333333333333
A_PB2	1723	3	N	1	0	2	17.5
A_PB2	1724	3	N	1	0	3	21.6666666666667
A_PB2	1725	4	N	0	0	4	24.5
A_PB2	1726	4	N	0	0	2	20.5
A_PB2	1727	4	N	0	0	3	23.6666666666667
A_PB2	1728	4	N	0	0	3	25
A_PB2	1729	4	N	0	0	2	28.5
A_PB2	1730	4	N	0	0	3	24.6666666666667
A_PB2	1731	4	N	0	0	3	15.6666666666667
A_PB2	1732	4	N	0	0	2	18
A_PB2	1733	4	N	0	0	4	22
A_PB2	1734	4	N	0	0	2	24.5
A_PB2	1735	4	N	0	0	4	21.75
A_PB2	1736	4	N	0	0	4	20.5
A_PB2	1737	4	N	0	0	4	23
A_PB2	1738	4	N	0	0	4	20.5
A_PB2	1739	4	N	0	0	4	18
A_PB2	1740	4	N	0	0	4	20.5
A_PB2	1741	4	N	0	0	2	26
A_PB2	1742	4	N	0	0	4	21.25
A_PB2	1743	4	N	0	0	4	23
A_PB2	1744	4	N	0	0	4	24.5
A_PB2	1745	4	N	0	0	4	24.25
A_PB2	1746	4	N	0	0	4	23.5
A_PB2	1747	4	N	0	0	4	24.25
A_PB2	1748	4	N	0	0	4	23.5
A_PB2	1749	4	N	0	0	4	20.75
A_PB2	1750	4	N	0	0	4	21
A_PB2	1751	4	N	0	0	2	16.5
A_PB2	1752	4	N	0	0	4	26.5
A_PB2	1753	4	N	0	0	4	25.5
A_PB2	1754	4	N	0	0	4	24.25
A_PB2	1755	4	N	0	0	4	22.75
A_PB2	1756	4	N	0	0	4	22.75
A_PB2	1757	4	N	0	0	4	21
A_PB2	1758	3	N	1	0	3	19.6666666666667
A_PB2	1759	4	N	0	0	3	22.3333333333333
A_PB2	1760	4	N	0	0	4	22.75
A_PB2	1761	4	N	0	0	4	22.75
A_PB2	1762	4	N	0	0	2	25
A_PB2	1763	4	N	0	0	4	22.5
A_PB2	1764	4	N	0	0	4	40
A_PB2	1765	4	N	0	0	4	38.75
A_PB2	1766	4	N	0	0	4	26.5
A_PB2	1767	4	N	0	0	4	25.25
A_PB2	1768	4	N	0	0	4	27.25
A_PB2	1769	4	N	0	0	4	26.25
A_PB2	1770	4	N	0	0	4	26.75
A_PB2	1771	4	N	0	0	2	28
A_PB2	1772	4	N	0	0	4	24.75
A_PB2	1773	4	N	0	0	4	25.5
A_PB2	1774	4	N	0	0	2	24.5
A_PB2	1775	4	N	0	0	4	25.75
A_PB2	1776	4	N	0	0	4	22
A_PB2	1777	4	N	0	0	4	21
A_PB2	1778	4	N	0	0	2	18
A_PB2	1779	4	N	0	0	4	22
A_PB2	1780	4	N	0	0	4	24.75
A_PB2	1781	3	N	1	0	3	27.6666666666667
A_PB2	1782	4	N	0	0	4	22.5
A_PB2	1783	4	N	0	0	3	28.6666666666667
A_PB2	1784	4	N	0	0	4	23.25
A_PB2	1785	3	N	1	0	3	20.6666666666667
A_PB2	1786	3	N	1	0	2	20
A_PB2	1787	3	N	1	0	3	18
A_PB2	1788	4	N	0	0	3	20.3333333333333
A_PB2	1789	4	N	0	0	4	22.5
A_PB2	1790	4	N	0	0	4	20.75
A_PB2	1791	4	N	0	0	4	21
A_PB2	1792	4	N	0	0	4	21
A_PB2	1793	4	N	0	0	4	22.5
A_PB2	1794	4	N	0	0	4	22.75
A_PB2	1795	4	N	0	0	4	22.5
A_PB2	1796	4	N	0	0	2	22.5
A_PB2	1797	4	N	0	0	4	18.25
A_PB2	1798	4	N	0	0	4	15.75
A_PB2	1799	4	N	0	0	4	15.5
A_PB2	1800	4	N	0	0	4	14.25
A_PB2	1801	4	N	0	0	2	16
A_PB2	1802	4	N	0	0	4	13
A_PB2	1803	4	N	0	0	4	11.5
A_PB2	1804	4	N	0	0	4	15
A_PB2	1805	4	N	0	0	4	18.25
A_PB2	1806	4	N	0	0	4	13.75
A_PB2	1807	4	N	0	0	4	14.5
A_PB2	1808	4	N	0	0	4	14.25
A_PB2	1809	4	N	0	0	4	10.75
A_PB2	1810	4	N	0	0	4	14
A_PB2	1811	4	N	0	0	4	12.25
A_PB2	1812	4	N	0	0	2	13.5
A_PB2	1813	4	N	0	0	2	25.5
A_PB2	1814	4	N	0	0	4	20
A_PB2	1815	4	N	0	0	4	20.25
A_PB2	1816	4	N	0	0	3	20
A_PB2	1817	4	N	0	0	4	19.75
A_PB2	1818	4	N	0	0	4	24.75
A_PB2	1819	4	N	0	0	2	25.5
A_PB2	1820	4	N	0	0	4	23.25
A_PB2	1821	4	N	0	0	4	23.25
A_PB2	1822	4	N	0	0	2	26
A_PB2	1823	4	N	0	0	4	22.25
A_PB2	1824	4	N	0	0	4	24.5
A_PB2	1825	4	N	0	0	3	24.3333333333333
A_PB2	1826	4	N	0	0	4	23.75
A_PB2	1827	4	N	0	0	4	21.5
A_PB2	1828	4	N	0	0	3	41.6666666666667
A_PB2	1829	4	N	0	0	3	11
A_PB2	1830	4	N	0	0	3	13.6666666666667
A_PB2	1831	3	N	1	0	2	19.5
A_PB2	1832	4	N	0	0	4	16.25
A_PB2	1833	4	N	0	0	4	17.75
A_PB2	1834	4	N	0	0	4	19.5
A_PB2	1835	4	N	0	0	4	20.75
A_PB2	1836	4	N	0	0	4	17.25
A_PB2	1837	4	N	0	0	4	19.75
A_PB2	1838	4	N	0	0	4	16.5
A_PB2	1839	4	N	0	0	4	18.5
A_PB2	1840	4	N	0	0	4	19
A_PB2	1841	4	N	0	0	4	14.25
A_PB2	1842	4	N	0	0	4	14.25
A_PB2	1843	4	N	0	0	4	14.5
A_PB2	1844	4	N	0	0	4	18.25
A_PB2	1845	4	N	0	0	4	25.75
A_PB2	1846	4	N	0	0	4	26.75
A_PB2	1847	4	N	0	0	4	23.5
A_PB2	1848	4	N	0	0	4	22.75
A_PB2	1849	4	N	0	0	2	21
A_PB2	1850	4	N	0	0	4	19.5
A_PB2	1851	4	N	0	0	4	19.5
A_PB2	1852	3	N	1	0	2	30
A_PB2	1853	3	N	1	0	3	27
A_PB2	1854	2	N	2	0	2	27.5
A_PB2	1855	4	N	0	0	4	22.5
A_PB2	1856	4	N	0	0	3	27
A_PB2	1857	4	N	0	0	4	20
A_PB2	1858	4	N	0	0	3	17.6666666666667
A_PB2	1859	4	N	0	0	4	22.75
A_PB2	1860	4	N	0	0	4	21
A_PB2	1861	4	N	0	0	4	24
A_PB2	1862	4	N	0	0	3	21
A_PB2	1863	4	N	0	0	4	22
A_PB2	1864	4	N	0	0	2	26.5
A_PB2	1865	4	N	0	0	3	20
A_PB2	1866	4	N	0	0	4	17
A_PB2	1867	3	N	1	0	2	19
A_PB2	1868	4	N	0	0	4	21
A_PB2	1869	4	N	0	0	4	23.25
A_PB2	1870	4	N	0	0	2	30
A_PB2	1871	4	N	0	0	4	25
A_PB2	1872	4	N	0	0	4	22.5
A_PB2	1873	4	N	0	0	4	22.5
A_PB2	1874	4	N	0	0	4	27.25
A_PB2	1875	4	N	0	0	4	25
A_PB2	1876	3	N	1	0	3	20.6666666666667
A_PB2	1877	3	N	1	0	3	22.6666666666667
A_PB2	1878	4	N	0	0	4	20
A_PB2	1879	4	N	0	0	4	20.25
A_PB2	1880	4	N	0	0	2	28.5
A_PB2	1881	4	N	0	0	4	17.25
A_PB2	1882	4	N	0	0	4	17.25
A_PB2	1883	4	N	0	0	4	18.25
A_PB2	1884	4	N	0	0	4	21
A_PB2	1885	4	N	0	0	4	20
A_PB2	1886	4	N	0	0	3	14
A_PB2	1887	4	N	0	0	4	12.25
A_PB2	1888	4	N	0	0	4	12
A_PB2	1889	4	N	0	0	4	9.75
A_PB2	1890	4	N	0	0	4	8.75
A_PB2	1891	4	N	0	0	2	5.5
A_PB2	1892	4	N	0	0	4	13.5
A_PB2	1893	4	N	0	0	4	12
A_PB2	1894	4	N	0	0	2	6
A_PB2	1895	4	N	0	0	4	11.75
A_PB2	1896	4	N	0	0	4	10.75
A_PB2	1897	4	N	0	0	4	11
A_PB2	1898	4	N	0	0	2	27
A_PB2	1899	4	N	0	0	4	16.25
A_PB2	1900	4	N	0	0	2	26
A_PB2	1901	4	N	0	0	4	23.5
A_PB2	1902	4	N	0	0	4	23
A_PB2	1903	4	N	0	0	4	22.25
A_PB2	1904	4	N	0	0	4	21.25
A_PB2	1905	4	N	0	0	4	19.75
A_PB2	1906	4	N	0	0	4	17.5
A_PB2	1907	4	N	0	0	4	16.75
A_PB2	1908	4	N	0	0	4	18.75
A_PB2	1909	4	N	0	0	4	19.75
A_PB2	1910	4	N	0	0	4	17.5
A_PB2	1911	4	N	0	0	3	24.6666666666667
A_PB2	1912	4	N	0	0	4	18.75
A_PB2	1913	4	N	0	0	4	18.5
A_PB2	1914	4	N	0	0	4	19
A_PB2	1915	4	N	0	0	4	20
A_PB2	1916	4	N	0	0	4	18.5
A_PB2	1917	4	N	0	0	4	15.75
A_PB2	1918	4	N	0	0	2	23.5
A_PB2	1919	4	N	0	0	4	15.25
A_PB2	1920	4	N	0	0	4	18.25
A_PB2	1921	4	N	0	0	4	19
A_PB2	1922	4	N	0	0	4	17.5
A_PB2	1923	4	N	0	0	4	16.25
A_PB2	1924	4	N	0	0	4	17
A_PB2	1925	4	N	0	0	4	18.25
A_PB2	1926	4	N	0	0	3	14.6666666666667
A_PB2	1927	4	N	0	0	4	21.5
A_PB2	1928	4	N	0	0	4	22
A_PB2	1929	4	N	0	0	3	20.6666666666667
A_PB2	1930	4	N	0	0	4	19.5
A_PB2	1931	4	N	0	0	4	22.75
A_PB2	1932	4	N	0	0	4	28
A_PB2	1933	4	N	0	0	2	22.5
A_PB2	1934	4	N	0	0	4	23.75
A_PB2	1935	4	N	0	0	4	23.25
A_PB2	1936	4	N	0	0	4	22.5
A_PB2	1937	4	N	0	0	4	18.5
A_PB2	1938	4	N	0	0	4	18.5
A_PB2	1939	4	N	0	0	4	16.5
A_PB2	1940	4	N	0	0	4	16.5
A_PB2	1941	4	N	0	0	4	12.75
A_PB2	1942	4	N	0	0	3	14
A_PB2	1943	4	N	0	0	4	18
A_PB2	1944	4	N	0	0	4	19.25
A_PB2	1945	4	N	0	0	4	29.5
A_PB2	1946	4	N	0	0	4	28.5
A_PB2	1947	4	N	0	0	4	26
A_PB2	1948	4	N	0	0	4	25.25
A_PB2	1949	4	N	0	0	4	23.75
A_PB2	1950	3	N	0	0	3	25
A_PB2	1951	3	N	0	0	3	30.3333333333333
A_PB2	1952	3	N	0	0	3	27.6666666666667
A_PB2	1953	3	N	0	0	3	27.3333333333333
A_PB2	1954	3	N	0	0	3	28
A_PB2	1955	3	N	0	0	3	27
A_PB2	1956	3	N	0	0	3	26.6666666666667
A_PB2	1957	3	N	0	0	3	23.6666666666667
A_PB2	1958	3	N	0	0	3	18.3333333333333
A_PB2	1959	3	N	0	0	3	18.6666666666667
A_PB2	1960	3	N	0	0	3	21.6666666666667
A_PB2	1961	3	N	0	0	3	20.3333333333333
A_PB2	1962	3	N	0	0	3	22
A_PB2	1963	3	N	0	0	3	21.3333333333333
A_PB2	1964	3	N	0	0	2	23.5
A_PB2	1965	3	N	0	0	3	17.6666666666667
A_PB2	1966	3	N	0	0	3	16.3333333333333
A_PB2	1967	3	N	0	0	3	16
A_PB2	1968	3	N	0	0	3	18
A_PB2	1969	3	N	0	0	3	18
A_PB2	1970	3	N	0	0	3	19
A_PB2	1971	3	N	0	0	3	16.3333333333333
A_PB2	1972	3	N	0	0	2	26.5
A_PB2	1973	3	N	0	0	3	26
A_PB2	1974	3	N	0	0	3	28
A_PB2	1975	3	N	0	0	3	25.6666666666667
A_PB2	1976	3	N	0	0	3	26.6666666666667
A_PB2	1977	3	N	0	0	3	26
A_PB2	1978	3	N	0	0	3	18
A_PB2	1979	3	N	0	0	3	14.3333333333333
A_PB2	1980	3	N	0	0	2	10.5
A_PB2	1981	3	N	0	0	3	19.6666666666667
A_PB2	1982	3	N	0	0	3	20.6666666666667
A_PB2	1983	3	N	0	0	3	19.6666666666667
A_PB2	1984	3	N	0	0	3	19.6666666666667
A_PB2	1985	3	N	0	0	3	19
A_PB2	1986	3	N	0	0	3	18.6666666666667
A_PB2	1987	2	N	0	0	2	23
