Reference_Name	Position	Coverage Depth	Consensus	Deletions	Ambiguous	Consensus_Count	Consensus_Average_Quality
A_HA_H1	1	4	N	0	0	4	21
A_HA_H1	2	4	N	0	0	4	20.5
A_HA_H1	3	4	N	0	0	4	19.5
A_HA_H1	4	4	N	0	0	4	17.75
A_HA_H1	5	4	N	0	0	4	16.5
A_HA_H1	6	4	N	0	0	4	16.25
A_HA_H1	7	4	N	0	0	3	20.3333333333333
A_HA_H1	8	3	N	1	0	3	19
A_HA_H1	9	4	N	0	0	4	15.25
A_HA_H1	10	4	N	0	0	4	15.75
A_HA_H1	11	4	N	0	0	4	14.5
A_HA_H1	12	4	N	0	0	4	14.5
A_HA_H1	13	4	N	0	0	4	13.75
A_HA_H1	14	4	N	0	0	4	10.25
A_HA_H1	15	4	N	0	0	4	10.25
A_HA_H1	16	4	N	0	0	3	19
A_HA_H1	17	4	N	0	0	4	13.75
A_HA_H1	18	4	N	0	0	3	17.6666666666667
A_HA_H1	19	4	N	0	0	3	19.3333333333333
A_HA_H1	20	4	N	0	0	4	18.5
A_HA_H1	21	4	N	0	0	4	18.25
A_HA_H1	22	3	N	1	0	3	19.6666666666667
A_HA_H1	23	3	N	1	0	3	20
A_HA_H1	24	3	N	1	0	3	21
A_HA_H1	25	4	N	0	0	4	14.75
A_HA_H1	26	4	N	0	0	4	14
A_HA_H1	27	4	N	0	0	4	14
A_HA_H1	28	4	N	0	0	4	14.25
A_HA_H1	29	4	N	0	0	4	32.5
A_HA_H1	30	4	N	0	0	4	15
A_HA_H1	31	4	N	0	0	4	15.25
A_HA_H1	32	4	N	0	0	4	14.75
A_HA_H1	33	3	N	1	0	3	19.3333333333333
A_HA_H1	34	3	N	1	0	3	19
A_HA_H1	35	3	N	1	0	3	24.6666666666667
A_HA_H1	36	3	N	1	0	3	25.3333333333333
A_HA_H1	37	4	N	0	0	4	20
A_HA_H1	38	4	N	0	0	4	21.75
A_HA_H1	39	4	N	0	0	4	21.25
A_HA_H1	40	4	N	0	0	4	21.5
A_HA_H1	41	4	N	0	0	4	22
A_HA_H1	42	4	N	0	0	4	20.5
A_HA_H1	43	3	N	1	0	3	22
A_HA_H1	44	3	N	1	0	3	22.3333333333333
A_HA_H1	45	3	N	1	0	3	20
A_HA_H1	46	3	N	1	0	3	23.3333333333333
A_HA_H1	47	3	N	1	0	3	23
A_HA_H1	48	4	N	0	0	4	18.75
A_HA_H1	49	4	N	0	0	4	16.75
A_HA_H1	50	4	N	0	0	4	15
A_HA_H1	51	4	N	0	0	4	10
A_HA_H1	52	4	N	0	0	3	7
A_HA_H1	53	3	N	1	0	3	16.6666666666667
A_HA_H1	54	3	N	1	0	2	13
A_HA_H1	55	4	N	0	0	4	19
A_HA_H1	56	4	N	0	0	4	17.5
A_HA_H1	57	4	N	0	0	4	20
A_HA_H1	58	4	N	0	0	4	21
A_HA_H1	59	4	N	0	0	4	22.75
A_HA_H1	60	4	N	0	0	4	20
A_HA_H1	61	4	N	0	0	3	21.3333333333333
A_HA_H1	62	4	N	0	0	4	15.5
A_HA_H1	63	4	N	0	0	4	16.75
A_HA_H1	64	4	N	0	0	4	15.25
A_HA_H1	65	3	N	1	0	3	16.3333333333333
A_HA_H1	66	3	N	1	0	2	11.5
A_HA_H1	67	4	N	0	0	3	11
A_HA_H1	68	4	N	0	0	4	16
A_HA_H1	69	3	N	1	0	3	20.6666666666667
A_HA_H1	70	4	N	0	0	4	17
A_HA_H1	71	4	N	0	0	3	17
A_HA_H1	72	4	N	0	0	4	14.5
A_HA_H1	73	4	N	0	0	4	16
A_HA_H1	74	4	N	0	0	4	15.75
A_HA_H1	75	4	N	0	0	4	16
A_HA_H1	76	4	N	0	0	4	17.5
A_HA_H1	77	4	N	0	0	4	17.5
A_HA_H1	78	4	N	0	0	4	17.25
A_HA_H1	79	4	N	0	0	4	17.25
A_HA_H1	80	4	N	0	0	4	16.5
A_HA_H1	81	4	N	0	0	4	16.75
A_HA_H1	82	4	N	0	0	4	17.5
A_HA_H1	83	4	N	0	0	4	17.5
A_HA_H1	84	4	N	0	0	4	16.5
A_HA_H1	85	4	N	0	0	4	17
A_HA_H1	86	4	N	0	0	4	17.75
A_HA_H1	87	4	N	0	0	4	21.75
A_HA_H1	88	4	N	0	0	3	22.3333333333333
A_HA_H1	89	4	N	0	0	4	18.5
A_HA_H1	90	4	N	0	0	4	19
A_HA_H1	91	4	N	0	0	4	18
A_HA_H1	92	4	N	0	0	4	16.5
A_HA_H1	93	4	N	0	0	4	16.5
A_HA_H1	94	4	N	0	0	4	16.75
A_HA_H1	95	4	N	0	0	4	16
A_HA_H1	96	4	N	0	0	4	16.25
A_HA_H1	97	4	N	0	0	4	18.75
A_HA_H1	98	4	N	0	0	4	21.5
A_HA_H1	99	4	N	0	0	4	20.5
A_HA_H1	100	4	N	0	0	4	21
A_HA_H1	101	4	N	0	0	4	24.5
A_HA_H1	102	4	N	0	0	4	27.5
A_HA_H1	103	4	N	0	0	4	27.25
A_HA_H1	104	4	N	0	0	4	27.25
A_HA_H1	105	4	N	0	0	4	20.75
A_HA_H1	106	4	N	0	0	4	18.5
A_HA_H1	107	4	N	0	0	4	18.5
A_HA_H1	108	4	N	0	0	4	20.25
A_HA_H1	109	4	N	0	0	4	19.75
A_HA_H1	110	4	N	0	0	3	26.6666666666667
A_HA_H1	111	4	N	0	0	4	19
A_HA_H1	112	4	N	0	0	4	18
A_HA_H1	113	4	N	0	0	4	18.25
A_HA_H1	114	4	N	0	0	4	20
A_HA_H1	115	4	N	0	0	4	20
A_HA_H1	116	4	N	0	0	4	17.75
A_HA_H1	117	4	N	0	0	4	19
A_HA_H1	118	4	N	0	0	4	19.25
A_HA_H1	119	4	N	0	0	4	20.75
A_HA_H1	120	4	N	0	0	4	21.75
A_HA_H1	121	4	N	0	0	4	21.5
A_HA_H1	122	4	N	0	0	4	23
A_HA_H1	123	4	N	0	0	4	23
A_HA_H1	124	4	N	0	0	4	24.25
A_HA_H1	125	4	N	0	0	4	25.25
A_HA_H1	126	4	N	0	0	4	23.5
A_HA_H1	127	4	N	0	0	4	22
A_HA_H1	128	4	N	0	0	4	23.25
A_HA_H1	129	4	N	0	0	4	24
A_HA_H1	130	4	N	0	0	4	23.5
A_HA_H1	131	4	N	0	0	4	23.25
A_HA_H1	132	4	N	0	0	4	20.75
A_HA_H1	133	4	N	0	0	4	38
A_HA_H1	134	4	N	0	0	4	32.5
A_HA_H1	135	4	N	0	0	4	18.75
A_HA_H1	136	4	N	0	0	4	21
A_HA_H1	137	4	N	0	0	4	23
A_HA_H1	138	4	N	0	0	4	22.25
A_HA_H1	139	4	N	0	0	4	22.25
A_HA_H1	140	4	N	0	0	4	23.75
A_HA_H1	141	4	N	0	0	4	24.75
A_HA_H1	142	4	N	0	0	4	22.75
A_HA_H1	143	4	N	0	0	4	27
A_HA_H1	144	4	N	0	0	4	27.75
A_HA_H1	145	4	N	0	0	4	26.75
A_HA_H1	146	4	N	0	0	4	25.5
A_HA_H1	147	4	N	0	0	4	25.5
A_HA_H1	148	4	N	0	0	4	25.5
A_HA_H1	149	4	N	0	0	4	23
A_HA_H1	150	4	N	0	0	4	21.75
A_HA_H1	151	4	N	0	0	4	19.75
A_HA_H1	152	4	N	0	0	4	19.5
A_HA_H1	153	4	N	0	0	4	18.25
A_HA_H1	154	4	N	0	0	4	19.5
A_HA_H1	155	4	N	0	0	4	21
A_HA_H1	156	4	N	0	0	4	21
A_HA_H1	157	4	N	0	0	4	20.25
A_HA_H1	158	4	N	0	0	4	23.5
A_HA_H1	159	4	N	0	0	4	21.25
A_HA_H1	160	4	N	0	0	4	22.75
A_HA_H1	161	4	N	0	0	4	20.75
A_HA_H1	162	4	N	0	0	4	21.75
A_HA_H1	163	4	N	0	0	4	22
A_HA_H1	164	4	N	0	0	4	16
A_HA_H1	165	4	N	0	0	4	15
A_HA_H1	166	3	N	1	0	3	12.6666666666667
A_HA_H1	167	3	N	1	0	3	16
A_HA_H1	168	3	N	1	0	3	15
A_HA_H1	169	3	N	1	0	3	15.6666666666667
A_HA_H1	170	3	N	1	0	3	22.3333333333333
A_HA_H1	171	3	N	1	0	3	20
A_HA_H1	172	3	N	1	0	3	19.3333333333333
A_HA_H1	173	3	N	1	0	3	20.6666666666667
A_HA_H1	174	3	N	1	0	3	20.3333333333333
A_HA_H1	175	3	N	1	0	3	23.6666666666667
A_HA_H1	176	3	N	1	0	3	27
A_HA_H1	177	3	N	1	0	3	26.6666666666667
A_HA_H1	178	3	N	1	0	3	28.3333333333333
A_HA_H1	179	3	N	1	0	3	29.3333333333333
A_HA_H1	180	3	N	1	0	3	28.6666666666667
A_HA_H1	181	3	N	1	0	3	27.3333333333333
A_HA_H1	182	3	N	1	0	3	27
A_HA_H1	183	3	N	1	0	3	26.6666666666667
A_HA_H1	184	3	N	1	0	3	24
A_HA_H1	185	3	N	1	0	3	23
A_HA_H1	186	4	N	0	0	4	18.5
A_HA_H1	187	3	N	1	0	3	17.3333333333333
A_HA_H1	188	3	N	1	0	3	13
A_HA_H1	189	3	N	1	0	3	17.3333333333333
A_HA_H1	190	3	N	1	0	3	17.3333333333333
A_HA_H1	191	3	N	1	0	3	17
A_HA_H1	192	3	N	1	0	3	12.6666666666667
A_HA_H1	193	3	N	1	0	3	13
A_HA_H1	194	3	N	1	0	3	14
A_HA_H1	195	3	N	1	0	3	15.6666666666667
A_HA_H1	196	3	N	1	0	3	15.6666666666667
A_HA_H1	197	3	N	1	0	3	15.6666666666667
A_HA_H1	198	3	N	1	0	3	17.3333333333333
A_HA_H1	199	3	N	1	0	3	17.6666666666667
A_HA_H1	200	3	N	1	0	3	17
A_HA_H1	201	3	N	1	0	3	15.3333333333333
A_HA_H1	202	3	N	1	0	3	14
A_HA_H1	203	3	N	1	0	3	15
A_HA_H1	204	3	N	1	0	3	10
A_HA_H1	205	3	N	1	0	3	21.6666666666667
A_HA_H1	206	3	N	1	0	3	22
A_HA_H1	207	3	N	1	0	3	16.3333333333333
A_HA_H1	208	3	N	1	0	3	17.3333333333333
A_HA_H1	209	2	N	2	0	2	19
A_HA_H1	210	2	N	2	0	2	19.5
A_HA_H1	211	3	N	1	0	3	19
A_HA_H1	212	3	N	1	0	2	22.5
A_HA_H1	213	3	N	1	0	2	23.5
A_HA_H1	214	2	N	2	0	2	20.5
A_HA_H1	215	3	N	1	0	3	24.3333333333333
A_HA_H1	216	3	N	1	0	3	24.6666666666667
A_HA_H1	217	3	N	1	0	3	24.6666666666667
A_HA_H1	218	3	N	1	0	3	22.6666666666667
A_HA_H1	219	3	N	1	0	3	24.6666666666667
A_HA_H1	220	3	N	1	0	3	27.3333333333333
A_HA_H1	221	3	N	1	0	3	25.6666666666667
A_HA_H1	222	3	N	1	0	3	24.6666666666667
A_HA_H1	223	3	N	1	0	3	23.6666666666667
A_HA_H1	224	3	N	1	0	3	23.6666666666667
A_HA_H1	225	3	N	1	0	3	23.3333333333333
A_HA_H1	226	3	N	1	0	3	20.6666666666667
A_HA_H1	227	3	N	1	0	3	20.6666666666667
A_HA_H1	228	3	N	1	0	3	21.3333333333333
A_HA_H1	229	3	N	1	0	3	21
A_HA_H1	230	3	N	1	0	3	24.3333333333333
A_HA_H1	231	3	N	1	0	3	20.6666666666667
A_HA_H1	232	2	N	2	0	2	16
A_HA_H1	233	3	N	1	0	3	18.3333333333333
A_HA_H1	234	3	N	1	0	3	14
A_HA_H1	235	3	N	1	0	3	17
A_HA_H1	236	3	N	1	0	3	19.6666666666667
A_HA_H1	237	2	N	2	0	2	24.5
A_HA_H1	238	2	N	2	0	2	25.5
A_HA_H1	239	2	N	2	0	2	27
A_HA_H1	240	3	N	1	0	3	23.6666666666667
A_HA_H1	241	3	N	1	0	2	26.5
A_HA_H1	242	3	N	1	0	3	28.3333333333333
A_HA_H1	243	3	N	1	0	3	28
A_HA_H1	244	3	N	1	0	3	30.3333333333333
A_HA_H1	245	3	N	1	0	3	27
A_HA_H1	246	3	N	1	0	3	18
A_HA_H1	247	3	N	1	0	3	19.3333333333333
A_HA_H1	248	3	N	1	0	3	17.3333333333333
A_HA_H1	249	3	N	1	0	3	14.6666666666667
A_HA_H1	250	3	N	1	0	3	20.3333333333333
A_HA_H1	251	3	N	1	0	3	18.3333333333333
A_HA_H1	252	3	N	1	0	3	18.3333333333333
A_HA_H1	253	3	N	1	0	3	18.6666666666667
A_HA_H1	254	3	N	1	0	3	21.6666666666667
A_HA_H1	255	3	N	1	0	3	23.6666666666667
A_HA_H1	256	3	N	1	0	3	24.6666666666667
A_HA_H1	257	3	N	1	0	3	22.6666666666667
A_HA_H1	258	3	N	1	0	3	23.3333333333333
A_HA_H1	259	3	N	1	0	3	25
A_HA_H1	260	3	N	1	0	3	28
A_HA_H1	261	3	N	1	0	3	29.3333333333333
A_HA_H1	262	3	N	1	0	3	25.3333333333333
A_HA_H1	263	3	N	1	0	3	25.6666666666667
A_HA_H1	264	4	N	0	0	4	20.75
A_HA_H1	265	4	N	0	0	4	21
A_HA_H1	266	4	N	0	0	4	19.5
A_HA_H1	267	4	N	0	0	4	18.25
A_HA_H1	268	3	N	1	0	3	23
A_HA_H1	269	3	N	1	0	3	20.6666666666667
A_HA_H1	270	2	N	2	0	2	24.5
A_HA_H1	271	3	N	1	0	3	19
A_HA_H1	272	3	N	1	0	3	18.6666666666667
A_HA_H1	273	3	N	1	0	3	20.3333333333333
A_HA_H1	274	2	N	2	0	2	27
A_HA_H1	275	3	N	1	0	3	16.3333333333333
A_HA_H1	276	3	N	1	0	3	15.6666666666667
A_HA_H1	277	3	N	1	0	3	17.6666666666667
A_HA_H1	278	3	N	1	0	3	15.6666666666667
A_HA_H1	279	2	N	2	0	2	20.5
A_HA_H1	280	2	N	2	0	1	19
A_HA_H1	281	2	N	2	0	2	12.5
A_HA_H1	282	2	N	2	0	2	13
A_HA_H1	283	3	N	1	0	2	18
A_HA_H1	284	3	N	1	0	3	15
A_HA_H1	285	3	N	1	0	3	15.6666666666667
A_HA_H1	286	3	N	1	0	3	16.6666666666667
A_HA_H1	287	3	N	1	0	3	18.3333333333333
A_HA_H1	288	3	N	1	0	3	19.3333333333333
A_HA_H1	289	3	N	1	0	3	18.3333333333333
A_HA_H1	290	3	N	1	0	3	16.3333333333333
A_HA_H1	291	3	N	1	0	3	16.3333333333333
A_HA_H1	292	3	N	1	0	3	18.6666666666667
A_HA_H1	293	3	N	1	0	3	17
A_HA_H1	294	3	N	1	0	3	18.3333333333333
A_HA_H1	295	3	N	1	0	3	19
A_HA_H1	296	3	N	1	0	3	21.3333333333333
A_HA_H1	297	3	N	1	0	3	21
A_HA_H1	298	3	N	1	0	3	20
A_HA_H1	299	3	N	1	0	3	20
A_HA_H1	300	3	N	1	0	3	21.3333333333333
A_HA_H1	301	3	N	1	0	3	28
A_HA_H1	302	3	N	1	0	3	26.3333333333333
A_HA_H1	303	3	N	1	0	3	24.6666666666667
A_HA_H1	304	3	N	1	0	3	26
A_HA_H1	305	3	N	1	0	3	26
A_HA_H1	306	3	N	1	0	3	26.3333333333333
A_HA_H1	307	3	N	1	0	3	26.6666666666667
A_HA_H1	308	3	N	1	0	3	26.6666666666667
A_HA_H1	309	3	N	1	0	3	27.3333333333333
A_HA_H1	310	3	N	1	0	3	27.6666666666667
A_HA_H1	311	3	N	1	0	3	27
A_HA_H1	312	3	N	1	0	3	27
A_HA_H1	313	3	N	1	0	3	24.6666666666667
A_HA_H1	314	3	N	1	0	3	25.6666666666667
A_HA_H1	315	4	N	0	0	2	21.5
A_HA_H1	316	4	N	0	0	4	16.5
A_HA_H1	317	4	N	0	0	3	17.3333333333333
A_HA_H1	318	4	N	0	0	4	15.5
A_HA_H1	319	4	N	0	0	4	15
A_HA_H1	320	4	N	0	0	4	16.5
A_HA_H1	321	4	N	0	0	4	16.5
A_HA_H1	322	4	N	0	0	4	16.75
A_HA_H1	323	3	N	1	0	3	18.6666666666667
A_HA_H1	324	3	N	1	0	3	16
A_HA_H1	325	3	N	1	0	3	15
A_HA_H1	326	3	N	1	0	3	13.6666666666667
A_HA_H1	327	3	N	1	0	3	15
A_HA_H1	328	4	N	0	0	4	12
A_HA_H1	329	4	N	0	0	4	12.25
A_HA_H1	330	4	N	0	0	4	10.75
A_HA_H1	331	4	N	0	0	4	11.5
A_HA_H1	332	4	N	0	0	4	13.25
A_HA_H1	333	4	N	0	0	4	12
A_HA_H1	334	4	N	0	0	3	17
A_HA_H1	335	4	N	0	0	4	18
A_HA_H1	336	4	N	0	0	4	18.5
A_HA_H1	337	4	N	0	0	4	17.75
A_HA_H1	338	4	N	0	0	4	16
A_HA_H1	339	4	N	0	0	3	13
A_HA_H1	340	4	N	0	0	4	14
A_HA_H1	341	4	N	0	0	4	15
A_HA_H1	342	4	N	0	0	4	16.25
A_HA_H1	343	4	N	0	0	4	20.25
A_HA_H1	344	4	N	0	0	4	25
A_HA_H1	345	4	N	0	0	4	26.5
A_HA_H1	346	4	N	0	0	4	27
A_HA_H1	347	4	N	0	0	4	25.5
A_HA_H1	348	4	N	0	0	4	25
A_HA_H1	349	4	N	0	0	4	24.5
A_HA_H1	350	4	N	0	0	4	24
A_HA_H1	351	4	N	0	0	4	25
A_HA_H1	352	4	N	0	0	4	25.5
A_HA_H1	353	4	N	0	0	4	25.25
A_HA_H1	354	4	N	0	0	4	24.5
A_HA_H1	355	4	N	0	0	3	26.6666666666667
A_HA_H1	356	4	N	0	0	4	23.75
A_HA_H1	357	4	N	0	0	4	24.25
A_HA_H1	358	4	N	0	0	4	22.5
A_HA_H1	359	4	N	0	0	4	21.75
A_HA_H1	360	4	N	0	0	4	23.25
A_HA_H1	361	4	N	0	0	4	26
A_HA_H1	362	4	N	0	0	4	25
A_HA_H1	363	4	N	0	0	4	26.5
A_HA_H1	364	4	N	0	0	4	25.25
A_HA_H1	365	4	N	0	0	4	24.25
A_HA_H1	366	4	N	0	0	4	23
A_HA_H1	367	4	N	0	0	4	20.25
A_HA_H1	368	4	N	0	0	4	20
A_HA_H1	369	4	N	0	0	4	20.5
A_HA_H1	370	4	N	0	0	4	15.75
A_HA_H1	371	4	N	0	0	4	16.5
A_HA_H1	372	4	N	0	0	4	20
A_HA_H1	373	4	N	0	0	3	20.3333333333333
A_HA_H1	374	4	N	0	0	4	16
A_HA_H1	375	4	N	0	0	4	15.25
A_HA_H1	376	4	N	0	0	4	15.5
A_HA_H1	377	4	N	0	0	4	16.25
A_HA_H1	378	4	N	0	0	4	19.5
A_HA_H1	379	4	N	0	0	4	18.75
A_HA_H1	380	4	N	0	0	4	17.75
A_HA_H1	381	4	N	0	0	4	18
A_HA_H1	382	4	N	0	0	4	18.5
A_HA_H1	383	4	N	0	0	4	20.5
A_HA_H1	384	4	N	0	0	4	20.5
A_HA_H1	385	4	N	0	0	4	17.75
A_HA_H1	386	4	N	0	0	4	17.5
A_HA_H1	387	4	N	0	0	4	16.25
A_HA_H1	388	4	N	0	0	4	18.75
A_HA_H1	389	4	N	0	0	4	34.75
A_HA_H1	390	4	N	0	0	4	39
A_HA_H1	391	4	N	0	0	4	19
A_HA_H1	392	4	N	0	0	4	18.75
A_HA_H1	393	4	N	0	0	4	17
A_HA_H1	394	4	N	0	0	4	20
A_HA_H1	395	4	N	0	0	4	17.5
A_HA_H1	396	4	N	0	0	4	18
A_HA_H1	397	4	N	0	0	4	22.25
A_HA_H1	398	4	N	0	0	4	22.5
A_HA_H1	399	3	N	1	0	3	23
A_HA_H1	400	3	N	1	0	3	23
A_HA_H1	401	4	N	0	0	4	22
A_HA_H1	402	4	N	0	0	3	19
A_HA_H1	403	4	N	0	0	4	19.25
A_HA_H1	404	4	N	0	0	4	21.5
A_HA_H1	405	4	N	0	0	4	22
A_HA_H1	406	4	N	0	0	4	25.75
A_HA_H1	407	4	N	0	0	4	27.25
A_HA_H1	408	4	N	0	0	4	24
A_HA_H1	409	4	N	0	0	4	26
A_HA_H1	410	4	N	0	0	4	25.75
A_HA_H1	411	4	N	0	0	4	21
A_HA_H1	412	4	N	0	0	4	23
A_HA_H1	413	4	N	0	0	4	25.5
A_HA_H1	414	4	N	0	0	4	27
A_HA_H1	415	4	N	0	0	4	25
A_HA_H1	416	4	N	0	0	4	23.25
A_HA_H1	417	4	N	0	0	4	24.5
A_HA_H1	418	4	N	0	0	4	25
A_HA_H1	419	4	N	0	0	3	25.3333333333333
A_HA_H1	420	4	N	0	0	4	24.25
A_HA_H1	421	4	N	0	0	3	23
A_HA_H1	422	4	N	0	0	4	24.5
A_HA_H1	423	4	N	0	0	4	24.75
A_HA_H1	424	4	N	0	0	3	26
A_HA_H1	425	4	N	0	0	4	37.5
A_HA_H1	426	4	N	0	0	4	19.25
A_HA_H1	427	4	N	0	0	4	20
A_HA_H1	428	4	N	0	0	4	21.5
A_HA_H1	429	4	N	0	0	4	21
A_HA_H1	430	4	N	0	0	4	18.25
A_HA_H1	431	4	N	0	0	4	19.25
A_HA_H1	432	4	N	0	0	4	18.5
A_HA_H1	433	4	N	0	0	4	16.5
A_HA_H1	434	4	N	0	0	4	19
A_HA_H1	435	4	N	0	0	4	21.25
A_HA_H1	436	4	N	0	0	4	23.75
A_HA_H1	437	4	N	0	0	4	25.25
A_HA_H1	438	4	N	0	0	4	23.25
A_HA_H1	439	4	N	0	0	4	24
A_HA_H1	440	4	N	0	0	4	23
A_HA_H1	441	4	N	0	0	4	21.75
A_HA_H1	442	4	N	0	0	4	22
A_HA_H1	443	4	N	0	0	4	22
A_HA_H1	444	4	N	0	0	4	23.5
A_HA_H1	445	4	N	0	0	4	24.5
A_HA_H1	446	4	N	0	0	4	22.25
A_HA_H1	447	4	N	0	0	4	23.75
A_HA_H1	448	4	N	0	0	3	24.6666666666667
A_HA_H1	449	4	N	0	0	4	19
A_HA_H1	450	4	N	0	0	4	19.5
A_HA_H1	451	4	N	0	0	4	20.25
A_HA_H1	452	4	N	0	0	4	20.25
A_HA_H1	453	4	N	0	0	4	21.5
A_HA_H1	454	4	N	0	0	4	21
A_HA_H1	455	4	N	0	0	4	22
A_HA_H1	456	4	N	0	0	4	20
A_HA_H1	457	4	N	0	0	4	19.75
A_HA_H1	458	4	N	0	0	4	20
A_HA_H1	459	4	N	0	0	4	16
A_HA_H1	460	4	N	0	0	4	17.25
A_HA_H1	461	4	N	0	0	4	17.5
A_HA_H1	462	4	N	0	0	4	17.25
A_HA_H1	463	4	N	0	0	4	17.25
A_HA_H1	464	4	N	0	0	4	17.25
A_HA_H1	465	4	N	0	0	4	18.5
A_HA_H1	466	4	N	0	0	3	22
A_HA_H1	467	4	N	0	0	3	19.3333333333333
A_HA_H1	468	4	N	0	0	3	15.3333333333333
A_HA_H1	469	4	N	0	0	3	14
A_HA_H1	470	4	N	0	0	4	12.5
A_HA_H1	471	4	N	0	0	4	12.25
A_HA_H1	472	4	N	0	0	4	14.75
A_HA_H1	473	4	N	0	0	4	19
A_HA_H1	474	4	N	0	0	4	22.75
A_HA_H1	475	4	N	0	0	4	23.5
A_HA_H1	476	4	N	0	0	4	25.5
A_HA_H1	477	4	N	0	0	4	28
A_HA_H1	478	4	N	0	0	4	26
A_HA_H1	479	3	N	1	0	3	23
A_HA_H1	480	4	N	0	0	4	25
A_HA_H1	481	4	N	0	0	4	24.25
A_HA_H1	482	4	N	0	0	4	19.25
A_HA_H1	483	4	N	0	0	3	23
A_HA_H1	484	4	N	0	0	4	18.5
A_HA_H1	485	3	N	1	0	3	23.6666666666667
A_HA_H1	486	3	N	1	0	3	25.3333333333333
A_HA_H1	487	4	N	0	0	4	21.75
A_HA_H1	488	4	N	0	0	4	21.25
A_HA_H1	489	4	N	0	0	3	25.3333333333333
A_HA_H1	490	4	N	0	0	4	20.75
A_HA_H1	491	4	N	0	0	4	19.75
A_HA_H1	492	4	N	0	0	3	22
A_HA_H1	493	4	N	0	0	4	20.5
A_HA_H1	494	4	N	0	0	4	22.75
A_HA_H1	495	4	N	0	0	4	23.5
A_HA_H1	496	4	N	0	0	4	22.75
A_HA_H1	497	4	N	0	0	4	24.75
A_HA_H1	498	4	N	0	0	4	24
A_HA_H1	499	4	N	0	0	4	24.75
A_HA_H1	500	4	N	0	0	4	24.5
A_HA_H1	501	4	N	0	0	4	22.5
A_HA_H1	502	4	N	0	0	4	24.25
A_HA_H1	503	4	N	0	0	4	23
A_HA_H1	504	4	N	0	0	4	22.75
A_HA_H1	505	4	N	0	0	4	23.5
A_HA_H1	506	2	N	2	0	2	25
A_HA_H1	507	3	N	1	0	3	19
A_HA_H1	508	3	N	1	0	3	22
A_HA_H1	509	4	N	0	0	4	20.25
A_HA_H1	510	4	N	0	0	4	21.25
A_HA_H1	511	4	N	0	0	3	17
A_HA_H1	512	4	N	0	0	4	17.5
A_HA_H1	513	4	N	0	0	4	17.75
A_HA_H1	514	4	N	0	0	4	17.25
A_HA_H1	515	4	N	0	0	4	21
A_HA_H1	516	4	N	0	0	4	24.5
A_HA_H1	517	4	N	0	0	4	22.75
A_HA_H1	518	4	N	0	0	4	22.25
A_HA_H1	519	4	N	0	0	4	22.5
A_HA_H1	520	4	N	0	0	4	23
A_HA_H1	521	4	N	0	0	4	25
A_HA_H1	522	4	N	0	0	4	23
A_HA_H1	523	4	N	0	0	4	23.25
A_HA_H1	524	4	N	0	0	4	20.25
A_HA_H1	525	4	N	0	0	4	20
A_HA_H1	526	4	N	0	0	4	20.25
A_HA_H1	527	4	N	0	0	4	18.75
A_HA_H1	528	4	N	0	0	4	18
A_HA_H1	529	4	N	0	0	4	19.5
A_HA_H1	530	4	N	0	0	4	21.5
A_HA_H1	531	4	N	0	0	4	24
A_HA_H1	532	4	N	0	0	4	25.75
A_HA_H1	533	4	N	0	0	4	23.75
A_HA_H1	534	4	N	0	0	3	23.3333333333333
A_HA_H1	535	4	N	0	0	4	22.25
A_HA_H1	536	4	N	0	0	4	24.5
A_HA_H1	537	4	N	0	0	4	22.75
A_HA_H1	538	4	N	0	0	4	22.75
A_HA_H1	539	4	N	0	0	4	24
A_HA_H1	540	4	N	0	0	4	25.5
A_HA_H1	541	4	N	0	0	4	23
A_HA_H1	542	4	N	0	0	4	22.75
A_HA_H1	543	4	N	0	0	4	23.5
A_HA_H1	544	4	N	0	0	4	22.5
A_HA_H1	545	4	N	0	0	4	22.5
A_HA_H1	546	4	N	0	0	4	23.5
A_HA_H1	547	4	N	0	0	4	25.5
A_HA_H1	548	4	N	0	0	4	25.5
A_HA_H1	549	4	N	0	0	4	29.5
A_HA_H1	550	4	N	0	0	4	29.25
A_HA_H1	551	4	N	0	0	4	26.75
A_HA_H1	552	4	N	0	0	4	26.75
A_HA_H1	553	4	N	0	0	4	28.5
A_HA_H1	554	4	N	0	0	4	28
A_HA_H1	555	4	N	0	0	4	26.75
A_HA_H1	556	4	N	0	0	4	20.5
A_HA_H1	557	4	N	0	0	4	21.25
A_HA_H1	558	4	N	0	0	4	19
A_HA_H1	559	4	N	0	0	4	17.75
A_HA_H1	560	4	N	0	0	4	19.75
A_HA_H1	561	4	N	0	0	4	20.25
A_HA_H1	562	4	N	0	0	4	22
A_HA_H1	563	4	N	0	0	4	24.75
A_HA_H1	564	4	N	0	0	4	21.5
A_HA_H1	565	4	N	0	0	4	19.25
A_HA_H1	566	4	N	0	0	4	17.25
A_HA_H1	567	4	N	0	0	4	16
A_HA_H1	568	4	N	0	0	3	18.6666666666667
A_HA_H1	569	4	N	0	0	4	22.25
A_HA_H1	570	5	N	0	0	5	21.4
A_HA_H1	571	5	N	0	0	5	20.6
A_HA_H1	572	5	N	0	0	5	20.4
A_HA_H1	573	5	N	0	0	5	21.2
A_HA_H1	574	5	N	0	0	5	25
A_HA_H1	575	5	N	0	0	5	25.8
A_HA_H1	576	5	N	0	0	5	28.2
A_HA_H1	577	5	N	0	0	5	25.2
A_HA_H1	578	5	N	0	0	5	22.8
A_HA_H1	579	5	N	0	0	5	23.2
A_HA_H1	580	5	N	0	0	5	23.6
A_HA_H1	581	5	N	0	0	5	21.6
A_HA_H1	582	5	N	0	0	5	21
A_HA_H1	583	5	N	0	0	5	20.4
A_HA_H1	584	5	N	0	0	5	20.6
A_HA_H1	585	5	N	0	0	5	21.6
A_HA_H1	586	5	N	0	0	5	25
A_HA_H1	587	5	N	0	0	5	27.4
A_HA_H1	588	5	N	0	0	5	23.2
A_HA_H1	589	5	N	0	0	4	22.25
A_HA_H1	590	5	N	0	0	5	20
A_HA_H1	591	5	N	0	0	5	17
A_HA_H1	592	5	N	0	0	5	18.2
A_HA_H1	593	4	N	1	0	4	22.25
A_HA_H1	594	5	N	0	0	5	19.4
A_HA_H1	595	5	N	0	0	5	21.6
A_HA_H1	596	5	N	0	0	5	24.2
A_HA_H1	597	5	N	0	0	5	22.6
A_HA_H1	598	5	N	0	0	5	20.6
A_HA_H1	599	5	N	0	0	5	19.4
A_HA_H1	600	4	N	1	0	4	22.75
A_HA_H1	601	5	N	0	0	5	17.2
A_HA_H1	602	5	N	0	0	4	13.25
A_HA_H1	603	5	N	0	0	5	14.4
A_HA_H1	604	5	N	0	0	5	13.6
A_HA_H1	605	5	N	0	0	5	13.6
A_HA_H1	606	5	N	0	0	5	13.2
A_HA_H1	607	5	N	0	0	5	13.8
A_HA_H1	608	5	N	0	0	4	18.25
A_HA_H1	609	5	N	0	0	5	18.8
A_HA_H1	610	5	N	0	0	5	21.4
A_HA_H1	611	5	N	0	0	5	21
A_HA_H1	612	5	N	0	0	5	21
A_HA_H1	613	5	N	0	0	5	20
A_HA_H1	614	5	N	0	0	5	20
A_HA_H1	615	5	N	0	0	5	20.6
A_HA_H1	616	5	N	0	0	5	21.6
A_HA_H1	617	5	N	0	0	5	20.2
A_HA_H1	618	5	N	0	0	5	20.4
A_HA_H1	619	5	N	0	0	5	17.6
A_HA_H1	620	5	N	0	0	5	17.4
A_HA_H1	621	5	N	0	0	4	19.25
A_HA_H1	622	5	N	0	0	5	17.2
A_HA_H1	623	4	N	1	0	4	21
A_HA_H1	624	5	N	0	0	5	19
A_HA_H1	625	5	N	0	0	5	20.6
A_HA_H1	626	5	N	0	0	5	21.6
A_HA_H1	627	5	N	0	0	4	21.5
A_HA_H1	628	5	N	0	0	4	21.75
A_HA_H1	629	5	N	0	0	5	19
A_HA_H1	630	5	N	0	0	5	19
A_HA_H1	631	5	N	0	0	5	18.6
A_HA_H1	632	4	N	1	0	3	22.3333333333333
A_HA_H1	633	4	N	1	0	4	17.75
A_HA_H1	634	4	N	1	0	4	17.75
A_HA_H1	635	5	N	0	0	5	15.6
A_HA_H1	636	5	N	0	0	5	20
A_HA_H1	637	5	N	0	0	5	22.8
A_HA_H1	638	5	N	0	0	4	22.5
A_HA_H1	639	5	N	0	0	5	21.6
A_HA_H1	640	5	N	0	0	5	19.8
A_HA_H1	641	5	N	0	0	5	21.2
A_HA_H1	642	5	N	0	0	5	20.2
A_HA_H1	643	5	N	0	0	5	21.2
A_HA_H1	644	5	N	0	0	5	18.4
A_HA_H1	645	4	N	1	0	4	20.5
A_HA_H1	646	5	N	0	0	5	24
A_HA_H1	647	5	N	0	0	5	25.4
A_HA_H1	648	5	N	0	0	5	25
A_HA_H1	649	5	N	0	0	5	24.8
A_HA_H1	650	5	N	0	0	5	20
A_HA_H1	651	5	N	0	0	5	19.8
A_HA_H1	652	5	N	0	0	4	17.5
A_HA_H1	653	5	N	0	0	5	17.2
A_HA_H1	654	5	N	0	0	5	19.6
A_HA_H1	655	5	N	0	0	5	20
A_HA_H1	656	5	N	0	0	5	24.2
A_HA_H1	657	5	N	0	0	5	23.8
A_HA_H1	658	5	N	0	0	5	22.8
A_HA_H1	659	5	N	0	0	5	22
A_HA_H1	660	5	N	0	0	5	18.6
A_HA_H1	661	4	N	1	0	4	21.75
A_HA_H1	662	5	N	0	0	5	22.8
A_HA_H1	663	5	N	0	0	5	21.4
A_HA_H1	664	5	N	0	0	5	22.6
A_HA_H1	665	5	N	0	0	5	21.2
A_HA_H1	666	5	N	0	0	5	19
A_HA_H1	667	5	N	0	0	5	18
A_HA_H1	668	5	N	0	0	4	20.75
A_HA_H1	669	5	N	0	0	4	21
A_HA_H1	670	5	N	0	0	5	17
A_HA_H1	671	4	N	1	0	4	19
A_HA_H1	672	4	N	1	0	4	19.25
A_HA_H1	673	5	N	0	0	5	17
A_HA_H1	674	5	N	0	0	5	17.6
A_HA_H1	675	5	N	0	0	5	21.4
A_HA_H1	676	5	N	0	0	5	22.8
A_HA_H1	677	5	N	0	0	5	23
A_HA_H1	678	5	N	0	0	5	23.4
A_HA_H1	679	5	N	0	0	5	22.4
A_HA_H1	680	4	N	1	0	4	16.75
A_HA_H1	681	4	N	1	0	4	16.75
A_HA_H1	682	5	N	0	0	5	18
A_HA_H1	683	4	N	1	0	4	15.5
A_HA_H1	684	5	N	0	0	5	16.4
A_HA_H1	685	5	N	0	0	4	15.25
A_HA_H1	686	5	N	0	0	5	16.8
A_HA_H1	687	5	N	0	0	5	16.6
A_HA_H1	688	5	N	0	0	5	18.4
A_HA_H1	689	5	N	0	0	5	23
A_HA_H1	690	5	N	0	0	5	25
A_HA_H1	691	5	N	0	0	5	24.4
A_HA_H1	692	5	N	0	0	5	20.2
A_HA_H1	693	5	N	0	0	5	20.2
A_HA_H1	694	5	N	0	0	5	22
A_HA_H1	695	5	N	0	0	5	21.8
A_HA_H1	696	5	N	0	0	5	24.2
A_HA_H1	697	4	N	1	0	4	27.5
A_HA_H1	698	5	N	0	0	5	22.8
A_HA_H1	699	5	N	0	0	5	21.8
A_HA_H1	700	5	N	0	0	5	19
A_HA_H1	701	5	N	0	0	5	18.6
A_HA_H1	702	5	N	0	0	5	20
A_HA_H1	703	5	N	0	0	5	15.2
A_HA_H1	704	5	N	0	0	5	16.6
A_HA_H1	705	5	N	0	0	5	20.2
A_HA_H1	706	5	N	0	0	5	20
A_HA_H1	707	5	N	0	0	4	24.5
A_HA_H1	708	5	N	0	0	5	19.8
A_HA_H1	709	5	N	0	0	4	22.5
A_HA_H1	710	4	N	1	0	3	23
A_HA_H1	711	5	N	0	0	5	19
A_HA_H1	712	5	N	0	0	5	19.2
A_HA_H1	713	5	N	0	0	5	22.4
A_HA_H1	714	5	N	0	0	5	22.4
A_HA_H1	715	5	N	0	0	5	24.8
A_HA_H1	716	5	N	0	0	5	26.2
A_HA_H1	717	9	N	0	0	9	25.4444444444444
A_HA_H1	718	9	N	0	0	9	25.3333333333333
A_HA_H1	719	9	N	0	0	9	31.2222222222222
A_HA_H1	720	9	N	0	0	9	22.6666666666667
A_HA_H1	721	9	N	0	0	9	20.6666666666667
A_HA_H1	722	9	N	0	0	9	21.5555555555556
A_HA_H1	723	9	N	0	0	9	20.8888888888889
A_HA_H1	724	9	N	0	0	9	24.7777777777778
A_HA_H1	725	9	N	0	0	9	32.2222222222222
A_HA_H1	726	9	N	0	0	9	25.4444444444444
A_HA_H1	727	9	N	0	0	9	24.8888888888889
A_HA_H1	728	9	N	0	0	9	24.7777777777778
A_HA_H1	729	9	N	0	0	9	26
A_HA_H1	730	9	N	0	0	9	26.4444444444444
A_HA_H1	731	9	N	0	0	9	26.1111111111111
A_HA_H1	732	9	N	0	0	9	25.7777777777778
A_HA_H1	733	9	N	0	0	9	25.1111111111111
A_HA_H1	734	9	N	0	0	9	22.3333333333333
A_HA_H1	735	9	N	0	0	9	20.4444444444444
A_HA_H1	736	9	N	0	0	9	20
A_HA_H1	737	9	N	0	0	9	21.4444444444444
A_HA_H1	738	9	N	0	0	9	22.2222222222222
A_HA_H1	739	9	N	0	0	9	24
A_HA_H1	740	9	N	0	0	9	22.8888888888889
A_HA_H1	741	8	N	1	0	8	25.5
A_HA_H1	742	9	N	0	0	9	25.3333333333333
A_HA_H1	743	9	N	0	0	9	25.3333333333333
A_HA_H1	744	9	N	0	0	9	25.1111111111111
A_HA_H1	745	9	N	0	0	9	23.1111111111111
A_HA_H1	746	8	N	1	0	8	26.375
A_HA_H1	747	9	N	0	0	9	21.4444444444444
A_HA_H1	748	9	N	0	0	8	24.375
A_HA_H1	749	9	N	0	0	9	23.2222222222222
A_HA_H1	750	9	N	0	0	9	22.6666666666667
A_HA_H1	751	9	N	0	0	9	29.6666666666667
A_HA_H1	752	9	N	0	0	9	23
A_HA_H1	753	9	N	0	0	9	22.3333333333333
A_HA_H1	754	9	N	0	0	9	33.5555555555556
A_HA_H1	755	9	N	0	0	9	24.6666666666667
A_HA_H1	756	9	N	0	0	9	23.6666666666667
A_HA_H1	757	9	N	0	0	8	23
A_HA_H1	758	9	N	0	0	9	19.3333333333333
A_HA_H1	759	9	N	0	0	9	20.4444444444444
A_HA_H1	760	9	N	0	0	9	22.3333333333333
A_HA_H1	761	9	N	0	0	9	23.3333333333333
A_HA_H1	762	9	N	0	0	9	22.8888888888889
A_HA_H1	763	9	N	0	0	9	24.3333333333333
A_HA_H1	764	9	N	0	0	9	23.6666666666667
A_HA_H1	765	9	N	0	0	9	24.7777777777778
A_HA_H1	766	9	N	0	0	9	24.7777777777778
A_HA_H1	767	9	N	0	0	9	22.4444444444444
A_HA_H1	768	9	N	0	0	9	22.2222222222222
A_HA_H1	769	9	N	0	0	9	22.1111111111111
A_HA_H1	770	9	N	0	0	9	22.2222222222222
A_HA_H1	771	9	N	0	0	9	23.6666666666667
A_HA_H1	772	9	N	0	0	9	22.4444444444444
A_HA_H1	773	9	N	0	0	8	23.25
A_HA_H1	774	9	N	0	0	9	22.6666666666667
A_HA_H1	775	8	N	1	0	8	23.125
A_HA_H1	776	9	N	0	0	9	20.4444444444444
A_HA_H1	777	9	N	0	0	9	21.1111111111111
A_HA_H1	778	9	N	0	0	9	24.3333333333333
A_HA_H1	779	9	N	0	0	9	27.1111111111111
A_HA_H1	780	9	N	0	0	9	27.2222222222222
A_HA_H1	781	9	N	0	0	9	26.5555555555556
A_HA_H1	782	9	N	0	0	9	25
A_HA_H1	783	9	N	0	0	9	24.2222222222222
A_HA_H1	784	9	N	0	0	9	23.7777777777778
A_HA_H1	785	8	N	1	0	8	25.125
A_HA_H1	786	9	N	0	0	9	23.2222222222222
A_HA_H1	787	9	N	0	0	8	25.875
A_HA_H1	788	9	N	0	0	9	25.4444444444444
A_HA_H1	789	9	N	0	0	9	23.8888888888889
A_HA_H1	790	9	N	0	0	9	28
A_HA_H1	791	9	N	0	0	9	26.8888888888889
A_HA_H1	792	9	N	0	0	8	26.125
A_HA_H1	793	9	N	0	0	9	23
A_HA_H1	794	9	N	0	0	8	27.5
A_HA_H1	795	9	N	0	0	9	26.1111111111111
A_HA_H1	796	8	N	1	0	8	25.625
A_HA_H1	797	9	N	0	0	9	23
A_HA_H1	798	9	N	0	0	8	24.125
A_HA_H1	799	8	N	1	0	8	19.75
A_HA_H1	800	8	N	1	0	8	20
A_HA_H1	801	8	N	1	0	7	19.7142857142857
A_HA_H1	802	7	N	2	0	7	24.1428571428571
A_HA_H1	803	9	N	0	0	9	20.2222222222222
A_HA_H1	804	9	N	0	0	8	17.625
A_HA_H1	805	9	N	0	0	9	21.3333333333333
A_HA_H1	806	8	N	1	0	8	23.5
A_HA_H1	807	9	N	0	0	8	20.375
A_HA_H1	808	8	N	1	0	8	21.375
A_HA_H1	809	8	N	1	0	8	23.5
A_HA_H1	810	9	N	0	0	9	22.2222222222222
A_HA_H1	811	9	N	0	0	8	23.875
A_HA_H1	812	9	N	0	0	9	21.4444444444444
A_HA_H1	813	9	N	0	0	8	32.75
A_HA_H1	814	9	N	0	0	9	21.2222222222222
A_HA_H1	815	8	N	1	0	8	20
A_HA_H1	816	9	N	0	0	9	20.1111111111111
A_HA_H1	817	9	N	0	0	9	21.8888888888889
A_HA_H1	818	9	N	0	0	9	23
A_HA_H1	819	9	N	0	0	9	23.5555555555556
A_HA_H1	820	9	N	0	0	9	21.1111111111111
A_HA_H1	821	9	N	0	0	9	21.2222222222222
A_HA_H1	822	6	N	3	0	6	21.8333333333333
A_HA_H1	823	9	N	0	0	9	21.4444444444444
A_HA_H1	824	9	N	0	0	9	21.7777777777778
A_HA_H1	825	9	N	0	0	9	23.3333333333333
A_HA_H1	826	9	N	0	0	9	23.3333333333333
A_HA_H1	827	9	N	0	0	9	23.8888888888889
A_HA_H1	828	9	N	0	0	9	24.8888888888889
A_HA_H1	829	9	N	0	0	9	23.6666666666667
A_HA_H1	830	9	N	0	0	9	22
A_HA_H1	831	9	N	0	0	9	23.1111111111111
A_HA_H1	832	9	N	0	0	9	24
A_HA_H1	833	7	N	2	0	7	24
A_HA_H1	834	9	N	0	0	9	24.5555555555556
A_HA_H1	835	9	N	0	0	9	24.7777777777778
A_HA_H1	836	9	N	0	0	9	24.8888888888889
A_HA_H1	837	9	N	0	0	9	26
A_HA_H1	838	9	N	0	0	9	26.2222222222222
A_HA_H1	839	9	N	0	0	9	26.5555555555556
A_HA_H1	840	9	N	0	0	8	25.5
A_HA_H1	841	9	N	0	0	6	26.8333333333333
A_HA_H1	842	9	N	0	0	9	24.8888888888889
A_HA_H1	843	8	N	1	0	8	24.375
A_HA_H1	844	9	N	0	0	8	25.125
A_HA_H1	845	9	N	0	0	8	25.875
A_HA_H1	846	9	N	0	0	8	21.875
A_HA_H1	847	9	N	0	0	8	23.625
A_HA_H1	848	9	N	0	0	9	22.6666666666667
A_HA_H1	849	9	N	0	0	9	21.2222222222222
A_HA_H1	850	9	N	0	0	9	23
A_HA_H1	851	9	N	0	0	9	21.3333333333333
A_HA_H1	852	8	N	1	0	7	21.7142857142857
A_HA_H1	853	8	N	1	0	7	18.4285714285714
A_HA_H1	854	8	N	1	0	6	19.5
A_HA_H1	855	9	N	0	0	9	23.5555555555556
A_HA_H1	856	9	N	0	0	8	23.125
A_HA_H1	857	9	N	0	0	8	26.5
A_HA_H1	858	9	N	0	0	9	22.6666666666667
A_HA_H1	859	8	N	1	0	8	20.875
A_HA_H1	860	8	N	1	0	7	23.1428571428571
A_HA_H1	861	9	N	0	0	9	18.4444444444444
A_HA_H1	862	9	N	0	0	9	17.3333333333333
A_HA_H1	863	9	N	0	0	9	17
A_HA_H1	864	9	N	0	0	9	17.7777777777778
A_HA_H1	865	9	N	0	0	9	18.2222222222222
A_HA_H1	866	9	N	0	0	9	18.6666666666667
A_HA_H1	867	9	N	0	0	9	17.7777777777778
A_HA_H1	868	9	N	0	0	9	20.7777777777778
A_HA_H1	869	8	N	1	0	7	21.8571428571429
A_HA_H1	870	9	N	0	0	9	22.2222222222222
A_HA_H1	871	9	N	0	0	9	25.8888888888889
A_HA_H1	872	9	N	0	0	8	24.25
A_HA_H1	873	9	N	0	0	8	22.75
A_HA_H1	874	9	N	0	0	8	22.75
A_HA_H1	875	9	N	0	0	9	23.4444444444444
A_HA_H1	876	9	N	0	0	9	22.1111111111111
A_HA_H1	877	9	N	0	0	6	19
A_HA_H1	878	9	N	0	0	9	21.8888888888889
A_HA_H1	879	9	N	0	0	9	23.8888888888889
A_HA_H1	880	9	N	0	0	9	26.6666666666667
A_HA_H1	881	9	N	0	0	9	24.8888888888889
A_HA_H1	882	9	N	0	0	9	25.6666666666667
A_HA_H1	883	9	N	0	0	9	22.8888888888889
A_HA_H1	884	9	N	0	0	9	23.8888888888889
A_HA_H1	885	9	N	0	0	9	24
A_HA_H1	886	9	N	0	0	9	25.2222222222222
A_HA_H1	887	9	N	0	0	8	24.5
A_HA_H1	888	9	N	0	0	9	22.5555555555556
A_HA_H1	889	9	N	0	0	8	22.375
A_HA_H1	890	9	N	0	0	9	22.8888888888889
A_HA_H1	891	8	N	1	0	8	31.875
A_HA_H1	892	9	N	0	0	9	24.7777777777778
A_HA_H1	893	9	N	0	0	8	25
A_HA_H1	894	9	N	0	0	9	25.6666666666667
A_HA_H1	895	9	N	0	0	8	25.75
A_HA_H1	896	9	N	0	0	9	23.3333333333333
A_HA_H1	897	8	N	1	0	8	23.375
A_HA_H1	898	8	N	1	0	8	21.875
A_HA_H1	899	8	N	1	0	8	20.75
A_HA_H1	900	9	N	0	0	9	21.6666666666667
A_HA_H1	901	9	N	0	0	9	20.4444444444444
A_HA_H1	902	9	N	0	0	9	22.5555555555556
A_HA_H1	903	9	N	0	0	9	25.2222222222222
A_HA_H1	904	8	N	1	0	8	23.5
A_HA_H1	905	8	N	1	0	8	24
A_HA_H1	906	8	N	1	0	8	23.875
A_HA_H1	907	8	N	1	0	8	24.125
A_HA_H1	908	9	N	0	0	8	25.75
A_HA_H1	909	9	N	0	0	8	24.875
A_HA_H1	910	9	N	0	0	9	20.6666666666667
A_HA_H1	911	9	N	0	0	8	20.875
A_HA_H1	912	9	N	0	0	8	20.5
A_HA_H1	913	9	N	0	0	8	22.25
A_HA_H1	914	9	N	0	0	9	20.1111111111111
A_HA_H1	915	8	N	1	0	7	29.7142857142857
A_HA_H1	916	9	N	0	0	9	17.1111111111111
A_HA_H1	917	9	N	0	0	8	13.875
A_HA_H1	918	9	N	0	0	9	17.5555555555556
A_HA_H1	919	8	N	1	0	8	22.625
A_HA_H1	920	9	N	0	0	9	23.7777777777778
A_HA_H1	921	9	N	0	0	9	24
A_HA_H1	922	9	N	0	0	9	22.1111111111111
A_HA_H1	923	9	N	0	0	9	24.4444444444444
A_HA_H1	924	9	N	0	0	9	24.5555555555556
A_HA_H1	925	9	N	0	0	9	23.4444444444444
A_HA_H1	926	9	N	0	0	9	23.1111111111111
A_HA_H1	927	9	N	0	0	9	23.1111111111111
A_HA_H1	928	9	N	0	0	9	21.2222222222222
A_HA_H1	929	9	N	0	0	9	24
A_HA_H1	930	9	N	0	0	9	22.3333333333333
A_HA_H1	931	9	N	0	0	9	24.6666666666667
A_HA_H1	932	9	N	0	0	9	24.7777777777778
A_HA_H1	933	8	N	1	0	8	26.125
A_HA_H1	934	8	N	1	0	7	22.7142857142857
A_HA_H1	935	8	N	1	0	8	20.375
A_HA_H1	936	9	N	0	0	9	20.5555555555556
A_HA_H1	937	9	N	0	0	9	19.6666666666667
A_HA_H1	938	9	N	0	0	9	21.1111111111111
A_HA_H1	939	9	N	0	0	9	22.6666666666667
A_HA_H1	940	9	N	0	0	9	19.7777777777778
A_HA_H1	941	9	N	0	0	9	19.6666666666667
A_HA_H1	942	9	N	0	0	8	20.5
A_HA_H1	943	9	N	0	0	8	22.75
A_HA_H1	944	8	N	1	0	8	23.25
A_HA_H1	945	9	N	0	0	9	22.4444444444444
A_HA_H1	946	9	N	0	0	9	20.2222222222222
A_HA_H1	947	9	N	0	0	9	20.3333333333333
A_HA_H1	948	9	N	0	0	9	21.5555555555556
A_HA_H1	949	9	N	0	0	9	22
A_HA_H1	950	8	N	1	0	8	23.25
A_HA_H1	951	9	N	0	0	9	20
A_HA_H1	952	9	N	0	0	8	20.5
A_HA_H1	953	9	N	0	0	9	21.7777777777778
A_HA_H1	954	9	N	0	0	9	23.3333333333333
A_HA_H1	955	9	N	0	0	9	24.3333333333333
A_HA_H1	956	9	N	0	0	9	23.7777777777778
A_HA_H1	957	9	N	0	0	9	24.8888888888889
A_HA_H1	958	9	N	0	0	9	25.8888888888889
A_HA_H1	959	8	N	1	0	8	24.625
A_HA_H1	960	9	N	0	0	9	23.5555555555556
A_HA_H1	961	9	N	0	0	9	22.8888888888889
A_HA_H1	962	9	N	0	0	9	20.3333333333333
A_HA_H1	963	9	N	0	0	9	23.7777777777778
A_HA_H1	964	9	N	0	0	9	22.7777777777778
A_HA_H1	965	9	N	0	0	9	21.6666666666667
A_HA_H1	966	9	N	0	0	9	24.5555555555556
A_HA_H1	967	9	N	0	0	9	23.8888888888889
A_HA_H1	968	9	N	0	0	9	23.4444444444444
A_HA_H1	969	9	N	0	0	9	23.6666666666667
A_HA_H1	970	7	N	2	0	7	22.8571428571429
A_HA_H1	971	9	N	0	0	9	20
A_HA_H1	972	9	N	0	0	9	18.7777777777778
A_HA_H1	973	9	N	0	0	9	17.1111111111111
A_HA_H1	974	9	N	0	0	9	19.6666666666667
A_HA_H1	975	9	N	0	0	9	20.7777777777778
A_HA_H1	976	9	N	0	0	9	21.8888888888889
A_HA_H1	977	9	N	0	0	9	22.5555555555556
A_HA_H1	978	8	N	1	0	8	24.125
A_HA_H1	979	9	N	0	0	9	32.7777777777778
A_HA_H1	980	9	N	0	0	9	32.4444444444444
A_HA_H1	981	9	N	0	0	9	29.4444444444444
A_HA_H1	982	9	N	0	0	9	22.3333333333333
A_HA_H1	983	9	N	0	0	9	21
A_HA_H1	984	9	N	0	0	9	21.4444444444444
A_HA_H1	985	9	N	0	0	9	21.5555555555556
A_HA_H1	986	9	N	0	0	8	24.125
A_HA_H1	987	9	N	0	0	9	23.1111111111111
A_HA_H1	988	9	N	0	0	9	22.5555555555556
A_HA_H1	989	9	N	0	0	8	24.25
A_HA_H1	990	9	N	0	0	8	25.625
A_HA_H1	991	9	N	0	0	9	23
A_HA_H1	992	9	N	0	0	9	29.5555555555556
A_HA_H1	993	9	N	0	0	9	30.1111111111111
A_HA_H1	994	9	N	0	0	9	23.5555555555556
A_HA_H1	995	9	N	0	0	9	23.1111111111111
A_HA_H1	996	9	N	0	0	9	21.8888888888889
A_HA_H1	997	9	N	0	0	9	19.3333333333333
A_HA_H1	998	9	N	0	0	9	20.1111111111111
A_HA_H1	999	9	N	0	0	9	18.8888888888889
A_HA_H1	1000	9	N	0	0	9	17.7777777777778
A_HA_H1	1001	9	N	0	0	6	14.5
A_HA_H1	1002	8	N	1	0	8	19.75
A_HA_H1	1003	9	N	0	0	9	20.5555555555556
A_HA_H1	1004	9	N	0	0	9	18.5555555555556
A_HA_H1	1005	8	N	1	0	8	20.5
A_HA_H1	1006	9	N	0	0	9	19.7777777777778
A_HA_H1	1007	9	N	0	0	9	17
A_HA_H1	1008	9	N	0	0	9	19.4444444444444
A_HA_H1	1009	9	N	0	0	9	21.2222222222222
A_HA_H1	1010	9	N	0	0	9	21.5555555555556
A_HA_H1	1011	9	N	0	0	9	25
A_HA_H1	1012	9	N	0	0	7	25.4285714285714
A_HA_H1	1013	9	N	0	0	9	26.2222222222222
A_HA_H1	1014	9	N	0	0	9	26.3333333333333
A_HA_H1	1015	9	N	0	0	8	29.625
A_HA_H1	1016	9	N	0	0	8	24.375
A_HA_H1	1017	9	N	0	0	9	23.7777777777778
A_HA_H1	1018	9	N	0	0	9	22.2222222222222
A_HA_H1	1019	9	N	0	0	9	22.8888888888889
A_HA_H1	1020	9	N	0	0	9	23.5555555555556
A_HA_H1	1021	9	N	0	0	9	25.8888888888889
A_HA_H1	1022	9	N	0	0	9	25.7777777777778
A_HA_H1	1023	9	N	0	0	9	24
A_HA_H1	1024	9	N	0	0	9	24.5555555555556
A_HA_H1	1025	8	N	1	0	8	24
A_HA_H1	1026	9	N	0	0	9	25.5555555555556
A_HA_H1	1027	9	N	0	0	8	22.375
A_HA_H1	1028	8	N	1	0	8	19.25
A_HA_H1	1029	9	N	0	0	9	18.5555555555556
A_HA_H1	1030	9	N	0	0	9	19.7777777777778
A_HA_H1	1031	9	N	0	0	8	20.625
A_HA_H1	1032	9	N	0	0	9	21.3333333333333
A_HA_H1	1033	9	N	0	0	9	19
A_HA_H1	1034	9	N	0	0	8	17.875
A_HA_H1	1035	9	N	0	0	9	20.4444444444444
A_HA_H1	1036	9	N	0	0	9	22.2222222222222
A_HA_H1	1037	9	N	0	0	9	22.1111111111111
A_HA_H1	1038	9	N	0	0	9	24.1111111111111
A_HA_H1	1039	9	N	0	0	9	21.1111111111111
A_HA_H1	1040	9	N	0	0	9	18.3333333333333
A_HA_H1	1041	9	N	0	0	9	18.7777777777778
A_HA_H1	1042	9	N	0	0	9	21
A_HA_H1	1043	9	N	0	0	9	24.3333333333333
A_HA_H1	1044	9	N	0	0	9	23.6666666666667
A_HA_H1	1045	9	N	0	0	8	24
A_HA_H1	1046	9	N	0	0	8	23.5
A_HA_H1	1047	9	N	0	0	8	23.375
A_HA_H1	1048	9	N	0	0	9	22.1111111111111
A_HA_H1	1049	9	N	0	0	8	22.75
A_HA_H1	1050	9	N	0	0	8	23.625
A_HA_H1	1051	9	N	0	0	8	18.875
A_HA_H1	1052	9	N	0	0	7	19.7142857142857
A_HA_H1	1053	9	N	0	0	8	20.875
A_HA_H1	1054	9	N	0	0	8	18.75
A_HA_H1	1055	9	N	0	0	9	20
A_HA_H1	1056	8	N	1	0	8	20
A_HA_H1	1057	8	N	1	0	8	25.125
A_HA_H1	1058	9	N	0	0	9	20.2222222222222
A_HA_H1	1059	9	N	0	0	9	19.7777777777778
A_HA_H1	1060	9	N	0	0	9	20.4444444444444
A_HA_H1	1061	9	N	0	0	9	17.7777777777778
A_HA_H1	1062	9	N	0	0	9	17.6666666666667
A_HA_H1	1063	9	N	0	0	9	18.3333333333333
A_HA_H1	1064	3	N	6	0	3	23.6666666666667
A_HA_H1	1065	6	N	3	0	6	20.1666666666667
A_HA_H1	1066	8	N	1	0	8	20.625
A_HA_H1	1067	8	N	1	0	7	22.2857142857143
A_HA_H1	1068	9	N	0	0	9	18.5555555555556
A_HA_H1	1069	9	N	0	0	9	17
A_HA_H1	1070	9	N	0	0	9	21.3333333333333
A_HA_H1	1071	9	N	0	0	9	22.6666666666667
A_HA_H1	1072	9	N	0	0	8	18
A_HA_H1	1073	9	N	0	0	9	19.3333333333333
A_HA_H1	1074	9	N	0	0	9	21.5555555555556
A_HA_H1	1075	9	N	0	0	9	26.2222222222222
A_HA_H1	1076	6	N	3	0	6	20
A_HA_H1	1077	9	N	0	0	9	18.1111111111111
A_HA_H1	1078	9	N	0	0	7	21.8571428571429
A_HA_H1	1079	9	N	0	0	9	22.4444444444444
A_HA_H1	1080	9	N	0	0	9	21.6666666666667
A_HA_H1	1081	9	N	0	0	9	20.6666666666667
A_HA_H1	1082	9	N	0	0	8	23.5
A_HA_H1	1083	9	N	0	0	7	23.2857142857143
A_HA_H1	1084	9	N	0	0	8	24.125
A_HA_H1	1085	9	N	0	0	9	21.8888888888889
A_HA_H1	1086	9	N	0	0	9	21.3333333333333
A_HA_H1	1087	9	N	0	0	9	21.3333333333333
A_HA_H1	1088	9	N	0	0	9	19.3333333333333
A_HA_H1	1089	9	N	0	0	9	16.7777777777778
A_HA_H1	1090	9	N	0	0	9	16.1111111111111
A_HA_H1	1091	9	N	0	0	9	18.3333333333333
A_HA_H1	1092	9	N	0	0	9	16.2222222222222
A_HA_H1	1093	9	N	0	0	8	17.625
A_HA_H1	1094	9	N	0	0	9	17.6666666666667
A_HA_H1	1095	9	N	0	0	7	22
A_HA_H1	1096	9	N	0	0	8	21.75
A_HA_H1	1097	9	N	0	0	7	22.4285714285714
A_HA_H1	1098	9	N	0	0	8	20.625
A_HA_H1	1099	9	N	0	0	9	19.2222222222222
A_HA_H1	1100	9	N	0	0	9	18
A_HA_H1	1101	9	N	0	0	9	21.1111111111111
A_HA_H1	1102	9	N	0	0	9	21.1111111111111
A_HA_H1	1103	8	N	1	0	8	20.75
A_HA_H1	1104	8	N	1	0	8	19.875
A_HA_H1	1105	8	N	1	0	8	20.375
A_HA_H1	1106	8	N	1	0	8	21.625
A_HA_H1	1107	8	N	1	0	8	19.125
A_HA_H1	1108	9	N	0	0	8	19.375
A_HA_H1	1109	9	N	0	0	9	18.5555555555556
A_HA_H1	1110	9	N	0	0	9	20.7777777777778
A_HA_H1	1111	9	N	0	0	8	25.5
A_HA_H1	1112	9	N	0	0	8	26.125
A_HA_H1	1113	9	N	0	0	9	23.1111111111111
A_HA_H1	1114	9	N	0	0	9	29.2222222222222
A_HA_H1	1115	9	N	0	0	9	22.2222222222222
A_HA_H1	1116	9	N	0	0	9	20.8888888888889
A_HA_H1	1117	9	N	0	0	8	24.125
A_HA_H1	1118	9	N	0	0	8	24.625
A_HA_H1	1119	9	N	0	0	9	20.2222222222222
A_HA_H1	1120	8	N	1	0	8	17.125
A_HA_H1	1121	9	N	0	0	8	19.5
A_HA_H1	1122	9	N	0	0	9	17.6666666666667
A_HA_H1	1123	8	N	1	0	6	18.1666666666667
A_HA_H1	1124	8	N	1	0	7	23.7142857142857
A_HA_H1	1125	8	N	1	0	8	24.25
A_HA_H1	1126	9	N	0	0	9	21.1111111111111
A_HA_H1	1127	8	N	1	0	7	23.1428571428571
A_HA_H1	1128	9	N	0	0	9	23
A_HA_H1	1129	9	N	0	0	9	23.5555555555556
A_HA_H1	1130	9	N	0	0	9	26.4444444444444
A_HA_H1	1131	9	N	0	0	9	25.6666666666667
A_HA_H1	1132	8	N	1	0	8	27.125
A_HA_H1	1133	8	N	1	0	8	23.875
A_HA_H1	1134	9	N	0	0	9	24
A_HA_H1	1135	9	N	0	0	9	22.6666666666667
A_HA_H1	1136	9	N	0	0	7	22.8571428571429
A_HA_H1	1137	9	N	0	0	8	22.375
A_HA_H1	1138	9	N	0	0	5	25
A_HA_H1	1139	9	N	0	0	9	20
A_HA_H1	1140	9	N	0	0	9	21.1111111111111
A_HA_H1	1141	9	N	0	0	9	21
A_HA_H1	1142	9	N	0	0	9	20.5555555555556
A_HA_H1	1143	8	N	1	0	8	21
A_HA_H1	1144	9	N	0	0	9	21.8888888888889
A_HA_H1	1145	9	N	0	0	9	21.7777777777778
A_HA_H1	1146	9	N	0	0	9	21.3333333333333
A_HA_H1	1147	9	N	0	0	9	21.5555555555556
A_HA_H1	1148	8	N	1	0	8	25.625
A_HA_H1	1149	9	N	0	0	9	23.7777777777778
A_HA_H1	1150	7	N	2	0	7	22.5714285714286
A_HA_H1	1151	7	N	2	0	7	24
A_HA_H1	1152	9	N	0	0	9	31.6666666666667
A_HA_H1	1153	9	N	0	0	9	31
A_HA_H1	1154	9	N	0	0	9	31.4444444444444
A_HA_H1	1155	9	N	0	0	9	25
A_HA_H1	1156	9	N	0	0	9	26
A_HA_H1	1157	9	N	0	0	9	25.1111111111111
A_HA_H1	1158	9	N	0	0	9	25
A_HA_H1	1159	9	N	0	0	9	25.2222222222222
A_HA_H1	1160	9	N	0	0	9	25.4444444444444
A_HA_H1	1161	9	N	0	0	9	23.2222222222222
A_HA_H1	1162	9	N	0	0	9	23
A_HA_H1	1163	9	N	0	0	9	24.2222222222222
A_HA_H1	1164	9	N	0	0	9	23.1111111111111
A_HA_H1	1165	9	N	0	0	9	23.5555555555556
A_HA_H1	1166	9	N	0	0	9	23
A_HA_H1	1167	9	N	0	0	9	24.2222222222222
A_HA_H1	1168	9	N	0	0	9	25.5555555555556
A_HA_H1	1169	9	N	0	0	9	25.7777777777778
A_HA_H1	1170	9	N	0	0	9	24.5555555555556
A_HA_H1	1171	9	N	0	0	9	22.4444444444444
A_HA_H1	1172	9	N	0	0	9	22.6666666666667
A_HA_H1	1173	9	N	0	0	9	24.2222222222222
A_HA_H1	1174	9	N	0	0	9	22.7777777777778
A_HA_H1	1175	9	N	0	0	8	25.375
A_HA_H1	1176	9	N	0	0	8	25
A_HA_H1	1177	9	N	0	0	8	25
A_HA_H1	1178	9	N	0	0	9	23.6666666666667
A_HA_H1	1179	9	N	0	0	9	22.6666666666667
A_HA_H1	1180	9	N	0	0	9	24.5555555555556
A_HA_H1	1181	9	N	0	0	9	32.1111111111111
A_HA_H1	1182	9	N	0	0	8	26.375
A_HA_H1	1183	9	N	0	0	9	26
A_HA_H1	1184	9	N	0	0	9	25.2222222222222
A_HA_H1	1185	9	N	0	0	9	25.2222222222222
A_HA_H1	1186	9	N	0	0	9	23.6666666666667
A_HA_H1	1187	9	N	0	0	9	26.5555555555556
A_HA_H1	1188	9	N	0	0	9	27.8888888888889
A_HA_H1	1189	9	N	0	0	9	28.4444444444444
A_HA_H1	1190	9	N	0	0	9	28.3333333333333
A_HA_H1	1191	9	N	0	0	9	29.2222222222222
A_HA_H1	1192	9	N	0	0	9	26.5555555555556
A_HA_H1	1193	9	N	0	0	8	27.25
A_HA_H1	1194	9	N	0	0	9	25.4444444444444
A_HA_H1	1195	9	N	0	0	9	24.6666666666667
A_HA_H1	1196	9	N	0	0	9	25.1111111111111
A_HA_H1	1197	9	N	0	0	9	25.1111111111111
A_HA_H1	1198	9	N	0	0	9	33.2222222222222
A_HA_H1	1199	9	N	0	0	9	32.2222222222222
A_HA_H1	1200	9	N	0	0	9	23
A_HA_H1	1201	9	N	0	0	9	20.8888888888889
A_HA_H1	1202	9	N	0	0	9	20.7777777777778
A_HA_H1	1203	9	N	0	0	8	21.25
A_HA_H1	1204	9	N	0	0	9	19.1111111111111
A_HA_H1	1205	9	N	0	0	9	19.1111111111111
A_HA_H1	1206	9	N	0	0	9	17.4444444444444
A_HA_H1	1207	9	N	0	0	9	18.2222222222222
A_HA_H1	1208	9	N	0	0	9	19.7777777777778
A_HA_H1	1209	9	N	0	0	9	20.5555555555556
A_HA_H1	1210	9	N	0	0	9	19.7777777777778
A_HA_H1	1211	9	N	0	0	9	19.1111111111111
A_HA_H1	1212	9	N	0	0	9	18.6666666666667
A_HA_H1	1213	9	N	0	0	9	18.6666666666667
A_HA_H1	1214	9	N	0	0	9	21.4444444444444
A_HA_H1	1215	9	N	0	0	9	21.6666666666667
A_HA_H1	1216	9	N	0	0	9	23
A_HA_H1	1217	9	N	0	0	8	23.875
A_HA_H1	1218	9	N	0	0	8	23
A_HA_H1	1219	8	N	1	0	7	25.5714285714286
A_HA_H1	1220	8	N	1	0	8	25.25
A_HA_H1	1221	9	N	0	0	8	24.75
A_HA_H1	1222	9	N	0	0	9	22
A_HA_H1	1223	9	N	0	0	9	22
A_HA_H1	1224	9	N	0	0	9	22.7777777777778
A_HA_H1	1225	9	N	0	0	9	21.4444444444444
A_HA_H1	1226	9	N	0	0	9	20.3333333333333
A_HA_H1	1227	9	N	0	0	9	20.8888888888889
A_HA_H1	1228	9	N	0	0	9	28.5555555555556
A_HA_H1	1229	9	N	0	0	9	21.8888888888889
A_HA_H1	1230	9	N	0	0	9	18.5555555555556
A_HA_H1	1231	9	N	0	0	9	18.7777777777778
A_HA_H1	1232	9	N	0	0	9	18
A_HA_H1	1233	9	N	0	0	9	20.8888888888889
A_HA_H1	1234	9	N	0	0	9	23.2222222222222
A_HA_H1	1235	9	N	0	0	9	26
A_HA_H1	1236	9	N	0	0	9	24.4444444444444
A_HA_H1	1237	9	N	0	0	9	25.8888888888889
A_HA_H1	1238	9	N	0	0	9	23.7777777777778
A_HA_H1	1239	9	N	0	0	9	24
A_HA_H1	1240	9	N	0	0	9	25.3333333333333
A_HA_H1	1241	9	N	0	0	9	22.6666666666667
A_HA_H1	1242	9	N	0	0	9	20.8888888888889
A_HA_H1	1243	9	N	0	0	9	21.1111111111111
A_HA_H1	1244	9	N	0	0	9	21.4444444444444
A_HA_H1	1245	9	N	0	0	9	21.8888888888889
A_HA_H1	1246	9	N	0	0	9	24.3333333333333
A_HA_H1	1247	9	N	0	0	9	23.7777777777778
A_HA_H1	1248	9	N	0	0	9	30.1111111111111
A_HA_H1	1249	9	N	0	0	9	30.4444444444444
A_HA_H1	1250	9	N	0	0	9	23.1111111111111
A_HA_H1	1251	7	N	2	0	7	24.7142857142857
A_HA_H1	1252	8	N	1	0	8	24
A_HA_H1	1253	9	N	0	0	9	26.5555555555556
A_HA_H1	1254	9	N	0	0	9	25
A_HA_H1	1255	9	N	0	0	9	20.6666666666667
A_HA_H1	1256	9	N	0	0	9	18.6666666666667
A_HA_H1	1257	9	N	0	0	9	19.5555555555556
A_HA_H1	1258	9	N	0	0	9	23.3333333333333
A_HA_H1	1259	9	N	0	0	9	24
A_HA_H1	1260	9	N	0	0	9	22.7777777777778
A_HA_H1	1261	9	N	0	0	9	20.7777777777778
A_HA_H1	1262	9	N	0	0	9	21.2222222222222
A_HA_H1	1263	9	N	0	0	9	20.6666666666667
A_HA_H1	1264	9	N	0	0	8	23.875
A_HA_H1	1265	9	N	0	0	9	28.2222222222222
A_HA_H1	1266	9	N	0	0	9	19.6666666666667
A_HA_H1	1267	9	N	0	0	9	20.1111111111111
A_HA_H1	1268	8	N	1	0	7	23.2857142857143
A_HA_H1	1269	9	N	0	0	7	23.1428571428571
A_HA_H1	1270	9	N	0	0	9	23.3333333333333
A_HA_H1	1271	9	N	0	0	9	24.8888888888889
A_HA_H1	1272	8	N	1	0	8	25.5
A_HA_H1	1273	8	N	1	0	8	27.75
A_HA_H1	1274	9	N	0	0	8	26.125
A_HA_H1	1275	9	N	0	0	9	25.2222222222222
A_HA_H1	1276	9	N	0	0	9	23.2222222222222
A_HA_H1	1277	9	N	0	0	9	22.6666666666667
A_HA_H1	1278	9	N	0	0	9	20.5555555555556
A_HA_H1	1279	9	N	0	0	9	20.4444444444444
A_HA_H1	1280	9	N	0	0	9	21.3333333333333
A_HA_H1	1281	9	N	0	0	9	21.8888888888889
A_HA_H1	1282	9	N	0	0	9	21.3333333333333
A_HA_H1	1283	9	N	0	0	9	22
A_HA_H1	1284	9	N	0	0	9	23.6666666666667
A_HA_H1	1285	9	N	0	0	9	24
A_HA_H1	1286	9	N	0	0	9	21.1111111111111
A_HA_H1	1287	9	N	0	0	9	21.8888888888889
A_HA_H1	1288	9	N	0	0	9	19.7777777777778
A_HA_H1	1289	9	N	0	0	9	20.2222222222222
A_HA_H1	1290	9	N	0	0	9	21
A_HA_H1	1291	9	N	0	0	9	20.4444444444444
A_HA_H1	1292	9	N	0	0	9	20.1111111111111
A_HA_H1	1293	9	N	0	0	9	19.8888888888889
A_HA_H1	1294	9	N	0	0	9	21.2222222222222
A_HA_H1	1295	9	N	0	0	9	18.8888888888889
A_HA_H1	1296	8	N	1	0	8	17
A_HA_H1	1297	9	N	0	0	9	18.8888888888889
A_HA_H1	1298	9	N	0	0	9	23.3333333333333
A_HA_H1	1299	9	N	0	0	9	23.4444444444444
A_HA_H1	1300	9	N	0	0	9	25
A_HA_H1	1301	9	N	0	0	6	23.3333333333333
A_HA_H1	1302	9	N	0	0	9	21.5555555555556
A_HA_H1	1303	9	N	0	0	9	21.5555555555556
A_HA_H1	1304	9	N	0	0	9	22.3333333333333
A_HA_H1	1305	8	N	1	0	8	23.75
A_HA_H1	1306	9	N	0	0	9	23.6666666666667
A_HA_H1	1307	9	N	0	0	9	24.8888888888889
A_HA_H1	1308	9	N	0	0	9	25.1111111111111
A_HA_H1	1309	9	N	0	0	9	23.4444444444444
A_HA_H1	1310	9	N	0	0	9	23.6666666666667
A_HA_H1	1311	8	N	1	0	8	22.625
A_HA_H1	1312	8	N	1	0	8	22.25
A_HA_H1	1313	7	N	2	0	7	22.5714285714286
A_HA_H1	1314	9	N	0	0	8	22.625
A_HA_H1	1315	9	N	0	0	8	21.875
A_HA_H1	1316	8	N	1	0	8	27.375
A_HA_H1	1317	8	N	1	0	8	24.125
A_HA_H1	1318	8	N	1	0	8	23.375
A_HA_H1	1319	9	N	0	0	9	20
A_HA_H1	1320	9	N	0	0	9	21.4444444444444
A_HA_H1	1321	9	N	0	0	9	21.7777777777778
A_HA_H1	1322	9	N	0	0	8	22
A_HA_H1	1323	9	N	0	0	8	23
A_HA_H1	1324	9	N	0	0	8	20.5
A_HA_H1	1325	9	N	0	0	8	18.5
A_HA_H1	1326	9	N	0	0	9	20.4444444444444
A_HA_H1	1327	9	N	0	0	5	19
A_HA_H1	1328	9	N	0	0	9	16
A_HA_H1	1329	9	N	0	0	9	16.2222222222222
A_HA_H1	1330	9	N	0	0	9	16
A_HA_H1	1331	8	N	1	0	8	19.25
A_HA_H1	1332	8	N	1	0	8	27.125
A_HA_H1	1333	8	N	1	0	8	19.5
A_HA_H1	1334	9	N	0	0	9	18.3333333333333
A_HA_H1	1335	9	N	0	0	9	19.2222222222222
A_HA_H1	1336	7	N	2	0	7	20.8571428571429
A_HA_H1	1337	8	N	1	0	8	23.875
A_HA_H1	1338	9	N	0	0	9	21.3333333333333
A_HA_H1	1339	9	N	0	0	9	21.5555555555556
A_HA_H1	1340	9	N	0	0	9	23.7777777777778
A_HA_H1	1341	9	N	0	0	9	28
A_HA_H1	1342	9	N	0	0	9	19.4444444444444
A_HA_H1	1343	9	N	0	0	9	17.3333333333333
A_HA_H1	1344	7	N	2	0	7	24.2857142857143
A_HA_H1	1345	9	N	0	0	9	15.8888888888889
A_HA_H1	1346	9	N	0	0	9	17.8888888888889
A_HA_H1	1347	9	N	0	0	9	18.4444444444444
A_HA_H1	1348	9	N	0	0	9	21
A_HA_H1	1349	9	N	0	0	9	21.5555555555556
A_HA_H1	1350	9	N	0	0	9	21.2222222222222
A_HA_H1	1351	10	N	0	0	10	23.1
A_HA_H1	1352	10	N	0	0	10	23.2
A_HA_H1	1353	10	N	0	0	10	23.4
A_HA_H1	1354	10	N	0	0	10	23.9
A_HA_H1	1355	10	N	0	0	10	22.4
A_HA_H1	1356	10	N	0	0	10	21.8
A_HA_H1	1357	10	N	0	0	10	22.8
A_HA_H1	1358	10	N	0	0	10	22.1
A_HA_H1	1359	10	N	0	0	10	21.3
A_HA_H1	1360	10	N	0	0	10	21.3
A_HA_H1	1361	10	N	0	0	10	22.6
A_HA_H1	1362	10	N	0	0	10	21
A_HA_H1	1363	10	N	0	0	10	20.6
A_HA_H1	1364	10	N	0	0	10	18.8
A_HA_H1	1365	9	N	1	0	9	18.7777777777778
A_HA_H1	1366	10	N	0	0	10	21.4
A_HA_H1	1367	10	N	0	0	9	22.6666666666667
A_HA_H1	1368	10	N	0	0	10	24.7
A_HA_H1	1369	10	N	0	0	10	23.5
A_HA_H1	1370	10	N	0	0	10	24.3
A_HA_H1	1371	10	N	0	0	10	22
A_HA_H1	1372	10	N	0	0	10	22
A_HA_H1	1373	10	N	0	0	10	19.5
A_HA_H1	1374	10	N	0	0	10	19.5
A_HA_H1	1375	10	N	0	0	10	28.2
A_HA_H1	1376	10	N	0	0	10	21.1
A_HA_H1	1377	10	N	0	0	10	22
A_HA_H1	1378	10	N	0	0	10	22.3
A_HA_H1	1379	10	N	0	0	10	23.4
A_HA_H1	1380	10	N	0	0	10	22.7
A_HA_H1	1381	10	N	0	0	10	20.6
A_HA_H1	1382	10	N	0	0	10	20
A_HA_H1	1383	10	N	0	0	10	19.5
A_HA_H1	1384	10	N	0	0	10	20.6
A_HA_H1	1385	10	N	0	0	10	21.3
A_HA_H1	1386	10	N	0	0	10	22.2
A_HA_H1	1387	10	N	0	0	10	22.9
A_HA_H1	1388	10	N	0	0	10	24.9
A_HA_H1	1389	10	N	0	0	10	24.1
A_HA_H1	1390	10	N	0	0	10	22.7
A_HA_H1	1391	10	N	0	0	10	22.8
A_HA_H1	1392	10	N	0	0	10	22.6
A_HA_H1	1393	10	N	0	0	10	22.5
A_HA_H1	1394	10	N	0	0	10	22.7
A_HA_H1	1395	10	N	0	0	10	22.2
A_HA_H1	1396	10	N	0	0	10	20.3
A_HA_H1	1397	10	N	0	0	10	18.5
A_HA_H1	1398	10	N	0	0	10	17.3
A_HA_H1	1399	10	N	0	0	10	17.9
A_HA_H1	1400	10	N	0	0	10	17.9
A_HA_H1	1401	10	N	0	0	10	19.1
A_HA_H1	1402	10	N	0	0	10	16.8
A_HA_H1	1403	10	N	0	0	10	14.4
A_HA_H1	1404	10	N	0	0	10	14.3
A_HA_H1	1405	10	N	0	0	10	16.7
A_HA_H1	1406	10	N	0	0	10	17.1
A_HA_H1	1407	10	N	0	0	10	17.1
A_HA_H1	1408	7	N	3	0	7	18.7142857142857
A_HA_H1	1409	10	N	0	0	10	16.4
A_HA_H1	1410	10	N	0	0	10	17.4
A_HA_H1	1411	10	N	0	0	10	18.8
A_HA_H1	1412	10	N	0	0	10	19.9
A_HA_H1	1413	10	N	0	0	10	17.4
A_HA_H1	1414	10	N	0	0	10	16.8
A_HA_H1	1415	10	N	0	0	10	16.7
A_HA_H1	1416	10	N	0	0	10	17.3
A_HA_H1	1417	10	N	0	0	10	17.3
A_HA_H1	1418	10	N	0	0	10	18.6
A_HA_H1	1419	10	N	0	0	10	21
A_HA_H1	1420	10	N	0	0	10	21.7
A_HA_H1	1421	10	N	0	0	10	21.9
A_HA_H1	1422	10	N	0	0	10	23.2
A_HA_H1	1423	10	N	0	0	10	23.9
A_HA_H1	1424	10	N	0	0	10	20.6
A_HA_H1	1425	10	N	0	0	10	20.7
A_HA_H1	1426	10	N	0	0	10	23.5
A_HA_H1	1427	10	N	0	0	10	23.8
A_HA_H1	1428	10	N	0	0	10	22.9
A_HA_H1	1429	10	N	0	0	10	19.5
A_HA_H1	1430	8	N	2	0	8	20.375
A_HA_H1	1431	10	N	0	0	10	17.2
A_HA_H1	1432	10	N	0	0	10	16.3
A_HA_H1	1433	10	N	0	0	10	18.8
A_HA_H1	1434	10	N	0	0	10	22.1
A_HA_H1	1435	10	N	0	0	10	20.8
A_HA_H1	1436	10	N	0	0	10	19.3
A_HA_H1	1437	10	N	0	0	10	17.6
A_HA_H1	1438	10	N	0	0	10	18.3
A_HA_H1	1439	10	N	0	0	10	19
A_HA_H1	1440	10	N	0	0	10	22.5
A_HA_H1	1441	10	N	0	0	10	21
A_HA_H1	1442	9	N	1	0	9	21
A_HA_H1	1443	10	N	0	0	10	20.6
A_HA_H1	1444	10	N	0	0	10	22
A_HA_H1	1445	10	N	0	0	10	21
A_HA_H1	1446	10	N	0	0	10	19.9
A_HA_H1	1447	10	N	0	0	10	19.3
A_HA_H1	1448	9	N	1	0	9	19.2222222222222
A_HA_H1	1449	10	N	0	0	10	19.4
A_HA_H1	1450	10	N	0	0	10	19.9
A_HA_H1	1451	10	N	0	0	10	21.7
A_HA_H1	1452	10	N	0	0	10	20.8
A_HA_H1	1453	10	N	0	0	10	22.7
A_HA_H1	1454	10	N	0	0	10	21.3
A_HA_H1	1455	10	N	0	0	9	20.2222222222222
A_HA_H1	1456	10	N	0	0	9	20.3333333333333
A_HA_H1	1457	10	N	0	0	9	19.2222222222222
A_HA_H1	1458	10	N	0	0	10	20
A_HA_H1	1459	10	N	0	0	10	25.2
A_HA_H1	1460	10	N	0	0	10	19.5
A_HA_H1	1461	10	N	0	0	10	19.9
A_HA_H1	1462	10	N	0	0	10	18.7
A_HA_H1	1463	10	N	0	0	9	19.7777777777778
A_HA_H1	1464	10	N	0	0	10	18
A_HA_H1	1465	10	N	0	0	10	18
A_HA_H1	1466	10	N	0	0	10	18.6
A_HA_H1	1467	10	N	0	0	10	20.6
A_HA_H1	1468	10	N	0	0	10	20.5
A_HA_H1	1469	10	N	0	0	9	21.7777777777778
A_HA_H1	1470	10	N	0	0	10	19.7
A_HA_H1	1471	9	N	1	0	9	28.4444444444444
A_HA_H1	1472	9	N	1	0	9	20.4444444444444
A_HA_H1	1473	9	N	1	0	9	22.2222222222222
A_HA_H1	1474	9	N	1	0	9	19.7777777777778
A_HA_H1	1475	9	N	1	0	9	20.5555555555556
A_HA_H1	1476	10	N	0	0	10	19.6
A_HA_H1	1477	9	N	1	0	9	16.8888888888889
A_HA_H1	1478	10	N	0	0	10	16.7
A_HA_H1	1479	10	N	0	0	10	26.7
A_HA_H1	1480	10	N	0	0	10	20
A_HA_H1	1481	10	N	0	0	9	21
A_HA_H1	1482	10	N	0	0	10	20.6
A_HA_H1	1483	10	N	0	0	10	20.3
A_HA_H1	1484	10	N	0	0	10	21.2
A_HA_H1	1485	10	N	0	0	10	20
A_HA_H1	1486	10	N	0	0	10	20.4
A_HA_H1	1487	10	N	0	0	10	20.5
A_HA_H1	1488	10	N	0	0	10	23.9
A_HA_H1	1489	10	N	0	0	10	25.2
A_HA_H1	1490	10	N	0	0	10	27
A_HA_H1	1491	10	N	0	0	10	28
A_HA_H1	1492	10	N	0	0	10	27.1
A_HA_H1	1493	9	N	1	0	9	26
A_HA_H1	1494	10	N	0	0	10	25.3
A_HA_H1	1495	10	N	0	0	10	25
A_HA_H1	1496	10	N	0	0	10	31.5
A_HA_H1	1497	10	N	0	0	10	25
A_HA_H1	1498	10	N	0	0	10	26.1
A_HA_H1	1499	10	N	0	0	10	25.7
A_HA_H1	1500	10	N	0	0	10	26
A_HA_H1	1501	10	N	0	0	9	31.5555555555556
A_HA_H1	1502	10	N	0	0	9	30.5555555555556
A_HA_H1	1503	10	N	0	0	10	30.7
A_HA_H1	1504	10	N	0	0	10	29.8
A_HA_H1	1505	10	N	0	0	10	29
A_HA_H1	1506	10	N	0	0	10	24.2
A_HA_H1	1507	10	N	0	0	10	24.9
A_HA_H1	1508	10	N	0	0	10	24.8
A_HA_H1	1509	10	N	0	0	10	22.8
A_HA_H1	1510	9	N	1	0	8	23.125
A_HA_H1	1511	10	N	0	0	10	23
A_HA_H1	1512	10	N	0	0	10	22.6
A_HA_H1	1513	10	N	0	0	10	23.8
A_HA_H1	1514	10	N	0	0	10	24.7
A_HA_H1	1515	10	N	0	0	10	23.8
A_HA_H1	1516	10	N	0	0	10	23.3
A_HA_H1	1517	9	N	1	0	9	23.1111111111111
A_HA_H1	1518	10	N	0	0	10	25
A_HA_H1	1519	10	N	0	0	10	23.1
A_HA_H1	1520	10	N	0	0	10	21.9
A_HA_H1	1521	10	N	0	0	10	20.5
A_HA_H1	1522	10	N	0	0	10	21.3
A_HA_H1	1523	9	N	1	0	9	19.8888888888889
A_HA_H1	1524	9	N	1	0	8	26.5
A_HA_H1	1525	10	N	0	0	10	18.4
A_HA_H1	1526	10	N	0	0	10	18.7
A_HA_H1	1527	10	N	0	0	10	18.1
A_HA_H1	1528	8	N	2	0	8	28.75
A_HA_H1	1529	10	N	0	0	10	26.5
A_HA_H1	1530	10	N	0	0	10	27.6
A_HA_H1	1531	10	N	0	0	9	21.5555555555556
A_HA_H1	1532	10	N	0	0	10	28.4
A_HA_H1	1533	10	N	0	0	10	27.5
A_HA_H1	1534	10	N	0	0	10	21.2
A_HA_H1	1535	10	N	0	0	10	20.4
A_HA_H1	1536	10	N	0	0	10	18.6
A_HA_H1	1537	10	N	0	0	10	18
A_HA_H1	1538	10	N	0	0	10	15.9
A_HA_H1	1539	10	N	0	0	10	21.6
A_HA_H1	1540	10	N	0	0	10	23
A_HA_H1	1541	9	N	1	0	9	23.5555555555556
A_HA_H1	1542	6	N	4	0	6	40.3333333333333
A_HA_H1	1543	9	N	1	0	9	18.2222222222222
A_HA_H1	1544	10	N	0	0	10	18.6
A_HA_H1	1545	10	N	0	0	10	23.1
A_HA_H1	1546	10	N	0	0	10	22.2
A_HA_H1	1547	10	N	0	0	10	23.2
A_HA_H1	1548	10	N	0	0	9	22.6666666666667
A_HA_H1	1549	10	N	0	0	10	20.8
A_HA_H1	1550	10	N	0	0	9	21.4444444444444
A_HA_H1	1551	10	N	0	0	9	20.4444444444444
A_HA_H1	1552	10	N	0	0	10	19.5
A_HA_H1	1553	9	N	1	0	8	22.25
A_HA_H1	1554	10	N	0	0	10	24.1
A_HA_H1	1555	10	N	0	0	10	23.1
A_HA_H1	1556	10	N	0	0	10	29.2
A_HA_H1	1557	9	N	1	0	9	19.6666666666667
A_HA_H1	1558	9	N	1	0	9	19.7777777777778
A_HA_H1	1559	10	N	0	0	9	23.1111111111111
A_HA_H1	1560	10	N	0	0	10	21.6
A_HA_H1	1561	10	N	0	0	10	23.4
A_HA_H1	1562	10	N	0	0	10	22.7
A_HA_H1	1563	10	N	0	0	10	28.6
A_HA_H1	1564	10	N	0	0	10	29.2
A_HA_H1	1565	10	N	0	0	10	30.4
A_HA_H1	1566	10	N	0	0	10	29.1
A_HA_H1	1567	10	N	0	0	10	23.4
A_HA_H1	1568	10	N	0	0	10	22.4
A_HA_H1	1569	10	N	0	0	10	21.4
A_HA_H1	1570	10	N	0	0	10	21.3
A_HA_H1	1571	10	N	0	0	10	21.8
A_HA_H1	1572	10	N	0	0	10	22.5
A_HA_H1	1573	10	N	0	0	10	20.9
A_HA_H1	1574	10	N	0	0	10	27.2
A_HA_H1	1575	10	N	0	0	10	26.7
A_HA_H1	1576	10	N	0	0	10	33.7
A_HA_H1	1577	10	N	0	0	10	33.4
A_HA_H1	1578	10	N	0	0	10	21.9
A_HA_H1	1579	9	N	1	0	8	21.375
A_HA_H1	1580	9	N	1	0	9	20.5555555555556
A_HA_H1	1581	9	N	1	0	9	20
A_HA_H1	1582	9	N	1	0	9	17.2222222222222
A_HA_H1	1583	10	N	0	0	10	18.4
A_HA_H1	1584	10	N	0	0	10	17.8
A_HA_H1	1585	9	N	1	0	8	17.625
A_HA_H1	1586	10	N	0	0	10	15.5
A_HA_H1	1587	10	N	0	0	9	15.4444444444444
A_HA_H1	1588	10	N	0	0	10	15.4
A_HA_H1	1589	10	N	0	0	10	15.3
A_HA_H1	1590	10	N	0	0	10	16.5
A_HA_H1	1591	9	N	1	0	9	18.1111111111111
A_HA_H1	1592	10	N	0	0	10	17.7
A_HA_H1	1593	10	N	0	0	10	17.2
A_HA_H1	1594	9	N	1	0	9	18.1111111111111
A_HA_H1	1595	10	N	0	0	10	18.3
A_HA_H1	1596	9	N	1	0	8	18.125
A_HA_H1	1597	9	N	1	0	9	18.5555555555556
A_HA_H1	1598	10	N	0	0	9	17.8888888888889
A_HA_H1	1599	10	N	0	0	9	17.7777777777778
A_HA_H1	1600	10	N	0	0	10	18.8
A_HA_H1	1601	10	N	0	0	10	20.1
A_HA_H1	1602	10	N	0	0	10	18.3
A_HA_H1	1603	10	N	0	0	10	17.8
A_HA_H1	1604	10	N	0	0	10	16.7
A_HA_H1	1605	10	N	0	0	10	16.1
A_HA_H1	1606	9	N	1	0	9	16.2222222222222
A_HA_H1	1607	9	N	1	0	9	15.7777777777778
A_HA_H1	1608	10	N	0	0	10	18.5
A_HA_H1	1609	10	N	0	0	10	19.5
A_HA_H1	1610	10	N	0	0	10	19.2
A_HA_H1	1611	10	N	0	0	10	22.3
A_HA_H1	1612	10	N	0	0	10	23
A_HA_H1	1613	10	N	0	0	10	23.4
A_HA_H1	1614	10	N	0	0	10	23.7
A_HA_H1	1615	10	N	0	0	10	22.1
A_HA_H1	1616	10	N	0	0	10	23.1
A_HA_H1	1617	10	N	0	0	10	21.8
A_HA_H1	1618	10	N	0	0	10	27.8
A_HA_H1	1619	10	N	0	0	8	29.875
A_HA_H1	1620	10	N	0	0	9	28.2222222222222
A_HA_H1	1621	9	N	1	0	9	28
A_HA_H1	1622	10	N	0	0	10	21.9
A_HA_H1	1623	10	N	0	0	9	22
A_HA_H1	1624	10	N	0	0	7	20.2857142857143
A_HA_H1	1625	10	N	0	0	10	24.7
A_HA_H1	1626	10	N	0	0	10	23.6
A_HA_H1	1627	10	N	0	0	10	22.1
A_HA_H1	1628	10	N	0	0	10	22.5
A_HA_H1	1629	10	N	0	0	10	23.7
A_HA_H1	1630	10	N	0	0	10	23.6
A_HA_H1	1631	10	N	0	0	10	22.4
A_HA_H1	1632	9	N	1	0	9	24.5555555555556
A_HA_H1	1633	10	N	0	0	10	23.5
A_HA_H1	1634	10	N	0	0	9	22.7777777777778
A_HA_H1	1635	10	N	0	0	10	23.4
A_HA_H1	1636	10	N	0	0	10	22.2
A_HA_H1	1637	10	N	0	0	10	19.1
A_HA_H1	1638	10	N	0	0	10	20.5
A_HA_H1	1639	7	N	3	0	7	17.1428571428571
A_HA_H1	1640	10	N	0	0	10	18.7
A_HA_H1	1641	9	N	1	0	9	20
A_HA_H1	1642	9	N	1	0	9	21.3333333333333
A_HA_H1	1643	9	N	1	0	9	18.5555555555556
A_HA_H1	1644	9	N	1	0	9	18.7777777777778
A_HA_H1	1645	10	N	0	0	10	19.9
A_HA_H1	1646	10	N	0	0	9	24
A_HA_H1	1647	10	N	0	0	10	23.8
A_HA_H1	1648	10	N	0	0	10	35
A_HA_H1	1649	10	N	0	0	10	25.4
A_HA_H1	1650	10	N	0	0	10	25.2
A_HA_H1	1651	10	N	0	0	10	25.3
A_HA_H1	1652	10	N	0	0	10	19.1
A_HA_H1	1653	10	N	0	0	10	18.7
A_HA_H1	1654	9	N	1	0	9	15.5555555555556
A_HA_H1	1655	8	N	2	0	7	17.8571428571429
A_HA_H1	1656	9	N	1	0	9	16.6666666666667
A_HA_H1	1657	10	N	0	0	10	18.1
A_HA_H1	1658	10	N	0	0	10	18.7
A_HA_H1	1659	10	N	0	0	10	19.5
A_HA_H1	1660	10	N	0	0	9	19.5555555555556
A_HA_H1	1661	10	N	0	0	9	19.2222222222222
A_HA_H1	1662	10	N	0	0	10	19.5
A_HA_H1	1663	10	N	0	0	10	26.8
A_HA_H1	1664	10	N	0	0	10	26.7
A_HA_H1	1665	10	N	0	0	10	26.1
A_HA_H1	1666	9	N	1	0	9	19.2222222222222
A_HA_H1	1667	10	N	0	0	10	17.5
A_HA_H1	1668	10	N	0	0	10	17.7
A_HA_H1	1669	10	N	0	0	10	16.7
A_HA_H1	1670	10	N	0	0	10	16.5
A_HA_H1	1671	10	N	0	0	10	15.9
A_HA_H1	1672	10	N	0	0	10	14.4
A_HA_H1	1673	9	N	1	0	9	15
A_HA_H1	1674	10	N	0	0	9	14.8888888888889
A_HA_H1	1675	10	N	0	0	9	15.2222222222222
A_HA_H1	1676	10	N	0	0	10	24.3
A_HA_H1	1677	10	N	0	0	10	25.5
A_HA_H1	1678	10	N	0	0	10	21.1
A_HA_H1	1679	10	N	0	0	10	21.9
A_HA_H1	1680	10	N	0	0	10	22.9
A_HA_H1	1681	9	N	1	0	9	23.7777777777778
A_HA_H1	1682	9	N	1	0	9	25.5555555555556
A_HA_H1	1683	10	N	0	0	10	22.7
A_HA_H1	1684	10	N	0	0	10	20.1
A_HA_H1	1685	10	N	0	0	10	17.8
A_HA_H1	1686	10	N	0	0	10	16.4
A_HA_H1	1687	10	N	0	0	10	22.5
A_HA_H1	1688	10	N	0	0	10	16
A_HA_H1	1689	10	N	0	0	9	16.6666666666667
A_HA_H1	1690	10	N	0	0	10	17.6
A_HA_H1	1691	10	N	0	0	10	17.8
A_HA_H1	1692	10	N	0	0	10	16.2
A_HA_H1	1693	10	N	0	0	10	16.1
A_HA_H1	1694	10	N	0	0	10	17.3
A_HA_H1	1695	10	N	0	0	10	19
A_HA_H1	1696	10	N	0	0	10	19.3
A_HA_H1	1697	10	N	0	0	10	18.8
A_HA_H1	1698	9	N	0	0	9	21.3333333333333
A_HA_H1	1699	9	N	0	0	9	20.1111111111111
