Reference_Name	Position	Coverage Depth	Consensus	Deletions	Ambiguous	Consensus_Count	Consensus_Average_Quality
A_MP	1	27	N	0	0	27	23.5925925925926
A_MP	2	27	N	0	0	27	24.5555555555556
A_MP	3	28	N	0	0	28	22.75
A_MP	4	28	N	0	0	28	22.2142857142857
A_MP	5	29	N	0	0	29	23.2413793103448
A_MP	6	29	N	0	0	17	19
A_MP	7	29	N	0	0	29	21.9310344827586
A_MP	8	28	N	1	0	27	23
A_MP	9	29	N	0	0	29	23.9310344827586
A_MP	10	28	N	1	0	26	23.8076923076923
A_MP	11	27	N	2	0	25	21.96
A_MP	12	28	N	1	0	21	20.5714285714286
A_MP	13	28	N	1	0	27	21.6296296296296
A_MP	14	28	N	1	0	28	21.9285714285714
A_MP	15	28	N	1	0	26	19.6153846153846
A_MP	16	28	N	1	0	28	19.75
A_MP	17	29	N	0	0	28	22.2857142857143
A_MP	18	29	N	0	0	29	23.2068965517241
A_MP	19	29	N	0	0	29	19.551724137931
A_MP	20	29	N	0	0	29	19.0689655172414
A_MP	21	30	N	0	0	30	20.3666666666667
A_MP	22	30	N	0	0	30	19.1333333333333
A_MP	23	29	N	1	0	29	18.2068965517241
A_MP	24	30	N	0	0	30	19.0666666666667
A_MP	25	30	N	0	0	30	21.5333333333333
A_MP	26	30	N	0	0	30	21.4
A_MP	27	30	N	0	0	29	20.2758620689655
A_MP	28	30	N	0	0	28	20.3214285714286
A_MP	29	30	N	0	0	29	19.9310344827586
A_MP	30	30	N	0	0	21	20.2380952380952
A_MP	31	30	N	0	0	30	23.8
A_MP	32	29	N	1	0	29	21.1034482758621
A_MP	33	29	N	1	0	29	22.4827586206897
A_MP	34	30	N	1	0	30	22.2666666666667
A_MP	35	30	N	1	0	30	23.6333333333333
A_MP	36	31	N	0	0	22	24.6363636363636
A_MP	37	32	N	0	0	32	25.125
A_MP	38	31	N	1	0	31	24.3870967741935
A_MP	39	30	N	2	0	30	23.8666666666667
A_MP	40	32	N	0	0	32	21.4375
A_MP	41	31	N	1	0	31	21.0967741935484
A_MP	42	31	N	1	0	30	20.4333333333333
A_MP	43	32	N	0	0	24	20.875
A_MP	44	32	N	0	0	31	19.9032258064516
A_MP	45	31	N	1	0	18	19.5
A_MP	46	31	N	1	0	31	20.7096774193548
A_MP	47	31	N	1	0	30	20.9333333333333
A_MP	48	31	N	1	0	22	21
A_MP	49	31	N	1	0	31	21.0322580645161
A_MP	50	32	N	0	0	31	20.5161290322581
A_MP	51	32	N	0	0	32	18.96875
A_MP	52	32	N	0	0	32	20.125
A_MP	53	32	N	0	0	31	18.4516129032258
A_MP	54	20	N	12	0	20	17.65
A_MP	55	30	N	2	0	29	19.3103448275862
A_MP	56	32	N	0	0	32	21.5
A_MP	57	32	N	0	0	31	23.3225806451613
A_MP	58	32	N	0	0	32	23.53125
A_MP	59	31	N	1	0	31	23.258064516129
A_MP	60	31	N	1	0	31	22.5483870967742
A_MP	61	32	N	0	0	32	20.25
A_MP	62	32	N	0	0	32	18.96875
A_MP	63	32	N	0	0	32	20.78125
A_MP	64	32	N	0	0	32	20.25
A_MP	65	32	N	0	0	32	21.4375
A_MP	66	32	N	0	0	31	21.4516129032258
A_MP	67	32	N	0	0	31	20.8064516129032
A_MP	68	32	N	0	0	31	23.9677419354839
A_MP	69	32	N	0	0	32	22.59375
A_MP	70	32	N	0	0	32	19.53125
A_MP	71	31	N	1	0	31	21.258064516129
A_MP	72	30	N	2	0	30	21.6333333333333
A_MP	73	31	N	1	0	30	20.1
A_MP	74	32	N	0	0	32	20.46875
A_MP	75	32	N	0	0	22	20.9545454545455
A_MP	76	32	N	0	0	31	21.0322580645161
A_MP	77	32	N	0	0	32	21.125
A_MP	78	32	N	0	0	32	21.09375
A_MP	79	32	N	0	0	32	20.9375
A_MP	80	32	N	0	0	32	25.9375
A_MP	81	32	N	0	0	32	30.6875
A_MP	82	32	N	0	0	32	21.625
A_MP	83	31	N	1	0	30	22.5333333333333
A_MP	84	29	N	3	0	20	23.3
A_MP	85	32	N	0	0	32	21.0625
A_MP	86	32	N	0	0	32	20.125
A_MP	87	32	N	0	0	32	19.8125
A_MP	88	32	N	0	0	23	20.2608695652174
A_MP	89	32	N	0	0	21	20.4761904761905
A_MP	90	32	N	0	0	30	21.3333333333333
A_MP	91	32	N	0	0	32	23.21875
A_MP	92	32	N	0	0	31	22.3870967741935
A_MP	93	32	N	0	0	31	23.0322580645161
A_MP	94	28	N	4	0	27	22.8518518518519
A_MP	95	29	N	3	0	29	22.5862068965517
A_MP	96	31	N	1	0	31	24.7096774193548
A_MP	97	31	N	1	0	31	23.0645161290323
A_MP	98	32	N	0	0	32	23.3125
A_MP	99	31	N	1	0	22	22.8181818181818
A_MP	100	31	N	1	0	30	20.8333333333333
A_MP	101	29	N	3	0	29	19.3448275862069
A_MP	102	29	N	3	0	20	18.4
A_MP	103	31	N	1	0	31	20.4516129032258
A_MP	104	32	N	0	0	31	20.8387096774194
A_MP	105	31	N	1	0	24	20.2083333333333
A_MP	106	32	N	0	0	30	21.3666666666667
A_MP	107	32	N	0	0	32	21.875
A_MP	108	32	N	0	0	32	22.375
A_MP	109	32	N	0	0	32	21.9375
A_MP	110	32	N	0	0	31	25.3225806451613
A_MP	111	32	N	0	0	31	21.9354838709677
A_MP	112	31	N	1	0	30	20.2333333333333
A_MP	113	32	N	0	0	32	20.0625
A_MP	114	32	N	0	0	31	19.9354838709677
A_MP	115	31	N	1	0	30	19.3666666666667
A_MP	116	32	N	0	0	32	21.375
A_MP	117	32	N	0	0	31	20.9677419354839
A_MP	118	32	N	0	0	32	20.875
A_MP	119	32	N	0	0	32	20
A_MP	120	32	N	0	0	32	22.15625
A_MP	121	32	N	0	0	32	22.53125
A_MP	122	32	N	0	0	31	21.1290322580645
A_MP	123	31	N	1	0	30	21.0333333333333
A_MP	124	31	N	1	0	19	22.1052631578947
A_MP	125	32	N	0	0	31	21.5483870967742
A_MP	126	32	N	0	0	31	24.9677419354839
A_MP	127	32	N	0	0	30	20.3333333333333
A_MP	128	32	N	0	0	31	19.6451612903226
A_MP	129	32	N	0	0	31	20.2258064516129
A_MP	130	32	N	0	0	31	20
A_MP	131	31	N	1	0	31	20.7741935483871
A_MP	132	32	N	0	0	32	22.65625
A_MP	133	32	N	0	0	30	23.7666666666667
A_MP	134	32	N	0	0	30	21.9666666666667
A_MP	135	32	N	0	0	30	19.9
A_MP	136	32	N	0	0	31	19.741935483871
A_MP	137	32	N	0	0	31	19.9032258064516
A_MP	138	32	N	0	0	31	21.4838709677419
A_MP	139	32	N	0	0	32	21.84375
A_MP	140	32	N	0	0	31	21.5161290322581
A_MP	141	30	N	2	0	20	20.25
A_MP	142	32	N	0	0	32	21.46875
A_MP	143	32	N	0	0	32	20.96875
A_MP	144	32	N	0	0	32	21.375
A_MP	145	32	N	0	0	32	21.5
A_MP	146	31	N	1	0	31	22.5161290322581
A_MP	147	32	N	0	0	32	24.1875
A_MP	148	31	N	1	0	30	22.1333333333333
A_MP	149	32	N	0	0	32	21.15625
A_MP	150	32	N	0	0	32	22.40625
A_MP	151	32	N	0	0	31	23.4193548387097
A_MP	152	32	N	0	0	31	25.4838709677419
A_MP	153	31	N	1	0	24	24
A_MP	154	30	N	2	0	23	21.6086956521739
A_MP	155	32	N	0	0	31	23.7096774193548
A_MP	156	32	N	0	0	32	21.9375
A_MP	157	32	N	0	0	32	21.625
A_MP	158	30	N	2	0	30	21.5
A_MP	159	30	N	2	0	29	20.0344827586207
A_MP	160	29	N	3	0	29	20.3448275862069
A_MP	161	30	N	2	0	30	20.6
A_MP	162	30	N	2	0	30	19.1666666666667
A_MP	163	32	N	0	0	22	18.7272727272727
A_MP	164	32	N	0	0	31	20.7096774193548
A_MP	165	32	N	0	0	32	20.46875
A_MP	166	32	N	0	0	32	21.8125
A_MP	167	32	N	0	0	31	21.8064516129032
A_MP	168	32	N	0	0	31	21.9032258064516
A_MP	169	31	N	1	0	31	22.0967741935484
A_MP	170	32	N	0	0	32	21.875
A_MP	171	31	N	1	0	30	19.3666666666667
A_MP	172	32	N	0	0	31	19.9677419354839
A_MP	173	31	N	1	0	30	19.3
A_MP	174	31	N	1	0	24	17.7083333333333
A_MP	175	32	N	0	0	29	20.5172413793103
A_MP	176	32	N	0	0	32	20
A_MP	177	32	N	0	0	32	20.96875
A_MP	178	33	N	0	0	33	22.8787878787879
A_MP	179	33	N	0	0	33	23.8181818181818
A_MP	180	33	N	0	0	32	22.3125
A_MP	181	30	N	3	0	29	22.2413793103448
A_MP	182	33	N	0	0	32	21.96875
A_MP	183	31	N	2	0	19	20.5263157894737
A_MP	184	33	N	0	0	32	21.15625
A_MP	185	33	N	0	0	33	21.6666666666667
A_MP	186	33	N	0	0	33	22.7272727272727
A_MP	187	33	N	0	0	31	25.0322580645161
A_MP	188	33	N	0	0	30	23.9666666666667
A_MP	189	33	N	0	0	24	24.4583333333333
A_MP	190	33	N	0	0	33	27.3636363636364
A_MP	191	33	N	0	0	33	23.6060606060606
A_MP	192	33	N	0	0	33	22.9393939393939
A_MP	193	33	N	0	0	32	22.46875
A_MP	194	33	N	0	0	33	21.7272727272727
A_MP	195	33	N	0	0	33	22.8181818181818
A_MP	196	32	N	1	0	32	24.625
A_MP	197	33	N	0	0	32	24.90625
A_MP	198	33	N	0	0	32	26.1875
A_MP	199	33	N	0	0	33	24.4545454545455
A_MP	200	33	N	0	0	33	24.6969696969697
A_MP	201	33	N	0	0	31	24.3225806451613
A_MP	202	33	N	0	0	33	22.6666666666667
A_MP	203	33	N	0	0	33	24.6363636363636
A_MP	204	33	N	0	0	33	23.3030303030303
A_MP	205	33	N	0	0	33	23.4848484848485
A_MP	206	33	N	0	0	32	24.3125
A_MP	207	33	N	0	0	32	24.65625
A_MP	208	33	N	0	0	33	24.0606060606061
A_MP	209	33	N	0	0	33	23.9393939393939
A_MP	210	33	N	0	0	33	23.1818181818182
A_MP	211	33	N	0	0	33	22.6060606060606
A_MP	212	33	N	0	0	33	22.1818181818182
A_MP	213	32	N	1	0	32	22.09375
A_MP	214	33	N	0	0	32	22.5
A_MP	215	32	N	1	0	31	20.6451612903226
A_MP	216	32	N	1	0	24	20.875
A_MP	217	31	N	2	0	31	19.2903225806452
A_MP	218	33	N	0	0	33	21.9393939393939
A_MP	219	33	N	0	0	33	23.9393939393939
A_MP	220	33	N	0	0	32	23.625
A_MP	221	33	N	0	0	30	21.9333333333333
A_MP	222	32	N	1	0	30	21.7666666666667
A_MP	223	32	N	1	0	28	21.5357142857143
A_MP	224	33	N	0	0	32	18.96875
A_MP	225	33	N	0	0	29	19.5172413793103
A_MP	226	32	N	1	0	29	19.8620689655172
A_MP	227	31	N	2	0	29	20.6551724137931
A_MP	228	32	N	1	0	29	20.1724137931034
A_MP	229	32	N	1	0	31	20.4193548387097
A_MP	230	32	N	1	0	32	20.15625
A_MP	231	32	N	1	0	32	21.59375
A_MP	232	33	N	0	0	31	20.5483870967742
A_MP	233	33	N	0	0	31	19.3870967741935
A_MP	234	33	N	0	0	32	19.46875
A_MP	235	31	N	2	0	30	19.2
A_MP	236	33	N	0	0	32	19.46875
A_MP	237	33	N	0	0	32	21.21875
A_MP	238	33	N	0	0	24	22.375
A_MP	239	32	N	1	0	32	22.65625
A_MP	240	32	N	1	0	32	22.71875
A_MP	241	32	N	1	0	31	22.3225806451613
A_MP	242	28	N	5	0	27	21.6666666666667
A_MP	243	33	N	0	0	33	22.4242424242424
A_MP	244	33	N	0	0	33	23.9393939393939
A_MP	245	33	N	0	0	33	24.8181818181818
A_MP	246	33	N	0	0	33	24.9393939393939
A_MP	247	32	N	1	0	32	23.09375
A_MP	248	31	N	2	0	30	22.5
A_MP	249	33	N	0	0	33	22.0909090909091
A_MP	250	33	N	0	0	33	20.4545454545455
A_MP	251	33	N	0	0	32	20.3125
A_MP	252	31	N	2	0	23	21.8260869565217
A_MP	253	33	N	0	0	32	20.6875
A_MP	254	33	N	0	0	31	21.1290322580645
A_MP	255	33	N	0	0	33	22.5151515151515
A_MP	256	33	N	0	0	33	21.1818181818182
A_MP	257	33	N	0	0	31	20.7096774193548
A_MP	258	32	N	1	0	23	23.6521739130435
A_MP	259	33	N	0	0	33	20.6969696969697
A_MP	260	33	N	0	0	32	20.875
A_MP	261	32	N	1	0	31	20.741935483871
A_MP	262	32	N	1	0	32	20.03125
A_MP	263	33	N	0	0	33	19.6666666666667
A_MP	264	33	N	0	0	26	18.3076923076923
A_MP	265	33	N	0	0	33	20.0909090909091
A_MP	266	32	N	1	0	32	19.9375
A_MP	267	32	N	1	0	32	20.59375
A_MP	268	33	N	0	0	32	19.8125
A_MP	269	33	N	0	0	33	19.2424242424242
A_MP	270	33	N	0	0	24	20.125
A_MP	271	33	N	0	0	33	19.8787878787879
A_MP	272	33	N	0	0	33	20.4545454545455
A_MP	273	33	N	0	0	32	22.09375
A_MP	274	33	N	0	0	33	22.7575757575758
A_MP	275	33	N	0	0	33	22.4848484848485
A_MP	276	33	N	0	0	32	20.6875
A_MP	277	33	N	0	0	33	20.7878787878788
A_MP	278	33	N	0	0	33	21.4848484848485
A_MP	279	32	N	1	0	32	21.8125
A_MP	280	33	N	0	0	33	22.2424242424242
A_MP	281	33	N	0	0	33	22.1818181818182
A_MP	282	33	N	0	0	24	22.875
A_MP	283	33	N	0	0	32	22.28125
A_MP	284	33	N	0	0	23	22.1304347826087
A_MP	285	33	N	0	0	33	21.4848484848485
A_MP	286	33	N	0	0	32	21.75
A_MP	287	33	N	0	0	33	22.8787878787879
A_MP	288	33	N	0	0	33	19.6969696969697
A_MP	289	33	N	0	0	33	18.6666666666667
A_MP	290	32	N	1	0	32	17.9375
A_MP	291	33	N	0	0	32	18
A_MP	292	33	N	0	0	32	17.65625
A_MP	293	33	N	0	0	19	16.8421052631579
A_MP	294	33	N	0	0	33	19.4545454545455
A_MP	295	33	N	0	0	32	20.53125
A_MP	296	33	N	0	0	32	19.46875
A_MP	297	33	N	0	0	24	20.5
A_MP	298	33	N	0	0	30	19.8333333333333
A_MP	299	33	N	0	0	32	20.03125
A_MP	300	33	N	0	0	24	18.75
A_MP	301	32	N	1	0	32	20.9375
A_MP	302	33	N	0	0	24	19.7083333333333
A_MP	303	33	N	0	0	33	20.9393939393939
A_MP	304	33	N	0	0	33	21.4848484848485
A_MP	305	33	N	0	0	33	25.0606060606061
A_MP	306	32	N	1	0	32	23.25
A_MP	307	32	N	1	0	32	22.84375
A_MP	308	33	N	0	0	31	22.0645161290323
A_MP	309	32	N	1	0	24	23.4166666666667
A_MP	310	31	N	2	0	30	22.3333333333333
A_MP	311	33	N	0	0	33	22.2727272727273
A_MP	312	33	N	0	0	25	22.52
A_MP	313	32	N	1	0	31	22.6774193548387
A_MP	314	32	N	1	0	32	20.6875
A_MP	315	31	N	2	0	24	21.125
A_MP	316	32	N	1	0	32	25.25
A_MP	317	33	N	0	0	33	22.2121212121212
A_MP	318	33	N	0	0	19	20.0526315789474
A_MP	319	33	N	0	0	33	21.969696969697
A_MP	320	33	N	0	0	33	22.1515151515152
A_MP	321	32	N	1	0	32	22.21875
A_MP	322	32	N	1	0	31	22.4838709677419
A_MP	323	32	N	1	0	31	22.3225806451613
A_MP	324	33	N	0	0	33	20.7575757575758
A_MP	325	33	N	0	0	33	22.6969696969697
A_MP	326	33	N	0	0	31	21.8387096774194
A_MP	327	33	N	0	0	31	21.1290322580645
A_MP	328	33	N	0	0	32	21.3125
A_MP	329	33	N	0	0	31	20.3870967741935
A_MP	330	33	N	0	0	31	21.3548387096774
A_MP	331	30	N	3	0	30	22.1
A_MP	332	31	N	2	0	30	23.5
A_MP	333	33	N	0	0	31	19.5483870967742
A_MP	334	33	N	0	0	31	20.7096774193548
A_MP	335	33	N	0	0	31	18.4516129032258
A_MP	336	33	N	0	0	32	17.875
A_MP	337	32	N	1	0	32	20.15625
A_MP	338	33	N	0	0	33	21.030303030303
A_MP	339	33	N	0	0	33	21.9090909090909
A_MP	340	31	N	2	0	30	22.2666666666667
A_MP	341	33	N	0	0	32	22.5
A_MP	342	33	N	0	0	32	21.28125
A_MP	343	33	N	0	0	22	21.0909090909091
A_MP	344	33	N	0	0	31	21.6774193548387
A_MP	345	33	N	0	0	25	22.4
A_MP	346	32	N	1	0	23	23.8260869565217
A_MP	347	32	N	1	0	32	23.90625
A_MP	348	32	N	1	0	23	24.1304347826087
A_MP	349	32	N	1	0	31	23
A_MP	350	33	N	0	0	32	26.28125
A_MP	351	32	N	1	0	24	21.4583333333333
A_MP	352	33	N	0	0	31	21.1290322580645
A_MP	353	33	N	0	0	33	19.5151515151515
A_MP	354	33	N	0	0	24	20.7916666666667
A_MP	355	33	N	0	0	32	20.25
A_MP	356	33	N	0	0	33	20.3636363636364
A_MP	357	33	N	0	0	32	21.90625
A_MP	358	33	N	0	0	33	22
A_MP	359	33	N	0	0	33	22.5151515151515
A_MP	360	33	N	0	0	24	22.7916666666667
A_MP	361	33	N	0	0	22	22.5909090909091
A_MP	362	33	N	0	0	33	19.9090909090909
A_MP	363	33	N	0	0	32	19.875
A_MP	364	33	N	0	0	33	19.7272727272727
A_MP	365	33	N	0	0	33	19.3333333333333
A_MP	366	33	N	0	0	33	19.9090909090909
A_MP	367	33	N	0	0	33	20.1818181818182
A_MP	368	33	N	0	0	33	20.5454545454545
A_MP	369	33	N	0	0	33	20.5454545454545
A_MP	370	32	N	1	0	32	19.9375
A_MP	371	33	N	0	0	33	19.969696969697
A_MP	372	33	N	0	0	32	20.46875
A_MP	373	32	N	1	0	31	20.5161290322581
A_MP	374	32	N	1	0	31	20.7096774193548
A_MP	375	32	N	1	0	22	20.1818181818182
A_MP	376	33	N	0	0	32	20.4375
A_MP	377	32	N	1	0	32	21
A_MP	378	33	N	0	0	31	21.3870967741935
A_MP	379	33	N	0	0	33	20.969696969697
A_MP	380	33	N	0	0	32	20.75
A_MP	381	33	N	0	0	33	21.3636363636364
A_MP	382	33	N	0	0	33	21.6666666666667
A_MP	383	33	N	0	0	33	22.3636363636364
A_MP	384	32	N	1	0	32	22.125
A_MP	385	33	N	0	0	32	20.46875
A_MP	386	33	N	0	0	31	20.4838709677419
A_MP	387	33	N	0	0	32	19.53125
A_MP	388	33	N	0	0	33	21.0606060606061
A_MP	389	33	N	0	0	31	19.6451612903226
A_MP	390	33	N	0	0	33	20.3636363636364
A_MP	391	33	N	0	0	32	19.59375
A_MP	392	33	N	0	0	32	19.6875
A_MP	393	33	N	0	0	33	20.0909090909091
A_MP	394	33	N	0	0	33	22.2727272727273
A_MP	395	32	N	1	0	32	20.53125
A_MP	396	32	N	1	0	32	20.3125
A_MP	397	32	N	1	0	32	19.96875
A_MP	398	33	N	0	0	33	19.5454545454545
A_MP	399	33	N	0	0	25	18.96
A_MP	400	33	N	0	0	32	20.84375
A_MP	401	31	N	2	0	29	20.1034482758621
A_MP	402	33	N	0	0	27	19.7407407407407
A_MP	403	33	N	0	0	33	20.7878787878788
A_MP	404	33	N	0	0	32	21.09375
A_MP	405	30	N	3	0	29	20.9310344827586
A_MP	406	32	N	1	0	31	20.8709677419355
A_MP	407	32	N	1	0	32	21.28125
A_MP	408	32	N	1	0	25	21.64
A_MP	409	33	N	0	0	24	21.2916666666667
A_MP	410	33	N	0	0	31	20.741935483871
A_MP	411	33	N	0	0	23	20.2608695652174
A_MP	412	33	N	0	0	33	20.9393939393939
A_MP	413	32	N	1	0	32	20.65625
A_MP	414	31	N	2	0	24	21.3333333333333
A_MP	415	33	N	0	0	33	22.5454545454545
A_MP	416	32	N	1	0	31	24.3548387096774
A_MP	417	33	N	0	0	32	21.3125
A_MP	418	33	N	0	0	32	20.8125
A_MP	419	33	N	0	0	33	21.3939393939394
A_MP	420	32	N	1	0	20	21.1
A_MP	421	33	N	0	0	33	24.9090909090909
A_MP	422	32	N	1	0	32	24.90625
A_MP	423	33	N	0	0	33	25.0909090909091
A_MP	424	33	N	0	0	33	24.5454545454545
A_MP	425	32	N	1	0	23	21.3913043478261
A_MP	426	32	N	1	0	24	21.3333333333333
A_MP	427	33	N	0	0	32	23.34375
A_MP	428	33	N	0	0	33	21.9090909090909
A_MP	429	32	N	1	0	24	22
A_MP	430	31	N	2	0	31	22.1935483870968
A_MP	431	29	N	4	0	28	22.6428571428571
A_MP	432	29	N	4	0	21	20.7142857142857
A_MP	433	32	N	1	0	32	19.46875
A_MP	434	33	N	0	0	32	20.15625
A_MP	435	33	N	0	0	24	18.125
A_MP	436	33	N	0	0	32	18.28125
A_MP	437	33	N	0	0	32	19.59375
A_MP	438	32	N	1	0	26	20.1538461538462
A_MP	439	32	N	1	0	32	20.875
A_MP	440	31	N	2	0	30	20.9
A_MP	441	32	N	1	0	24	20.5
A_MP	442	32	N	1	0	32	21.34375
A_MP	443	32	N	1	0	29	25.3448275862069
A_MP	444	32	N	1	0	32	25.71875
A_MP	445	33	N	0	0	32	22
A_MP	446	33	N	0	0	32	21.25
A_MP	447	33	N	0	0	24	21.4166666666667
A_MP	448	32	N	1	0	32	19.09375
A_MP	449	33	N	0	0	33	20.3030303030303
A_MP	450	32	N	1	0	24	21.1666666666667
A_MP	451	32	N	1	0	32	21.875
A_MP	452	33	N	0	0	32	21.25
A_MP	453	33	N	0	0	32	21.21875
A_MP	454	33	N	0	0	32	19.625
A_MP	455	33	N	0	0	32	20.5
A_MP	456	33	N	0	0	25	18.88
A_MP	457	33	N	0	0	33	20.2121212121212
A_MP	458	33	N	0	0	33	20.8484848484848
A_MP	459	32	N	1	0	32	23.78125
A_MP	460	32	N	1	0	32	23.65625
A_MP	461	33	N	0	0	33	23.969696969697
A_MP	462	33	N	0	0	33	20.6363636363636
A_MP	463	33	N	0	0	33	19.969696969697
A_MP	464	33	N	0	0	33	20.4242424242424
A_MP	465	33	N	0	0	32	21.40625
A_MP	466	33	N	0	0	33	21.3030303030303
A_MP	467	32	N	1	0	32	21.125
A_MP	468	33	N	0	0	32	23
A_MP	469	33	N	0	0	32	23.78125
A_MP	470	33	N	0	0	33	23.6060606060606
A_MP	471	32	N	1	0	25	21.32
A_MP	472	32	N	1	0	32	22.09375
A_MP	473	32	N	1	0	32	21.65625
A_MP	474	32	N	1	0	32	20.75
A_MP	475	32	N	1	0	31	23.4193548387097
A_MP	476	33	N	0	0	33	22.3030303030303
A_MP	477	33	N	0	0	25	23.28
A_MP	478	33	N	0	0	25	23.92
A_MP	479	32	N	1	0	30	22.8333333333333
A_MP	480	32	N	1	0	30	20.3333333333333
A_MP	481	32	N	1	0	32	19.65625
A_MP	482	32	N	1	0	32	19.6875
A_MP	483	32	N	1	0	32	20.25
A_MP	484	33	N	0	0	33	21.4242424242424
A_MP	485	33	N	0	0	33	21.3939393939394
A_MP	486	33	N	0	0	24	19.75
A_MP	487	33	N	0	0	33	21.4848484848485
A_MP	488	33	N	0	0	33	21.1818181818182
A_MP	489	33	N	0	0	24	23.7083333333333
A_MP	490	33	N	0	0	32	21.5
A_MP	491	33	N	0	0	32	22.96875
A_MP	492	33	N	0	0	24	24.0833333333333
A_MP	493	33	N	0	0	32	25.4375
A_MP	494	33	N	0	0	33	25.5454545454545
A_MP	495	33	N	0	0	33	25.1818181818182
A_MP	496	33	N	0	0	33	26.2424242424242
A_MP	497	32	N	1	0	25	24.12
A_MP	498	33	N	0	0	25	22.44
A_MP	499	33	N	0	0	25	22.6
A_MP	500	32	N	1	0	30	23.7333333333333
A_MP	501	33	N	0	0	25	20.24
A_MP	502	32	N	1	0	31	21.8709677419355
A_MP	503	31	N	2	0	30	21.6333333333333
A_MP	504	30	N	3	0	22	19.6363636363636
A_MP	505	32	N	1	0	32	21.15625
A_MP	506	33	N	0	0	32	21.25
A_MP	507	32	N	1	0	22	20.9090909090909
A_MP	508	33	N	0	0	33	19.9090909090909
A_MP	509	31	N	2	0	31	18.9354838709677
A_MP	510	31	N	2	0	31	19.5161290322581
A_MP	511	33	N	0	0	33	21.5757575757576
A_MP	512	33	N	0	0	33	21.3636363636364
A_MP	513	33	N	0	0	32	22
A_MP	514	32	N	0	0	23	23.8260869565217
A_MP	515	32	N	0	0	28	25.75
A_MP	516	32	N	0	0	32	22.09375
A_MP	517	32	N	0	0	31	22.258064516129
A_MP	518	32	N	0	0	32	22.1875
A_MP	519	31	N	1	0	22	24.3181818181818
A_MP	520	32	N	0	0	31	21.3870967741935
A_MP	521	30	N	2	0	20	21.6
A_MP	522	32	N	0	0	23	21.3913043478261
A_MP	523	32	N	0	0	32	20.90625
A_MP	524	32	N	0	0	32	20.375
A_MP	525	32	N	0	0	32	20.84375
A_MP	526	32	N	0	0	32	22.8125
A_MP	527	27	N	5	0	27	21.962962962963
A_MP	528	31	N	1	0	23	23.304347826087
A_MP	529	32	N	0	0	31	25.2258064516129
A_MP	530	32	N	0	0	32	26.90625
A_MP	531	31	N	1	0	30	25.8
A_MP	532	32	N	0	0	32	23.71875
A_MP	533	32	N	0	0	32	23.28125
A_MP	534	32	N	0	0	32	23.65625
A_MP	535	32	N	0	0	32	25.0625
A_MP	536	32	N	0	0	32	23.96875
A_MP	537	32	N	0	0	32	24.125
A_MP	538	32	N	0	0	32	24.6875
A_MP	539	32	N	0	0	31	22.1290322580645
A_MP	540	31	N	1	0	23	24.695652173913
A_MP	541	32	N	0	0	24	23.1666666666667
A_MP	542	32	N	0	0	30	25.1333333333333
A_MP	543	31	N	1	0	30	22.7
A_MP	544	32	N	0	0	30	23.4333333333333
A_MP	545	32	N	0	0	31	22.6451612903226
A_MP	546	31	N	1	0	22	22.6818181818182
A_MP	547	31	N	1	0	30	22.3333333333333
A_MP	548	32	N	0	0	32	22.34375
A_MP	549	32	N	0	0	32	21.75
A_MP	550	31	N	1	0	31	22.0645161290323
A_MP	551	31	N	1	0	31	21.8064516129032
A_MP	552	31	N	1	0	28	21.3928571428571
A_MP	553	32	N	0	0	31	22.9032258064516
A_MP	554	32	N	0	0	32	21.78125
A_MP	555	31	N	1	0	21	19.9047619047619
A_MP	556	32	N	0	0	32	21.59375
A_MP	557	32	N	0	0	32	22.03125
A_MP	558	32	N	0	0	23	21.8695652173913
A_MP	559	32	N	0	0	32	22.53125
A_MP	560	32	N	0	0	31	20.8387096774194
A_MP	561	32	N	0	0	30	20.7333333333333
A_MP	562	32	N	0	0	31	19.7096774193548
A_MP	563	32	N	0	0	32	18.84375
A_MP	564	30	N	2	0	30	18.3666666666667
A_MP	565	31	N	1	0	30	18.6
A_MP	566	32	N	0	0	30	19.1666666666667
A_MP	567	32	N	0	0	32	21.5625
A_MP	568	32	N	0	0	32	22.1875
A_MP	569	32	N	0	0	32	21.96875
A_MP	570	32	N	0	0	23	21.2608695652174
A_MP	571	32	N	0	0	32	20.96875
A_MP	572	32	N	0	0	32	21.09375
A_MP	573	30	N	2	0	23	21.6086956521739
A_MP	574	32	N	0	0	23	24.7391304347826
A_MP	575	32	N	0	0	32	22.1875
A_MP	576	32	N	0	0	31	23.741935483871
A_MP	577	32	N	0	0	32	24.46875
A_MP	578	32	N	0	0	31	22.1612903225806
A_MP	579	32	N	0	0	32	21.84375
A_MP	580	31	N	1	0	31	21.4838709677419
A_MP	581	32	N	0	0	31	21.6451612903226
A_MP	582	32	N	0	0	29	21.1724137931034
A_MP	583	32	N	0	0	31	21.5161290322581
A_MP	584	32	N	0	0	29	21.3103448275862
A_MP	585	31	N	1	0	21	16.1904761904762
A_MP	586	31	N	1	0	30	17.5
A_MP	587	31	N	1	0	31	17.8064516129032
A_MP	588	29	N	3	0	25	16.44
A_MP	589	32	N	0	0	32	18.375
A_MP	590	32	N	0	0	31	19.258064516129
A_MP	591	32	N	0	0	22	19.1363636363636
A_MP	592	32	N	0	0	32	19.90625
A_MP	593	32	N	0	0	31	20.7096774193548
A_MP	594	31	N	1	0	30	21.9
A_MP	595	32	N	0	0	32	23.28125
A_MP	596	32	N	0	0	32	22.40625
A_MP	597	32	N	0	0	32	22.65625
A_MP	598	32	N	0	0	31	22.4516129032258
A_MP	599	32	N	0	0	31	24.0967741935484
A_MP	600	32	N	0	0	31	20.5806451612903
A_MP	601	32	N	0	0	32	19.84375
A_MP	602	32	N	0	0	31	19.258064516129
A_MP	603	31	N	1	0	31	22.4193548387097
A_MP	604	32	N	0	0	32	21.75
A_MP	605	31	N	1	0	30	24.5333333333333
A_MP	606	31	N	1	0	30	25.4333333333333
A_MP	607	31	N	1	0	30	23.4666666666667
A_MP	608	32	N	0	0	32	23.625
A_MP	609	30	N	2	0	30	25.3
A_MP	610	31	N	1	0	30	24.7333333333333
A_MP	611	32	N	0	0	32	24.6875
A_MP	612	32	N	0	0	32	21.625
A_MP	613	32	N	0	0	25	20.48
A_MP	614	30	N	2	0	28	21.6428571428571
A_MP	615	32	N	0	0	32	22.46875
A_MP	616	31	N	1	0	31	20.741935483871
A_MP	617	30	N	2	0	30	21.4
A_MP	618	29	N	3	0	29	22.5862068965517
A_MP	619	29	N	3	0	29	22.5862068965517
A_MP	620	31	N	1	0	21	21.2380952380952
A_MP	621	32	N	0	0	29	20.1034482758621
A_MP	622	31	N	1	0	22	21.3636363636364
A_MP	623	31	N	1	0	30	20.9
A_MP	624	32	N	0	0	32	20.75
A_MP	625	31	N	1	0	22	21.3181818181818
A_MP	626	31	N	1	0	31	21.5161290322581
A_MP	627	31	N	1	0	22	23.3636363636364
A_MP	628	32	N	0	0	32	19.75
A_MP	629	32	N	0	0	32	19.8125
A_MP	630	32	N	0	0	32	21.1875
A_MP	631	32	N	0	0	32	20.4375
A_MP	632	32	N	0	0	32	20.28125
A_MP	633	32	N	0	0	32	20.96875
A_MP	634	32	N	0	0	32	20.6875
A_MP	635	32	N	0	0	32	22.3125
A_MP	636	31	N	1	0	31	23.3225806451613
A_MP	637	32	N	0	0	32	22.65625
A_MP	638	32	N	0	0	31	25.3870967741935
A_MP	639	32	N	0	0	23	23.6521739130435
A_MP	640	32	N	0	0	31	25.1290322580645
A_MP	641	32	N	0	0	31	23.1612903225806
A_MP	642	31	N	1	0	23	23.9565217391304
A_MP	643	32	N	0	0	32	23.3125
A_MP	644	32	N	0	0	31	23.0967741935484
A_MP	645	29	N	3	0	29	22.1724137931034
A_MP	646	32	N	0	0	31	21.3870967741935
A_MP	647	32	N	0	0	30	20.9333333333333
A_MP	648	32	N	0	0	31	20.5806451612903
A_MP	649	32	N	0	0	32	22.125
A_MP	650	32	N	0	0	32	22.25
A_MP	651	31	N	1	0	31	22.6129032258065
A_MP	652	32	N	0	0	23	21.9565217391304
A_MP	653	32	N	0	0	32	21.53125
A_MP	654	32	N	0	0	23	22.3913043478261
A_MP	655	32	N	0	0	32	20.0625
A_MP	656	32	N	0	0	32	18.5
A_MP	657	32	N	0	0	32	19.21875
A_MP	658	29	N	3	0	29	20.8275862068966
A_MP	659	32	N	0	0	30	19.0666666666667
A_MP	660	32	N	0	0	23	19.2608695652174
A_MP	661	32	N	0	0	29	21.0344827586207
A_MP	662	32	N	0	0	32	21.9375
A_MP	663	30	N	2	0	29	21.8965517241379
A_MP	664	32	N	0	0	32	22
A_MP	665	31	N	1	0	31	22.0322580645161
A_MP	666	31	N	1	0	31	21.9032258064516
A_MP	667	31	N	1	0	30	21.9333333333333
A_MP	668	32	N	0	0	32	21.5625
A_MP	669	32	N	0	0	32	20.5
A_MP	670	32	N	0	0	32	21.375
A_MP	671	32	N	0	0	32	20.9375
A_MP	672	32	N	0	0	23	17.1739130434783
A_MP	673	32	N	0	0	32	20.65625
A_MP	674	32	N	0	0	32	20.75
A_MP	675	32	N	0	0	32	20.03125
A_MP	676	32	N	0	0	32	19.9375
A_MP	677	32	N	0	0	32	20.40625
A_MP	678	32	N	0	0	23	20.6086956521739
A_MP	679	31	N	1	0	22	21.2727272727273
A_MP	680	30	N	2	0	30	21.4666666666667
A_MP	681	32	N	0	0	32	22.34375
A_MP	682	32	N	0	0	31	22.8709677419355
A_MP	683	32	N	0	0	31	22.7741935483871
A_MP	684	32	N	0	0	31	24.5806451612903
A_MP	685	32	N	0	0	31	24.6129032258065
A_MP	686	32	N	0	0	30	21.9666666666667
A_MP	687	31	N	1	0	31	22.3225806451613
A_MP	688	32	N	0	0	32	22.40625
A_MP	689	32	N	0	0	32	21.59375
A_MP	690	32	N	0	0	32	21.375
A_MP	691	32	N	0	0	32	27.875
A_MP	692	32	N	0	0	32	29.84375
A_MP	693	32	N	0	0	32	22.15625
A_MP	694	32	N	0	0	32	23
A_MP	695	32	N	0	0	32	23.375
A_MP	696	32	N	0	0	23	25.6086956521739
A_MP	697	32	N	0	0	32	21.84375
A_MP	698	31	N	1	0	31	22.6129032258065
A_MP	699	31	N	1	0	30	23.1
A_MP	700	31	N	1	0	31	23.9354838709677
A_MP	701	28	N	4	0	28	24.4285714285714
A_MP	702	30	N	2	0	30	24.2333333333333
A_MP	703	31	N	1	0	30	24.2
A_MP	704	31	N	1	0	26	25.3846153846154
A_MP	705	32	N	0	0	32	22.75
A_MP	706	32	N	0	0	32	21.65625
A_MP	707	32	N	0	0	32	21.25
A_MP	708	32	N	0	0	32	21.46875
A_MP	709	32	N	0	0	32	22.03125
A_MP	710	32	N	0	0	30	21.5666666666667
A_MP	711	31	N	1	0	22	21.3181818181818
A_MP	712	31	N	1	0	31	21
A_MP	713	31	N	1	0	31	19.9032258064516
A_MP	714	32	N	0	0	32	20.65625
A_MP	715	32	N	0	0	24	20.8333333333333
A_MP	716	32	N	0	0	32	21.25
A_MP	717	32	N	0	0	32	21.625
A_MP	718	31	N	1	0	30	21.9333333333333
A_MP	719	32	N	0	0	30	23.1
A_MP	720	32	N	0	0	22	22.7727272727273
A_MP	721	32	N	0	0	32	22.125
A_MP	722	32	N	0	0	32	22.4375
A_MP	723	31	N	1	0	31	21.9677419354839
A_MP	724	31	N	1	0	30	22.7333333333333
A_MP	725	31	N	1	0	31	24.258064516129
A_MP	726	31	N	1	0	24	24.2083333333333
A_MP	727	31	N	1	0	29	27.1034482758621
A_MP	728	31	N	1	0	30	25.2666666666667
A_MP	729	31	N	1	0	29	23.6206896551724
A_MP	730	31	N	1	0	31	24.5161290322581
A_MP	731	31	N	1	0	31	21.1612903225806
A_MP	732	30	N	2	0	30	21.4333333333333
A_MP	733	31	N	1	0	31	23.6774193548387
A_MP	734	32	N	0	0	31	20.4838709677419
A_MP	735	30	N	2	0	25	19
A_MP	736	32	N	0	0	31	23.258064516129
A_MP	737	31	N	1	0	29	22.1034482758621
A_MP	738	32	N	0	0	31	23.3548387096774
A_MP	739	31	N	1	0	30	24.3
A_MP	740	32	N	0	0	31	24.3870967741935
A_MP	741	32	N	0	0	31	23.2258064516129
A_MP	742	32	N	0	0	32	23.28125
A_MP	743	32	N	0	0	31	23.5806451612903
A_MP	744	31	N	1	0	31	22.7096774193548
A_MP	745	32	N	0	0	31	22.5806451612903
A_MP	746	32	N	0	0	32	21.875
A_MP	747	32	N	0	0	24	21.625
A_MP	748	31	N	1	0	31	19.2258064516129
A_MP	749	32	N	0	0	31	17.4193548387097
A_MP	750	32	N	0	0	23	20.1304347826087
A_MP	751	32	N	0	0	31	18.4193548387097
A_MP	752	32	N	0	0	30	19.5333333333333
A_MP	753	32	N	0	0	32	22.6875
A_MP	754	30	N	2	0	29	21.3448275862069
A_MP	755	32	N	0	0	30	23.3666666666667
A_MP	756	31	N	1	0	23	23.4347826086957
A_MP	757	31	N	1	0	31	23.2258064516129
A_MP	758	31	N	1	0	31	24.1935483870968
A_MP	759	32	N	0	0	32	24.6875
A_MP	760	25	N	7	0	23	21.4782608695652
A_MP	761	32	N	0	0	32	21.21875
A_MP	762	32	N	0	0	32	20.34375
A_MP	763	32	N	0	0	31	20.1935483870968
A_MP	764	31	N	1	0	25	19.92
A_MP	765	31	N	1	0	30	21
A_MP	766	31	N	1	0	21	23.6666666666667
A_MP	767	31	N	1	0	30	20.7
A_MP	768	31	N	1	0	30	21.1333333333333
A_MP	769	31	N	1	0	22	22.6363636363636
A_MP	770	31	N	1	0	23	23.304347826087
A_MP	771	31	N	1	0	31	24.4193548387097
A_MP	772	31	N	1	0	31	26.1290322580645
A_MP	773	31	N	1	0	31	22.8064516129032
A_MP	774	32	N	0	0	32	24.40625
A_MP	775	32	N	0	0	24	24.6666666666667
A_MP	776	32	N	0	0	32	24.34375
A_MP	777	32	N	0	0	31	22.6774193548387
A_MP	778	32	N	0	0	24	25.375
A_MP	779	32	N	0	0	32	23.65625
A_MP	780	32	N	0	0	32	26.96875
A_MP	781	32	N	0	0	23	29.9130434782609
A_MP	782	32	N	0	0	32	27.75
A_MP	783	32	N	0	0	32	30.46875
A_MP	784	31	N	1	0	31	28.6774193548387
A_MP	785	32	N	1	0	32	27.40625
A_MP	786	31	N	2	0	31	27.6451612903226
A_MP	787	31	N	2	0	31	31
A_MP	788	31	N	2	0	31	27.8387096774194
A_MP	789	32	N	1	0	32	25.5
A_MP	790	33	N	0	0	32	24.84375
A_MP	791	33	N	0	0	33	27.969696969697
A_MP	792	33	N	0	0	32	26.71875
A_MP	793	33	N	0	0	33	25.8787878787879
A_MP	794	31	N	2	0	31	28.0967741935484
A_MP	795	33	N	0	0	33	26.7878787878788
A_MP	796	33	N	0	0	32	25.1875
A_MP	797	33	N	0	0	33	25.1212121212121
A_MP	798	32	N	1	0	32	28
A_MP	799	33	N	0	0	33	27.2727272727273
A_MP	800	33	N	0	0	22	30.4545454545455
A_MP	801	33	N	0	0	31	28.4193548387097
A_MP	802	33	N	0	0	33	26.0606060606061
A_MP	803	33	N	0	0	33	27.3636363636364
A_MP	804	33	N	0	0	32	26.8125
A_MP	805	33	N	0	0	33	27.7878787878788
A_MP	806	32	N	1	0	32	29.90625
A_MP	807	33	N	0	0	33	27.6060606060606
A_MP	808	33	N	0	0	31	27.0645161290323
A_MP	809	33	N	0	0	32	24.75
A_MP	810	33	N	0	0	33	26.8787878787879
A_MP	811	33	N	0	0	33	26.6363636363636
A_MP	812	33	N	0	0	33	26.3939393939394
A_MP	813	33	N	0	0	33	24.6060606060606
A_MP	814	33	N	0	0	32	23.59375
A_MP	815	31	N	2	0	23	20.5652173913043
A_MP	816	32	N	1	0	22	19.2727272727273
A_MP	817	33	N	0	0	33	21.1515151515152
A_MP	818	33	N	0	0	32	21.5625
A_MP	819	33	N	0	0	33	21.7272727272727
A_MP	820	33	N	0	0	33	24.7878787878788
A_MP	821	33	N	0	0	33	22.2727272727273
A_MP	822	33	N	0	0	33	21.1515151515152
A_MP	823	33	N	0	0	32	20.84375
A_MP	824	33	N	0	0	33	21.7878787878788
A_MP	825	22	N	11	0	22	23.8181818181818
A_MP	826	27	N	6	0	27	25.7407407407407
A_MP	827	33	N	0	0	32	28.3125
A_MP	828	33	N	0	0	33	24.9090909090909
A_MP	829	33	N	0	0	33	25.8484848484848
A_MP	830	33	N	0	0	32	24.65625
A_MP	831	33	N	0	0	32	23.09375
A_MP	832	33	N	0	0	31	26.0322580645161
A_MP	833	33	N	0	0	31	25.4193548387097
A_MP	834	33	N	0	0	33	28.1515151515152
A_MP	835	33	N	0	0	33	27.8787878787879
A_MP	836	33	N	0	0	32	30.625
A_MP	837	33	N	0	0	33	27.1212121212121
A_MP	838	33	N	0	0	33	25.6969696969697
A_MP	839	33	N	0	0	23	25.9565217391304
A_MP	840	32	N	1	0	31	26.8387096774194
A_MP	841	33	N	0	0	22	25.3636363636364
A_MP	842	33	N	0	0	32	24.53125
A_MP	843	33	N	0	0	32	25.375
A_MP	844	33	N	0	0	32	25.40625
A_MP	845	33	N	0	0	33	26.6969696969697
A_MP	846	32	N	1	0	32	25.375
A_MP	847	31	N	2	0	23	28.304347826087
A_MP	848	32	N	1	0	32	29.09375
A_MP	849	33	N	0	0	25	24.8
A_MP	850	33	N	0	0	33	25.1515151515152
A_MP	851	33	N	0	0	33	22.3636363636364
A_MP	852	33	N	0	0	33	20.2424242424242
A_MP	853	33	N	0	0	23	22.0434782608696
A_MP	854	33	N	0	0	32	22.5
A_MP	855	33	N	0	0	33	21.3939393939394
A_MP	856	33	N	0	0	33	21.4848484848485
A_MP	857	33	N	0	0	22	22.0454545454545
A_MP	858	33	N	0	0	32	20.15625
A_MP	859	33	N	0	0	31	18.8064516129032
A_MP	860	32	N	1	0	25	18.08
A_MP	861	33	N	0	0	33	18.3030303030303
A_MP	862	33	N	0	0	23	19.3478260869565
A_MP	863	33	N	0	0	25	20.44
A_MP	864	32	N	1	0	30	23.0333333333333
A_MP	865	32	N	1	0	22	19.6818181818182
A_MP	866	30	N	3	0	30	19.4
A_MP	867	33	N	0	0	32	19
A_MP	868	33	N	0	0	33	19.4242424242424
A_MP	869	33	N	0	0	32	17.9375
A_MP	870	33	N	0	0	33	17.4242424242424
A_MP	871	33	N	0	0	32	16.46875
A_MP	872	33	N	0	0	33	15.969696969697
A_MP	873	33	N	0	0	32	15.84375
A_MP	874	33	N	0	0	23	16.304347826087
A_MP	875	31	N	2	0	31	17.5806451612903
A_MP	876	32	N	1	0	32	20.40625
A_MP	877	32	N	1	0	32	23.1875
A_MP	878	32	N	1	0	32	22.5
A_MP	879	33	N	0	0	32	22.78125
A_MP	880	31	N	2	0	30	21.0333333333333
A_MP	881	32	N	1	0	32	19.875
A_MP	882	32	N	1	0	32	19.40625
A_MP	883	32	N	1	0	32	21.78125
A_MP	884	33	N	0	0	32	22.375
A_MP	885	33	N	0	0	33	21.2121212121212
A_MP	886	33	N	0	0	32	20.21875
A_MP	887	32	N	1	0	32	22.21875
A_MP	888	32	N	1	0	32	20.875
A_MP	889	32	N	1	0	31	20.5806451612903
A_MP	890	33	N	0	0	30	21.1
A_MP	891	33	N	0	0	31	20.0322580645161
A_MP	892	33	N	0	0	24	18.2916666666667
A_MP	893	33	N	0	0	33	19.7878787878788
A_MP	894	32	N	1	0	32	19
A_MP	895	30	N	3	0	28	22.1071428571429
A_MP	896	31	N	2	0	31	19.2903225806452
A_MP	897	33	N	0	0	33	17.7878787878788
A_MP	898	33	N	0	0	33	19.3333333333333
A_MP	899	32	N	0	0	32	21.875
A_MP	900	30	N	2	0	30	18.4666666666667
A_MP	901	31	N	1	0	23	25.4347826086957
A_MP	902	31	N	1	0	31	21.7741935483871
A_MP	903	31	N	1	0	31	23.2258064516129
A_MP	904	32	N	0	0	30	23.0666666666667
A_MP	905	32	N	0	0	32	20.5
A_MP	906	31	N	1	0	30	21.2666666666667
A_MP	907	32	N	0	0	32	20.96875
A_MP	908	32	N	0	0	31	20.9032258064516
A_MP	909	31	N	1	0	31	23.1612903225806
A_MP	910	32	N	0	0	31	24.0645161290323
A_MP	911	32	N	0	0	32	22
A_MP	912	32	N	0	0	32	23.875
A_MP	913	32	N	0	0	32	24.96875
A_MP	914	32	N	0	0	31	23.0322580645161
A_MP	915	32	N	0	0	31	22.6451612903226
A_MP	916	32	N	0	0	31	22.4516129032258
A_MP	917	32	N	0	0	32	21.8125
A_MP	918	32	N	0	0	22	25.6818181818182
A_MP	919	31	N	1	0	30	24.4333333333333
A_MP	920	31	N	1	0	21	27.4761904761905
A_MP	921	32	N	0	0	32	26.21875
A_MP	922	32	N	0	0	31	23.2903225806452
A_MP	923	32	N	0	0	32	23.78125
A_MP	924	32	N	0	0	32	25.53125
A_MP	925	32	N	0	0	22	28.3636363636364
A_MP	926	32	N	0	0	32	26.21875
A_MP	927	32	N	0	0	32	24.28125
A_MP	928	32	N	0	0	32	22.1875
A_MP	929	32	N	0	0	31	21.0322580645161
A_MP	930	32	N	0	0	32	20.21875
A_MP	931	32	N	0	0	32	20.6875
A_MP	932	32	N	0	0	32	20.4375
A_MP	933	30	N	2	0	29	20.551724137931
A_MP	934	27	N	5	0	27	21.5185185185185
A_MP	935	31	N	1	0	31	23.6774193548387
A_MP	936	31	N	1	0	30	21.9
A_MP	937	28	N	4	0	27	22.0740740740741
A_MP	938	31	N	1	0	28	22.9642857142857
A_MP	939	32	N	0	0	31	23.0967741935484
A_MP	940	31	N	1	0	30	26.4666666666667
A_MP	941	32	N	0	0	32	22.9375
A_MP	942	32	N	0	0	30	25.8
A_MP	943	32	N	0	0	32	23.5625
A_MP	944	32	N	0	0	31	23.7096774193548
A_MP	945	32	N	0	0	17	22.2941176470588
A_MP	946	32	N	0	0	32	21.03125
A_MP	947	32	N	0	0	32	21.4375
A_MP	948	32	N	0	0	32	23.625
A_MP	949	32	N	0	0	32	23.625
A_MP	950	32	N	0	0	31	23.6774193548387
A_MP	951	32	N	0	0	31	23.2903225806452
A_MP	952	32	N	0	0	22	20.9545454545455
A_MP	953	31	N	1	0	19	21.3157894736842
A_MP	954	31	N	1	0	30	21.2
A_MP	955	31	N	1	0	30	19.5333333333333
A_MP	956	31	N	1	0	31	19.5806451612903
A_MP	957	31	N	1	0	30	19.3666666666667
A_MP	958	30	N	2	0	28	24.1428571428571
A_MP	959	32	N	0	0	32	25.25
A_MP	960	32	N	0	0	32	23
A_MP	961	32	N	0	0	31	20.8064516129032
A_MP	962	32	N	0	0	32	21.1875
A_MP	963	32	N	0	0	31	21.741935483871
A_MP	964	32	N	0	0	32	22.03125
A_MP	965	32	N	0	0	32	21.25
A_MP	966	32	N	0	0	21	23.0952380952381
A_MP	967	32	N	0	0	32	18.125
A_MP	968	32	N	0	0	32	20.03125
A_MP	969	32	N	0	0	32	20.15625
A_MP	970	31	N	0	0	31	20.1290322580645
A_MP	971	31	N	0	0	31	18.8709677419355
A_MP	972	31	N	0	0	29	18.7586206896552
A_MP	973	27	N	1	0	21	19.8095238095238
A_MP	974	27	N	1	0	21	20.7619047619048
A_MP	975	28	N	0	0	26	21.3076923076923
A_MP	976	27	N	1	0	21	21.7619047619048
A_MP	977	28	N	0	0	28	18.8214285714286
A_MP	978	28	N	0	0	27	17.8148148148148
A_MP	979	28	N	0	0	28	17.2142857142857
A_MP	980	27	N	0	0	26	18.5769230769231
A_MP	981	26	N	0	0	26	22.1153846153846
A_MP	982	26	N	0	0	26	20.3076923076923
