Reference_Name	Position	Coverage Depth	Consensus	Deletions	Ambiguous	Consensus_Count	Consensus_Average_Quality
A_NA_N1	1	5	N	0	0	5	23
A_NA_N1	2	5	N	0	0	5	20.6
A_NA_N1	3	5	N	0	0	5	20
A_NA_N1	4	5	N	0	0	5	19.6
A_NA_N1	5	5	N	0	0	5	17.8
A_NA_N1	6	5	N	0	0	5	18.4
A_NA_N1	7	5	N	0	0	5	18.8
A_NA_N1	8	5	N	0	0	5	15
A_NA_N1	9	5	N	0	0	5	15.8
A_NA_N1	10	5	N	0	0	5	17.2
A_NA_N1	11	5	N	0	0	5	23.8
A_NA_N1	12	5	N	0	0	5	23
A_NA_N1	13	5	N	0	0	5	21
A_NA_N1	14	5	N	0	0	5	21.2
A_NA_N1	15	5	N	0	0	4	21.5
A_NA_N1	16	5	N	0	0	5	22.6
A_NA_N1	17	5	N	0	0	5	27.2
A_NA_N1	18	5	N	0	0	5	26.2
A_NA_N1	19	5	N	0	0	5	26
A_NA_N1	20	5	N	0	0	5	24.2
A_NA_N1	21	5	N	0	0	5	23.8
A_NA_N1	22	5	N	0	0	5	24.8
A_NA_N1	23	4	N	1	0	4	24.75
A_NA_N1	24	5	N	0	0	5	20.2
A_NA_N1	25	5	N	0	0	5	21.6
A_NA_N1	26	5	N	0	0	5	22.8
A_NA_N1	27	5	N	0	0	5	23
A_NA_N1	28	5	N	0	0	5	24.6
A_NA_N1	29	5	N	0	0	5	26
A_NA_N1	30	5	N	0	0	5	25
A_NA_N1	31	5	N	0	0	5	23.6
A_NA_N1	32	5	N	0	0	5	22.6
A_NA_N1	33	5	N	0	0	5	23.6
A_NA_N1	34	5	N	0	0	5	22.8
A_NA_N1	35	5	N	0	0	5	21.2
A_NA_N1	36	5	N	0	0	5	17.6
A_NA_N1	37	5	N	0	0	3	21.3333333333333
A_NA_N1	38	5	N	0	0	5	17.2
A_NA_N1	39	5	N	0	0	3	22.6666666666667
A_NA_N1	40	5	N	0	0	5	16.4
A_NA_N1	41	5	N	0	0	5	14.6
A_NA_N1	42	5	N	0	0	5	15.2
A_NA_N1	43	5	N	0	0	5	14.2
A_NA_N1	44	5	N	0	0	5	14.4
A_NA_N1	45	5	N	0	0	4	11.75
A_NA_N1	46	5	N	0	0	4	13.25
A_NA_N1	47	5	N	0	0	4	16.5
A_NA_N1	48	4	N	1	0	4	36.5
A_NA_N1	49	5	N	0	0	5	18.8
A_NA_N1	50	5	N	0	0	4	21
A_NA_N1	51	5	N	0	0	5	20.6
A_NA_N1	52	5	N	0	0	5	19.8
A_NA_N1	53	5	N	0	0	5	19.2
A_NA_N1	54	5	N	0	0	5	22.4
A_NA_N1	55	5	N	0	0	5	23.4
A_NA_N1	56	5	N	0	0	4	21.5
A_NA_N1	57	5	N	0	0	4	17.75
A_NA_N1	58	5	N	0	0	5	18.2
A_NA_N1	59	5	N	0	0	5	18.6
A_NA_N1	60	5	N	0	0	5	20
A_NA_N1	61	5	N	0	0	5	23.8
A_NA_N1	62	5	N	0	0	4	25
A_NA_N1	63	5	N	0	0	5	21.6
A_NA_N1	64	4	N	1	0	4	22.5
A_NA_N1	65	4	N	1	0	4	22.25
A_NA_N1	66	5	N	0	0	5	21.4
A_NA_N1	67	5	N	0	0	5	20.6
A_NA_N1	68	5	N	0	0	5	21.8
A_NA_N1	69	5	N	0	0	5	24.6
A_NA_N1	70	5	N	0	0	5	24.2
A_NA_N1	71	5	N	0	0	5	25.8
A_NA_N1	72	5	N	0	0	5	35.2
A_NA_N1	73	5	N	0	0	5	23.2
A_NA_N1	74	5	N	0	0	5	22.4
A_NA_N1	75	5	N	0	0	5	22.6
A_NA_N1	76	5	N	0	0	5	24.4
A_NA_N1	77	5	N	0	0	5	22.2
A_NA_N1	78	5	N	0	0	5	20.8
A_NA_N1	79	5	N	0	0	4	15.5
A_NA_N1	80	5	N	0	0	5	16.6
A_NA_N1	81	5	N	0	0	5	17.4
A_NA_N1	82	5	N	0	0	5	19
A_NA_N1	83	5	N	0	0	5	18.4
A_NA_N1	84	5	N	0	0	5	18
A_NA_N1	85	5	N	0	0	5	18.8
A_NA_N1	86	5	N	0	0	5	18.4
A_NA_N1	87	5	N	0	0	5	20
A_NA_N1	88	5	N	0	0	5	20.4
A_NA_N1	89	5	N	0	0	5	23.6
A_NA_N1	90	5	N	0	0	5	24.2
A_NA_N1	91	5	N	0	0	5	23.6
A_NA_N1	92	5	N	0	0	5	24
A_NA_N1	93	5	N	0	0	5	24.6
A_NA_N1	94	5	N	0	0	5	25
A_NA_N1	95	5	N	0	0	5	26.6
A_NA_N1	96	5	N	0	0	5	23.8
A_NA_N1	97	5	N	0	0	5	22.8
A_NA_N1	98	4	N	1	0	3	22.3333333333333
A_NA_N1	99	5	N	0	0	4	19.5
A_NA_N1	100	5	N	0	0	5	16.6
A_NA_N1	101	5	N	0	0	4	19
A_NA_N1	102	5	N	0	0	5	17.8
A_NA_N1	103	5	N	0	0	5	19.2
A_NA_N1	104	5	N	0	0	5	14.8
A_NA_N1	105	5	N	0	0	5	14
A_NA_N1	106	5	N	0	0	5	15.4
A_NA_N1	107	9	N	0	0	9	20
A_NA_N1	108	9	N	0	0	9	27.5555555555556
A_NA_N1	109	9	N	0	0	9	28
A_NA_N1	110	9	N	0	0	9	20.4444444444444
A_NA_N1	111	10	N	0	0	10	22.8
A_NA_N1	112	10	N	0	0	10	22.7
A_NA_N1	113	10	N	0	0	10	24.1
A_NA_N1	114	10	N	0	0	10	25.5
A_NA_N1	115	10	N	0	0	10	21.4
A_NA_N1	116	9	N	1	0	9	26.6666666666667
A_NA_N1	117	10	N	0	0	10	19.5
A_NA_N1	118	10	N	0	0	10	19.3
A_NA_N1	119	10	N	0	0	9	19.1111111111111
A_NA_N1	120	10	N	0	0	10	17.8
A_NA_N1	121	9	N	1	0	9	17.6666666666667
A_NA_N1	122	10	N	0	0	10	17.2
A_NA_N1	123	10	N	0	0	10	18.8
A_NA_N1	124	10	N	0	0	10	19.8
A_NA_N1	125	10	N	0	0	10	21.7
A_NA_N1	126	10	N	0	0	10	20.9
A_NA_N1	127	10	N	0	0	10	21.2
A_NA_N1	128	10	N	0	0	9	22.5555555555556
A_NA_N1	129	10	N	0	0	10	29
A_NA_N1	130	10	N	0	0	10	27
A_NA_N1	131	10	N	0	0	10	26.4
A_NA_N1	132	10	N	0	0	9	19.3333333333333
A_NA_N1	133	10	N	0	0	9	20.4444444444444
A_NA_N1	134	10	N	0	0	10	19.9
A_NA_N1	135	10	N	0	0	10	21.1
A_NA_N1	136	10	N	0	0	10	21.4
A_NA_N1	137	10	N	0	0	10	21.4
A_NA_N1	138	10	N	0	0	10	21.7
A_NA_N1	139	10	N	0	0	10	20.8
A_NA_N1	140	9	N	1	0	9	22.4444444444444
A_NA_N1	141	10	N	0	0	10	21.2
A_NA_N1	142	10	N	0	0	9	20.3333333333333
A_NA_N1	143	10	N	0	0	10	20.9
A_NA_N1	144	10	N	0	0	7	22.8571428571429
A_NA_N1	145	10	N	0	0	10	20.5
A_NA_N1	146	10	N	0	0	10	19.9
A_NA_N1	147	9	N	1	0	9	17.8888888888889
A_NA_N1	148	9	N	1	0	8	15
A_NA_N1	149	10	N	0	0	10	26
A_NA_N1	150	10	N	0	0	8	20.5
A_NA_N1	151	10	N	0	0	10	21.6
A_NA_N1	152	10	N	0	0	9	21.7777777777778
A_NA_N1	153	10	N	0	0	10	19.2
A_NA_N1	154	9	N	1	0	9	18.7777777777778
A_NA_N1	155	9	N	1	0	9	18.4444444444444
A_NA_N1	156	9	N	1	0	8	19.75
A_NA_N1	157	9	N	1	0	9	19
A_NA_N1	158	9	N	1	0	8	23.625
A_NA_N1	159	9	N	1	0	8	24.625
A_NA_N1	160	9	N	1	0	9	22.2222222222222
A_NA_N1	161	9	N	1	0	9	22
A_NA_N1	162	10	N	0	0	10	20.7
A_NA_N1	163	10	N	0	0	10	19.4
A_NA_N1	164	10	N	0	0	10	17.5
A_NA_N1	165	10	N	0	0	10	20.2
A_NA_N1	166	10	N	0	0	10	20.1
A_NA_N1	167	10	N	0	0	10	28.7
A_NA_N1	168	10	N	0	0	10	29.1
A_NA_N1	169	10	N	0	0	10	28.5
A_NA_N1	170	10	N	0	0	10	21
A_NA_N1	171	10	N	0	0	10	20.4
A_NA_N1	172	10	N	0	0	10	23.1
A_NA_N1	173	10	N	0	0	10	24.2
A_NA_N1	174	10	N	0	0	10	24.1
A_NA_N1	175	10	N	0	0	10	24
A_NA_N1	176	10	N	0	0	10	22.4
A_NA_N1	177	10	N	0	0	10	21.6
A_NA_N1	178	10	N	0	0	10	22.7
A_NA_N1	179	10	N	0	0	10	21.6
A_NA_N1	180	9	N	1	0	9	22.5555555555556
A_NA_N1	181	10	N	0	0	10	24.9
A_NA_N1	182	9	N	1	0	8	25.125
A_NA_N1	183	10	N	0	0	9	22.8888888888889
A_NA_N1	184	10	N	0	0	9	22.1111111111111
A_NA_N1	185	10	N	0	0	9	22.3333333333333
A_NA_N1	186	9	N	1	0	9	23.8888888888889
A_NA_N1	187	10	N	0	0	10	24
A_NA_N1	188	10	N	0	0	10	23.5
A_NA_N1	189	10	N	0	0	7	26.2857142857143
A_NA_N1	190	10	N	0	0	10	21.5
A_NA_N1	191	10	N	0	0	9	22.5555555555556
A_NA_N1	192	10	N	0	0	10	21.3
A_NA_N1	193	10	N	0	0	10	22.4
A_NA_N1	194	10	N	0	0	10	23.1
A_NA_N1	195	10	N	0	0	10	30.3
A_NA_N1	196	10	N	0	0	10	27
A_NA_N1	197	10	N	0	0	10	27.3
A_NA_N1	198	10	N	0	0	10	27
A_NA_N1	199	9	N	1	0	9	26.8888888888889
A_NA_N1	200	10	N	0	0	8	26.75
A_NA_N1	201	10	N	0	0	10	25.3
A_NA_N1	202	10	N	0	0	10	25.1
A_NA_N1	203	10	N	0	0	10	24.8
A_NA_N1	204	10	N	0	0	10	31.3
A_NA_N1	205	10	N	0	0	10	25.4
A_NA_N1	206	9	N	1	0	9	22
A_NA_N1	207	10	N	0	0	10	22.6
A_NA_N1	208	10	N	0	0	9	20.8888888888889
A_NA_N1	209	10	N	0	0	10	20.2
A_NA_N1	210	10	N	0	0	8	19
A_NA_N1	211	10	N	0	0	9	21.2222222222222
A_NA_N1	212	10	N	0	0	10	20.6
A_NA_N1	213	11	N	0	0	11	22.8181818181818
A_NA_N1	214	11	N	0	0	11	22.9090909090909
A_NA_N1	215	11	N	0	0	10	25.6
A_NA_N1	216	11	N	0	0	10	25.1
A_NA_N1	217	11	N	0	0	11	24
A_NA_N1	218	11	N	0	0	11	25.5454545454545
A_NA_N1	219	11	N	0	0	11	26.1818181818182
A_NA_N1	220	11	N	0	0	11	25.1818181818182
A_NA_N1	221	11	N	0	0	11	24.3636363636364
A_NA_N1	222	10	N	1	0	10	23.6
A_NA_N1	223	10	N	1	0	10	21.5
A_NA_N1	224	10	N	1	0	10	22.1
A_NA_N1	225	10	N	1	0	10	23.3
A_NA_N1	226	11	N	0	0	10	22.7
A_NA_N1	227	11	N	0	0	11	22.7272727272727
A_NA_N1	228	11	N	0	0	10	24.1
A_NA_N1	229	10	N	1	0	9	22.8888888888889
A_NA_N1	230	10	N	1	0	10	23.1
A_NA_N1	231	11	N	0	0	11	25.2727272727273
A_NA_N1	232	11	N	0	0	11	24.2727272727273
A_NA_N1	233	11	N	0	0	11	21.3636363636364
A_NA_N1	234	11	N	0	0	11	22.0909090909091
A_NA_N1	235	11	N	0	0	11	22.2727272727273
A_NA_N1	236	11	N	0	0	11	23.1818181818182
A_NA_N1	237	10	N	1	0	10	23.2
A_NA_N1	238	9	N	2	0	9	23.8888888888889
A_NA_N1	239	11	N	0	0	10	22.2
A_NA_N1	240	11	N	0	0	11	21
A_NA_N1	241	11	N	0	0	11	19.8181818181818
A_NA_N1	242	11	N	0	0	11	25.7272727272727
A_NA_N1	243	11	N	0	0	11	19.9090909090909
A_NA_N1	244	11	N	0	0	11	20
A_NA_N1	245	11	N	0	0	11	21
A_NA_N1	246	11	N	0	0	11	22.9090909090909
A_NA_N1	247	11	N	0	0	10	24.3
A_NA_N1	248	11	N	0	0	10	23.9
A_NA_N1	249	11	N	0	0	11	23.1818181818182
A_NA_N1	250	11	N	0	0	11	23.5454545454545
A_NA_N1	251	11	N	0	0	11	21
A_NA_N1	252	11	N	0	0	10	18.3
A_NA_N1	253	9	N	2	0	9	20
A_NA_N1	254	10	N	1	0	10	22.1
A_NA_N1	255	11	N	0	0	11	21.1818181818182
A_NA_N1	256	11	N	0	0	11	21.2727272727273
A_NA_N1	257	10	N	1	0	10	20.7
A_NA_N1	258	11	N	0	0	11	21.2727272727273
A_NA_N1	259	11	N	0	0	11	20.0909090909091
A_NA_N1	260	11	N	0	0	11	21
A_NA_N1	261	11	N	0	0	11	23.4545454545455
A_NA_N1	262	11	N	0	0	11	24.6363636363636
A_NA_N1	263	11	N	0	0	11	30.6363636363636
A_NA_N1	264	11	N	0	0	11	31.7272727272727
A_NA_N1	265	11	N	0	0	11	26.4545454545455
A_NA_N1	266	11	N	0	0	11	26.4545454545455
A_NA_N1	267	7	N	4	0	4	25.75
A_NA_N1	268	7	N	4	0	7	24.8571428571429
A_NA_N1	269	10	N	1	0	9	21.7777777777778
A_NA_N1	270	10	N	1	0	10	22.1
A_NA_N1	271	11	N	0	0	10	28.4
A_NA_N1	272	11	N	0	0	11	29.5454545454545
A_NA_N1	273	11	N	0	0	11	36.2727272727273
A_NA_N1	274	11	N	0	0	11	22.1818181818182
A_NA_N1	275	11	N	0	0	11	21
A_NA_N1	276	11	N	0	0	11	20.5454545454545
A_NA_N1	277	11	N	0	0	11	21
A_NA_N1	278	11	N	0	0	11	20.7272727272727
A_NA_N1	279	11	N	0	0	11	21.2727272727273
A_NA_N1	280	11	N	0	0	11	21.3636363636364
A_NA_N1	281	11	N	0	0	11	22.3636363636364
A_NA_N1	282	11	N	0	0	11	23.1818181818182
A_NA_N1	283	11	N	0	0	11	22.5454545454545
A_NA_N1	284	11	N	0	0	11	23
A_NA_N1	285	11	N	0	0	11	24.8181818181818
A_NA_N1	286	11	N	0	0	11	24.8181818181818
A_NA_N1	287	11	N	0	0	11	26.2727272727273
A_NA_N1	288	11	N	0	0	11	26.5454545454545
A_NA_N1	289	11	N	0	0	11	26
A_NA_N1	290	10	N	1	0	10	25.1
A_NA_N1	291	11	N	0	0	11	25.7272727272727
A_NA_N1	292	11	N	0	0	11	24.7272727272727
A_NA_N1	293	11	N	0	0	11	24
A_NA_N1	294	11	N	0	0	10	24
A_NA_N1	295	11	N	0	0	11	24.2727272727273
A_NA_N1	296	11	N	0	0	11	23.3636363636364
A_NA_N1	297	11	N	0	0	11	23.6363636363636
A_NA_N1	298	11	N	0	0	10	28.2
A_NA_N1	299	11	N	0	0	11	22.8181818181818
A_NA_N1	300	11	N	0	0	11	24.7272727272727
A_NA_N1	301	11	N	0	0	11	25.3636363636364
A_NA_N1	302	11	N	0	0	11	25.9090909090909
A_NA_N1	303	10	N	1	0	10	25
A_NA_N1	304	10	N	1	0	10	25.2
A_NA_N1	305	11	N	0	0	11	25.8181818181818
A_NA_N1	306	11	N	0	0	11	32.0909090909091
A_NA_N1	307	11	N	0	0	11	27.2727272727273
A_NA_N1	308	11	N	0	0	10	27.5
A_NA_N1	309	11	N	0	0	11	25.5454545454545
A_NA_N1	310	11	N	0	0	11	24.7272727272727
A_NA_N1	311	11	N	0	0	11	23.7272727272727
A_NA_N1	312	11	N	0	0	10	24.5
A_NA_N1	313	11	N	0	0	11	25.8181818181818
A_NA_N1	314	11	N	0	0	11	25.5454545454545
A_NA_N1	315	11	N	0	0	11	24.8181818181818
A_NA_N1	316	11	N	0	0	11	24.7272727272727
A_NA_N1	317	11	N	0	0	11	23.7272727272727
A_NA_N1	318	11	N	0	0	11	24
A_NA_N1	319	11	N	0	0	10	20.8
A_NA_N1	320	11	N	0	0	11	20.8181818181818
A_NA_N1	321	11	N	0	0	11	21.0909090909091
A_NA_N1	322	11	N	0	0	11	21.5454545454545
A_NA_N1	323	11	N	0	0	11	23.2727272727273
A_NA_N1	324	11	N	0	0	11	26.2727272727273
A_NA_N1	325	11	N	0	0	10	24.9
A_NA_N1	326	11	N	0	0	11	22.9090909090909
A_NA_N1	327	11	N	0	0	11	21.3636363636364
A_NA_N1	328	11	N	0	0	11	21
A_NA_N1	329	11	N	0	0	11	20.4545454545455
A_NA_N1	330	11	N	0	0	11	20.7272727272727
A_NA_N1	331	11	N	0	0	11	19.1818181818182
A_NA_N1	332	11	N	0	0	11	18.9090909090909
A_NA_N1	333	10	N	1	0	10	18.4
A_NA_N1	334	10	N	1	0	9	23.6666666666667
A_NA_N1	335	10	N	1	0	10	22.8
A_NA_N1	336	11	N	0	0	11	21.1818181818182
A_NA_N1	337	11	N	0	0	11	20.8181818181818
A_NA_N1	338	11	N	0	0	11	28.7272727272727
A_NA_N1	339	11	N	0	0	10	22.4
A_NA_N1	340	11	N	0	0	11	23.6363636363636
A_NA_N1	341	11	N	0	0	11	24.5454545454545
A_NA_N1	342	10	N	1	0	10	23.6
A_NA_N1	343	11	N	0	0	11	19.6363636363636
A_NA_N1	344	11	N	0	0	11	19.4545454545455
A_NA_N1	345	11	N	0	0	11	19.7272727272727
A_NA_N1	346	11	N	0	0	11	19.9090909090909
A_NA_N1	347	11	N	0	0	11	20.3636363636364
A_NA_N1	348	11	N	0	0	11	19.8181818181818
A_NA_N1	349	11	N	0	0	11	19
A_NA_N1	350	11	N	0	0	11	19.2727272727273
A_NA_N1	351	10	N	1	0	10	19.6
A_NA_N1	352	11	N	0	0	10	20.1
A_NA_N1	353	11	N	0	0	10	20.9
A_NA_N1	354	11	N	0	0	11	21.4545454545455
A_NA_N1	355	11	N	0	0	11	22.5454545454545
A_NA_N1	356	11	N	0	0	11	23.3636363636364
A_NA_N1	357	11	N	0	0	11	22
A_NA_N1	358	11	N	0	0	11	21.1818181818182
A_NA_N1	359	11	N	0	0	11	20.3636363636364
A_NA_N1	360	11	N	0	0	11	21.3636363636364
A_NA_N1	361	11	N	0	0	11	28.6363636363636
A_NA_N1	362	11	N	0	0	11	20.6363636363636
A_NA_N1	363	11	N	0	0	11	19.8181818181818
A_NA_N1	364	11	N	0	0	11	19.0909090909091
A_NA_N1	365	11	N	0	0	11	20.9090909090909
A_NA_N1	366	11	N	0	0	11	22.0909090909091
A_NA_N1	367	11	N	0	0	11	21.1818181818182
A_NA_N1	368	11	N	0	0	11	20.3636363636364
A_NA_N1	369	11	N	0	0	11	18.1818181818182
A_NA_N1	370	11	N	0	0	11	17.8181818181818
A_NA_N1	371	11	N	0	0	11	18.3636363636364
A_NA_N1	372	11	N	0	0	11	18.7272727272727
A_NA_N1	373	11	N	0	0	11	19.7272727272727
A_NA_N1	374	10	N	1	0	10	21.9
A_NA_N1	375	11	N	0	0	11	28.0909090909091
A_NA_N1	376	9	N	2	0	9	20.7777777777778
A_NA_N1	377	11	N	0	0	11	21.4545454545455
A_NA_N1	378	10	N	1	0	10	21.8
A_NA_N1	379	10	N	1	0	10	21.5
A_NA_N1	380	11	N	0	0	11	21.6363636363636
A_NA_N1	381	11	N	0	0	11	20.4545454545455
A_NA_N1	382	11	N	0	0	11	21
A_NA_N1	383	11	N	0	0	11	21.2727272727273
A_NA_N1	384	11	N	0	0	11	21.2727272727273
A_NA_N1	385	11	N	0	0	11	22.1818181818182
A_NA_N1	386	11	N	0	0	11	22.3636363636364
A_NA_N1	387	11	N	0	0	11	22.8181818181818
A_NA_N1	388	11	N	0	0	11	22.8181818181818
A_NA_N1	389	11	N	0	0	11	22.4545454545455
A_NA_N1	390	11	N	0	0	11	21.4545454545455
A_NA_N1	391	11	N	0	0	11	21.5454545454545
A_NA_N1	392	11	N	0	0	11	20.7272727272727
A_NA_N1	393	11	N	0	0	11	20
A_NA_N1	394	11	N	0	0	11	20.2727272727273
A_NA_N1	395	11	N	0	0	11	20.9090909090909
A_NA_N1	396	11	N	0	0	11	20.8181818181818
A_NA_N1	397	11	N	0	0	11	20.6363636363636
A_NA_N1	398	11	N	0	0	11	18.3636363636364
A_NA_N1	399	11	N	0	0	11	16.8181818181818
A_NA_N1	400	10	N	1	0	10	16.5
A_NA_N1	401	11	N	0	0	11	17.2727272727273
A_NA_N1	402	11	N	0	0	11	23.2727272727273
A_NA_N1	403	11	N	0	0	11	23.5454545454545
A_NA_N1	404	11	N	0	0	11	24.0909090909091
A_NA_N1	405	11	N	0	0	11	18.7272727272727
A_NA_N1	406	11	N	0	0	10	20
A_NA_N1	407	11	N	0	0	11	18.6363636363636
A_NA_N1	408	11	N	0	0	11	20.0909090909091
A_NA_N1	409	10	N	1	0	10	18
A_NA_N1	410	11	N	0	0	11	17
A_NA_N1	411	11	N	0	0	8	17.375
A_NA_N1	412	11	N	0	0	11	16.8181818181818
A_NA_N1	413	11	N	0	0	11	16.6363636363636
A_NA_N1	414	10	N	1	0	10	17.1
A_NA_N1	415	10	N	1	0	10	17.1
A_NA_N1	416	11	N	0	0	11	20.1818181818182
A_NA_N1	417	11	N	0	0	10	21.8
A_NA_N1	418	11	N	0	0	11	18.4545454545455
A_NA_N1	419	10	N	1	0	10	21.7
A_NA_N1	420	11	N	0	0	11	20.2727272727273
A_NA_N1	421	11	N	0	0	11	21.5454545454545
A_NA_N1	422	11	N	0	0	11	23.2727272727273
A_NA_N1	423	11	N	0	0	11	22.6363636363636
A_NA_N1	424	11	N	0	0	11	22.6363636363636
A_NA_N1	425	11	N	0	0	11	21.6363636363636
A_NA_N1	426	11	N	0	0	11	21.0909090909091
A_NA_N1	427	11	N	0	0	11	19.5454545454545
A_NA_N1	428	11	N	0	0	11	19.7272727272727
A_NA_N1	429	11	N	0	0	11	19.8181818181818
A_NA_N1	430	11	N	0	0	11	20.5454545454545
A_NA_N1	431	10	N	1	0	10	20.8
A_NA_N1	432	10	N	1	0	10	29.8
A_NA_N1	433	10	N	1	0	10	34.4
A_NA_N1	434	10	N	1	0	10	35.5
A_NA_N1	435	10	N	1	0	10	34.7
A_NA_N1	436	9	N	2	0	9	23.1111111111111
A_NA_N1	437	11	N	0	0	10	22.8
A_NA_N1	438	11	N	0	0	10	24.2
A_NA_N1	439	11	N	0	0	11	21
A_NA_N1	440	11	N	0	0	10	21.9
A_NA_N1	441	11	N	0	0	11	22.9090909090909
A_NA_N1	442	11	N	0	0	10	23.2
A_NA_N1	443	11	N	0	0	11	22.5454545454545
A_NA_N1	444	11	N	0	0	11	22.6363636363636
A_NA_N1	445	11	N	0	0	11	22
A_NA_N1	446	11	N	0	0	10	23.1
A_NA_N1	447	11	N	0	0	8	23.125
A_NA_N1	448	11	N	0	0	11	22.9090909090909
A_NA_N1	449	11	N	0	0	10	20.4
A_NA_N1	450	11	N	0	0	11	19.7272727272727
A_NA_N1	451	11	N	0	0	11	19.3636363636364
A_NA_N1	452	11	N	0	0	11	21.2727272727273
A_NA_N1	453	11	N	0	0	11	23.3636363636364
A_NA_N1	454	11	N	0	0	11	24.1818181818182
A_NA_N1	455	11	N	0	0	11	23.9090909090909
A_NA_N1	456	11	N	0	0	11	23.2727272727273
A_NA_N1	457	11	N	0	0	11	22.5454545454545
A_NA_N1	458	11	N	0	0	11	22.1818181818182
A_NA_N1	459	11	N	0	0	11	20.6363636363636
A_NA_N1	460	11	N	0	0	11	19.6363636363636
A_NA_N1	461	11	N	0	0	11	19.2727272727273
A_NA_N1	462	11	N	0	0	11	18.4545454545455
A_NA_N1	463	11	N	0	0	10	20.2
A_NA_N1	464	11	N	0	0	11	19.7272727272727
A_NA_N1	465	11	N	0	0	11	20
A_NA_N1	466	11	N	0	0	11	20.3636363636364
A_NA_N1	467	11	N	0	0	11	17.3636363636364
A_NA_N1	468	11	N	0	0	11	16.3636363636364
A_NA_N1	469	11	N	0	0	11	16.4545454545455
A_NA_N1	470	11	N	0	0	11	16.6363636363636
A_NA_N1	471	11	N	0	0	11	19
A_NA_N1	472	11	N	0	0	11	18.7272727272727
A_NA_N1	473	11	N	0	0	10	18.1
A_NA_N1	474	11	N	0	0	11	24.2727272727273
A_NA_N1	475	11	N	0	0	11	19.0909090909091
A_NA_N1	476	11	N	0	0	11	20.2727272727273
A_NA_N1	477	11	N	0	0	11	18.8181818181818
A_NA_N1	478	11	N	0	0	11	19.2727272727273
A_NA_N1	479	10	N	1	0	10	20.3
A_NA_N1	480	11	N	0	0	11	20.0909090909091
A_NA_N1	481	11	N	0	0	10	18.8
A_NA_N1	482	11	N	0	0	11	18.4545454545455
A_NA_N1	483	11	N	0	0	11	20.5454545454545
A_NA_N1	484	11	N	0	0	11	20.1818181818182
A_NA_N1	485	10	N	1	0	10	21.8
A_NA_N1	486	9	N	2	0	9	21
A_NA_N1	487	11	N	0	0	11	19.8181818181818
A_NA_N1	488	9	N	2	0	8	20.375
A_NA_N1	489	10	N	1	0	10	19
A_NA_N1	490	10	N	1	0	10	17.8
A_NA_N1	491	11	N	0	0	11	18.3636363636364
A_NA_N1	492	11	N	0	0	10	17
A_NA_N1	493	11	N	0	0	11	17.3636363636364
A_NA_N1	494	10	N	1	0	10	18.5
A_NA_N1	495	11	N	0	0	11	16.4545454545455
A_NA_N1	496	11	N	0	0	11	16.3636363636364
A_NA_N1	497	11	N	0	0	10	19
A_NA_N1	498	11	N	0	0	11	18.3636363636364
A_NA_N1	499	10	N	1	0	9	17.1111111111111
A_NA_N1	500	11	N	0	0	11	19.0909090909091
A_NA_N1	501	9	N	2	0	9	21.5555555555556
A_NA_N1	502	9	N	2	0	9	21
A_NA_N1	503	11	N	0	0	11	22.7272727272727
A_NA_N1	504	11	N	0	0	11	22.7272727272727
A_NA_N1	505	11	N	0	0	11	20.5454545454545
A_NA_N1	506	11	N	0	0	11	22.4545454545455
A_NA_N1	507	11	N	0	0	11	20.5454545454545
A_NA_N1	508	11	N	0	0	11	21.0909090909091
A_NA_N1	509	11	N	0	0	11	22.5454545454545
A_NA_N1	510	11	N	0	0	11	22.5454545454545
A_NA_N1	511	11	N	0	0	11	22.9090909090909
A_NA_N1	512	11	N	0	0	11	23.2727272727273
A_NA_N1	513	11	N	0	0	10	23.8
A_NA_N1	514	11	N	0	0	9	26
A_NA_N1	515	11	N	0	0	10	20.9
A_NA_N1	516	11	N	0	0	11	21.4545454545455
A_NA_N1	517	11	N	0	0	11	19.6363636363636
A_NA_N1	518	11	N	0	0	11	20.2727272727273
A_NA_N1	519	11	N	0	0	11	21.4545454545455
A_NA_N1	520	10	N	1	0	10	21.6
A_NA_N1	521	11	N	0	0	11	20.3636363636364
A_NA_N1	522	11	N	0	0	11	20.7272727272727
A_NA_N1	523	11	N	0	0	11	21.8181818181818
A_NA_N1	524	11	N	0	0	11	20.3636363636364
A_NA_N1	525	11	N	0	0	11	19.2727272727273
A_NA_N1	526	11	N	0	0	10	22.1
A_NA_N1	527	11	N	0	0	11	21.8181818181818
A_NA_N1	528	10	N	1	0	10	22.9
A_NA_N1	529	10	N	1	0	10	22.5
A_NA_N1	530	11	N	0	0	11	20.1818181818182
A_NA_N1	531	11	N	0	0	10	21.6
A_NA_N1	532	11	N	0	0	10	21.6
A_NA_N1	533	10	N	1	0	10	19.8
A_NA_N1	534	11	N	0	0	10	19.9
A_NA_N1	535	11	N	0	0	10	21.2
A_NA_N1	536	11	N	0	0	11	20.3636363636364
A_NA_N1	537	11	N	0	0	11	20.6363636363636
A_NA_N1	538	11	N	0	0	11	20.6363636363636
A_NA_N1	539	11	N	0	0	11	20.9090909090909
A_NA_N1	540	11	N	0	0	11	20.4545454545455
A_NA_N1	541	10	N	1	0	9	20.4444444444444
A_NA_N1	542	11	N	0	0	11	19.3636363636364
A_NA_N1	543	11	N	0	0	11	18.0909090909091
A_NA_N1	544	10	N	1	0	10	22.3
A_NA_N1	545	10	N	1	0	10	24.3
A_NA_N1	546	9	N	2	0	9	25.7777777777778
A_NA_N1	547	11	N	0	0	11	24.8181818181818
A_NA_N1	548	11	N	0	0	10	26.2
A_NA_N1	549	11	N	0	0	11	24.2727272727273
A_NA_N1	550	11	N	0	0	11	24.1818181818182
A_NA_N1	551	11	N	0	0	11	24.7272727272727
A_NA_N1	552	11	N	0	0	11	25.4545454545455
A_NA_N1	553	11	N	0	0	11	25.1818181818182
A_NA_N1	554	11	N	0	0	11	24.6363636363636
A_NA_N1	555	11	N	0	0	11	24.5454545454545
A_NA_N1	556	11	N	0	0	11	23.7272727272727
A_NA_N1	557	11	N	0	0	11	23.7272727272727
A_NA_N1	558	11	N	0	0	11	24.9090909090909
A_NA_N1	559	11	N	0	0	11	27.6363636363636
A_NA_N1	560	11	N	0	0	11	20.3636363636364
A_NA_N1	561	11	N	0	0	11	21.2727272727273
A_NA_N1	562	11	N	0	0	11	20.4545454545455
A_NA_N1	563	11	N	0	0	11	19.0909090909091
A_NA_N1	564	11	N	0	0	11	18.5454545454545
A_NA_N1	565	11	N	0	0	11	17.8181818181818
A_NA_N1	566	11	N	0	0	11	18.6363636363636
A_NA_N1	567	11	N	0	0	11	20.4545454545455
A_NA_N1	568	12	N	0	0	12	20.9166666666667
A_NA_N1	569	12	N	0	0	12	21.1666666666667
A_NA_N1	570	12	N	0	0	12	22.1666666666667
A_NA_N1	571	12	N	0	0	12	21.6666666666667
A_NA_N1	572	12	N	0	0	12	20.8333333333333
A_NA_N1	573	12	N	0	0	12	21
A_NA_N1	574	12	N	0	0	12	24.3333333333333
A_NA_N1	575	12	N	0	0	12	24.4166666666667
A_NA_N1	576	12	N	0	0	11	24
A_NA_N1	577	12	N	0	0	12	22.75
A_NA_N1	578	11	N	1	0	11	23.3636363636364
A_NA_N1	579	12	N	1	0	12	24.9166666666667
A_NA_N1	580	12	N	1	0	12	23.75
A_NA_N1	581	12	N	1	0	12	21.75
A_NA_N1	582	13	N	0	0	13	21.3846153846154
A_NA_N1	583	13	N	0	0	12	22.25
A_NA_N1	584	13	N	0	0	13	21.6923076923077
A_NA_N1	585	13	N	0	0	13	22.1538461538462
A_NA_N1	586	13	N	0	0	13	22.6923076923077
A_NA_N1	587	13	N	0	0	13	22
A_NA_N1	588	13	N	0	0	12	20.75
A_NA_N1	589	13	N	0	0	13	19.4615384615385
A_NA_N1	590	13	N	0	0	13	19.0769230769231
A_NA_N1	591	12	N	1	0	12	19.3333333333333
A_NA_N1	592	12	N	1	0	11	20.9090909090909
A_NA_N1	593	12	N	1	0	10	22.7
A_NA_N1	594	13	N	0	0	11	22
A_NA_N1	595	13	N	0	0	13	20.3846153846154
A_NA_N1	596	13	N	0	0	13	19.3846153846154
A_NA_N1	597	13	N	0	0	12	19.6666666666667
A_NA_N1	598	13	N	0	0	13	22.3076923076923
A_NA_N1	599	12	N	1	0	7	22.8571428571429
A_NA_N1	600	12	N	1	0	12	24.5833333333333
A_NA_N1	601	13	N	0	0	13	23.6153846153846
A_NA_N1	602	13	N	0	0	13	22.1538461538462
A_NA_N1	603	13	N	0	0	13	21.5384615384615
A_NA_N1	604	13	N	0	0	13	21.1538461538462
A_NA_N1	605	13	N	0	0	13	20.4615384615385
A_NA_N1	606	13	N	0	0	13	21.7692307692308
A_NA_N1	607	12	N	1	0	11	23.1818181818182
A_NA_N1	608	12	N	1	0	12	22.1666666666667
A_NA_N1	609	11	N	2	0	11	24.5454545454545
A_NA_N1	610	12	N	1	0	12	24.5
A_NA_N1	611	12	N	1	0	11	23.7272727272727
A_NA_N1	612	12	N	1	0	12	22.5
A_NA_N1	613	12	N	1	0	10	24.4
A_NA_N1	614	13	N	0	0	13	20.7692307692308
A_NA_N1	615	13	N	0	0	13	20.8461538461538
A_NA_N1	616	13	N	0	0	12	24.5833333333333
A_NA_N1	617	13	N	0	0	13	19.3846153846154
A_NA_N1	618	12	N	1	0	12	19.9166666666667
A_NA_N1	619	12	N	1	0	12	19.75
A_NA_N1	620	13	N	0	0	13	20.0769230769231
A_NA_N1	621	13	N	0	0	13	21.9230769230769
A_NA_N1	622	13	N	0	0	11	23.5454545454545
A_NA_N1	623	13	N	0	0	12	23
A_NA_N1	624	13	N	0	0	12	24.1666666666667
A_NA_N1	625	13	N	0	0	13	25.6923076923077
A_NA_N1	626	13	N	0	0	13	22
A_NA_N1	627	13	N	0	0	13	21.5384615384615
A_NA_N1	628	13	N	0	0	13	22.0769230769231
A_NA_N1	629	13	N	0	0	13	22.2307692307692
A_NA_N1	630	13	N	0	0	13	23.8461538461538
A_NA_N1	631	13	N	0	0	13	29.5384615384615
A_NA_N1	632	13	N	0	0	13	23.3846153846154
A_NA_N1	633	13	N	0	0	13	21.2307692307692
A_NA_N1	634	13	N	0	0	13	21.6153846153846
A_NA_N1	635	13	N	0	0	13	19.3846153846154
A_NA_N1	636	13	N	0	0	13	20.5384615384615
A_NA_N1	637	13	N	0	0	13	24.2307692307692
A_NA_N1	638	13	N	0	0	13	23.7692307692308
A_NA_N1	639	13	N	0	0	13	24.5384615384615
A_NA_N1	640	13	N	0	0	13	22.7692307692308
A_NA_N1	641	13	N	0	0	13	21.6923076923077
A_NA_N1	642	13	N	0	0	12	21.6666666666667
A_NA_N1	643	13	N	0	0	12	22.25
A_NA_N1	644	13	N	0	0	12	24.0833333333333
A_NA_N1	645	13	N	0	0	12	23.5833333333333
A_NA_N1	646	13	N	0	0	10	24.7
A_NA_N1	647	13	N	0	0	13	26.0769230769231
A_NA_N1	648	13	N	0	0	13	25.6153846153846
A_NA_N1	649	13	N	0	0	13	24.5384615384615
A_NA_N1	650	13	N	0	0	13	25.0769230769231
A_NA_N1	651	13	N	0	0	13	25
A_NA_N1	652	13	N	0	0	12	26.1666666666667
A_NA_N1	653	13	N	0	0	13	26.4615384615385
A_NA_N1	654	13	N	0	0	13	26.3846153846154
A_NA_N1	655	13	N	0	0	13	25.2307692307692
A_NA_N1	656	13	N	0	0	13	26.1538461538462
A_NA_N1	657	13	N	0	0	13	25.3076923076923
A_NA_N1	658	13	N	0	0	13	24.8461538461538
A_NA_N1	659	13	N	0	0	13	25
A_NA_N1	660	13	N	0	0	13	24.7692307692308
A_NA_N1	661	13	N	0	0	13	24.1538461538462
A_NA_N1	662	13	N	0	0	13	22.6923076923077
A_NA_N1	663	12	N	1	0	12	24.1666666666667
A_NA_N1	664	13	N	0	0	12	23.75
A_NA_N1	665	13	N	0	0	12	23.8333333333333
A_NA_N1	666	13	N	0	0	13	21.6153846153846
A_NA_N1	667	13	N	0	0	13	22.1538461538462
A_NA_N1	668	13	N	0	0	13	23.0769230769231
A_NA_N1	669	12	N	1	0	12	21.0833333333333
A_NA_N1	670	13	N	0	0	11	21.5454545454545
A_NA_N1	671	13	N	0	0	13	21.3076923076923
A_NA_N1	672	13	N	0	0	13	20.7692307692308
A_NA_N1	673	13	N	0	0	13	21.0769230769231
A_NA_N1	674	13	N	0	0	13	21.8461538461538
A_NA_N1	675	13	N	0	0	13	19.6923076923077
A_NA_N1	676	13	N	0	0	13	20.1538461538462
A_NA_N1	677	13	N	0	0	13	21.8461538461538
A_NA_N1	678	13	N	0	0	13	22.9230769230769
A_NA_N1	679	13	N	0	0	13	29.2307692307692
A_NA_N1	680	12	N	1	0	12	23.8333333333333
A_NA_N1	681	13	N	0	0	13	23.0769230769231
A_NA_N1	682	13	N	0	0	13	22.8461538461538
A_NA_N1	683	13	N	0	0	13	21.5384615384615
A_NA_N1	684	13	N	0	0	9	21.1111111111111
A_NA_N1	685	13	N	0	0	12	22.4166666666667
A_NA_N1	686	13	N	0	0	13	22.7692307692308
A_NA_N1	687	12	N	1	0	11	24.5454545454545
A_NA_N1	688	13	N	0	0	13	24.7692307692308
A_NA_N1	689	13	N	0	0	13	21.3846153846154
A_NA_N1	690	13	N	0	0	13	19.4615384615385
A_NA_N1	691	13	N	0	0	13	18.7692307692308
A_NA_N1	692	13	N	0	0	13	20.0769230769231
A_NA_N1	693	13	N	0	0	13	19.3846153846154
A_NA_N1	694	13	N	0	0	13	19.8461538461538
A_NA_N1	695	13	N	0	0	13	19.6923076923077
A_NA_N1	696	13	N	0	0	13	19.9230769230769
A_NA_N1	697	11	N	2	0	11	21
A_NA_N1	698	11	N	2	0	11	21.4545454545455
A_NA_N1	699	13	N	0	0	13	22
A_NA_N1	700	13	N	0	0	13	27.4615384615385
A_NA_N1	701	13	N	0	0	13	24.3846153846154
A_NA_N1	702	13	N	0	0	13	23.1538461538462
A_NA_N1	703	13	N	0	0	13	22.6153846153846
A_NA_N1	704	13	N	0	0	13	21.7692307692308
A_NA_N1	705	13	N	0	0	13	27.1538461538462
A_NA_N1	706	13	N	0	0	13	27.7692307692308
A_NA_N1	707	13	N	0	0	13	25.6153846153846
A_NA_N1	708	13	N	0	0	13	25.3846153846154
A_NA_N1	709	13	N	0	0	13	22.5384615384615
A_NA_N1	710	13	N	0	0	13	22.4615384615385
A_NA_N1	711	13	N	0	0	13	22.1538461538462
A_NA_N1	712	12	N	1	0	12	21.4166666666667
A_NA_N1	713	12	N	1	0	12	21.5833333333333
A_NA_N1	714	13	N	0	0	12	21.4166666666667
A_NA_N1	715	12	N	1	0	12	21.75
A_NA_N1	716	13	N	0	0	13	19.1538461538462
A_NA_N1	717	13	N	0	0	13	19.2307692307692
A_NA_N1	718	13	N	0	0	13	18.8461538461538
A_NA_N1	719	13	N	0	0	13	20.2307692307692
A_NA_N1	720	13	N	0	0	13	22.8461538461538
A_NA_N1	721	13	N	0	0	13	23.6153846153846
A_NA_N1	722	13	N	0	0	13	21.3076923076923
A_NA_N1	723	13	N	0	0	13	20.0769230769231
A_NA_N1	724	13	N	0	0	13	20.2307692307692
A_NA_N1	725	13	N	0	0	13	20.5384615384615
A_NA_N1	726	13	N	0	0	13	19.6923076923077
A_NA_N1	727	13	N	0	0	13	19.9230769230769
A_NA_N1	728	12	N	1	0	12	23.25
A_NA_N1	729	13	N	0	0	10	26.4
A_NA_N1	730	13	N	0	0	13	22
A_NA_N1	731	13	N	0	0	13	22.6923076923077
A_NA_N1	732	13	N	0	0	13	17.4615384615385
A_NA_N1	733	13	N	0	0	13	18.1538461538462
A_NA_N1	734	13	N	0	0	13	17.3076923076923
A_NA_N1	735	13	N	0	0	13	16.6923076923077
A_NA_N1	736	13	N	0	0	13	19.1538461538462
A_NA_N1	737	13	N	0	0	13	20.3076923076923
A_NA_N1	738	13	N	0	0	13	20.8461538461538
A_NA_N1	739	13	N	0	0	13	21.1538461538462
A_NA_N1	740	13	N	0	0	12	22.8333333333333
A_NA_N1	741	13	N	0	0	13	25
A_NA_N1	742	13	N	0	0	13	24.0769230769231
A_NA_N1	743	13	N	0	0	13	23.7692307692308
A_NA_N1	744	12	N	1	0	11	22.8181818181818
A_NA_N1	745	13	N	0	0	12	21.1666666666667
A_NA_N1	746	13	N	0	0	13	18.5384615384615
A_NA_N1	747	13	N	0	0	13	20.0769230769231
A_NA_N1	748	13	N	0	0	13	18.2307692307692
A_NA_N1	749	13	N	0	0	13	18.1538461538462
A_NA_N1	750	12	N	1	0	12	18.75
A_NA_N1	751	13	N	0	0	13	20.5384615384615
A_NA_N1	752	13	N	0	0	13	25.9230769230769
A_NA_N1	753	13	N	0	0	12	21.6666666666667
A_NA_N1	754	13	N	0	0	13	21.8461538461538
A_NA_N1	755	13	N	0	0	13	21.7692307692308
A_NA_N1	756	13	N	0	0	13	20.1538461538462
A_NA_N1	757	13	N	0	0	13	21.4615384615385
A_NA_N1	758	13	N	0	0	13	21.7692307692308
A_NA_N1	759	13	N	0	0	13	23
A_NA_N1	760	12	N	1	0	12	21.4166666666667
A_NA_N1	761	13	N	0	0	13	21.7692307692308
A_NA_N1	762	13	N	0	0	13	19.5384615384615
A_NA_N1	763	13	N	0	0	13	18.8461538461538
A_NA_N1	764	13	N	0	0	13	18.3076923076923
A_NA_N1	765	13	N	0	0	13	16.9230769230769
A_NA_N1	766	13	N	0	0	13	24.9230769230769
A_NA_N1	767	13	N	0	0	13	26.3846153846154
A_NA_N1	768	13	N	0	0	12	27.5
A_NA_N1	769	13	N	0	0	13	21.3076923076923
A_NA_N1	770	12	N	1	0	10	20.6
A_NA_N1	771	13	N	0	0	13	19.1538461538462
A_NA_N1	772	13	N	0	0	12	20.6666666666667
A_NA_N1	773	13	N	0	0	13	20
A_NA_N1	774	13	N	0	0	13	21
A_NA_N1	775	13	N	0	0	13	22.6153846153846
A_NA_N1	776	13	N	0	0	13	21.6923076923077
A_NA_N1	777	13	N	0	0	13	21.1538461538462
A_NA_N1	778	13	N	0	0	13	21.0769230769231
A_NA_N1	779	12	N	1	0	12	21.4166666666667
A_NA_N1	780	12	N	1	0	12	21.5
A_NA_N1	781	13	N	0	0	13	20.2307692307692
A_NA_N1	782	13	N	0	0	13	18.3076923076923
A_NA_N1	783	13	N	0	0	13	18.3846153846154
A_NA_N1	784	13	N	0	0	13	20.8461538461538
A_NA_N1	785	13	N	0	0	13	19.8461538461538
A_NA_N1	786	13	N	0	0	13	19.6153846153846
A_NA_N1	787	13	N	0	0	13	19.4615384615385
A_NA_N1	788	13	N	0	0	13	20.2307692307692
A_NA_N1	789	12	N	1	0	12	19.9166666666667
A_NA_N1	790	12	N	1	0	11	22.6363636363636
A_NA_N1	791	12	N	1	0	12	23.5
A_NA_N1	792	12	N	1	0	12	22.0833333333333
A_NA_N1	793	12	N	1	0	12	27.9166666666667
A_NA_N1	794	13	N	0	0	13	21.6923076923077
A_NA_N1	795	13	N	0	0	13	20.7692307692308
A_NA_N1	796	13	N	0	0	13	20.4615384615385
A_NA_N1	797	13	N	0	0	13	19.7692307692308
A_NA_N1	798	13	N	0	0	13	20.3076923076923
A_NA_N1	799	13	N	0	0	12	21.0833333333333
A_NA_N1	800	13	N	0	0	13	23.5384615384615
A_NA_N1	801	12	N	1	0	12	22.0833333333333
A_NA_N1	802	12	N	1	0	12	21.25
A_NA_N1	803	13	N	0	0	13	21.0769230769231
A_NA_N1	804	13	N	0	0	13	22.5384615384615
A_NA_N1	805	13	N	0	0	13	23.1538461538462
A_NA_N1	806	13	N	0	0	13	24.6923076923077
A_NA_N1	807	12	N	1	0	12	21.1666666666667
A_NA_N1	808	12	N	1	0	12	20.75
A_NA_N1	809	12	N	1	0	12	21.3333333333333
A_NA_N1	810	13	N	0	0	12	21.9166666666667
A_NA_N1	811	13	N	0	0	13	21.6153846153846
A_NA_N1	812	12	N	1	0	11	21.7272727272727
A_NA_N1	813	13	N	0	0	13	21.7692307692308
A_NA_N1	814	13	N	0	0	13	21.3076923076923
A_NA_N1	815	13	N	0	0	13	22.2307692307692
A_NA_N1	816	13	N	0	0	13	22.3846153846154
A_NA_N1	817	13	N	0	0	13	23.1538461538462
A_NA_N1	818	13	N	0	0	13	22.9230769230769
A_NA_N1	819	13	N	0	0	13	23.2307692307692
A_NA_N1	820	13	N	0	0	13	22.4615384615385
A_NA_N1	821	13	N	0	0	13	22.6923076923077
A_NA_N1	822	13	N	0	0	13	22.6153846153846
A_NA_N1	823	13	N	0	0	13	22.7692307692308
A_NA_N1	824	13	N	0	0	13	20.5384615384615
A_NA_N1	825	13	N	0	0	13	19.6153846153846
A_NA_N1	826	13	N	0	0	13	18.3076923076923
A_NA_N1	827	13	N	0	0	13	18
A_NA_N1	828	13	N	0	0	13	17.3846153846154
A_NA_N1	829	13	N	0	0	13	20.0769230769231
A_NA_N1	830	13	N	0	0	13	20.6153846153846
A_NA_N1	831	12	N	1	0	12	20.0833333333333
A_NA_N1	832	12	N	1	0	12	20.3333333333333
A_NA_N1	833	13	N	0	0	13	21.2307692307692
A_NA_N1	834	13	N	0	0	13	21.3846153846154
A_NA_N1	835	13	N	0	0	13	21.1538461538462
A_NA_N1	836	13	N	0	0	13	20.4615384615385
A_NA_N1	837	13	N	0	0	13	20.6923076923077
A_NA_N1	838	13	N	0	0	13	21
A_NA_N1	839	13	N	0	0	13	19.9230769230769
A_NA_N1	840	13	N	0	0	13	19.3846153846154
A_NA_N1	841	13	N	0	0	13	19.3076923076923
A_NA_N1	842	13	N	0	0	13	20.2307692307692
A_NA_N1	843	13	N	0	0	13	21
A_NA_N1	844	13	N	0	0	13	26.5384615384615
A_NA_N1	845	13	N	0	0	13	21.8461538461538
A_NA_N1	846	13	N	0	0	13	22.6923076923077
A_NA_N1	847	13	N	0	0	13	22.6923076923077
A_NA_N1	848	13	N	0	0	13	23.8461538461538
A_NA_N1	849	13	N	0	0	12	23.6666666666667
A_NA_N1	850	13	N	0	0	13	22.6153846153846
A_NA_N1	851	13	N	0	0	13	21.6153846153846
A_NA_N1	852	13	N	0	0	13	21.0769230769231
A_NA_N1	853	13	N	0	0	13	21.1538461538462
A_NA_N1	854	13	N	0	0	13	20.4615384615385
A_NA_N1	855	13	N	0	0	13	20.1538461538462
A_NA_N1	856	13	N	0	0	13	20.9230769230769
A_NA_N1	857	13	N	0	0	13	21.6153846153846
A_NA_N1	858	13	N	0	0	13	23.1538461538462
A_NA_N1	859	13	N	0	0	13	24
A_NA_N1	860	13	N	0	0	13	25.3076923076923
A_NA_N1	861	13	N	0	0	13	24.6153846153846
A_NA_N1	862	13	N	0	0	13	24.3846153846154
A_NA_N1	863	13	N	0	0	13	24.7692307692308
A_NA_N1	864	12	N	1	0	12	23.1666666666667
A_NA_N1	865	11	N	2	0	11	25.8181818181818
A_NA_N1	866	13	N	0	0	13	25.0769230769231
A_NA_N1	867	13	N	0	0	13	23.3846153846154
A_NA_N1	868	12	N	1	0	11	24.1818181818182
A_NA_N1	869	12	N	1	0	11	24
A_NA_N1	870	13	N	0	0	13	20.7692307692308
A_NA_N1	871	13	N	0	0	13	21.4615384615385
A_NA_N1	872	13	N	0	0	13	31.5384615384615
A_NA_N1	873	13	N	0	0	13	32.6153846153846
A_NA_N1	874	13	N	0	0	13	34.4615384615385
A_NA_N1	875	13	N	0	0	13	29.1538461538462
A_NA_N1	876	13	N	0	0	13	22.9230769230769
A_NA_N1	877	13	N	0	0	13	22.3846153846154
A_NA_N1	878	12	N	1	0	12	22.5833333333333
A_NA_N1	879	13	N	0	0	13	24.8461538461538
A_NA_N1	880	13	N	0	0	13	25.1538461538462
A_NA_N1	881	13	N	0	0	13	25.8461538461538
A_NA_N1	882	13	N	0	0	13	25.2307692307692
A_NA_N1	883	12	N	1	0	12	24.9166666666667
A_NA_N1	884	13	N	0	0	12	24.5
A_NA_N1	885	13	N	0	0	12	24.3333333333333
A_NA_N1	886	12	N	1	0	12	22.5833333333333
A_NA_N1	887	12	N	1	0	12	22.6666666666667
A_NA_N1	888	13	N	0	0	13	22.6153846153846
A_NA_N1	889	13	N	0	0	13	23.6153846153846
A_NA_N1	890	13	N	0	0	13	23.6923076923077
A_NA_N1	891	13	N	0	0	13	23.7692307692308
A_NA_N1	892	13	N	0	0	13	23.8461538461538
A_NA_N1	893	13	N	0	0	13	22.8461538461538
A_NA_N1	894	13	N	0	0	10	20.4
A_NA_N1	895	13	N	0	0	13	21.2307692307692
A_NA_N1	896	13	N	0	0	13	23.3076923076923
A_NA_N1	897	13	N	0	0	13	23.2307692307692
A_NA_N1	898	13	N	0	0	13	23.8461538461538
A_NA_N1	899	13	N	0	0	13	22.6923076923077
A_NA_N1	900	13	N	0	0	13	20.6923076923077
A_NA_N1	901	13	N	0	0	13	18.3846153846154
A_NA_N1	902	13	N	0	0	13	17.2307692307692
A_NA_N1	903	13	N	0	0	13	18.3076923076923
A_NA_N1	904	13	N	0	0	13	19.6153846153846
A_NA_N1	905	13	N	0	0	13	19.5384615384615
A_NA_N1	906	12	N	1	0	12	22.0833333333333
A_NA_N1	907	13	N	0	0	13	20.7692307692308
A_NA_N1	908	13	N	0	0	13	20.5384615384615
A_NA_N1	909	13	N	0	0	13	19.4615384615385
A_NA_N1	910	13	N	0	0	13	21.3076923076923
A_NA_N1	911	13	N	0	0	13	20.6923076923077
A_NA_N1	912	13	N	0	0	13	22.3846153846154
A_NA_N1	913	13	N	0	0	13	23
A_NA_N1	914	13	N	0	0	13	23.9230769230769
A_NA_N1	915	13	N	0	0	13	24.6923076923077
A_NA_N1	916	13	N	0	0	13	25.2307692307692
A_NA_N1	917	13	N	0	0	12	24.25
A_NA_N1	918	13	N	0	0	12	24.6666666666667
A_NA_N1	919	13	N	0	0	13	20.7692307692308
A_NA_N1	920	13	N	0	0	13	19.0769230769231
A_NA_N1	921	13	N	0	0	13	20.5384615384615
A_NA_N1	922	13	N	0	0	12	20.5833333333333
A_NA_N1	923	13	N	0	0	13	21.3846153846154
A_NA_N1	924	13	N	0	0	13	20.8461538461538
A_NA_N1	925	13	N	0	0	13	22.0769230769231
A_NA_N1	926	13	N	0	0	13	23.0769230769231
A_NA_N1	927	13	N	0	0	13	23.3076923076923
A_NA_N1	928	13	N	0	0	13	24.2307692307692
A_NA_N1	929	13	N	0	0	13	22.6153846153846
A_NA_N1	930	7	N	6	0	7	23.2857142857143
A_NA_N1	931	13	N	0	0	13	21.6923076923077
A_NA_N1	932	13	N	0	0	13	21.1538461538462
A_NA_N1	933	13	N	0	0	13	20.6923076923077
A_NA_N1	934	13	N	0	0	13	23.0769230769231
A_NA_N1	935	13	N	0	0	13	22.0769230769231
A_NA_N1	936	13	N	0	0	13	22.9230769230769
A_NA_N1	937	13	N	0	0	13	22.1538461538462
A_NA_N1	938	13	N	0	0	13	21.0769230769231
A_NA_N1	939	13	N	0	0	13	21.2307692307692
A_NA_N1	940	13	N	0	0	13	20.2307692307692
A_NA_N1	941	13	N	0	0	13	22.6923076923077
A_NA_N1	942	11	N	2	0	11	21.1818181818182
A_NA_N1	943	13	N	0	0	13	21.0769230769231
A_NA_N1	944	13	N	0	0	13	22.2307692307692
A_NA_N1	945	13	N	0	0	12	21.6666666666667
A_NA_N1	946	13	N	0	0	12	21.5
A_NA_N1	947	13	N	0	0	12	22.25
A_NA_N1	948	13	N	0	0	12	20.4166666666667
A_NA_N1	949	12	N	1	0	12	20.75
A_NA_N1	950	13	N	0	0	13	20.7692307692308
A_NA_N1	951	13	N	0	0	13	20.0769230769231
A_NA_N1	952	13	N	0	0	13	20.6923076923077
A_NA_N1	953	13	N	0	0	13	21.3846153846154
A_NA_N1	954	12	N	1	0	12	23.75
A_NA_N1	955	13	N	0	0	13	23
A_NA_N1	956	11	N	2	0	11	26
A_NA_N1	957	11	N	2	0	11	26
A_NA_N1	958	10	N	3	0	10	25
A_NA_N1	959	12	N	1	0	12	24.25
A_NA_N1	960	12	N	1	0	12	24
A_NA_N1	961	13	N	0	0	12	24.9166666666667
A_NA_N1	962	13	N	0	0	13	24.6923076923077
A_NA_N1	963	13	N	0	0	13	24.6923076923077
A_NA_N1	964	13	N	0	0	13	23.8461538461538
A_NA_N1	965	12	N	1	0	12	23.1666666666667
A_NA_N1	966	10	N	3	0	8	20.5
A_NA_N1	967	13	N	0	0	12	22.1666666666667
A_NA_N1	968	13	N	0	0	13	23.5384615384615
A_NA_N1	969	13	N	0	0	13	22.5384615384615
A_NA_N1	970	13	N	0	0	13	21.3846153846154
A_NA_N1	971	13	N	0	0	13	21.3846153846154
A_NA_N1	972	13	N	0	0	13	21.9230769230769
A_NA_N1	973	13	N	0	0	13	21
A_NA_N1	974	13	N	0	0	13	26.3846153846154
A_NA_N1	975	12	N	1	0	12	20.0833333333333
A_NA_N1	976	13	N	0	0	13	19.7692307692308
A_NA_N1	977	13	N	0	0	13	19.6153846153846
A_NA_N1	978	13	N	0	0	13	19.8461538461538
A_NA_N1	979	13	N	0	0	13	19.5384615384615
A_NA_N1	980	13	N	0	0	12	20.0833333333333
A_NA_N1	981	11	N	2	0	10	23.5
A_NA_N1	982	13	N	0	0	12	23.8333333333333
A_NA_N1	983	13	N	0	0	13	24.3076923076923
A_NA_N1	984	13	N	0	0	12	18.9166666666667
A_NA_N1	985	13	N	0	0	12	21.5
A_NA_N1	986	13	N	0	0	13	20.8461538461538
A_NA_N1	987	13	N	0	0	13	22.5384615384615
A_NA_N1	988	13	N	0	0	13	22.6153846153846
A_NA_N1	989	13	N	0	0	13	21.6153846153846
A_NA_N1	990	13	N	0	0	13	20.7692307692308
A_NA_N1	991	13	N	0	0	13	19.3076923076923
A_NA_N1	992	13	N	0	0	12	21.25
A_NA_N1	993	13	N	0	0	13	21.7692307692308
A_NA_N1	994	13	N	0	0	13	20.9230769230769
A_NA_N1	995	13	N	0	0	13	20.5384615384615
A_NA_N1	996	13	N	0	0	13	19.4615384615385
A_NA_N1	997	13	N	0	0	12	18.75
A_NA_N1	998	13	N	0	0	13	22.1538461538462
A_NA_N1	999	13	N	0	0	12	21.6666666666667
A_NA_N1	1000	13	N	0	0	13	22.6923076923077
A_NA_N1	1001	13	N	0	0	13	23
A_NA_N1	1002	13	N	0	0	9	22.1111111111111
A_NA_N1	1003	13	N	0	0	13	24.4615384615385
A_NA_N1	1004	13	N	0	0	13	23.6153846153846
A_NA_N1	1005	13	N	0	0	13	23.5384615384615
A_NA_N1	1006	13	N	0	0	13	22.3076923076923
A_NA_N1	1007	13	N	0	0	13	23.5384615384615
A_NA_N1	1008	13	N	0	0	13	25.6153846153846
A_NA_N1	1009	13	N	0	0	13	23.9230769230769
A_NA_N1	1010	13	N	0	0	13	21.4615384615385
A_NA_N1	1011	13	N	0	0	13	18.4615384615385
A_NA_N1	1012	13	N	0	0	13	20.5384615384615
A_NA_N1	1013	13	N	0	0	12	20.8333333333333
A_NA_N1	1014	13	N	0	0	13	23
A_NA_N1	1015	12	N	1	0	12	24.9166666666667
A_NA_N1	1016	12	N	1	0	7	25.4285714285714
A_NA_N1	1017	12	N	1	0	12	24.75
A_NA_N1	1018	13	N	0	0	13	23.3076923076923
A_NA_N1	1019	13	N	0	0	13	23.8461538461538
A_NA_N1	1020	13	N	0	0	13	23.2307692307692
A_NA_N1	1021	13	N	0	0	12	24.3333333333333
A_NA_N1	1022	13	N	0	0	13	22.1538461538462
A_NA_N1	1023	13	N	0	0	13	21.4615384615385
A_NA_N1	1024	13	N	0	0	13	19.6153846153846
A_NA_N1	1025	13	N	0	0	13	24.9230769230769
A_NA_N1	1026	12	N	1	0	12	23.3333333333333
A_NA_N1	1027	13	N	0	0	13	21.2307692307692
A_NA_N1	1028	13	N	0	0	13	24.2307692307692
A_NA_N1	1029	13	N	0	0	13	24.7692307692308
A_NA_N1	1030	13	N	0	0	13	24.4615384615385
A_NA_N1	1031	12	N	1	0	12	25.4166666666667
A_NA_N1	1032	11	N	2	0	11	25.4545454545455
A_NA_N1	1033	12	N	1	0	11	24.6363636363636
A_NA_N1	1034	12	N	1	0	12	22.75
A_NA_N1	1035	12	N	1	0	12	21.1666666666667
A_NA_N1	1036	12	N	1	0	12	20.8333333333333
A_NA_N1	1037	12	N	1	0	10	21.1
A_NA_N1	1038	13	N	0	0	13	23.1538461538462
A_NA_N1	1039	13	N	0	0	13	23.6923076923077
A_NA_N1	1040	13	N	0	0	13	25.3846153846154
A_NA_N1	1041	13	N	0	0	8	27.25
A_NA_N1	1042	12	N	1	0	12	26.5833333333333
A_NA_N1	1043	13	N	0	0	13	26.3846153846154
A_NA_N1	1044	13	N	0	0	13	24.3846153846154
A_NA_N1	1045	12	N	1	0	12	26.75
A_NA_N1	1046	13	N	0	0	13	23.4615384615385
A_NA_N1	1047	13	N	0	0	13	24.0769230769231
A_NA_N1	1048	13	N	0	0	13	24.7692307692308
A_NA_N1	1049	13	N	0	0	13	26.8461538461538
A_NA_N1	1050	13	N	0	0	13	24.4615384615385
A_NA_N1	1051	13	N	0	0	13	24.0769230769231
A_NA_N1	1052	13	N	0	0	13	24.4615384615385
A_NA_N1	1053	13	N	0	0	13	24.6153846153846
A_NA_N1	1054	13	N	0	0	13	26.2307692307692
A_NA_N1	1055	13	N	0	0	13	30.6923076923077
A_NA_N1	1056	13	N	0	0	13	29.0769230769231
A_NA_N1	1057	13	N	0	0	13	31.0769230769231
A_NA_N1	1058	13	N	0	0	13	23.9230769230769
A_NA_N1	1059	13	N	0	0	13	21.8461538461538
A_NA_N1	1060	13	N	0	0	13	21.3076923076923
A_NA_N1	1061	13	N	0	0	13	19.8461538461538
A_NA_N1	1062	13	N	0	0	13	19.6153846153846
A_NA_N1	1063	13	N	0	0	13	18.6923076923077
A_NA_N1	1064	13	N	0	0	13	20.0769230769231
A_NA_N1	1065	13	N	0	0	13	22.0769230769231
A_NA_N1	1066	13	N	0	0	13	22.7692307692308
A_NA_N1	1067	13	N	0	0	13	23.6153846153846
A_NA_N1	1068	13	N	0	0	13	24.3846153846154
A_NA_N1	1069	13	N	0	0	13	24.3076923076923
A_NA_N1	1070	13	N	0	0	13	24.6153846153846
A_NA_N1	1071	13	N	0	0	13	24.7692307692308
A_NA_N1	1072	13	N	0	0	13	23.7692307692308
A_NA_N1	1073	10	N	3	0	9	31.5555555555556
A_NA_N1	1074	13	N	0	0	13	21.6923076923077
A_NA_N1	1075	13	N	0	0	13	20.1538461538462
A_NA_N1	1076	13	N	0	0	13	21.2307692307692
A_NA_N1	1077	13	N	0	0	13	21.8461538461538
A_NA_N1	1078	10	N	3	0	10	19.6
A_NA_N1	1079	12	N	1	0	12	22.1666666666667
A_NA_N1	1080	13	N	0	0	13	19.6923076923077
A_NA_N1	1081	13	N	0	0	13	18
A_NA_N1	1082	13	N	0	0	13	17.7692307692308
A_NA_N1	1083	13	N	0	0	8	14.75
A_NA_N1	1084	13	N	0	0	13	18.2307692307692
A_NA_N1	1085	13	N	0	0	13	18.6923076923077
A_NA_N1	1086	13	N	0	0	10	20.4
A_NA_N1	1087	13	N	0	0	13	20.3846153846154
A_NA_N1	1088	13	N	0	0	13	20
A_NA_N1	1089	13	N	0	0	13	17.7692307692308
A_NA_N1	1090	13	N	0	0	13	18.4615384615385
A_NA_N1	1091	13	N	0	0	13	19
A_NA_N1	1092	13	N	0	0	13	19
A_NA_N1	1093	13	N	0	0	13	19.0769230769231
A_NA_N1	1094	12	N	1	0	12	20.25
A_NA_N1	1095	13	N	0	0	12	24.9166666666667
A_NA_N1	1096	13	N	0	0	13	23.1538461538462
A_NA_N1	1097	13	N	0	0	13	22.3076923076923
A_NA_N1	1098	13	N	0	0	13	22.3076923076923
A_NA_N1	1099	13	N	0	0	13	21.7692307692308
A_NA_N1	1100	13	N	0	0	13	21.3846153846154
A_NA_N1	1101	12	N	1	0	12	23.3333333333333
A_NA_N1	1102	12	N	1	0	12	21.4166666666667
A_NA_N1	1103	12	N	1	0	12	21.5
A_NA_N1	1104	13	N	0	0	13	22
A_NA_N1	1105	13	N	0	0	12	22.25
A_NA_N1	1106	13	N	0	0	13	22.2307692307692
A_NA_N1	1107	13	N	0	0	13	21.8461538461538
A_NA_N1	1108	13	N	0	0	13	20.3076923076923
A_NA_N1	1109	13	N	0	0	13	21.4615384615385
A_NA_N1	1110	12	N	1	0	11	22.5454545454545
A_NA_N1	1111	13	N	0	0	12	23.9166666666667
A_NA_N1	1112	13	N	0	0	13	25.3076923076923
A_NA_N1	1113	13	N	0	0	12	25.9166666666667
A_NA_N1	1114	13	N	0	0	13	25
A_NA_N1	1115	13	N	0	0	13	23.3076923076923
A_NA_N1	1116	13	N	0	0	13	22.8461538461538
A_NA_N1	1117	13	N	0	0	13	24.8461538461538
A_NA_N1	1118	13	N	0	0	13	26.3076923076923
A_NA_N1	1119	13	N	0	0	13	24.9230769230769
A_NA_N1	1120	13	N	0	0	13	24.4615384615385
A_NA_N1	1121	13	N	0	0	13	22.9230769230769
A_NA_N1	1122	13	N	0	0	13	24.6923076923077
A_NA_N1	1123	13	N	0	0	13	24.4615384615385
A_NA_N1	1124	13	N	0	0	13	22.7692307692308
A_NA_N1	1125	13	N	0	0	13	21.8461538461538
A_NA_N1	1126	13	N	0	0	13	19.9230769230769
A_NA_N1	1127	13	N	0	0	13	18.3846153846154
A_NA_N1	1128	13	N	0	0	13	18.8461538461538
A_NA_N1	1129	13	N	0	0	13	19.7692307692308
A_NA_N1	1130	13	N	0	0	13	18
A_NA_N1	1131	13	N	0	0	13	18.3846153846154
A_NA_N1	1132	13	N	0	0	13	20.5384615384615
A_NA_N1	1133	13	N	0	0	13	22.7692307692308
A_NA_N1	1134	13	N	0	0	13	29.6153846153846
A_NA_N1	1135	13	N	0	0	13	26.3846153846154
A_NA_N1	1136	13	N	0	0	13	25.4615384615385
A_NA_N1	1137	13	N	0	0	13	25.7692307692308
A_NA_N1	1138	13	N	0	0	13	25.9230769230769
A_NA_N1	1139	13	N	0	0	13	26.3076923076923
A_NA_N1	1140	13	N	0	0	13	27.6153846153846
A_NA_N1	1141	13	N	0	0	13	26.6923076923077
A_NA_N1	1142	13	N	0	0	13	25.9230769230769
A_NA_N1	1143	13	N	0	0	13	26.1538461538462
A_NA_N1	1144	12	N	1	0	12	26.9166666666667
A_NA_N1	1145	12	N	1	0	12	26.5833333333333
A_NA_N1	1146	13	N	0	0	13	24.9230769230769
A_NA_N1	1147	13	N	0	0	13	23.7692307692308
A_NA_N1	1148	13	N	0	0	13	22.4615384615385
A_NA_N1	1149	13	N	0	0	13	23.7692307692308
A_NA_N1	1150	13	N	0	0	13	22.6923076923077
A_NA_N1	1151	13	N	0	0	13	22.9230769230769
A_NA_N1	1152	13	N	0	0	13	25.7692307692308
A_NA_N1	1153	13	N	0	0	13	25.5384615384615
A_NA_N1	1154	13	N	0	0	13	25.1538461538462
A_NA_N1	1155	13	N	0	0	13	25.1538461538462
A_NA_N1	1156	13	N	0	0	13	24.6153846153846
A_NA_N1	1157	13	N	0	0	13	22.8461538461538
A_NA_N1	1158	13	N	0	0	13	21.5384615384615
A_NA_N1	1159	13	N	0	0	13	22.2307692307692
A_NA_N1	1160	13	N	0	0	13	22.6153846153846
A_NA_N1	1161	13	N	0	0	13	23.0769230769231
A_NA_N1	1162	13	N	0	0	13	24.3846153846154
A_NA_N1	1163	13	N	0	0	13	23.7692307692308
A_NA_N1	1164	7	N	6	0	4	23.25
A_NA_N1	1165	10	N	3	0	10	21.4
A_NA_N1	1166	12	N	1	0	12	19.6666666666667
A_NA_N1	1167	13	N	0	0	12	20.1666666666667
A_NA_N1	1168	13	N	0	0	13	20.3846153846154
A_NA_N1	1169	13	N	0	0	13	21
A_NA_N1	1170	13	N	0	0	13	20
A_NA_N1	1171	13	N	0	0	13	19.9230769230769
A_NA_N1	1172	13	N	0	0	13	19.1538461538462
A_NA_N1	1173	13	N	0	0	13	18.2307692307692
A_NA_N1	1174	13	N	0	0	13	21.3846153846154
A_NA_N1	1175	13	N	0	0	13	22.2307692307692
A_NA_N1	1176	13	N	0	0	13	22.2307692307692
A_NA_N1	1177	13	N	0	0	13	21.8461538461538
A_NA_N1	1178	13	N	0	0	13	21.2307692307692
A_NA_N1	1179	13	N	0	0	13	20.9230769230769
A_NA_N1	1180	13	N	0	0	13	22.6923076923077
A_NA_N1	1181	13	N	0	0	13	22.6153846153846
A_NA_N1	1182	13	N	0	0	13	20.0769230769231
A_NA_N1	1183	11	N	2	0	11	18.6363636363636
A_NA_N1	1184	13	N	0	0	13	17.3846153846154
A_NA_N1	1185	13	N	0	0	13	19
A_NA_N1	1186	13	N	0	0	13	20.2307692307692
A_NA_N1	1187	13	N	0	0	13	20.6923076923077
A_NA_N1	1188	12	N	1	0	12	22.5833333333333
A_NA_N1	1189	13	N	0	0	13	28.1538461538462
A_NA_N1	1190	13	N	0	0	13	30.6153846153846
A_NA_N1	1191	13	N	0	0	13	30.4615384615385
A_NA_N1	1192	13	N	0	0	13	24.0769230769231
A_NA_N1	1193	13	N	0	0	13	22.9230769230769
A_NA_N1	1194	13	N	0	0	13	22.3076923076923
A_NA_N1	1195	13	N	0	0	13	22.0769230769231
A_NA_N1	1196	13	N	0	0	13	20.6923076923077
A_NA_N1	1197	13	N	0	0	12	21.5
A_NA_N1	1198	13	N	0	0	12	21.0833333333333
A_NA_N1	1199	12	N	1	0	12	18.75
A_NA_N1	1200	12	N	1	0	11	20.6363636363636
A_NA_N1	1201	10	N	3	0	9	19.8888888888889
A_NA_N1	1202	13	N	0	0	13	21.7692307692308
A_NA_N1	1203	13	N	0	0	13	22
A_NA_N1	1204	13	N	0	0	12	20.5
A_NA_N1	1205	13	N	0	0	13	20.9230769230769
A_NA_N1	1206	13	N	0	0	13	23.6923076923077
A_NA_N1	1207	13	N	0	0	13	23.6153846153846
A_NA_N1	1208	11	N	2	0	11	22
A_NA_N1	1209	10	N	3	0	10	19.2
A_NA_N1	1210	13	N	0	0	12	20.5833333333333
A_NA_N1	1211	13	N	0	0	11	23.3636363636364
A_NA_N1	1212	13	N	0	0	13	24.1538461538462
A_NA_N1	1213	13	N	0	0	13	24
A_NA_N1	1214	13	N	0	0	13	23.3846153846154
A_NA_N1	1215	12	N	1	0	11	22.9090909090909
A_NA_N1	1216	13	N	0	0	13	23.0769230769231
A_NA_N1	1217	13	N	0	0	13	23.5384615384615
A_NA_N1	1218	13	N	0	0	13	22
A_NA_N1	1219	13	N	0	0	13	19.3076923076923
A_NA_N1	1220	13	N	0	0	13	18.7692307692308
A_NA_N1	1221	13	N	0	0	13	20.3076923076923
A_NA_N1	1222	12	N	1	0	12	20.5833333333333
A_NA_N1	1223	13	N	0	0	13	20.9230769230769
A_NA_N1	1224	13	N	0	0	13	22.0769230769231
A_NA_N1	1225	13	N	0	0	13	22.7692307692308
A_NA_N1	1226	13	N	0	0	13	24.0769230769231
A_NA_N1	1227	13	N	0	0	10	22.9
A_NA_N1	1228	13	N	0	0	12	22.1666666666667
A_NA_N1	1229	13	N	0	0	13	20.3076923076923
A_NA_N1	1230	13	N	0	0	13	22.1538461538462
A_NA_N1	1231	13	N	0	0	13	21.5384615384615
A_NA_N1	1232	13	N	0	0	13	22.3846153846154
A_NA_N1	1233	13	N	0	0	13	21.6923076923077
A_NA_N1	1234	13	N	0	0	13	20.1538461538462
A_NA_N1	1235	13	N	0	0	13	20.3846153846154
A_NA_N1	1236	13	N	0	0	13	20.6153846153846
A_NA_N1	1237	13	N	0	0	13	21.9230769230769
A_NA_N1	1238	13	N	0	0	13	24.2307692307692
A_NA_N1	1239	13	N	0	0	13	22
A_NA_N1	1240	13	N	0	0	13	21.9230769230769
A_NA_N1	1241	13	N	0	0	13	22.6923076923077
A_NA_N1	1242	13	N	0	0	13	25.5384615384615
A_NA_N1	1243	13	N	0	0	13	23.5384615384615
A_NA_N1	1244	13	N	0	0	13	25.6153846153846
A_NA_N1	1245	12	N	1	0	12	25.6666666666667
A_NA_N1	1246	12	N	1	0	12	25.6666666666667
A_NA_N1	1247	13	N	0	0	13	24.1538461538462
A_NA_N1	1248	13	N	0	0	12	26.6666666666667
A_NA_N1	1249	13	N	0	0	13	24.0769230769231
A_NA_N1	1250	13	N	0	0	13	29.0769230769231
A_NA_N1	1251	13	N	0	0	13	25.2307692307692
A_NA_N1	1252	13	N	0	0	13	24.1538461538462
A_NA_N1	1253	13	N	0	0	13	24.2307692307692
A_NA_N1	1254	13	N	0	0	13	24.6923076923077
A_NA_N1	1255	13	N	0	0	13	24.3076923076923
A_NA_N1	1256	13	N	0	0	13	28.2307692307692
A_NA_N1	1257	13	N	0	0	13	29.1538461538462
A_NA_N1	1258	13	N	0	0	13	28.3846153846154
A_NA_N1	1259	13	N	0	0	13	28.4615384615385
A_NA_N1	1260	12	N	1	0	12	28.75
A_NA_N1	1261	13	N	0	0	13	22.7692307692308
A_NA_N1	1262	13	N	0	0	13	21.6153846153846
A_NA_N1	1263	13	N	0	0	13	21.6923076923077
A_NA_N1	1264	13	N	0	0	13	20.2307692307692
A_NA_N1	1265	13	N	0	0	13	20.8461538461538
A_NA_N1	1266	13	N	0	0	13	28.3076923076923
A_NA_N1	1267	13	N	0	0	13	27.9230769230769
A_NA_N1	1268	12	N	1	0	12	27.9166666666667
A_NA_N1	1269	12	N	1	0	11	26.7272727272727
A_NA_N1	1270	13	N	0	0	13	21.3846153846154
A_NA_N1	1271	13	N	0	0	12	21.1666666666667
A_NA_N1	1272	13	N	0	0	13	22.2307692307692
A_NA_N1	1273	13	N	0	0	13	22.1538461538462
A_NA_N1	1274	13	N	0	0	13	22.4615384615385
A_NA_N1	1275	13	N	0	0	13	22.1538461538462
A_NA_N1	1276	13	N	0	0	12	22.8333333333333
A_NA_N1	1277	13	N	0	0	13	23.3076923076923
A_NA_N1	1278	13	N	0	0	13	25.2307692307692
A_NA_N1	1279	13	N	0	0	13	24.6153846153846
A_NA_N1	1280	13	N	0	0	13	25.1538461538462
A_NA_N1	1281	13	N	0	0	13	24.8461538461538
A_NA_N1	1282	13	N	0	0	13	24.5384615384615
A_NA_N1	1283	12	N	1	0	12	25.9166666666667
A_NA_N1	1284	12	N	1	0	12	24.8333333333333
A_NA_N1	1285	12	N	1	0	12	30.5833333333333
A_NA_N1	1286	13	N	0	0	12	23.4166666666667
A_NA_N1	1287	13	N	0	0	12	23.6666666666667
A_NA_N1	1288	13	N	0	0	12	24.5833333333333
A_NA_N1	1289	13	N	0	0	12	24.4166666666667
A_NA_N1	1290	13	N	0	0	13	24
A_NA_N1	1291	13	N	0	0	13	23.3076923076923
A_NA_N1	1292	13	N	0	0	13	22.3846153846154
A_NA_N1	1293	13	N	0	0	10	21.4
A_NA_N1	1294	13	N	0	0	13	20.3846153846154
A_NA_N1	1295	13	N	0	0	13	21.3076923076923
A_NA_N1	1296	11	N	2	0	11	21
A_NA_N1	1297	11	N	2	0	11	19.5454545454545
A_NA_N1	1298	13	N	0	0	13	16.6153846153846
A_NA_N1	1299	13	N	0	0	12	15.5833333333333
A_NA_N1	1300	13	N	0	0	12	16.5833333333333
A_NA_N1	1301	13	N	0	0	12	23.6666666666667
A_NA_N1	1302	13	N	0	0	13	18.0769230769231
A_NA_N1	1303	13	N	0	0	13	19.5384615384615
A_NA_N1	1304	13	N	0	0	12	20.75
A_NA_N1	1305	13	N	0	0	8	26
A_NA_N1	1306	13	N	0	0	13	20.9230769230769
A_NA_N1	1307	12	N	1	0	12	23.5
A_NA_N1	1308	13	N	0	0	13	22.5384615384615
A_NA_N1	1309	13	N	0	0	13	21.8461538461538
A_NA_N1	1310	9	N	4	0	7	23.1428571428571
A_NA_N1	1311	13	N	0	0	13	20.1538461538462
A_NA_N1	1312	13	N	0	0	13	19.4615384615385
A_NA_N1	1313	13	N	0	0	13	24.3076923076923
A_NA_N1	1314	13	N	0	0	13	22.6923076923077
A_NA_N1	1315	13	N	0	0	13	19.4615384615385
A_NA_N1	1316	12	N	1	0	12	22
A_NA_N1	1317	13	N	0	0	12	24.25
A_NA_N1	1318	13	N	0	0	13	23.6153846153846
A_NA_N1	1319	13	N	0	0	13	21.8461538461538
A_NA_N1	1320	13	N	0	0	13	23.2307692307692
A_NA_N1	1321	13	N	0	0	13	21.6153846153846
A_NA_N1	1322	13	N	0	0	13	22.3846153846154
A_NA_N1	1323	13	N	0	0	13	21.7692307692308
A_NA_N1	1324	13	N	0	0	13	19.1538461538462
A_NA_N1	1325	13	N	0	0	13	19.9230769230769
A_NA_N1	1326	12	N	1	0	12	22.75
A_NA_N1	1327	13	N	0	0	13	21.9230769230769
A_NA_N1	1328	13	N	0	0	10	23.4
A_NA_N1	1329	13	N	0	0	12	24.1666666666667
A_NA_N1	1330	12	N	1	0	12	22.3333333333333
A_NA_N1	1331	12	N	1	0	12	22
A_NA_N1	1332	13	N	0	0	13	20.4615384615385
A_NA_N1	1333	10	N	3	0	9	18.8888888888889
A_NA_N1	1334	13	N	0	0	13	18.7692307692308
A_NA_N1	1335	13	N	0	0	13	19.7692307692308
A_NA_N1	1336	13	N	0	0	13	18.5384615384615
A_NA_N1	1337	13	N	0	0	13	18.2307692307692
A_NA_N1	1338	13	N	0	0	12	20.75
A_NA_N1	1339	13	N	0	0	13	21.0769230769231
A_NA_N1	1340	13	N	0	0	13	21.3846153846154
A_NA_N1	1341	13	N	0	0	13	23.5384615384615
A_NA_N1	1342	13	N	0	0	13	23.7692307692308
A_NA_N1	1343	13	N	0	0	13	22.6153846153846
A_NA_N1	1344	13	N	0	0	13	28.3846153846154
A_NA_N1	1345	13	N	0	0	13	28.3076923076923
A_NA_N1	1346	13	N	0	0	13	28.8461538461538
A_NA_N1	1347	13	N	0	0	13	24.8461538461538
A_NA_N1	1348	13	N	0	0	13	21.6153846153846
A_NA_N1	1349	13	N	0	0	13	19.1538461538462
A_NA_N1	1350	13	N	0	0	13	21
A_NA_N1	1351	12	N	1	0	12	21.25
A_NA_N1	1352	12	N	1	0	12	26.8333333333333
A_NA_N1	1353	12	N	1	0	12	27.3333333333333
A_NA_N1	1354	13	N	0	0	13	21.9230769230769
A_NA_N1	1355	13	N	0	0	13	22.0769230769231
A_NA_N1	1356	13	N	0	0	13	22.1538461538462
A_NA_N1	1357	13	N	0	0	13	22.9230769230769
A_NA_N1	1358	13	N	0	0	13	22.6923076923077
A_NA_N1	1359	13	N	0	0	12	23.3333333333333
A_NA_N1	1360	13	N	0	0	13	23.5384615384615
A_NA_N1	1361	13	N	0	0	13	23.1538461538462
A_NA_N1	1362	13	N	0	0	12	24.1666666666667
A_NA_N1	1363	13	N	0	0	13	24.4615384615385
A_NA_N1	1364	12	N	1	0	12	23
A_NA_N1	1365	13	N	0	0	13	24.7692307692308
A_NA_N1	1366	13	N	0	0	12	29.0833333333333
A_NA_N1	1367	13	N	0	0	13	34.0769230769231
A_NA_N1	1368	12	N	1	0	11	29.7272727272727
A_NA_N1	1369	12	N	1	0	12	23.25
A_NA_N1	1370	12	N	1	0	12	27.5833333333333
A_NA_N1	1371	13	N	0	0	13	31.2307692307692
A_NA_N1	1372	12	N	1	0	10	27.4
A_NA_N1	1373	13	N	0	0	12	32.4166666666667
A_NA_N1	1374	13	N	0	0	13	32
A_NA_N1	1375	13	N	0	0	12	27.75
A_NA_N1	1376	13	N	0	0	13	27.6153846153846
A_NA_N1	1377	13	N	0	0	13	21.0769230769231
A_NA_N1	1378	13	N	0	0	13	18.5384615384615
A_NA_N1	1379	13	N	0	0	13	18.3076923076923
A_NA_N1	1380	13	N	0	0	13	19.3076923076923
A_NA_N1	1381	13	N	0	0	13	20.3076923076923
A_NA_N1	1382	13	N	0	0	13	23.9230769230769
A_NA_N1	1383	13	N	0	0	13	23.8461538461538
A_NA_N1	1384	13	N	0	0	13	19.0769230769231
A_NA_N1	1385	12	N	1	0	12	20.1666666666667
A_NA_N1	1386	13	N	0	0	13	26.1538461538462
A_NA_N1	1387	13	N	0	0	12	31
A_NA_N1	1388	13	N	0	0	13	27.0769230769231
A_NA_N1	1389	13	N	0	0	13	22.3076923076923
A_NA_N1	1390	13	N	0	0	12	20.1666666666667
A_NA_N1	1391	13	N	0	0	12	19.25
A_NA_N1	1392	13	N	0	0	13	19.5384615384615
A_NA_N1	1393	13	N	0	0	13	18.3846153846154
A_NA_N1	1394	13	N	0	0	13	19.0769230769231
A_NA_N1	1395	13	N	0	0	13	28.4615384615385
A_NA_N1	1396	13	N	0	0	13	17.3846153846154
A_NA_N1	1397	13	N	0	0	13	19
A_NA_N1	1398	13	N	0	0	11	18.1818181818182
A_NA_N1	1399	13	N	0	0	12	19.75
A_NA_N1	1400	13	N	0	0	12	19.9166666666667
A_NA_N1	1401	13	N	0	0	13	27.3076923076923
A_NA_N1	1402	13	N	0	0	13	23.0769230769231
A_NA_N1	1403	13	N	0	0	13	23.8461538461538
A_NA_N1	1404	13	N	0	0	13	22.7692307692308
A_NA_N1	1405	13	N	0	0	13	22.5384615384615
A_NA_N1	1406	13	N	0	0	13	22.3846153846154
A_NA_N1	1407	13	N	0	0	13	22.0769230769231
A_NA_N1	1408	13	N	0	0	13	20.9230769230769
A_NA_N1	1409	13	N	0	0	13	21.8461538461538
A_NA_N1	1410	13	N	0	0	13	21.8461538461538
