Reference_Name	Position	Coverage Depth	Consensus	Deletions	Ambiguous	Consensus_Count	Consensus_Average_Quality
A_NP	1	5	N	0	0	5	18.4
A_NP	2	5	N	0	0	5	22
A_NP	3	5	N	0	0	5	19.8
A_NP	4	5	N	0	0	5	19.8
A_NP	5	5	N	0	0	5	18.4
A_NP	6	5	N	0	0	5	17.6
A_NP	7	5	N	0	0	5	19
A_NP	8	5	N	0	0	5	20.4
A_NP	9	5	N	0	0	5	21.6
A_NP	10	5	N	0	0	5	26.6
A_NP	11	5	N	0	0	5	23.2
A_NP	12	5	N	0	0	5	22.6
A_NP	13	5	N	0	0	5	25.4
A_NP	14	5	N	0	0	5	25.6
A_NP	15	5	N	0	0	5	25.4
A_NP	16	5	N	0	0	5	25.2
A_NP	17	5	N	0	0	5	25.2
A_NP	18	5	N	0	0	5	26
A_NP	19	5	N	0	0	5	26.4
A_NP	20	5	N	0	0	5	27.2
A_NP	21	5	N	0	0	5	29.8
A_NP	22	5	N	0	0	5	28
A_NP	23	5	N	0	0	5	24.4
A_NP	24	5	N	0	0	5	23.4
A_NP	25	5	N	0	0	5	22.8
A_NP	26	5	N	0	0	5	23.4
A_NP	27	5	N	0	0	5	24.4
A_NP	28	5	N	0	0	5	27.2
A_NP	29	5	N	0	0	5	27
A_NP	30	5	N	0	0	5	29.4
A_NP	31	5	N	0	0	5	29.4
A_NP	32	5	N	0	0	5	29.2
A_NP	33	5	N	0	0	5	28
A_NP	34	5	N	0	0	5	27.6
A_NP	35	5	N	0	0	5	27.6
A_NP	36	5	N	0	0	5	27.8
A_NP	37	5	N	0	0	5	28.6
A_NP	38	5	N	0	0	5	30.8
A_NP	39	5	N	0	0	5	32
A_NP	40	5	N	0	0	5	29.4
A_NP	41	5	N	0	0	5	28.4
A_NP	42	5	N	0	0	4	28.5
A_NP	43	5	N	0	0	5	22.2
A_NP	44	5	N	0	0	5	21.8
A_NP	45	5	N	0	0	5	22.8
A_NP	46	5	N	0	0	5	23.2
A_NP	47	5	N	0	0	5	24.2
A_NP	48	5	N	0	0	5	24.2
A_NP	49	5	N	0	0	5	21.8
A_NP	50	5	N	0	0	5	20.8
A_NP	51	5	N	0	0	5	19.8
A_NP	52	4	N	1	0	4	22.25
A_NP	53	3	N	2	0	3	20.6666666666667
A_NP	54	5	N	0	0	5	18.2
A_NP	55	5	N	0	0	5	17.2
A_NP	56	5	N	0	0	4	21.5
A_NP	57	5	N	0	0	4	23.5
A_NP	58	5	N	0	0	4	22.5
A_NP	59	5	N	0	0	5	18.2
A_NP	60	5	N	0	0	5	18.6
A_NP	61	5	N	0	0	5	19.8
A_NP	62	5	N	0	0	5	19.6
A_NP	63	5	N	0	0	5	24.6
A_NP	64	5	N	0	0	4	25
A_NP	65	4	N	1	0	4	25.75
A_NP	66	4	N	1	0	4	26.75
A_NP	67	4	N	1	0	4	22.5
A_NP	68	5	N	0	0	5	21
A_NP	69	4	N	1	0	3	25
A_NP	70	4	N	1	0	4	20.25
A_NP	71	4	N	1	0	4	19
A_NP	72	5	N	0	0	5	16.4
A_NP	73	5	N	0	0	5	15.4
A_NP	74	5	N	0	0	5	17
A_NP	75	5	N	0	0	5	18.4
A_NP	76	5	N	0	0	5	14.8
A_NP	77	5	N	0	0	5	13.2
A_NP	78	5	N	0	0	5	14.8
A_NP	79	5	N	0	0	5	16.4
A_NP	80	5	N	0	0	4	18
A_NP	81	5	N	0	0	5	17.6
A_NP	82	5	N	0	0	5	19
A_NP	83	5	N	0	0	5	24.2
A_NP	84	5	N	0	0	5	22
A_NP	85	5	N	0	0	5	20.4
A_NP	86	5	N	0	0	5	21.2
A_NP	87	5	N	0	0	5	19.8
A_NP	88	5	N	0	0	5	21
A_NP	89	5	N	0	0	5	20.8
A_NP	90	5	N	0	0	5	21.2
A_NP	91	5	N	0	0	5	24.4
A_NP	92	5	N	0	0	5	24.2
A_NP	93	5	N	0	0	5	23.6
A_NP	94	5	N	0	0	5	24.4
A_NP	95	5	N	0	0	5	23.8
A_NP	96	5	N	0	0	5	25
A_NP	97	5	N	0	0	5	24
A_NP	98	5	N	0	0	5	24.2
A_NP	99	5	N	0	0	5	26
A_NP	100	5	N	0	0	5	25.8
A_NP	101	5	N	0	0	5	24.2
A_NP	102	5	N	0	0	5	23.8
A_NP	103	5	N	0	0	5	23
A_NP	104	5	N	0	0	5	22.4
A_NP	105	5	N	0	0	5	23.2
A_NP	106	5	N	0	0	5	25
A_NP	107	5	N	0	0	5	23.8
A_NP	108	5	N	0	0	5	24.8
A_NP	109	5	N	0	0	5	19.6
A_NP	110	5	N	0	0	5	21
A_NP	111	5	N	0	0	5	21.8
A_NP	112	5	N	0	0	5	35.6
A_NP	113	5	N	0	0	5	33.2
A_NP	114	5	N	0	0	5	34.6
A_NP	115	5	N	0	0	5	23
A_NP	116	5	N	0	0	5	23.2
A_NP	117	5	N	0	0	5	23.8
A_NP	118	5	N	0	0	5	24.2
A_NP	119	5	N	0	0	5	21.6
A_NP	120	5	N	0	0	4	25.25
A_NP	121	5	N	0	0	5	21.4
A_NP	122	5	N	0	0	4	21.25
A_NP	123	5	N	0	0	4	23.5
A_NP	124	5	N	0	0	4	18
A_NP	125	5	N	0	0	5	15.8
A_NP	126	5	N	0	0	5	17.4
A_NP	127	5	N	0	0	5	20.4
A_NP	128	5	N	0	0	5	19.2
A_NP	129	5	N	0	0	5	13.6
A_NP	130	5	N	0	0	5	14.6
A_NP	131	5	N	0	0	5	11.6
A_NP	132	5	N	0	0	5	12
A_NP	133	5	N	0	0	5	15.6
A_NP	134	5	N	0	0	5	16.4
A_NP	135	5	N	0	0	3	25.3333333333333
A_NP	136	5	N	0	0	4	26.5
A_NP	137	5	N	0	0	4	24.5
A_NP	138	5	N	0	0	5	24.8
A_NP	139	5	N	0	0	5	23.2
A_NP	140	4	N	1	0	4	27
A_NP	141	4	N	1	0	4	25.75
A_NP	142	5	N	0	0	5	21.2
A_NP	143	5	N	0	0	5	21.2
A_NP	144	5	N	0	0	5	22.6
A_NP	145	5	N	0	0	5	22.4
A_NP	146	5	N	0	0	5	22.2
A_NP	147	5	N	0	0	5	22
A_NP	148	5	N	0	0	5	14.4
A_NP	149	5	N	0	0	5	14.4
A_NP	150	5	N	0	0	5	14.8
A_NP	151	5	N	0	0	5	16.6
A_NP	152	5	N	0	0	5	21
A_NP	153	5	N	0	0	5	26
A_NP	154	5	N	0	0	5	26.2
A_NP	155	5	N	0	0	5	27.2
A_NP	156	5	N	0	0	5	26.6
A_NP	157	5	N	0	0	5	25.8
A_NP	158	5	N	0	0	5	26.8
A_NP	159	5	N	0	0	5	27
A_NP	160	5	N	0	0	5	26.4
A_NP	161	5	N	0	0	5	24.8
A_NP	162	5	N	0	0	5	37.2
A_NP	163	5	N	0	0	5	23.4
A_NP	164	5	N	0	0	5	20.2
A_NP	165	5	N	0	0	4	23.5
A_NP	166	5	N	0	0	4	18.5
A_NP	167	5	N	0	0	5	19.8
A_NP	168	5	N	0	0	5	20.4
A_NP	169	5	N	0	0	5	21.8
A_NP	170	5	N	0	0	5	24.6
A_NP	171	5	N	0	0	4	27
A_NP	172	5	N	0	0	5	23.6
A_NP	173	5	N	0	0	5	20
A_NP	174	5	N	0	0	5	17.6
A_NP	175	5	N	0	0	5	16.6
A_NP	176	5	N	0	0	5	18.2
A_NP	177	5	N	0	0	5	18.4
A_NP	178	5	N	0	0	5	19.2
A_NP	179	5	N	0	0	5	21
A_NP	180	5	N	0	0	4	23
A_NP	181	5	N	0	0	5	20.4
A_NP	182	5	N	0	0	5	22
A_NP	183	5	N	0	0	5	25.6
A_NP	184	5	N	0	0	5	29.4
A_NP	185	5	N	0	0	5	29.2
A_NP	186	5	N	0	0	5	28
A_NP	187	5	N	0	0	5	38.2
A_NP	188	5	N	0	0	5	35.8
A_NP	189	5	N	0	0	5	22.2
A_NP	190	5	N	0	0	5	21.6
A_NP	191	5	N	0	0	5	21.8
A_NP	192	4	N	1	0	4	22
A_NP	193	5	N	0	0	5	49.6
A_NP	194	5	N	0	0	5	23.4
A_NP	195	5	N	0	0	5	23.4
A_NP	196	4	N	1	0	4	27
A_NP	197	5	N	0	0	5	23.6
A_NP	198	5	N	0	0	5	23.4
A_NP	199	5	N	0	0	5	21.6
A_NP	200	5	N	0	0	5	21.6
A_NP	201	5	N	0	0	4	17.5
A_NP	202	5	N	0	0	5	21
A_NP	203	5	N	0	0	5	20.8
A_NP	204	5	N	0	0	5	19.4
A_NP	205	5	N	0	0	4	25
A_NP	206	5	N	0	0	5	25.4
A_NP	207	5	N	0	0	5	24.4
A_NP	208	5	N	0	0	5	25.6
A_NP	209	5	N	0	0	5	24.6
A_NP	210	5	N	0	0	5	26
A_NP	211	5	N	0	0	5	24.2
A_NP	212	5	N	0	0	5	27.6
A_NP	213	5	N	0	0	4	32.5
A_NP	214	5	N	0	0	5	27
A_NP	215	5	N	0	0	5	26.2
A_NP	216	5	N	0	0	5	23.4
A_NP	217	5	N	0	0	5	23.8
A_NP	218	5	N	0	0	5	24.2
A_NP	219	5	N	0	0	5	23
A_NP	220	5	N	0	0	5	34
A_NP	221	5	N	0	0	4	26.25
A_NP	222	5	N	0	0	5	36.4
A_NP	223	5	N	0	0	5	21.4
A_NP	224	5	N	0	0	5	20.6
A_NP	225	5	N	0	0	5	20.4
A_NP	226	5	N	0	0	5	18.2
A_NP	227	5	N	0	0	5	21.2
A_NP	228	5	N	0	0	5	22.6
A_NP	229	5	N	0	0	5	25
A_NP	230	5	N	0	0	4	28.25
A_NP	231	5	N	0	0	5	24.8
A_NP	232	5	N	0	0	5	24.8
A_NP	233	5	N	0	0	5	23
A_NP	234	5	N	0	0	5	22.4
A_NP	235	5	N	0	0	5	18
A_NP	236	5	N	0	0	5	19.2
A_NP	237	5	N	0	0	5	20.8
A_NP	238	5	N	0	0	5	20.8
A_NP	239	5	N	0	0	5	23.2
A_NP	240	5	N	0	0	5	21.4
A_NP	241	5	N	0	0	5	19.6
A_NP	242	5	N	0	0	5	25.8
A_NP	243	5	N	0	0	5	23.6
A_NP	244	5	N	0	0	5	23
A_NP	245	5	N	0	0	5	24
A_NP	246	5	N	0	0	5	22.6
A_NP	247	4	N	1	0	4	21
A_NP	248	5	N	0	0	5	23
A_NP	249	5	N	0	0	5	20.6
A_NP	250	5	N	0	0	5	21
A_NP	251	5	N	0	0	5	23.8
A_NP	252	5	N	0	0	5	24.6
A_NP	253	5	N	0	0	5	25.6
A_NP	254	5	N	0	0	5	23.6
A_NP	255	5	N	0	0	4	24.25
A_NP	256	5	N	0	0	5	24.2
A_NP	257	5	N	0	0	5	24.6
A_NP	258	5	N	0	0	5	17.8
A_NP	259	5	N	0	0	5	19.8
A_NP	260	5	N	0	0	5	22.2
A_NP	261	5	N	0	0	5	23.2
A_NP	262	5	N	0	0	5	22.2
A_NP	263	5	N	0	0	5	25.2
A_NP	264	4	N	1	0	4	26.25
A_NP	265	5	N	0	0	5	25
A_NP	266	5	N	0	0	4	20
A_NP	267	5	N	0	0	4	17.5
A_NP	268	5	N	0	0	5	19.4
A_NP	269	5	N	0	0	5	15.8
A_NP	270	5	N	0	0	5	15.4
A_NP	271	5	N	0	0	5	16.6
A_NP	272	5	N	0	0	5	18
A_NP	273	5	N	0	0	5	19.2
A_NP	274	5	N	0	0	5	19.6
A_NP	275	5	N	0	0	5	27.6
A_NP	276	4	N	1	0	4	26.5
A_NP	277	4	N	1	0	4	24.25
A_NP	278	4	N	1	0	4	23.75
A_NP	279	5	N	0	0	5	24.6
A_NP	280	6	N	0	0	6	23.8333333333333
A_NP	281	6	N	0	0	6	23.6666666666667
A_NP	282	6	N	0	0	6	21.1666666666667
A_NP	283	6	N	0	0	6	22.1666666666667
A_NP	284	6	N	0	0	6	23.6666666666667
A_NP	285	6	N	0	0	6	22
A_NP	286	6	N	0	0	6	23.5
A_NP	287	6	N	0	0	6	21.6666666666667
A_NP	288	6	N	0	0	6	21.8333333333333
A_NP	289	6	N	0	0	6	21.3333333333333
A_NP	290	6	N	0	0	6	19.6666666666667
A_NP	291	6	N	0	0	6	18
A_NP	292	5	N	1	0	5	16.6
A_NP	293	5	N	1	0	5	17.6
A_NP	294	5	N	1	0	5	18.4
A_NP	295	6	N	0	0	6	16.8333333333333
A_NP	296	6	N	0	0	6	17.6666666666667
A_NP	297	6	N	0	0	5	20.6
A_NP	298	6	N	0	0	6	22.5
A_NP	299	6	N	0	0	6	24.5
A_NP	300	6	N	0	0	5	25.6
A_NP	301	6	N	0	0	6	22.5
A_NP	302	6	N	0	0	5	27.4
A_NP	303	6	N	0	0	6	22.5
A_NP	304	6	N	0	0	5	25
A_NP	305	6	N	0	0	6	22.1666666666667
A_NP	306	5	N	1	0	5	22
A_NP	307	6	N	0	0	6	22.3333333333333
A_NP	308	6	N	0	0	6	25.6666666666667
A_NP	309	6	N	0	0	6	25.1666666666667
A_NP	310	6	N	0	0	6	24.5
A_NP	311	6	N	0	0	6	23.6666666666667
A_NP	312	6	N	0	0	6	22.5
A_NP	313	6	N	0	0	6	24.5
A_NP	314	6	N	0	0	6	25.6666666666667
A_NP	315	6	N	0	0	6	25.1666666666667
A_NP	316	6	N	0	0	6	22.8333333333333
A_NP	317	6	N	0	0	6	18.3333333333333
A_NP	318	6	N	0	0	6	20.5
A_NP	319	6	N	0	0	6	17.6666666666667
A_NP	320	6	N	0	0	6	21.6666666666667
A_NP	321	6	N	0	0	6	21.3333333333333
A_NP	322	6	N	0	0	6	17.8333333333333
A_NP	323	5	N	1	0	5	23.4
A_NP	324	6	N	0	0	5	22.4
A_NP	325	6	N	0	0	5	22
A_NP	326	6	N	0	0	6	19.3333333333333
A_NP	327	6	N	0	0	6	22.1666666666667
A_NP	328	6	N	0	0	6	22.3333333333333
A_NP	329	6	N	0	0	5	26.6
A_NP	330	6	N	0	0	6	25.6666666666667
A_NP	331	6	N	0	0	6	24.8333333333333
A_NP	332	6	N	0	0	6	26.6666666666667
A_NP	333	6	N	0	0	6	25.1666666666667
A_NP	334	6	N	0	0	6	24.5
A_NP	335	6	N	0	0	6	26.6666666666667
A_NP	336	6	N	0	0	6	26
A_NP	337	6	N	0	0	6	25.3333333333333
A_NP	338	6	N	0	0	6	24.3333333333333
A_NP	339	6	N	0	0	6	22.3333333333333
A_NP	340	6	N	0	0	6	23.8333333333333
A_NP	341	6	N	0	0	6	24.5
A_NP	342	6	N	0	0	6	25.8333333333333
A_NP	343	6	N	0	0	6	20.5
A_NP	344	6	N	0	0	6	20.3333333333333
A_NP	345	6	N	0	0	6	17.5
A_NP	346	6	N	0	0	6	16.1666666666667
A_NP	347	6	N	0	0	6	16.3333333333333
A_NP	348	6	N	0	0	6	18.8333333333333
A_NP	349	4	N	2	0	4	18.5
A_NP	350	4	N	2	0	4	21.75
A_NP	351	5	N	1	0	5	18.6
A_NP	352	6	N	0	0	6	19.3333333333333
A_NP	353	6	N	0	0	6	19
A_NP	354	6	N	0	0	6	18.3333333333333
A_NP	355	6	N	0	0	6	42.5
A_NP	356	6	N	0	0	6	21
A_NP	357	6	N	0	0	6	22
A_NP	358	6	N	0	0	6	24
A_NP	359	6	N	0	0	6	26.1666666666667
A_NP	360	6	N	0	0	6	24.3333333333333
A_NP	361	6	N	0	0	6	24.5
A_NP	362	6	N	0	0	6	21.1666666666667
A_NP	363	6	N	0	0	6	20.8333333333333
A_NP	364	6	N	0	0	6	21
A_NP	365	6	N	0	0	6	21.8333333333333
A_NP	366	6	N	0	0	6	24.3333333333333
A_NP	367	6	N	0	0	6	23.3333333333333
A_NP	368	6	N	0	0	6	21.5
A_NP	369	7	N	0	0	7	19.7142857142857
A_NP	370	6	N	1	0	6	18.5
A_NP	371	6	N	1	0	6	23
A_NP	372	6	N	1	0	6	25.3333333333333
A_NP	373	7	N	0	0	7	25.2857142857143
A_NP	374	7	N	0	0	7	24.8571428571429
A_NP	375	7	N	0	0	7	25.8571428571429
A_NP	376	7	N	0	0	6	27.5
A_NP	377	7	N	0	0	7	24.2857142857143
A_NP	378	7	N	0	0	7	23.4285714285714
A_NP	379	7	N	0	0	7	21.2857142857143
A_NP	380	7	N	0	0	7	21.4285714285714
A_NP	381	7	N	0	0	7	22.2857142857143
A_NP	382	7	N	0	0	7	21.8571428571429
A_NP	383	7	N	0	0	7	23
A_NP	384	7	N	0	0	7	20.5714285714286
A_NP	385	7	N	0	0	7	19.4285714285714
A_NP	386	7	N	0	0	7	20.1428571428571
A_NP	387	7	N	0	0	7	19
A_NP	388	7	N	0	0	7	16.4285714285714
A_NP	389	7	N	0	0	7	16.8571428571429
A_NP	390	8	N	0	0	6	13.8333333333333
A_NP	391	8	N	0	0	8	16.875
A_NP	392	8	N	0	0	8	18.875
A_NP	393	8	N	0	0	7	18.5714285714286
A_NP	394	8	N	0	0	8	14.375
A_NP	395	8	N	0	0	8	15.75
A_NP	396	8	N	0	0	8	15.375
A_NP	397	8	N	0	0	8	16.75
A_NP	398	8	N	0	0	8	19.25
A_NP	399	8	N	0	0	8	20.375
A_NP	400	8	N	0	0	8	21
A_NP	401	8	N	0	0	8	22.875
A_NP	402	8	N	0	0	4	24.75
A_NP	403	8	N	0	0	8	22.875
A_NP	404	8	N	0	0	8	23.25
A_NP	405	7	N	1	0	7	22.2857142857143
A_NP	406	7	N	1	0	4	24
A_NP	407	7	N	1	0	7	22.4285714285714
A_NP	408	7	N	1	0	7	23.1428571428571
A_NP	409	7	N	1	0	7	19
A_NP	410	7	N	1	0	6	20.3333333333333
A_NP	411	7	N	1	0	7	21.8571428571429
A_NP	412	7	N	1	0	7	21.5714285714286
A_NP	413	7	N	1	0	7	23.7142857142857
A_NP	414	7	N	1	0	7	24.1428571428571
A_NP	415	8	N	0	0	8	23.25
A_NP	416	8	N	0	0	8	22.875
A_NP	417	8	N	0	0	8	23
A_NP	418	8	N	0	0	8	22.625
A_NP	419	8	N	0	0	8	21.625
A_NP	420	8	N	0	0	8	23.625
A_NP	421	8	N	0	0	8	25.5
A_NP	422	7	N	1	0	7	26.2857142857143
A_NP	423	8	N	0	0	8	20.875
A_NP	424	8	N	0	0	8	20.375
A_NP	425	8	N	0	0	8	30.75
A_NP	426	8	N	0	0	8	22
A_NP	427	8	N	0	0	8	22.25
A_NP	428	8	N	0	0	8	18.375
A_NP	429	8	N	0	0	8	18.625
A_NP	430	8	N	0	0	8	22.625
A_NP	431	8	N	0	0	8	23.5
A_NP	432	8	N	0	0	8	24.875
A_NP	433	8	N	0	0	8	23.75
A_NP	434	8	N	0	0	8	23.5
A_NP	435	8	N	0	0	8	24.25
A_NP	436	8	N	0	0	8	20.75
A_NP	437	8	N	0	0	8	20.375
A_NP	438	8	N	0	0	8	21.5
A_NP	439	8	N	0	0	8	19.875
A_NP	440	8	N	0	0	8	19.25
A_NP	441	8	N	0	0	8	20.25
A_NP	442	8	N	0	0	8	19.5
A_NP	443	8	N	0	0	8	20.625
A_NP	444	8	N	0	0	8	22.625
A_NP	445	8	N	0	0	8	23.125
A_NP	446	8	N	0	0	8	19
A_NP	447	8	N	0	0	8	20
A_NP	448	8	N	0	0	7	22.1428571428571
A_NP	449	8	N	0	0	7	21.4285714285714
A_NP	450	8	N	0	0	8	22
A_NP	451	8	N	0	0	8	18.625
A_NP	452	7	N	1	0	7	21.7142857142857
A_NP	453	8	N	0	0	8	20
A_NP	454	8	N	0	0	8	18.625
A_NP	455	8	N	0	0	8	18
A_NP	456	8	N	0	0	8	17.875
A_NP	457	8	N	0	0	8	17.75
A_NP	458	8	N	0	0	8	27
A_NP	459	8	N	0	0	8	19.75
A_NP	460	8	N	0	0	8	18.25
A_NP	461	7	N	1	0	6	21.6666666666667
A_NP	462	8	N	0	0	7	19.1428571428571
A_NP	463	8	N	0	0	8	20
A_NP	464	8	N	0	0	8	20.25
A_NP	465	8	N	0	0	4	24.75
A_NP	466	8	N	0	0	8	18.375
A_NP	467	8	N	0	0	8	17.5
A_NP	468	8	N	0	0	8	19.375
A_NP	469	8	N	0	0	8	19.125
A_NP	470	8	N	0	0	8	18.25
A_NP	471	8	N	0	0	8	19.625
A_NP	472	8	N	0	0	8	20.5
A_NP	473	8	N	0	0	8	20.5
A_NP	474	8	N	0	0	8	21.5
A_NP	475	8	N	0	0	8	23.625
A_NP	476	8	N	0	0	8	22.375
A_NP	477	8	N	0	0	8	21.5
A_NP	478	8	N	0	0	8	20
A_NP	479	8	N	0	0	8	20.375
A_NP	480	8	N	0	0	8	20.75
A_NP	481	7	N	1	0	7	21
A_NP	482	7	N	1	0	7	23.1428571428571
A_NP	483	8	N	0	0	8	20.125
A_NP	484	8	N	0	0	8	16.625
A_NP	485	8	N	0	0	8	16.625
A_NP	486	8	N	0	0	8	17.5
A_NP	487	8	N	0	0	7	17.8571428571429
A_NP	488	8	N	0	0	8	17.5
A_NP	489	8	N	0	0	8	18.875
A_NP	490	8	N	0	0	7	20.8571428571429
A_NP	491	8	N	0	0	7	20.2857142857143
A_NP	492	8	N	0	0	8	19.75
A_NP	493	8	N	0	0	8	19.625
A_NP	494	8	N	0	0	8	17.875
A_NP	495	8	N	0	0	8	27.625
A_NP	496	7	N	1	0	6	53.1666666666667
A_NP	497	8	N	0	0	8	21.125
A_NP	498	8	N	0	0	8	20.5
A_NP	499	8	N	0	0	8	21.25
A_NP	500	8	N	0	0	8	21.25
A_NP	501	8	N	0	0	8	22.125
A_NP	502	8	N	0	0	7	22.8571428571429
A_NP	503	7	N	1	0	7	23.2857142857143
A_NP	504	8	N	0	0	8	18.875
A_NP	505	8	N	0	0	8	15
A_NP	506	8	N	0	0	8	18.875
A_NP	507	7	N	1	0	7	22.2857142857143
A_NP	508	8	N	0	0	8	23.875
A_NP	509	8	N	0	0	8	24.625
A_NP	510	7	N	1	0	6	24.6666666666667
A_NP	511	8	N	0	0	8	24.5
A_NP	512	8	N	0	0	7	22.8571428571429
A_NP	513	8	N	0	0	8	20.5
A_NP	514	8	N	0	0	7	21
A_NP	515	8	N	0	0	8	24.375
A_NP	516	8	N	0	0	7	25.4285714285714
A_NP	517	8	N	0	0	8	26.5
A_NP	518	8	N	0	0	8	25.75
A_NP	519	8	N	0	0	7	21.2857142857143
A_NP	520	8	N	0	0	7	23.4285714285714
A_NP	521	8	N	0	0	8	18.25
A_NP	522	8	N	0	0	4	15.75
A_NP	523	8	N	0	0	7	15.5714285714286
A_NP	524	8	N	0	0	8	20.125
A_NP	525	8	N	0	0	8	20.875
A_NP	526	8	N	0	0	8	22.125
A_NP	527	8	N	0	0	8	23.125
A_NP	528	8	N	0	0	5	24.2
A_NP	529	8	N	0	0	7	22
A_NP	530	7	N	1	0	7	21.5714285714286
A_NP	531	6	N	2	0	5	21.2
A_NP	532	8	N	0	0	8	21.625
A_NP	533	8	N	0	0	8	21
A_NP	534	8	N	0	0	6	16.8333333333333
A_NP	535	8	N	0	0	8	15.25
A_NP	536	7	N	1	0	7	16.5714285714286
A_NP	537	8	N	0	0	8	14.875
A_NP	538	8	N	0	0	8	15.75
A_NP	539	8	N	0	0	7	18.2857142857143
A_NP	540	8	N	0	0	8	17
A_NP	541	8	N	0	0	8	17.625
A_NP	542	8	N	0	0	8	18.5
A_NP	543	8	N	0	0	8	19.125
A_NP	544	8	N	0	0	8	18.875
A_NP	545	8	N	0	0	8	20.5
A_NP	546	8	N	0	0	8	13.875
A_NP	547	8	N	0	0	8	14.5
A_NP	548	8	N	0	0	8	12.125
A_NP	549	8	N	0	0	8	17.625
A_NP	550	8	N	0	0	8	20.125
A_NP	551	8	N	0	0	8	16.875
A_NP	552	8	N	0	0	8	18.25
A_NP	553	8	N	0	0	8	18.625
A_NP	554	8	N	0	0	8	17.25
A_NP	555	8	N	0	0	8	18.75
A_NP	556	8	N	0	0	8	19
A_NP	557	8	N	0	0	8	17.625
A_NP	558	8	N	0	0	8	19.5
A_NP	559	8	N	0	0	8	22.625
A_NP	560	8	N	0	0	8	22.375
A_NP	561	7	N	1	0	7	23.7142857142857
A_NP	562	7	N	1	0	7	20.7142857142857
A_NP	563	7	N	1	0	7	19
A_NP	564	7	N	1	0	7	23
A_NP	565	7	N	1	0	7	22.8571428571429
A_NP	566	8	N	0	0	8	24.25
A_NP	567	8	N	0	0	7	20.7142857142857
A_NP	568	8	N	0	0	8	21.5
A_NP	569	8	N	0	0	8	22.625
A_NP	570	8	N	0	0	8	23.125
A_NP	571	8	N	0	0	8	23.5
A_NP	572	8	N	0	0	8	23.625
A_NP	573	8	N	0	0	8	21.375
A_NP	574	8	N	0	0	8	20.75
A_NP	575	7	N	1	0	7	21.4285714285714
A_NP	576	8	N	0	0	8	19.375
A_NP	577	8	N	0	0	7	21
A_NP	578	8	N	0	0	8	17
A_NP	579	8	N	0	0	8	21.625
A_NP	580	8	N	0	0	8	23.25
A_NP	581	8	N	0	0	8	20.125
A_NP	582	8	N	0	0	8	22.375
A_NP	583	8	N	0	0	8	19.875
A_NP	584	8	N	0	0	8	20.625
A_NP	585	8	N	0	0	8	21.375
A_NP	586	8	N	0	0	8	22.125
A_NP	587	8	N	0	0	7	20.8571428571429
A_NP	588	8	N	0	0	8	22
A_NP	589	8	N	0	0	8	21.375
A_NP	590	8	N	0	0	8	21.25
A_NP	591	6	N	2	0	6	22.3333333333333
A_NP	592	8	N	0	0	8	24.375
A_NP	593	8	N	0	0	8	25.125
A_NP	594	8	N	0	0	8	32.5
A_NP	595	8	N	0	0	8	23.125
A_NP	596	8	N	0	0	8	21.125
A_NP	597	8	N	0	0	8	22.75
A_NP	598	8	N	0	0	7	23.1428571428571
A_NP	599	8	N	0	0	7	23.4285714285714
A_NP	600	8	N	0	0	8	24.5
A_NP	601	8	N	0	0	8	35.75
A_NP	602	7	N	1	0	7	24.7142857142857
A_NP	603	8	N	0	0	8	25.5
A_NP	604	8	N	0	0	7	24.4285714285714
A_NP	605	8	N	0	0	8	23.375
A_NP	606	8	N	0	0	7	24.1428571428571
A_NP	607	8	N	0	0	7	26.4285714285714
A_NP	608	8	N	0	0	8	25.875
A_NP	609	8	N	0	0	7	25.4285714285714
A_NP	610	8	N	0	0	8	21.375
A_NP	611	8	N	0	0	7	21.2857142857143
A_NP	612	8	N	0	0	8	23.875
A_NP	613	8	N	0	0	8	25
A_NP	614	8	N	0	0	8	25.75
A_NP	615	8	N	0	0	8	25.75
A_NP	616	8	N	0	0	8	28
A_NP	617	8	N	0	0	8	27.375
A_NP	618	8	N	0	0	7	27
A_NP	619	8	N	0	0	7	27.1428571428571
A_NP	620	6	N	2	0	6	28.5
A_NP	621	8	N	0	0	8	25.75
A_NP	622	8	N	0	0	8	25.25
A_NP	623	8	N	0	0	8	23.125
A_NP	624	8	N	0	0	8	20.75
A_NP	625	8	N	0	0	7	17.4285714285714
A_NP	626	8	N	0	0	8	18.25
A_NP	627	7	N	1	0	7	17.5714285714286
A_NP	628	7	N	1	0	6	19.8333333333333
A_NP	629	7	N	1	0	7	21.1428571428571
A_NP	630	8	N	0	0	8	21.125
A_NP	631	8	N	0	0	8	24.625
A_NP	632	8	N	0	0	8	28.25
A_NP	633	8	N	0	0	8	23.625
A_NP	634	8	N	0	0	7	22.4285714285714
A_NP	635	8	N	0	0	8	22
A_NP	636	8	N	0	0	8	21.25
A_NP	637	8	N	0	0	8	22.875
A_NP	638	8	N	0	0	8	20.5
A_NP	639	8	N	0	0	8	19.875
A_NP	640	8	N	0	0	8	20.75
A_NP	641	8	N	0	0	8	21.75
A_NP	642	8	N	0	0	8	22.625
A_NP	643	8	N	0	0	8	21.5
A_NP	644	8	N	0	0	7	21.7142857142857
A_NP	645	8	N	0	0	7	21.8571428571429
A_NP	646	8	N	0	0	7	20
A_NP	647	8	N	0	0	7	19
A_NP	648	7	N	1	0	7	19.2857142857143
A_NP	649	8	N	0	0	5	19.2
A_NP	650	8	N	0	0	8	16.5
A_NP	651	8	N	0	0	8	19.75
A_NP	652	8	N	0	0	8	19.125
A_NP	653	8	N	0	0	7	21
A_NP	654	8	N	0	0	7	20.8571428571429
A_NP	655	8	N	0	0	8	19
A_NP	656	8	N	0	0	7	19.4285714285714
A_NP	657	8	N	0	0	8	21.625
A_NP	658	8	N	0	0	8	21
A_NP	659	8	N	0	0	8	21
A_NP	660	8	N	0	0	7	21.1428571428571
A_NP	661	8	N	0	0	8	16.875
A_NP	662	8	N	0	0	8	18.75
A_NP	663	8	N	0	0	8	19.5
A_NP	664	8	N	0	0	8	17.75
A_NP	665	8	N	0	0	7	20.4285714285714
A_NP	666	8	N	0	0	7	21.7142857142857
A_NP	667	8	N	0	0	8	19.375
A_NP	668	8	N	0	0	8	20.25
A_NP	669	8	N	0	0	8	19.375
A_NP	670	8	N	0	0	8	19.875
A_NP	671	8	N	0	0	8	20.125
A_NP	672	8	N	0	0	8	22.5
A_NP	673	8	N	0	0	8	25.25
A_NP	674	8	N	0	0	8	24.75
A_NP	675	8	N	0	0	8	24.625
A_NP	676	8	N	0	0	8	21.5
A_NP	677	8	N	0	0	8	21.25
A_NP	678	8	N	0	0	8	20.875
A_NP	679	8	N	0	0	8	20.875
A_NP	680	8	N	0	0	8	21.625
A_NP	681	8	N	0	0	8	19.5
A_NP	682	8	N	0	0	8	23.5
A_NP	683	8	N	0	0	8	23.75
A_NP	684	8	N	0	0	8	18.625
A_NP	685	8	N	0	0	8	20.5
A_NP	686	8	N	0	0	8	21.25
A_NP	687	8	N	0	0	8	22.75
A_NP	688	7	N	1	0	7	23.4285714285714
A_NP	689	8	N	0	0	8	26.375
A_NP	690	8	N	0	0	8	27.125
A_NP	691	7	N	1	0	6	28.1666666666667
A_NP	692	8	N	0	0	8	25.25
A_NP	693	8	N	0	0	8	24.125
A_NP	694	8	N	0	0	8	25.875
A_NP	695	8	N	0	0	8	27.125
A_NP	696	8	N	0	0	8	28.25
A_NP	697	8	N	0	0	8	27.5
A_NP	698	8	N	0	0	8	25.125
A_NP	699	8	N	0	0	8	24.625
A_NP	700	8	N	0	0	8	24.25
A_NP	701	7	N	1	0	7	23.7142857142857
A_NP	702	8	N	0	0	5	23.4
A_NP	703	8	N	0	0	8	20.5
A_NP	704	7	N	1	0	7	19.4285714285714
A_NP	705	7	N	1	0	7	18
A_NP	706	8	N	0	0	7	16.7142857142857
A_NP	707	8	N	0	0	8	17.625
A_NP	708	8	N	0	0	8	17.5
A_NP	709	7	N	1	0	7	16.7142857142857
A_NP	710	7	N	1	0	7	18.1428571428571
A_NP	711	8	N	0	0	7	18.2857142857143
A_NP	712	8	N	0	0	8	22.625
A_NP	713	8	N	0	0	7	23
A_NP	714	8	N	0	0	8	25.125
A_NP	715	8	N	0	0	8	23.5
A_NP	716	8	N	0	0	8	26.125
A_NP	717	7	N	1	0	7	24.8571428571429
A_NP	718	8	N	0	0	8	21.875
A_NP	719	8	N	0	0	8	21.875
A_NP	720	8	N	0	0	8	22
A_NP	721	8	N	0	0	8	20.875
A_NP	722	8	N	0	0	8	22
A_NP	723	8	N	0	0	8	20
A_NP	724	8	N	0	0	8	21.25
A_NP	725	8	N	0	0	8	22.5
A_NP	726	8	N	0	0	8	22.625
A_NP	727	8	N	0	0	8	20.375
A_NP	728	8	N	0	0	8	18.75
A_NP	729	8	N	0	0	4	21
A_NP	730	8	N	0	0	8	29.625
A_NP	731	8	N	0	0	8	22.375
A_NP	732	8	N	0	0	8	22
A_NP	733	8	N	0	0	7	22.8571428571429
A_NP	734	8	N	0	0	7	24.5714285714286
A_NP	735	8	N	0	0	6	22
A_NP	736	8	N	0	0	7	21
A_NP	737	8	N	0	0	8	19
A_NP	738	7	N	1	0	7	18.8571428571429
A_NP	739	7	N	1	0	7	20.1428571428571
A_NP	740	7	N	1	0	7	21.2857142857143
A_NP	741	7	N	1	0	7	20.7142857142857
A_NP	742	7	N	1	0	7	19.8571428571429
A_NP	743	7	N	1	0	7	16.5714285714286
A_NP	744	6	N	2	0	6	19.3333333333333
A_NP	745	7	N	1	0	6	19.5
A_NP	746	8	N	0	0	8	18.375
A_NP	747	8	N	0	0	8	17.25
A_NP	748	8	N	0	0	8	18.75
A_NP	749	8	N	0	0	8	18.625
A_NP	750	8	N	0	0	8	17.5
A_NP	751	8	N	0	0	7	18.1428571428571
A_NP	752	8	N	0	0	7	15.5714285714286
A_NP	753	8	N	0	0	8	17.25
A_NP	754	8	N	0	0	8	17.5
A_NP	755	6	N	2	0	6	22.5
A_NP	756	8	N	0	0	5	12.6
A_NP	757	8	N	0	0	8	16.25
A_NP	758	8	N	0	0	7	15.7142857142857
A_NP	759	8	N	0	0	7	16.8571428571429
A_NP	760	8	N	0	0	8	16.875
A_NP	761	8	N	0	0	7	20.2857142857143
A_NP	762	8	N	0	0	7	20
A_NP	763	8	N	0	0	7	18.4285714285714
A_NP	764	7	N	1	0	6	20.6666666666667
A_NP	765	8	N	0	0	8	14.25
A_NP	766	8	N	0	0	8	14.125
A_NP	767	8	N	0	0	8	15.5
A_NP	768	8	N	0	0	8	20.75
A_NP	769	8	N	0	0	8	18.25
A_NP	770	8	N	0	0	8	18
A_NP	771	8	N	0	0	8	18.875
A_NP	772	8	N	0	0	8	18.375
A_NP	773	8	N	0	0	8	17.25
A_NP	774	8	N	0	0	8	20.875
A_NP	775	8	N	0	0	8	21.875
A_NP	776	7	N	1	0	7	17.4285714285714
A_NP	777	8	N	0	0	8	20.625
A_NP	778	8	N	0	0	8	22.5
A_NP	779	8	N	0	0	8	22.375
A_NP	780	8	N	0	0	5	19
A_NP	781	8	N	0	0	8	28
A_NP	782	8	N	0	0	8	16
A_NP	783	8	N	0	0	7	16
A_NP	784	8	N	0	0	8	16.125
A_NP	785	8	N	0	0	8	17.5
A_NP	786	8	N	0	0	8	17.375
A_NP	787	8	N	0	0	8	20
A_NP	788	7	N	1	0	7	22.4285714285714
A_NP	789	7	N	1	0	7	21.5714285714286
A_NP	790	8	N	0	0	8	22.625
A_NP	791	8	N	0	0	8	23.875
A_NP	792	6	N	2	0	6	24.3333333333333
A_NP	793	7	N	1	0	7	23.5714285714286
A_NP	794	8	N	0	0	8	23
A_NP	795	8	N	0	0	8	24.125
A_NP	796	8	N	0	0	8	25
A_NP	797	8	N	0	0	8	25.5
A_NP	798	8	N	0	0	8	22.875
A_NP	799	8	N	0	0	8	19.625
A_NP	800	7	N	1	0	7	19
A_NP	801	8	N	0	0	4	18.5
A_NP	802	8	N	0	0	8	20.75
A_NP	803	8	N	0	0	8	22
A_NP	804	8	N	0	0	8	23.875
A_NP	805	8	N	0	0	8	31.625
A_NP	806	8	N	0	0	8	34.5
A_NP	807	8	N	0	0	8	29.5
A_NP	808	7	N	1	0	6	34
A_NP	809	8	N	0	0	8	21.875
A_NP	810	8	N	0	0	8	22
A_NP	811	7	N	1	0	7	21
A_NP	812	7	N	1	0	7	22
A_NP	813	7	N	1	0	7	19.7142857142857
A_NP	814	8	N	0	0	7	19.8571428571429
A_NP	815	7	N	1	0	5	23.2
A_NP	816	7	N	1	0	6	19.6666666666667
A_NP	817	8	N	0	0	5	21.8
A_NP	818	8	N	0	0	8	15.125
A_NP	819	8	N	0	0	8	14.375
A_NP	820	8	N	0	0	8	14.375
A_NP	821	8	N	0	0	8	16.625
A_NP	822	8	N	0	0	8	17.625
A_NP	823	8	N	0	0	8	18.75
A_NP	824	8	N	0	0	8	18.75
A_NP	825	8	N	0	0	8	20.5
A_NP	826	8	N	0	0	8	20.25
A_NP	827	8	N	0	0	8	19.375
A_NP	828	8	N	0	0	8	19
A_NP	829	7	N	1	0	6	20
A_NP	830	8	N	0	0	8	16.5
A_NP	831	8	N	0	0	7	19.7142857142857
A_NP	832	8	N	0	0	8	16.625
A_NP	833	8	N	0	0	8	18.625
A_NP	834	7	N	1	0	7	19
A_NP	835	7	N	1	0	7	18
A_NP	836	7	N	1	0	7	17.2857142857143
A_NP	837	6	N	2	0	6	22
A_NP	838	6	N	2	0	6	26.1666666666667
A_NP	839	6	N	2	0	6	47.3333333333333
A_NP	840	8	N	0	0	7	40.7142857142857
A_NP	841	8	N	0	0	6	27.1666666666667
A_NP	842	8	N	0	0	8	20.75
A_NP	843	8	N	0	0	7	22.1428571428571
A_NP	844	7	N	1	0	7	20.5714285714286
A_NP	845	8	N	0	0	8	19.75
A_NP	846	8	N	0	0	7	20.7142857142857
A_NP	847	8	N	0	0	8	21.625
A_NP	848	8	N	0	0	7	23.7142857142857
A_NP	849	8	N	0	0	7	23.1428571428571
A_NP	850	8	N	0	0	8	20.875
A_NP	851	8	N	0	0	8	21.375
A_NP	852	7	N	1	0	7	19.5714285714286
A_NP	853	7	N	1	0	6	21.1666666666667
A_NP	854	7	N	1	0	6	19.5
A_NP	855	8	N	0	0	8	20.75
A_NP	856	8	N	0	0	8	23.5
A_NP	857	8	N	0	0	8	23.5
A_NP	858	8	N	0	0	7	24.1428571428571
A_NP	859	8	N	0	0	7	23.4285714285714
A_NP	860	8	N	0	0	7	23.7142857142857
A_NP	861	8	N	0	0	8	23.25
A_NP	862	8	N	0	0	8	21.875
A_NP	863	8	N	0	0	8	21.875
A_NP	864	8	N	0	0	8	21.125
A_NP	865	8	N	0	0	8	20.75
A_NP	866	8	N	0	0	8	21.25
A_NP	867	8	N	0	0	8	22.125
A_NP	868	8	N	0	0	8	21
A_NP	869	8	N	0	0	7	23.5714285714286
A_NP	870	8	N	0	0	8	25.625
A_NP	871	8	N	0	0	8	24.75
A_NP	872	8	N	0	0	8	23.375
A_NP	873	8	N	0	0	8	22.375
A_NP	874	8	N	0	0	8	23
A_NP	875	8	N	0	0	7	24.7142857142857
A_NP	876	7	N	1	0	4	20
A_NP	877	8	N	0	0	8	21.875
A_NP	878	7	N	1	0	6	23.5
A_NP	879	8	N	0	0	7	24.5714285714286
A_NP	880	8	N	0	0	8	26.375
A_NP	881	8	N	0	0	8	20.375
A_NP	882	8	N	0	0	8	25.625
A_NP	883	7	N	1	0	7	24.7142857142857
A_NP	884	8	N	0	0	8	22.125
A_NP	885	8	N	0	0	8	20.375
A_NP	886	8	N	0	0	8	19.75
A_NP	887	8	N	0	0	8	22.875
A_NP	888	8	N	0	0	8	23.5
A_NP	889	8	N	0	0	8	22.625
A_NP	890	8	N	0	0	8	21.875
A_NP	891	8	N	0	0	8	19.625
A_NP	892	8	N	0	0	4	21.25
A_NP	893	8	N	0	0	8	18.75
A_NP	894	8	N	0	0	8	19.375
A_NP	895	8	N	0	0	8	19.75
A_NP	896	8	N	0	0	8	19.875
A_NP	897	8	N	0	0	8	19.125
A_NP	898	8	N	0	0	8	17.625
A_NP	899	8	N	0	0	8	20.5
A_NP	900	8	N	0	0	4	18.5
A_NP	901	8	N	0	0	8	21.5
A_NP	902	8	N	0	0	8	24.375
A_NP	903	8	N	0	0	7	23.2857142857143
A_NP	904	8	N	0	0	7	23.2857142857143
A_NP	905	8	N	0	0	8	22.625
A_NP	906	8	N	0	0	8	21.875
A_NP	907	8	N	0	0	8	21.125
A_NP	908	8	N	0	0	8	21.375
A_NP	909	8	N	0	0	5	19.6
A_NP	910	8	N	0	0	8	22.75
A_NP	911	8	N	0	0	8	22
A_NP	912	8	N	0	0	8	21.75
A_NP	913	8	N	0	0	8	21.5
A_NP	914	8	N	0	0	8	18.125
A_NP	915	8	N	0	0	8	18.75
A_NP	916	8	N	0	0	8	17
A_NP	917	8	N	0	0	8	15
A_NP	918	8	N	0	0	8	14.25
A_NP	919	8	N	0	0	8	13
A_NP	920	8	N	0	0	8	15
A_NP	921	8	N	0	0	8	16.5
A_NP	922	8	N	0	0	8	15.25
A_NP	923	7	N	1	0	7	17.1428571428571
A_NP	924	8	N	0	0	8	18.875
A_NP	925	8	N	0	0	8	24
A_NP	926	8	N	0	0	8	25.625
A_NP	927	8	N	0	0	8	22.375
A_NP	928	8	N	0	0	7	23.7142857142857
A_NP	929	8	N	0	0	7	22.1428571428571
A_NP	930	8	N	0	0	8	18.125
A_NP	931	8	N	0	0	8	16.75
A_NP	932	8	N	0	0	8	16.75
A_NP	933	8	N	0	0	8	16.25
A_NP	934	8	N	0	0	8	17.875
A_NP	935	8	N	0	0	7	19.7142857142857
A_NP	936	8	N	0	0	8	22.75
A_NP	937	8	N	0	0	8	21
A_NP	938	8	N	0	0	8	20.5
A_NP	939	8	N	0	0	8	21.25
A_NP	940	8	N	0	0	8	20.375
A_NP	941	8	N	0	0	8	20.375
A_NP	942	8	N	0	0	8	21.625
A_NP	943	8	N	0	0	8	21.125
A_NP	944	8	N	0	0	8	21.25
A_NP	945	8	N	0	0	8	23.25
A_NP	946	8	N	0	0	8	24.625
A_NP	947	8	N	0	0	8	24.375
A_NP	948	8	N	0	0	8	24.875
A_NP	949	8	N	0	0	8	23.25
A_NP	950	8	N	0	0	8	22.75
A_NP	951	8	N	0	0	8	22.5
A_NP	952	8	N	0	0	7	23.7142857142857
A_NP	953	8	N	0	0	7	23.2857142857143
A_NP	954	7	N	1	0	7	20.8571428571429
A_NP	955	8	N	0	0	8	20.25
A_NP	956	8	N	0	0	7	24
A_NP	957	8	N	0	0	8	22.75
A_NP	958	8	N	0	0	8	28.875
A_NP	959	7	N	1	0	7	20.8571428571429
A_NP	960	8	N	0	0	8	21.5
A_NP	961	8	N	0	0	8	23.25
A_NP	962	8	N	0	0	8	22.375
A_NP	963	8	N	0	0	8	21.875
A_NP	964	8	N	0	0	8	21.5
A_NP	965	8	N	0	0	8	19.125
A_NP	966	8	N	0	0	8	18.625
A_NP	967	8	N	0	0	7	17.7142857142857
A_NP	968	8	N	0	0	8	20.5
A_NP	969	8	N	0	0	8	20.625
A_NP	970	8	N	0	0	8	18.875
A_NP	971	8	N	0	0	8	14.25
A_NP	972	8	N	0	0	8	15.375
A_NP	973	8	N	0	0	8	16.625
A_NP	974	8	N	0	0	8	15.75
A_NP	975	8	N	0	0	8	16
A_NP	976	8	N	0	0	8	18.25
A_NP	977	8	N	0	0	8	18.625
A_NP	978	8	N	0	0	8	19
A_NP	979	8	N	0	0	8	21.125
A_NP	980	8	N	0	0	8	20.875
A_NP	981	8	N	0	0	8	18.125
A_NP	982	8	N	0	0	4	22
A_NP	983	8	N	0	0	8	20.875
A_NP	984	8	N	0	0	8	20.25
A_NP	985	8	N	0	0	8	21.25
A_NP	986	8	N	0	0	8	21.5
A_NP	987	8	N	0	0	8	18.875
A_NP	988	8	N	0	0	8	17.25
A_NP	989	8	N	0	0	8	17.625
A_NP	990	8	N	0	0	8	18.75
A_NP	991	8	N	0	0	8	20.25
A_NP	992	8	N	0	0	8	23.125
A_NP	993	8	N	0	0	8	22.5
A_NP	994	8	N	0	0	8	33
A_NP	995	8	N	0	0	8	24.375
A_NP	996	8	N	0	0	8	24.125
A_NP	997	8	N	0	0	8	24
A_NP	998	8	N	0	0	8	23.875
A_NP	999	8	N	0	0	8	24.25
A_NP	1000	8	N	0	0	8	24.875
A_NP	1001	8	N	0	0	8	26
A_NP	1002	8	N	0	0	8	25.875
A_NP	1003	8	N	0	0	8	23.625
A_NP	1004	8	N	0	0	8	22.75
A_NP	1005	8	N	0	0	4	22.5
A_NP	1006	8	N	0	0	8	16.5
A_NP	1007	8	N	0	0	8	16.125
A_NP	1008	8	N	0	0	8	17
A_NP	1009	8	N	0	0	8	17.125
A_NP	1010	8	N	0	0	8	21
A_NP	1011	8	N	0	0	8	24.25
A_NP	1012	8	N	0	0	8	24.5
A_NP	1013	8	N	0	0	8	25.75
A_NP	1014	8	N	0	0	8	26
A_NP	1015	8	N	0	0	8	25.75
A_NP	1016	8	N	0	0	8	27.25
A_NP	1017	8	N	0	0	8	25
A_NP	1018	8	N	0	0	8	23.625
A_NP	1019	8	N	0	0	8	25.625
A_NP	1020	8	N	0	0	8	25
A_NP	1021	8	N	0	0	8	27.125
A_NP	1022	8	N	0	0	8	24.75
A_NP	1023	8	N	0	0	4	23.25
A_NP	1024	8	N	0	0	8	19.875
A_NP	1025	8	N	0	0	7	18.4285714285714
A_NP	1026	8	N	0	0	8	18.5
A_NP	1027	8	N	0	0	8	18.5
A_NP	1028	8	N	0	0	8	18.125
A_NP	1029	8	N	0	0	8	18.625
A_NP	1030	8	N	0	0	8	19
A_NP	1031	8	N	0	0	8	21.375
A_NP	1032	8	N	0	0	8	18.5
A_NP	1033	8	N	0	0	8	19
A_NP	1034	8	N	0	0	8	19.375
A_NP	1035	6	N	2	0	6	20.8333333333333
A_NP	1036	8	N	0	0	7	22.8571428571429
A_NP	1037	8	N	0	0	8	24.625
A_NP	1038	8	N	0	0	8	25.625
A_NP	1039	8	N	0	0	8	23
A_NP	1040	7	N	1	0	6	23.8333333333333
A_NP	1041	8	N	0	0	8	21.875
A_NP	1042	8	N	0	0	7	21.2857142857143
A_NP	1043	7	N	1	0	7	21.8571428571429
A_NP	1044	5	N	3	0	4	24
A_NP	1045	7	N	1	0	7	18.7142857142857
A_NP	1046	8	N	0	0	8	16
A_NP	1047	8	N	0	0	6	18.6666666666667
A_NP	1048	8	N	0	0	8	20.625
A_NP	1049	8	N	0	0	8	18.375
A_NP	1050	8	N	0	0	8	17.375
A_NP	1051	7	N	1	0	7	19.2857142857143
A_NP	1052	8	N	0	0	7	19.7142857142857
A_NP	1053	8	N	0	0	5	16.4
A_NP	1054	8	N	0	0	8	17.875
A_NP	1055	8	N	0	0	8	18
A_NP	1056	8	N	0	0	8	20
A_NP	1057	8	N	0	0	8	19.625
A_NP	1058	9	N	0	0	9	20.4444444444444
A_NP	1059	7	N	2	0	7	18.1428571428571
A_NP	1060	9	N	0	0	9	20.7777777777778
A_NP	1061	9	N	0	0	9	19.4444444444444
A_NP	1062	9	N	0	0	9	17.5555555555556
A_NP	1063	9	N	0	0	9	15.2222222222222
A_NP	1064	9	N	0	0	9	13.4444444444444
A_NP	1065	9	N	0	0	9	15
A_NP	1066	7	N	2	0	7	16.8571428571429
A_NP	1067	9	N	0	0	9	13.3333333333333
A_NP	1068	9	N	0	0	9	13.4444444444444
A_NP	1069	9	N	0	0	9	18.2222222222222
A_NP	1070	9	N	0	0	9	18.3333333333333
A_NP	1071	9	N	0	0	9	18.5555555555556
A_NP	1072	9	N	0	0	9	20.3333333333333
A_NP	1073	9	N	0	0	9	21.6666666666667
A_NP	1074	9	N	0	0	9	22.6666666666667
A_NP	1075	9	N	0	0	9	24.5555555555556
A_NP	1076	9	N	0	0	9	24.7777777777778
A_NP	1077	8	N	1	0	8	23.125
A_NP	1078	8	N	1	0	8	20.875
A_NP	1079	9	N	0	0	9	20.3333333333333
A_NP	1080	8	N	1	0	8	20
A_NP	1081	9	N	0	0	9	18.4444444444444
A_NP	1082	9	N	0	0	9	14.4444444444444
A_NP	1083	9	N	0	0	9	15
A_NP	1084	5	N	4	0	5	16.2
A_NP	1085	6	N	3	0	5	16.4
A_NP	1086	9	N	0	0	9	23.5555555555556
A_NP	1087	9	N	0	0	8	13.75
A_NP	1088	9	N	0	0	9	12.7777777777778
A_NP	1089	9	N	0	0	8	16.875
A_NP	1090	9	N	0	0	9	18.4444444444444
A_NP	1091	9	N	0	0	9	17.8888888888889
A_NP	1092	9	N	0	0	9	18.2222222222222
A_NP	1093	9	N	0	0	9	18.4444444444444
A_NP	1094	9	N	0	0	9	19.4444444444444
A_NP	1095	9	N	0	0	9	18.4444444444444
A_NP	1096	9	N	0	0	9	18.5555555555556
A_NP	1097	9	N	0	0	9	18.4444444444444
A_NP	1098	9	N	0	0	9	18.1111111111111
A_NP	1099	9	N	0	0	9	18.8888888888889
A_NP	1100	9	N	0	0	9	19.5555555555556
A_NP	1101	8	N	1	0	8	21.25
A_NP	1102	9	N	0	0	9	21.3333333333333
A_NP	1103	9	N	0	0	9	19.5555555555556
A_NP	1104	9	N	0	0	9	21.5555555555556
A_NP	1105	9	N	0	0	9	22.6666666666667
A_NP	1106	9	N	0	0	9	23.8888888888889
A_NP	1107	9	N	0	0	9	22.5555555555556
A_NP	1108	9	N	0	0	9	20.7777777777778
A_NP	1109	9	N	0	0	9	21.1111111111111
A_NP	1110	9	N	0	0	9	22.5555555555556
A_NP	1111	9	N	0	0	9	23.5555555555556
A_NP	1112	8	N	1	0	8	22.5
A_NP	1113	9	N	0	0	9	19.8888888888889
A_NP	1114	8	N	1	0	8	19.25
A_NP	1115	8	N	1	0	8	19.875
A_NP	1116	8	N	1	0	8	21.875
A_NP	1117	9	N	0	0	9	20.2222222222222
A_NP	1118	9	N	0	0	8	23.75
A_NP	1119	9	N	0	0	8	25.875
A_NP	1120	9	N	0	0	9	23.8888888888889
A_NP	1121	9	N	0	0	9	24.6666666666667
A_NP	1122	9	N	0	0	9	24.1111111111111
A_NP	1123	9	N	0	0	9	22.3333333333333
A_NP	1124	9	N	0	0	9	23
A_NP	1125	9	N	0	0	9	22.2222222222222
A_NP	1126	9	N	0	0	9	20.4444444444444
A_NP	1127	9	N	0	0	9	22.3333333333333
A_NP	1128	9	N	0	0	9	22.6666666666667
A_NP	1129	9	N	0	0	9	22.7777777777778
A_NP	1130	9	N	0	0	9	23.2222222222222
A_NP	1131	9	N	0	0	5	26.6
A_NP	1132	9	N	0	0	9	24.3333333333333
A_NP	1133	9	N	0	0	9	23.5555555555556
A_NP	1134	9	N	0	0	9	24.4444444444444
A_NP	1135	9	N	0	0	9	23.1111111111111
A_NP	1136	9	N	0	0	9	21.4444444444444
A_NP	1137	9	N	0	0	9	19.5555555555556
A_NP	1138	9	N	0	0	9	19.5555555555556
A_NP	1139	9	N	0	0	9	19.3333333333333
A_NP	1140	9	N	0	0	9	19.3333333333333
A_NP	1141	9	N	0	0	9	19.4444444444444
A_NP	1142	9	N	0	0	9	20.7777777777778
A_NP	1143	9	N	0	0	8	21.625
A_NP	1144	9	N	0	0	9	18.7777777777778
A_NP	1145	9	N	0	0	9	17.5555555555556
A_NP	1146	9	N	0	0	9	19.7777777777778
A_NP	1147	9	N	0	0	9	21.3333333333333
A_NP	1148	9	N	0	0	9	21
A_NP	1149	9	N	0	0	9	19.8888888888889
A_NP	1150	9	N	0	0	9	20.4444444444444
A_NP	1151	9	N	0	0	9	18.8888888888889
A_NP	1152	9	N	0	0	9	20.5555555555556
A_NP	1153	9	N	0	0	9	20.1111111111111
A_NP	1154	9	N	0	0	9	19.8888888888889
A_NP	1155	9	N	0	0	9	21.3333333333333
A_NP	1156	9	N	0	0	9	21.2222222222222
A_NP	1157	9	N	0	0	9	21.4444444444444
A_NP	1158	9	N	0	0	9	21
A_NP	1159	9	N	0	0	9	21.7777777777778
A_NP	1160	9	N	0	0	9	22.8888888888889
A_NP	1161	9	N	0	0	9	22.4444444444444
A_NP	1162	9	N	0	0	9	20.5555555555556
A_NP	1163	9	N	0	0	9	20.3333333333333
A_NP	1164	9	N	0	0	9	21.8888888888889
A_NP	1165	9	N	0	0	9	22.6666666666667
A_NP	1166	9	N	0	0	9	23.1111111111111
A_NP	1167	9	N	0	0	9	25
A_NP	1168	9	N	0	0	9	26.1111111111111
A_NP	1169	9	N	0	0	9	22.8888888888889
A_NP	1170	9	N	0	0	9	22.1111111111111
A_NP	1171	9	N	0	0	9	20.7777777777778
A_NP	1172	9	N	0	0	9	23.2222222222222
A_NP	1173	9	N	0	0	9	21
A_NP	1174	9	N	0	0	9	20.2222222222222
A_NP	1175	8	N	1	0	8	20.125
A_NP	1176	8	N	1	0	8	19.875
A_NP	1177	8	N	1	0	8	20
A_NP	1178	9	N	0	0	9	22.3333333333333
A_NP	1179	9	N	0	0	9	23.8888888888889
A_NP	1180	9	N	0	0	9	26
A_NP	1181	9	N	0	0	9	24.4444444444444
A_NP	1182	9	N	0	0	9	22.2222222222222
A_NP	1183	9	N	0	0	9	24.1111111111111
A_NP	1184	9	N	0	0	8	25.625
A_NP	1185	9	N	0	0	9	23.1111111111111
A_NP	1186	9	N	0	0	9	23.5555555555556
A_NP	1187	9	N	0	0	9	24.3333333333333
A_NP	1188	9	N	0	0	8	24.125
A_NP	1189	9	N	0	0	9	24.1111111111111
A_NP	1190	9	N	0	0	9	24.2222222222222
A_NP	1191	9	N	0	0	9	24.3333333333333
A_NP	1192	9	N	0	0	9	26.6666666666667
A_NP	1193	9	N	0	0	9	25.5555555555556
A_NP	1194	9	N	0	0	9	21.8888888888889
A_NP	1195	9	N	0	0	9	24.2222222222222
A_NP	1196	9	N	0	0	9	22.4444444444444
A_NP	1197	9	N	0	0	9	20.8888888888889
A_NP	1198	9	N	0	0	8	23.125
A_NP	1199	9	N	0	0	9	23.1111111111111
A_NP	1200	9	N	0	0	9	22.2222222222222
A_NP	1201	9	N	0	0	8	21.875
A_NP	1202	9	N	0	0	9	17
A_NP	1203	9	N	0	0	9	19.1111111111111
A_NP	1204	9	N	0	0	9	20.8888888888889
A_NP	1205	9	N	0	0	9	22.3333333333333
A_NP	1206	9	N	0	0	9	25.3333333333333
A_NP	1207	9	N	0	0	9	25.7777777777778
A_NP	1208	9	N	0	0	9	27.2222222222222
A_NP	1209	9	N	0	0	9	25.6666666666667
A_NP	1210	9	N	0	0	9	23.8888888888889
A_NP	1211	9	N	0	0	9	23.7777777777778
A_NP	1212	9	N	0	0	9	23
A_NP	1213	9	N	0	0	9	22.8888888888889
A_NP	1214	8	N	1	0	8	22.875
A_NP	1215	8	N	1	0	8	24.875
A_NP	1216	9	N	0	0	9	25.4444444444444
A_NP	1217	9	N	0	0	9	24.4444444444444
A_NP	1218	9	N	0	0	9	24.4444444444444
A_NP	1219	8	N	1	0	8	21.75
A_NP	1220	8	N	1	0	8	21.125
A_NP	1221	9	N	0	0	8	20.625
A_NP	1222	9	N	0	0	9	18.3333333333333
A_NP	1223	9	N	0	0	9	20.3333333333333
A_NP	1224	9	N	0	0	9	21.6666666666667
A_NP	1225	9	N	0	0	9	22.1111111111111
A_NP	1226	9	N	0	0	9	28.7777777777778
A_NP	1227	9	N	0	0	9	28.3333333333333
A_NP	1228	9	N	0	0	9	28
A_NP	1229	9	N	0	0	9	29
A_NP	1230	9	N	0	0	8	19.875
A_NP	1231	8	N	1	0	8	17.125
A_NP	1232	9	N	0	0	9	18.8888888888889
A_NP	1233	9	N	0	0	9	20.3333333333333
A_NP	1234	9	N	0	0	9	20.4444444444444
A_NP	1235	9	N	0	0	9	21.8888888888889
A_NP	1236	9	N	0	0	9	19.4444444444444
A_NP	1237	9	N	0	0	9	25
A_NP	1238	8	N	1	0	8	23.75
A_NP	1239	9	N	0	0	9	18.6666666666667
A_NP	1240	9	N	0	0	8	19.625
A_NP	1241	9	N	0	0	9	17.5555555555556
A_NP	1242	8	N	1	0	7	21.7142857142857
A_NP	1243	7	N	2	0	6	22.6666666666667
A_NP	1244	8	N	1	0	8	18.875
A_NP	1245	9	N	0	0	9	19.4444444444444
A_NP	1246	9	N	0	0	9	19.5555555555556
A_NP	1247	9	N	0	0	9	18.3333333333333
A_NP	1248	9	N	0	0	9	19.7777777777778
A_NP	1249	9	N	0	0	9	20.6666666666667
A_NP	1250	9	N	0	0	9	23
A_NP	1251	9	N	0	0	9	21.8888888888889
A_NP	1252	9	N	0	0	8	24
A_NP	1253	9	N	0	0	9	22.2222222222222
A_NP	1254	9	N	0	0	9	25.3333333333333
A_NP	1255	9	N	0	0	9	22.7777777777778
A_NP	1256	8	N	1	0	8	19.25
A_NP	1257	8	N	1	0	4	24.25
A_NP	1258	8	N	1	0	8	21.625
A_NP	1259	8	N	1	0	8	22.875
A_NP	1260	9	N	0	0	9	20.1111111111111
A_NP	1261	9	N	0	0	9	22.6666666666667
A_NP	1262	9	N	0	0	9	23
A_NP	1263	9	N	0	0	9	22.1111111111111
A_NP	1264	9	N	0	0	9	22.6666666666667
A_NP	1265	9	N	0	0	9	24.2222222222222
A_NP	1266	9	N	0	0	9	24.2222222222222
A_NP	1267	9	N	0	0	9	23.8888888888889
A_NP	1268	9	N	0	0	9	23
A_NP	1269	9	N	0	0	9	22
A_NP	1270	9	N	0	0	9	22.4444444444444
A_NP	1271	9	N	0	0	9	23.8888888888889
A_NP	1272	9	N	0	0	9	22.6666666666667
A_NP	1273	9	N	0	0	9	23.1111111111111
A_NP	1274	8	N	1	0	8	24.75
A_NP	1275	8	N	1	0	8	25.5
A_NP	1276	9	N	0	0	8	24.25
A_NP	1277	9	N	0	0	8	26
A_NP	1278	9	N	0	0	9	23.2222222222222
A_NP	1279	9	N	0	0	9	24.3333333333333
A_NP	1280	9	N	0	0	9	22.8888888888889
A_NP	1281	9	N	0	0	8	25.5
A_NP	1282	9	N	0	0	9	22.6666666666667
A_NP	1283	9	N	0	0	9	23.4444444444444
A_NP	1284	9	N	0	0	9	23.7777777777778
A_NP	1285	9	N	0	0	9	26
A_NP	1286	9	N	0	0	9	27.6666666666667
A_NP	1287	9	N	0	0	9	27.3333333333333
A_NP	1288	9	N	0	0	9	21.8888888888889
A_NP	1289	9	N	0	0	9	19.6666666666667
A_NP	1290	8	N	1	0	8	20.5
A_NP	1291	9	N	0	0	8	21.375
A_NP	1292	9	N	0	0	9	20.2222222222222
A_NP	1293	9	N	0	0	5	21.8
A_NP	1294	9	N	0	0	9	21.4444444444444
A_NP	1295	9	N	0	0	9	23.6666666666667
A_NP	1296	9	N	0	0	9	21.7777777777778
A_NP	1297	9	N	0	0	9	25.8888888888889
A_NP	1298	9	N	0	0	9	25.8888888888889
A_NP	1299	8	N	1	0	8	25.875
A_NP	1300	8	N	1	0	8	25.375
A_NP	1301	9	N	0	0	8	25.375
A_NP	1302	9	N	0	0	9	25.4444444444444
A_NP	1303	8	N	1	0	7	23.7142857142857
A_NP	1304	9	N	0	0	9	23.8888888888889
A_NP	1305	9	N	0	0	8	25.25
A_NP	1306	9	N	0	0	8	23.5
A_NP	1307	9	N	0	0	9	24
A_NP	1308	9	N	0	0	9	23.8888888888889
A_NP	1309	9	N	0	0	9	22.5555555555556
A_NP	1310	9	N	0	0	9	22.7777777777778
A_NP	1311	9	N	0	0	9	24.1111111111111
A_NP	1312	9	N	0	0	9	31.6666666666667
A_NP	1313	9	N	0	0	9	26.3333333333333
A_NP	1314	9	N	0	0	7	25.5714285714286
A_NP	1315	9	N	0	0	8	20.75
A_NP	1316	9	N	0	0	9	21.8888888888889
A_NP	1317	9	N	0	0	9	21.1111111111111
A_NP	1318	9	N	0	0	8	23.375
A_NP	1319	9	N	0	0	9	22.2222222222222
A_NP	1320	8	N	1	0	8	19.375
A_NP	1321	8	N	1	0	8	18.875
A_NP	1322	9	N	0	0	9	18.6666666666667
A_NP	1323	9	N	0	0	9	20
A_NP	1324	9	N	0	0	9	18.5555555555556
A_NP	1325	9	N	0	0	9	18.5555555555556
A_NP	1326	9	N	0	0	9	17.5555555555556
A_NP	1327	9	N	0	0	9	16.7777777777778
A_NP	1328	9	N	0	0	9	17.7777777777778
A_NP	1329	9	N	0	0	9	17.4444444444444
A_NP	1330	9	N	0	0	9	17.8888888888889
A_NP	1331	9	N	0	0	9	20.6666666666667
A_NP	1332	9	N	0	0	9	23.6666666666667
A_NP	1333	9	N	0	0	9	23.4444444444444
A_NP	1334	9	N	0	0	9	26
A_NP	1335	9	N	0	0	9	27.6666666666667
A_NP	1336	9	N	0	0	9	24.1111111111111
A_NP	1337	9	N	0	0	9	22.6666666666667
A_NP	1338	9	N	0	0	8	22.375
A_NP	1339	9	N	0	0	9	24
A_NP	1340	9	N	0	0	9	24.7777777777778
A_NP	1341	9	N	0	0	9	27.2222222222222
A_NP	1342	9	N	0	0	9	24.1111111111111
A_NP	1343	9	N	0	0	9	23.2222222222222
A_NP	1344	9	N	0	0	9	20.6666666666667
A_NP	1345	9	N	0	0	9	19.7777777777778
A_NP	1346	9	N	0	0	9	27.8888888888889
A_NP	1347	9	N	0	0	9	31
A_NP	1348	9	N	0	0	9	26.2222222222222
A_NP	1349	9	N	0	0	9	23.7777777777778
A_NP	1350	9	N	0	0	9	20.7777777777778
A_NP	1351	9	N	0	0	8	19.125
A_NP	1352	9	N	0	0	9	20.2222222222222
A_NP	1353	8	N	1	0	8	18.75
A_NP	1354	9	N	0	0	9	20.7777777777778
A_NP	1355	9	N	0	0	9	20.4444444444444
A_NP	1356	9	N	0	0	9	20
A_NP	1357	9	N	0	0	9	21.5555555555556
A_NP	1358	9	N	0	0	9	21.4444444444444
A_NP	1359	9	N	0	0	9	19.6666666666667
A_NP	1360	9	N	0	0	9	19.4444444444444
A_NP	1361	9	N	0	0	9	20
A_NP	1362	9	N	0	0	9	28
A_NP	1363	8	N	1	0	8	21.5
A_NP	1364	8	N	1	0	8	19.625
A_NP	1365	7	N	2	0	7	19.2857142857143
A_NP	1366	9	N	0	0	9	18.5555555555556
A_NP	1367	9	N	0	0	9	20.2222222222222
A_NP	1368	9	N	0	0	9	20.2222222222222
A_NP	1369	9	N	0	0	9	22.5555555555556
A_NP	1370	9	N	0	0	9	28.6666666666667
A_NP	1371	9	N	0	0	9	23.5555555555556
A_NP	1372	9	N	0	0	8	24.875
A_NP	1373	9	N	0	0	9	23.7777777777778
A_NP	1374	8	N	1	0	8	23.75
A_NP	1375	9	N	0	0	9	21.7777777777778
A_NP	1376	8	N	1	0	8	18.25
A_NP	1377	9	N	0	0	9	16.8888888888889
A_NP	1378	9	N	0	0	8	18.375
A_NP	1379	9	N	0	0	9	14.3333333333333
A_NP	1380	9	N	0	0	9	18.5555555555556
A_NP	1381	9	N	0	0	8	17.625
A_NP	1382	8	N	1	0	8	25.25
A_NP	1383	9	N	0	0	8	25.5
A_NP	1384	9	N	0	0	9	21.8888888888889
A_NP	1385	9	N	0	0	8	24.125
A_NP	1386	9	N	0	0	9	23.8888888888889
A_NP	1387	9	N	0	0	9	22.8888888888889
A_NP	1388	9	N	0	0	9	20.4444444444444
A_NP	1389	9	N	0	0	9	21.7777777777778
A_NP	1390	9	N	0	0	9	20.5555555555556
A_NP	1391	8	N	1	0	8	19.75
A_NP	1392	7	N	2	0	7	26.2857142857143
A_NP	1393	9	N	0	0	9	21.6666666666667
A_NP	1394	9	N	0	0	9	20.5555555555556
A_NP	1395	8	N	1	0	8	22
A_NP	1396	9	N	0	0	9	22
A_NP	1397	9	N	0	0	8	20.625
A_NP	1398	9	N	0	0	8	22.375
A_NP	1399	9	N	0	0	9	25.5555555555556
A_NP	1400	9	N	0	0	7	34.8571428571429
A_NP	1401	9	N	0	0	8	22.875
A_NP	1402	9	N	0	0	9	23.3333333333333
A_NP	1403	9	N	0	0	9	24.2222222222222
A_NP	1404	9	N	0	0	9	23.2222222222222
A_NP	1405	9	N	0	0	9	20.8888888888889
A_NP	1406	9	N	0	0	9	22.4444444444444
A_NP	1407	9	N	0	0	9	21.2222222222222
A_NP	1408	9	N	0	0	9	24.1111111111111
A_NP	1409	9	N	0	0	9	24.3333333333333
A_NP	1410	9	N	0	0	9	23
A_NP	1411	9	N	0	0	9	23
A_NP	1412	9	N	0	0	9	21.6666666666667
A_NP	1413	9	N	0	0	9	21.2222222222222
A_NP	1414	9	N	0	0	9	22.5555555555556
A_NP	1415	9	N	0	0	9	22.6666666666667
A_NP	1416	8	N	1	0	8	22.5
A_NP	1417	9	N	0	0	9	20.2222222222222
A_NP	1418	9	N	0	0	8	23.5
A_NP	1419	9	N	0	0	8	24
A_NP	1420	9	N	0	0	8	21.625
A_NP	1421	9	N	0	0	8	21.875
A_NP	1422	9	N	0	0	9	22
A_NP	1423	9	N	0	0	9	21
A_NP	1424	9	N	0	0	9	20.8888888888889
A_NP	1425	9	N	0	0	9	22.4444444444444
A_NP	1426	9	N	0	0	9	21.1111111111111
A_NP	1427	9	N	0	0	9	22.3333333333333
A_NP	1428	9	N	0	0	9	24.1111111111111
A_NP	1429	8	N	1	0	8	24.625
A_NP	1430	8	N	1	0	8	23.125
A_NP	1431	8	N	1	0	8	20.375
A_NP	1432	8	N	1	0	8	21.5
A_NP	1433	9	N	0	0	9	23.2222222222222
A_NP	1434	9	N	0	0	9	22.5555555555556
A_NP	1435	8	N	1	0	8	17.25
A_NP	1436	9	N	0	0	9	19.2222222222222
A_NP	1437	9	N	0	0	9	19.5555555555556
A_NP	1438	9	N	0	0	9	18.1111111111111
A_NP	1439	9	N	0	0	8	22.125
A_NP	1440	9	N	0	0	9	21.3333333333333
A_NP	1441	9	N	0	0	9	19.5555555555556
A_NP	1442	9	N	0	0	9	19.6666666666667
A_NP	1443	9	N	0	0	9	22
A_NP	1444	8	N	1	0	8	22.25
A_NP	1445	9	N	0	0	9	22.2222222222222
A_NP	1446	9	N	0	0	9	22.1111111111111
A_NP	1447	9	N	0	0	9	23.6666666666667
A_NP	1448	9	N	0	0	9	21.1111111111111
A_NP	1449	9	N	0	0	5	19.2
A_NP	1450	9	N	0	0	9	23.3333333333333
A_NP	1451	9	N	0	0	9	22.6666666666667
A_NP	1452	9	N	0	0	9	22.2222222222222
A_NP	1453	9	N	0	0	9	22.4444444444444
A_NP	1454	9	N	0	0	9	22.4444444444444
A_NP	1455	9	N	0	0	8	23.25
A_NP	1456	9	N	0	0	8	21.5
A_NP	1457	9	N	0	0	9	22.7777777777778
A_NP	1458	9	N	0	0	9	22.7777777777778
A_NP	1459	9	N	0	0	9	24.1111111111111
A_NP	1460	9	N	0	0	8	26
A_NP	1461	9	N	0	0	9	25.6666666666667
A_NP	1462	9	N	0	0	9	26.3333333333333
A_NP	1463	9	N	0	0	9	25.1111111111111
A_NP	1464	8	N	1	0	8	27
A_NP	1465	8	N	1	0	8	26.625
A_NP	1466	9	N	0	0	8	27.625
A_NP	1467	9	N	0	0	9	27.8888888888889
A_NP	1468	9	N	0	0	9	24.5555555555556
A_NP	1469	9	N	0	0	9	17.1111111111111
A_NP	1470	9	N	0	0	9	17.3333333333333
A_NP	1471	9	N	0	0	9	17.3333333333333
A_NP	1472	8	N	1	0	8	22.875
A_NP	1473	8	N	1	0	8	17
A_NP	1474	9	N	0	0	9	16.6666666666667
A_NP	1475	9	N	0	0	9	20.3333333333333
A_NP	1476	9	N	0	0	9	20.6666666666667
A_NP	1477	9	N	0	0	9	20.3333333333333
A_NP	1478	9	N	0	0	9	18.4444444444444
A_NP	1479	9	N	0	0	9	17.3333333333333
A_NP	1480	9	N	0	0	9	18.1111111111111
A_NP	1481	9	N	0	0	9	18.7777777777778
A_NP	1482	8	N	1	0	8	20.75
A_NP	1483	7	N	2	0	7	21
A_NP	1484	7	N	2	0	7	30.2857142857143
A_NP	1485	9	N	0	0	9	19.6666666666667
A_NP	1486	9	N	0	0	9	17.6666666666667
A_NP	1487	9	N	0	0	9	18.2222222222222
A_NP	1488	9	N	0	0	9	23.1111111111111
A_NP	1489	9	N	0	0	9	24.5555555555556
A_NP	1490	9	N	0	0	9	26.4444444444444
A_NP	1491	9	N	0	0	9	26
A_NP	1492	9	N	0	0	9	23.1111111111111
A_NP	1493	9	N	0	0	9	22.5555555555556
A_NP	1494	9	N	0	0	9	22.5555555555556
A_NP	1495	9	N	0	0	9	23.3333333333333
A_NP	1496	9	N	0	0	9	22.6666666666667
A_NP	1497	9	N	0	0	9	24
