Reference_Name	Position	Coverage Depth	Consensus	Deletions	Ambiguous	Consensus_Count	Consensus_Average_Quality
A_NS	1	20	N	0	0	20	20.7
A_NS	2	21	N	0	0	21	20.8095238095238
A_NS	3	21	N	0	0	21	23.0952380952381
A_NS	4	22	N	0	0	22	22.7272727272727
A_NS	5	22	N	0	0	22	23.4545454545455
A_NS	6	22	N	0	0	19	24.4736842105263
A_NS	7	22	N	0	0	22	23.6818181818182
A_NS	8	22	N	1	0	22	22.4545454545455
A_NS	9	23	N	0	0	23	20.4782608695652
A_NS	10	24	N	0	0	24	17.875
A_NS	11	24	N	0	0	23	18.7391304347826
A_NS	12	24	N	0	0	23	20.8260869565217
A_NS	13	24	N	0	0	24	21
A_NS	14	24	N	0	0	23	20.7826086956522
A_NS	15	24	N	0	0	21	23.5238095238095
A_NS	16	24	N	0	0	21	20.3809523809524
A_NS	17	24	N	0	0	24	22.25
A_NS	18	24	N	0	0	23	23.8260869565217
A_NS	19	24	N	0	0	24	22.5
A_NS	20	24	N	0	0	24	22.0416666666667
A_NS	21	24	N	0	0	24	22.0833333333333
A_NS	22	24	N	0	0	24	22.1666666666667
A_NS	23	24	N	0	0	24	20.5
A_NS	24	24	N	0	0	22	21.6818181818182
A_NS	25	23	N	1	0	23	20.3478260869565
A_NS	26	23	N	1	0	23	20.2608695652174
A_NS	27	23	N	1	0	23	24.3478260869565
A_NS	28	24	N	0	0	24	26
A_NS	29	23	N	1	0	22	20.5
A_NS	30	23	N	1	0	23	18.304347826087
A_NS	31	24	N	0	0	24	18.25
A_NS	32	24	N	0	0	24	18.7083333333333
A_NS	33	22	N	2	0	21	18.5714285714286
A_NS	34	23	N	1	0	23	18.8695652173913
A_NS	35	24	N	0	0	23	20.6086956521739
A_NS	36	24	N	0	0	21	20.7142857142857
A_NS	37	24	N	0	0	24	21.0416666666667
A_NS	38	24	N	0	0	24	21.2916666666667
A_NS	39	23	N	1	0	20	23.55
A_NS	40	23	N	1	0	23	25.4782608695652
A_NS	41	22	N	2	0	22	26.5909090909091
A_NS	42	22	N	2	0	22	28
A_NS	43	23	N	1	0	23	34.5217391304348
A_NS	44	22	N	2	0	22	27.3636363636364
A_NS	45	24	N	0	0	23	26.695652173913
A_NS	46	24	N	0	0	23	26.9565217391304
A_NS	47	24	N	0	0	24	24.8333333333333
A_NS	48	24	N	0	0	23	22.5217391304348
A_NS	49	24	N	0	0	22	22.3636363636364
A_NS	50	24	N	0	0	24	22.5416666666667
A_NS	51	24	N	0	0	24	22.75
A_NS	52	24	N	0	0	24	24.5833333333333
A_NS	53	24	N	0	0	23	24.9130434782609
A_NS	54	24	N	0	0	19	26.5263157894737
A_NS	55	23	N	1	0	21	25.9047619047619
A_NS	56	22	N	2	0	22	21.1818181818182
A_NS	57	23	N	1	0	19	20.4736842105263
A_NS	58	24	N	0	0	24	19.375
A_NS	59	24	N	0	0	24	20.4166666666667
A_NS	60	24	N	0	0	20	20.5
A_NS	61	24	N	0	0	23	21.304347826087
A_NS	62	24	N	0	0	21	21.2380952380952
A_NS	63	24	N	0	0	23	19.2608695652174
A_NS	64	23	N	1	0	20	21.1
A_NS	65	24	N	0	0	23	22.8260869565217
A_NS	66	24	N	0	0	23	24.4782608695652
A_NS	67	24	N	0	0	24	24
A_NS	68	24	N	0	0	20	26.2
A_NS	69	24	N	0	0	24	23.0833333333333
A_NS	70	24	N	0	0	24	22.2916666666667
A_NS	71	24	N	0	0	24	22.6666666666667
A_NS	72	24	N	0	0	24	22.6666666666667
A_NS	73	23	N	1	0	21	23.8095238095238
A_NS	74	24	N	0	0	22	25.0909090909091
A_NS	75	23	N	1	0	20	23.9
A_NS	76	23	N	1	0	21	23.952380952381
A_NS	77	23	N	1	0	21	22.7619047619048
A_NS	78	23	N	1	0	21	23.4761904761905
A_NS	79	23	N	1	0	20	22.5
A_NS	80	24	N	0	0	23	22.1304347826087
A_NS	81	24	N	0	0	22	24.1818181818182
A_NS	82	24	N	0	0	21	20.3333333333333
A_NS	83	24	N	0	0	24	21.25
A_NS	84	24	N	0	0	24	22.1666666666667
A_NS	85	24	N	0	0	24	24.0833333333333
A_NS	86	24	N	0	0	24	24.875
A_NS	87	24	N	0	0	23	25.6086956521739
A_NS	88	24	N	0	0	24	23.875
A_NS	89	23	N	1	0	23	22.695652173913
A_NS	90	23	N	1	0	23	21.4782608695652
A_NS	91	24	N	0	0	23	20.6086956521739
A_NS	92	23	N	1	0	23	20.7826086956522
A_NS	93	23	N	1	0	21	20.2380952380952
A_NS	94	24	N	0	0	23	21.0869565217391
A_NS	95	24	N	0	0	24	19.7083333333333
A_NS	96	20	N	4	0	20	21
A_NS	97	22	N	2	0	19	18.7894736842105
A_NS	98	24	N	0	0	23	19.5652173913043
A_NS	99	23	N	1	0	22	20.4545454545455
A_NS	100	24	N	0	0	24	21.1666666666667
A_NS	101	24	N	0	0	24	21.5
A_NS	102	24	N	0	0	24	21.5416666666667
A_NS	103	22	N	2	0	19	19.4210526315789
A_NS	104	22	N	2	0	19	19.3157894736842
A_NS	105	22	N	2	0	22	17.2272727272727
A_NS	106	24	N	0	0	22	18.2272727272727
A_NS	107	24	N	0	0	24	19.7916666666667
A_NS	108	24	N	0	0	20	21.45
A_NS	109	24	N	0	0	22	21.9090909090909
A_NS	110	24	N	0	0	24	21.25
A_NS	111	24	N	0	0	24	21.375
A_NS	112	24	N	0	0	23	23.2173913043478
A_NS	113	24	N	0	0	24	22.2083333333333
A_NS	114	24	N	0	0	24	21.5416666666667
A_NS	115	24	N	0	0	24	19.9583333333333
A_NS	116	24	N	0	0	24	20.2083333333333
A_NS	117	24	N	0	0	24	20.625
A_NS	118	24	N	0	0	24	21
A_NS	119	23	N	1	0	23	19.6521739130435
A_NS	120	24	N	0	0	20	19.85
A_NS	121	24	N	0	0	24	18.625
A_NS	122	24	N	0	0	21	19.0952380952381
A_NS	123	24	N	0	0	24	18.4583333333333
A_NS	124	24	N	0	0	24	17.0416666666667
A_NS	125	23	N	1	0	23	19.0434782608696
A_NS	126	23	N	1	0	23	19.8260869565217
A_NS	127	22	N	2	0	19	20.2105263157895
A_NS	128	22	N	2	0	22	22.0909090909091
A_NS	129	21	N	3	0	21	22.047619047619
A_NS	130	24	N	0	0	23	20.9130434782609
A_NS	131	24	N	0	0	21	18.9047619047619
A_NS	132	23	N	1	0	19	19.0526315789474
A_NS	133	22	N	2	0	22	20.0454545454545
A_NS	134	24	N	0	0	24	20.25
A_NS	135	24	N	0	0	24	19.4583333333333
A_NS	136	23	N	1	0	23	20.3913043478261
A_NS	137	23	N	1	0	22	20.0909090909091
A_NS	138	24	N	0	0	24	19.3333333333333
A_NS	139	23	N	1	0	23	18.304347826087
A_NS	140	24	N	0	0	23	19.3478260869565
A_NS	141	24	N	0	0	24	17.1666666666667
A_NS	142	24	N	0	0	23	18.7391304347826
A_NS	143	23	N	1	0	22	18.8636363636364
A_NS	144	23	N	1	0	19	18.2631578947368
A_NS	145	23	N	1	0	23	18.2608695652174
A_NS	146	21	N	3	0	21	17.9047619047619
A_NS	147	23	N	1	0	21	18.1904761904762
A_NS	148	24	N	0	0	23	18.9565217391304
A_NS	149	24	N	0	0	24	19.7083333333333
A_NS	150	24	N	0	0	21	22.5238095238095
A_NS	151	23	N	1	0	21	22.6666666666667
A_NS	152	24	N	0	0	22	25.0454545454545
A_NS	153	24	N	0	0	21	21.8571428571429
A_NS	154	24	N	0	0	23	21.2173913043478
A_NS	155	24	N	0	0	24	22.0833333333333
A_NS	156	23	N	1	0	19	21.1052631578947
A_NS	157	23	N	1	0	23	21.9565217391304
A_NS	158	23	N	1	0	23	21.2608695652174
A_NS	159	24	N	0	0	22	21.1818181818182
A_NS	160	24	N	0	0	24	21.4166666666667
A_NS	161	24	N	0	0	23	24
A_NS	162	24	N	0	0	24	24.1666666666667
A_NS	163	22	N	2	0	22	22.4545454545455
A_NS	164	24	N	0	0	24	21.9166666666667
A_NS	165	24	N	0	0	24	22.375
A_NS	166	24	N	0	0	20	23.7
A_NS	167	24	N	0	0	24	21.4583333333333
A_NS	168	24	N	0	0	23	21.2173913043478
A_NS	169	23	N	1	0	20	20.3
A_NS	170	23	N	1	0	23	20.5217391304348
A_NS	171	23	N	1	0	23	19.1304347826087
A_NS	172	24	N	0	0	24	18.625
A_NS	173	24	N	0	0	24	21.1666666666667
A_NS	174	24	N	0	0	21	21.2380952380952
A_NS	175	24	N	0	0	23	23.5652173913043
A_NS	176	21	N	3	0	18	27.1666666666667
A_NS	177	24	N	0	0	24	25.3333333333333
A_NS	178	24	N	0	0	24	26.4166666666667
A_NS	179	24	N	0	0	19	26.1052631578947
A_NS	180	24	N	0	0	24	25.6666666666667
A_NS	181	23	N	1	0	23	25.0434782608696
A_NS	182	24	N	0	0	24	22.625
A_NS	183	24	N	0	0	24	19.5833333333333
A_NS	184	24	N	0	0	24	19.25
A_NS	185	24	N	0	0	24	19.9166666666667
A_NS	186	24	N	0	0	19	20.1578947368421
A_NS	187	24	N	0	0	24	20.0416666666667
A_NS	188	23	N	1	0	23	19.6521739130435
A_NS	189	24	N	0	0	24	20.3333333333333
A_NS	190	24	N	0	0	24	25.3333333333333
A_NS	191	23	N	1	0	23	24.5217391304348
A_NS	192	23	N	1	0	21	23.952380952381
A_NS	193	23	N	1	0	22	23.3181818181818
A_NS	194	23	N	1	0	22	23.0909090909091
A_NS	195	22	N	2	0	20	26.6
A_NS	196	24	N	0	0	24	25.0833333333333
A_NS	197	24	N	0	0	24	21.7916666666667
A_NS	198	24	N	0	0	24	23.6666666666667
A_NS	199	24	N	0	0	20	23.35
A_NS	200	24	N	0	0	21	23.3809523809524
A_NS	201	24	N	0	0	24	23.8333333333333
A_NS	202	23	N	1	0	23	22.5217391304348
A_NS	203	22	N	2	0	22	23.9545454545455
A_NS	204	23	N	1	0	23	24.3913043478261
A_NS	205	23	N	1	0	21	23.3809523809524
A_NS	206	24	N	0	0	23	24.304347826087
A_NS	207	24	N	0	0	23	22
A_NS	208	23	N	1	0	23	21.4347826086957
A_NS	209	23	N	1	0	22	22
A_NS	210	23	N	1	0	23	17.1304347826087
A_NS	211	22	N	2	0	22	19.5
A_NS	212	23	N	1	0	20	20.7
A_NS	213	22	N	2	0	19	19.7894736842105
A_NS	214	24	N	0	0	24	18.3333333333333
A_NS	215	24	N	0	0	24	15.9583333333333
A_NS	216	24	N	0	0	24	17.5
A_NS	217	24	N	0	0	23	18.0434782608696
A_NS	218	22	N	2	0	22	20.4545454545455
A_NS	219	23	N	1	0	21	18.0952380952381
A_NS	220	23	N	1	0	22	17.9545454545455
A_NS	221	23	N	1	0	20	18.7
A_NS	222	24	N	0	0	21	20.3809523809524
A_NS	223	23	N	1	0	23	17.695652173913
A_NS	224	25	N	0	0	25	18.72
A_NS	225	25	N	0	0	25	21.04
A_NS	226	25	N	0	0	22	20.6363636363636
A_NS	227	25	N	0	0	24	21.2916666666667
A_NS	228	25	N	0	0	25	22.56
A_NS	229	25	N	0	0	24	24.125
A_NS	230	23	N	2	0	23	25.304347826087
A_NS	231	25	N	0	0	25	23.72
A_NS	232	25	N	0	0	25	23.4
A_NS	233	25	N	0	0	22	21.9090909090909
A_NS	234	24	N	1	0	24	21.5
A_NS	235	25	N	0	0	25	21.96
A_NS	236	25	N	0	0	25	22.64
A_NS	237	25	N	0	0	25	19.68
A_NS	238	25	N	0	0	22	19.7727272727273
A_NS	239	25	N	0	0	25	20.96
A_NS	240	25	N	0	0	22	20.3636363636364
A_NS	241	25	N	0	0	25	20.56
A_NS	242	25	N	0	0	25	21.64
A_NS	243	25	N	0	0	22	21.4545454545455
A_NS	244	25	N	0	0	25	21.04
A_NS	245	25	N	0	0	24	23.875
A_NS	246	25	N	0	0	22	25.9090909090909
A_NS	247	25	N	0	0	25	23.2
A_NS	248	25	N	0	0	25	26
A_NS	249	24	N	1	0	11	24.2727272727273
A_NS	250	24	N	1	0	23	19.8695652173913
A_NS	251	25	N	0	0	22	19.8636363636364
A_NS	252	25	N	0	0	25	19.96
A_NS	253	25	N	0	0	25	19.76
A_NS	254	25	N	0	0	25	19.48
A_NS	255	25	N	0	0	13	16.6923076923077
A_NS	256	25	N	0	0	22	19.6363636363636
A_NS	257	25	N	0	0	24	20.3333333333333
A_NS	258	25	N	0	0	25	21.16
A_NS	259	25	N	0	0	25	21.48
A_NS	260	24	N	1	0	24	20
A_NS	261	25	N	0	0	25	18.04
A_NS	262	25	N	0	0	24	17.8333333333333
A_NS	263	23	N	2	0	23	18
A_NS	264	23	N	2	0	20	18.65
A_NS	265	25	N	0	0	25	21.28
A_NS	266	25	N	0	0	25	21
A_NS	267	25	N	0	0	25	22.64
A_NS	268	25	N	0	0	25	22.6
A_NS	269	25	N	0	0	24	23.6666666666667
A_NS	270	25	N	0	0	22	24.3181818181818
A_NS	271	26	N	0	0	23	25.7391304347826
A_NS	272	25	N	1	0	25	26.44
A_NS	273	25	N	1	0	25	26.16
A_NS	274	26	N	0	0	26	25.3846153846154
A_NS	275	26	N	0	0	26	27.5769230769231
A_NS	276	26	N	0	0	26	27.3846153846154
A_NS	277	26	N	0	0	26	25.6538461538462
A_NS	278	26	N	0	0	26	26.2307692307692
A_NS	279	26	N	0	0	26	21.7692307692308
A_NS	280	26	N	0	0	26	20.7692307692308
A_NS	281	25	N	1	0	25	21.92
A_NS	282	25	N	1	0	22	23.6818181818182
A_NS	283	24	N	2	0	21	22.4285714285714
A_NS	284	24	N	2	0	23	24.2173913043478
A_NS	285	26	N	0	0	22	20.8636363636364
A_NS	286	25	N	1	0	23	19.7391304347826
A_NS	287	25	N	1	0	23	20.5217391304348
A_NS	288	25	N	1	0	24	19.5833333333333
A_NS	289	26	N	0	0	25	18.12
A_NS	290	25	N	1	0	25	19.4
A_NS	291	26	N	0	0	26	20.9615384615385
A_NS	292	26	N	0	0	23	24.9565217391304
A_NS	293	26	N	0	0	26	22.6923076923077
A_NS	294	26	N	0	0	25	24.68
A_NS	295	26	N	0	0	26	24.5769230769231
A_NS	296	26	N	0	0	26	24.1538461538462
A_NS	297	26	N	0	0	26	21.5384615384615
A_NS	298	26	N	0	0	23	22.0434782608696
A_NS	299	26	N	0	0	26	22.9230769230769
A_NS	300	26	N	0	0	26	24.6153846153846
A_NS	301	26	N	0	0	23	20.0869565217391
A_NS	302	26	N	0	0	26	19.3076923076923
A_NS	303	26	N	0	0	26	19.2307692307692
A_NS	304	26	N	0	0	26	17.6153846153846
A_NS	305	26	N	0	0	24	18.5833333333333
A_NS	306	25	N	1	0	25	22.32
A_NS	307	25	N	1	0	25	22.84
A_NS	308	25	N	1	0	25	22.88
A_NS	309	25	N	1	0	25	21.44
A_NS	310	25	N	1	0	25	21.92
A_NS	311	26	N	0	0	25	21.36
A_NS	312	26	N	0	0	26	22.0769230769231
A_NS	313	25	N	1	0	24	24.4166666666667
A_NS	314	25	N	1	0	24	22
A_NS	315	26	N	0	0	22	20.5
A_NS	316	26	N	0	0	25	21.48
A_NS	317	26	N	0	0	25	24.4
A_NS	318	26	N	0	0	25	28
A_NS	319	25	N	1	0	25	22.32
A_NS	320	26	N	0	0	26	20.5384615384615
A_NS	321	25	N	1	0	21	21.2857142857143
A_NS	322	26	N	0	0	24	21.2916666666667
A_NS	323	25	N	1	0	22	19.5454545454545
A_NS	324	25	N	1	0	25	20.36
A_NS	325	25	N	1	0	24	21.3333333333333
A_NS	326	21	N	5	0	19	23.3157894736842
A_NS	327	23	N	3	0	20	23.35
A_NS	328	25	N	1	0	25	23.68
A_NS	329	26	N	0	0	26	24.1538461538462
A_NS	330	26	N	0	0	14	24.1428571428571
A_NS	331	26	N	0	0	23	25.7826086956522
A_NS	332	26	N	0	0	25	24.48
A_NS	333	25	N	1	0	22	24.3181818181818
A_NS	334	26	N	0	0	23	23.9565217391304
A_NS	335	26	N	0	0	21	26
A_NS	336	26	N	0	0	24	21.0416666666667
A_NS	337	23	N	3	0	21	15.4285714285714
A_NS	338	26	N	0	0	26	17.9230769230769
A_NS	339	26	N	0	0	23	18.3478260869565
A_NS	340	26	N	0	0	26	18.6538461538462
A_NS	341	26	N	0	0	26	22.5769230769231
A_NS	342	25	N	1	0	25	23.24
A_NS	343	25	N	1	0	25	23.6
A_NS	344	24	N	2	0	24	23.9166666666667
A_NS	345	26	N	0	0	25	25.12
A_NS	346	26	N	0	0	25	25.4
A_NS	347	24	N	2	0	24	23.625
A_NS	348	24	N	2	0	21	23.5714285714286
A_NS	349	26	N	0	0	23	21.7826086956522
A_NS	350	26	N	0	0	25	20.44
A_NS	351	26	N	0	0	21	21.1428571428571
A_NS	352	26	N	0	0	21	21.1904761904762
A_NS	353	26	N	0	0	25	21.4
A_NS	354	25	N	1	0	24	21.2916666666667
A_NS	355	26	N	0	0	22	21.5454545454545
A_NS	356	26	N	0	0	26	26.5384615384615
A_NS	357	26	N	0	0	26	28.5384615384615
A_NS	358	26	N	0	0	26	23
A_NS	359	26	N	0	0	25	22.84
A_NS	360	25	N	1	0	25	22.36
A_NS	361	26	N	0	0	26	22.2307692307692
A_NS	362	26	N	0	0	26	21.7692307692308
A_NS	363	26	N	0	0	25	24.76
A_NS	364	26	N	0	0	25	26.32
A_NS	365	26	N	0	0	24	28.3333333333333
A_NS	366	26	N	0	0	23	24.0869565217391
A_NS	367	26	N	0	0	22	21.3181818181818
A_NS	368	26	N	0	0	26	20.8461538461538
A_NS	369	26	N	0	0	26	22.8846153846154
A_NS	370	26	N	0	0	26	22.7692307692308
A_NS	371	26	N	0	0	26	23.1153846153846
A_NS	372	25	N	1	0	23	23.9130434782609
A_NS	373	26	N	0	0	26	23.8461538461538
A_NS	374	26	N	0	0	26	24.5
A_NS	375	26	N	0	0	23	27.4347826086957
A_NS	376	26	N	0	0	26	29.7307692307692
A_NS	377	26	N	0	0	26	26.7307692307692
A_NS	378	25	N	1	0	23	26.7391304347826
A_NS	379	26	N	0	0	26	25.3461538461538
A_NS	380	26	N	0	0	25	24.88
A_NS	381	26	N	0	0	26	21.5
A_NS	382	26	N	0	0	26	21.3461538461538
A_NS	383	25	N	1	0	25	23.64
A_NS	384	26	N	0	0	24	23.4166666666667
A_NS	385	26	N	0	0	24	23.2916666666667
A_NS	386	26	N	0	0	25	24.32
A_NS	387	26	N	0	0	24	26.9166666666667
A_NS	388	26	N	0	0	23	25.7826086956522
A_NS	389	26	N	0	0	25	21.84
A_NS	390	24	N	2	0	15	17.4
A_NS	391	26	N	0	0	23	18.2173913043478
A_NS	392	26	N	0	0	26	19.6538461538462
A_NS	393	26	N	0	0	26	21.3461538461538
A_NS	394	26	N	0	0	25	25.16
A_NS	395	26	N	0	0	25	22.08
A_NS	396	26	N	0	0	23	20.304347826087
A_NS	397	26	N	0	0	26	19.4230769230769
A_NS	398	26	N	0	0	25	19.2
A_NS	399	26	N	0	0	23	23.5652173913043
A_NS	400	25	N	1	0	25	20.64
A_NS	401	26	N	0	0	26	20.6538461538462
A_NS	402	26	N	0	0	26	22.6538461538462
A_NS	403	26	N	0	0	26	19.4615384615385
A_NS	404	26	N	0	0	23	18.4347826086957
A_NS	405	25	N	1	0	25	19.36
A_NS	406	25	N	1	0	24	20.0416666666667
A_NS	407	25	N	1	0	25	20.64
A_NS	408	25	N	1	0	21	23.2380952380952
A_NS	409	26	N	0	0	23	22.3478260869565
A_NS	410	26	N	0	0	26	20.9230769230769
A_NS	411	26	N	0	0	23	22.2608695652174
A_NS	412	25	N	1	0	25	23.08
A_NS	413	25	N	1	0	25	23.76
A_NS	414	26	N	0	0	23	24.1739130434783
A_NS	415	26	N	0	0	23	24.6521739130435
A_NS	416	26	N	0	0	22	26.7272727272727
A_NS	417	26	N	0	0	24	21.1666666666667
A_NS	418	26	N	0	0	24	21.25
A_NS	419	26	N	0	0	26	19
A_NS	420	26	N	0	0	26	19.7692307692308
A_NS	421	26	N	0	0	22	21.6818181818182
A_NS	422	26	N	0	0	26	21.3076923076923
A_NS	423	24	N	2	0	24	23.5
A_NS	424	25	N	1	0	25	23.96
A_NS	425	26	N	0	0	25	23.6
A_NS	426	25	N	1	0	24	25.5416666666667
A_NS	427	26	N	0	0	25	32.12
A_NS	428	26	N	0	0	26	23.1538461538462
A_NS	429	26	N	0	0	26	19.5384615384615
A_NS	430	24	N	2	0	22	20.3636363636364
A_NS	431	25	N	1	0	25	22.24
A_NS	432	25	N	1	0	23	22.7391304347826
A_NS	433	26	N	0	0	24	23.6666666666667
A_NS	434	26	N	0	0	26	22.5769230769231
A_NS	435	26	N	0	0	26	24.8461538461538
A_NS	436	26	N	0	0	23	23.8695652173913
A_NS	437	25	N	1	0	25	23.92
A_NS	438	26	N	0	0	22	23.2727272727273
A_NS	439	26	N	0	0	24	23.25
A_NS	440	26	N	0	0	26	22.3461538461538
A_NS	441	25	N	1	0	25	22.48
A_NS	442	25	N	1	0	23	20.4347826086957
A_NS	443	25	N	1	0	25	17.48
A_NS	444	26	N	0	0	26	19.6923076923077
A_NS	445	26	N	0	0	26	20.8076923076923
A_NS	446	26	N	0	0	26	20.5
A_NS	447	27	N	0	0	26	21.1538461538462
A_NS	448	27	N	0	0	26	22.6538461538462
A_NS	449	27	N	0	0	26	25.0769230769231
A_NS	450	27	N	0	0	27	27.8888888888889
A_NS	451	27	N	0	0	27	22.5925925925926
A_NS	452	27	N	0	0	27	22.2592592592593
A_NS	453	27	N	0	0	24	23.25
A_NS	454	26	N	1	0	26	23.7692307692308
A_NS	455	26	N	1	0	26	24.0384615384615
A_NS	456	25	N	2	0	22	23.1363636363636
A_NS	457	27	N	0	0	27	20.4074074074074
A_NS	458	27	N	0	0	27	18.2592592592593
A_NS	459	24	N	3	0	24	20.4166666666667
A_NS	460	27	N	0	0	27	19.9259259259259
A_NS	461	27	N	0	0	26	19.5769230769231
A_NS	462	27	N	0	0	27	18.5925925925926
A_NS	463	27	N	0	0	23	20.7391304347826
A_NS	464	27	N	0	0	27	21.8518518518519
A_NS	465	27	N	0	0	27	22.4074074074074
A_NS	466	27	N	0	0	27	21.7407407407407
A_NS	467	27	N	0	0	26	22.4230769230769
A_NS	468	27	N	0	0	24	21.25
A_NS	469	27	N	0	0	26	20.8461538461538
A_NS	470	27	N	0	0	27	21.1481481481481
A_NS	471	27	N	0	0	27	20.2592592592593
A_NS	472	26	N	1	0	26	20.7692307692308
A_NS	473	26	N	1	0	26	21.6153846153846
A_NS	474	26	N	1	0	23	20.8260869565217
A_NS	475	27	N	0	0	27	21.1481481481481
A_NS	476	27	N	0	0	27	23.0740740740741
A_NS	477	27	N	0	0	27	22.4814814814815
A_NS	478	27	N	0	0	27	21.4074074074074
A_NS	479	27	N	0	0	27	22.2962962962963
A_NS	480	27	N	0	0	24	26.625
A_NS	481	27	N	0	0	27	24.3703703703704
A_NS	482	26	N	1	0	26	25.6923076923077
A_NS	483	26	N	1	0	26	24.9230769230769
A_NS	484	25	N	2	0	25	23.68
A_NS	485	25	N	2	0	24	25.4583333333333
A_NS	486	25	N	2	0	25	22.04
A_NS	487	24	N	3	0	21	18.952380952381
A_NS	488	26	N	1	0	26	21.5769230769231
A_NS	489	27	N	0	0	24	21.4583333333333
A_NS	490	27	N	0	0	26	19.5384615384615
A_NS	491	27	N	0	0	26	20.9230769230769
A_NS	492	26	N	1	0	25	23.2
A_NS	493	24	N	3	0	24	23.5833333333333
A_NS	494	23	N	4	0	23	25.2173913043478
A_NS	495	27	N	0	0	27	25.7777777777778
A_NS	496	27	N	0	0	24	26.5833333333333
A_NS	497	27	N	0	0	27	27.2592592592593
A_NS	498	27	N	0	0	26	26.2692307692308
A_NS	499	26	N	1	0	26	23.0769230769231
A_NS	500	27	N	0	0	27	18.8148148148148
A_NS	501	27	N	0	0	26	17.1153846153846
A_NS	502	27	N	0	0	27	19.4074074074074
A_NS	503	26	N	1	0	26	22.6538461538462
A_NS	504	26	N	1	0	25	22
A_NS	505	27	N	0	0	26	20.8846153846154
A_NS	506	27	N	0	0	27	21.0740740740741
A_NS	507	27	N	0	0	26	23.1153846153846
A_NS	508	26	N	1	0	26	23.6153846153846
A_NS	509	26	N	1	0	26	23.1538461538462
A_NS	510	27	N	0	0	25	23.16
A_NS	511	27	N	0	0	24	21.7083333333333
A_NS	512	27	N	0	0	24	22.3333333333333
A_NS	513	27	N	0	0	27	21.3703703703704
A_NS	514	27	N	0	0	27	21.2592592592593
A_NS	515	27	N	0	0	27	21.5925925925926
A_NS	516	27	N	0	0	27	21.1851851851852
A_NS	517	27	N	0	0	27	21.1481481481481
A_NS	518	27	N	0	0	27	20.2592592592593
A_NS	519	27	N	0	0	27	22.0740740740741
A_NS	520	27	N	0	0	27	23.2962962962963
A_NS	521	27	N	0	0	27	23.037037037037
A_NS	522	27	N	0	0	27	23.1851851851852
A_NS	523	20	N	7	0	20	22
A_NS	524	25	N	2	0	25	22.12
A_NS	525	26	N	1	0	26	22.3076923076923
A_NS	526	26	N	1	0	26	25.9615384615385
A_NS	527	26	N	1	0	26	22.9615384615385
A_NS	528	26	N	1	0	26	22.1153846153846
A_NS	529	27	N	0	0	27	21.7037037037037
A_NS	530	26	N	1	0	24	20.8333333333333
A_NS	531	24	N	3	0	24	18.75
A_NS	532	25	N	2	0	22	16.6818181818182
A_NS	533	25	N	2	0	23	16.5217391304348
A_NS	534	26	N	1	0	26	17
A_NS	535	23	N	4	0	21	18.7142857142857
A_NS	536	24	N	3	0	22	22.1363636363636
A_NS	537	26	N	1	0	23	19.304347826087
A_NS	538	27	N	0	0	27	20.8518518518519
A_NS	539	27	N	0	0	27	21.037037037037
A_NS	540	27	N	0	0	27	22.4444444444444
A_NS	541	26	N	1	0	26	22.5769230769231
A_NS	542	26	N	1	0	25	22.08
A_NS	543	27	N	0	0	27	23
A_NS	544	27	N	0	0	26	22.3461538461538
A_NS	545	27	N	0	0	24	23.7083333333333
A_NS	546	27	N	0	0	26	25.8461538461538
A_NS	547	27	N	0	0	26	25.7307692307692
A_NS	548	27	N	0	0	27	26.6666666666667
A_NS	549	27	N	0	0	27	26.962962962963
A_NS	550	27	N	0	0	27	31.2592592592593
A_NS	551	27	N	0	0	27	28.8518518518519
A_NS	552	27	N	0	0	27	26.1851851851852
A_NS	553	27	N	0	0	27	27.2222222222222
A_NS	554	27	N	0	0	27	24.037037037037
A_NS	555	27	N	0	0	27	24.1851851851852
A_NS	556	26	N	1	0	26	22.8461538461538
A_NS	557	26	N	1	0	26	21.5384615384615
A_NS	558	27	N	0	0	24	20.7083333333333
A_NS	559	27	N	0	0	26	21.5384615384615
A_NS	560	25	N	2	0	25	22.24
A_NS	561	27	N	0	0	27	26.3703703703704
A_NS	562	27	N	0	0	27	25.5555555555556
A_NS	563	27	N	0	0	27	23.8518518518519
A_NS	564	27	N	0	0	27	24.7407407407407
A_NS	565	27	N	0	0	24	23.0416666666667
A_NS	566	27	N	0	0	23	22.3478260869565
A_NS	567	27	N	0	0	25	20.32
A_NS	568	27	N	0	0	27	20.5555555555556
A_NS	569	26	N	1	0	25	22.08
A_NS	570	26	N	1	0	25	22.36
A_NS	571	27	N	0	0	27	22
A_NS	572	26	N	1	0	25	27.96
A_NS	573	27	N	0	0	24	24.625
A_NS	574	27	N	0	0	27	27.4444444444444
A_NS	575	27	N	0	0	27	26.6666666666667
A_NS	576	27	N	0	0	27	27.4074074074074
A_NS	577	27	N	0	0	27	27.8148148148148
A_NS	578	26	N	1	0	26	24.3461538461538
A_NS	579	26	N	1	0	26	20.3461538461538
A_NS	580	27	N	0	0	27	21.3703703703704
A_NS	581	26	N	1	0	26	21.1153846153846
A_NS	582	27	N	0	0	26	21.0384615384615
A_NS	583	27	N	0	0	25	23.64
A_NS	584	27	N	0	0	27	25
A_NS	585	27	N	0	0	27	26.7407407407407
A_NS	586	27	N	0	0	24	23.4583333333333
A_NS	587	27	N	0	0	26	30.0769230769231
A_NS	588	27	N	0	0	27	30.962962962963
A_NS	589	27	N	0	0	27	29
A_NS	590	27	N	0	0	27	28.4814814814815
A_NS	591	27	N	0	0	26	27.3076923076923
A_NS	592	26	N	1	0	24	27.3333333333333
A_NS	593	27	N	0	0	26	34.8461538461538
A_NS	594	27	N	0	0	26	24.3076923076923
A_NS	595	27	N	0	0	26	23
A_NS	596	26	N	1	0	26	19.9615384615385
A_NS	597	26	N	1	0	26	20.4230769230769
A_NS	598	27	N	0	0	27	26.6296296296296
A_NS	599	27	N	0	0	26	31.5384615384615
A_NS	600	26	N	1	0	26	42.0384615384615
A_NS	601	27	N	0	0	27	24.2962962962963
A_NS	602	27	N	0	0	26	25.9230769230769
A_NS	603	27	N	0	0	26	27.0384615384615
A_NS	604	27	N	0	0	27	25.4444444444444
A_NS	605	27	N	0	0	27	25.4074074074074
A_NS	606	26	N	1	0	26	25.0769230769231
A_NS	607	27	N	0	0	26	24.8846153846154
A_NS	608	26	N	1	0	26	23.4615384615385
A_NS	609	26	N	1	0	26	23.1538461538462
A_NS	610	26	N	1	0	26	22.9230769230769
A_NS	611	26	N	1	0	26	26.6153846153846
A_NS	612	27	N	0	0	26	25.1923076923077
A_NS	613	27	N	0	0	27	23.6666666666667
A_NS	614	26	N	1	0	25	22.92
A_NS	615	26	N	1	0	26	19
A_NS	616	26	N	1	0	23	21.8260869565217
A_NS	617	27	N	0	0	27	25.3333333333333
A_NS	618	27	N	0	0	25	23.44
A_NS	619	27	N	0	0	24	25.4583333333333
A_NS	620	27	N	0	0	27	22.1111111111111
A_NS	621	26	N	1	0	26	23
A_NS	622	27	N	0	0	26	20.9230769230769
A_NS	623	27	N	0	0	27	21.5925925925926
A_NS	624	26	N	1	0	26	21.7692307692308
A_NS	625	27	N	0	0	27	21.5185185185185
A_NS	626	27	N	0	0	26	22.1923076923077
A_NS	627	27	N	0	0	26	25.2692307692308
A_NS	628	26	N	1	0	25	25.32
A_NS	629	27	N	0	0	26	24.6923076923077
A_NS	630	27	N	0	0	27	19.4074074074074
A_NS	631	26	N	1	0	24	22.1666666666667
A_NS	632	27	N	0	0	27	20.9259259259259
A_NS	633	26	N	1	0	26	20.7692307692308
A_NS	634	26	N	1	0	25	19.8
A_NS	635	25	N	2	0	25	22.16
A_NS	636	25	N	2	0	24	19.0416666666667
A_NS	637	27	N	0	0	24	23.9166666666667
A_NS	638	26	N	1	0	25	26.52
A_NS	639	26	N	1	0	26	24.4230769230769
A_NS	640	27	N	0	0	25	24.32
A_NS	641	27	N	0	0	26	24.3076923076923
A_NS	642	27	N	0	0	24	23.0416666666667
A_NS	643	26	N	1	0	22	25.6818181818182
A_NS	644	26	N	1	0	25	24.24
A_NS	645	26	N	1	0	26	23
A_NS	646	26	N	1	0	25	26.52
A_NS	647	27	N	0	0	27	25.5185185185185
A_NS	648	27	N	0	0	27	25.1111111111111
A_NS	649	27	N	0	0	24	22.2916666666667
A_NS	650	27	N	0	0	27	21.7407407407407
A_NS	651	27	N	0	0	24	20.2083333333333
A_NS	652	27	N	0	0	27	23.3333333333333
A_NS	653	27	N	0	0	27	23.1481481481481
A_NS	654	27	N	0	0	27	26.2592592592593
A_NS	655	27	N	0	0	27	22.2962962962963
A_NS	656	27	N	0	0	27	23.2592592592593
A_NS	657	27	N	0	0	27	25
A_NS	658	27	N	0	0	24	25.4166666666667
A_NS	659	26	N	1	0	26	25.3846153846154
A_NS	660	25	N	2	0	23	23.3478260869565
A_NS	661	27	N	0	0	26	19.8846153846154
A_NS	662	27	N	0	0	26	19.3461538461538
A_NS	663	27	N	0	0	27	22
A_NS	664	27	N	0	0	27	24.037037037037
A_NS	665	25	N	2	0	25	24.72
A_NS	666	24	N	3	0	23	27.8260869565217
A_NS	667	27	N	0	0	26	28.1538461538462
A_NS	668	27	N	0	0	16	31.125
A_NS	669	27	N	0	0	25	25.56
A_NS	670	27	N	0	0	24	18.9166666666667
A_NS	671	27	N	0	0	25	18.92
A_NS	672	26	N	1	0	26	18.3076923076923
A_NS	673	27	N	0	0	27	21.037037037037
A_NS	674	27	N	0	0	27	21.1851851851852
A_NS	675	27	N	0	0	27	25.7037037037037
A_NS	676	27	N	0	0	24	26.5
A_NS	677	27	N	0	0	24	26.5416666666667
A_NS	678	27	N	0	0	27	23.5555555555556
A_NS	679	26	N	1	0	22	22.5909090909091
A_NS	680	26	N	1	0	26	22.3461538461538
A_NS	681	26	N	1	0	26	21.9230769230769
A_NS	682	26	N	1	0	23	24.304347826087
A_NS	683	26	N	1	0	25	24
A_NS	684	26	N	1	0	25	21.96
A_NS	685	27	N	0	0	26	25.4615384615385
A_NS	686	26	N	1	0	25	29.56
A_NS	687	27	N	0	0	27	26.6296296296296
A_NS	688	27	N	0	0	24	29.5
A_NS	689	26	N	1	0	26	29.6153846153846
A_NS	690	27	N	0	0	27	26.2592592592593
A_NS	691	27	N	0	0	27	24.2222222222222
A_NS	692	27	N	0	0	27	26.8148148148148
A_NS	693	27	N	0	0	26	24.5769230769231
A_NS	694	26	N	1	0	23	23.8695652173913
A_NS	695	27	N	0	0	27	24.4444444444444
A_NS	696	27	N	0	0	27	22.0740740740741
A_NS	697	27	N	0	0	24	22.7083333333333
A_NS	698	27	N	0	0	27	29
A_NS	699	27	N	0	0	27	30.2222222222222
A_NS	700	27	N	0	0	27	30.1111111111111
A_NS	701	27	N	0	0	27	30.4444444444444
A_NS	702	27	N	0	0	27	28.7407407407407
A_NS	703	27	N	0	0	27	27.0740740740741
A_NS	704	26	N	1	0	26	26.4230769230769
A_NS	705	26	N	1	0	25	26.52
A_NS	706	26	N	1	0	26	26.3076923076923
A_NS	707	26	N	1	0	22	26.3636363636364
A_NS	708	27	N	0	0	26	28.1538461538462
A_NS	709	27	N	0	0	26	25.5
A_NS	710	27	N	0	0	27	22.6296296296296
A_NS	711	25	N	2	0	24	23.875
A_NS	712	27	N	0	0	27	22.1481481481481
A_NS	713	27	N	0	0	27	22.3703703703704
A_NS	714	27	N	0	0	27	22.4814814814815
A_NS	715	27	N	0	0	27	23.962962962963
A_NS	716	26	N	0	0	26	21.8076923076923
A_NS	717	26	N	0	0	26	23
A_NS	718	26	N	0	0	25	23.92
A_NS	719	26	N	0	0	25	21.56
A_NS	720	26	N	0	0	26	20.3846153846154
A_NS	721	25	N	1	0	24	19.8333333333333
A_NS	722	25	N	1	0	24	19.25
A_NS	723	25	N	1	0	25	18.76
A_NS	724	24	N	2	0	24	19.0416666666667
A_NS	725	24	N	2	0	24	19.8333333333333
A_NS	726	25	N	1	0	25	21.36
A_NS	727	25	N	1	0	13	23.6923076923077
A_NS	728	26	N	0	0	26	21.6153846153846
A_NS	729	26	N	0	0	26	23.6538461538462
A_NS	730	26	N	0	0	25	27.8
A_NS	731	26	N	0	0	25	22
A_NS	732	26	N	0	0	26	21.1923076923077
A_NS	733	26	N	0	0	25	21
A_NS	734	25	N	1	0	24	19.9166666666667
A_NS	735	25	N	1	0	23	18.4347826086957
A_NS	736	25	N	1	0	25	19.68
A_NS	737	25	N	1	0	24	21
A_NS	738	26	N	0	0	23	19.6521739130435
A_NS	739	26	N	0	0	22	21
A_NS	740	26	N	0	0	26	21.4230769230769
A_NS	741	26	N	0	0	26	21.9615384615385
A_NS	742	26	N	0	0	24	24.75
A_NS	743	26	N	0	0	26	25
A_NS	744	26	N	0	0	25	22.88
A_NS	745	26	N	0	0	26	22.4230769230769
A_NS	746	26	N	0	0	24	25.75
A_NS	747	26	N	0	0	26	22.2692307692308
A_NS	748	25	N	1	0	25	22.04
A_NS	749	26	N	0	0	25	21.48
A_NS	750	26	N	0	0	26	20.8846153846154
A_NS	751	25	N	1	0	23	19.8260869565217
A_NS	752	26	N	0	0	26	20.5
A_NS	753	26	N	0	0	26	22.5384615384615
A_NS	754	25	N	1	0	23	24.5217391304348
A_NS	755	25	N	1	0	25	20.8
A_NS	756	26	N	0	0	26	23.3076923076923
A_NS	757	26	N	0	0	19	21.1052631578947
A_NS	758	26	N	0	0	25	21.24
A_NS	759	26	N	0	0	26	23.5384615384615
A_NS	760	26	N	0	0	24	26.875
A_NS	761	26	N	0	0	25	26.88
A_NS	762	26	N	0	0	26	26.6923076923077
A_NS	763	26	N	0	0	25	27.28
A_NS	764	26	N	0	0	24	23.5833333333333
A_NS	765	26	N	0	0	25	21.68
A_NS	766	26	N	0	0	26	21.1923076923077
A_NS	767	26	N	0	0	26	20.6153846153846
A_NS	768	25	N	1	0	25	21.4
A_NS	769	25	N	1	0	23	22.5217391304348
A_NS	770	25	N	1	0	25	20.36
A_NS	771	26	N	0	0	26	21.2692307692308
A_NS	772	25	N	1	0	24	23
A_NS	773	24	N	2	0	24	22.3333333333333
A_NS	774	25	N	1	0	25	21.56
A_NS	775	25	N	1	0	25	21.36
A_NS	776	25	N	1	0	23	19.6521739130435
A_NS	777	25	N	1	0	24	18.8333333333333
A_NS	778	25	N	1	0	22	18.9090909090909
A_NS	779	25	N	1	0	24	17.9166666666667
A_NS	780	25	N	1	0	23	19.5217391304348
A_NS	781	26	N	0	0	23	19.7826086956522
A_NS	782	26	N	0	0	25	19.72
A_NS	783	25	N	1	0	25	21.44
A_NS	784	24	N	2	0	24	21.7083333333333
A_NS	785	24	N	2	0	13	23.5384615384615
A_NS	786	24	N	2	0	24	22.9583333333333
A_NS	787	26	N	0	0	25	19.8
A_NS	788	26	N	0	0	26	18.6538461538462
A_NS	789	24	N	2	0	24	20.25
A_NS	790	25	N	1	0	24	20.3333333333333
A_NS	791	24	N	2	0	21	20.047619047619
A_NS	792	25	N	1	0	25	21.2
A_NS	793	26	N	0	0	24	22.6666666666667
A_NS	794	25	N	1	0	25	22.36
A_NS	795	25	N	1	0	25	21.44
A_NS	796	26	N	0	0	25	23.36
A_NS	797	26	N	0	0	26	21.7307692307692
A_NS	798	25	N	1	0	23	19.3913043478261
A_NS	799	26	N	0	0	24	20.7083333333333
A_NS	800	26	N	0	0	26	18.4615384615385
A_NS	801	26	N	0	0	26	18.3076923076923
A_NS	802	26	N	0	0	24	20.4166666666667
A_NS	803	26	N	0	0	26	19.6923076923077
A_NS	804	24	N	2	0	24	19.6666666666667
A_NS	805	26	N	0	0	25	19.48
A_NS	806	26	N	0	0	26	19.8461538461538
A_NS	807	26	N	0	0	26	21.8846153846154
A_NS	808	26	N	0	0	26	25.6153846153846
A_NS	809	26	N	0	0	26	36.2692307692308
A_NS	810	26	N	0	0	26	20.3076923076923
A_NS	811	25	N	1	0	25	18.72
A_NS	812	24	N	2	0	24	20.1666666666667
A_NS	813	24	N	2	0	24	17.0416666666667
A_NS	814	26	N	0	0	25	16.92
A_NS	815	26	N	0	0	24	19.5833333333333
A_NS	816	26	N	0	0	26	16.3461538461538
A_NS	817	26	N	0	0	26	19.6153846153846
A_NS	818	23	N	3	0	23	20.4347826086957
A_NS	819	22	N	4	0	22	21.5
A_NS	820	22	N	4	0	22	23.5
A_NS	821	24	N	2	0	24	20.4166666666667
A_NS	822	22	N	4	0	21	19.7142857142857
A_NS	823	26	N	0	0	23	20.9565217391304
A_NS	824	26	N	0	0	26	22.4615384615385
A_NS	825	26	N	0	0	26	20.6538461538462
A_NS	826	26	N	0	0	26	21.5769230769231
A_NS	827	26	N	0	0	26	23.1923076923077
A_NS	828	26	N	0	0	26	20.1538461538462
A_NS	829	25	N	0	0	25	22.36
A_NS	830	25	N	0	0	25	20.36
A_NS	831	23	N	2	0	23	19.9565217391304
A_NS	832	24	N	0	0	24	21.6666666666667
A_NS	833	24	N	0	0	22	22.5909090909091
A_NS	834	24	N	0	0	24	20.3333333333333
A_NS	835	24	N	0	0	24	23.7916666666667
A_NS	836	22	N	0	0	22	21.0909090909091
A_NS	837	22	N	0	0	22	23.2727272727273
A_NS	838	22	N	0	0	22	23.0909090909091
