Reference_Name	Position	Coverage Depth	Consensus	Deletions	Ambiguous	Consensus_Count	Consensus_Average_Quality
A_PA	1	1	N	0	0	1	36
A_PA	2	1	N	0	0	1	31
A_PA	3	1	N	0	0	1	32
A_PA	4	1	N	0	0	1	30
A_PA	5	1	N	0	0	1	32
A_PA	6	1	N	0	0	1	34
A_PA	7	1	N	0	0	1	32
A_PA	8	1	N	0	0	1	26
A_PA	9	1	N	0	0	1	25
A_PA	10	1	N	0	0	1	26
A_PA	11	1	N	0	0	1	28
A_PA	12	1	N	0	0	1	36
A_PA	13	1	N	0	0	1	30
A_PA	14	1	N	0	0	1	28
A_PA	15	1	N	0	0	1	27
A_PA	16	1	N	0	0	1	26
A_PA	17	1	N	0	0	1	24
A_PA	18	1	N	0	0	1	24
A_PA	19	1	N	0	0	1	24
A_PA	20	1	N	0	0	1	25
A_PA	21	1	N	0	0	1	31
A_PA	22	1	N	0	0	1	32
A_PA	23	1	N	0	0	1	24
A_PA	24	1	N	0	0	1	23
A_PA	25	1	N	0	0	1	23
A_PA	26	1	N	0	0	1	23
A_PA	27	1	N	0	0	1	30
A_PA	28	1	N	0	0	1	28
A_PA	29	1	N	0	0	1	11
A_PA	30	1	N	0	0	1	10
A_PA	31	1	N	0	0	1	10
A_PA	32	1	N	0	0	1	11
A_PA	33	1	N	0	0	1	23
A_PA	34	1	N	0	0	1	24
A_PA	35	1	N	0	0	1	24
A_PA	36	1	N	0	0	1	29
A_PA	37	1	N	0	0	1	30
A_PA	38	1	N	0	0	1	32
A_PA	39	1	N	0	0	1	33
A_PA	40	1	N	0	0	1	26
A_PA	41	1	N	0	0	1	26
A_PA	42	1	N	0	0	1	25
A_PA	43	2	N	0	0	2	13.5
A_PA	44	2	N	0	0	2	15
A_PA	45	2	N	0	0	1	5
A_PA	46	2	N	0	0	2	14
A_PA	47	2	N	0	0	2	16
A_PA	48	2	N	0	0	2	18.5
A_PA	49	2	N	0	0	2	24.5
A_PA	50	2	N	0	0	2	21
A_PA	51	2	N	0	0	2	16.5
A_PA	52	2	N	0	0	2	17
A_PA	53	2	N	0	0	2	16.5
A_PA	54	2	N	0	0	2	19.5
A_PA	55	2	N	0	0	2	25
A_PA	56	2	N	0	0	2	51.5
A_PA	57	2	N	0	0	2	31.5
A_PA	58	2	N	0	0	2	29.5
A_PA	59	2	N	0	0	2	29
A_PA	60	2	N	0	0	2	28.5
A_PA	61	2	N	0	0	2	28
A_PA	62	2	N	0	0	2	30
A_PA	63	2	N	0	0	2	28.5
A_PA	64	2	N	0	0	2	32.5
A_PA	65	2	N	0	0	2	31.5
A_PA	66	2	N	0	0	2	30.5
A_PA	67	2	N	0	0	2	30.5
A_PA	68	2	N	0	0	2	27.5
A_PA	69	1	N	1	0	1	16
A_PA	70	1	N	1	0	1	17
A_PA	71	2	N	0	0	2	55.5
A_PA	72	2	N	0	0	1	21
A_PA	73	2	N	0	0	2	26.5
A_PA	74	2	N	0	0	2	26
A_PA	75	2	N	0	0	2	25.5
A_PA	76	2	N	0	0	2	27
A_PA	77	2	N	0	0	2	26.5
A_PA	78	2	N	0	0	2	26
A_PA	79	2	N	0	0	2	27.5
A_PA	80	2	N	0	0	2	27
A_PA	81	2	N	0	0	2	26.5
A_PA	82	2	N	0	0	2	25.5
A_PA	83	2	N	0	0	2	26.5
A_PA	84	2	N	0	0	2	20
A_PA	85	2	N	0	0	2	18.5
A_PA	86	2	N	0	0	2	19.5
A_PA	87	2	N	0	0	2	20.5
A_PA	88	2	N	0	0	2	26
A_PA	89	2	N	0	0	2	22.5
A_PA	90	2	N	0	0	2	20.5
A_PA	91	2	N	0	0	2	19.5
A_PA	92	2	N	0	0	2	19
A_PA	93	2	N	0	0	2	27
A_PA	94	2	N	0	0	2	25
A_PA	95	2	N	0	0	2	22.5
A_PA	96	2	N	0	0	2	21
A_PA	97	2	N	0	0	2	19.5
A_PA	98	2	N	0	0	2	16
A_PA	99	2	N	0	0	2	12.5
A_PA	100	2	N	0	0	2	13
A_PA	101	2	N	0	0	2	12.5
A_PA	102	2	N	0	0	2	18.5
A_PA	103	2	N	0	0	2	21
A_PA	104	2	N	0	0	2	28
A_PA	105	2	N	0	0	2	26.5
A_PA	106	2	N	0	0	2	27.5
A_PA	107	2	N	0	0	2	23
A_PA	108	2	N	0	0	2	21
A_PA	109	2	N	0	0	2	10
A_PA	110	2	N	0	0	2	7.5
A_PA	111	2	N	0	0	2	8.5
A_PA	112	2	N	0	0	2	13.5
A_PA	113	2	N	0	0	2	23.5
A_PA	114	2	N	0	0	2	23
A_PA	115	2	N	0	0	2	23
A_PA	116	2	N	0	0	2	24.5
A_PA	117	2	N	0	0	2	25
A_PA	118	2	N	0	0	2	24.5
A_PA	119	2	N	0	0	2	23.5
A_PA	120	2	N	0	0	2	23
A_PA	121	2	N	0	0	2	24.5
A_PA	122	2	N	0	0	2	20
A_PA	123	2	N	0	0	2	20.5
A_PA	124	2	N	0	0	2	25.5
A_PA	125	2	N	0	0	2	24.5
A_PA	126	2	N	0	0	2	24
A_PA	127	2	N	0	0	2	25
A_PA	128	2	N	0	0	2	25
A_PA	129	2	N	0	0	2	27
A_PA	130	2	N	0	0	2	25
A_PA	131	2	N	0	0	2	27
A_PA	132	2	N	0	0	2	27.5
A_PA	133	2	N	0	0	2	30.5
A_PA	134	2	N	0	0	2	59.5
A_PA	135	2	N	0	0	2	57
A_PA	136	2	N	0	0	2	24.5
A_PA	137	2	N	0	0	2	21.5
A_PA	138	2	N	0	0	2	22.5
A_PA	139	2	N	0	0	2	27
A_PA	140	2	N	0	0	2	28.5
A_PA	141	2	N	0	0	2	25
A_PA	142	2	N	0	0	2	25
A_PA	143	2	N	0	0	2	16.5
A_PA	144	2	N	0	0	2	19.5
A_PA	145	2	N	0	0	2	20
A_PA	146	2	N	0	0	2	19.5
A_PA	147	2	N	0	0	2	20.5
A_PA	148	2	N	0	0	2	19.5
A_PA	149	2	N	0	0	2	22.5
A_PA	150	2	N	0	0	2	28
A_PA	151	2	N	0	0	2	28.5
A_PA	152	2	N	0	0	2	28.5
A_PA	153	2	N	0	0	2	28
A_PA	154	2	N	0	0	2	21
A_PA	155	2	N	0	0	2	20
A_PA	156	2	N	0	0	2	21
A_PA	157	2	N	0	0	2	27.5
A_PA	158	2	N	0	0	2	29.5
A_PA	159	2	N	0	0	2	31.5
A_PA	160	2	N	0	0	2	30
A_PA	161	2	N	0	0	2	31
A_PA	162	2	N	0	0	2	19
A_PA	163	2	N	0	0	2	14.5
A_PA	164	2	N	0	0	2	18
A_PA	165	2	N	0	0	2	23
A_PA	166	2	N	0	0	2	22.5
A_PA	167	2	N	0	0	2	23
A_PA	168	2	N	0	0	2	23.5
A_PA	169	2	N	0	0	2	26
A_PA	170	2	N	0	0	2	29
A_PA	171	2	N	0	0	2	31
A_PA	172	2	N	0	0	1	21
A_PA	173	2	N	0	0	1	14
A_PA	174	2	N	0	0	1	8
A_PA	175	2	N	0	0	2	15.5
A_PA	176	2	N	0	0	2	15.5
A_PA	177	2	N	0	0	2	16
A_PA	178	2	N	0	0	2	19.5
A_PA	179	2	N	0	0	2	23
A_PA	180	2	N	0	0	1	28
A_PA	181	2	N	0	0	2	24.5
A_PA	182	2	N	0	0	1	21
A_PA	183	2	N	0	0	2	23
A_PA	184	2	N	0	0	2	19
A_PA	185	2	N	0	0	2	16.5
A_PA	186	2	N	0	0	2	17
A_PA	187	2	N	0	0	2	16.5
A_PA	188	2	N	0	0	1	17
A_PA	189	2	N	0	0	2	26.5
A_PA	190	2	N	0	0	2	25.5
A_PA	191	2	N	0	0	2	23.5
A_PA	192	2	N	0	0	2	19.5
A_PA	193	2	N	0	0	2	19
A_PA	194	2	N	0	0	2	16.5
A_PA	195	2	N	0	0	2	16
A_PA	196	2	N	0	0	2	20
A_PA	197	2	N	0	0	2	20.5
A_PA	198	2	N	0	0	2	21.5
A_PA	199	2	N	0	0	2	23.5
A_PA	200	2	N	0	0	2	21.5
A_PA	201	2	N	0	0	2	20
A_PA	202	2	N	0	0	2	20.5
A_PA	203	2	N	0	0	2	22.5
A_PA	204	2	N	0	0	2	28
A_PA	205	2	N	0	0	2	29
A_PA	206	2	N	0	0	2	29
A_PA	207	2	N	0	0	2	27.5
A_PA	208	2	N	0	0	2	19
A_PA	209	2	N	0	0	2	17.5
A_PA	210	2	N	0	0	2	18
A_PA	211	2	N	0	0	2	22
A_PA	212	2	N	0	0	2	19
A_PA	213	2	N	0	0	2	18
A_PA	214	2	N	0	0	2	18.5
A_PA	215	2	N	0	0	2	27.5
A_PA	216	2	N	0	0	2	26
A_PA	217	2	N	0	0	2	25.5
A_PA	218	2	N	0	0	2	24
A_PA	219	2	N	0	0	2	22
A_PA	220	2	N	0	0	2	22
A_PA	221	2	N	0	0	2	14
A_PA	222	2	N	0	0	2	47.5
A_PA	223	2	N	0	0	2	9.5
A_PA	224	2	N	0	0	2	17
A_PA	225	2	N	0	0	2	20.5
A_PA	226	2	N	0	0	2	21.5
A_PA	227	2	N	0	0	2	23.5
A_PA	228	2	N	0	0	2	25.5
A_PA	229	2	N	0	0	2	24.5
A_PA	230	2	N	0	0	2	20.5
A_PA	231	2	N	0	0	2	19.5
A_PA	232	2	N	0	0	2	23
A_PA	233	2	N	0	0	2	22
A_PA	234	2	N	0	0	2	24
A_PA	235	1	N	1	0	1	33
A_PA	236	1	N	1	0	1	32
A_PA	237	1	N	1	0	1	28
A_PA	238	2	N	0	0	2	5.5
A_PA	239	2	N	0	0	1	5
A_PA	240	2	N	0	0	2	4.5
A_PA	241	2	N	0	0	1	13
A_PA	242	2	N	0	0	2	10.5
A_PA	243	2	N	0	0	1	4
A_PA	244	2	N	0	0	2	11.5
A_PA	245	2	N	0	0	2	13
A_PA	246	2	N	0	0	2	10.5
A_PA	247	2	N	0	0	2	11
A_PA	248	2	N	0	0	2	8.5
A_PA	249	2	N	0	0	2	9
A_PA	250	2	N	0	0	2	15.5
A_PA	251	2	N	0	0	2	16.5
A_PA	252	2	N	0	0	2	20
A_PA	253	2	N	0	0	2	19.5
A_PA	254	2	N	0	0	2	19.5
A_PA	255	2	N	0	0	2	18.5
A_PA	256	2	N	0	0	2	19.5
A_PA	257	2	N	0	0	2	19.5
A_PA	258	2	N	0	0	2	19
A_PA	259	2	N	0	0	2	21.5
A_PA	260	2	N	0	0	2	24.5
A_PA	261	2	N	0	0	2	24.5
A_PA	262	2	N	0	0	2	26
A_PA	263	2	N	0	0	2	29
A_PA	264	2	N	0	0	2	31.5
A_PA	265	2	N	0	0	2	30
A_PA	266	2	N	0	0	2	26.5
A_PA	267	2	N	0	0	2	25.5
A_PA	268	2	N	0	0	2	25.5
A_PA	269	2	N	0	0	2	23
A_PA	270	2	N	0	0	2	22
A_PA	271	2	N	0	0	2	21.5
A_PA	272	2	N	0	0	2	19
A_PA	273	2	N	0	0	2	19.5
A_PA	274	2	N	0	0	2	19
A_PA	275	2	N	0	0	2	20
A_PA	276	2	N	0	0	2	18.5
A_PA	277	2	N	0	0	2	15.5
A_PA	278	2	N	0	0	2	15
A_PA	279	2	N	0	0	2	15
A_PA	280	2	N	0	0	2	16.5
A_PA	281	2	N	0	0	2	17.5
A_PA	282	2	N	0	0	2	17.5
A_PA	283	2	N	0	0	2	18
A_PA	284	2	N	0	0	2	17
A_PA	285	2	N	0	0	2	18.5
A_PA	286	2	N	0	0	2	18
A_PA	287	2	N	0	0	2	19.5
A_PA	288	2	N	0	0	2	18
A_PA	289	2	N	0	0	2	17
A_PA	290	2	N	0	0	2	16.5
A_PA	291	2	N	0	0	2	16
A_PA	292	2	N	0	0	2	16
A_PA	293	2	N	0	0	2	20
A_PA	294	2	N	0	0	2	20.5
A_PA	295	2	N	0	0	2	18
A_PA	296	2	N	0	0	2	19.5
A_PA	297	2	N	0	0	2	19
A_PA	298	2	N	0	0	2	19.5
A_PA	299	2	N	0	0	2	22
A_PA	300	2	N	0	0	2	20.5
A_PA	301	2	N	0	0	2	21
A_PA	302	2	N	0	0	2	21
A_PA	303	2	N	0	0	2	21
A_PA	304	2	N	0	0	2	21
A_PA	305	2	N	0	0	2	21.5
A_PA	306	2	N	0	0	2	18.5
A_PA	307	2	N	0	0	2	15.5
A_PA	308	2	N	0	0	2	10.5
A_PA	309	2	N	0	0	2	11.5
A_PA	310	2	N	0	0	2	16
A_PA	311	2	N	0	0	2	20
A_PA	312	2	N	0	0	2	22.5
A_PA	313	2	N	0	0	2	25.5
A_PA	314	2	N	0	0	2	23.5
A_PA	315	2	N	0	0	2	24
A_PA	316	2	N	0	0	2	29
A_PA	317	2	N	0	0	2	25
A_PA	318	2	N	0	0	2	22
A_PA	319	2	N	0	0	2	19
A_PA	320	2	N	0	0	2	14
A_PA	321	2	N	0	0	2	13
A_PA	322	2	N	0	0	2	14
A_PA	323	2	N	0	0	2	14
A_PA	324	2	N	0	0	2	14.5
A_PA	325	2	N	0	0	2	21
A_PA	326	2	N	0	0	2	26
A_PA	327	2	N	0	0	2	26.5
A_PA	328	2	N	0	0	2	26.5
A_PA	329	2	N	0	0	1	30
A_PA	330	2	N	0	0	2	20
A_PA	331	2	N	0	0	2	20
A_PA	332	2	N	0	0	2	19
A_PA	333	2	N	0	0	2	19.5
A_PA	334	2	N	0	0	2	19.5
A_PA	335	2	N	0	0	2	22
A_PA	336	2	N	0	0	2	29.5
A_PA	337	2	N	0	0	2	28
A_PA	338	2	N	0	0	2	24.5
A_PA	339	2	N	0	0	2	28
A_PA	340	2	N	0	0	2	26
A_PA	341	2	N	0	0	2	24.5
A_PA	342	2	N	0	0	2	25
A_PA	343	2	N	0	0	2	30
A_PA	344	2	N	0	0	2	24.5
A_PA	345	2	N	0	0	2	21
A_PA	346	2	N	0	0	2	20.5
A_PA	347	2	N	0	0	2	21.5
A_PA	348	2	N	0	0	2	18.5
A_PA	349	2	N	0	0	2	23
A_PA	350	2	N	0	0	2	61.5
A_PA	351	2	N	0	0	2	21.5
A_PA	352	2	N	0	0	2	19
A_PA	353	2	N	0	0	2	17
A_PA	354	2	N	0	0	2	14
A_PA	355	2	N	0	0	2	13.5
A_PA	356	2	N	0	0	2	13
A_PA	357	2	N	0	0	2	17.5
A_PA	358	2	N	0	0	2	16.5
A_PA	359	2	N	0	0	2	18.5
A_PA	360	2	N	0	0	2	23
A_PA	361	2	N	0	0	2	24.5
A_PA	362	2	N	0	0	2	20
A_PA	363	2	N	0	0	2	19.5
A_PA	364	2	N	0	0	2	22
A_PA	365	2	N	0	0	2	21.5
A_PA	366	2	N	0	0	2	26
A_PA	367	2	N	0	0	2	17.5
A_PA	368	2	N	0	0	2	17
A_PA	369	2	N	0	0	2	14
A_PA	370	2	N	0	0	2	22
A_PA	371	2	N	0	0	2	24
A_PA	372	2	N	0	0	2	23
A_PA	373	2	N	0	0	2	27.5
A_PA	374	2	N	0	0	2	29.5
A_PA	375	2	N	0	0	2	60.5
A_PA	376	2	N	0	0	2	30
A_PA	377	2	N	0	0	2	27.5
A_PA	378	2	N	0	0	2	27
A_PA	379	2	N	0	0	2	25.5
A_PA	380	2	N	0	0	2	27.5
A_PA	381	2	N	0	0	2	25.5
A_PA	382	2	N	0	0	2	25.5
A_PA	383	2	N	0	0	2	28
A_PA	384	2	N	0	0	2	32.5
A_PA	385	1	N	1	0	1	33
A_PA	386	2	N	0	0	2	31.5
A_PA	387	2	N	0	0	2	60.5
A_PA	388	2	N	0	0	2	61
A_PA	389	2	N	0	0	2	60.5
A_PA	390	2	N	0	0	2	29
A_PA	391	2	N	0	0	2	28.5
A_PA	392	2	N	0	0	1	31
A_PA	393	2	N	0	0	1	25
A_PA	394	2	N	0	0	1	25
A_PA	395	2	N	0	0	2	26.5
A_PA	396	2	N	0	0	2	26
A_PA	397	2	N	0	0	2	27
A_PA	398	2	N	0	0	2	26
A_PA	399	2	N	0	0	2	29.5
A_PA	400	2	N	0	0	2	28.5
A_PA	401	2	N	0	0	2	28
A_PA	402	2	N	0	0	2	25
A_PA	403	2	N	0	0	2	24.5
A_PA	404	2	N	0	0	2	25
A_PA	405	2	N	0	0	2	23.5
A_PA	406	2	N	0	0	2	22.5
A_PA	407	2	N	0	0	2	22.5
A_PA	408	2	N	0	0	2	18.5
A_PA	409	2	N	0	0	2	13
A_PA	410	2	N	0	0	2	10
A_PA	411	2	N	0	0	1	9
A_PA	412	2	N	0	0	2	14.5
A_PA	413	2	N	0	0	2	16
A_PA	414	2	N	0	0	2	15
A_PA	415	2	N	0	0	2	18.5
A_PA	416	2	N	0	0	2	18
A_PA	417	2	N	0	0	2	22
A_PA	418	2	N	0	0	2	23
A_PA	419	2	N	0	0	2	25
A_PA	420	2	N	0	0	2	24
A_PA	421	2	N	0	0	2	24.5
A_PA	422	2	N	0	0	2	24.5
A_PA	423	2	N	0	0	2	26
A_PA	424	2	N	0	0	2	23
A_PA	425	2	N	0	0	2	22
A_PA	426	2	N	0	0	2	22
A_PA	427	2	N	0	0	2	55.5
A_PA	428	2	N	0	0	2	56
A_PA	429	2	N	0	0	1	14
A_PA	430	2	N	0	0	2	51.5
A_PA	431	2	N	0	0	2	48.5
A_PA	432	1	N	1	0	1	26
A_PA	433	2	N	0	0	2	16.5
A_PA	434	2	N	0	0	1	7
A_PA	435	2	N	0	0	2	16.5
A_PA	436	2	N	0	0	2	21.5
A_PA	437	2	N	0	0	2	22.5
A_PA	438	2	N	0	0	2	24
A_PA	439	1	N	1	0	1	17
A_PA	440	2	N	0	0	2	26.5
A_PA	441	2	N	0	0	2	30.5
A_PA	442	2	N	0	0	2	28.5
A_PA	443	2	N	0	0	2	30.5
A_PA	444	2	N	0	0	2	31
A_PA	445	2	N	0	0	2	32
A_PA	446	2	N	0	0	2	30
A_PA	447	2	N	0	0	2	30
A_PA	448	2	N	0	0	2	30.5
A_PA	449	2	N	0	0	2	31
A_PA	450	2	N	0	0	2	28
A_PA	451	2	N	0	0	2	28
A_PA	452	2	N	0	0	2	28.5
A_PA	453	1	N	1	0	1	32
A_PA	454	2	N	0	0	2	29.5
A_PA	455	2	N	0	0	2	23.5
A_PA	456	2	N	0	0	2	27.5
A_PA	457	2	N	0	0	2	26.5
A_PA	458	2	N	0	0	1	27
A_PA	459	2	N	0	0	2	19
A_PA	460	2	N	0	0	2	17.5
A_PA	461	2	N	0	0	2	19
A_PA	462	2	N	0	0	2	23.5
A_PA	463	2	N	0	0	2	22.5
A_PA	464	2	N	0	0	2	24
A_PA	465	2	N	0	0	2	23.5
A_PA	466	2	N	0	0	2	25
A_PA	467	2	N	0	0	2	25.5
A_PA	468	2	N	0	0	2	22
A_PA	469	2	N	0	0	2	21
A_PA	470	2	N	0	0	2	20
A_PA	471	2	N	0	0	2	17.5
A_PA	472	2	N	0	0	2	16.5
A_PA	473	2	N	0	0	2	10.5
A_PA	474	2	N	0	0	2	7.5
A_PA	475	2	N	0	0	2	8
A_PA	476	2	N	0	0	2	9
A_PA	477	2	N	0	0	2	15
A_PA	478	2	N	0	0	2	17
A_PA	479	2	N	0	0	2	17
A_PA	480	2	N	0	0	2	17
A_PA	481	2	N	0	0	2	22.5
A_PA	482	2	N	0	0	2	25
A_PA	483	2	N	0	0	2	22
A_PA	484	2	N	0	0	2	22
A_PA	485	2	N	0	0	2	21
A_PA	486	2	N	0	0	2	19
A_PA	487	2	N	0	0	2	29
A_PA	488	2	N	0	0	2	22.5
A_PA	489	2	N	0	0	2	18.5
A_PA	490	2	N	0	0	2	17
A_PA	491	2	N	0	0	2	17
A_PA	492	2	N	0	0	2	22.5
A_PA	493	2	N	0	0	2	23
A_PA	494	2	N	0	0	2	23.5
A_PA	495	2	N	0	0	2	25.5
A_PA	496	2	N	0	0	2	28.5
A_PA	497	2	N	0	0	2	23.5
A_PA	498	2	N	0	0	2	21
A_PA	499	2	N	0	0	2	19
A_PA	500	2	N	0	0	1	11
A_PA	501	2	N	0	0	2	19.5
A_PA	502	2	N	0	0	1	28
A_PA	503	2	N	0	0	2	25.5
A_PA	504	2	N	0	0	2	26.5
A_PA	505	1	N	1	0	1	25
A_PA	506	1	N	1	0	1	25
A_PA	507	1	N	1	0	1	24
A_PA	508	2	N	0	0	2	21.5
A_PA	509	2	N	0	0	2	19.5
A_PA	510	2	N	0	0	2	21.5
A_PA	511	2	N	0	0	2	23.5
A_PA	512	2	N	0	0	2	27
A_PA	513	2	N	0	0	2	29
A_PA	514	2	N	0	0	2	27
A_PA	515	2	N	0	0	2	24
A_PA	516	2	N	0	0	2	28
A_PA	517	2	N	0	0	2	26.5
A_PA	518	2	N	0	0	2	24.5
A_PA	519	2	N	0	0	2	13
A_PA	520	2	N	0	0	2	14.5
A_PA	521	2	N	0	0	2	14.5
A_PA	522	2	N	0	0	2	16
A_PA	523	2	N	0	0	2	18
A_PA	524	2	N	0	0	2	23.5
A_PA	525	2	N	0	0	2	17.5
A_PA	526	2	N	0	0	2	27
A_PA	527	2	N	0	0	2	19
A_PA	528	2	N	0	0	2	24
A_PA	529	2	N	0	0	2	26.5
A_PA	530	2	N	0	0	2	30.5
A_PA	531	2	N	0	0	2	31.5
A_PA	532	2	N	0	0	2	28
A_PA	533	2	N	0	0	2	31.5
A_PA	534	2	N	0	0	2	29.5
A_PA	535	2	N	0	0	2	28.5
A_PA	536	2	N	0	0	2	30
A_PA	537	2	N	0	0	2	28.5
A_PA	538	2	N	0	0	2	27
A_PA	539	2	N	0	0	2	20
A_PA	540	2	N	0	0	2	17.5
A_PA	541	2	N	0	0	2	17
A_PA	542	2	N	0	0	2	18
A_PA	543	2	N	0	0	2	20
A_PA	544	2	N	0	0	2	20.5
A_PA	545	2	N	0	0	2	21.5
A_PA	546	2	N	0	0	2	27
A_PA	547	2	N	0	0	2	27.5
A_PA	548	2	N	0	0	2	25.5
A_PA	549	2	N	0	0	2	25.5
A_PA	550	2	N	0	0	2	24
A_PA	551	2	N	0	0	2	24
A_PA	552	2	N	0	0	2	22.5
A_PA	553	2	N	0	0	2	23
A_PA	554	2	N	0	0	2	21.5
A_PA	555	2	N	0	0	2	21.5
A_PA	556	2	N	0	0	2	26
A_PA	557	2	N	0	0	2	19.5
A_PA	558	2	N	0	0	2	18
A_PA	559	2	N	0	0	2	20
A_PA	560	2	N	0	0	2	20.5
A_PA	561	2	N	0	0	2	19
A_PA	562	1	N	1	0	1	16
A_PA	563	2	N	0	0	2	25.5
A_PA	564	2	N	0	0	2	23
A_PA	565	2	N	0	0	2	22
A_PA	566	2	N	0	0	2	20.5
A_PA	567	2	N	0	0	2	17
A_PA	568	2	N	0	0	2	15
A_PA	569	2	N	0	0	2	16.5
A_PA	570	2	N	0	0	2	14.5
A_PA	571	2	N	0	0	2	14.5
A_PA	572	2	N	0	0	2	16.5
A_PA	573	2	N	0	0	2	16
A_PA	574	2	N	0	0	2	13
A_PA	575	2	N	0	0	2	13.5
A_PA	576	2	N	0	0	2	13.5
A_PA	577	2	N	0	0	2	10.5
A_PA	578	2	N	0	0	2	11.5
A_PA	579	2	N	0	0	2	17.5
A_PA	580	2	N	0	0	2	17
A_PA	581	2	N	0	0	2	12.5
A_PA	582	2	N	0	0	2	11
A_PA	583	1	N	1	0	1	6
A_PA	584	2	N	0	0	2	11
A_PA	585	2	N	0	0	2	12
A_PA	586	2	N	0	0	2	7.5
A_PA	587	2	N	0	0	2	9
A_PA	588	1	N	1	0	1	17
A_PA	589	2	N	0	0	2	11.5
A_PA	590	2	N	0	0	1	4
A_PA	591	2	N	0	0	2	13
A_PA	592	2	N	0	0	2	12.5
A_PA	593	2	N	0	0	2	13.5
A_PA	594	2	N	0	0	2	14
A_PA	595	2	N	0	0	2	16
A_PA	596	2	N	0	0	2	16.5
A_PA	597	2	N	0	0	2	13.5
A_PA	598	2	N	0	0	2	18
A_PA	599	2	N	0	0	2	20
A_PA	600	2	N	0	0	2	21.5
A_PA	601	2	N	0	0	2	28.5
A_PA	602	2	N	0	0	2	29.5
A_PA	603	2	N	0	0	2	27.5
A_PA	604	2	N	0	0	2	25
A_PA	605	2	N	0	0	2	23
A_PA	606	2	N	0	0	2	18
A_PA	607	1	N	1	0	1	31
A_PA	608	2	N	0	0	2	19
A_PA	609	2	N	0	0	2	20
A_PA	610	2	N	0	0	2	15
A_PA	611	2	N	0	0	2	9.5
A_PA	612	2	N	0	0	2	9.5
A_PA	613	2	N	0	0	2	9.5
A_PA	614	2	N	0	0	2	9.5
A_PA	615	2	N	0	0	2	10.5
A_PA	616	2	N	0	0	2	10
A_PA	617	2	N	0	0	2	10
A_PA	618	2	N	0	0	2	15.5
A_PA	619	2	N	0	0	2	15.5
A_PA	620	2	N	0	0	2	20.5
A_PA	621	2	N	0	0	2	23
A_PA	622	2	N	0	0	2	21.5
A_PA	623	2	N	0	0	2	23
A_PA	624	2	N	0	0	2	24
A_PA	625	2	N	0	0	2	22
A_PA	626	2	N	0	0	2	22
A_PA	627	2	N	0	0	2	23.5
A_PA	628	2	N	0	0	2	25
A_PA	629	2	N	0	0	1	27
A_PA	630	2	N	0	0	2	17
A_PA	631	2	N	0	0	2	26.5
A_PA	632	2	N	0	0	2	28.5
A_PA	633	2	N	0	0	2	24.5
A_PA	634	2	N	0	0	2	21
A_PA	635	2	N	0	0	2	21
A_PA	636	2	N	0	0	2	19
A_PA	637	2	N	0	0	2	18.5
A_PA	638	2	N	0	0	2	17.5
A_PA	639	2	N	0	0	2	17
A_PA	640	2	N	0	0	2	16
A_PA	641	2	N	0	0	2	15.5
A_PA	642	1	N	1	0	1	24
A_PA	643	2	N	0	0	1	26
A_PA	644	2	N	0	0	1	14
A_PA	645	2	N	0	0	2	8.5
A_PA	646	2	N	0	0	2	8
A_PA	647	2	N	0	0	2	9
A_PA	648	2	N	0	0	2	11.5
A_PA	649	2	N	0	0	2	12.5
A_PA	650	2	N	0	0	2	17.5
A_PA	651	2	N	0	0	2	17.5
A_PA	652	2	N	0	0	2	19.5
A_PA	653	2	N	0	0	2	20
A_PA	654	2	N	0	0	2	25
A_PA	655	2	N	0	0	2	27.5
A_PA	656	2	N	0	0	2	29.5
A_PA	657	2	N	0	0	2	27.5
A_PA	658	2	N	0	0	2	27.5
A_PA	659	2	N	0	0	2	25.5
A_PA	660	2	N	0	0	2	26
A_PA	661	2	N	0	0	2	24
A_PA	662	2	N	0	0	2	24
A_PA	663	2	N	0	0	2	24
A_PA	664	2	N	0	0	2	23.5
A_PA	665	2	N	0	0	2	19
A_PA	666	2	N	0	0	2	21.5
A_PA	667	2	N	0	0	2	11.5
A_PA	668	2	N	0	0	2	10
A_PA	669	2	N	0	0	2	11.5
A_PA	670	2	N	0	0	2	12
A_PA	671	2	N	0	0	2	16
A_PA	672	2	N	0	0	2	13
A_PA	673	2	N	0	0	2	16
A_PA	674	2	N	0	0	2	16
A_PA	675	2	N	0	0	2	15
A_PA	676	2	N	0	0	2	15.5
A_PA	677	2	N	0	0	2	16
A_PA	678	2	N	0	0	2	17
A_PA	679	2	N	0	0	2	15.5
A_PA	680	2	N	0	0	2	15.5
A_PA	681	2	N	0	0	2	16.5
A_PA	682	2	N	0	0	2	18
A_PA	683	2	N	0	0	2	17
A_PA	684	2	N	0	0	2	17
A_PA	685	2	N	0	0	2	16.5
A_PA	686	2	N	0	0	2	18.5
A_PA	687	2	N	0	0	2	18.5
A_PA	688	2	N	0	0	2	15.5
A_PA	689	2	N	0	0	2	15
A_PA	690	2	N	0	0	2	19.5
A_PA	691	2	N	0	0	2	22
A_PA	692	2	N	0	0	2	26
A_PA	693	1	N	1	0	1	25
A_PA	694	1	N	1	0	1	27
A_PA	695	2	N	0	0	2	28
A_PA	696	2	N	0	0	2	22
A_PA	697	2	N	0	0	2	17.5
A_PA	698	2	N	0	0	2	15.5
A_PA	699	2	N	0	0	2	13
A_PA	700	1	N	1	0	1	24
A_PA	701	2	N	0	0	2	14
A_PA	702	2	N	0	0	2	11
A_PA	703	2	N	0	0	2	11.5
A_PA	704	2	N	0	0	2	23.5
A_PA	705	2	N	0	0	2	26
A_PA	706	2	N	0	0	2	28.5
A_PA	707	2	N	0	0	2	25.5
A_PA	708	2	N	0	0	2	22
A_PA	709	2	N	0	0	2	23.5
A_PA	710	2	N	0	0	2	22
A_PA	711	2	N	0	0	2	21
A_PA	712	2	N	0	0	2	21
A_PA	713	2	N	0	0	2	17.5
A_PA	714	2	N	0	0	2	18
A_PA	715	2	N	0	0	2	20
A_PA	716	2	N	0	0	2	22
A_PA	717	2	N	0	0	2	20
A_PA	718	2	N	0	0	2	20
A_PA	719	2	N	0	0	2	23
A_PA	720	2	N	0	0	2	22
A_PA	721	2	N	0	0	1	23
A_PA	722	2	N	0	0	1	11
A_PA	723	2	N	0	0	2	19.5
A_PA	724	2	N	0	0	2	19.5
A_PA	725	2	N	0	0	1	17
A_PA	726	2	N	0	0	2	26.5
A_PA	727	2	N	0	0	2	27.5
A_PA	728	2	N	0	0	2	22.5
A_PA	729	2	N	0	0	2	22
A_PA	730	2	N	0	0	2	18.5
A_PA	731	1	N	1	0	1	15
A_PA	732	1	N	1	0	1	16
A_PA	733	2	N	0	0	1	21
A_PA	734	2	N	0	0	2	18
A_PA	735	2	N	0	0	2	21.5
A_PA	736	2	N	0	0	2	22.5
A_PA	737	2	N	0	0	2	21.5
A_PA	738	2	N	0	0	2	23.5
A_PA	739	2	N	0	0	2	23.5
A_PA	740	2	N	0	0	2	14.5
A_PA	741	2	N	0	0	2	14.5
A_PA	742	2	N	0	0	2	15.5
A_PA	743	2	N	0	0	2	23
A_PA	744	2	N	0	0	2	29
A_PA	745	2	N	0	0	2	29
A_PA	746	2	N	0	0	2	26
A_PA	747	2	N	0	0	2	25.5
A_PA	748	2	N	0	0	2	25.5
A_PA	749	2	N	0	0	2	18.5
A_PA	750	2	N	0	0	2	16
A_PA	751	2	N	0	0	2	17.5
A_PA	752	2	N	0	0	2	20.5
A_PA	753	2	N	0	0	2	21
A_PA	754	2	N	0	0	2	17.5
A_PA	755	2	N	0	0	2	19
A_PA	756	2	N	0	0	2	20
A_PA	757	2	N	0	0	2	21.5
A_PA	758	2	N	0	0	2	23
A_PA	759	2	N	0	0	2	25
A_PA	760	2	N	0	0	2	26.5
A_PA	761	2	N	0	0	2	25.5
A_PA	762	2	N	0	0	2	20
A_PA	763	2	N	0	0	2	17.5
A_PA	764	2	N	0	0	2	17
A_PA	765	1	N	1	0	1	6
A_PA	766	1	N	1	0	1	11
A_PA	767	1	N	1	0	1	11
A_PA	768	2	N	0	0	2	18
A_PA	769	2	N	0	0	2	17.5
A_PA	770	2	N	0	0	2	18
A_PA	771	2	N	0	0	2	15
A_PA	772	2	N	0	0	2	16.5
A_PA	773	2	N	0	0	2	16.5
A_PA	774	2	N	0	0	2	15.5
A_PA	775	2	N	0	0	2	15
A_PA	776	2	N	0	0	2	13
A_PA	777	2	N	0	0	2	15
A_PA	778	2	N	0	0	2	18.5
A_PA	779	2	N	0	0	2	18.5
A_PA	780	2	N	0	0	2	19.5
A_PA	781	2	N	0	0	2	14.5
A_PA	782	2	N	0	0	2	14
A_PA	783	2	N	0	0	2	15
A_PA	784	2	N	0	0	2	14.5
A_PA	785	2	N	0	0	2	18.5
A_PA	786	2	N	0	0	2	16.5
A_PA	787	2	N	0	0	2	15.5
A_PA	788	2	N	0	0	2	16.5
A_PA	789	2	N	0	0	2	18.5
A_PA	790	2	N	0	0	2	22.5
A_PA	791	2	N	0	0	2	21
A_PA	792	2	N	0	0	2	20
A_PA	793	2	N	0	0	2	20.5
A_PA	794	2	N	0	0	2	25.5
A_PA	795	2	N	0	0	2	25
A_PA	796	2	N	0	0	2	23
A_PA	797	2	N	0	0	2	24
A_PA	798	2	N	0	0	2	26
A_PA	799	2	N	0	0	2	24
A_PA	800	2	N	0	0	2	25
A_PA	801	2	N	0	0	2	24.5
A_PA	802	2	N	0	0	2	17
A_PA	803	2	N	0	0	2	17.5
A_PA	804	2	N	0	0	2	16.5
A_PA	805	2	N	0	0	2	17.5
A_PA	806	2	N	0	0	2	16.5
A_PA	807	2	N	0	0	2	16.5
A_PA	808	2	N	0	0	2	16.5
A_PA	809	2	N	0	0	2	16.5
A_PA	810	2	N	0	0	2	18
A_PA	811	2	N	0	0	2	17
A_PA	812	2	N	0	0	2	16
A_PA	813	2	N	0	0	2	18
A_PA	814	2	N	0	0	2	20
A_PA	815	2	N	0	0	2	20.5
A_PA	816	2	N	0	0	2	21
A_PA	817	2	N	0	0	2	18.5
A_PA	818	2	N	0	0	2	21
A_PA	819	2	N	0	0	2	21.5
A_PA	820	2	N	0	0	2	19.5
A_PA	821	2	N	0	0	2	18.5
A_PA	822	2	N	0	0	2	18
A_PA	823	2	N	0	0	2	19.5
A_PA	824	2	N	0	0	2	25
A_PA	825	2	N	0	0	2	25.5
A_PA	826	2	N	0	0	2	27.5
A_PA	827	2	N	0	0	2	22.5
A_PA	828	2	N	0	0	2	20.5
A_PA	829	2	N	0	0	2	19
A_PA	830	2	N	0	0	2	24
A_PA	831	2	N	0	0	2	16
A_PA	832	2	N	0	0	2	8
A_PA	833	2	N	0	0	2	11
A_PA	834	2	N	0	0	1	6
A_PA	835	2	N	0	0	2	10.5
A_PA	836	2	N	0	0	2	10.5
A_PA	837	2	N	0	0	2	11.5
A_PA	838	2	N	0	0	2	13.5
A_PA	839	2	N	0	0	2	18
A_PA	840	2	N	0	0	2	20
A_PA	841	2	N	0	0	2	20
A_PA	842	2	N	0	0	2	19.5
A_PA	843	2	N	0	0	2	15
A_PA	844	2	N	0	0	2	14.5
A_PA	845	2	N	0	0	2	17
A_PA	846	2	N	0	0	2	17
A_PA	847	2	N	0	0	2	19.5
A_PA	848	2	N	0	0	2	18.5
A_PA	849	2	N	0	0	2	16.5
A_PA	850	2	N	0	0	2	16
A_PA	851	2	N	0	0	2	19
A_PA	852	2	N	0	0	2	28.5
A_PA	853	2	N	0	0	2	28.5
A_PA	854	2	N	0	0	2	26
A_PA	855	2	N	0	0	2	24
A_PA	856	2	N	0	0	2	21
A_PA	857	2	N	0	0	2	21.5
A_PA	858	2	N	0	0	2	13.5
A_PA	859	2	N	0	0	2	13
A_PA	860	2	N	0	0	2	13
A_PA	861	2	N	0	0	2	13.5
A_PA	862	2	N	0	0	2	18.5
A_PA	863	2	N	0	0	2	18.5
A_PA	864	2	N	0	0	2	18
A_PA	865	2	N	0	0	2	18
A_PA	866	2	N	0	0	2	24
A_PA	867	2	N	0	0	2	26
A_PA	868	2	N	0	0	2	26.5
A_PA	869	2	N	0	0	2	24
A_PA	870	2	N	0	0	2	21.5
A_PA	871	2	N	0	0	2	20.5
A_PA	872	2	N	0	0	2	20.5
A_PA	873	2	N	0	0	2	20.5
A_PA	874	2	N	0	0	2	21
A_PA	875	2	N	0	0	2	27.5
A_PA	876	2	N	0	0	2	26.5
A_PA	877	2	N	0	0	2	26
A_PA	878	2	N	0	0	2	26
A_PA	879	2	N	0	0	2	26
A_PA	880	2	N	0	0	2	27
A_PA	881	2	N	0	0	2	25.5
A_PA	882	2	N	0	0	2	25.5
A_PA	883	2	N	0	0	2	26.5
A_PA	884	2	N	0	0	2	29.5
A_PA	885	2	N	0	0	2	27
A_PA	886	2	N	0	0	2	26.5
A_PA	887	2	N	0	0	2	25.5
A_PA	888	2	N	0	0	2	19.5
A_PA	889	2	N	0	0	2	19.5
A_PA	890	2	N	0	0	2	24
A_PA	891	2	N	0	0	2	20.5
A_PA	892	2	N	0	0	2	24.5
A_PA	893	2	N	0	0	2	22.5
A_PA	894	2	N	0	0	2	23.5
A_PA	895	2	N	0	0	2	23
A_PA	896	2	N	0	0	2	20.5
A_PA	897	2	N	0	0	2	18
A_PA	898	2	N	0	0	2	17.5
A_PA	899	2	N	0	0	2	13
A_PA	900	2	N	0	0	2	14
A_PA	901	2	N	0	0	2	13.5
A_PA	902	2	N	0	0	2	14
A_PA	903	2	N	0	0	2	12
A_PA	904	2	N	0	0	2	11.5
A_PA	905	2	N	0	0	2	13
A_PA	906	2	N	0	0	2	15.5
A_PA	907	2	N	0	0	2	16
A_PA	908	2	N	0	0	2	16.5
A_PA	909	2	N	0	0	2	17.5
A_PA	910	2	N	0	0	2	16
A_PA	911	2	N	0	0	2	15
A_PA	912	2	N	0	0	2	16.5
A_PA	913	2	N	0	0	2	17.5
A_PA	914	2	N	0	0	2	19.5
A_PA	915	2	N	0	0	2	16
A_PA	916	2	N	0	0	1	13
A_PA	917	2	N	0	0	2	11.5
A_PA	918	2	N	0	0	1	6
A_PA	919	2	N	0	0	2	16.5
A_PA	920	2	N	0	0	2	19
A_PA	921	2	N	0	0	2	17
A_PA	922	2	N	0	0	2	16.5
A_PA	923	2	N	0	0	2	17
A_PA	924	2	N	0	0	2	16.5
A_PA	925	2	N	0	0	2	16.5
A_PA	926	2	N	0	0	1	30
A_PA	927	2	N	0	0	1	27
A_PA	928	2	N	0	0	2	14.5
A_PA	929	2	N	0	0	2	14.5
A_PA	930	1	N	1	0	1	4
A_PA	931	2	N	0	0	2	19.5
A_PA	932	2	N	0	0	2	21
A_PA	933	2	N	0	0	2	21.5
A_PA	934	2	N	0	0	2	19.5
A_PA	935	2	N	0	0	2	22
A_PA	936	2	N	0	0	2	23.5
A_PA	937	2	N	0	0	2	24
A_PA	938	2	N	0	0	2	25
A_PA	939	2	N	0	0	2	26
A_PA	940	2	N	0	0	2	25.5
A_PA	941	2	N	0	0	2	19.5
A_PA	942	2	N	0	0	2	19.5
A_PA	943	1	N	1	0	1	28
A_PA	944	2	N	0	0	2	17
A_PA	945	2	N	0	0	2	16
A_PA	946	2	N	0	0	2	16.5
A_PA	947	2	N	0	0	2	27.5
A_PA	948	2	N	0	0	2	24
A_PA	949	2	N	0	0	2	24.5
A_PA	950	2	N	0	0	2	26.5
A_PA	951	2	N	0	0	2	29
A_PA	952	2	N	0	0	2	32
A_PA	953	2	N	0	0	2	26.5
A_PA	954	2	N	0	0	2	26
A_PA	955	2	N	0	0	2	24
A_PA	956	2	N	0	0	2	17.5
A_PA	957	2	N	0	0	2	17.5
A_PA	958	2	N	0	0	2	24
A_PA	959	2	N	0	0	2	25.5
A_PA	960	1	N	1	0	1	26
A_PA	961	1	N	1	0	1	29
A_PA	962	2	N	0	0	2	27
A_PA	963	2	N	0	0	2	30.5
A_PA	964	2	N	0	0	2	34.5
A_PA	965	2	N	0	0	2	32
A_PA	966	2	N	0	0	2	30.5
A_PA	967	2	N	0	0	2	27.5
A_PA	968	2	N	0	0	2	27
A_PA	969	2	N	0	0	2	29.5
A_PA	970	2	N	0	0	2	28
A_PA	971	2	N	0	0	2	27.5
A_PA	972	2	N	0	0	2	26.5
A_PA	973	2	N	0	0	2	24.5
A_PA	974	2	N	0	0	2	25.5
A_PA	975	2	N	0	0	2	24
A_PA	976	2	N	0	0	2	22.5
A_PA	977	2	N	0	0	2	24
A_PA	978	2	N	0	0	2	23.5
A_PA	979	2	N	0	0	2	32
A_PA	980	2	N	0	0	2	28.5
A_PA	981	2	N	0	0	1	25
A_PA	982	2	N	0	0	2	25
A_PA	983	2	N	0	0	2	23.5
A_PA	984	2	N	0	0	2	24
A_PA	985	2	N	0	0	2	27
A_PA	986	2	N	0	0	1	25
A_PA	987	2	N	0	0	2	26.5
A_PA	988	2	N	0	0	2	19
A_PA	989	2	N	0	0	2	20.5
A_PA	990	2	N	0	0	2	20.5
A_PA	991	2	N	0	0	2	23
A_PA	992	2	N	0	0	2	20.5
A_PA	993	2	N	0	0	2	27
A_PA	994	2	N	0	0	2	29.5
A_PA	995	2	N	0	0	2	29.5
A_PA	996	2	N	0	0	2	31
A_PA	997	2	N	0	0	2	31
A_PA	998	2	N	0	0	2	31
A_PA	999	2	N	0	0	2	27.5
A_PA	1000	2	N	0	0	2	28
A_PA	1001	2	N	0	0	2	29
A_PA	1002	2	N	0	0	2	57.5
A_PA	1003	2	N	0	0	2	27
A_PA	1004	2	N	0	0	2	26.5
A_PA	1005	2	N	0	0	2	25.5
A_PA	1006	2	N	0	0	2	27.5
A_PA	1007	2	N	0	0	2	28.5
A_PA	1008	2	N	0	0	2	29
A_PA	1009	2	N	0	0	2	27
A_PA	1010	2	N	0	0	2	25.5
A_PA	1011	2	N	0	0	2	22
A_PA	1012	2	N	0	0	2	21.5
A_PA	1013	2	N	0	0	2	23
A_PA	1014	2	N	0	0	1	25
A_PA	1015	2	N	0	0	2	28.5
A_PA	1016	2	N	0	0	2	26.5
A_PA	1017	2	N	0	0	2	26.5
A_PA	1018	2	N	0	0	2	25
A_PA	1019	2	N	0	0	2	23
A_PA	1020	2	N	0	0	2	22.5
A_PA	1021	2	N	0	0	2	19
A_PA	1022	2	N	0	0	2	19
A_PA	1023	2	N	0	0	2	18.5
A_PA	1024	2	N	0	0	2	18
A_PA	1025	2	N	0	0	2	17.5
A_PA	1026	2	N	0	0	2	16.5
A_PA	1027	2	N	0	0	2	12
A_PA	1028	2	N	0	0	2	21.5
A_PA	1029	2	N	0	0	2	26
A_PA	1030	2	N	0	0	2	23.5
A_PA	1031	2	N	0	0	2	22.5
A_PA	1032	2	N	0	0	2	20.5
A_PA	1033	2	N	0	0	2	21
A_PA	1034	2	N	0	0	2	26.5
A_PA	1035	2	N	0	0	2	25
A_PA	1036	2	N	0	0	2	25
A_PA	1037	2	N	0	0	2	24.5
A_PA	1038	2	N	0	0	2	26
A_PA	1039	2	N	0	0	2	26.5
A_PA	1040	2	N	0	0	2	27
A_PA	1041	3	N	0	0	3	27.3333333333333
A_PA	1042	3	N	0	0	3	27.3333333333333
A_PA	1043	3	N	0	0	3	28
A_PA	1044	3	N	0	0	3	29.3333333333333
A_PA	1045	3	N	0	0	3	30.6666666666667
A_PA	1046	3	N	0	0	3	31.6666666666667
A_PA	1047	3	N	0	0	3	28.3333333333333
A_PA	1048	3	N	0	0	3	25.6666666666667
A_PA	1049	3	N	0	0	3	20.3333333333333
A_PA	1050	3	N	0	0	2	18
A_PA	1051	3	N	0	0	3	19.3333333333333
A_PA	1052	3	N	0	0	3	17
A_PA	1053	3	N	0	0	3	19.6666666666667
A_PA	1054	3	N	0	0	3	20
A_PA	1055	3	N	0	0	3	19.3333333333333
A_PA	1056	3	N	0	0	2	15
A_PA	1057	3	N	0	0	3	17.6666666666667
A_PA	1058	3	N	0	0	2	26
A_PA	1059	3	N	0	0	2	15
A_PA	1060	3	N	0	0	3	21
A_PA	1061	3	N	0	0	3	22
A_PA	1062	3	N	0	0	3	20.3333333333333
A_PA	1063	3	N	0	0	3	21
A_PA	1064	3	N	0	0	2	21.5
A_PA	1065	3	N	0	0	2	20.5
A_PA	1066	3	N	0	0	3	23.3333333333333
A_PA	1067	3	N	0	0	3	22.3333333333333
A_PA	1068	3	N	0	0	2	26
A_PA	1069	3	N	0	0	3	23.3333333333333
A_PA	1070	3	N	0	0	3	21.3333333333333
A_PA	1071	3	N	0	0	2	29
A_PA	1072	3	N	0	0	3	25.3333333333333
A_PA	1073	3	N	0	0	3	21.6666666666667
A_PA	1074	3	N	0	0	3	19.6666666666667
A_PA	1075	3	N	0	0	3	19.3333333333333
A_PA	1076	3	N	0	0	3	18.6666666666667
A_PA	1077	3	N	0	0	3	19
A_PA	1078	3	N	0	0	3	20
A_PA	1079	3	N	0	0	3	20.6666666666667
A_PA	1080	3	N	0	0	3	21.3333333333333
A_PA	1081	3	N	0	0	3	19.6666666666667
A_PA	1082	3	N	0	0	3	17.6666666666667
A_PA	1083	3	N	0	0	2	29.5
A_PA	1084	3	N	0	0	3	25
A_PA	1085	3	N	0	0	3	19.6666666666667
A_PA	1086	3	N	0	0	2	23
A_PA	1087	3	N	0	0	3	20
A_PA	1088	3	N	0	0	3	20.3333333333333
A_PA	1089	3	N	0	0	2	23.5
A_PA	1090	3	N	0	0	3	23
A_PA	1091	3	N	0	0	3	24.6666666666667
A_PA	1092	3	N	0	0	3	25.6666666666667
A_PA	1093	3	N	0	0	2	27
A_PA	1094	3	N	0	0	3	24.6666666666667
A_PA	1095	3	N	0	0	3	21.6666666666667
A_PA	1096	3	N	0	0	3	21.6666666666667
A_PA	1097	3	N	0	0	3	22.3333333333333
A_PA	1098	3	N	0	0	3	22.3333333333333
A_PA	1099	3	N	0	0	3	22.6666666666667
A_PA	1100	3	N	0	0	3	22.6666666666667
A_PA	1101	3	N	0	0	3	26.6666666666667
A_PA	1102	3	N	0	0	3	25
A_PA	1103	3	N	0	0	3	24
A_PA	1104	3	N	0	0	2	23
A_PA	1105	3	N	0	0	3	20.6666666666667
A_PA	1106	3	N	0	0	3	21
A_PA	1107	2	N	1	0	1	28
A_PA	1108	3	N	0	0	3	18.6666666666667
A_PA	1109	3	N	0	0	3	25.3333333333333
A_PA	1110	3	N	0	0	3	18
A_PA	1111	3	N	0	0	3	18.6666666666667
A_PA	1112	3	N	0	0	3	27
A_PA	1113	3	N	0	0	3	27.6666666666667
A_PA	1114	3	N	0	0	3	29.3333333333333
A_PA	1115	3	N	0	0	3	29.6666666666667
A_PA	1116	3	N	0	0	2	28
A_PA	1117	3	N	0	0	3	26
A_PA	1118	3	N	0	0	3	24.3333333333333
A_PA	1119	3	N	0	0	3	24.6666666666667
A_PA	1120	3	N	0	0	3	22.6666666666667
A_PA	1121	3	N	0	0	3	20.6666666666667
A_PA	1122	3	N	0	0	3	20.6666666666667
A_PA	1123	3	N	0	0	3	20.3333333333333
A_PA	1124	3	N	0	0	3	20.6666666666667
A_PA	1125	3	N	0	0	2	19
A_PA	1126	3	N	0	0	3	20
A_PA	1127	3	N	0	0	3	19.3333333333333
A_PA	1128	3	N	0	0	2	49.5
A_PA	1129	3	N	0	0	3	17
A_PA	1130	3	N	0	0	3	19.6666666666667
A_PA	1131	3	N	0	0	2	16.5
A_PA	1132	3	N	0	0	3	14.3333333333333
A_PA	1133	3	N	0	0	3	14.6666666666667
A_PA	1134	3	N	0	0	2	18
A_PA	1135	3	N	0	0	3	48.3333333333333
A_PA	1136	3	N	0	0	3	46.6666666666667
A_PA	1137	3	N	0	0	3	24
A_PA	1138	3	N	0	0	3	24.6666666666667
A_PA	1139	3	N	0	0	3	25.6666666666667
A_PA	1140	3	N	0	0	3	27.6666666666667
A_PA	1141	3	N	0	0	3	20
A_PA	1142	3	N	0	0	3	17
A_PA	1143	3	N	0	0	2	24.5
A_PA	1144	3	N	0	0	2	29.5
A_PA	1145	3	N	0	0	3	21.3333333333333
A_PA	1146	3	N	0	0	3	21
A_PA	1147	3	N	0	0	3	18
A_PA	1148	3	N	0	0	3	11
A_PA	1149	3	N	0	0	2	9.5
A_PA	1150	3	N	0	0	3	14.3333333333333
A_PA	1151	3	N	0	0	2	10.5
A_PA	1152	3	N	0	0	3	17.3333333333333
A_PA	1153	3	N	0	0	3	19.6666666666667
A_PA	1154	3	N	0	0	3	18.6666666666667
A_PA	1155	3	N	0	0	2	21
A_PA	1156	3	N	0	0	2	20.5
A_PA	1157	3	N	0	0	3	26.3333333333333
A_PA	1158	3	N	0	0	2	28
A_PA	1159	3	N	0	0	2	26.5
A_PA	1160	3	N	0	0	3	23.3333333333333
A_PA	1161	3	N	0	0	2	22.5
A_PA	1162	3	N	0	0	3	24.3333333333333
A_PA	1163	3	N	0	0	3	23.6666666666667
A_PA	1164	3	N	0	0	2	23.5
A_PA	1165	3	N	0	0	2	24.5
A_PA	1166	3	N	0	0	3	29.6666666666667
A_PA	1167	3	N	0	0	3	30.3333333333333
A_PA	1168	3	N	0	0	3	28.3333333333333
A_PA	1169	3	N	0	0	3	26.6666666666667
A_PA	1170	2	N	1	0	2	20
A_PA	1171	3	N	0	0	3	21.6666666666667
A_PA	1172	3	N	0	0	3	20
A_PA	1173	3	N	0	0	2	15.5
A_PA	1174	3	N	0	0	3	23
A_PA	1175	3	N	0	0	3	24.3333333333333
A_PA	1176	3	N	0	0	2	29.5
A_PA	1177	3	N	0	0	3	23.6666666666667
A_PA	1178	3	N	0	0	3	21.3333333333333
A_PA	1179	3	N	0	0	2	17
A_PA	1180	3	N	0	0	3	19
A_PA	1181	3	N	0	0	3	18.6666666666667
A_PA	1182	3	N	0	0	3	20.6666666666667
A_PA	1183	3	N	0	0	3	20.3333333333333
A_PA	1184	3	N	0	0	3	22.3333333333333
A_PA	1185	3	N	0	0	2	28
A_PA	1186	3	N	0	0	3	27
A_PA	1187	3	N	0	0	3	28.3333333333333
A_PA	1188	3	N	0	0	2	59.5
A_PA	1189	3	N	0	0	3	47.6666666666667
A_PA	1190	3	N	0	0	3	48.3333333333333
A_PA	1191	3	N	0	0	3	47.3333333333333
A_PA	1192	3	N	0	0	3	42
A_PA	1193	3	N	0	0	3	43
A_PA	1194	3	N	0	0	2	20
A_PA	1195	3	N	0	0	2	19.5
A_PA	1196	3	N	0	0	2	19
A_PA	1197	3	N	0	0	2	13.5
A_PA	1198	3	N	0	0	3	15
A_PA	1199	3	N	0	0	3	10.6666666666667
A_PA	1200	3	N	0	0	2	12
A_PA	1201	3	N	0	0	3	40
A_PA	1202	3	N	0	0	3	47.3333333333333
A_PA	1203	3	N	0	0	2	58.5
A_PA	1204	3	N	0	0	3	26.3333333333333
A_PA	1205	3	N	0	0	3	25.6666666666667
A_PA	1206	3	N	0	0	2	23
A_PA	1207	3	N	0	0	2	24
A_PA	1208	2	N	1	0	2	30.5
A_PA	1209	2	N	1	0	2	24
A_PA	1210	2	N	1	0	2	24
A_PA	1211	3	N	0	0	3	23.6666666666667
A_PA	1212	3	N	0	0	2	28
A_PA	1213	3	N	0	0	3	25.3333333333333
A_PA	1214	3	N	0	0	3	23.6666666666667
A_PA	1215	3	N	0	0	3	17.3333333333333
A_PA	1216	3	N	0	0	2	22
A_PA	1217	3	N	0	0	3	16.3333333333333
A_PA	1218	3	N	0	0	2	19.5
A_PA	1219	3	N	0	0	3	15.3333333333333
A_PA	1220	3	N	0	0	3	15
A_PA	1221	3	N	0	0	3	14.3333333333333
A_PA	1222	3	N	0	0	3	14.3333333333333
A_PA	1223	3	N	0	0	2	20
A_PA	1224	3	N	0	0	3	17.3333333333333
A_PA	1225	3	N	0	0	3	22
A_PA	1226	3	N	0	0	3	22.3333333333333
A_PA	1227	3	N	0	0	2	19.5
A_PA	1228	3	N	0	0	3	21.6666666666667
A_PA	1229	3	N	0	0	3	20
A_PA	1230	3	N	0	0	3	20.6666666666667
A_PA	1231	3	N	0	0	3	20
A_PA	1232	3	N	0	0	3	20.6666666666667
A_PA	1233	3	N	0	0	2	22
A_PA	1234	3	N	0	0	3	23
A_PA	1235	3	N	0	0	3	24.6666666666667
A_PA	1236	3	N	0	0	3	22
A_PA	1237	3	N	0	0	3	21
A_PA	1238	3	N	0	0	3	20.3333333333333
A_PA	1239	3	N	0	0	2	18.5
A_PA	1240	3	N	0	0	3	20.3333333333333
A_PA	1241	3	N	0	0	3	19.6666666666667
A_PA	1242	3	N	0	0	3	21
A_PA	1243	3	N	0	0	3	22.6666666666667
A_PA	1244	3	N	0	0	3	22.6666666666667
A_PA	1245	3	N	0	0	2	20.5
A_PA	1246	3	N	0	0	2	17.5
A_PA	1247	3	N	0	0	3	21
A_PA	1248	3	N	0	0	2	22
A_PA	1249	3	N	0	0	3	24.6666666666667
A_PA	1250	3	N	0	0	3	23.6666666666667
A_PA	1251	3	N	0	0	3	22.3333333333333
A_PA	1252	3	N	0	0	3	23
A_PA	1253	3	N	0	0	3	27
A_PA	1254	3	N	0	0	3	27.3333333333333
A_PA	1255	3	N	0	0	3	27.6666666666667
A_PA	1256	3	N	0	0	3	25.3333333333333
A_PA	1257	3	N	0	0	3	20.6666666666667
A_PA	1258	3	N	0	0	2	16.5
A_PA	1259	3	N	0	0	2	16
A_PA	1260	3	N	0	0	3	18.3333333333333
A_PA	1261	3	N	0	0	3	19.3333333333333
A_PA	1262	3	N	0	0	3	19.6666666666667
A_PA	1263	3	N	0	0	3	23.6666666666667
A_PA	1264	3	N	0	0	3	23
A_PA	1265	3	N	0	0	3	24
A_PA	1266	3	N	0	0	3	23
A_PA	1267	3	N	0	0	3	22.3333333333333
A_PA	1268	3	N	0	0	3	22.6666666666667
A_PA	1269	3	N	0	0	3	21.6666666666667
A_PA	1270	3	N	0	0	3	20
A_PA	1271	3	N	0	0	3	20.3333333333333
A_PA	1272	3	N	0	0	2	21
A_PA	1273	3	N	0	0	3	43.6666666666667
A_PA	1274	3	N	0	0	3	43.6666666666667
A_PA	1275	3	N	0	0	3	20.3333333333333
A_PA	1276	3	N	0	0	3	21.3333333333333
A_PA	1277	3	N	0	0	3	27
A_PA	1278	3	N	0	0	3	24.6666666666667
A_PA	1279	3	N	0	0	3	22
A_PA	1280	3	N	0	0	3	20.3333333333333
A_PA	1281	3	N	0	0	2	21.5
A_PA	1282	3	N	0	0	2	19.5
A_PA	1283	3	N	0	0	3	22.6666666666667
A_PA	1284	3	N	0	0	3	23
A_PA	1285	3	N	0	0	3	21.3333333333333
A_PA	1286	3	N	0	0	3	22.6666666666667
A_PA	1287	3	N	0	0	2	20
A_PA	1288	3	N	0	0	3	20.3333333333333
A_PA	1289	3	N	0	0	3	20.3333333333333
A_PA	1290	3	N	0	0	2	24.5
A_PA	1291	3	N	0	0	3	19
A_PA	1292	3	N	0	0	3	22
A_PA	1293	3	N	0	0	2	17.5
A_PA	1294	3	N	0	0	3	21.3333333333333
A_PA	1295	3	N	0	0	3	23
A_PA	1296	3	N	0	0	3	21.3333333333333
A_PA	1297	3	N	0	0	3	18.3333333333333
A_PA	1298	3	N	0	0	2	24
A_PA	1299	3	N	0	0	2	23
A_PA	1300	2	N	0	0	2	24.5
A_PA	1301	2	N	0	0	2	26.5
A_PA	1302	2	N	0	0	2	27.5
A_PA	1303	2	N	0	0	2	27
A_PA	1304	2	N	0	0	2	28.5
A_PA	1305	2	N	0	0	2	29.5
A_PA	1306	2	N	0	0	2	29
A_PA	1307	2	N	0	0	2	28.5
A_PA	1308	2	N	0	0	1	28
A_PA	1309	2	N	0	0	2	29.5
A_PA	1310	2	N	0	0	1	18
A_PA	1311	2	N	0	0	1	31
A_PA	1312	2	N	0	0	2	30
A_PA	1313	2	N	0	0	2	29
A_PA	1314	2	N	0	0	2	26
A_PA	1315	2	N	0	0	2	25
A_PA	1316	2	N	0	0	2	16.5
A_PA	1317	2	N	0	0	2	16
A_PA	1318	2	N	0	0	2	19.5
A_PA	1319	2	N	0	0	2	23.5
A_PA	1320	2	N	0	0	2	23.5
A_PA	1321	2	N	0	0	2	21.5
A_PA	1322	2	N	0	0	2	20
A_PA	1323	2	N	0	0	1	19
A_PA	1324	2	N	0	0	2	13.5
A_PA	1325	2	N	0	0	2	15.5
A_PA	1326	2	N	0	0	2	10
A_PA	1327	2	N	0	0	2	11
A_PA	1328	2	N	0	0	2	11.5
A_PA	1329	2	N	0	0	1	13
A_PA	1330	2	N	0	0	2	17.5
A_PA	1331	2	N	0	0	2	24.5
A_PA	1332	2	N	0	0	2	28.5
A_PA	1333	2	N	0	0	2	29
A_PA	1334	2	N	0	0	2	30
A_PA	1335	2	N	0	0	2	29
A_PA	1336	2	N	0	0	2	30
A_PA	1337	2	N	0	0	2	30.5
A_PA	1338	2	N	0	0	2	29
A_PA	1339	2	N	0	0	2	21
A_PA	1340	2	N	0	0	2	20.5
A_PA	1341	2	N	0	0	2	21
A_PA	1342	2	N	0	0	2	18.5
A_PA	1343	2	N	0	0	2	55
A_PA	1344	2	N	0	0	1	24
A_PA	1345	2	N	0	0	2	20.5
A_PA	1346	2	N	0	0	2	20
A_PA	1347	2	N	0	0	2	20.5
A_PA	1348	2	N	0	0	2	17
A_PA	1349	2	N	0	0	2	26.5
A_PA	1350	2	N	0	0	2	26
A_PA	1351	2	N	0	0	2	24
A_PA	1352	2	N	0	0	2	23.5
A_PA	1353	2	N	0	0	1	25
A_PA	1354	2	N	0	0	2	25.5
A_PA	1355	2	N	0	0	2	27
A_PA	1356	2	N	0	0	1	28
A_PA	1357	2	N	0	0	2	18
A_PA	1358	2	N	0	0	2	18.5
A_PA	1359	2	N	0	0	1	7
A_PA	1360	2	N	0	0	2	18
A_PA	1361	2	N	0	0	2	17.5
A_PA	1362	2	N	0	0	2	16.5
A_PA	1363	2	N	0	0	2	22.5
A_PA	1364	2	N	0	0	2	25.5
A_PA	1365	2	N	0	0	2	27
A_PA	1366	2	N	0	0	2	28
A_PA	1367	2	N	0	0	2	27
A_PA	1368	2	N	0	0	2	25.5
A_PA	1369	2	N	0	0	2	25.5
A_PA	1370	2	N	0	0	2	25
A_PA	1371	2	N	0	0	2	26
A_PA	1372	2	N	0	0	2	17.5
A_PA	1373	2	N	0	0	2	17
A_PA	1374	2	N	0	0	2	17.5
A_PA	1375	2	N	0	0	2	17.5
A_PA	1376	2	N	0	0	2	24
A_PA	1377	2	N	0	0	2	25
A_PA	1378	1	N	1	0	1	25
A_PA	1379	2	N	0	0	2	24.5
A_PA	1380	2	N	0	0	2	25
A_PA	1381	2	N	0	0	2	25.5
A_PA	1382	2	N	0	0	2	22.5
A_PA	1383	2	N	0	0	1	21
A_PA	1384	2	N	0	0	2	23
A_PA	1385	2	N	0	0	2	25
A_PA	1386	2	N	0	0	1	33
A_PA	1387	2	N	0	0	2	28
A_PA	1388	2	N	0	0	2	25.5
A_PA	1389	2	N	0	0	2	22.5
A_PA	1390	2	N	0	0	2	26
A_PA	1391	2	N	0	0	2	24.5
A_PA	1392	2	N	0	0	1	24
A_PA	1393	2	N	0	0	2	29.5
A_PA	1394	2	N	0	0	2	29
A_PA	1395	2	N	0	0	2	27.5
A_PA	1396	2	N	0	0	2	28.5
A_PA	1397	2	N	0	0	2	27.5
A_PA	1398	2	N	0	0	1	27
A_PA	1399	2	N	0	0	2	27.5
A_PA	1400	2	N	0	0	2	26.5
A_PA	1401	2	N	0	0	2	25.5
A_PA	1402	2	N	0	0	1	28
A_PA	1403	2	N	0	0	2	26.5
A_PA	1404	2	N	0	0	2	27.5
A_PA	1405	2	N	0	0	2	25.5
A_PA	1406	2	N	0	0	2	24.5
A_PA	1407	2	N	0	0	1	27
A_PA	1408	2	N	0	0	2	17
A_PA	1409	2	N	0	0	2	18
A_PA	1410	2	N	0	0	2	26.5
A_PA	1411	2	N	0	0	2	26.5
A_PA	1412	2	N	0	0	2	26
A_PA	1413	2	N	0	0	2	27.5
A_PA	1414	2	N	0	0	2	27
A_PA	1415	2	N	0	0	2	29
A_PA	1416	2	N	0	0	2	25
A_PA	1417	2	N	0	0	2	19.5
A_PA	1418	2	N	0	0	2	19.5
A_PA	1419	2	N	0	0	2	21.5
A_PA	1420	2	N	0	0	2	26.5
A_PA	1421	2	N	0	0	2	26
A_PA	1422	2	N	0	0	2	25
A_PA	1423	2	N	0	0	2	24.5
A_PA	1424	2	N	0	0	2	24.5
A_PA	1425	2	N	0	0	1	26
A_PA	1426	2	N	0	0	2	22.5
A_PA	1427	2	N	0	0	2	24.5
A_PA	1428	2	N	0	0	2	28.5
A_PA	1429	2	N	0	0	2	27.5
A_PA	1430	2	N	0	0	2	18
A_PA	1431	2	N	0	0	1	27
A_PA	1432	2	N	0	0	2	18
A_PA	1433	2	N	0	0	2	20
A_PA	1434	2	N	0	0	1	9
A_PA	1435	2	N	0	0	2	26
A_PA	1436	2	N	0	0	2	26
A_PA	1437	2	N	0	0	2	20
A_PA	1438	2	N	0	0	2	24
A_PA	1439	2	N	0	0	2	22.5
A_PA	1440	2	N	0	0	1	19
A_PA	1441	2	N	0	0	2	22
A_PA	1442	2	N	0	0	2	23
A_PA	1443	2	N	0	0	1	26
A_PA	1444	2	N	0	0	2	25.5
A_PA	1445	2	N	0	0	2	29.5
A_PA	1446	2	N	0	0	2	28.5
A_PA	1447	2	N	0	0	2	28
A_PA	1448	2	N	0	0	2	27.5
A_PA	1449	2	N	0	0	1	27
A_PA	1450	2	N	0	0	2	27.5
A_PA	1451	2	N	0	0	2	27.5
A_PA	1452	2	N	0	0	2	28
A_PA	1453	2	N	0	0	2	29.5
A_PA	1454	2	N	0	0	2	28.5
A_PA	1455	2	N	0	0	2	29.5
A_PA	1456	2	N	0	0	2	31
A_PA	1457	2	N	0	0	2	29.5
A_PA	1458	2	N	0	0	2	26
A_PA	1459	2	N	0	0	2	25
A_PA	1460	2	N	0	0	2	24
A_PA	1461	2	N	0	0	1	25
A_PA	1462	2	N	0	0	2	23.5
A_PA	1463	2	N	0	0	2	21
A_PA	1464	2	N	0	0	1	21
A_PA	1465	2	N	0	0	2	22
A_PA	1466	2	N	0	0	2	17.5
A_PA	1467	2	N	0	0	1	27
A_PA	1468	2	N	0	0	2	26.5
A_PA	1469	2	N	0	0	2	26.5
A_PA	1470	2	N	0	0	1	26
A_PA	1471	2	N	0	0	2	26
A_PA	1472	2	N	0	0	2	26
A_PA	1473	1	N	1	0	1	24
A_PA	1474	1	N	1	0	1	18
A_PA	1475	2	N	0	0	2	23
A_PA	1476	2	N	0	0	2	14
A_PA	1477	2	N	0	0	2	13
A_PA	1478	2	N	0	0	2	16
A_PA	1479	2	N	0	0	2	15.5
A_PA	1480	2	N	0	0	2	16
A_PA	1481	2	N	0	0	2	18
A_PA	1482	2	N	0	0	1	22
A_PA	1483	2	N	0	0	2	16.5
A_PA	1484	2	N	0	0	2	16.5
A_PA	1485	1	N	1	0	1	16
A_PA	1486	2	N	0	0	2	12
A_PA	1487	2	N	0	0	2	17
A_PA	1488	2	N	0	0	2	20
A_PA	1489	2	N	0	0	2	20
A_PA	1490	2	N	0	0	2	18.5
A_PA	1491	2	N	0	0	1	18
A_PA	1492	2	N	0	0	2	24
A_PA	1493	2	N	0	0	2	22.5
A_PA	1494	2	N	0	0	1	31
A_PA	1495	2	N	0	0	1	29
A_PA	1496	2	N	0	0	2	16.5
A_PA	1497	2	N	0	0	1	29
A_PA	1498	2	N	0	0	2	17
A_PA	1499	2	N	0	0	2	17
A_PA	1500	2	N	0	0	2	18
A_PA	1501	2	N	0	0	2	16.5
A_PA	1502	2	N	0	0	2	14
A_PA	1503	2	N	0	0	1	25
A_PA	1504	2	N	0	0	2	16.5
A_PA	1505	2	N	0	0	2	19
A_PA	1506	2	N	0	0	2	16.5
A_PA	1507	2	N	0	0	2	17
A_PA	1508	2	N	0	0	2	16
A_PA	1509	2	N	0	0	1	24
A_PA	1510	2	N	0	0	1	14
A_PA	1511	2	N	0	0	1	5
A_PA	1512	2	N	0	0	2	5.5
A_PA	1513	2	N	0	0	2	6
A_PA	1514	2	N	0	0	2	7
A_PA	1515	2	N	0	0	2	7
A_PA	1516	2	N	0	0	2	8.5
A_PA	1517	2	N	0	0	2	7
A_PA	1518	2	N	0	0	2	10.5
A_PA	1519	2	N	0	0	2	13
A_PA	1520	2	N	0	0	2	23.5
A_PA	1521	2	N	0	0	1	21
A_PA	1522	2	N	0	0	2	22.5
A_PA	1523	2	N	0	0	2	18
A_PA	1524	2	N	0	0	1	11
A_PA	1525	2	N	0	0	2	9
A_PA	1526	2	N	0	0	2	14.5
A_PA	1527	2	N	0	0	2	16.5
A_PA	1528	2	N	0	0	1	16
A_PA	1529	2	N	0	0	2	19.5
A_PA	1530	2	N	0	0	2	15.5
A_PA	1531	2	N	0	0	2	16.5
A_PA	1532	2	N	0	0	2	13.5
A_PA	1533	2	N	0	0	1	19
A_PA	1534	2	N	0	0	2	21
A_PA	1535	2	N	0	0	2	22
A_PA	1536	2	N	0	0	2	26
A_PA	1537	2	N	0	0	2	27
A_PA	1538	2	N	0	0	2	25
A_PA	1539	2	N	0	0	1	26
A_PA	1540	2	N	0	0	2	27
A_PA	1541	2	N	0	0	2	32.5
A_PA	1542	2	N	0	0	1	27
A_PA	1543	2	N	0	0	2	22
A_PA	1544	2	N	0	0	2	23.5
A_PA	1545	2	N	0	0	2	22.5
A_PA	1546	2	N	0	0	2	24
A_PA	1547	2	N	0	0	2	29.5
A_PA	1548	2	N	0	0	1	30
A_PA	1549	2	N	0	0	2	30.5
A_PA	1550	2	N	0	0	2	28
A_PA	1551	2	N	0	0	1	28
A_PA	1552	2	N	0	0	2	23
A_PA	1553	2	N	0	0	2	16.5
A_PA	1554	2	N	0	0	2	26
A_PA	1555	2	N	0	0	2	26
A_PA	1556	2	N	0	0	2	25
A_PA	1557	2	N	0	0	2	28
A_PA	1558	2	N	0	0	2	29.5
A_PA	1559	2	N	0	0	2	29
A_PA	1560	2	N	0	0	1	29
A_PA	1561	2	N	0	0	2	28.5
A_PA	1562	2	N	0	0	2	28
A_PA	1563	2	N	0	0	1	27
A_PA	1564	2	N	0	0	2	27.5
A_PA	1565	2	N	0	0	2	27.5
A_PA	1566	2	N	0	0	2	26.5
A_PA	1567	2	N	0	0	2	26.5
A_PA	1568	2	N	0	0	2	14.5
A_PA	1569	2	N	0	0	2	21
A_PA	1570	2	N	0	0	2	23
A_PA	1571	2	N	0	0	2	26
A_PA	1572	2	N	0	0	1	25
A_PA	1573	2	N	0	0	2	25
A_PA	1574	2	N	0	0	2	26.5
A_PA	1575	2	N	0	0	1	33
A_PA	1576	2	N	0	0	2	29
A_PA	1577	2	N	0	0	2	57.5
A_PA	1578	2	N	0	0	2	27.5
A_PA	1579	2	N	0	0	2	25
A_PA	1580	2	N	0	0	2	25
A_PA	1581	2	N	0	0	1	27
A_PA	1582	2	N	0	0	2	25.5
A_PA	1583	2	N	0	0	2	24
A_PA	1584	2	N	0	0	2	21
A_PA	1585	2	N	0	0	2	20.5
A_PA	1586	2	N	0	0	2	17
A_PA	1587	2	N	0	0	1	18
A_PA	1588	2	N	0	0	2	19
A_PA	1589	2	N	0	0	2	19.5
A_PA	1590	2	N	0	0	2	24.5
A_PA	1591	2	N	0	0	2	22.5
A_PA	1592	2	N	0	0	2	21.5
A_PA	1593	2	N	0	0	1	25
A_PA	1594	2	N	0	0	2	21.5
A_PA	1595	2	N	0	0	2	57.5
A_PA	1596	2	N	0	0	2	23.5
A_PA	1597	2	N	0	0	2	23.5
A_PA	1598	2	N	0	0	2	22.5
A_PA	1599	2	N	0	0	2	30.5
A_PA	1600	2	N	0	0	2	28.5
A_PA	1601	2	N	0	0	2	29.5
A_PA	1602	2	N	0	0	1	28
A_PA	1603	2	N	0	0	2	27
A_PA	1604	2	N	0	0	2	28
A_PA	1605	2	N	0	0	2	28
A_PA	1606	2	N	0	0	2	30.5
A_PA	1607	2	N	0	0	2	29
A_PA	1608	2	N	0	0	2	26
A_PA	1609	2	N	0	0	2	28
A_PA	1610	2	N	0	0	2	31.5
A_PA	1611	2	N	0	0	1	29
A_PA	1612	2	N	0	0	2	31
A_PA	1613	2	N	0	0	2	31
A_PA	1614	2	N	0	0	2	31
A_PA	1615	2	N	0	0	2	31
A_PA	1616	2	N	0	0	2	29.5
A_PA	1617	2	N	0	0	1	28
A_PA	1618	2	N	0	0	2	30.5
A_PA	1619	2	N	0	0	2	30.5
A_PA	1620	2	N	0	0	2	29.5
A_PA	1621	2	N	0	0	2	27.5
A_PA	1622	2	N	0	0	2	27.5
A_PA	1623	2	N	0	0	1	26
A_PA	1624	2	N	0	0	2	27
A_PA	1625	2	N	0	0	2	26
A_PA	1626	2	N	0	0	2	25.5
A_PA	1627	2	N	0	0	2	25.5
A_PA	1628	2	N	0	0	2	24.5
A_PA	1629	2	N	0	0	1	24
A_PA	1630	2	N	0	0	2	21.5
A_PA	1631	2	N	0	0	2	21.5
A_PA	1632	2	N	0	0	2	24
A_PA	1633	2	N	0	0	2	18.5
A_PA	1634	2	N	0	0	2	17.5
A_PA	1635	2	N	0	0	2	17.5
A_PA	1636	2	N	0	0	2	17.5
A_PA	1637	2	N	0	0	2	25
A_PA	1638	2	N	0	0	1	26
A_PA	1639	2	N	0	0	2	28
A_PA	1640	2	N	0	0	2	30
A_PA	1641	2	N	0	0	2	28
A_PA	1642	2	N	0	0	1	26
A_PA	1643	2	N	0	0	2	25.5
A_PA	1644	2	N	0	0	2	26
A_PA	1645	2	N	0	0	1	27
A_PA	1646	2	N	0	0	2	26.5
A_PA	1647	2	N	0	0	2	30.5
A_PA	1648	2	N	0	0	2	23.5
A_PA	1649	2	N	0	0	2	23
A_PA	1650	2	N	0	0	2	23
A_PA	1651	2	N	0	0	2	20.5
A_PA	1652	2	N	0	0	1	32
A_PA	1653	2	N	0	0	2	28
A_PA	1654	2	N	0	0	2	27.5
A_PA	1655	2	N	0	0	2	27
A_PA	1656	2	N	0	0	1	29
A_PA	1657	2	N	0	0	2	28
A_PA	1658	2	N	0	0	2	25.5
A_PA	1659	2	N	0	0	2	20
A_PA	1660	2	N	0	0	2	18
A_PA	1661	2	N	0	0	2	14
A_PA	1662	2	N	0	0	2	14
A_PA	1663	2	N	0	0	2	17.5
A_PA	1664	2	N	0	0	1	20
A_PA	1665	2	N	0	0	2	19.5
A_PA	1666	2	N	0	0	1	11
A_PA	1667	2	N	0	0	2	15.5
A_PA	1668	1	N	1	0	1	28
A_PA	1669	1	N	1	0	1	28
A_PA	1670	1	N	1	0	1	30
A_PA	1671	2	N	0	0	1	17
A_PA	1672	2	N	0	0	2	18.5
A_PA	1673	2	N	0	0	2	27.5
A_PA	1674	2	N	0	0	2	27
A_PA	1675	2	N	0	0	2	28.5
A_PA	1676	2	N	0	0	2	28
A_PA	1677	2	N	0	0	1	31
A_PA	1678	2	N	0	0	2	26.5
A_PA	1679	2	N	0	0	2	27
A_PA	1680	2	N	0	0	2	27
A_PA	1681	2	N	0	0	2	26.5
A_PA	1682	2	N	0	0	2	28.5
A_PA	1683	2	N	0	0	2	29.5
A_PA	1684	2	N	0	0	1	29
A_PA	1685	2	N	0	0	1	29
A_PA	1686	2	N	0	0	1	28
A_PA	1687	2	N	0	0	2	27.5
A_PA	1688	2	N	0	0	2	27.5
A_PA	1689	2	N	0	0	2	28
A_PA	1690	2	N	0	0	2	26
A_PA	1691	2	N	0	0	2	26
A_PA	1692	2	N	0	0	2	25.5
A_PA	1693	2	N	0	0	2	26
A_PA	1694	2	N	0	0	2	24
A_PA	1695	2	N	0	0	1	19
A_PA	1696	2	N	0	0	2	17
A_PA	1697	2	N	0	0	2	17
A_PA	1698	2	N	0	0	1	28
A_PA	1699	2	N	0	0	2	29
A_PA	1700	2	N	0	0	2	22
A_PA	1701	2	N	0	0	1	22
A_PA	1702	2	N	0	0	2	15.5
A_PA	1703	2	N	0	0	2	13.5
A_PA	1704	2	N	0	0	2	12
A_PA	1705	2	N	0	0	2	13
A_PA	1706	2	N	0	0	2	15
A_PA	1707	2	N	0	0	1	4
A_PA	1708	2	N	0	0	2	19
A_PA	1709	2	N	0	0	2	21
A_PA	1710	2	N	0	0	1	16
A_PA	1711	2	N	0	0	2	26.5
A_PA	1712	2	N	0	0	2	25.5
A_PA	1713	2	N	0	0	2	25.5
A_PA	1714	2	N	0	0	1	13
A_PA	1715	2	N	0	0	2	24
A_PA	1716	2	N	0	0	2	25.5
A_PA	1717	2	N	0	0	2	27
A_PA	1718	2	N	0	0	2	24.5
A_PA	1719	2	N	0	0	1	28
A_PA	1720	2	N	0	0	2	25
A_PA	1721	2	N	0	0	2	23
A_PA	1722	2	N	0	0	2	19
A_PA	1723	2	N	0	0	2	18.5
A_PA	1724	2	N	0	0	2	16.5
A_PA	1725	2	N	0	0	2	19
A_PA	1726	2	N	0	0	2	22
A_PA	1727	2	N	0	0	2	27.5
A_PA	1728	2	N	0	0	2	21
A_PA	1729	2	N	0	0	2	18.5
A_PA	1730	2	N	0	0	2	20
A_PA	1731	2	N	0	0	1	27
A_PA	1732	2	N	0	0	2	26.5
A_PA	1733	2	N	0	0	2	25.5
A_PA	1734	2	N	0	0	2	21.5
A_PA	1735	2	N	0	0	2	21
A_PA	1736	2	N	0	0	2	20
A_PA	1737	2	N	0	0	1	24
A_PA	1738	2	N	0	0	2	22
A_PA	1739	2	N	0	0	2	21
A_PA	1740	2	N	0	0	2	21.5
A_PA	1741	2	N	0	0	2	24
A_PA	1742	2	N	0	0	2	22
A_PA	1743	2	N	0	0	1	30
A_PA	1744	2	N	0	0	2	24
A_PA	1745	2	N	0	0	2	22.5
A_PA	1746	2	N	0	0	1	8
A_PA	1747	2	N	0	0	2	14.5
A_PA	1748	2	N	0	0	2	15.5
A_PA	1749	2	N	0	0	1	25
A_PA	1750	2	N	0	0	2	20.5
A_PA	1751	2	N	0	0	2	20.5
A_PA	1752	2	N	0	0	1	25
A_PA	1753	2	N	0	0	2	26.5
A_PA	1754	2	N	0	0	2	28
A_PA	1755	2	N	0	0	2	30.5
A_PA	1756	2	N	0	0	2	27.5
A_PA	1757	2	N	0	0	2	31.5
A_PA	1758	2	N	0	0	1	27
A_PA	1759	2	N	0	0	2	26.5
A_PA	1760	2	N	0	0	2	22
A_PA	1761	2	N	0	0	1	24
A_PA	1762	2	N	0	0	2	26.5
A_PA	1763	2	N	0	0	2	27
A_PA	1764	2	N	0	0	1	25
A_PA	1765	2	N	0	0	2	23.5
A_PA	1766	2	N	0	0	2	20
A_PA	1767	2	N	0	0	1	27
A_PA	1768	2	N	0	0	2	26.5
A_PA	1769	2	N	0	0	2	25
A_PA	1770	2	N	0	0	2	24
A_PA	1771	2	N	0	0	2	20.5
A_PA	1772	2	N	0	0	2	17.5
A_PA	1773	2	N	0	0	1	25
A_PA	1774	2	N	0	0	2	13.5
A_PA	1775	2	N	0	0	2	13
A_PA	1776	2	N	0	0	2	13
A_PA	1777	2	N	0	0	2	15
A_PA	1778	2	N	0	0	2	48.5
A_PA	1779	2	N	0	0	2	21.5
A_PA	1780	2	N	0	0	2	21.5
A_PA	1781	2	N	0	0	2	25.5
A_PA	1782	2	N	0	0	2	25.5
A_PA	1783	2	N	0	0	2	26.5
A_PA	1784	2	N	0	0	2	25
A_PA	1785	2	N	0	0	2	25
A_PA	1786	2	N	0	0	2	23
A_PA	1787	2	N	0	0	2	25
A_PA	1788	2	N	0	0	2	25.5
A_PA	1789	2	N	0	0	2	25
A_PA	1790	2	N	0	0	2	25
A_PA	1791	2	N	0	0	2	24.5
A_PA	1792	2	N	0	0	2	22
A_PA	1793	2	N	0	0	2	21
A_PA	1794	2	N	0	0	2	19.5
A_PA	1795	2	N	0	0	2	23
A_PA	1796	2	N	0	0	2	24.5
A_PA	1797	2	N	0	0	1	25
A_PA	1798	2	N	0	0	2	22.5
A_PA	1799	2	N	0	0	2	23
A_PA	1800	2	N	0	0	1	24
A_PA	1801	2	N	0	0	2	27
A_PA	1802	2	N	0	0	1	27
A_PA	1803	2	N	0	0	1	28
A_PA	1804	2	N	0	0	2	27
A_PA	1805	2	N	0	0	2	27.5
A_PA	1806	2	N	0	0	2	25.5
A_PA	1807	2	N	0	0	2	26.5
A_PA	1808	2	N	0	0	2	24
A_PA	1809	2	N	0	0	2	56
A_PA	1810	2	N	0	0	2	57
A_PA	1811	2	N	0	0	1	28
A_PA	1812	2	N	0	0	2	59
A_PA	1813	2	N	0	0	2	58
A_PA	1814	2	N	0	0	2	59
A_PA	1815	2	N	0	0	2	29
A_PA	1816	2	N	0	0	2	28.5
A_PA	1817	2	N	0	0	2	28
A_PA	1818	2	N	0	0	2	32
A_PA	1819	2	N	0	0	2	31.5
A_PA	1820	2	N	0	0	2	30.5
A_PA	1821	2	N	0	0	2	29.5
A_PA	1822	2	N	0	0	2	28
A_PA	1823	2	N	0	0	2	19.5
A_PA	1824	2	N	0	0	1	8
A_PA	1825	2	N	0	0	2	13.5
A_PA	1826	2	N	0	0	2	18.5
A_PA	1827	2	N	0	0	1	30
A_PA	1828	2	N	0	0	2	19
A_PA	1829	2	N	0	0	2	21.5
A_PA	1830	1	N	1	0	1	9
A_PA	1831	2	N	0	0	2	25
A_PA	1832	2	N	0	0	2	26.5
A_PA	1833	2	N	0	0	2	25.5
A_PA	1834	2	N	0	0	2	26.5
A_PA	1835	2	N	0	0	2	26.5
A_PA	1836	2	N	0	0	1	28
A_PA	1837	2	N	0	0	2	24
A_PA	1838	2	N	0	0	2	26
A_PA	1839	2	N	0	0	1	28
A_PA	1840	2	N	0	0	2	28
A_PA	1841	2	N	0	0	2	28.5
A_PA	1842	2	N	0	0	2	29
A_PA	1843	2	N	0	0	2	28
A_PA	1844	2	N	0	0	2	27.5
A_PA	1845	2	N	0	0	1	25
A_PA	1846	2	N	0	0	2	14
A_PA	1847	2	N	0	0	2	16
A_PA	1848	2	N	0	0	2	21.5
A_PA	1849	2	N	0	0	2	26
A_PA	1850	2	N	0	0	2	27
A_PA	1851	2	N	0	0	2	28
A_PA	1852	2	N	0	0	2	27.5
A_PA	1853	2	N	0	0	2	19.5
A_PA	1854	2	N	0	0	2	16
A_PA	1855	1	N	1	0	1	24
A_PA	1856	2	N	0	0	2	9.5
A_PA	1857	2	N	0	0	2	9
A_PA	1858	2	N	0	0	2	7.5
A_PA	1859	2	N	0	0	1	5
A_PA	1860	2	N	0	0	2	13
A_PA	1861	2	N	0	0	1	18
A_PA	1862	2	N	0	0	2	12
A_PA	1863	1	N	1	0	1	17
A_PA	1864	2	N	0	0	2	13
A_PA	1865	2	N	0	0	2	15.5
A_PA	1866	2	N	0	0	1	22
A_PA	1867	2	N	0	0	2	23
A_PA	1868	2	N	0	0	2	23.5
A_PA	1869	1	N	1	0	1	25
A_PA	1870	2	N	0	0	2	25.5
A_PA	1871	2	N	0	0	2	28.5
A_PA	1872	2	N	0	0	2	26.5
A_PA	1873	1	N	1	0	1	21
A_PA	1874	2	N	0	0	2	22.5
A_PA	1875	2	N	0	0	1	22
A_PA	1876	2	N	0	0	2	27
A_PA	1877	2	N	0	0	1	25
A_PA	1878	2	N	0	0	2	17.5
A_PA	1879	2	N	0	0	2	14.5
A_PA	1880	2	N	0	0	2	18.5
A_PA	1881	2	N	0	0	1	28
A_PA	1882	2	N	0	0	2	19.5
A_PA	1883	2	N	0	0	2	14.5
A_PA	1884	2	N	0	0	2	18.5
A_PA	1885	2	N	0	0	2	16
A_PA	1886	2	N	0	0	2	18
A_PA	1887	2	N	0	0	2	17
A_PA	1888	2	N	0	0	2	18.5
A_PA	1889	2	N	0	0	2	56
A_PA	1890	2	N	0	0	1	25
A_PA	1891	2	N	0	0	2	26.5
A_PA	1892	2	N	0	0	2	27
A_PA	1893	2	N	0	0	1	26
A_PA	1894	2	N	0	0	2	25
A_PA	1895	2	N	0	0	2	25
A_PA	1896	2	N	0	0	2	27
A_PA	1897	2	N	0	0	2	21.5
A_PA	1898	2	N	0	0	2	23
A_PA	1899	2	N	0	0	1	23
A_PA	1900	2	N	0	0	2	16.5
A_PA	1901	2	N	0	0	2	23
A_PA	1902	2	N	0	0	2	21.5
A_PA	1903	2	N	0	0	2	26
A_PA	1904	2	N	0	0	2	25.5
A_PA	1905	2	N	0	0	1	27
A_PA	1906	2	N	0	0	2	27.5
A_PA	1907	2	N	0	0	2	26.5
A_PA	1908	2	N	0	0	1	27
A_PA	1909	2	N	0	0	2	27.5
A_PA	1910	2	N	0	0	2	26.5
A_PA	1911	2	N	0	0	1	26
A_PA	1912	2	N	0	0	2	28
A_PA	1913	2	N	0	0	2	29
A_PA	1914	2	N	0	0	1	25
A_PA	1915	2	N	0	0	1	23
A_PA	1916	2	N	0	0	2	27.5
A_PA	1917	2	N	0	0	2	28
A_PA	1918	2	N	0	0	1	24
A_PA	1919	2	N	0	0	2	29
A_PA	1920	2	N	0	0	2	26.5
A_PA	1921	2	N	0	0	2	24.5
A_PA	1922	2	N	0	0	2	24.5
A_PA	1923	2	N	0	0	1	21
A_PA	1924	2	N	0	0	2	21
A_PA	1925	2	N	0	0	2	22.5
A_PA	1926	2	N	0	0	1	8
A_PA	1927	2	N	0	0	2	8.5
A_PA	1928	2	N	0	0	2	17.5
A_PA	1929	2	N	0	0	1	9
A_PA	1930	2	N	0	0	2	28
A_PA	1931	2	N	0	0	2	27.5
A_PA	1932	2	N	0	0	1	26
A_PA	1933	2	N	0	0	2	23
A_PA	1934	2	N	0	0	2	25.5
A_PA	1935	2	N	0	0	2	21
A_PA	1936	2	N	0	0	2	19.5
A_PA	1937	2	N	0	0	2	18.5
A_PA	1938	2	N	0	0	1	28
A_PA	1939	2	N	0	0	2	18
A_PA	1940	2	N	0	0	2	17
A_PA	1941	2	N	0	0	1	11
A_PA	1942	2	N	0	0	2	18.5
A_PA	1943	2	N	0	0	2	22
A_PA	1944	2	N	0	0	2	23
A_PA	1945	2	N	0	0	2	23.5
A_PA	1946	2	N	0	0	2	29.5
A_PA	1947	2	N	0	0	2	30
A_PA	1948	2	N	0	0	2	28
A_PA	1949	2	N	0	0	2	27.5
A_PA	1950	2	N	0	0	1	27
A_PA	1951	2	N	0	0	2	25.5
A_PA	1952	2	N	0	0	2	24
A_PA	1953	2	N	0	0	1	12
A_PA	1954	2	N	0	0	2	16.5
A_PA	1955	2	N	0	0	2	17.5
A_PA	1956	2	N	0	0	2	28.5
A_PA	1957	2	N	0	0	2	26
A_PA	1958	2	N	0	0	2	26
A_PA	1959	2	N	0	0	2	26.5
A_PA	1960	2	N	0	0	1	25
A_PA	1961	2	N	0	0	2	28.5
A_PA	1962	2	N	0	0	1	28
A_PA	1963	2	N	0	0	2	31.5
A_PA	1964	2	N	0	0	2	29.5
A_PA	1965	2	N	0	0	1	29
A_PA	1966	2	N	0	0	2	24
A_PA	1967	2	N	0	0	2	24
A_PA	1968	2	N	0	0	1	19
A_PA	1969	2	N	0	0	2	23.5
A_PA	1970	2	N	0	0	2	25
A_PA	1971	2	N	0	0	2	24
A_PA	1972	2	N	0	0	2	24
A_PA	1973	2	N	0	0	2	22
A_PA	1974	2	N	0	0	2	19.5
A_PA	1975	2	N	0	0	2	18.5
A_PA	1976	2	N	0	0	2	18.5
A_PA	1977	2	N	0	0	1	12
A_PA	1978	2	N	0	0	2	19
A_PA	1979	2	N	0	0	2	19
A_PA	1980	2	N	0	0	1	25
A_PA	1981	2	N	0	0	2	23.5
A_PA	1982	2	N	0	0	2	23.5
A_PA	1983	1	N	1	0	1	21
A_PA	1984	2	N	0	0	2	15.5
A_PA	1985	2	N	0	0	2	14
A_PA	1986	2	N	0	0	2	13.5
A_PA	1987	2	N	0	0	2	13
A_PA	1988	2	N	0	0	2	14
A_PA	1989	2	N	0	0	2	16.5
A_PA	1990	2	N	0	0	1	15
A_PA	1991	2	N	0	0	2	13.5
A_PA	1992	2	N	0	0	2	11
A_PA	1993	2	N	0	0	2	8.5
A_PA	1994	2	N	0	0	2	9.5
A_PA	1995	2	N	0	0	2	11.5
A_PA	1996	2	N	0	0	2	9.5
A_PA	1997	1	N	1	0	1	10
A_PA	1998	1	N	1	0	1	11
A_PA	1999	2	N	0	0	2	7.5
A_PA	2000	2	N	0	0	2	8
A_PA	2001	2	N	0	0	2	17
A_PA	2002	2	N	0	0	2	18
A_PA	2003	2	N	0	0	2	18
A_PA	2004	2	N	0	0	2	19.5
A_PA	2005	2	N	0	0	2	19.5
A_PA	2006	2	N	0	0	2	19
A_PA	2007	2	N	0	0	2	22.5
A_PA	2008	2	N	0	0	2	22.5
A_PA	2009	2	N	0	0	2	18.5
A_PA	2010	2	N	0	0	1	26
A_PA	2011	2	N	0	0	2	18.5
A_PA	2012	2	N	0	0	2	21.5
A_PA	2013	2	N	0	0	2	19.5
A_PA	2014	2	N	0	0	1	12
A_PA	2015	2	N	0	0	1	13
A_PA	2016	2	N	0	0	2	11.5
A_PA	2017	2	N	0	0	2	14.5
A_PA	2018	2	N	0	0	2	13.5
A_PA	2019	2	N	0	0	2	19.5
A_PA	2020	2	N	0	0	2	22.5
A_PA	2021	2	N	0	0	2	29.5
A_PA	2022	2	N	0	0	1	30
A_PA	2023	2	N	0	0	2	27
A_PA	2024	2	N	0	0	2	26
A_PA	2025	2	N	0	0	1	24
A_PA	2026	2	N	0	0	2	17
A_PA	2027	2	N	0	0	2	18.5
A_PA	2028	2	N	0	0	2	16
A_PA	2029	2	N	0	0	2	21
A_PA	2030	2	N	0	0	2	24
A_PA	2031	2	N	0	0	2	23.5
A_PA	2032	2	N	0	0	2	23.5
A_PA	2033	2	N	0	0	2	17
A_PA	2034	2	N	0	0	1	6
A_PA	2035	2	N	0	0	2	17.5
A_PA	2036	2	N	0	0	2	21.5
A_PA	2037	2	N	0	0	1	17
A_PA	2038	2	N	0	0	2	25
A_PA	2039	2	N	0	0	2	28.5
A_PA	2040	2	N	0	0	2	24.5
A_PA	2041	2	N	0	0	2	17.5
A_PA	2042	2	N	0	0	2	17.5
A_PA	2043	2	N	0	0	2	27.5
A_PA	2044	2	N	0	0	2	27
A_PA	2045	2	N	0	0	2	23
A_PA	2046	2	N	0	0	2	22
A_PA	2047	1	N	1	0	1	26
A_PA	2048	2	N	0	0	2	17.5
A_PA	2049	2	N	0	0	2	17
A_PA	2050	2	N	0	0	2	20.5
A_PA	2051	2	N	0	0	2	23.5
A_PA	2052	2	N	0	0	2	23
A_PA	2053	2	N	0	0	2	21.5
A_PA	2054	2	N	0	0	2	20.5
A_PA	2055	2	N	0	0	2	21.5
A_PA	2056	2	N	0	0	2	24.5
A_PA	2057	2	N	0	0	2	28
A_PA	2058	2	N	0	0	2	29.5
A_PA	2059	2	N	0	0	2	31
A_PA	2060	2	N	0	0	2	31
A_PA	2061	2	N	0	0	2	29.5
A_PA	2062	2	N	0	0	2	29.5
A_PA	2063	2	N	0	0	2	27
A_PA	2064	2	N	0	0	2	27
A_PA	2065	2	N	0	0	2	26
A_PA	2066	2	N	0	0	2	26
A_PA	2067	2	N	0	0	1	29
A_PA	2068	2	N	0	0	2	27.5
A_PA	2069	2	N	0	0	2	28.5
A_PA	2070	2	N	0	0	2	27.5
A_PA	2071	2	N	0	0	2	26.5
A_PA	2072	2	N	0	0	2	25.5
A_PA	2073	2	N	0	0	2	25
A_PA	2074	2	N	0	0	2	25.5
A_PA	2075	2	N	0	0	2	27
A_PA	2076	2	N	0	0	2	28.5
A_PA	2077	2	N	0	0	1	25
A_PA	2078	2	N	0	0	2	27
A_PA	2079	2	N	0	0	2	27
A_PA	2080	2	N	0	0	2	27
A_PA	2081	2	N	0	0	2	26
A_PA	2082	2	N	0	0	2	24
A_PA	2083	2	N	0	0	2	21
A_PA	2084	2	N	0	0	2	20
A_PA	2085	2	N	0	0	2	19.5
A_PA	2086	2	N	0	0	2	20
A_PA	2087	2	N	0	0	2	22.5
A_PA	2088	2	N	0	0	2	25
A_PA	2089	2	N	0	0	2	26
A_PA	2090	2	N	0	0	2	26
A_PA	2091	2	N	0	0	2	24
A_PA	2092	2	N	0	0	2	24.5
A_PA	2093	2	N	0	0	2	26.5
A_PA	2094	2	N	0	0	2	28.5
A_PA	2095	2	N	0	0	2	28.5
A_PA	2096	1	N	1	0	1	27
A_PA	2097	2	N	0	0	2	28
A_PA	2098	2	N	0	0	2	28
A_PA	2099	2	N	0	0	2	26.5
A_PA	2100	2	N	0	0	2	25.5
A_PA	2101	2	N	0	0	2	24.5
A_PA	2102	2	N	0	0	2	25
A_PA	2103	2	N	0	0	1	26
A_PA	2104	2	N	0	0	2	20
A_PA	2105	2	N	0	0	2	19.5
A_PA	2106	2	N	0	0	2	20
A_PA	2107	2	N	0	0	2	21.5
A_PA	2108	2	N	0	0	2	24
A_PA	2109	2	N	0	0	1	28
A_PA	2110	2	N	0	0	2	24
A_PA	2111	2	N	0	0	2	23.5
A_PA	2112	2	N	0	0	2	24.5
A_PA	2113	2	N	0	0	2	25
A_PA	2114	1	N	1	0	1	26
A_PA	2115	2	N	0	0	2	25
A_PA	2116	2	N	0	0	2	22
A_PA	2117	2	N	0	0	2	17.5
A_PA	2118	2	N	0	0	2	18
A_PA	2119	2	N	0	0	2	26
A_PA	2120	2	N	0	0	2	26
A_PA	2121	2	N	0	0	2	23.5
A_PA	2122	2	N	0	0	2	21
A_PA	2123	1	N	1	0	1	25
A_PA	2124	2	N	0	0	2	18.5
A_PA	2125	2	N	0	0	2	20
A_PA	2126	2	N	0	0	2	21.5
A_PA	2127	2	N	0	0	2	22.5
A_PA	2128	2	N	0	0	2	24
A_PA	2129	2	N	0	0	2	22.5
A_PA	2130	2	N	0	0	1	17
A_PA	2131	2	N	0	0	2	22.5
A_PA	2132	2	N	0	0	2	24.5
A_PA	2133	2	N	0	0	2	26.5
A_PA	2134	2	N	0	0	2	28
A_PA	2135	2	N	0	0	2	58.5
A_PA	2136	2	N	0	0	2	25
A_PA	2137	2	N	0	0	2	23.5
A_PA	2138	2	N	0	0	2	24
A_PA	2139	2	N	0	0	2	17.5
A_PA	2140	2	N	0	0	2	17
A_PA	2141	2	N	0	0	2	20
A_PA	2142	2	N	0	0	1	30
A_PA	2143	2	N	0	0	2	21.5
A_PA	2144	2	N	0	0	2	33
A_PA	2145	2	N	0	0	1	26
A_PA	2146	2	N	0	0	2	30
A_PA	2147	2	N	0	0	2	28.5
A_PA	2148	2	N	0	0	2	26.5
