Reference_Name	Position	Coverage Depth	Consensus	Deletions	Ambiguous	Consensus_Count	Consensus_Average_Quality
A_HA_H3	1	69	A	0	0	69	22.4782608695652
A_HA_H3	2	70	T	0	0	70	22.3714285714286
A_HA_H3	3	73	G	0	0	73	21.3972602739726
A_HA_H3	4	73	A	0	0	73	21.0547945205479
A_HA_H3	5	74	A	0	0	73	21.2465753424658
A_HA_H3	6	74	G	0	0	74	22.8648648648649
A_HA_H3	7	74	A	0	0	73	23.4794520547945
A_HA_H3	8	75	C	0	0	74	22.3243243243243
A_HA_H3	9	77	T	0	0	76	21.5921052631579
A_HA_H3	10	77	A	0	0	76	22.5657894736842
A_HA_H3	11	77	T	0	0	77	23.974025974026
A_HA_H3	12	76	C	1	0	76	25.9342105263158
A_HA_H3	13	76	A	1	0	71	24.6056338028169
A_HA_H3	14	77	T	0	0	77	23.5974025974026
A_HA_H3	15	77	T	0	0	77	24.8961038961039
A_HA_H3	16	77	G	0	0	76	21
A_HA_H3	17	77	C	0	0	77	22.7532467532468
A_HA_H3	18	71	T	6	0	71	23.5633802816901
A_HA_H3	19	73	T	4	0	73	22.6301369863014
A_HA_H3	20	77	T	0	0	77	24.1558441558442
A_HA_H3	21	77	G	0	0	77	22.3376623376623
A_HA_H3	22	77	A	0	0	77	22.1038961038961
A_HA_H3	23	77	G	0	0	76	22.5789473684211
A_HA_H3	24	77	C	0	0	77	23.3506493506494
A_HA_H3	25	77	A	0	0	77	23.5454545454545
A_HA_H3	26	77	A	0	0	76	22.4078947368421
A_HA_H3	27	76	C	1	0	76	23.9868421052632
A_HA_H3	28	76	A	1	0	76	23.75
A_HA_H3	29	75	T	2	0	75	23.92
A_HA_H3	30	76	T	1	0	75	26.24
A_HA_H3	31	76	C	1	0	76	26.0526315789474
A_HA_H3	32	75	T	2	0	74	25.5135135135135
A_HA_H3	33	77	A	0	0	75	22.48
A_HA_H3	34	77	T	0	0	76	22.5921052631579
A_HA_H3	35	76	G	1	0	71	24.3239436619718
A_HA_H3	36	77	T	0	0	76	25.3157894736842
A_HA_H3	37	76	C	1	0	75	23.3466666666667
A_HA_H3	38	76	T	1	0	73	23.3835616438356
A_HA_H3	39	78	T	0	0	77	23.1688311688312
A_HA_H3	40	78	G	0	0	77	22.4285714285714
A_HA_H3	41	75	T	3	0	75	23.76
A_HA_H3	42	78	T	0	0	78	23.5897435897436
A_HA_H3	43	77	T	1	0	77	25.7272727272727
A_HA_H3	44	77	T	1	0	76	25.9210526315789
A_HA_H3	45	77	C	1	0	77	27.8831168831169
A_HA_H3	46	78	G	0	0	76	22.0394736842105
A_HA_H3	47	77	C	1	0	77	21.1428571428571
A_HA_H3	48	78	T	0	0	78	21.6410256410256
A_HA_H3	49	78	C	0	0	76	23.9868421052632
A_HA_H3	50	60	A	18	0	60	20.2166666666667
A_HA_H3	51	73	A	5	0	73	20.6301369863014
A_HA_H3	52	75	A	3	0	75	24.28
A_HA_H3	53	76	A	2	0	76	27.3421052631579
A_HA_H3	54	78	A	0	0	75	28.0266666666667
A_HA_H3	55	78	A	0	0	78	24.2948717948718
A_HA_H3	56	78	T	0	0	78	25.9487179487179
A_HA_H3	57	78	A	0	0	76	22.4078947368421
A_HA_H3	58	78	C	0	0	78	21.6153846153846
A_HA_H3	59	77	C	1	0	77	20.9350649350649
A_HA_H3	60	75	T	3	0	74	20.3243243243243
A_HA_H3	61	71	G	7	0	69	22.463768115942
A_HA_H3	62	77	G	1	0	74	19.6891891891892
A_HA_H3	63	78	A	0	0	78	19.6282051282051
A_HA_H3	64	78	A	0	0	78	21.4102564102564
A_HA_H3	65	78	A	0	0	78	26.2307692307692
A_HA_H3	66	78	T	0	0	77	24.2077922077922
A_HA_H3	67	77	G	1	0	77	25.3116883116883
A_HA_H3	68	77	A	1	0	77	25.4155844155844
A_HA_H3	69	77	C	1	0	77	24.4545454545455
A_HA_H3	70	78	A	0	0	77	24.5714285714286
A_HA_H3	71	78	A	0	0	78	24.974358974359
A_HA_H3	72	78	T	0	0	76	25.4210526315789
A_HA_H3	73	78	A	0	0	76	24.9342105263158
A_HA_H3	74	78	G	0	0	76	22
A_HA_H3	75	74	C	4	0	73	22.4246575342466
A_HA_H3	76	74	A	4	0	73	22
A_HA_H3	77	78	C	0	0	77	20.6623376623377
A_HA_H3	78	78	G	0	0	77	19.5974025974026
A_HA_H3	79	78	G	0	0	77	18.4025974025974
A_HA_H3	80	78	C	0	0	78	18.8589743589744
A_HA_H3	81	77	A	1	0	77	20.2987012987013
A_HA_H3	82	76	A	2	0	75	23.2666666666667
A_HA_H3	83	77	C	1	0	76	24.1842105263158
A_HA_H3	84	76	G	2	0	75	23.2933333333333
A_HA_H3	85	77	C	1	0	73	22.2602739726027
A_HA_H3	86	76	T	2	0	76	22.6184210526316
A_HA_H3	87	75	G	3	0	74	23.3108108108108
A_HA_H3	88	78	T	0	0	76	23.3684210526316
A_HA_H3	89	77	G	1	0	77	24.6363636363636
A_HA_H3	90	76	C	2	0	75	24.3333333333333
A_HA_H3	91	77	C	1	0	76	22.2631578947368
A_HA_H3	92	76	T	2	0	74	21.2432432432432
A_HA_H3	93	76	T	2	0	75	23.0266666666667
A_HA_H3	94	75	G	3	0	73	20.4109589041096
A_HA_H3	95	76	G	2	0	76	18.8157894736842
A_HA_H3	96	75	G	3	0	74	17.6891891891892
A_HA_H3	97	73	C	5	0	73	18.1369863013699
A_HA_H3	98	74	A	4	0	71	17.3521126760563
A_HA_H3	99	74	C	4	0	72	17.4444444444444
A_HA_H3	100	77	C	1	0	69	16.8695652173913
A_HA_H3	101	76	A	2	0	75	16.1866666666667
A_HA_H3	102	77	T	1	0	76	18.8421052631579
A_HA_H3	103	76	G	2	0	74	20.4594594594595
A_HA_H3	104	78	C	0	0	76	21.5921052631579
A_HA_H3	105	77	A	1	0	70	17.4857142857143
A_HA_H3	106	77	G	1	0	77	16.8441558441558
A_HA_H3	107	78	T	0	0	77	18.5584415584416
A_HA_H3	108	77	A	1	0	76	18.3684210526316
A_HA_H3	109	77	C	1	0	76	22.0526315789474
A_HA_H3	110	76	C	2	0	74	23
A_HA_H3	111	74	A	4	0	74	22.527027027027
A_HA_H3	112	76	A	2	0	74	25.2702702702703
A_HA_H3	113	76	A	2	0	76	26.3157894736842
A_HA_H3	114	77	C	1	0	74	24.972972972973
A_HA_H3	115	77	G	1	0	74	23.6351351351351
A_HA_H3	116	78	G	0	0	78	22.7692307692308
A_HA_H3	117	77	A	1	0	76	23.7236842105263
A_HA_H3	118	78	A	0	0	78	25.2564102564103
A_HA_H3	119	78	C	0	0	78	25.3461538461538
A_HA_H3	120	78	G	0	0	78	24.3974358974359
A_HA_H3	121	78	A	0	0	77	24.6103896103896
A_HA_H3	122	78	T	0	0	76	24.6710526315789
A_HA_H3	123	78	A	0	0	75	23.5066666666667
A_HA_H3	124	78	G	0	0	77	22.0519480519481
A_HA_H3	125	78	T	0	0	77	21.5194805194805
A_HA_H3	126	77	G	1	0	77	22.0519480519481
A_HA_H3	127	76	A	2	0	76	23.2894736842105
A_HA_H3	128	77	A	1	0	77	25.4415584415584
A_HA_H3	129	78	A	0	0	77	30.4675324675325
A_HA_H3	130	78	A	0	0	77	31.0779220779221
A_HA_H3	131	78	C	0	0	77	26.038961038961
A_HA_H3	132	77	A	1	0	75	24.84
A_HA_H3	133	77	A	1	0	77	24.3116883116883
A_HA_H3	134	77	T	1	0	74	25.1081081081081
A_HA_H3	135	74	C	4	0	73	26.7260273972603
A_HA_H3	136	75	A	3	0	74	22.1081081081081
A_HA_H3	137	77	C	1	0	76	22.2105263157895
A_HA_H3	138	77	A	1	0	76	21.1578947368421
A_HA_H3	139	78	A	0	0	78	21.4358974358974
A_HA_H3	140	77	A	1	0	77	23.8571428571429
A_HA_H3	141	76	T	2	0	76	26.7105263157895
A_HA_H3	142	77	G	1	0	75	26.4
A_HA_H3	143	78	A	0	0	75	26.32
A_HA_H3	144	78	C	0	0	77	24.012987012987
A_HA_H3	145	78	C	0	0	75	22.0133333333333
A_HA_H3	146	76	G	2	0	75	20.4533333333333
A_HA_H3	147	77	A	1	0	77	18.987012987013
A_HA_H3	148	78	A	0	0	78	18.9615384615385
A_HA_H3	149	78	T	0	0	78	19.9358974358974
A_HA_H3	150	78	T	0	0	78	21.3076923076923
A_HA_H3	151	78	G	0	0	77	21.4675324675325
A_HA_H3	152	78	A	0	0	77	20.8571428571429
A_HA_H3	153	77	A	1	0	76	20.4473684210526
A_HA_H3	154	77	G	1	0	75	21.6133333333333
A_HA_H3	155	77	T	1	0	77	21.4805194805195
A_HA_H3	156	78	T	0	0	78	22.9871794871795
A_HA_H3	157	78	A	0	0	77	23.5064935064935
A_HA_H3	158	76	C	2	0	74	24.9459459459459
A_HA_H3	159	78	T	0	0	76	23.2105263157895
A_HA_H3	160	77	A	1	0	76	22.9736842105263
A_HA_H3	161	78	A	0	0	76	22.8947368421053
A_HA_H3	162	78	T	0	0	77	23.5454545454545
A_HA_H3	163	78	G	0	0	77	23.6363636363636
A_HA_H3	164	77	C	1	0	77	22.2337662337662
A_HA_H3	165	77	T	1	0	77	22.5454545454545
A_HA_H3	166	78	A	0	0	77	20.7662337662338
A_HA_H3	167	77	C	1	0	75	20.96
A_HA_H3	168	77	T	1	0	74	21.6081081081081
A_HA_H3	169	77	G	1	0	77	20.9480519480519
A_HA_H3	170	75	A	3	0	74	21.7162162162162
A_HA_H3	171	77	G	1	0	77	21
A_HA_H3	172	78	T	0	0	76	20.6184210526316
A_HA_H3	173	78	T	0	0	78	20.8461538461538
A_HA_H3	174	78	G	0	0	77	22.3376623376623
A_HA_H3	175	78	G	0	0	77	22.974025974026
A_HA_H3	176	78	T	0	0	77	22.9220779220779
A_HA_H3	177	77	T	1	0	76	23.2763157894737
A_HA_H3	178	75	C	3	0	75	22.9066666666667
A_HA_H3	179	74	A	4	0	70	19.5857142857143
A_HA_H3	180	75	G	3	0	73	17.6712328767123
A_HA_H3	181	73	A	5	0	72	19.1111111111111
A_HA_H3	182	75	A	3	0	71	20.9295774647887
A_HA_H3	183	78	T	0	0	76	20.9736842105263
A_HA_H3	184	78	T	0	0	76	24.0131578947368
A_HA_H3	185	77	C	1	0	76	24.7105263157895
A_HA_H3	186	78	A	0	0	76	24.6578947368421
A_HA_H3	187	78	T	0	0	78	25.0641025641026
A_HA_H3	188	78	C	0	0	78	26.1794871794872
A_HA_H3	189	78	A	0	0	77	22.4285714285714
A_HA_H3	190	78	A	0	0	77	22.6623376623377
A_HA_H3	191	77	T	1	0	76	25.8552631578947
A_HA_H3	192	76	A	2	0	73	21.972602739726
A_HA_H3	193	75	G	3	0	72	19.4305555555556
A_HA_H3	194	77	G	1	0	76	18.5131578947368
A_HA_H3	195	77	T	1	0	74	19.6621621621622
A_HA_H3	196	78	G	0	0	76	20.3157894736842
A_HA_H3	197	76	A	2	0	76	23.1052631578947
A_HA_H3	198	76	A	2	0	76	23.4473684210526
A_HA_H3	199	77	A	1	0	76	25.6973684210526
A_HA_H3	200	78	T	0	0	76	24.8684210526316
A_HA_H3	201	78	A	0	0	76	26.7105263157895
A_HA_H3	202	77	T	1	0	74	26.3783783783784
A_HA_H3	203	77	G	1	0	73	24.8904109589041
A_HA_H3	204	78	C	0	0	75	23.3066666666667
A_HA_H3	205	78	G	0	0	78	21.6794871794872
A_HA_H3	206	78	A	0	0	75	21.12
A_HA_H3	207	77	C	1	0	77	22.5844155844156
A_HA_H3	208	77	A	1	0	76	19.9078947368421
A_HA_H3	209	77	G	1	0	77	20.0909090909091
A_HA_H3	210	78	T	0	0	78	20.7435897435897
A_HA_H3	211	76	C	2	0	76	21.3815789473684
A_HA_H3	212	77	C	1	0	77	21.4675324675325
A_HA_H3	213	77	T	1	0	76	21.2631578947368
A_HA_H3	214	78	C	0	0	77	22.1298701298701
A_HA_H3	215	78	A	0	0	77	23.961038961039
A_HA_H3	216	78	T	0	0	78	25.7179487179487
A_HA_H3	217	78	C	0	0	78	26.1666666666667
A_HA_H3	218	78	A	0	0	76	20.3289473684211
A_HA_H3	219	78	G	0	0	77	19
A_HA_H3	220	76	A	2	0	75	20.3333333333333
A_HA_H3	221	77	T	1	0	76	20.7368421052632
A_HA_H3	222	78	C	0	0	77	21.1038961038961
A_HA_H3	223	77	C	1	0	77	21.2727272727273
A_HA_H3	224	76	T	2	0	76	20.8552631578947
A_HA_H3	225	77	T	1	0	77	21.9350649350649
A_HA_H3	226	77	G	1	0	76	22.4078947368421
A_HA_H3	227	77	A	1	0	77	23.5064935064935
A_HA_H3	228	77	T	1	0	77	24.5324675324675
A_HA_H3	229	74	G	4	0	74	24.5810810810811
A_HA_H3	230	75	G	3	0	73	22.3013698630137
A_HA_H3	231	73	A	5	0	73	21.0958904109589
A_HA_H3	232	63	G	15	0	59	21.4067796610169
A_HA_H3	233	75	G	3	0	74	18.8918918918919
A_HA_H3	234	76	G	2	0	74	16.1621621621622
A_HA_H3	235	76	A	2	0	74	16.4054054054054
A_HA_H3	236	77	A	1	0	75	19.5866666666667
A_HA_H3	237	77	C	1	0	77	20.7272727272727
A_HA_H3	238	75	T	3	0	75	21.6133333333333
A_HA_H3	239	76	G	2	0	75	22.2266666666667
A_HA_H3	240	74	C	4	0	72	22.2361111111111
A_HA_H3	241	74	A	4	0	73	21.6027397260274
A_HA_H3	242	77	C	1	0	77	21.5844155844156
A_HA_H3	243	77	A	1	0	76	25.6315789473684
A_HA_H3	244	76	C	2	0	75	23.1733333333333
A_HA_H3	245	77	T	1	0	72	20.5138888888889
A_HA_H3	246	78	A	0	0	78	20.525641025641
A_HA_H3	247	78	A	0	0	78	22.7948717948718
A_HA_H3	248	78	T	0	0	77	23.8311688311688
A_HA_H3	249	78	A	0	0	76	23.7105263157895
A_HA_H3	250	78	G	0	0	78	21.3333333333333
A_HA_H3	251	77	A	1	0	77	22.1818181818182
A_HA_H3	252	77	T	1	0	76	24.7236842105263
A_HA_H3	253	77	G	1	0	76	24.3289473684211
A_HA_H3	254	77	C	1	0	77	23.2987012987013
A_HA_H3	255	76	T	2	0	74	23.8108108108108
A_HA_H3	256	78	C	0	0	75	23.0933333333333
A_HA_H3	257	76	T	2	0	76	21.5263157894737
A_HA_H3	258	77	A	1	0	75	20.36
A_HA_H3	259	77	T	1	0	75	21.2666666666667
A_HA_H3	260	77	T	1	0	76	22
A_HA_H3	261	71	G	7	0	69	19.1884057971014
A_HA_H3	262	76	G	2	0	73	18.1095890410959
A_HA_H3	263	76	G	2	0	75	18.32
A_HA_H3	264	77	G	1	0	74	22.2567567567568
A_HA_H3	265	76	G	2	0	75	22.5066666666667
A_HA_H3	266	76	A	2	0	75	23.7733333333333
A_HA_H3	267	72	C	6	0	67	23.2835820895522
A_HA_H3	268	78	C	0	0	75	23.3466666666667
A_HA_H3	269	78	C	0	0	77	21.6753246753247
A_HA_H3	270	77	T	1	0	76	21.6973684210526
A_HA_H3	271	78	C	0	0	78	21.8974358974359
A_HA_H3	272	78	A	0	0	76	18.8289473684211
A_HA_H3	273	75	G	3	0	75	18.9466666666667
A_HA_H3	274	75	T	3	0	75	19.5333333333333
A_HA_H3	275	78	G	0	0	77	19.1818181818182
A_HA_H3	276	78	T	0	0	74	23.7702702702703
A_HA_H3	277	78	G	0	0	76	26.2631578947368
A_HA_H3	278	78	A	0	0	75	22.4666666666667
A_HA_H3	279	75	C	3	0	75	21.7733333333333
A_HA_H3	280	76	G	2	0	71	19.5211267605634
A_HA_H3	281	77	G	1	0	75	18.8133333333333
A_HA_H3	282	78	C	0	0	76	19.4342105263158
A_HA_H3	283	75	T	3	0	74	20.5
A_HA_H3	284	78	T	0	0	76	23.3157894736842
A_HA_H3	285	78	T	0	0	77	25.0779220779221
A_HA_H3	286	77	C	1	0	76	25.9342105263158
A_HA_H3	287	72	A	6	0	71	22.1267605633803
A_HA_H3	288	77	A	1	0	76	22.1973684210526
A_HA_H3	289	77	A	1	0	76	24.6973684210526
A_HA_H3	290	78	A	0	0	76	25.6578947368421
A_HA_H3	291	78	T	0	0	76	23.6973684210526
A_HA_H3	292	76	A	2	0	73	23.4794520547945
A_HA_H3	293	77	A	1	0	74	22.3513513513514
A_HA_H3	294	76	G	2	0	73	20.6849315068493
A_HA_H3	295	78	G	0	0	78	22.3461538461538
A_HA_H3	296	78	A	0	0	78	19.8076923076923
A_HA_H3	297	78	A	0	0	78	23.1538461538462
A_HA_H3	298	78	T	0	0	78	25.4230769230769
A_HA_H3	299	74	G	4	0	74	25.3108108108108
A_HA_H3	300	78	G	0	0	78	25.1794871794872
A_HA_H3	301	78	G	0	0	78	23.5897435897436
A_HA_H3	302	78	A	0	0	78	24.474358974359
A_HA_H3	303	77	C	1	0	77	23.8311688311688
A_HA_H3	304	78	C	0	0	77	22.2207792207792
A_HA_H3	305	62	T	16	0	59	22.5593220338983
A_HA_H3	306	77	T	1	0	76	23.6315789473684
A_HA_H3	307	78	T	0	0	78	27.7820512820513
A_HA_H3	308	78	T	0	0	77	32.3766233766234
A_HA_H3	309	76	T	1	0	75	29.2933333333333
A_HA_H3	310	76	G	1	0	75	28.68
A_HA_H3	311	76	T	1	0	74	26.027027027027
A_HA_H3	312	76	T	1	0	76	25.4342105263158
A_HA_H3	313	76	G	1	0	75	23.5733333333333
A_HA_H3	314	76	A	1	0	75	23.7733333333333
A_HA_H3	315	77	A	0	0	75	24.48
A_HA_H3	316	77	C	0	0	74	23.5135135135135
A_HA_H3	317	76	G	1	0	76	19.4342105263158
A_HA_H3	318	77	A	0	0	77	19.6363636363636
A_HA_H3	319	76	A	1	0	76	19.0921052631579
A_HA_H3	320	76	G	1	0	76	21.6315789473684
A_HA_H3	321	77	C	0	0	77	21.5064935064935
A_HA_H3	322	77	A	0	0	76	21.1315789473684
A_HA_H3	323	76	G	1	0	76	18.6578947368421
A_HA_H3	324	76	A	1	0	76	18.3026315789474
A_HA_H3	325	77	G	0	0	75	20.24
A_HA_H3	326	76	C	1	0	76	20.0263157894737
A_HA_H3	327	77	C	0	0	73	21.5753424657534
A_HA_H3	328	77	A	0	0	75	21.64
A_HA_H3	329	77	A	0	0	75	20.7733333333333
A_HA_H3	330	77	C	0	0	77	20.4805194805195
A_HA_H3	331	77	A	0	0	75	20.5066666666667
A_HA_H3	332	77	G	0	0	71	17.4929577464789
A_HA_H3	333	77	C	0	0	77	17.0909090909091
A_HA_H3	334	77	A	0	0	77	17.0779220779221
A_HA_H3	335	77	A	0	0	74	17.0810810810811
A_HA_H3	336	77	C	0	0	77	19.2207792207792
A_HA_H3	337	77	T	0	0	76	19.1447368421053
A_HA_H3	338	77	G	0	0	75	18.7866666666667
A_HA_H3	339	76	T	1	0	74	22.2432432432432
A_HA_H3	340	77	T	0	0	76	22.3026315789474
A_HA_H3	341	77	A	0	0	75	21.6266666666667
A_HA_H3	342	75	C	2	0	71	23.2253521126761
A_HA_H3	343	76	C	1	0	73	22.4931506849315
A_HA_H3	344	76	C	1	0	72	21.5694444444444
A_HA_H3	345	75	T	2	0	73	21.3972602739726
A_HA_H3	346	76	T	1	0	75	22.2
A_HA_H3	347	76	A	1	0	74	21.9864864864865
A_HA_H3	348	77	T	0	0	75	23.28
A_HA_H3	349	77	G	0	0	77	25.5844155844156
A_HA_H3	350	77	A	0	0	76	25.9342105263158
A_HA_H3	351	75	T	2	0	75	25.44
A_HA_H3	352	75	G	2	0	74	25.5
A_HA_H3	353	77	T	0	0	76	23.9868421052632
A_HA_H3	354	77	G	0	0	76	21.9605263157895
A_HA_H3	355	76	C	1	0	76	21.5
A_HA_H3	356	77	C	0	0	77	19.4675324675325
A_HA_H3	357	76	G	1	0	74	18.6621621621622
A_HA_H3	358	76	G	1	0	74	20.2432432432432
A_HA_H3	359	76	A	1	0	71	23.1408450704225
A_HA_H3	360	76	T	1	0	76	24.0131578947368
A_HA_H3	361	77	T	0	0	77	24.1818181818182
A_HA_H3	362	77	A	0	0	76	24.3289473684211
A_HA_H3	363	77	T	0	0	76	25
A_HA_H3	364	77	G	0	0	73	21.9041095890411
A_HA_H3	365	74	C	3	0	74	21.0135135135135
A_HA_H3	366	76	C	1	0	74	19.6081081081081
A_HA_H3	367	76	T	1	0	76	19.6052631578947
A_HA_H3	368	69	C	8	0	68	21.9558823529412
A_HA_H3	369	75	C	2	0	73	22.5068493150685
A_HA_H3	370	75	C	2	0	74	18.7972972972973
A_HA_H3	371	76	T	1	0	75	19.7333333333333
A_HA_H3	372	76	T	1	0	76	23.2763157894737
A_HA_H3	373	74	A	3	0	69	21.2028985507246
A_HA_H3	374	74	G	3	0	73	19.3698630136986
A_HA_H3	375	76	G	1	0	76	18.8289473684211
A_HA_H3	376	75	T	2	0	75	19.1333333333333
A_HA_H3	377	75	C	2	0	75	23.24
A_HA_H3	378	77	A	0	0	77	22.9480519480519
A_HA_H3	379	76	C	1	0	75	22.2533333333333
A_HA_H3	380	77	T	0	0	73	21.1232876712329
A_HA_H3	381	77	A	0	0	74	19.4594594594595
A_HA_H3	382	77	G	0	0	76	19.6842105263158
A_HA_H3	383	76	T	1	0	74	20.3918918918919
A_HA_H3	384	76	T	1	0	76	20.6315789473684
A_HA_H3	385	77	G	0	0	75	21.3066666666667
A_HA_H3	386	76	C	1	0	75	23.6933333333333
A_HA_H3	387	75	C	2	0	73	22.6438356164384
A_HA_H3	388	75	T	2	0	75	21.88
A_HA_H3	389	75	C	2	0	74	23.6621621621622
A_HA_H3	390	77	A	0	0	77	23.2207792207792
A_HA_H3	391	77	T	0	0	77	25.6103896103896
A_HA_H3	392	75	C	2	0	74	27.1621621621622
A_HA_H3	393	74	C	3	0	67	24.1791044776119
A_HA_H3	394	72	G	5	0	68	21.1470588235294
A_HA_H3	395	70	G	7	0	70	20.1285714285714
A_HA_H3	396	73	C	4	0	73	20.2602739726027
A_HA_H3	397	74	A	3	0	73	19.3013698630137
A_HA_H3	398	76	C	1	0	75	21.1066666666667
A_HA_H3	399	75	A	1	0	74	26.2972972972973
A_HA_H3	400	76	C	0	0	75	25.3333333333333
A_HA_H3	401	76	T	0	0	75	20.6533333333333
A_HA_H3	402	72	G	4	0	69	21.768115942029
A_HA_H3	403	74	G	2	0	72	21.1666666666667
A_HA_H3	404	67	A	9	0	66	17.8636363636364
A_HA_H3	405	75	G	1	0	75	17.6266666666667
A_HA_H3	406	76	T	0	0	72	17.7222222222222
A_HA_H3	407	76	T	0	0	76	18.6184210526316
A_HA_H3	408	75	T	1	0	74	22.7432432432432
A_HA_H3	409	70	A	6	0	67	24.0597014925373
A_HA_H3	410	74	A	2	0	73	23.6986301369863
A_HA_H3	411	76	A	0	0	76	23.4210526315789
A_HA_H3	412	75	A	1	0	75	27.7066666666667
A_HA_H3	413	75	A	1	0	73	27.2876712328767
A_HA_H3	414	75	T	1	0	73	26.3698630136986
A_HA_H3	415	72	G	4	0	71	21.2112676056338
A_HA_H3	416	72	A	4	0	71	21
A_HA_H3	417	75	A	1	0	74	19.9054054054054
A_HA_H3	418	75	A	1	0	75	20.5466666666667
A_HA_H3	419	75	G	1	0	75	20.5866666666667
A_HA_H3	420	75	C	1	0	74	20.3918918918919
A_HA_H3	421	75	T	1	0	73	21.0547945205479
A_HA_H3	422	76	T	0	0	76	21.9473684210526
A_HA_H3	423	76	C	0	0	76	24.4736842105263
A_HA_H3	424	76	A	0	0	76	21.2236842105263
A_HA_H3	425	76	A	0	0	76	21.3684210526316
A_HA_H3	426	76	T	0	0	75	23.5733333333333
A_HA_H3	427	76	T	0	0	76	25
A_HA_H3	428	71	G	5	0	71	25.112676056338
A_HA_H3	429	76	G	0	0	74	24.2162162162162
A_HA_H3	430	75	A	1	0	75	24.6133333333333
A_HA_H3	431	75	C	1	0	75	23.8266666666667
A_HA_H3	432	76	T	0	0	74	23.027027027027
A_HA_H3	433	65	G	11	0	64	22.4375
A_HA_H3	434	76	G	0	0	76	21
A_HA_H3	435	75	A	1	0	75	19.9466666666667
A_HA_H3	436	76	G	0	0	75	21.92
A_HA_H3	437	76	T	0	0	75	21.4933333333333
A_HA_H3	438	75	C	1	0	75	22.5733333333333
A_HA_H3	439	73	A	3	0	73	21.6027397260274
A_HA_H3	440	74	A	2	0	73	21.5342465753425
A_HA_H3	441	74	A	2	0	74	22.9864864864865
A_HA_H3	442	74	C	2	0	73	23.7260273972603
A_HA_H3	443	70	A	6	0	68	23.7941176470588
A_HA_H3	444	76	A	0	0	75	24.3466666666667
A_HA_H3	445	76	A	0	0	76	26.1315789473684
A_HA_H3	446	75	A	1	0	72	31.4027777777778
A_HA_H3	447	75	C	1	0	72	25.375
A_HA_H3	448	76	G	0	0	73	22.7945205479452
A_HA_H3	449	76	G	0	0	74	21.5945945945946
A_HA_H3	450	75	A	1	0	73	22.1917808219178
A_HA_H3	451	76	A	0	0	75	24.04
A_HA_H3	452	75	C	1	0	75	23.84
A_HA_H3	453	73	A	3	0	72	24.8472222222222
A_HA_H3	454	73	A	3	0	73	24.4520547945205
A_HA_H3	455	73	G	3	0	72	19.6805555555556
A_HA_H3	456	74	T	2	0	73	21.6712328767123
A_HA_H3	457	74	T	2	0	74	22.4189189189189
A_HA_H3	458	74	C	2	0	74	22.8783783783784
A_HA_H3	459	72	T	4	0	71	24.0422535211268
A_HA_H3	460	71	G	5	0	69	23.8840579710145
A_HA_H3	461	71	C	5	0	70	23.7714285714286
A_HA_H3	462	71	G	5	0	67	22.910447761194
A_HA_H3	463	72	T	4	0	72	21.6666666666667
A_HA_H3	464	73	G	3	0	71	22.5633802816901
A_HA_H3	465	74	C	2	0	72	22.5
A_HA_H3	466	75	A	1	0	74	23.0540540540541
A_HA_H3	467	73	T	3	0	70	23.3285714285714
A_HA_H3	468	73	A	3	0	73	22.6712328767123
A_HA_H3	469	73	A	3	0	71	21.8732394366197
A_HA_H3	470	69	G	7	0	66	18.8636363636364
A_HA_H3	471	71	G	5	0	71	18.8028169014085
A_HA_H3	472	76	G	0	0	73	18.8493150684932
A_HA_H3	473	76	G	0	0	74	20.0405405405405
A_HA_H3	474	75	A	1	0	74	23.1891891891892
A_HA_H3	475	76	T	0	0	75	22.6933333333333
A_HA_H3	476	76	C	0	0	74	23.5675675675676
A_HA_H3	477	76	T	0	0	74	23.6621621621622
A_HA_H3	478	74	A	2	0	73	22.0821917808219
A_HA_H3	479	75	G	1	0	74	22.0135135135135
A_HA_H3	480	76	T	0	0	74	23.1621621621622
A_HA_H3	481	75	A	1	0	74	23.0540540540541
A_HA_H3	482	76	G	0	0	76	22.1578947368421
A_HA_H3	483	74	T	2	0	74	23.2702702702703
A_HA_H3	484	74	A	2	0	74	22.4324324324324
A_HA_H3	485	76	G	0	0	75	22.4
A_HA_H3	486	59	T	17	0	57	24.0526315789474
A_HA_H3	487	66	T	10	0	66	22.4393939393939
A_HA_H3	488	69	T	7	0	69	24.7101449275362
A_HA_H3	489	74	T	2	0	74	22.5945945945946
A_HA_H3	490	75	T	1	0	75	24.8266666666667
A_HA_H3	491	74	T	2	0	73	28.8767123287671
A_HA_H3	492	75	T	1	0	73	28.1643835616438
A_HA_H3	493	74	A	2	0	73	26.2191780821918
A_HA_H3	494	74	G	2	0	74	22.5540540540541
A_HA_H3	495	76	T	0	0	74	22.4054054054054
A_HA_H3	496	74	A	2	0	73	22.4109589041096
A_HA_H3	497	75	G	1	0	75	21.24
A_HA_H3	498	76	A	0	0	76	22.3552631578947
A_HA_H3	499	76	T	0	0	76	23.5921052631579
A_HA_H3	500	76	T	0	0	74	24.2027027027027
A_HA_H3	501	76	A	0	0	76	26
A_HA_H3	502	76	A	0	0	76	25.2368421052632
A_HA_H3	503	76	A	0	0	76	23.7763157894737
A_HA_H3	504	75	T	1	0	75	24.76
A_HA_H3	505	75	T	1	0	74	27.7702702702703
A_HA_H3	506	75	G	1	0	71	24.1971830985915
A_HA_H3	507	75	G	1	0	75	22.8
A_HA_H3	508	75	T	1	0	73	22.7260273972603
A_HA_H3	509	76	T	0	0	75	22.8666666666667
A_HA_H3	510	76	G	0	0	75	23.9066666666667
A_HA_H3	511	76	A	0	0	76	25.2236842105263
A_HA_H3	512	75	C	1	0	72	24.9583333333333
A_HA_H3	513	76	C	0	0	75	24.6666666666667
A_HA_H3	514	76	A	0	0	75	22.24
A_HA_H3	515	76	G	0	0	73	21.5342465753425
A_HA_H3	516	76	C	0	0	75	21.8266666666667
A_HA_H3	517	72	T	4	0	71	22.4366197183099
A_HA_H3	518	73	T	3	0	71	22.3521126760563
A_HA_H3	519	75	A	1	0	75	23.2266666666667
A_HA_H3	520	76	A	0	0	75	23.5333333333333
A_HA_H3	521	76	A	0	0	74	24
A_HA_H3	522	76	C	0	0	76	24.3421052631579
A_HA_H3	523	76	A	0	0	76	25.5
A_HA_H3	524	75	A	1	0	74	24.8378378378378
A_HA_H3	525	75	C	1	0	75	25.0933333333333
A_HA_H3	526	76	A	0	0	75	23.5066666666667
A_HA_H3	527	76	T	0	0	76	22.2894736842105
A_HA_H3	528	76	A	0	0	75	22.68
A_HA_H3	529	76	T	0	0	76	35.8815789473684
A_HA_H3	530	76	A	0	0	76	57.9078947368421
A_HA_H3	531	76	T	0	0	76	35.7236842105263
A_HA_H3	532	71	C	5	0	71	26.3521126760563
A_HA_H3	533	75	C	1	0	75	20.4933333333333
A_HA_H3	534	76	A	0	0	74	18.9594594594595
A_HA_H3	535	76	G	0	0	74	19.1486486486486
A_HA_H3	536	76	C	0	0	76	21.8684210526316
A_HA_H3	537	76	A	0	0	76	21.6184210526316
A_HA_H3	538	76	C	0	0	75	22.7733333333333
A_HA_H3	539	75	A	0	0	74	24.5810810810811
A_HA_H3	540	74	G	1	0	73	20.3424657534247
A_HA_H3	541	74	A	1	0	73	22.1917808219178
A_HA_H3	542	75	A	0	0	72	25.2222222222222
A_HA_H3	543	75	C	0	0	75	24.3066666666667
A_HA_H3	544	73	G	2	0	71	21.4788732394366
A_HA_H3	545	73	T	2	0	72	20.5138888888889
A_HA_H3	546	74	G	1	0	74	20.8108108108108
A_HA_H3	547	75	A	0	0	74	21.7702702702703
A_HA_H3	548	74	C	1	0	72	23.7916666666667
A_HA_H3	549	75	T	0	0	71	24.2253521126761
A_HA_H3	550	75	A	0	0	73	24.2191780821918
A_HA_H3	551	75	T	0	0	74	24.1486486486486
A_HA_H3	552	71	G	4	0	68	24.2058823529412
A_HA_H3	553	75	C	0	0	69	23.304347826087
A_HA_H3	554	75	C	0	0	68	23.4117647058824
A_HA_H3	555	73	A	2	0	73	23.4109589041096
A_HA_H3	556	75	A	0	0	74	24.6756756756757
A_HA_H3	557	75	A	0	0	75	25.8133333333333
A_HA_H3	558	75	C	0	0	74	27
A_HA_H3	559	75	A	0	0	75	25.56
A_HA_H3	560	73	A	2	0	73	24.5479452054795
A_HA_H3	561	72	G	3	0	69	22.8550724637681
A_HA_H3	562	75	G	0	0	74	22.3648648648649
A_HA_H3	563	75	A	0	0	75	20.8666666666667
A_HA_H3	564	75	A	0	0	75	23.2
A_HA_H3	565	75	C	0	0	74	24.1486486486486
A_HA_H3	566	75	A	0	0	75	24.76
A_HA_H3	567	75	A	0	0	74	25.7972972972973
A_HA_H3	568	73	T	2	0	72	26.3472222222222
A_HA_H3	569	75	T	0	0	75	27.08
A_HA_H3	570	75	T	0	0	74	27.4189189189189
A_HA_H3	571	75	G	0	0	75	27
A_HA_H3	572	75	A	0	0	73	26.6575342465753
A_HA_H3	573	74	C	1	0	73	25.7671232876712
A_HA_H3	574	73	A	2	0	72	25.9166666666667
A_HA_H3	575	75	A	0	0	74	27
A_HA_H3	576	75	A	0	0	73	27.6301369863014
A_HA_H3	577	75	T	0	0	72	28.0555555555556
A_HA_H3	578	75	T	0	0	75	27.2533333333333
A_HA_H3	579	75	G	0	0	75	24.2533333333333
A_HA_H3	580	74	T	1	0	74	23.5405405405405
A_HA_H3	581	75	A	0	0	73	24.1643835616438
A_HA_H3	582	75	C	0	0	74	22.472972972973
A_HA_H3	583	75	A	0	0	75	23.48
A_HA_H3	584	74	T	1	0	74	24.5540540540541
A_HA_H3	585	74	C	1	0	71	25.5633802816901
A_HA_H3	586	75	T	0	0	75	22.0666666666667
A_HA_H3	587	48	N	27	0	46	21.7173913043478
A_HA_H3	588	63	G	12	0	62	21.6774193548387
A_HA_H3	589	73	G	2	0	71	18.1971830985915
A_HA_H3	590	74	G	1	0	64	19.28125
A_HA_H3	591	73	G	2	0	60	18.5833333333333
A_HA_H3	592	73	G	2	0	72	16.4583333333333
A_HA_H3	593	74	T	1	0	73	16.2602739726027
A_HA_H3	594	74	T	1	0	72	17.7916666666667
A_HA_H3	595	73	C	2	0	70	21.2857142857143
A_HA_H3	596	72	A	3	0	70	20.8571428571429
A_HA_H3	597	70	C	5	0	69	20.695652173913
A_HA_H3	598	71	C	4	0	69	20.5072463768116
A_HA_H3	599	70	A	6	0	70	20.0142857142857
A_HA_H3	600	74	C	2	0	72	19.9444444444444
A_HA_H3	601	75	C	1	0	70	21.1285714285714
A_HA_H3	602	74	C	2	0	70	20.3
A_HA_H3	603	74	G	2	0	73	19.041095890411
A_HA_H3	604	75	A	1	0	70	19.7285714285714
A_HA_H3	605	75	A	1	0	75	20.32
A_HA_H3	606	75	T	1	0	75	21.56
A_HA_H3	607	75	A	1	0	74	23.2702702702703
A_HA_H3	608	74	C	2	0	74	22.527027027027
A_HA_H3	609	75	G	1	0	72	20.1527777777778
A_HA_H3	610	76	G	0	0	76	19.9868421052632
A_HA_H3	611	76	A	0	0	75	20.7066666666667
A_HA_H3	612	76	C	0	0	75	22.0133333333333
A_HA_H3	613	75	A	1	0	74	22.6216216216216
A_HA_H3	614	76	A	0	0	76	19.4868421052632
A_HA_H3	615	76	G	0	0	74	18.6756756756757
A_HA_H3	616	75	A	1	0	73	20.8767123287671
A_HA_H3	617	75	A	1	0	74	22.972972972973
A_HA_H3	618	74	C	2	0	74	21.7297297297297
A_HA_H3	619	74	C	2	0	73	20.9452054794521
A_HA_H3	620	75	A	1	0	75	20.16
A_HA_H3	621	76	A	0	0	76	21.2368421052632
A_HA_H3	622	75	A	1	0	75	22.92
A_HA_H3	623	72	T	4	0	72	23.7222222222222
A_HA_H3	624	71	C	5	0	71	24.6338028169014
A_HA_H3	625	73	T	3	0	72	23.625
A_HA_H3	626	60	C	16	0	57	27.0877192982456
A_HA_H3	627	73	C	3	0	69	23.3478260869565
A_HA_H3	628	76	C	0	0	75	18.2266666666667
A_HA_H3	629	75	T	1	0	72	17.8194444444444
A_HA_H3	630	75	G	1	0	73	22.0821917808219
A_HA_H3	631	75	T	1	0	75	23.8
A_HA_H3	632	76	T	0	0	76	24.9605263157895
A_HA_H3	633	76	T	0	0	75	24.12
A_HA_H3	634	75	G	1	0	74	24.7027027027027
A_HA_H3	635	75	C	1	0	74	24.5
A_HA_H3	636	76	T	0	0	76	23.3026315789474
A_HA_H3	637	76	C	0	0	75	23.4933333333333
A_HA_H3	638	76	A	0	0	76	21.5789473684211
A_HA_H3	639	76	A	0	0	75	22.5066666666667
A_HA_H3	640	74	T	1	0	72	25.375
A_HA_H3	641	74	C	1	0	73	25.6986301369863
A_HA_H3	642	74	A	1	0	72	24.0694444444444
A_HA_H3	643	74	T	1	0	73	24.5068493150685
A_HA_H3	644	74	C	1	0	74	25.2027027027027
A_HA_H3	645	75	A	0	0	74	18.1081081081081
A_HA_H3	646	71	G	4	0	71	17.1267605633803
A_HA_H3	647	75	G	0	0	74	18.7702702702703
A_HA_H3	648	75	A	0	0	74	19.972972972973
A_HA_H3	649	75	A	0	0	74	23.7297297297297
A_HA_H3	650	75	G	0	0	72	24.5972222222222
A_HA_H3	651	75	A	0	0	75	23.6666666666667
A_HA_H3	652	75	A	0	0	74	23.9864864864865
A_HA_H3	653	75	T	0	0	73	24.2054794520548
A_HA_H3	654	74	C	1	0	72	25.1527777777778
A_HA_H3	655	75	A	0	0	72	20.9444444444444
A_HA_H3	656	74	C	1	0	72	20.25
A_HA_H3	657	74	A	1	0	71	18.830985915493
A_HA_H3	658	74	G	1	0	74	17.9594594594595
A_HA_H3	659	74	T	1	0	72	18.8194444444444
A_HA_H3	660	74	A	1	0	74	21.3378378378378
A_HA_H3	661	74	T	1	0	73	23.5479452054795
A_HA_H3	662	74	C	1	0	72	26.2777777777778
A_HA_H3	663	72	T	3	0	71	26.3098591549296
A_HA_H3	664	71	A	4	0	70	21.6142857142857
A_HA_H3	665	72	C	3	0	67	21.3731343283582
A_HA_H3	666	72	C	3	0	72	20.2222222222222
A_HA_H3	667	65	A	10	0	62	20.8870967741935
A_HA_H3	668	73	A	2	0	73	20.8904109589041
A_HA_H3	669	74	A	1	0	74	24.2027027027027
A_HA_H3	670	75	A	0	0	75	22.3733333333333
A_HA_H3	671	75	G	0	0	74	25.0405405405405
A_HA_H3	672	75	A	0	0	74	23.1216216216216
A_HA_H3	673	75	A	0	0	75	22.2133333333333
A_HA_H3	674	75	G	0	0	75	22.4266666666667
A_HA_H3	675	74	C	1	0	74	22.6351351351351
A_HA_H3	676	75	C	0	0	73	23.5342465753425
A_HA_H3	677	75	A	0	0	74	23.0945945945946
A_HA_H3	678	75	A	0	0	71	22.3802816901408
A_HA_H3	679	75	C	0	0	75	21.7733333333333
A_HA_H3	680	75	A	0	0	75	21.5733333333333
A_HA_H3	681	75	A	0	0	75	21.1866666666667
A_HA_H3	682	73	G	2	0	71	22.5352112676056
A_HA_H3	683	73	C	2	0	73	23.3424657534247
A_HA_H3	684	71	T	4	0	70	23.2857142857143
A_HA_H3	685	71	G	4	0	71	22.2676056338028
A_HA_H3	686	72	T	3	0	71	22.0140845070423
A_HA_H3	687	73	A	2	0	73	21.4931506849315
A_HA_H3	688	73	A	2	0	71	21.8028169014085
A_HA_H3	689	72	T	3	0	72	22.5555555555556
A_HA_H3	690	74	C	1	0	73	25.5068493150685
A_HA_H3	691	75	C	0	0	75	23.28
A_HA_H3	692	75	C	0	0	72	22.9166666666667
A_HA_H3	693	75	A	0	0	74	22.3648648648649
A_HA_H3	694	75	A	0	0	75	22.9733333333333
A_HA_H3	695	75	A	0	0	75	24.5866666666667
A_HA_H3	696	75	T	0	0	74	25.4864864864865
A_HA_H3	697	75	A	0	0	74	24.1486486486486
A_HA_H3	698	74	T	1	0	72	24.0833333333333
A_HA_H3	699	74	C	1	0	74	21.6756756756757
A_HA_H3	700	72	G	3	0	70	18.1285714285714
A_HA_H3	701	74	G	1	0	74	17.2837837837838
A_HA_H3	702	74	A	1	0	74	18.4324324324324
A_HA_H3	703	75	T	0	0	74	20.9324324324324
A_HA_H3	704	75	C	0	0	73	23.4109589041096
A_HA_H3	705	75	T	0	0	74	21.2702702702703
A_HA_H3	706	75	A	0	0	73	20.1643835616438
A_HA_H3	707	75	G	0	0	73	20.9178082191781
A_HA_H3	708	74	A	1	0	74	21.9054054054054
A_HA_H3	709	74	C	1	0	74	22.2972972972973
A_HA_H3	710	75	C	0	0	74	21.9459459459459
A_HA_H3	711	74	C	1	0	73	21.8219178082192
A_HA_H3	712	74	A	1	0	73	21.7945205479452
A_HA_H3	713	75	G	0	0	72	20.9722222222222
A_HA_H3	714	75	A	0	0	72	20.5972222222222
A_HA_H3	715	75	A	0	0	73	23.4657534246575
A_HA_H3	716	73	T	2	0	71	24.2676056338028
A_HA_H3	717	74	A	1	0	73	24.5479452054795
A_HA_H3	718	74	A	1	0	71	21.4225352112676
A_HA_H3	719	67	G	8	0	64	17.703125
A_HA_H3	720	72	G	3	0	71	18.0140845070423
A_HA_H3	721	73	G	2	0	73	17.9178082191781
A_HA_H3	722	73	G	2	0	68	17.4117647058824
A_HA_H3	723	74	T	1	0	68	17.8235294117647
A_HA_H3	724	75	A	0	0	75	18.2533333333333
A_HA_H3	725	74	T	1	0	72	19.5694444444444
A_HA_H3	726	66	C	9	0	63	21.5238095238095
A_HA_H3	727	72	C	3	0	69	21.6086956521739
A_HA_H3	728	75	C	0	0	73	18.7397260273973
A_HA_H3	729	74	T	1	0	71	18.0422535211268
A_HA_H3	730	74	A	1	0	72	19.7777777777778
A_HA_H3	731	75	G	0	0	72	19.3055555555556
A_HA_H3	732	74	C	1	0	72	19.9027777777778
A_HA_H3	733	75	A	0	0	74	19.4324324324324
A_HA_H3	734	75	G	0	0	75	18.1733333333333
A_HA_H3	735	75	A	0	0	74	19.2702702702703
A_HA_H3	736	75	A	0	0	74	21.7297297297297
A_HA_H3	737	75	T	0	0	72	22.0972222222222
A_HA_H3	738	75	A	0	0	75	24.1733333333333
A_HA_H3	739	74	A	1	0	74	23.6486486486486
A_HA_H3	740	73	G	2	0	68	21.1911764705882
A_HA_H3	741	75	C	0	0	72	21.7083333333333
A_HA_H3	742	75	A	0	0	74	22.2432432432432
A_HA_H3	743	74	T	1	0	73	22.2739726027397
A_HA_H3	744	74	C	1	0	74	24.8243243243243
A_HA_H3	745	74	T	1	0	74	23.027027027027
A_HA_H3	746	75	A	0	0	74	23.8378378378378
A_HA_H3	747	75	T	0	0	75	25.1733333333333
A_HA_H3	748	75	T	0	0	75	26.24
A_HA_H3	749	72	G	3	0	72	24.9861111111111
A_HA_H3	750	74	G	1	0	73	22.8356164383562
A_HA_H3	751	74	A	1	0	74	22.527027027027
A_HA_H3	752	74	C	1	0	74	22.7702702702703
A_HA_H3	753	74	A	1	0	74	23.4054054054054
A_HA_H3	754	74	A	1	0	73	25.3835616438356
A_HA_H3	755	74	T	1	0	73	25.2602739726027
A_HA_H3	756	74	A	1	0	73	23.8219178082192
A_HA_H3	757	74	G	1	0	72	22.5138888888889
A_HA_H3	758	74	T	1	0	74	22.2972972972973
A_HA_H3	759	74	A	1	0	74	22.4324324324324
A_HA_H3	760	75	A	0	0	75	24.24
A_HA_H3	761	75	A	0	0	74	25.6756756756757
A_HA_H3	762	74	A	1	0	71	28.5070422535211
A_HA_H3	763	72	C	3	0	70	25.4571428571429
A_HA_H3	764	74	C	1	0	71	22.4366197183099
A_HA_H3	765	71	G	4	0	63	18.6190476190476
A_HA_H3	766	74	G	1	0	72	17.9305555555556
A_HA_H3	767	75	G	0	0	74	17.0945945945946
A_HA_H3	768	75	A	0	0	74	18.027027027027
A_HA_H3	769	74	G	1	0	73	21
A_HA_H3	770	75	A	0	0	74	21.1486486486486
A_HA_H3	771	74	C	1	0	73	20.8630136986301
A_HA_H3	772	74	A	1	0	73	20.6301369863014
A_HA_H3	773	74	T	1	0	73	22.1369863013699
A_HA_H3	774	73	A	2	0	70	22.0571428571429
A_HA_H3	775	73	C	2	0	72	22.6527777777778
A_HA_H3	776	69	T	6	0	68	22.75
A_HA_H3	777	73	T	2	0	72	24.2083333333333
A_HA_H3	778	74	T	1	0	74	26.7972972972973
A_HA_H3	779	75	T	0	0	73	26.5753424657534
A_HA_H3	780	75	G	0	0	74	26.1756756756757
A_HA_H3	781	75	A	0	0	73	25.7397260273973
A_HA_H3	782	75	T	0	0	75	25.7466666666667
A_HA_H3	783	75	T	0	0	74	26.8513513513514
A_HA_H3	784	75	A	0	0	74	28.7702702702703
A_HA_H3	785	75	A	0	0	74	27.6891891891892
A_HA_H3	786	75	C	0	0	75	25.6266666666667
A_HA_H3	787	75	A	0	0	75	24.0666666666667
A_HA_H3	788	72	G	3	0	71	23.3661971830986
A_HA_H3	789	71	C	4	0	70	23.0285714285714
A_HA_H3	790	74	A	1	0	73	22.5479452054795
A_HA_H3	791	74	C	1	0	73	22.2876712328767
A_HA_H3	792	72	A	3	0	70	21.9428571428571
A_HA_H3	793	70	G	5	0	69	20.6521739130435
A_HA_H3	794	71	G	4	0	69	19.6811594202899
A_HA_H3	795	75	G	0	0	74	19.4054054054054
A_HA_H3	796	72	A	3	0	70	20.0571428571429
A_HA_H3	797	73	A	2	0	73	20.4657534246575
A_HA_H3	798	74	T	1	0	74	20.4594594594595
A_HA_H3	799	73	C	2	0	72	21.5138888888889
A_HA_H3	800	73	T	2	0	71	20.4084507042254
A_HA_H3	801	71	A	4	0	70	21.0571428571429
A_HA_H3	802	72	A	2	0	72	22.7361111111111
A_HA_H3	803	72	T	2	0	68	23.8088235294118
A_HA_H3	804	73	T	1	0	73	24.5479452054795
A_HA_H3	805	71	G	3	0	68	24.5294117647059
A_HA_H3	806	72	C	2	0	70	23
A_HA_H3	807	72	T	2	0	72	23.0972222222222
A_HA_H3	808	63	C	11	0	63	22.4444444444444
A_HA_H3	809	73	C	1	0	72	17.9166666666667
A_HA_H3	810	73	T	1	0	72	15.3333333333333
A_HA_H3	811	70	A	4	0	66	17.6212121212121
A_HA_H3	812	63	G	11	0	60	18.4
A_HA_H3	813	72	G	2	0	69	17.4057971014493
A_HA_H3	814	73	G	1	0	70	18.0285714285714
A_HA_H3	815	73	G	1	0	72	17.2638888888889
A_HA_H3	816	73	T	1	0	71	16.2676056338028
A_HA_H3	817	73	T	1	0	71	18.8450704225352
A_HA_H3	818	72	A	2	0	67	18.865671641791
A_HA_H3	819	73	C	1	0	71	20.169014084507
A_HA_H3	820	69	T	5	0	69	20.536231884058
A_HA_H3	821	70	T	4	0	70	21.9142857142857
A_HA_H3	822	72	C	2	0	70	24.0571428571429
A_HA_H3	823	68	A	6	0	67	20.910447761194
A_HA_H3	824	73	A	1	0	73	20.1095890410959
A_HA_H3	825	73	A	1	0	73	22.4109589041096
A_HA_H3	826	73	A	1	0	72	26.0416666666667
A_HA_H3	827	73	T	1	0	70	24.9142857142857
A_HA_H3	828	72	A	1	0	69	22.3478260869565
A_HA_H3	829	71	C	2	0	68	19.9264705882353
A_HA_H3	830	68	G	5	0	66	17.7727272727273
A_HA_H3	831	70	A	3	0	68	16.8970588235294
A_HA_H3	832	71	A	2	0	70	16.8285714285714
A_HA_H3	833	71	G	2	0	71	19
A_HA_H3	834	71	T	2	0	71	21.0140845070423
A_HA_H3	835	68	G	5	0	68	21.8382352941176
A_HA_H3	836	72	G	1	0	70	21.6285714285714
A_HA_H3	837	72	G	1	0	70	21.8285714285714
A_HA_H3	838	69	A	4	0	69	22.8695652173913
A_HA_H3	839	72	A	1	0	72	24.375
A_HA_H3	840	72	A	1	0	71	25.9577464788732
A_HA_H3	841	72	A	1	0	69	29.1594202898551
A_HA_H3	842	72	G	1	0	71	25.5633802816901
A_HA_H3	843	71	C	2	0	71	22.7887323943662
A_HA_H3	844	71	T	2	0	70	22.5857142857143
A_HA_H3	845	72	C	1	0	71	22.5352112676056
A_HA_H3	846	71	A	2	0	71	21.169014084507
A_HA_H3	847	71	A	2	0	70	21.5
A_HA_H3	848	71	T	2	0	68	24.1617647058824
A_HA_H3	849	72	A	1	0	72	25.0694444444444
A_HA_H3	850	72	A	1	0	72	24.6666666666667
A_HA_H3	851	73	T	0	0	73	25.8630136986301
A_HA_H3	852	72	G	1	0	72	26.1388888888889
A_HA_H3	853	71	A	2	0	70	26.6
A_HA_H3	854	72	G	1	0	71	24.6056338028169
A_HA_H3	855	73	A	0	0	73	23.3287671232877
A_HA_H3	856	73	T	0	0	72	23.625
A_HA_H3	857	72	C	1	0	72	23.4583333333333
A_HA_H3	858	72	A	1	0	70	22.9
A_HA_H3	859	72	G	1	0	71	21.4507042253521
A_HA_H3	860	70	A	3	0	70	23.0857142857143
A_HA_H3	861	70	T	3	0	70	24.3714285714286
A_HA_H3	862	72	G	1	0	71	22.943661971831
A_HA_H3	863	71	C	2	0	68	23.2058823529412
A_HA_H3	864	71	A	2	0	71	21.9577464788732
A_HA_H3	865	70	C	3	0	70	22.0571428571429
A_HA_H3	866	72	C	1	0	72	21.7361111111111
A_HA_H3	867	72	C	1	0	71	22.1408450704225
A_HA_H3	868	72	A	1	0	72	22.9861111111111
A_HA_H3	869	72	T	1	0	71	24.2957746478873
A_HA_H3	870	72	T	1	0	72	25.3194444444444
A_HA_H3	871	70	G	3	0	70	24.2571428571429
A_HA_H3	872	72	G	1	0	72	23.0555555555556
A_HA_H3	873	72	C	1	0	71	23.169014084507
A_HA_H3	874	72	A	1	0	72	22.6111111111111
A_HA_H3	875	72	A	1	0	67	23.5223880597015
A_HA_H3	876	71	A	2	0	71	25.112676056338
A_HA_H3	877	69	T	4	0	69	26.1594202898551
A_HA_H3	878	69	G	4	0	69	25.5652173913043
A_HA_H3	879	70	T	3	0	66	24.7575757575758
A_HA_H3	880	69	A	4	0	69	21.4782608695652
A_HA_H3	881	69	A	4	0	65	19.3230769230769
A_HA_H3	882	72	G	1	0	69	19.3913043478261
A_HA_H3	883	72	T	1	0	72	19.8888888888889
A_HA_H3	884	72	C	1	0	72	21.0138888888889
A_HA_H3	885	72	T	1	0	71	20.5774647887324
A_HA_H3	886	72	G	1	0	71	20.7183098591549
A_HA_H3	887	71	A	2	0	70	21.0142857142857
A_HA_H3	888	71	A	2	0	71	20.7323943661972
A_HA_H3	889	71	T	2	0	71	20.5774647887324
A_HA_H3	890	71	G	2	0	69	20.8115942028986
A_HA_H3	891	72	C	1	0	70	21.8142857142857
A_HA_H3	892	72	A	1	0	72	20.3333333333333
A_HA_H3	893	72	T	1	0	71	19.9014084507042
A_HA_H3	894	70	C	3	0	70	23.2714285714286
A_HA_H3	895	67	A	6	0	66	20.5454545454545
A_HA_H3	896	72	C	1	0	72	19.5416666666667
A_HA_H3	897	70	T	3	0	70	20.2571428571429
A_HA_H3	898	69	C	4	0	69	20.9855072463768
A_HA_H3	899	72	C	1	0	69	19.5942028985507
A_HA_H3	900	72	A	1	0	72	18.5833333333333
A_HA_H3	901	72	A	1	0	72	20.3888888888889
A_HA_H3	902	72	A	1	0	69	25.6521739130435
A_HA_H3	903	72	T	1	0	70	25.6428571428571
A_HA_H3	904	72	G	1	0	72	24.6805555555556
A_HA_H3	905	72	G	1	0	72	23.3333333333333
A_HA_H3	906	70	A	3	0	70	22.0142857142857
A_HA_H3	907	70	A	3	0	70	24.0714285714286
A_HA_H3	908	71	G	2	0	71	23.3521126760563
A_HA_H3	909	72	C	1	0	70	23.0857142857143
A_HA_H3	910	72	A	1	0	72	22.1944444444444
A_HA_H3	911	72	T	1	0	72	23.1527777777778
A_HA_H3	912	72	T	1	0	72	24.75
A_HA_H3	913	70	C	3	0	70	24.9571428571429
A_HA_H3	914	71	C	2	0	70	24.9428571428571
A_HA_H3	915	72	C	1	0	70	23.9285714285714
A_HA_H3	916	71	A	2	0	71	23.6338028169014
A_HA_H3	917	71	A	2	0	71	24.0140845070423
A_HA_H3	918	72	T	1	0	72	23.4722222222222
A_HA_H3	919	72	G	1	0	71	24.0704225352113
A_HA_H3	920	72	A	1	0	70	23.6428571428571
A_HA_H3	921	72	C	1	0	71	23.9577464788732
A_HA_H3	922	71	A	2	0	71	22.9859154929577
A_HA_H3	923	72	A	1	0	71	24.2535211267606
A_HA_H3	924	72	A	1	0	69	23.9565217391304
A_HA_H3	925	70	C	3	0	70	22.9714285714286
A_HA_H3	926	70	C	3	0	68	21.0294117647059
A_HA_H3	927	70	G	3	0	69	19.4782608695652
A_HA_H3	928	71	T	2	0	70	21
A_HA_H3	929	71	T	2	0	70	21.4285714285714
A_HA_H3	930	69	C	4	0	69	22.0144927536232
A_HA_H3	931	71	C	2	0	70	23.2571428571429
A_HA_H3	932	67	A	6	0	67	21.4626865671642
A_HA_H3	933	70	A	3	0	70	23.1
A_HA_H3	934	71	A	2	0	70	26.9
A_HA_H3	935	71	A	2	0	71	28.4084507042254
A_HA_H3	936	72	T	1	0	71	25.3943661971831
A_HA_H3	937	72	G	1	0	71	23.2394366197183
A_HA_H3	938	72	T	1	0	71	21.2535211267606
A_HA_H3	939	70	A	3	0	70	21.0857142857143
A_HA_H3	940	71	A	2	0	71	21.5352112676056
A_HA_H3	941	70	A	1	0	68	21.5441176470588
A_HA_H3	942	70	C	1	0	68	22.6911764705882
A_HA_H3	943	69	A	2	0	67	21.2835820895522
A_HA_H3	944	68	G	3	0	64	19.921875
A_HA_H3	945	70	G	1	0	70	20.3857142857143
A_HA_H3	946	70	A	1	0	70	20.4428571428571
A_HA_H3	947	70	T	1	0	69	22.3768115942029
A_HA_H3	948	70	C	1	0	70	23.5428571428571
A_HA_H3	949	70	A	1	0	69	22.2753623188406
A_HA_H3	950	69	C	2	0	67	22.5522388059701
A_HA_H3	951	69	A	2	0	67	23.4328358208955
A_HA_H3	952	69	T	2	0	67	22.3283582089552
A_HA_H3	953	68	A	3	0	62	18.3387096774194
A_HA_H3	954	67	C	4	0	66	17.1060606060606
A_HA_H3	955	66	G	5	0	51	14.5098039215686
A_HA_H3	956	68	G	3	0	67	14.2835820895522
A_HA_H3	957	68	G	3	0	66	14.2575757575758
A_HA_H3	958	68	G	3	0	67	19.5820895522388
A_HA_H3	959	67	C	4	0	65	20.7692307692308
A_HA_H3	960	68	C	3	0	66	21.530303030303
A_HA_H3	961	69	T	2	0	67	21.1492537313433
A_HA_H3	962	69	G	2	0	65	22.7230769230769
A_HA_H3	963	69	T	2	0	68	23.4411764705882
A_HA_H3	964	68	C	3	0	68	22.8529411764706
A_HA_H3	965	67	C	4	0	67	21.910447761194
A_HA_H3	966	69	C	2	0	69	22.0289855072464
A_HA_H3	967	69	A	2	0	67	20.3134328358209
A_HA_H3	968	70	G	1	0	69	21.4492753623188
A_HA_H3	969	70	A	1	0	69	21.0724637681159
A_HA_H3	970	70	T	1	0	70	21.9428571428571
A_HA_H3	971	70	A	1	0	69	21.4202898550725
A_HA_H3	972	70	T	1	0	70	21.7428571428571
A_HA_H3	973	69	G	2	0	65	22.6461538461538
A_HA_H3	974	69	T	2	0	66	21.8939393939394
A_HA_H3	975	69	T	2	0	67	22.2835820895522
A_HA_H3	976	67	A	4	0	64	22.78125
A_HA_H3	977	65	A	6	0	63	23.7142857142857
A_HA_H3	978	66	G	5	0	63	21
A_HA_H3	979	66	C	5	0	64	21.171875
A_HA_H3	980	66	A	5	0	66	19.9242424242424
A_HA_H3	981	69	A	2	0	67	20.7164179104478
A_HA_H3	982	69	A	2	0	68	21.8970588235294
A_HA_H3	983	69	G	2	0	68	21.7941176470588
A_HA_H3	984	69	C	2	0	69	20.4057971014493
A_HA_H3	985	69	A	2	0	68	19.8676470588235
A_HA_H3	986	64	C	7	0	62	20.4677419354839
A_HA_H3	987	70	C	1	0	67	22.2537313432836
A_HA_H3	988	69	C	2	0	69	19.4057971014493
A_HA_H3	989	68	T	3	0	67	18.6119402985075
A_HA_H3	990	69	G	2	0	67	19.5373134328358
A_HA_H3	991	68	A	3	0	68	20.3382352941176
A_HA_H3	992	70	A	1	0	69	20.2173913043478
A_HA_H3	993	70	A	1	0	69	23.9420289855072
A_HA_H3	994	70	T	1	0	67	22.6119402985075
A_HA_H3	995	70	T	1	0	70	23.2857142857143
A_HA_H3	996	69	G	2	0	67	22.089552238806
A_HA_H3	997	70	G	1	0	68	21.4852941176471
A_HA_H3	998	70	C	1	0	67	21.6417910447761
A_HA_H3	999	70	A	1	0	70	21.4285714285714
A_HA_H3	1000	70	A	1	0	66	22.6969696969697
A_HA_H3	1001	70	C	1	0	70	22.8142857142857
A_HA_H3	1002	70	A	1	0	70	21.9142857142857
A_HA_H3	1003	69	G	2	0	68	21.4411764705882
A_HA_H3	1004	70	G	1	0	69	20.4347826086957
A_HA_H3	1005	70	A	1	0	68	19.9705882352941
A_HA_H3	1006	70	A	1	0	70	23.2
A_HA_H3	1007	70	T	1	0	70	22.4857142857143
A_HA_H3	1008	69	G	2	0	65	23.0923076923077
A_HA_H3	1009	69	C	2	0	68	21.4117647058824
A_HA_H3	1010	70	G	1	0	68	16.0441176470588
A_HA_H3	1011	70	A	1	0	69	15.4782608695652
A_HA_H3	1012	70	A	1	0	69	15.6086956521739
A_HA_H3	1013	70	A	1	0	70	21.4571428571429
A_HA_H3	1014	69	T	2	0	68	22.3676470588235
A_HA_H3	1015	70	G	1	0	68	24.3529411764706
A_HA_H3	1016	69	T	2	0	66	24.4393939393939
A_HA_H3	1017	68	A	3	0	68	22.7941176470588
A_HA_H3	1018	67	C	4	0	64	22.640625
A_HA_H3	1019	69	C	2	0	67	21.1492537313433
A_HA_H3	1020	63	A	8	0	61	21.2622950819672
A_HA_H3	1021	63	G	8	0	63	19.2857142857143
A_HA_H3	1022	68	A	3	0	68	20.2205882352941
A_HA_H3	1023	68	G	3	0	68	30.6323529411765
A_HA_H3	1024	68	A	3	0	68	23.9705882352941
A_HA_H3	1025	70	A	1	0	70	22.1857142857143
A_HA_H3	1026	70	A	1	0	66	23.3484848484848
A_HA_H3	1027	70	C	1	0	70	21.9857142857143
A_HA_H3	1028	70	A	1	0	70	22.7285714285714
A_HA_H3	1029	70	A	1	0	69	23.2173913043478
A_HA_H3	1030	70	A	1	0	70	24.2
A_HA_H3	1031	69	C	2	0	68	24.2352941176471
A_HA_H3	1032	69	C	2	0	68	22.3529411764706
A_HA_H3	1033	66	A	5	0	65	22.1692307692308
A_HA_H3	1034	67	G	4	0	66	20.6666666666667
A_HA_H3	1035	70	A	1	0	69	19.5072463768116
A_HA_H3	1036	70	G	1	0	68	23.6176470588235
A_HA_H3	1037	70	G	1	0	69	18.2173913043478
A_HA_H3	1038	69	C	2	0	67	17.8507462686567
A_HA_H3	1039	69	A	2	0	69	18.9855072463768
A_HA_H3	1040	71	T	0	0	71	20.4507042253521
A_HA_H3	1041	69	A	2	0	68	22.1323529411765
A_HA_H3	1042	70	T	1	0	67	24.0746268656716
A_HA_H3	1043	71	T	0	0	69	23.768115942029
A_HA_H3	1044	71	T	0	0	69	24.7101449275362
A_HA_H3	1045	68	G	3	0	66	23.030303030303
A_HA_H3	1046	69	G	2	0	67	22
A_HA_H3	1047	68	C	3	0	64	19.453125
A_HA_H3	1048	71	G	0	0	68	17.5147058823529
A_HA_H3	1049	71	C	0	0	71	17.4929577464789
A_HA_H3	1050	71	A	0	0	71	17.8450704225352
A_HA_H3	1051	71	A	0	0	69	19.4492753623188
A_HA_H3	1052	70	T	1	0	69	23.2463768115942
A_HA_H3	1053	69	A	2	0	67	22.1641791044776
A_HA_H3	1054	70	G	1	0	70	19.7285714285714
A_HA_H3	1055	70	C	1	0	68	19.0294117647059
A_HA_H3	1056	70	G	1	0	68	17.3823529411765
A_HA_H3	1057	69	G	2	0	69	17.1594202898551
A_HA_H3	1058	69	G	2	0	67	16.5074626865672
A_HA_H3	1059	69	T	2	0	69	17.9565217391304
A_HA_H3	1060	69	T	2	0	69	21.231884057971
A_HA_H3	1061	70	T	1	0	69	22.3623188405797
A_HA_H3	1062	70	C	1	0	69	25.0579710144928
A_HA_H3	1063	69	A	2	0	67	24.089552238806
A_HA_H3	1064	69	T	2	0	67	23.2985074626866
A_HA_H3	1065	68	A	3	0	67	22.6417910447761
A_HA_H3	1066	68	G	3	0	68	21.4558823529412
A_HA_H3	1067	68	A	3	0	62	23.0483870967742
A_HA_H3	1068	70	A	1	0	68	23.4705882352941
A_HA_H3	1069	70	A	1	0	69	26.8260869565217
A_HA_H3	1070	69	A	2	0	68	28.7941176470588
A_HA_H3	1071	68	T	3	0	67	25.6119402985075
A_HA_H3	1072	67	G	4	0	67	24.3731343283582
A_HA_H3	1073	68	G	3	0	67	23.2238805970149
A_HA_H3	1074	70	A	1	0	70	22.5428571428571
A_HA_H3	1075	70	T	1	0	70	23.1
A_HA_H3	1076	64	G	7	0	63	22.031746031746
A_HA_H3	1077	67	G	3	0	67	21.7611940298507
A_HA_H3	1078	67	G	3	0	67	19.6417910447761
A_HA_H3	1079	67	A	3	0	66	21.1969696969697
A_HA_H3	1080	55	G	15	0	54	22.2962962962963
A_HA_H3	1081	64	G	6	0	62	19.5322580645161
A_HA_H3	1082	69	G	1	0	68	17.8235294117647
A_HA_H3	1083	70	A	0	0	69	17.231884057971
A_HA_H3	1084	70	A	0	0	69	19.4492753623188
A_HA_H3	1085	68	T	2	0	67	21.5522388059701
A_HA_H3	1086	68	G	2	0	68	23.1617647058824
A_HA_H3	1087	68	G	2	0	68	23.7647058823529
A_HA_H3	1088	68	T	2	0	68	24.0441176470588
A_HA_H3	1089	67	G	3	0	67	23.6567164179104
A_HA_H3	1090	70	G	0	0	68	23.1617647058824
A_HA_H3	1091	70	A	0	0	70	24.2428571428571
A_HA_H3	1092	70	T	0	0	70	24.2428571428571
A_HA_H3	1093	70	G	0	0	69	23.8840579710145
A_HA_H3	1094	70	G	0	0	70	23.4428571428571
A_HA_H3	1095	70	T	0	0	66	21.6818181818182
A_HA_H3	1096	70	T	0	0	68	22
A_HA_H3	1097	69	G	1	0	67	22.0746268656716
A_HA_H3	1098	70	G	0	0	69	22.1884057971014
A_HA_H3	1099	70	T	0	0	70	22
A_HA_H3	1100	70	A	0	0	70	22.9285714285714
A_HA_H3	1101	69	C	1	0	69	21.7536231884058
A_HA_H3	1102	69	G	1	0	63	18.5396825396825
A_HA_H3	1103	69	G	1	0	68	17.7941176470588
A_HA_H3	1104	69	T	1	0	68	18.5
A_HA_H3	1105	69	T	1	0	68	19.7647058823529
A_HA_H3	1106	68	T	2	0	65	23.9076923076923
A_HA_H3	1107	68	C	2	0	66	25.469696969697
A_HA_H3	1108	69	A	1	0	66	22.0606060606061
A_HA_H3	1109	69	G	1	0	67	20.3134328358209
A_HA_H3	1110	69	G	1	0	68	20.0294117647059
A_HA_H3	1111	70	C	0	0	70	21.6
A_HA_H3	1112	70	A	0	0	70	20.7571428571429
A_HA_H3	1113	70	T	0	0	70	22.9285714285714
A_HA_H3	1114	70	C	0	0	70	25.0857142857143
A_HA_H3	1115	67	A	3	0	67	23.8507462686567
A_HA_H3	1116	69	A	1	0	68	24.0735294117647
A_HA_H3	1117	69	A	1	0	69	24.8985507246377
A_HA_H3	1118	69	A	1	0	68	28.8676470588235
A_HA_H3	1119	70	T	0	0	70	25.9714285714286
A_HA_H3	1120	70	T	0	0	69	25.3913043478261
A_HA_H3	1121	66	C	4	0	66	26.3030303030303
A_HA_H3	1122	67	T	3	0	66	23.5909090909091
A_HA_H3	1123	68	G	2	0	67	22.2537313432836
A_HA_H3	1124	68	A	2	0	68	20.5882352941176
A_HA_H3	1125	62	G	8	0	61	19.1147540983607
A_HA_H3	1126	70	G	0	0	70	18.1428571428571
A_HA_H3	1127	68	G	2	0	68	17.0882352941176
A_HA_H3	1128	68	A	2	0	66	17.6212121212121
A_HA_H3	1129	68	A	2	0	67	19.0597014925373
A_HA_H3	1130	67	G	3	0	67	19.6567164179104
A_HA_H3	1131	67	A	3	0	67	21.7313432835821
A_HA_H3	1132	68	G	2	0	66	22.3636363636364
A_HA_H3	1133	69	G	1	0	68	19.0294117647059
A_HA_H3	1134	68	A	2	0	67	19.7164179104478
A_HA_H3	1135	69	C	1	0	67	20.2686567164179
A_HA_H3	1136	68	A	2	0	68	19.0588235294118
A_HA_H3	1137	68	A	2	0	66	19.6515151515152
A_HA_H3	1138	65	G	5	0	64	17.65625
A_HA_H3	1139	64	C	6	0	63	17.9047619047619
A_HA_H3	1140	68	A	2	0	68	17.2794117647059
A_HA_H3	1141	69	G	1	0	66	16.969696969697
A_HA_H3	1142	69	C	1	0	66	17.9242424242424
A_HA_H3	1143	70	A	0	0	67	17.7611940298507
A_HA_H3	1144	70	G	0	0	68	18.3529411764706
A_HA_H3	1145	70	A	0	0	69	20.4782608695652
A_HA_H3	1146	70	T	0	0	70	21.4
A_HA_H3	1147	69	C	1	0	68	21.5735294117647
A_HA_H3	1148	70	T	0	0	70	22.7714285714286
A_HA_H3	1149	70	C	0	0	70	23.6142857142857
A_HA_H3	1150	60	A	10	0	60	20.2833333333333
A_HA_H3	1151	65	A	5	0	64	20.625
A_HA_H3	1152	67	A	3	0	66	23.7575757575758
A_HA_H3	1153	70	A	0	0	70	27.2428571428571
A_HA_H3	1154	70	G	0	0	70	26.0285714285714
A_HA_H3	1155	70	C	0	0	68	22.4117647058824
A_HA_H3	1156	69	A	1	0	69	22.1449275362319
A_HA_H3	1157	66	C	4	0	66	21.3181818181818
A_HA_H3	1158	68	T	2	0	68	21.3382352941176
A_HA_H3	1159	65	C	5	0	64	22.109375
A_HA_H3	1160	62	A	8	0	60	20.4
A_HA_H3	1161	62	A	8	0	60	21.6166666666667
A_HA_H3	1162	62	G	8	0	54	20.5
A_HA_H3	1163	69	C	1	0	67	19.9253731343284
A_HA_H3	1164	70	A	0	0	70	18.2571428571429
A_HA_H3	1165	70	G	0	0	68	17.1470588235294
A_HA_H3	1166	70	C	0	0	69	18.3333333333333
A_HA_H3	1167	70	A	0	0	70	19.1428571428571
A_HA_H3	1168	70	A	0	0	70	20.5142857142857
A_HA_H3	1169	70	T	0	0	70	23.0285714285714
A_HA_H3	1170	70	C	0	0	70	24.2142857142857
A_HA_H3	1171	70	G	0	0	68	18.9705882352941
A_HA_H3	1172	70	A	0	0	68	19.0588235294118
A_HA_H3	1173	70	T	0	0	69	20.0434782608696
A_HA_H3	1174	70	C	0	0	70	20.9285714285714
A_HA_H3	1175	68	A	2	0	67	24.1940298507463
A_HA_H3	1176	69	A	1	0	68	25.4705882352941
A_HA_H3	1177	70	A	0	0	67	26.089552238806
A_HA_H3	1178	70	T	0	0	69	25.1159420289855
A_HA_H3	1179	70	C	0	0	69	26.2463768115942
A_HA_H3	1180	70	A	0	0	69	25.1884057971014
A_HA_H3	1181	68	A	2	0	66	24.6969696969697
A_HA_H3	1182	67	T	3	0	66	25.1212121212121
A_HA_H3	1183	64	G	6	0	63	24.3650793650794
A_HA_H3	1184	68	G	2	0	67	21.8358208955224
A_HA_H3	1185	69	G	1	0	68	20.5588235294118
A_HA_H3	1186	69	A	1	0	65	22.0307692307692
A_HA_H3	1187	70	A	0	0	69	22.2173913043478
A_HA_H3	1188	70	G	0	0	70	22.8285714285714
A_HA_H3	1189	69	C	1	0	67	22.2089552238806
A_HA_H3	1190	69	T	1	0	69	22.5072463768116
A_HA_H3	1191	70	G	0	0	67	22.5373134328358
A_HA_H3	1192	70	A	0	0	68	24.1617647058824
A_HA_H3	1193	70	A	0	0	70	23.8
A_HA_H3	1194	70	T	0	0	58	24.1034482758621
A_HA_H3	1195	69	C	1	0	66	22.7727272727273
A_HA_H3	1196	70	G	0	0	67	19.0149253731343
A_HA_H3	1197	70	A	0	0	69	18.2028985507246
A_HA_H3	1198	70	T	0	0	70	18.8571428571429
A_HA_H3	1199	70	T	0	0	69	20.0869565217391
A_HA_H3	1200	70	G	0	0	70	23.4428571428571
A_HA_H3	1201	70	A	0	0	69	24.9855072463768
A_HA_H3	1202	69	T	1	0	69	24.463768115942
A_HA_H3	1203	70	C	0	0	70	20.2
A_HA_H3	1204	67	G	3	0	66	16.8030303030303
A_HA_H3	1205	70	G	0	0	68	16.5294117647059
A_HA_H3	1206	62	A	8	0	59	17.2881355932203
A_HA_H3	1207	69	A	1	0	68	20.4117647058824
A_HA_H3	1208	69	A	1	0	67	23.3432835820896
A_HA_H3	1209	69	A	1	0	67	22.8208955223881
A_HA_H3	1210	69	A	1	0	67	22.1940298507463
A_HA_H3	1211	65	C	5	0	61	20.983606557377
A_HA_H3	1212	68	C	2	0	64	19.6875
A_HA_H3	1213	69	A	1	0	69	20.0579710144928
A_HA_H3	1214	68	A	2	0	68	20.7794117647059
A_HA_H3	1215	68	C	2	0	68	20.1323529411765
A_HA_H3	1216	66	G	4	0	63	18.5873015873016
A_HA_H3	1217	68	A	2	0	67	18.2388059701493
A_HA_H3	1218	70	G	0	0	70	16.9285714285714
A_HA_H3	1219	69	A	1	0	69	18.7246376811594
A_HA_H3	1220	70	A	0	0	70	19.5142857142857
A_HA_H3	1221	70	A	0	0	69	21.463768115942
A_HA_H3	1222	69	T	1	0	69	21.7826086956522
A_HA_H3	1223	69	T	1	0	69	23.8840579710145
A_HA_H3	1224	68	C	2	0	68	23.6617647058824
A_HA_H3	1225	69	C	1	0	69	22.4927536231884
A_HA_H3	1226	69	A	1	0	69	21.8550724637681
A_HA_H3	1227	69	T	1	0	69	22.3333333333333
A_HA_H3	1228	70	C	0	0	70	24.0285714285714
A_HA_H3	1229	70	A	0	0	70	22.4714285714286
A_HA_H3	1230	70	G	0	0	68	21.6029411764706
A_HA_H3	1231	68	A	2	0	66	23.5909090909091
A_HA_H3	1232	70	T	0	0	70	23.4428571428571
A_HA_H3	1233	70	T	0	0	70	23.1285714285714
A_HA_H3	1234	70	G	0	0	69	23.6666666666667
A_HA_H3	1235	60	A	10	0	58	24.3620689655172
A_HA_H3	1236	65	A	5	0	63	24.2380952380952
A_HA_H3	1237	70	A	0	0	69	25.0434782608696
A_HA_H3	1238	68	A	2	0	68	25.1764705882353
A_HA_H3	1239	67	A	3	0	66	22.3030303030303
A_HA_H3	1240	67	G	3	0	66	23.1363636363636
A_HA_H3	1241	69	A	1	0	67	21.2388059701493
A_HA_H3	1242	70	A	0	0	70	21.1428571428571
A_HA_H3	1243	69	T	1	0	67	21.6417910447761
A_HA_H3	1244	69	T	1	0	68	24.6029411764706
A_HA_H3	1245	68	C	2	0	67	26.2835820895522
A_HA_H3	1246	70	T	0	0	70	25.4857142857143
A_HA_H3	1247	70	C	0	0	68	25.5294117647059
A_HA_H3	1248	64	A	6	0	62	22.0322580645161
A_HA_H3	1249	63	G	7	0	62	18.7096774193548
A_HA_H3	1250	69	A	1	0	69	19.0869565217391
A_HA_H3	1251	69	A	1	0	67	18.2238805970149
A_HA_H3	1252	69	G	1	0	68	19.1764705882353
A_HA_H3	1253	69	T	1	0	69	19.3913043478261
A_HA_H3	1254	68	A	2	0	68	20.2647058823529
A_HA_H3	1255	70	G	0	0	70	19.6857142857143
A_HA_H3	1256	69	A	1	0	69	19.8550724637681
A_HA_H3	1257	70	A	0	0	69	21.2608695652174
A_HA_H3	1258	70	G	0	0	70	20.6285714285714
A_HA_H3	1259	70	G	0	0	70	20.1285714285714
A_HA_H3	1260	70	A	0	0	70	20.0285714285714
A_HA_H3	1261	70	A	0	0	70	21.2
A_HA_H3	1262	70	G	0	0	69	20.4202898550725
A_HA_H3	1263	70	A	0	0	69	21.4202898550725
A_HA_H3	1264	70	G	0	0	70	20.5428571428571
A_HA_H3	1265	70	T	0	0	70	19.7571428571429
A_HA_H3	1266	70	T	0	0	69	22.2753623188406
A_HA_H3	1267	70	C	0	0	70	23.1857142857143
A_HA_H3	1268	69	A	1	0	68	23.2794117647059
A_HA_H3	1269	70	A	0	0	69	22.4927536231884
A_HA_H3	1270	69	G	1	0	69	22.768115942029
A_HA_H3	1271	70	A	0	0	70	23.3
A_HA_H3	1272	70	C	0	0	68	24.2941176470588
A_HA_H3	1273	67	C	2	0	67	21.8358208955224
A_HA_H3	1274	66	T	3	0	65	22.1692307692308
A_HA_H3	1275	67	T	2	0	67	22.2985074626866
A_HA_H3	1276	65	G	4	0	65	21.8923076923077
A_HA_H3	1277	67	A	2	0	67	21.8805970149254
A_HA_H3	1278	69	G	0	0	68	22
A_HA_H3	1279	69	A	0	0	69	24.695652173913
A_HA_H3	1280	69	A	0	0	68	24.4705882352941
A_HA_H3	1281	69	A	0	0	68	24.6617647058824
A_HA_H3	1282	69	T	0	0	68	26.6323529411765
A_HA_H3	1283	69	A	0	0	69	28.0579710144928
A_HA_H3	1284	69	T	0	0	66	26.3939393939394
A_HA_H3	1285	68	G	1	0	67	25.2388059701493
A_HA_H3	1286	69	T	0	0	69	25.0144927536232
A_HA_H3	1287	69	T	0	0	69	24.1449275362319
A_HA_H3	1288	68	G	1	0	68	24.1176470588235
A_HA_H3	1289	69	A	0	0	69	22.4057971014493
A_HA_H3	1290	67	G	2	0	66	21.3484848484848
A_HA_H3	1291	69	G	0	0	68	21.9117647058824
A_HA_H3	1292	69	A	0	0	68	22.0735294117647
A_HA_H3	1293	69	C	0	0	69	21.5072463768116
A_HA_H3	1294	69	A	0	0	68	22.25
A_HA_H3	1295	67	C	2	0	66	22.0606060606061
A_HA_H3	1296	69	T	0	0	69	20.0434782608696
A_HA_H3	1297	66	A	3	0	65	19.5230769230769
A_HA_H3	1298	68	A	1	0	66	20.469696969697
A_HA_H3	1299	69	A	0	0	69	21.8405797101449
A_HA_H3	1300	69	A	0	0	66	25.5151515151515
A_HA_H3	1301	69	T	0	0	67	25.2388059701493
A_HA_H3	1302	67	A	2	0	65	23.8769230769231
A_HA_H3	1303	69	G	0	0	67	20.3582089552239
A_HA_H3	1304	69	A	0	0	69	19.3188405797101
A_HA_H3	1305	66	T	3	0	66	21.0151515151515
A_HA_H3	1306	66	C	3	0	66	21.1212121212121
A_HA_H3	1307	68	T	1	0	68	22.8823529411765
A_HA_H3	1308	68	C	1	0	68	28.1176470588235
A_HA_H3	1309	68	T	1	0	68	30.0147058823529
A_HA_H3	1310	67	G	2	0	67	22.0746268656716
A_HA_H3	1311	68	G	1	0	67	21.6268656716418
A_HA_H3	1312	68	T	1	0	67	21.2835820895522
A_HA_H3	1313	68	C	1	0	67	21.9253731343284
A_HA_H3	1314	69	A	0	0	64	22.171875
A_HA_H3	1315	69	T	0	0	66	23.1818181818182
A_HA_H3	1316	68	A	1	0	65	22.6615384615385
A_HA_H3	1317	68	C	1	0	66	21.7272727272727
A_HA_H3	1318	68	A	1	0	67	22.6268656716418
A_HA_H3	1319	68	A	1	0	67	21.7014925373134
A_HA_H3	1320	66	C	3	0	65	20.5538461538462
A_HA_H3	1321	66	G	3	0	59	16.5932203389831
A_HA_H3	1322	66	C	3	0	61	16.327868852459
A_HA_H3	1323	67	A	2	0	58	15.1206896551724
A_HA_H3	1324	66	G	3	0	61	16.1803278688525
A_HA_H3	1325	67	A	2	0	67	15.9850746268657
A_HA_H3	1326	67	G	2	0	62	16.5806451612903
A_HA_H3	1327	68	C	1	0	68	15.8235294117647
A_HA_H3	1328	68	T	1	0	68	16.4558823529412
A_HA_H3	1329	68	T	1	0	67	18.1940298507463
A_HA_H3	1330	69	C	0	0	69	22.304347826087
A_HA_H3	1331	67	T	2	0	67	22.7611940298507
A_HA_H3	1332	68	T	1	0	65	23.5846153846154
A_HA_H3	1333	68	G	1	0	67	23.2388059701493
A_HA_H3	1334	67	T	2	0	66	23.2121212121212
A_HA_H3	1335	68	T	1	0	67	23.0298507462687
A_HA_H3	1336	69	G	0	0	69	20.9130434782609
A_HA_H3	1337	66	C	3	0	66	21.6060606060606
A_HA_H3	1338	69	C	0	0	69	22.3188405797101
A_HA_H3	1339	69	C	0	0	69	20.3913043478261
A_HA_H3	1340	69	T	0	0	68	21.5441176470588
A_HA_H3	1341	67	G	2	0	66	22.9848484848485
A_HA_H3	1342	69	G	0	0	69	23.2028985507246
A_HA_H3	1343	69	A	0	0	69	23.9710144927536
A_HA_H3	1344	69	G	0	0	68	22.1029411764706
A_HA_H3	1345	69	A	0	0	68	21.7058823529412
A_HA_H3	1346	68	A	1	0	68	22.7647058823529
A_HA_H3	1347	66	C	3	0	65	22.0307692307692
A_HA_H3	1348	69	C	0	0	68	21.6470588235294
A_HA_H3	1349	69	A	0	0	69	21.6521739130435
A_HA_H3	1350	68	A	0	0	67	21.8955223880597
A_HA_H3	1351	66	C	2	0	65	23.9846153846154
A_HA_H3	1352	68	A	0	0	67	23.5522388059701
A_HA_H3	1353	68	T	0	0	68	23.5294117647059
A_HA_H3	1354	68	A	0	0	67	23.0746268656716
A_HA_H3	1355	68	C	0	0	67	21.3582089552239
A_HA_H3	1356	68	G	0	0	68	20.6176470588235
A_HA_H3	1357	66	A	2	0	66	20.8636363636364
A_HA_H3	1358	70	T	0	0	70	20.9285714285714
A_HA_H3	1359	70	T	0	0	70	22.6714285714286
A_HA_H3	1360	70	G	0	0	70	24.4142857142857
A_HA_H3	1361	70	A	0	0	68	25.8235294117647
A_HA_H3	1362	69	C	1	0	69	24.0724637681159
A_HA_H3	1363	70	C	0	0	70	22.6
A_HA_H3	1364	70	T	0	0	68	20.9852941176471
A_HA_H3	1365	70	A	0	0	70	22.9714285714286
A_HA_H3	1366	70	A	0	0	69	24.1449275362319
A_HA_H3	1367	69	C	1	0	69	24.0144927536232
A_HA_H3	1368	69	T	1	0	68	23.2352941176471
A_HA_H3	1369	70	G	0	0	70	22.0571428571429
A_HA_H3	1370	70	A	0	0	70	22.1142857142857
A_HA_H3	1371	69	C	1	0	69	23.3188405797101
A_HA_H3	1372	70	T	0	0	70	23.4142857142857
A_HA_H3	1373	70	C	0	0	70	23.6428571428571
A_HA_H3	1374	65	A	5	0	64	20.84375
A_HA_H3	1375	69	G	1	0	69	19.3188405797101
A_HA_H3	1376	70	A	0	0	70	20.5142857142857
A_HA_H3	1377	69	A	0	0	69	22.6086956521739
A_HA_H3	1378	69	A	0	0	69	26.8115942028986
A_HA_H3	1379	69	T	0	0	69	26.9275362318841
A_HA_H3	1380	68	G	1	0	68	25.5147058823529
A_HA_H3	1381	69	A	0	0	69	24.7391304347826
A_HA_H3	1382	69	A	0	0	68	24.3382352941176
A_HA_H3	1383	69	C	0	0	67	24.6417910447761
A_HA_H3	1384	69	A	0	0	68	24.1029411764706
A_HA_H3	1385	69	A	0	0	69	25.7826086956522
A_HA_H3	1386	69	A	0	0	67	25.4925373134328
A_HA_H3	1387	69	C	0	0	69	24.7101449275362
A_HA_H3	1388	69	T	0	0	69	23.9275362318841
A_HA_H3	1389	69	G	0	0	69	23.4057971014493
A_HA_H3	1390	69	T	0	0	67	24.3582089552239
A_HA_H3	1391	69	T	0	0	69	25.8695652173913
A_HA_H3	1392	69	T	0	0	69	24.6376811594203
A_HA_H3	1393	69	G	0	0	69	25.1884057971014
A_HA_H3	1394	66	A	3	0	66	26.1363636363636
A_HA_H3	1395	69	A	0	0	69	25.2608695652174
A_HA_H3	1396	69	A	0	0	68	27.1764705882353
A_HA_H3	1397	68	A	1	0	68	30.4705882352941
A_HA_H3	1398	68	A	1	0	68	34.3235294117647
A_HA_H3	1399	68	A	1	0	67	29.2238805970149
A_HA_H3	1400	68	C	1	0	67	26.044776119403
A_HA_H3	1401	69	A	0	0	68	23.4705882352941
A_HA_H3	1402	68	A	1	0	67	24.1940298507463
A_HA_H3	1403	67	A	2	0	66	22.3030303030303
A_HA_H3	1404	66	G	3	0	64	24.296875
A_HA_H3	1405	68	A	1	0	68	22.8823529411765
A_HA_H3	1406	69	A	0	0	66	22.1969696969697
A_HA_H3	1407	69	G	0	0	69	20.6231884057971
A_HA_H3	1408	68	C	1	0	67	20.6268656716418
A_HA_H3	1409	66	A	3	0	66	21.6515151515152
A_HA_H3	1410	67	A	2	0	66	21.6969696969697
A_HA_H3	1411	67	C	2	0	66	23.2272727272727
A_HA_H3	1412	67	T	2	0	65	23.6769230769231
A_HA_H3	1413	67	G	2	0	67	22.3432835820896
A_HA_H3	1414	67	A	2	0	66	21.1969696969697
A_HA_H3	1415	60	G	9	0	60	20.3
A_HA_H3	1416	68	G	1	0	66	19.5606060606061
A_HA_H3	1417	68	G	1	0	68	17.6470588235294
A_HA_H3	1418	64	A	5	0	64	18.109375
A_HA_H3	1419	69	A	0	0	69	21.1304347826087
A_HA_H3	1420	69	A	0	0	68	24.6176470588235
A_HA_H3	1421	69	A	0	0	68	27.2352941176471
A_HA_H3	1422	69	T	0	0	69	26.8840579710145
A_HA_H3	1423	68	G	1	0	68	23.6029411764706
A_HA_H3	1424	68	C	1	0	66	21.9848484848485
A_HA_H3	1425	67	T	2	0	66	22.3030303030303
A_HA_H3	1426	67	G	2	0	66	22.4545454545455
A_HA_H3	1427	67	A	2	0	67	22.1641791044776
A_HA_H3	1428	67	G	2	0	66	21.8333333333333
A_HA_H3	1429	68	G	1	0	68	21.3676470588235
A_HA_H3	1430	66	A	3	0	65	21.2461538461538
A_HA_H3	1431	66	T	3	0	66	22.6515151515152
A_HA_H3	1432	68	A	1	0	68	24.6911764705882
A_HA_H3	1433	69	T	0	0	67	27.3731343283582
A_HA_H3	1434	67	G	2	0	65	24.2769230769231
A_HA_H3	1435	68	G	1	0	68	21.7058823529412
A_HA_H3	1436	69	G	0	0	68	20.3235294117647
A_HA_H3	1437	69	A	0	0	69	21.1739130434783
A_HA_H3	1438	69	A	0	0	68	22.2352941176471
A_HA_H3	1439	69	A	0	0	68	23.1323529411765
A_HA_H3	1440	69	T	0	0	69	23.5942028985507
A_HA_H3	1441	69	G	0	0	69	23.8550724637681
A_HA_H3	1442	69	G	0	0	68	22.5147058823529
A_HA_H3	1443	69	T	0	0	69	20.2463768115942
A_HA_H3	1444	68	T	1	0	68	20.7352941176471
A_HA_H3	1445	68	G	1	0	68	20.7058823529412
A_HA_H3	1446	68	T	1	0	65	25.3384615384615
A_HA_H3	1447	69	T	0	0	65	25.8769230769231
A_HA_H3	1448	69	T	0	0	66	24.9848484848485
A_HA_H3	1449	69	C	0	0	67	23.8059701492537
A_HA_H3	1450	63	A	6	0	63	22.031746031746
A_HA_H3	1451	69	A	0	0	68	21.8676470588235
A_HA_H3	1452	69	A	0	0	69	24.4202898550725
A_HA_H3	1453	69	A	0	0	69	24.3188405797101
A_HA_H3	1454	69	T	0	0	69	24.0869565217391
A_HA_H3	1455	69	A	0	0	68	24.2794117647059
A_HA_H3	1456	68	T	0	0	66	29.5
A_HA_H3	1457	64	A	4	0	63	27.5238095238095
A_HA_H3	1458	65	C	3	0	65	21.9384615384615
A_HA_H3	1459	66	C	2	0	64	21.328125
A_HA_H3	1460	68	A	0	0	68	20.5588235294118
A_HA_H3	1461	68	C	0	0	67	21.9701492537313
A_HA_H3	1462	66	A	2	0	65	22.0923076923077
A_HA_H3	1463	67	A	1	0	67	24.7761194029851
A_HA_H3	1464	67	A	1	0	67	26.2238805970149
A_HA_H3	1465	67	T	1	0	66	26.1363636363636
A_HA_H3	1466	67	G	1	0	66	25.2878787878788
A_HA_H3	1467	66	T	2	0	65	25
A_HA_H3	1468	67	G	1	0	67	24.089552238806
A_HA_H3	1469	67	A	1	0	67	23.8208955223881
A_HA_H3	1470	67	C	1	0	67	25.1194029850746
A_HA_H3	1471	67	A	1	0	67	25.089552238806
A_HA_H3	1472	67	A	1	0	67	25.5223880597015
A_HA_H3	1473	67	T	1	0	67	25.2089552238806
A_HA_H3	1474	67	G	1	0	67	26.2238805970149
A_HA_H3	1475	67	C	1	0	66	25.0151515151515
A_HA_H3	1476	67	C	1	0	66	24.4090909090909
A_HA_H3	1477	66	T	2	0	64	24.21875
A_HA_H3	1478	63	G	5	0	63	23.4285714285714
A_HA_H3	1479	66	C	2	0	64	23.375
A_HA_H3	1480	67	A	1	0	67	23
A_HA_H3	1481	67	T	1	0	66	23.1363636363636
A_HA_H3	1482	68	A	0	0	67	20.7611940298507
A_HA_H3	1483	68	G	0	0	67	19.6865671641791
A_HA_H3	1484	68	G	0	0	68	19.4264705882353
A_HA_H3	1485	68	A	0	0	68	19.7205882352941
A_HA_H3	1486	68	T	0	0	68	21.2794117647059
A_HA_H3	1487	68	C	0	0	67	22.5373134328358
A_HA_H3	1488	67	A	1	0	67	23.6716417910448
A_HA_H3	1489	68	A	0	0	67	23.4029850746269
A_HA_H3	1490	68	T	0	0	65	24.0923076923077
A_HA_H3	1491	64	A	4	0	63	23.4444444444444
A_HA_H3	1492	63	A	5	0	62	20.9354838709677
A_HA_H3	1493	62	G	6	0	62	19.7903225806452
A_HA_H3	1494	65	A	3	0	65	21.2923076923077
A_HA_H3	1495	67	A	1	0	66	19.9393939393939
A_HA_H3	1496	67	A	1	0	66	23.0606060606061
A_HA_H3	1497	68	T	0	0	66	21.2878787878788
A_HA_H3	1498	67	G	1	0	67	20.3134328358209
A_HA_H3	1499	66	A	2	0	66	18.8333333333333
A_HA_H3	1500	66	A	2	0	66	19.4242424242424
A_HA_H3	1501	67	A	1	0	66	24.7424242424242
A_HA_H3	1502	67	C	1	0	67	22.9850746268657
A_HA_H3	1503	63	T	5	0	63	23.0634920634921
A_HA_H3	1504	63	T	5	0	62	21.4354838709677
A_HA_H3	1505	65	A	3	0	64	20.953125
A_HA_H3	1506	65	T	3	0	65	21.8307692307692
A_HA_H3	1507	65	G	3	0	62	22.7741935483871
A_HA_H3	1508	66	A	2	0	65	22.4153846153846
A_HA_H3	1509	65	C	3	0	65	22.6307692307692
A_HA_H3	1510	65	C	3	0	60	22.5166666666667
A_HA_H3	1511	64	A	4	0	61	22.7540983606557
A_HA_H3	1512	65	C	3	0	65	21.1230769230769
A_HA_H3	1513	65	A	3	0	65	22.5384615384615
A_HA_H3	1514	66	A	2	0	64	25.234375
A_HA_H3	1515	65	T	3	0	65	25.4461538461538
A_HA_H3	1516	65	G	3	0	65	26.5076923076923
A_HA_H3	1517	66	T	2	0	65	26.4
A_HA_H3	1518	66	G	2	0	65	25.3230769230769
A_HA_H3	1519	65	T	3	0	64	29.84375
A_HA_H3	1520	64	A	4	0	64	24.625
A_HA_H3	1521	63	C	5	0	63	24.4444444444444
A_HA_H3	1522	62	A	6	0	62	23.2903225806452
A_HA_H3	1523	57	G	11	0	57	22.4736842105263
A_HA_H3	1524	65	G	3	0	65	22.2
A_HA_H3	1525	64	G	4	0	64	22.859375
A_HA_H3	1526	64	A	4	0	63	22.8253968253968
A_HA_H3	1527	67	T	1	0	67	23.3880597014925
A_HA_H3	1528	66	G	2	0	65	23.8769230769231
A_HA_H3	1529	67	A	1	0	67	24.4925373134328
A_HA_H3	1530	68	A	0	0	68	23.6470588235294
A_HA_H3	1531	68	G	0	0	68	22.9264705882353
A_HA_H3	1532	67	C	1	0	67	22.6865671641791
A_HA_H3	1533	68	A	0	0	68	21.7058823529412
A_HA_H3	1534	68	T	0	0	67	22.0597014925373
A_HA_H3	1535	68	T	0	0	68	23.8529411764706
A_HA_H3	1536	68	A	0	0	67	24.5671641791045
A_HA_H3	1537	68	A	0	0	65	24.5692307692308
A_HA_H3	1538	68	A	0	0	67	24.2089552238806
A_HA_H3	1539	68	C	0	0	67	23.2686567164179
A_HA_H3	1540	68	A	0	0	68	22.6323529411765
A_HA_H3	1541	68	A	0	0	65	20.0769230769231
A_HA_H3	1542	67	C	1	0	65	18.9384615384615
A_HA_H3	1543	68	C	0	0	64	18.203125
A_HA_H3	1544	68	G	0	0	63	16.1428571428571
A_HA_H3	1545	68	G	0	0	65	17.5538461538462
A_HA_H3	1546	68	T	0	0	68	18.2205882352941
A_HA_H3	1547	68	T	0	0	68	19.7058823529412
A_HA_H3	1548	63	C	5	0	61	23.0819672131148
A_HA_H3	1549	68	C	0	0	67	18.3283582089552
A_HA_H3	1550	68	A	0	0	68	16.0147058823529
A_HA_H3	1551	68	G	0	0	68	16.8235294117647
A_HA_H3	1552	67	A	1	0	67	20
A_HA_H3	1553	67	T	1	0	67	22.955223880597
A_HA_H3	1554	67	C	1	0	67	23.0746268656716
A_HA_H3	1555	63	A	5	0	62	20.3225806451613
A_HA_H3	1556	65	A	3	0	65	17.9692307692308
A_HA_H3	1557	56	G	12	0	54	15.962962962963
A_HA_H3	1558	67	G	1	0	66	17.6666666666667
A_HA_H3	1559	67	G	1	0	67	17.3134328358209
A_HA_H3	1560	65	A	3	0	64	18.75
A_HA_H3	1561	68	G	0	0	67	19.9850746268657
A_HA_H3	1562	66	T	2	0	65	20.6769230769231
A_HA_H3	1563	68	T	0	0	67	20.9850746268657
A_HA_H3	1564	68	G	0	0	68	22.3676470588235
A_HA_H3	1565	67	A	1	0	66	22.6212121212121
A_HA_H3	1566	66	G	2	0	66	21.6666666666667
A_HA_H3	1567	68	C	0	0	67	21.8208955223881
A_HA_H3	1568	68	T	0	0	68	21.3823529411765
A_HA_H3	1569	68	G	0	0	67	21.8358208955224
A_HA_H3	1570	67	A	1	0	66	21.8787878787879
A_HA_H3	1571	68	A	0	0	68	21.2205882352941
A_HA_H3	1572	68	G	0	0	68	21.4117647058824
A_HA_H3	1573	68	T	0	0	68	21.3823529411765
A_HA_H3	1574	68	C	0	0	68	22.7205882352941
A_HA_H3	1575	67	A	1	0	64	17.28125
A_HA_H3	1576	62	G	6	0	60	16.6833333333333
A_HA_H3	1577	65	G	3	0	58	16.9137931034483
A_HA_H3	1578	68	G	0	0	63	16.8571428571429
A_HA_H3	1579	68	T	0	0	66	15.5757575757576
A_HA_H3	1580	68	A	0	0	67	15.6119402985075
A_HA_H3	1581	67	C	0	0	67	16.4776119402985
A_HA_H3	1582	62	A	5	0	61	18.4590163934426
A_HA_H3	1583	66	A	1	0	66	18.2272727272727
A_HA_H3	1584	67	A	0	0	67	15.7910447761194
A_HA_H3	1585	66	G	1	0	66	17.5454545454545
A_HA_H3	1586	67	A	0	0	66	20.1818181818182
A_HA_H3	1587	67	T	0	0	67	20.7014925373134
A_HA_H3	1588	67	T	0	0	66	20.5151515151515
A_HA_H3	1589	66	G	1	0	66	21.5454545454545
A_HA_H3	1590	67	G	0	0	66	22.1666666666667
A_HA_H3	1591	67	A	0	0	67	22.9850746268657
A_HA_H3	1592	66	T	1	0	66	22.2878787878788
A_HA_H3	1593	64	C	3	0	63	23.6825396825397
A_HA_H3	1594	67	C	0	0	65	21.6923076923077
A_HA_H3	1595	66	T	1	0	64	20.046875
A_HA_H3	1596	65	A	2	0	65	20.3076923076923
A_HA_H3	1597	65	T	2	0	64	22.71875
A_HA_H3	1598	65	G	2	0	63	21.3650793650794
A_HA_H3	1599	65	G	2	0	65	20.6461538461538
A_HA_H3	1600	63	A	4	0	60	20.5
A_HA_H3	1601	64	T	3	0	63	20.7142857142857
A_HA_H3	1602	66	T	1	0	66	20.6515151515152
A_HA_H3	1603	66	T	1	0	65	22.2
A_HA_H3	1604	65	C	1	0	63	25.047619047619
A_HA_H3	1605	63	C	3	0	63	22.3650793650794
A_HA_H3	1606	62	T	4	0	62	20.9032258064516
A_HA_H3	1607	64	T	2	0	64	21.734375
A_HA_H3	1608	64	T	2	0	64	25.46875
A_HA_H3	1609	65	G	1	0	63	24.5079365079365
A_HA_H3	1610	66	C	0	0	62	23.758064516129
A_HA_H3	1611	66	C	0	0	64	23.046875
A_HA_H3	1612	66	A	0	0	66	22.469696969697
A_HA_H3	1613	66	T	0	0	64	23.265625
A_HA_H3	1614	66	G	0	0	65	24.1384615384615
A_HA_H3	1615	66	T	0	0	65	24.9692307692308
A_HA_H3	1616	66	C	0	0	65	24.8461538461538
A_HA_H3	1617	66	A	0	0	66	23.969696969697
A_HA_H3	1618	66	T	0	0	65	24.9076923076923
A_HA_H3	1619	66	G	0	0	66	23.7727272727273
A_HA_H3	1620	49	N	17	0	47	24.2127659574468
A_HA_H3	1621	54	T	12	0	54	24.1666666666667
A_HA_H3	1622	66	T	0	0	66	25.2727272727273
A_HA_H3	1623	66	T	0	0	66	24.6515151515152
A_HA_H3	1624	66	T	0	0	65	27.1076923076923
A_HA_H3	1625	65	T	1	0	65	26.7076923076923
A_HA_H3	1626	65	G	1	0	65	24.0153846153846
A_HA_H3	1627	65	C	1	0	64	22.984375
A_HA_H3	1628	63	T	3	0	63	23.047619047619
A_HA_H3	1629	64	T	2	0	63	23.1587301587302
A_HA_H3	1630	66	T	0	0	65	25.9846153846154
A_HA_H3	1631	66	G	0	0	65	24.7538461538462
A_HA_H3	1632	66	T	0	0	65	23.4769230769231
A_HA_H3	1633	66	A	0	0	66	23.8181818181818
A_HA_H3	1634	65	T	1	0	63	24.9206349206349
A_HA_H3	1635	65	T	1	0	64	25.640625
A_HA_H3	1636	65	G	1	0	64	23.546875
A_HA_H3	1637	65	C	1	0	64	22.375
A_HA_H3	1638	62	T	4	0	61	22.7213114754098
A_HA_H3	1639	64	T	2	0	64	22.59375
A_HA_H3	1640	66	T	0	0	65	24.5076923076923
A_HA_H3	1641	65	G	1	0	64	22.859375
A_HA_H3	1642	65	T	1	0	64	22.53125
A_HA_H3	1643	65	T	1	0	65	22.1076923076923
A_HA_H3	1644	62	G	4	0	59	19.0169491525424
A_HA_H3	1645	64	G	2	0	63	18.3015873015873
A_HA_H3	1646	66	G	0	0	62	18.0322580645161
A_HA_H3	1647	66	G	0	0	66	20.469696969697
A_HA_H3	1648	66	T	0	0	66	20.530303030303
A_HA_H3	1649	66	T	0	0	66	22.0606060606061
A_HA_H3	1650	65	C	1	0	65	23.3076923076923
A_HA_H3	1651	65	A	0	0	64	23.234375
A_HA_H3	1652	65	T	0	0	65	23.4615384615385
A_HA_H3	1653	65	C	0	0	65	24
A_HA_H3	1654	64	A	1	0	63	21.8095238095238
A_HA_H3	1655	62	T	3	0	62	22.4838709677419
A_HA_H3	1656	62	G	3	0	59	22
A_HA_H3	1657	65	T	0	0	65	20.0153846153846
A_HA_H3	1658	63	G	2	0	61	20.2950819672131
A_HA_H3	1659	64	G	1	0	64	20.296875
A_HA_H3	1660	64	G	1	0	63	21.9365079365079
A_HA_H3	1661	64	C	1	0	63	21.968253968254
A_HA_H3	1662	65	C	0	0	65	21.2153846153846
A_HA_H3	1663	64	T	1	0	63	21.3333333333333
A_HA_H3	1664	64	G	1	0	63	21.5873015873016
A_HA_H3	1665	64	C	1	0	64	20.734375
A_HA_H3	1666	64	C	1	0	63	21.4920634920635
A_HA_H3	1667	50	A	15	0	50	19.98
A_HA_H3	1668	60	A	5	0	60	20.7833333333333
A_HA_H3	1669	64	A	1	0	64	20.578125
A_HA_H3	1670	63	A	2	0	61	18.655737704918
A_HA_H3	1671	62	G	3	0	60	18.6666666666667
A_HA_H3	1672	64	G	1	0	62	18.8548387096774
A_HA_H3	1673	64	G	1	0	62	19.3709677419355
A_HA_H3	1674	65	C	0	0	64	18.09375
A_HA_H3	1675	65	A	0	0	64	19.734375
A_HA_H3	1676	65	A	0	0	60	21.05
A_HA_H3	1677	65	C	0	0	65	20.8923076923077
A_HA_H3	1678	65	A	0	0	64	20.296875
A_HA_H3	1679	64	T	1	0	64	20.265625
A_HA_H3	1680	64	T	1	0	63	24.3809523809524
A_HA_H3	1681	65	A	0	0	65	22.4
A_HA_H3	1682	65	G	0	0	64	20.84375
A_HA_H3	1683	65	A	0	0	63	21.6825396825397
A_HA_H3	1684	65	T	0	0	65	22.4
A_HA_H3	1685	64	G	1	0	64	22.171875
A_HA_H3	1686	65	C	0	0	64	23.796875
A_HA_H3	1687	63	A	2	0	63	23.2698412698413
A_HA_H3	1688	64	A	1	0	63	21.1269841269841
A_HA_H3	1689	64	C	1	0	63	22.1111111111111
A_HA_H3	1690	64	A	1	0	64	22.546875
A_HA_H3	1691	64	T	1	0	63	24.3650793650794
A_HA_H3	1692	65	T	0	0	64	27.625
A_HA_H3	1693	65	T	0	0	65	27.2153846153846
A_HA_H3	1694	64	G	0	0	62	26.4838709677419
A_HA_H3	1695	64	C	0	0	64	27.140625
A_HA_H3	1696	63	A	0	0	63	26.3650793650794
A_HA_H3	1697	63	T	0	0	63	27.3015873015873
A_HA_H3	1698	63	T	0	0	63	27.2063492063492
A_HA_H3	1699	63	T	0	0	63	27.2380952380952
A_HA_H3	1700	62	G	0	0	62	23.1290322580645
A_HA_H3	1701	60	A	0	0	60	22.6166666666667
