Reference_Name	Position	Coverage Depth	Consensus	Deletions	Ambiguous	Consensus_Count	Consensus_Average_Quality
A_MP	1	3040	A	0	0	3040	25.4845394736842
A_MP	2	3067	T	0	0	3067	24.6172155200522
A_MP	3	3106	G	0	0	3103	22.0409281340638
A_MP	4	3119	A	0	0	3108	20.777027027027
A_MP	5	3168	G	6	0	3157	19.6056382641748
A_MP	6	3159	T	27	0	3142	20.2415658816041
A_MP	7	3168	C	26	0	3148	20.5073062261753
A_MP	8	3190	T	13	0	3167	22.7590779917903
A_MP	9	3200	T	10	0	3179	24.5800566215791
A_MP	10	3194	C	23	0	3173	24.7598487236054
A_MP	11	3192	T	30	0	3162	23.140101201771
A_MP	12	3204	A	23	0	3184	23.0832286432161
A_MP	13	3217	A	10	0	3179	23.9248191255112
A_MP	14	3206	C	23	0	3180	24.1188679245283
A_MP	15	3214	C	15	0	3093	22.2075654704171
A_MP	16	3191	G	43	0	3157	19.6084890719037
A_MP	17	3190	A	44	0	3155	18.764500792393
A_MP	18	3211	G	24	0	3183	18.3616085453974
A_MP	19	3229	G	8	0	3201	18.4042486722899
A_MP	20	3224	T	13	0	3190	17.8805642633229
A_MP	21	3201	C	36	0	3166	20.2757422615287
A_MP	22	3155	G	82	0	3065	16.4825448613377
A_MP	23	3163	A	74	0	3121	16.9557834027555
A_MP	24	3212	A	26	0	3164	19.9323640960809
A_MP	25	3210	A	28	0	3127	25.4387591941158
A_MP	26	3192	C	46	0	3125	22.36288
A_MP	27	3206	G	34	0	3048	19.9350393700787
A_MP	28	3205	T	36	0	3107	18.7190215642099
A_MP	29	3209	A	33	0	2986	18.5616208975218
A_MP	30	3323	C	35	0	3261	17.967494633548
A_MP	31	3344	G	18	0	3284	18.1641291108404
A_MP	32	3340	T	29	0	3305	18.6593040847201
A_MP	33	3199	T	173	0	3170	21.8678233438486
A_MP	34	3201	C	175	0	3181	22.2137692549513
A_MP	35	3340	T	49	0	3290	24.5799392097264
A_MP	36	3324	C	66	0	3298	33.2410551849606
A_MP	37	3359	T	32	0	3324	61.7858002406739
A_MP	38	3355	C	36	0	3327	63.0237451157199
A_MP	39	3341	T	50	0	3309	33.9815654276216
A_MP	40	3346	A	46	0	3297	22.079466181377
A_MP	41	3355	T	41	0	3326	24.129885748647
A_MP	42	3343	C	53	0	3317	24.0813988543865
A_MP	43	3373	A	24	0	3329	22.6043857014118
A_MP	44	3376	T	22	0	3350	22.7785074626866
A_MP	45	3247	C	151	0	3215	23.8541213063764
A_MP	46	3363	C	35	0	3327	22.6209798617373
A_MP	47	3377	C	21	0	3269	20.3120220250841
A_MP	48	3378	G	20	0	3294	19.3469945355191
A_MP	49	3383	T	15	0	3354	20.1642814549791
A_MP	50	3387	C	11	0	3349	21.2191699014631
A_MP	51	3382	A	16	0	3330	19.1996996996997
A_MP	52	3348	G	50	0	3316	19.3498190591074
A_MP	53	3365	G	35	0	3326	20.1443174984967
A_MP	54	2563	C	837	0	2515	20.6405566600398
A_MP	55	3247	C	156	0	3217	21.0024867889338
A_MP	56	3392	C	31	0	3376	21.2106042654028
A_MP	57	3418	C	9	0	3390	21.9681415929204
A_MP	58	3398	C	29	0	3340	21.640119760479
A_MP	59	3373	T	55	0	3286	20.8447961046865
A_MP	60	3400	C	29	0	3387	20.3793917921464
A_MP	61	3344	A	85	0	3305	17.6844175491679
A_MP	62	3376	A	53	0	3350	17.990447761194
A_MP	63	3387	A	42	0	3356	21.9982121573302
A_MP	64	3375	G	54	0	3259	22.3227984044185
A_MP	65	3390	C	40	0	3355	20.8909090909091
A_MP	66	3412	C	18	0	3338	20.2860994607549
A_MP	67	3398	G	32	0	3367	20.1844371844372
A_MP	68	3410	A	20	0	3372	21.5524911032028
A_MP	69	3403	G	27	0	3389	20.9215107701387
A_MP	70	3416	A	14	0	3388	22.6720779220779
A_MP	71	3425	T	5	0	3410	22.7175953079179
A_MP	72	3361	C	69	0	3327	22.6005410279531
A_MP	73	3334	G	96	0	3208	18.6349750623441
A_MP	74	3385	C	45	0	3294	18.462962962963
A_MP	75	3380	A	50	0	3272	18.5898533007335
A_MP	76	3411	C	19	0	3333	19.7425742574257
A_MP	77	3379	A	51	0	3319	21.3214823742091
A_MP	78	3384	G	47	0	3380	21.1174556213018
A_MP	79	3387	A	44	0	3340	21.2895209580838
A_MP	80	3389	G	42	0	3367	47.1110781110781
A_MP	81	3397	A	34	0	3333	46.6648664866487
A_MP	82	3397	C	35	0	3377	23.0198400947587
A_MP	83	3358	T	74	0	3316	22.9876357056695
A_MP	84	3399	T	33	0	3336	23.7658872901679
A_MP	85	3407	G	25	0	3386	23.2764323685765
A_MP	86	3381	A	51	0	3342	23.5592459605027
A_MP	87	3394	A	38	0	3357	22.6306225796842
A_MP	88	3402	G	30	0	3365	21.681426448737
A_MP	89	3411	A	21	0	3372	23.2482206405694
A_MP	90	3414	T	18	0	3392	22.8384433962264
A_MP	91	3424	G	8	0	3394	23.4952857984679
A_MP	92	3392	T	40	0	3347	24.9172393187929
A_MP	93	3407	C	25	0	3384	24.2612293144208
A_MP	94	3354	T	78	0	3292	24.4990886998785
A_MP	95	3399	T	33	0	3357	25.1680071492404
A_MP	96	3414	T	18	0	3385	26.0682422451994
A_MP	97	3395	G	37	0	3360	24.8690476190476
A_MP	98	3390	C	42	0	3323	24.1757448089076
A_MP	99	3394	T	38	0	3333	23.6342634263426
A_MP	100	3269	G	163	0	3211	23.0516972905637
A_MP	101	3328	G	104	0	3302	22.2277407631738
A_MP	102	3303	G	129	0	3246	20.8012939001848
A_MP	103	2893	A	539	0	2853	22.5818436733263
A_MP	104	3309	A	123	0	3286	23.5097382836275
A_MP	105	3405	A	27	0	3379	27.1846700207162
A_MP	106	3417	A	15	0	3388	31.616587957497
A_MP	107	3411	A	21	0	3331	27.5103572500751
A_MP	108	3410	C	23	0	3345	25.321375186846
A_MP	109	3412	A	21	0	3365	23.4769687964339
A_MP	110	3384	C	49	0	3338	23.0985620131815
A_MP	111	3407	C	26	0	3257	20.3312864599325
A_MP	112	3395	G	38	0	3329	19.7930309402223
A_MP	113	3397	A	36	0	3336	20.2311151079137
A_MP	114	3417	T	16	0	3389	19.4334611979935
A_MP	115	3413	C	20	0	3396	21.0933451118963
A_MP	116	3385	T	48	0	3333	23.00600060006
A_MP	117	3417	T	16	0	3373	24.3157426623184
A_MP	118	3394	G	39	0	3379	22.5412844036697
A_MP	119	3363	A	70	0	3291	21.3986630203586
A_MP	120	3399	G	34	0	3371	20.1204390388609
A_MP	121	3416	G	17	0	3387	20.0673162090345
A_MP	122	3321	C	112	0	3291	19.2421756305074
A_MP	123	3319	T	114	0	3283	21.9043557721596
A_MP	124	3417	C	16	0	3390	23.5513274336283
A_MP	125	3419	T	14	0	3382	27.8311649911295
A_MP	126	3397	C	36	0	3378	33.4934872705743
A_MP	127	3397	A	36	0	3296	23.7284587378641
A_MP	128	3405	T	28	0	3378	23.394612196566
A_MP	129	3395	G	38	0	3352	23.9152744630072
A_MP	130	3419	G	14	0	3365	22.1387815750371
A_MP	131	3403	A	30	0	3337	22.425232244531
A_MP	132	3417	A	16	0	3378	24.2273534635879
A_MP	133	3415	T	18	0	3390	22.506784660767
A_MP	134	3394	G	39	0	3121	20.9554629926306
A_MP	135	3416	G	17	0	3316	19.981302774427
A_MP	136	3414	C	19	0	3339	19.5621443545972
A_MP	137	3404	T	29	0	3331	19.0675472830982
A_MP	138	3326	A	107	0	3247	21.7908838928241
A_MP	139	3390	A	42	0	3340	22.2326347305389
A_MP	140	3403	A	29	0	3342	20.7211250748055
A_MP	141	3388	G	44	0	3326	22.1831028262177
A_MP	142	3415	A	17	0	3366	22.0742721330957
A_MP	143	3418	C	14	0	3371	21.1996440225452
A_MP	144	3341	A	91	0	3280	21.0716463414634
A_MP	145	3419	A	13	0	3356	21.984505363528
A_MP	146	3418	G	14	0	3386	21.8922031896043
A_MP	147	3408	A	24	0	3349	23.1851298895193
A_MP	148	3376	C	56	0	3323	22.336142040325
A_MP	149	3416	C	16	0	3369	21.7637281092312
A_MP	150	3410	A	22	0	3390	22.4401179941003
A_MP	151	3419	A	13	0	3392	23.0881485849057
A_MP	152	3388	T	44	0	3345	23.527952167414
A_MP	153	3360	C	70	0	3319	24.6348297680024
A_MP	154	3414	C	16	0	3368	22.6003562945368
A_MP	155	3400	T	30	0	3366	21.3894830659537
A_MP	156	3410	G	20	0	3379	22.2071618822137
A_MP	157	3396	T	34	0	3350	23.404776119403
A_MP	158	3377	C	53	0	3361	23.9003272835466
A_MP	159	3388	A	42	0	3359	23.1158082762727
A_MP	160	3401	C	29	0	3387	22.2022438736345
A_MP	161	3418	C	11	0	3392	21.3210495283019
A_MP	162	3400	T	29	0	3363	21.4308652988403
A_MP	163	3414	C	15	0	3391	22.0563255676791
A_MP	164	3388	T	41	0	3357	23.6038129282097
A_MP	165	3402	G	27	0	3375	23.9265185185185
A_MP	166	3404	A	25	0	3361	24.2008330853913
A_MP	167	3412	C	17	0	3377	23.3796268877702
A_MP	168	3399	T	30	0	3348	22.1845878136201
A_MP	169	3286	A	143	0	3232	21.9337871287129
A_MP	170	3366	A	63	0	3321	20.3062330623306
A_MP	171	3121	G	308	0	3004	17.422103861518
A_MP	172	3356	G	73	0	3267	18.9271502907867
A_MP	173	3396	G	33	0	3290	19.6604863221885
A_MP	174	3355	G	74	0	3284	19.8364799025579
A_MP	175	3300	A	129	0	3217	21.3783027665527
A_MP	176	3266	T	163	0	3206	20.4048658764816
A_MP	177	3391	T	38	0	3357	20.9854036341972
A_MP	178	3409	T	20	0	3372	22.226571767497
A_MP	179	3403	T	27	0	3347	25.2058559904392
A_MP	180	3347	G	83	0	3189	22.6324866729382
A_MP	181	3412	G	18	0	3385	20.9630723781388
A_MP	182	3399	G	31	0	3366	19.9809863339275
A_MP	183	3289	A	141	0	3233	20.8082276523353
A_MP	184	3275	T	155	0	3235	19.8460587326121
A_MP	185	3418	T	12	0	3382	20.4662921348315
A_MP	186	3402	T	28	0	3365	21.0050520059435
A_MP	187	3398	G	32	0	3341	21.8991319964083
A_MP	188	3406	T	24	0	3331	22.0588411888322
A_MP	189	3405	A	25	0	3293	21.0968721530519
A_MP	190	3402	T	28	0	3364	20.8314506539834
A_MP	191	3409	T	21	0	3361	21.9556679559655
A_MP	192	3349	C	81	0	3318	23.080771549126
A_MP	193	3306	A	124	0	3239	20.5733251003396
A_MP	194	3365	C	65	0	3326	18.4530968129886
A_MP	195	3353	G	77	0	3247	17.1733908222975
A_MP	196	3350	C	80	0	3288	16.8050486618005
A_MP	197	3393	T	37	0	3351	17.3873470605789
A_MP	198	3386	C	44	0	3364	18.8478002378121
A_MP	199	3372	A	58	0	3328	20.4810697115385
A_MP	200	3365	C	65	0	3305	21.4366111951589
A_MP	201	3391	C	39	0	3215	20.3203732503888
A_MP	202	3389	G	41	0	3278	18.6259914582062
A_MP	203	3409	T	21	0	3377	18.3941368078176
A_MP	204	3406	G	24	0	3366	19.1524064171123
A_MP	205	3338	C	92	0	3301	20.6404119963647
A_MP	206	3399	C	31	0	3333	22.1374137413741
A_MP	207	3408	C	22	0	3253	21.3120196741469
A_MP	208	3397	A	32	0	3360	21.03125
A_MP	209	3386	G	43	0	3354	21.3124627310674
A_MP	210	3384	T	45	0	3365	22.3931649331352
A_MP	211	3405	G	24	0	3386	22.7829297105729
A_MP	212	3395	A	34	0	3360	22.9883928571429
A_MP	213	3381	G	48	0	3366	21.4284016636958
A_MP	214	3411	C	18	0	3363	19.3312518584597
A_MP	215	3389	G	40	0	3302	17.4415505754088
A_MP	216	3405	A	24	0	3300	17.4593939393939
A_MP	217	3370	G	59	0	3348	17.6932497013142
A_MP	218	3416	G	12	0	3403	19.1319424037614
A_MP	219	3413	A	15	0	3386	19.9607206142942
A_MP	220	3414	C	14	0	3376	21.8575236966825
A_MP	221	3387	T	41	0	3312	21.1470410628019
A_MP	222	3389	G	39	0	3316	21.0527744270205
A_MP	223	3391	C	37	0	3358	20.6637879690292
A_MP	224	3345	A	83	0	3272	19.4058679706601
A_MP	225	3360	G	68	0	2638	16.5079605761941
A_MP	226	3375	C	53	0	3286	15.1698113207547
A_MP	227	3313	G	115	0	3115	14.8263242375602
A_MP	228	3324	T	104	0	3227	14.8847226526185
A_MP	229	3334	A	94	0	3139	17.5023892959541
A_MP	230	3386	G	42	0	3269	17.5328846742123
A_MP	231	3385	A	43	0	3281	18.409021639744
A_MP	232	3388	C	40	0	3296	18.7357402912621
A_MP	233	3380	G	48	0	3223	17.5212534905368
A_MP	234	3407	C	21	0	3378	17.7960331557134
A_MP	235	3307	T	121	0	3269	18.0281431630468
A_MP	236	3381	T	47	0	3347	19.4039438302958
A_MP	237	3407	T	21	0	3358	24.2989874925551
A_MP	238	3402	G	26	0	3352	23.6300715990453
A_MP	239	3408	T	20	0	3380	23.3426035502959
A_MP	240	3307	C	121	0	3294	24.0349119611415
A_MP	241	3365	C	63	0	3296	20.9587378640777
A_MP	242	3180	A	248	0	3119	20.6091696056428
A_MP	243	3377	A	51	0	3360	21.6964285714286
A_MP	244	3403	A	25	0	3384	24.8676122931442
A_MP	245	3403	A	24	0	3378	25.2723505032564
A_MP	246	3392	T	35	0	3376	25.1362559241706
A_MP	247	3386	G	41	0	3281	23.6226760134105
A_MP	248	3299	C	128	0	3263	22.0459699662887
A_MP	249	3407	C	20	0	3387	21.3306761145557
A_MP	250	3414	C	13	0	3391	20.1170746092598
A_MP	251	3412	T	14	0	3389	22.1758630864562
A_MP	252	3399	C	27	0	3371	22.6309700385642
A_MP	253	3389	A	37	0	3376	21.5749407582938
A_MP	254	3410	A	16	0	3333	21.3954395439544
A_MP	255	3409	T	17	0	3373	23.1348947524459
A_MP	256	3243	G	183	0	3188	22.6835006273526
A_MP	257	3397	G	29	0	3266	21.4427434170239
A_MP	258	3420	G	6	0	3369	20.6369842683289
A_MP	259	3399	A	27	0	3369	21.3027604630454
A_MP	260	3417	A	9	0	3396	22.8515901060071
A_MP	261	3409	T	17	0	3381	24.139603667554
A_MP	262	3175	G	250	0	3129	23.8536273569831
A_MP	263	3399	G	26	0	3356	22.7002383790226
A_MP	264	3411	G	14	0	3373	22.0038541357842
A_MP	265	3419	G	6	0	3399	22.8837893498088
A_MP	266	3409	A	16	0	3398	23.8840494408476
A_MP	267	3418	T	7	0	3377	23.1134142730234
A_MP	268	3042	C	383	0	3018	24.0934393638171
A_MP	269	3396	C	29	0	3356	19.7145411203814
A_MP	270	3341	A	84	0	3319	17.905995781862
A_MP	271	3399	A	26	0	3386	19.9722386296515
A_MP	272	3398	A	27	0	3366	25.3045157456922
A_MP	273	3398	T	27	0	3335	26.2
A_MP	274	3397	A	28	0	3367	25.4419364419364
A_MP	275	3401	A	24	0	3311	23.9589247961341
A_MP	276	3401	C	24	0	3355	23.4342771982116
A_MP	277	3415	A	10	0	3389	23.3307760401298
A_MP	278	3414	T	11	0	3398	23.5453207769276
A_MP	279	3406	G	19	0	3398	24.5941730429664
A_MP	280	3413	G	12	0	3404	24.159518213866
A_MP	281	3412	A	13	0	3389	24.2021245205075
A_MP	282	3403	C	22	0	3368	24.1125296912114
A_MP	283	3398	A	27	0	3370	23.299703264095
A_MP	284	3405	G	20	0	3370	21.699703264095
A_MP	285	3391	A	34	0	3363	21.8233719892953
A_MP	286	3399	G	26	0	3353	21.8857739337906
A_MP	287	3404	C	21	0	3373	21.6113252297658
A_MP	288	3407	A	18	0	3379	21.878958271678
A_MP	289	3413	G	12	0	3387	22.1136699143785
A_MP	290	3395	T	30	0	3361	23.1603689378161
A_MP	291	3409	T	16	0	3380	23.7062130177515
A_MP	292	3400	A	25	0	3366	24.5570409982175
A_MP	293	3408	A	16	0	3375	25.5031111111111
A_MP	294	3404	A	19	0	3316	24.6206272617612
A_MP	295	3408	C	15	0	3395	23.0503681885125
A_MP	296	3395	T	28	0	3352	22.9418257756563
A_MP	297	3383	G	40	0	3337	22.5409050044951
A_MP	298	3356	T	67	0	3291	23.7642054086904
A_MP	299	3341	A	82	0	3289	24.2660383095166
A_MP	300	3382	T	41	0	3315	23.7677224736048
A_MP	301	3294	A	129	0	3259	22.8238723534827
A_MP	302	3335	G	88	0	3304	20.84200968523
A_MP	303	3348	A	75	0	3308	21.2067714631197
A_MP	304	3402	A	21	0	3373	21.4455973910465
A_MP	305	3407	A	16	0	3393	21.7586206896552
A_MP	306	3390	G	31	0	3351	21.1387645478962
A_MP	307	3396	C	25	0	3372	21.3339264531435
A_MP	308	3148	T	273	0	3099	20.9396579541788
A_MP	309	3209	T	212	0	3131	20.4366017246886
A_MP	310	3106	A	315	0	3076	21.0058517555267
A_MP	311	3214	A	207	0	3185	17.9544740973312
A_MP	312	3185	G	236	0	3148	16.1178526048285
A_MP	313	3304	A	117	0	3271	18.0336288596759
A_MP	314	2562	G	859	0	2534	21.8464877663773
A_MP	315	3368	G	53	0	3337	19.5238237938268
A_MP	316	3387	G	34	0	3369	17.2760463045414
A_MP	317	3385	A	36	0	3369	16.3742950430395
A_MP	318	3393	G	28	0	3349	21.6016721409376
A_MP	319	3407	A	14	0	3385	23.2088626292467
A_MP	320	3407	T	14	0	3372	24.1049822064057
A_MP	321	3406	A	15	0	3380	24.5742603550296
A_MP	322	3397	A	24	0	3346	26.2958756724447
A_MP	323	3392	C	29	0	3354	25.4361955873584
A_MP	324	3405	A	15	0	3360	25.1532738095238
A_MP	325	3404	T	16	0	3377	25.0879478827362
A_MP	326	3411	T	9	0	3378	25.6645944345767
A_MP	327	3362	C	58	0	3341	26.5890451960491
A_MP	328	3401	C	19	0	3384	25.6459810874704
A_MP	329	3401	A	19	0	3379	24.5421722403078
A_MP	330	3392	T	28	0	3362	24.128494943486
A_MP	331	3328	G	92	0	3265	23.6698315467075
A_MP	332	3401	G	19	0	3348	21.8440860215054
A_MP	333	3404	G	16	0	3366	20.8547237076649
A_MP	334	3400	G	20	0	3360	21.9904761904762
A_MP	335	3364	C	56	0	3326	20.6007215874925
A_MP	336	3385	C	35	0	3335	19.7709145427286
A_MP	337	3253	A	167	0	3234	19.9220779220779
A_MP	338	3337	A	83	0	3308	21.1514510278114
A_MP	339	3284	A	136	0	3265	20.9773353751914
A_MP	340	3290	G	130	0	3266	22.3297611757502
A_MP	341	3385	A	35	0	3352	20.8066825775656
A_MP	342	3379	A	41	0	3367	20.8966438966439
A_MP	343	3379	A	40	0	3318	22.1392405063291
A_MP	344	3371	T	48	0	3311	22.8689217758985
A_MP	345	3396	A	23	0	3248	20.9430418719212
A_MP	346	3311	G	108	0	3236	19.7537082818294
A_MP	347	3304	C	115	0	3188	18.5188205771644
A_MP	348	3351	G	68	0	3209	17.1972577126831
A_MP	349	3383	C	36	0	3332	17.0576230492197
A_MP	350	3365	T	54	0	3311	17.5823014195107
A_MP	351	3410	C	9	0	3368	18.9896080760095
A_MP	352	3406	A	13	0	3356	17.7404648390942
A_MP	353	3401	G	18	0	3361	17.8143409699494
A_MP	354	3397	T	22	0	3342	20.7369838420108
A_MP	355	3402	T	17	0	3379	21.7626516720923
A_MP	356	3405	A	14	0	3363	21.6482307463574
A_MP	357	3404	T	15	0	3376	24.2043838862559
A_MP	358	3401	T	18	0	3378	24.4295441089402
A_MP	359	3379	C	40	0	3352	24.630369928401
A_MP	360	3393	T	26	0	3351	24.6583109519546
A_MP	361	3392	G	27	0	3348	24.1594982078853
A_MP	362	3381	C	38	0	3216	23.7098880597015
A_MP	363	3396	T	23	0	3366	23.4364230540701
A_MP	364	3385	G	34	0	3339	22.8014375561545
A_MP	365	3388	G	30	0	3323	21.0096298525429
A_MP	366	3368	T	50	0	3314	21.1173808086904
A_MP	367	3366	G	51	0	3333	21.6159615961596
A_MP	368	3357	C	60	0	3304	22.0139225181598
A_MP	369	3329	A	88	0	3292	22.6752733900365
A_MP	370	3353	C	64	0	3313	21.8071234530637
A_MP	371	3306	T	111	0	3266	22.2642375995101
A_MP	372	3375	T	42	0	3345	22.6992526158445
A_MP	373	3370	G	47	0	3316	22.8968636911942
A_MP	374	3355	C	62	0	3320	22.35
A_MP	375	3380	C	36	0	3320	22.3102409638554
A_MP	376	3372	A	44	0	3317	20.8525776303889
A_MP	377	3364	G	52	0	3312	20.6745169082126
A_MP	378	3356	T	60	0	3270	21.2816513761468
A_MP	379	3352	T	64	0	3321	21.6564287865101
A_MP	380	3360	G	56	0	3294	21.2653309046752
A_MP	381	3351	T	65	0	3258	22.5616942909761
A_MP	382	3352	A	64	0	3288	22.7563868613139
A_MP	383	3382	T	34	0	3312	22.4625603864734
A_MP	384	3363	G	53	0	3324	22.3754512635379
A_MP	385	3401	G	14	0	3367	21.2759132759133
A_MP	386	3400	G	15	0	3346	21.16168559474
A_MP	387	3385	C	30	0	3341	21.0350194552529
A_MP	388	3400	C	15	0	3379	21.0437999408109
A_MP	389	3390	T	25	0	3348	21.2413381123059
A_MP	390	3372	C	43	0	3347	21.9498057962354
A_MP	391	3315	A	100	0	3250	21.7716923076923
A_MP	392	3331	T	84	0	3276	22.5811965811966
A_MP	393	3393	A	22	0	3348	22.9190561529271
A_MP	394	3397	T	18	0	3356	26.099821215733
A_MP	395	3382	A	33	0	3294	25.9019429265331
A_MP	396	3383	C	32	0	3360	23.23125
A_MP	397	3386	A	29	0	3356	23.2404648390942
A_MP	398	3400	A	15	0	3299	21.4931797514398
A_MP	399	3403	C	12	0	3366	21.3339275103981
A_MP	400	3401	A	14	0	3341	20.3597725231966
A_MP	401	3372	G	43	0	3362	19.6079714455681
A_MP	402	3405	G	10	0	3393	20.622752726201
A_MP	403	3405	A	10	0	3390	21.5008849557522
A_MP	404	3397	T	18	0	3384	23.9754728132388
A_MP	405	3103	G	312	0	3042	23.5509533201841
A_MP	406	3360	G	55	0	3297	22.1510464058235
A_MP	407	3387	G	28	0	3288	20.6049270072993
A_MP	408	3399	G	16	0	3297	21.1471034273582
A_MP	409	3390	G	25	0	3326	20.032772098617
A_MP	410	3379	C	36	0	3353	19.2087682672234
A_MP	411	3375	T	40	0	3317	20.2912270123606
A_MP	412	3389	G	25	0	3305	21.5440242057489
A_MP	413	3383	T	31	0	3315	21.5858220211161
A_MP	414	3394	G	20	0	3341	21.6447171505537
A_MP	415	3376	A	37	0	3324	21.9019253910951
A_MP	416	3349	C	64	0	3312	21.9528985507246
A_MP	417	3380	C	33	0	3355	21.3824143070045
A_MP	418	3368	A	45	0	3343	20.7891115764284
A_MP	419	3388	C	25	0	3366	21.4741532976827
A_MP	420	3369	T	44	0	3301	22.4332020599818
A_MP	421	3345	G	68	0	3315	21.6325791855204
A_MP	422	3253	A	160	0	3202	20.6202373516552
A_MP	423	3353	A	59	0	3311	19.1815161582603
A_MP	424	3372	G	40	0	3324	18.8203971119134
A_MP	425	3365	T	47	0	3314	18.673808086904
A_MP	426	3384	G	28	0	3350	20.3137313432836
A_MP	427	3395	G	17	0	3335	19.7481259370315
A_MP	428	3385	T	27	0	3323	21.5362624134818
A_MP	429	3367	C	45	0	3317	22.1676213445885
A_MP	430	3366	T	45	0	3285	22.4849315068493
A_MP	431	3384	T	27	0	3324	23.2304452466907
A_MP	432	3382	A	29	0	3194	20.3387601753287
A_MP	433	3378	G	33	0	3322	19.1974714027694
A_MP	434	3389	G	22	0	3328	19.2764423076923
A_MP	435	3344	C	67	0	3220	19.4319875776398
A_MP	436	3385	C	26	0	3227	20.5162689804772
A_MP	437	3361	T	50	0	3197	20.8201438848921
A_MP	438	3334	G	77	0	3203	20.3549797065251
A_MP	439	3367	G	43	0	3244	17.5838471023428
A_MP	440	3359	T	51	0	3196	16.9928035043805
A_MP	441	3361	A	49	0	3284	16.9887332521315
A_MP	442	3319	T	91	0	3294	18.8776563448695
A_MP	443	3300	G	109	0	3216	20.1340174129353
A_MP	444	3379	T	29	0	3347	20.7457424559307
A_MP	445	3363	G	45	0	3268	21.0146878824969
A_MP	446	3363	C	45	0	3318	20.3583484026522
A_MP	447	3376	A	32	0	3340	22.3494011976048
A_MP	448	3389	A	19	0	3286	19.6110772976263
A_MP	449	3346	C	62	0	3299	19.8775386480752
A_MP	450	3389	C	19	0	3346	19.6434548714883
A_MP	451	3344	T	63	0	3307	19.026912609616
A_MP	452	3342	G	64	0	3234	23.1941867656153
A_MP	453	3372	T	34	0	3253	22.9160774669536
A_MP	454	3378	G	28	0	3323	21.9449292807704
A_MP	455	3371	A	35	0	3306	21.4655172413793
A_MP	456	3380	A	26	0	3317	21.4790473319264
A_MP	457	3380	C	26	0	3342	21.3910831837223
A_MP	458	3372	A	34	0	3294	19.1065573770492
A_MP	459	3382	G	24	0	3313	19.296408089345
A_MP	460	3323	A	83	0	3239	19.4668107440568
A_MP	461	3355	T	51	0	3239	19.8808274158691
A_MP	462	3368	T	38	0	3338	19.7591372079089
A_MP	463	3356	G	49	0	3291	20.2394408994227
A_MP	464	3333	C	72	0	3249	20.5029239766082
A_MP	465	3380	T	25	0	3330	21.2309309309309
A_MP	466	3388	G	16	0	3363	20.8807612250966
A_MP	467	3376	A	28	0	3351	22.0044762757386
A_MP	468	3371	C	33	0	3322	22.3666465984347
A_MP	469	3347	T	57	0	3317	22.8824238769973
A_MP	470	3125	C	278	0	3106	23.0969092079845
A_MP	471	3230	C	173	0	3132	22.0874840357599
A_MP	472	3373	C	30	0	3300	20.8315151515152
A_MP	473	3370	A	33	0	3302	19.8688673531193
A_MP	474	3360	G	43	0	3301	19.4241139048773
A_MP	475	3378	C	25	0	3358	20.6867182846933
A_MP	476	3374	A	29	0	3344	21.4614234449761
A_MP	477	3373	T	30	0	3314	21.5691007845504
A_MP	478	3362	A	41	0	3146	19.589319771138
A_MP	479	3364	G	39	0	3228	18.3717472118959
A_MP	480	3385	G	18	0	3323	18.3114655431839
A_MP	481	3377	T	26	0	3353	19.034297643901
A_MP	482	3375	C	28	0	3352	20.0999403341289
A_MP	483	3381	T	22	0	3331	22.8447913539478
A_MP	484	3370	C	33	0	3345	23.8795216741405
A_MP	485	3360	A	43	0	3309	23.1659111514053
A_MP	486	3362	T	41	0	3308	23.8455259975816
A_MP	487	3372	A	31	0	3301	22.0530142381097
A_MP	488	3372	G	31	0	3333	21.4266426642664
A_MP	489	3396	G	7	0	3333	21.2049204920492
A_MP	490	3391	C	12	0	3340	21.4479041916168
A_MP	491	3365	A	38	0	3347	21.9716163728712
A_MP	492	3393	A	10	0	3370	23.1774480712166
A_MP	493	3395	A	8	0	3368	25.5763064133017
A_MP	494	3378	T	25	0	3350	26.155223880597
A_MP	495	3363	G	40	0	3343	25.3437032605444
A_MP	496	3380	G	23	0	3050	22.3652459016393
A_MP	497	3384	T	19	0	3323	22.232621125489
A_MP	498	3388	G	15	0	3348	22.4435483870968
A_MP	499	3353	A	50	0	3303	23.5425370874962
A_MP	500	3355	C	48	0	3323	24.069214565152
A_MP	501	3344	A	58	0	3312	23.5395531400966
A_MP	502	3387	A	15	0	3305	22.1186081694402
A_MP	503	3381	C	21	0	3319	21.9105152154263
A_MP	504	3331	A	71	0	3298	22.1555488174651
A_MP	505	3386	A	16	0	3300	20.6587878787879
A_MP	506	3363	C	39	0	3256	21.2773341523342
A_MP	507	3389	C	13	0	3314	20.9776704888352
A_MP	508	3387	A	15	0	3368	20.7116983372922
A_MP	509	3393	A	9	0	3370	22.233234421365
A_MP	510	3389	T	13	0	3367	24.021087021087
A_MP	511	3346	C	56	0	3326	25.3406494287432
A_MP	512	3378	C	24	0	3354	23.5232558139535
A_MP	513	3371	A	31	0	3344	22.2571770334928
A_MP	514	3378	C	24	0	3337	23.0170812106683
A_MP	515	3379	T	23	0	3352	22.8075775656325
A_MP	516	3375	A	27	0	3360	23.2800595238095
A_MP	517	3386	A	16	0	3361	24.8833680452246
A_MP	518	3391	T	11	0	3344	25.6540071770335
A_MP	519	3377	A	25	0	3313	25.7609417446423
A_MP	520	3393	A	9	0	3360	25.1270833333333
A_MP	521	3384	G	16	0	3359	23.4528133373028
A_MP	522	3385	A	15	0	3336	24.8039568345324
A_MP	523	3388	C	12	0	3366	24.6942959001783
A_MP	524	3384	A	16	0	3353	23.9457202505219
A_MP	525	3376	T	24	0	3337	24.3545100389571
A_MP	526	3374	G	26	0	3354	23.4833035181872
A_MP	527	3378	A	22	0	3356	23.7303337306317
A_MP	528	3391	G	9	0	3365	22.9396731054978
A_MP	529	3381	A	19	0	3347	23.7278159545862
A_MP	530	3386	A	14	0	3341	23.7153546842263
A_MP	531	3378	C	20	0	3346	23.5552898983861
A_MP	532	3373	A	25	0	3344	23.2876794258373
A_MP	533	3371	G	27	0	3346	21.4554692169755
A_MP	534	3371	A	26	0	3339	21.6828391734052
A_MP	535	3386	A	11	0	3347	23.8168509112638
A_MP	536	3383	T	14	0	3357	23.8033958891868
A_MP	537	3364	G	32	0	3332	24.4351740696279
A_MP	538	3381	G	15	0	3360	23.9776785714286
A_MP	539	3371	T	25	0	3315	23.2509803921569
A_MP	540	3387	T	9	0	3334	23.6094781043791
A_MP	541	3376	C	20	0	3347	23.4415894831192
A_MP	542	3367	T	29	0	3302	22.0814657783162
A_MP	543	3351	G	45	0	3300	22.0145454545455
A_MP	544	3351	G	45	0	3307	21.7378288478984
A_MP	545	3341	C	55	0	3293	22.0616459155785
A_MP	546	3343	C	53	0	3279	21.974077462641
A_MP	547	3344	A	52	0	3297	21.8683651804671
A_MP	548	3332	G	64	0	3260	21.1134969325153
A_MP	549	3356	C	40	0	3322	21.3744732089103
A_MP	550	3346	A	50	0	3289	21.7832167832168
A_MP	551	3366	C	30	0	3321	21.843721770551
A_MP	552	3327	T	69	0	3228	22.115551425031
A_MP	553	3356	A	40	0	3285	21.3488584474886
A_MP	554	3358	C	38	0	3312	21.2756642512077
A_MP	555	3369	A	27	0	3311	21.0090607067351
A_MP	556	3365	G	31	0	3308	20.9848851269649
A_MP	557	3372	C	24	0	3348	21.6827956989247
A_MP	558	3356	T	40	0	3271	21.9905227759095
A_MP	559	3324	A	72	0	3255	22.5407066052227
A_MP	560	3374	A	22	0	3330	23.4933933933934
A_MP	561	3354	G	42	0	3311	21.9891271519178
A_MP	562	3375	G	21	0	3353	22.9182821354011
A_MP	563	3370	C	26	0	3348	22.1382915173238
A_MP	564	3364	T	32	0	3315	22.6582202111614
A_MP	565	3357	A	39	0	3309	23.014505893019
A_MP	566	3366	T	30	0	3326	22.8713168971738
A_MP	567	3350	G	46	0	3321	22.8584763625414
A_MP	568	3386	G	10	0	3357	21.9145070002979
A_MP	569	3322	A	74	0	3267	21.5093357820631
A_MP	570	3382	G	13	0	3322	21.2203491872366
A_MP	571	3383	C	12	0	3353	21.0450342976439
A_MP	572	3337	A	57	0	3319	21.1235311840916
A_MP	573	3387	A	7	0	3363	22.297353553375
A_MP	574	3381	A	13	0	3336	24.4655275779376
A_MP	575	3375	T	19	0	3360	25.1720238095238
A_MP	576	3372	G	22	0	3352	25.5211813842482
A_MP	577	3378	G	16	0	3353	24.4223083805547
A_MP	578	3372	C	22	0	3339	24.4977538185085
A_MP	579	3382	T	11	0	3358	24.5881477069684
A_MP	580	3323	G	70	0	3302	25.0090854027862
A_MP	581	3388	G	5	0	3362	23.4298036882808
A_MP	582	3385	A	8	0	3370	23.2409495548961
A_MP	583	3381	T	12	0	3318	24.1289933694997
A_MP	584	3379	C	14	0	3324	23.1028880866426
A_MP	585	2961	G	431	0	2802	16.0967166309779
A_MP	586	3353	A	39	0	3271	14.8135126872516
A_MP	587	3350	G	42	0	3331	15.0864605223657
A_MP	588	3301	T	91	0	3264	16.0830269607843
A_MP	589	3375	G	17	0	3343	19.9760693987436
A_MP	590	3354	A	38	0	3312	21.7723429951691
A_MP	591	3337	G	55	0	3300	21.8548484848485
A_MP	592	3344	C	48	0	3300	21.9872727272727
A_MP	593	3325	A	67	0	3285	22.2727549467275
A_MP	594	3343	A	49	0	3298	23.0770163735597
A_MP	595	3332	G	60	0	3287	21.1396410100396
A_MP	596	3341	C	51	0	3321	21.6681722372779
A_MP	597	3363	A	29	0	3303	20.8477141992128
A_MP	598	3371	G	21	0	3295	19.6239757207891
A_MP	599	3371	C	21	0	3346	20.49252839211
A_MP	600	3355	A	37	0	3309	19.4687216681777
A_MP	601	3348	G	44	0	3321	18.5239385727191
A_MP	602	3364	A	27	0	3264	17.8483455882353
A_MP	603	3300	G	91	0	3212	19.5457658779577
A_MP	604	3373	G	18	0	3337	19.2930776146239
A_MP	605	3360	C	31	0	3328	18.2445913461538
A_MP	606	3379	C	12	0	3338	18.7792091072499
A_MP	607	3375	A	16	0	3340	21.0664670658683
A_MP	608	3370	T	21	0	3332	21.9105642256903
A_MP	609	3332	G	59	0	3313	22.9535164503471
A_MP	610	3337	G	54	0	3331	22.7445211648154
A_MP	611	3341	A	49	0	3318	22.4391199517782
A_MP	612	3358	G	32	0	3335	22.3472263868066
A_MP	613	3375	G	15	0	3305	21.5376701966717
A_MP	614	3368	T	22	0	3305	19.5143721633888
A_MP	615	3362	T	28	0	3338	21.0446375074895
A_MP	616	3344	G	44	0	3189	21.5123863280025
A_MP	617	3350	C	38	0	3289	22.22955305564
A_MP	618	3351	T	37	0	3303	21.3424159854678
A_MP	619	3364	A	23	0	3285	19.9607305936073
A_MP	620	3365	G	21	0	3258	20.706875383671
A_MP	621	3373	T	13	0	3346	21.1993424985057
A_MP	622	3368	C	18	0	3311	21.9707037148898
A_MP	623	3369	A	17	0	3302	20.7056329497274
A_MP	624	3329	G	57	0	3298	21.0078835657975
A_MP	625	3371	G	14	0	3334	21.4721055788842
A_MP	626	3348	C	37	0	3306	21.5617059891107
A_MP	627	3366	C	18	0	3320	22.3280120481928
A_MP	628	3366	A	18	0	3302	22.1041792852816
A_MP	629	3351	G	33	0	3311	21.9915433403805
A_MP	630	3370	G	14	0	3336	21.9403477218225
A_MP	631	3369	C	15	0	3346	22.2638971906754
A_MP	632	3331	A	53	0	3312	23.4070048309179
A_MP	633	3368	A	15	0	3333	24.8856885688569
A_MP	634	3366	A	17	0	3326	26.1031268791341
A_MP	635	3347	T	36	0	3325	26.7058646616541
A_MP	636	3347	G	36	0	3322	26.4175195665262
A_MP	637	3324	G	59	0	3292	24.3438639125152
A_MP	638	3328	T	53	0	3306	23.79703569268
A_MP	639	3348	G	33	0	3309	24.2523420973104
A_MP	640	3343	C	38	0	3306	23.3055051421658
A_MP	641	3340	A	41	0	3294	22.3582270795386
A_MP	642	3358	G	23	0	3304	21.9004237288136
A_MP	643	3366	G	15	0	3346	21.7074118350269
A_MP	644	3356	C	24	0	3312	21.8855676328502
A_MP	645	3333	A	47	0	3311	22.7417698580489
A_MP	646	3347	A	32	0	3288	24.2433090024331
A_MP	647	3341	T	38	0	3304	24.8495762711864
A_MP	648	3217	G	162	0	3176	23.3794080604534
A_MP	649	3229	A	150	0	3170	22.5239747634069
A_MP	650	3343	G	36	0	3318	21.5156720916215
A_MP	651	3297	A	81	0	3213	23.693432928727
A_MP	652	3347	G	30	0	3279	29.7038731320525
A_MP	653	3337	T	39	0	3245	20.3972265023112
A_MP	654	3340	T	36	0	3282	20.9082876294942
A_MP	655	3273	A	103	0	3159	20.1601772712884
A_MP	656	3350	T	26	0	3188	21.0285445420326
A_MP	657	3356	T	20	0	3322	20.4223359422035
A_MP	658	3304	G	69	0	3201	19.0328022492971
A_MP	659	3345	G	28	0	3329	18.9059777711024
A_MP	660	3360	G	13	0	3338	19.9874176153385
A_MP	661	3361	A	12	0	3339	20.9991015274034
A_MP	662	3340	C	33	0	3308	22.7376058041112
A_MP	663	3318	T	55	0	3274	23.2648136835675
A_MP	664	3354	C	19	0	3318	23.3978300180832
A_MP	665	3360	A	13	0	3321	22.3444745558567
A_MP	666	3352	T	21	0	3332	22.4522809123649
A_MP	667	3168	C	205	0	3127	24.4384393987848
A_MP	668	3351	C	22	0	3299	20.5207638678387
A_MP	669	3309	T	63	0	3141	17.8430436166826
A_MP	670	3348	A	24	0	3221	18.9385284073269
A_MP	671	3343	G	29	0	3305	19.3279878971256
A_MP	672	3341	C	31	0	3301	19.2820357467434
A_MP	673	3323	T	48	0	3292	21.8964155528554
A_MP	674	3159	C	211	0	3135	24.2851674641148
A_MP	675	3355	C	13	0	3309	20.4378966455122
A_MP	676	3346	A	21	0	3275	18.2946564885496
A_MP	677	3341	G	26	0	3308	19.4972793228537
A_MP	678	3354	T	13	0	3329	21.9191949534395
A_MP	679	3334	G	30	0	3313	23.2985209779656
A_MP	680	3321	C	41	0	3297	24.9093114952988
A_MP	681	3342	T	19	0	3317	25.1073258968948
A_MP	682	3327	G	34	0	3292	24.2496962332928
A_MP	683	3341	G	20	0	3294	22.8922282938676
A_MP	684	3333	T	28	0	3305	23.1467473524962
A_MP	685	3325	C	36	0	3297	23.3017895056112
A_MP	686	3260	T	100	0	3179	20.1119849009122
A_MP	687	2568	A	792	0	2503	20.2117459049141
A_MP	688	3041	A	319	0	3003	21.4955044955045
A_MP	689	3290	A	70	0	3227	21.5974589401921
A_MP	690	3335	A	25	0	3310	25.4628398791541
A_MP	691	3329	A	31	0	3281	25.2733922584578
A_MP	692	3309	A	48	0	3244	24.5092478421702
A_MP	693	3297	T	60	0	3248	23.7108990147783
A_MP	694	3322	G	35	0	3262	23.1109748620478
A_MP	695	3329	A	28	0	3290	23.3525835866261
A_MP	696	3307	T	50	0	3270	23.7706422018349
A_MP	697	3317	C	40	0	3291	23.6113643269523
A_MP	698	3317	T	40	0	3293	24.1378682052839
A_MP	699	3337	T	20	0	3312	25.6225845410628
A_MP	700	3336	C	21	0	3314	25.9649969824985
A_MP	701	3281	T	75	0	3249	26.1874422899354
A_MP	702	3328	T	27	0	3296	26.0837378640777
A_MP	703	3331	G	24	0	3303	24.9881925522253
A_MP	704	3268	A	87	0	3226	24.9370737755735
A_MP	705	3295	A	59	0	3247	24.0311056359717
A_MP	706	3324	A	30	0	3283	25.9981724032897
A_MP	707	3318	A	34	0	3277	27.65090021361
A_MP	708	3284	T	66	0	3235	25.5854714064915
A_MP	709	3337	T	13	0	3294	26.884335154827
A_MP	710	3340	T	10	0	3320	26.8207831325301
A_MP	711	3342	G	23	0	3278	25.5539963392312
A_MP	712	3326	C	39	0	3251	24.8049830821286
A_MP	713	3316	A	49	0	3198	21.4515322076298
A_MP	714	3313	G	52	0	3229	20.0591514400743
A_MP	715	3349	G	16	0	3282	19.6624009750152
A_MP	716	3295	C	70	0	3225	19.7990697674419
A_MP	717	3351	C	14	0	3300	20.3221212121212
A_MP	718	3345	T	21	0	3315	21.1740573152338
A_MP	719	3351	A	15	0	3325	23.3178947368421
A_MP	720	3359	T	7	0	3328	24.6478365384615
A_MP	721	3339	C	27	0	3328	25.9008413461538
A_MP	722	3265	A	101	0	3236	23.1199011124845
A_MP	723	3322	G	43	0	3290	21.9009118541033
A_MP	724	3331	A	34	0	3304	21.8271791767554
A_MP	725	3360	A	5	0	3338	22.8981426003595
A_MP	726	3356	A	9	0	3220	24.5950310559006
A_MP	727	3350	C	13	0	3302	22.1244700181708
A_MP	728	3343	G	18	0	3040	19.1921052631579
A_MP	729	3338	A	23	0	3033	18.9406528189911
A_MP	730	3344	A	17	0	3308	18.4897218863362
A_MP	731	3334	T	27	0	3299	19.5826007881176
A_MP	732	2654	G	707	0	2509	20.8963730569948
A_MP	733	3146	G	212	0	3075	20.9424390243902
A_MP	734	3317	G	32	0	3110	19.5588424437299
A_MP	735	3313	G	35	0	3230	19.909907120743
A_MP	736	3303	G	45	0	3258	19.1909146715777
A_MP	737	3302	T	46	0	3276	18.53663003663
A_MP	738	3322	G	25	0	3293	19.973276647434
A_MP	739	3306	C	41	0	3266	21.0621555419473
A_MP	740	3322	A	25	0	3270	21.3366972477064
A_MP	741	3333	G	14	0	3310	20.2534743202417
A_MP	742	3325	A	22	0	3293	21.2022471910112
A_MP	743	3335	T	12	0	3313	22.4271053425898
A_MP	744	3315	G	31	0	3264	22.2285539215686
A_MP	745	3313	C	33	0	3277	23.7650289899298
A_MP	746	3271	A	75	0	3249	23.7947060634041
A_MP	747	3317	A	27	0	3106	20.9626529298133
A_MP	748	3323	C	21	0	3267	19.7817569635751
A_MP	749	3241	G	103	0	3166	17.9412507896399
A_MP	750	3276	A	68	0	3186	17.1421845574388
A_MP	751	3318	T	25	0	3257	18.5124347559103
A_MP	752	3332	T	11	0	3268	20.2120563035496
A_MP	753	3299	C	44	0	3264	21.6890318627451
A_MP	754	3205	A	137	0	3155	20.6427892234548
A_MP	755	3267	A	75	0	3223	19.5910642258765
A_MP	756	3307	G	34	0	3236	18.7252781211372
A_MP	757	3288	T	51	0	3196	21.7509386733417
A_MP	758	3320	G	19	0	3297	22.7734303912648
A_MP	759	3324	A	15	0	3263	23.0747778118296
A_MP	760	3240	C	98	0	3171	23.0567644276254
A_MP	761	3321	C	17	0	3303	21.860429912201
A_MP	762	3264	C	74	0	3235	20.4145285935085
A_MP	763	3252	T	86	0	3210	20.9922118380062
A_MP	764	3311	C	27	0	3286	21.5593426658551
A_MP	765	3226	T	112	0	3200	23.018125
A_MP	766	3261	T	77	0	3230	24.3696594427245
A_MP	767	3256	G	82	0	3217	23.8004351880634
A_MP	768	3327	T	11	0	3286	24.5276932440657
A_MP	769	3330	T	8	0	3299	24.7726583813277
A_MP	770	3324	G	13	0	3275	24.3480916030534
A_MP	771	3316	T	21	0	3273	25.4240757714635
A_MP	772	3321	T	16	0	3309	25.5663342399516
A_MP	773	3304	G	32	0	3248	23.0113916256158
A_MP	774	3269	C	67	0	3235	23.6491499227202
A_MP	775	3276	C	59	0	3175	21.2047244094488
A_MP	776	3265	G	70	0	3126	18.924824056302
A_MP	777	3274	C	61	0	3157	18.8926195755464
A_MP	778	3013	G	320	0	2894	16.9585348997927
A_MP	779	3250	A	83	0	3198	16.1360225140713
A_MP	780	3287	G	46	0	3208	16.0988154613466
A_MP	781	3311	T	22	0	3236	16.9032756489493
A_MP	782	3311	A	20	0	3274	19.836285888821
A_MP	783	3311	T	19	0	3285	21.5068493150685
A_MP	784	3292	C	38	0	3253	24.2001229634184
A_MP	785	3122	A	207	0	3052	20.6828309305374
A_MP	786	3295	T	34	0	3047	20.6557269445356
A_MP	787	3312	T	16	0	3282	20.3644119439366
A_MP	788	3238	G	90	0	3145	17.6130365659777
A_MP	789	3303	G	23	0	3282	18.8025594149909
A_MP	790	3321	G	5	0	3310	20.2743202416918
A_MP	791	3319	A	6	0	3308	21.7487908101572
A_MP	792	3304	T	21	0	3278	24.124466137889
A_MP	793	3288	C	37	0	3259	25.0187173979748
A_MP	794	3243	T	81	0	3214	26.0479153702551
A_MP	795	3292	T	30	0	3261	25.7325973627722
A_MP	796	3262	G	60	0	3230	24.6213622291022
A_MP	797	3261	C	60	0	3219	24.8977943460702
A_MP	798	3263	A	58	0	3220	23.6872670807453
A_MP	799	3278	C	42	0	3241	21.8741129281086
A_MP	800	3248	T	71	0	3200	22.3184375
A_MP	801	3294	T	24	0	3256	22.7727272727273
A_MP	802	3300	G	18	0	3282	23.1234003656307
A_MP	803	3291	A	24	0	3256	24.2189803439803
A_MP	804	3287	T	28	0	3268	24.3007955936353
A_MP	805	3276	A	38	0	3232	23.5736386138614
A_MP	806	3286	T	25	0	3242	23.4851943244911
A_MP	807	3273	T	38	0	3250	24.4667692307692
A_MP	808	3263	G	48	0	3226	23.6856788592684
A_MP	809	3293	T	18	0	3256	23.9459459459459
A_MP	810	3239	G	69	0	3188	24.090652446675
A_MP	811	3293	G	15	0	3267	22.9660238751148
A_MP	812	3266	A	42	0	3239	24.0095708552022
A_MP	813	3289	T	17	0	3264	24.0845588235294
A_MP	814	3284	T	22	0	3256	25.5976658476658
A_MP	815	3261	C	45	0	3213	26.4204793028322
A_MP	816	3231	T	75	0	3179	27.2330921673482
A_MP	817	3295	T	11	0	3269	26.1251147139798
A_MP	818	3304	G	2	0	3272	25.4975550122249
A_MP	819	3293	A	13	0	3260	26.2960122699387
A_MP	820	3289	T	17	0	3272	26.2762836185819
A_MP	821	3285	C	21	0	3275	25.9380152671756
A_MP	822	3284	A	22	0	3246	24.4229821318546
A_MP	823	3265	T	41	0	3253	25.0258223178604
A_MP	824	3272	C	34	0	3258	24.8489871086556
A_MP	825	1987	T	1318	0	1963	25.2307692307692
A_MP	826	2611	T	693	0	2578	25.5861132660978
A_MP	827	3187	T	117	0	3175	28.0699212598425
A_MP	828	3276	T	28	0	3266	29.3037354562156
A_MP	829	3294	T	10	0	3278	32.738255033557
A_MP	830	3288	T	16	0	3270	31.3544342507645
A_MP	831	3278	T	26	0	3205	29.2458658346334
A_MP	832	3270	C	34	0	3224	28.2980769230769
A_MP	833	3262	A	41	0	3221	25.4964296802235
A_MP	834	3269	A	34	0	3241	23.9315026226473
A_MP	835	3270	A	33	0	3233	25.2378595731519
A_MP	836	3270	T	33	0	3246	26.064078866297
A_MP	837	3280	G	22	0	3217	25.1663040099472
A_MP	838	3279	C	23	0	3250	23.9264615384615
A_MP	839	3274	A	28	0	3231	23.2915506035283
A_MP	840	3259	T	43	0	3229	23.487457417157
A_MP	841	3288	T	13	0	3263	25.4790070487282
A_MP	842	3289	T	12	0	3275	26.4488549618321
A_MP	843	3288	A	12	0	3237	27.6533827618165
A_MP	844	3284	T	16	0	3259	27.1380791653882
A_MP	845	3217	C	81	0	3188	25.1210790464241
A_MP	846	3202	G	96	0	3093	20.6673132880698
A_MP	847	3265	C	33	0	3221	19.3548587395219
A_MP	848	3232	T	66	0	3193	19.4732226746007
A_MP	849	3229	T	69	0	3166	20.7924826279217
A_MP	850	3258	C	39	0	3217	24.8287224121853
A_MP	851	3211	T	86	0	3181	25.2524363407733
A_MP	852	3272	T	23	0	3238	25.5071031500927
A_MP	853	3275	T	19	0	3197	25.2815139192993
A_MP	854	3257	A	37	0	3212	25.2674346201743
A_MP	855	3274	A	20	0	3249	24.6632810095414
A_MP	856	3263	A	28	0	3208	23.5829177057357
A_MP	857	3267	C	22	0	3223	24.4834005584859
A_MP	858	3274	A	14	0	3244	23.7817509247842
A_MP	859	3270	C	16	0	3240	22.6987654320988
A_MP	860	3266	G	19	0	3213	20.6380329909742
A_MP	861	3277	G	6	0	3250	20.6123076923077
A_MP	862	3269	T	10	0	3251	20.534604737004
A_MP	863	3260	C	18	0	3219	21.5995650823237
A_MP	864	3258	T	20	0	3214	22.1854387056627
A_MP	865	3238	G	40	0	3215	21.9813374805599
A_MP	866	2850	A	427	0	2812	22.448079658606
A_MP	867	3199	A	77	0	3165	21.7785150078989
A_MP	868	3180	A	95	0	3157	22.0807728856509
A_MP	869	2932	A	339	0	2897	18.4062823610632
A_MP	870	2870	G	396	0	2817	19.8842740504082
A_MP	871	3151	A	111	0	3063	17.6059418870388
A_MP	872	3127	G	133	0	3101	16.7797484682361
A_MP	873	3234	G	24	0	3220	16.2086956521739
A_MP	874	3224	G	31	0	3193	19.2067021609771
A_MP	875	3214	C	37	0	3192	18.6152882205514
A_MP	876	3198	C	44	0	3167	20.2143984843701
A_MP	877	3169	T	68	0	3141	20.9754855141675
A_MP	878	3190	T	26	0	3150	23.3368253968254
A_MP	879	1768	C	35	0	1736	22.6970046082949
A_MP	880	1681	T	121	0	1645	21.6121580547112
A_MP	881	1697	A	100	0	1658	20.0844390832328
A_MP	882	1703	C	94	0	1669	18.9796285200719
A_MP	883	1733	G	63	0	1694	17.7225501770956
A_MP	884	1769	G	27	0	1751	17.9645916619075
A_MP	885	1753	A	43	0	1734	18.7727797001153
A_MP	886	1759	A	36	0	1742	21.0304247990815
A_MP	887	1712	G	82	0	1693	21.0720614294152
A_MP	888	1713	G	80	0	1621	19.628624305984
A_MP	889	1653	A	139	0	1600	18.06
A_MP	890	1768	G	24	0	1663	17.6524353577871
A_MP	891	1755	T	36	0	1706	17.0041031652989
A_MP	892	1735	A	55	0	1614	17.9993804213135
A_MP	893	1636	C	154	0	1562	18.8258642765685
A_MP	894	1743	C	45	0	1697	18.6800235710077
A_MP	895	1740	A	48	0	1653	17.6890502117362
A_MP	896	1740	G	48	0	1706	18.1172332942556
A_MP	897	1762	A	26	0	1734	18.979815455594
A_MP	898	1768	G	20	0	1716	20.7371794871795
A_MP	899	1771	T	17	0	1750	20.936
A_MP	900	1771	C	17	0	1735	21.7037463976945
A_MP	901	1754	T	34	0	1699	21.8563861094762
A_MP	902	1750	A	38	0	1690	22.8005917159763
A_MP	903	1751	T	36	0	1709	23.335283791691
A_MP	904	1750	G	37	0	1733	21.7691863819965
A_MP	905	1739	A	48	0	1700	20.7017647058824
A_MP	906	1613	G	174	0	1600	19.82375
A_MP	907	1769	G	18	0	1763	19.6857629041407
A_MP	908	1773	G	14	0	1748	19.7643020594966
A_MP	909	1770	A	17	0	1760	20.48125
A_MP	910	1781	A	6	0	1770	21.9502824858757
A_MP	911	1780	G	7	0	1762	21.016458569807
A_MP	912	1781	A	6	0	1763	22.9722064662507
A_MP	913	1778	A	9	0	1767	23.5382003395586
A_MP	914	1777	T	10	0	1755	23.6438746438746
A_MP	915	1775	A	11	0	1758	24.273606370876
A_MP	916	1769	T	17	0	1745	24.5948424068768
A_MP	917	1759	C	27	0	1714	23.7543757292882
A_MP	918	1751	G	35	0	1710	18.9976608187134
A_MP	919	1738	A	48	0	1711	19.009935710111
A_MP	920	1751	A	35	0	1707	19.2126537785589
A_MP	921	1759	A	27	0	1733	22.3012117714945
A_MP	922	1744	G	42	0	1709	22.2170860152136
A_MP	923	1761	G	23	0	1730	21.4867052023121
A_MP	924	1744	A	40	0	1724	20.9785382830626
A_MP	925	1774	A	10	0	1740	21.1798850574713
A_MP	926	1772	C	12	0	1752	21.5673515981735
A_MP	927	1772	A	12	0	1743	21.3178427997705
A_MP	928	1768	G	16	0	1753	21.0844266970907
A_MP	929	1772	C	12	0	1761	21.228847245883
A_MP	930	1747	A	37	0	1726	21.1714947856315
A_MP	931	1756	G	27	0	1749	21.8336192109777
A_MP	932	1748	A	35	0	1727	21.8650839606254
A_MP	933	1758	G	24	0	1746	21.737686139748
A_MP	934	1742	T	39	0	1725	21.4133333333333
A_MP	935	1763	G	18	0	1756	21.4595671981777
A_MP	936	1759	C	21	0	1702	22.2632197414806
A_MP	937	1735	T	45	0	1707	22.8828353837141
A_MP	938	1741	G	39	0	1720	22.8813953488372
A_MP	939	1767	T	13	0	1722	22.5331010452962
A_MP	940	1695	G	83	0	1662	22.5788206979543
A_MP	941	1769	G	6	0	1752	21.9823059360731
A_MP	942	1738	A	37	0	1726	22.3736964078795
A_MP	943	1760	T	15	0	1752	22.3350456621005
A_MP	944	1762	T	13	0	1729	23.2758820127241
A_MP	945	1762	C	13	0	1729	24.2573742047426
A_MP	946	1748	T	26	0	1710	23.9116959064327
A_MP	947	1763	G	10	0	1746	23.5893470790378
A_MP	948	1765	A	8	0	1752	24.3207762557078
A_MP	949	1767	C	6	0	1745	22.8320916905444
A_MP	950	1761	G	10	0	1730	21.928323699422
A_MP	951	1764	A	6	0	1740	21.6666666666667
A_MP	952	1762	T	8	0	1739	22.1610120759057
A_MP	953	1763	A	6	0	1711	21.7995324371712
A_MP	954	1746	G	23	0	1677	22.0453190220632
A_MP	955	1751	T	18	0	1721	21.8262638001162
A_MP	956	1748	C	20	0	1726	21.7543453070684
A_MP	957	1751	A	17	0	1732	22.0173210161663
A_MP	958	1691	T	77	0	1659	23.8553345388788
A_MP	959	1758	T	10	0	1744	24.5366972477064
A_MP	960	1765	T	2	0	1754	25.2719498289624
A_MP	961	1760	T	4	0	1744	26.4191513761468
A_MP	962	1754	G	7	0	1723	26.3847939640163
A_MP	963	1746	T	14	0	1733	25.0040392383151
A_MP	964	1745	C	12	0	1730	23.3722543352601
A_MP	965	1726	A	28	0	1699	20.883460859329
A_MP	966	1728	G	23	0	1608	19.06592039801
A_MP	967	1741	C	9	0	1720	19.4860465116279
A_MP	968	1726	A	21	0	1715	19.8349854227405
A_MP	969	1729	T	15	0	1712	20.1635514018692
A_MP	970	1725	A	15	0	1705	23.008211143695
A_MP	971	1720	G	16	0	1712	23.768691588785
A_MP	972	1718	A	17	0	1706	24.9531066822978
A_MP	973	1717	G	15	0	1703	24.3211978860834
A_MP	974	1714	C	13	0	1694	21.8996458087367
A_MP	975	1716	T	7	0	1695	21.7811209439528
A_MP	976	1639	G	79	0	1607	22.2806471686372
A_MP	977	1701	G	0	0	1697	21.5038302887448
A_MP	978	1568	A	112	0	1559	18.2873636946761
A_MP	979	1672	G	0	0	1670	17.4287425149701
A_MP	980	1664	T	0	0	1644	17.212895377129
A_MP	981	1660	A	0	0	1660	17.5367469879518
A_MP	982	1648	A	0	0	1648	22.1086165048544
