Reference_Name	Position	Coverage Depth	Consensus	Deletions	Ambiguous	Consensus_Count	Consensus_Average_Quality
A_NA_N2	1	163	A	0	0	163	20.840490797546
A_NA_N2	2	166	T	0	0	166	21.5180722891566
A_NA_N2	3	166	G	0	0	166	20.4638554216867
A_NA_N2	4	167	A	0	0	167	22.7305389221557
A_NA_N2	5	167	A	0	0	167	22.562874251497
A_NA_N2	6	165	T	2	0	163	22.3742331288344
A_NA_N2	7	154	C	13	0	154	23.6818181818182
A_NA_N2	8	169	C	1	0	166	19.1927710843373
A_NA_N2	9	169	A	1	0	168	17.9345238095238
A_NA_N2	10	171	A	0	0	171	19.6959064327485
A_NA_N2	11	171	A	0	0	170	24.0941176470588
A_NA_N2	12	171	T	0	0	169	25.3609467455621
A_NA_N2	13	171	C	0	0	171	25.6900584795322
A_NA_N2	14	163	A	10	0	161	21.0993788819876
A_NA_N2	15	171	A	2	0	170	21.0529411764706
A_NA_N2	16	173	A	0	0	173	24.7976878612717
A_NA_N2	17	173	A	0	0	172	27.4651162790698
A_NA_N2	18	173	G	0	0	173	28.0115606936416
A_NA_N2	19	171	A	2	0	170	24.2647058823529
A_NA_N2	20	169	T	4	0	169	24.4733727810651
A_NA_N2	21	171	A	2	0	170	24.7647058823529
A_NA_N2	22	174	A	0	0	171	28.2163742690058
A_NA_N2	23	174	T	0	0	171	25.9181286549708
A_NA_N2	24	174	A	0	0	173	24.4450867052023
A_NA_N2	25	174	A	0	0	172	25.9883720930233
A_NA_N2	26	174	C	0	0	171	23.280701754386
A_NA_N2	27	174	G	0	0	170	20.4176470588235
A_NA_N2	28	173	A	1	0	171	20.1345029239766
A_NA_N2	29	173	T	1	0	173	19.6820809248555
A_NA_N2	30	174	T	0	0	173	21.7109826589595
A_NA_N2	31	172	G	2	0	166	22.6927710843373
A_NA_N2	32	173	G	1	0	169	21.5029585798817
A_NA_N2	33	174	C	0	0	170	20.8823529411765
A_NA_N2	34	173	T	1	0	173	21.4046242774566
A_NA_N2	35	174	C	0	0	173	23.4104046242775
A_NA_N2	36	174	T	0	0	173	23.0867052023121
A_NA_N2	37	174	G	0	0	174	23.3793103448276
A_NA_N2	38	173	T	1	0	173	24.9306358381503
A_NA_N2	39	174	T	0	0	173	26.3699421965318
A_NA_N2	40	172	T	2	0	172	26.203488372093
A_NA_N2	41	172	C	2	0	171	28.1461988304094
A_NA_N2	42	174	T	0	0	169	26.6804733727811
A_NA_N2	43	173	C	1	0	170	30.9647058823529
A_NA_N2	44	173	T	1	0	168	50.9880952380952
A_NA_N2	45	171	C	3	0	169	34.3786982248521
A_NA_N2	46	173	A	1	0	166	20.8253012048193
A_NA_N2	47	173	C	1	0	165	21.0121212121212
A_NA_N2	48	172	A	2	0	170	20.8058823529412
A_NA_N2	49	174	A	0	0	172	20.9651162790698
A_NA_N2	50	171	T	3	0	170	22.3294117647059
A_NA_N2	51	170	T	4	0	170	26.0411764705882
A_NA_N2	52	170	T	4	0	169	25.4674556213018
A_NA_N2	53	163	C	11	0	162	27.7469135802469
A_NA_N2	54	169	C	5	0	164	23
A_NA_N2	55	171	A	3	0	168	20.5833333333333
A_NA_N2	56	174	C	0	0	166	21.0421686746988
A_NA_N2	57	173	A	1	0	172	22.7383720930233
A_NA_N2	58	171	A	3	0	167	22.8083832335329
A_NA_N2	59	171	T	3	0	170	23.1764705882353
A_NA_N2	60	174	A	0	0	172	23.5058139534884
A_NA_N2	61	171	T	3	0	171	23.2105263157895
A_NA_N2	62	169	G	5	0	164	22.1219512195122
A_NA_N2	63	168	C	6	0	164	21.25
A_NA_N2	64	168	T	6	0	166	21.1867469879518
A_NA_N2	65	172	T	2	0	169	21.5207100591716
A_NA_N2	66	172	C	2	0	171	23.1812865497076
A_NA_N2	67	171	T	3	0	168	23.7559523809524
A_NA_N2	68	170	T	4	0	167	23.9760479041916
A_NA_N2	69	171	C	3	0	170	24.9470588235294
A_NA_N2	70	171	A	3	0	162	24.9506172839506
A_NA_N2	71	173	T	1	0	169	23.7041420118343
A_NA_N2	72	173	G	1	0	166	20.921686746988
A_NA_N2	73	171	C	3	0	169	20.6745562130178
A_NA_N2	74	162	A	12	0	161	20.4285714285714
A_NA_N2	75	172	A	2	0	168	19.702380952381
A_NA_N2	76	171	A	3	0	168	20.4047619047619
A_NA_N2	77	173	T	1	0	164	20.6890243902439
A_NA_N2	78	173	T	1	0	172	21.6744186046512
A_NA_N2	79	173	G	1	0	171	19.766081871345
A_NA_N2	80	173	C	1	0	171	20.0701754385965
A_NA_N2	81	172	C	2	0	168	21.5595238095238
A_NA_N2	82	172	A	2	0	169	21.8047337278106
A_NA_N2	83	173	T	1	0	172	22.5406976744186
A_NA_N2	84	157	C	17	0	155	24.4709677419355
A_NA_N2	85	170	C	4	0	168	19.5238095238095
A_NA_N2	86	168	T	6	0	161	17.0931677018634
A_NA_N2	87	172	G	2	0	169	19.3431952662722
A_NA_N2	88	170	A	4	0	170	21.9117647058824
A_NA_N2	89	173	T	1	0	173	21.6763005780347
A_NA_N2	90	172	A	2	0	170	22.3294117647059
A_NA_N2	91	173	A	1	0	169	22.2426035502959
A_NA_N2	92	172	C	2	0	168	23.0178571428571
A_NA_N2	93	173	T	1	0	171	22.2280701754386
A_NA_N2	94	173	A	1	0	166	21.2771084337349
A_NA_N2	95	172	C	2	0	171	21.280701754386
A_NA_N2	96	170	T	4	0	168	21.9345238095238
A_NA_N2	97	170	G	4	0	166	22.1506024096386
A_NA_N2	98	171	T	3	0	167	22.7365269461078
A_NA_N2	99	171	A	3	0	170	23.1588235294118
A_NA_N2	100	171	A	3	0	168	24.0119047619048
A_NA_N2	101	171	C	3	0	169	24.4023668639053
A_NA_N2	102	171	A	3	0	171	24.0526315789474
A_NA_N2	103	173	T	1	0	172	23.2383720930233
A_NA_N2	104	174	T	0	0	174	24.0057471264368
A_NA_N2	105	174	G	0	0	171	22.2397660818713
A_NA_N2	106	174	C	0	0	172	24.9127906976744
A_NA_N2	107	173	A	1	0	172	24.8837209302326
A_NA_N2	108	173	T	1	0	171	23.9298245614035
A_NA_N2	109	173	T	1	0	172	25.75
A_NA_N2	110	172	T	2	0	170	25.5294117647059
A_NA_N2	111	172	C	2	0	169	25.6745562130178
A_NA_N2	112	168	A	6	0	167	24.2634730538922
A_NA_N2	113	172	A	2	0	171	23.1988304093567
A_NA_N2	114	172	G	2	0	168	20.9642857142857
A_NA_N2	115	172	C	2	0	167	21.940119760479
A_NA_N2	116	173	A	1	0	172	21.656976744186
A_NA_N2	117	173	A	1	0	171	21.8245614035088
A_NA_N2	118	174	T	0	0	170	24.6470588235294
A_NA_N2	119	173	A	1	0	172	24.0058139534884
A_NA_N2	120	171	T	3	0	168	25.5178571428571
A_NA_N2	121	173	G	1	0	169	21.8165680473373
A_NA_N2	122	169	A	5	0	166	21.1807228915663
A_NA_N2	123	171	A	3	0	170	20.2294117647059
A_NA_N2	124	172	T	2	0	171	20.8713450292398
A_NA_N2	125	174	T	0	0	174	21.7011494252874
A_NA_N2	126	174	C	0	0	171	23.9766081871345
A_NA_N2	127	173	A	1	0	171	20.7076023391813
A_NA_N2	128	172	A	2	0	171	19.1637426900585
A_NA_N2	129	172	C	2	0	171	21.0116959064327
A_NA_N2	130	171	T	3	0	169	21.1065088757396
A_NA_N2	131	77	C	97	0	74	20.8378378378378
A_NA_N2	132	146	C	28	0	145	21.5103448275862
A_NA_N2	133	160	C	14	0	157	21.2292993630573
A_NA_N2	134	171	C	3	0	170	22.1
A_NA_N2	135	170	C	4	0	168	21.9583333333333
A_NA_N2	136	167	C	7	0	162	21.6296296296296
A_NA_N2	137	167	A	7	0	167	20.8622754491018
A_NA_N2	138	172	A	2	0	171	23.187134502924
A_NA_N2	139	172	A	2	0	171	22.1988304093567
A_NA_N2	140	173	T	1	0	172	25.8604651162791
A_NA_N2	141	165	A	9	0	163	25.8527607361963
A_NA_N2	142	173	A	1	0	170	23.2941176470588
A_NA_N2	143	169	C	5	0	159	23.1509433962264
A_NA_N2	144	169	C	5	0	166	21.9819277108434
A_NA_N2	145	168	A	6	0	166	21.0963855421687
A_NA_N2	146	171	A	3	0	168	20.2440476190476
A_NA_N2	147	172	G	2	0	171	20.0701754385965
A_NA_N2	148	171	T	3	0	170	21.8058823529412
A_NA_N2	149	170	G	4	0	169	22.9585798816568
A_NA_N2	150	172	A	2	0	172	23.4244186046512
A_NA_N2	151	174	T	0	0	174	25.8908045977011
A_NA_N2	152	174	G	0	0	168	24.5059523809524
A_NA_N2	153	173	C	1	0	171	23.3567251461988
A_NA_N2	154	165	T	9	0	161	23.2732919254658
A_NA_N2	155	165	G	9	0	163	22.5337423312883
A_NA_N2	156	172	T	2	0	170	23.4294117647059
A_NA_N2	157	173	G	1	0	168	29.1845238095238
A_NA_N2	158	172	T	2	0	168	50.8154761904762
A_NA_N2	159	173	G	1	0	170	27.6941176470588
A_NA_N2	160	172	A	2	0	171	21.7719298245614
A_NA_N2	161	173	A	1	0	172	23.4302325581395
A_NA_N2	162	171	C	3	0	170	23.4058823529412
A_NA_N2	163	173	C	1	0	169	22.8639053254438
A_NA_N2	164	173	A	1	0	172	23.2441860465116
A_NA_N2	165	173	A	1	0	171	21.9239766081871
A_NA_N2	166	174	C	0	0	172	22.1976744186047
A_NA_N2	167	168	A	6	0	168	23.0952380952381
A_NA_N2	168	167	A	7	0	166	23.4698795180723
A_NA_N2	169	166	T	8	0	165	24.1636363636364
A_NA_N2	170	172	A	2	0	170	25.9235294117647
A_NA_N2	171	173	A	1	0	170	24.2470588235294
A_NA_N2	172	172	T	2	0	171	24.0994152046784
A_NA_N2	173	167	A	7	0	164	21.7256097560976
A_NA_N2	174	171	G	3	0	169	18.9289940828402
A_NA_N2	175	168	A	6	0	166	18.9638554216867
A_NA_N2	176	172	A	2	0	170	20.1823529411765
A_NA_N2	177	173	A	1	0	172	23.2906976744186
A_NA_N2	178	173	G	1	0	170	24.1411764705882
A_NA_N2	179	174	A	0	0	173	22.1676300578035
A_NA_N2	180	174	A	0	0	173	21.7919075144509
A_NA_N2	181	174	A	0	0	168	23.9404761904762
A_NA_N2	182	174	C	0	0	171	24.1812865497076
A_NA_N2	183	173	A	1	0	173	23.4624277456647
A_NA_N2	184	173	T	1	0	172	22.1279069767442
A_NA_N2	185	172	A	2	0	171	22.8479532163743
A_NA_N2	186	172	A	2	0	170	23.3823529411765
A_NA_N2	187	171	C	3	0	166	23.2469879518072
A_NA_N2	188	173	A	1	0	170	23.0235294117647
A_NA_N2	189	171	G	3	0	168	22.1428571428571
A_NA_N2	190	174	A	0	0	174	22.3045977011494
A_NA_N2	191	173	G	1	0	173	39.9017341040462
A_NA_N2	192	174	A	0	0	174	39.7298850574713
A_NA_N2	193	174	T	0	0	173	23.0867052023121
A_NA_N2	194	172	A	2	0	164	21.6524390243902
A_NA_N2	195	174	G	0	0	169	21.4023668639053
A_NA_N2	196	174	T	0	0	172	21.2267441860465
A_NA_N2	197	173	G	1	0	172	23.1860465116279
A_NA_N2	198	173	T	1	0	171	23.2748538011696
A_NA_N2	199	171	A	3	0	171	23.4736842105263
A_NA_N2	200	173	T	1	0	170	23.3235294117647
A_NA_N2	201	174	T	0	0	172	23.3662790697674
A_NA_N2	202	173	T	1	0	171	23.8479532163743
A_NA_N2	203	172	G	2	0	171	22.9707602339181
A_NA_N2	204	171	A	3	0	169	22.8461538461538
A_NA_N2	205	171	C	3	0	169	21.9644970414201
A_NA_N2	206	173	C	1	0	168	22.3154761904762
A_NA_N2	207	171	A	3	0	169	22.3372781065089
A_NA_N2	208	172	A	2	0	165	22.1090909090909
A_NA_N2	209	171	C	3	0	168	22.0654761904762
A_NA_N2	210	171	A	3	0	170	22.4411764705882
A_NA_N2	211	171	C	3	0	171	22.280701754386
A_NA_N2	212	173	C	1	0	171	22.4444444444444
A_NA_N2	213	172	A	2	0	171	21.9649122807018
A_NA_N2	214	172	C	2	0	166	21.3132530120482
A_NA_N2	215	174	C	0	0	170	21.2352941176471
A_NA_N2	216	172	A	2	0	170	21.6294117647059
A_NA_N2	217	172	T	2	0	169	21.0710059171598
A_NA_N2	218	153	A	21	0	153	21.078431372549
A_NA_N2	219	153	G	21	0	151	20.2119205298013
A_NA_N2	220	169	A	5	0	169	21.0295857988166
A_NA_N2	221	168	G	6	0	168	24.9345238095238
A_NA_N2	222	159	A	15	0	157	24.7070063694268
A_NA_N2	223	167	A	7	0	165	19.2787878787879
A_NA_N2	224	162	G	12	0	158	19.506329113924
A_NA_N2	225	168	G	6	0	167	18.5808383233533
A_NA_N2	226	170	A	4	0	165	17.3393939393939
A_NA_N2	227	171	A	3	0	168	19.9880952380952
A_NA_N2	228	172	A	2	0	167	22.3173652694611
A_NA_N2	229	172	T	2	0	170	23.6411764705882
A_NA_N2	230	172	A	2	0	168	25.1964285714286
A_NA_N2	231	172	T	2	0	167	26.6047904191617
A_NA_N2	232	168	G	6	0	164	21.1524390243902
A_NA_N2	233	166	C	8	0	164	20.75
A_NA_N2	234	169	C	5	0	166	20.6987951807229
A_NA_N2	235	172	C	2	0	164	20.4085365853659
A_NA_N2	236	173	C	1	0	166	23.3915662650602
A_NA_N2	237	173	A	1	0	171	22.5204678362573
A_NA_N2	238	174	A	0	0	173	23.2196531791908
A_NA_N2	239	174	A	0	0	170	23.8176470588235
A_NA_N2	240	171	C	3	0	168	24.2440476190476
A_NA_N2	241	172	C	2	0	170	23.6352941176471
A_NA_N2	242	171	A	3	0	170	22.4647058823529
A_NA_N2	243	172	G	2	0	166	20.8795180722892
A_NA_N2	244	173	C	1	0	166	21.0843373493976
A_NA_N2	245	173	A	1	0	170	20.8705882352941
A_NA_N2	246	174	G	0	0	173	20.2023121387283
A_NA_N2	247	173	A	1	0	173	21.9132947976879
A_NA_N2	248	173	A	1	0	173	22.6300578034682
A_NA_N2	249	173	T	1	0	170	23.4941176470588
A_NA_N2	250	171	A	3	0	169	24.887573964497
A_NA_N2	251	170	C	4	0	169	24
A_NA_N2	252	171	A	3	0	168	21.3452380952381
A_NA_N2	253	172	G	2	0	172	20.1453488372093
A_NA_N2	254	170	A	4	0	169	19.6686390532544
A_NA_N2	255	174	A	0	0	173	20.5491329479769
A_NA_N2	256	173	A	1	0	172	21.1046511627907
A_NA_N2	257	173	T	1	0	169	20.603550295858
A_NA_N2	258	174	T	0	0	173	22.5606936416185
A_NA_N2	259	172	G	2	0	170	21.8058823529412
A_NA_N2	260	174	G	0	0	170	20.7647058823529
A_NA_N2	261	174	T	0	0	170	21.8411764705882
A_NA_N2	262	173	C	1	0	171	22.9883040935673
A_NA_N2	263	164	A	10	0	162	24.2654320987654
A_NA_N2	264	174	A	0	0	174	25.1609195402299
A_NA_N2	265	174	A	0	0	174	27.3218390804598
A_NA_N2	266	174	A	0	0	172	28.7383720930233
A_NA_N2	267	170	C	4	0	169	24.4852071005917
A_NA_N2	268	173	C	1	0	170	21.1647058823529
A_NA_N2	269	172	G	2	0	161	17.8695652173913
A_NA_N2	270	173	C	1	0	170	17.8058823529412
A_NA_N2	271	173	A	1	0	170	18.1470588235294
A_NA_N2	272	173	A	1	0	168	18.9107142857143
A_NA_N2	273	172	T	2	0	171	22.2397660818713
A_NA_N2	274	172	G	2	0	170	23.0176470588235
A_NA_N2	275	173	T	1	0	173	22.3236994219653
A_NA_N2	276	173	G	1	0	172	22.5174418604651
A_NA_N2	277	173	G	1	0	170	20.5882352941176
A_NA_N2	278	173	C	1	0	172	21.8081395348837
A_NA_N2	279	173	A	1	0	171	21.4444444444444
A_NA_N2	280	173	T	1	0	171	22.1578947368421
A_NA_N2	281	171	T	3	0	170	24.6529411764706
A_NA_N2	282	168	A	6	0	163	23.7300613496933
A_NA_N2	283	168	C	6	0	164	24.5
A_NA_N2	284	173	A	1	0	168	22.2083333333333
A_NA_N2	285	174	G	0	0	171	19.625730994152
A_NA_N2	286	172	G	2	0	169	18.2544378698225
A_NA_N2	287	168	A	6	0	163	18.6257668711656
A_NA_N2	288	171	T	3	0	171	18.6140350877193
A_NA_N2	289	173	T	1	0	173	19.0693641618497
A_NA_N2	290	172	T	2	0	171	20.2923976608187
A_NA_N2	291	165	G	9	0	162	22.3024691358025
A_NA_N2	292	162	C	12	0	155	22.7032258064516
A_NA_N2	293	169	A	5	0	167	21.0119760479042
A_NA_N2	294	172	C	2	0	169	19.6272189349112
A_NA_N2	295	173	C	1	0	171	19.3391812865497
A_NA_N2	296	169	T	5	0	169	20.5443786982249
A_NA_N2	297	172	T	2	0	172	22.6337209302326
A_NA_N2	298	163	T	11	0	162	27.8333333333333
A_NA_N2	299	161	C	13	0	161	28.888198757764
A_NA_N2	300	172	T	2	0	170	26.5941176470588
A_NA_N2	301	169	C	5	0	169	30.7041420118343
A_NA_N2	302	168	T	6	0	165	25.1272727272727
A_NA_N2	303	161	A	12	0	158	19.253164556962
A_NA_N2	304	168	A	5	0	164	18.5182926829268
A_NA_N2	305	169	G	4	0	169	17.2544378698225
A_NA_N2	306	173	G	0	0	172	18.3662790697674
A_NA_N2	307	172	A	1	0	172	18.4244186046512
A_NA_N2	308	172	C	1	0	172	19.8372093023256
A_NA_N2	309	170	A	3	0	169	21.4497041420118
A_NA_N2	310	172	A	1	0	166	23.6144578313253
A_NA_N2	311	172	T	1	0	168	23.6130952380952
A_NA_N2	312	171	T	2	0	163	25.4110429447853
A_NA_N2	313	165	C	8	0	156	23.0512820512821
A_NA_N2	314	172	G	1	0	168	19.9166666666667
A_NA_N2	315	172	A	1	0	167	20.0778443113772
A_NA_N2	316	171	T	2	0	167	20.0299401197605
A_NA_N2	317	170	T	3	0	165	21.2727272727273
A_NA_N2	318	169	A	4	0	165	20.4787878787879
A_NA_N2	319	168	G	5	0	164	19.6951219512195
A_NA_N2	320	172	G	1	0	167	18.9940119760479
A_NA_N2	321	172	C	1	0	170	19
A_NA_N2	322	169	T	4	0	165	19.6
A_NA_N2	323	171	T	2	0	169	22.7278106508876
A_NA_N2	324	169	T	4	0	166	25.5903614457831
A_NA_N2	325	167	C	6	0	164	27.4329268292683
A_NA_N2	326	166	C	7	0	164	20.8353658536585
A_NA_N2	327	164	G	9	0	160	18.6375
A_NA_N2	328	171	C	2	0	165	18.9272727272727
A_NA_N2	329	170	T	3	0	169	19.0710059171598
A_NA_N2	330	168	G	5	0	168	20.7440476190476
A_NA_N2	331	170	G	3	0	165	20.6242424242424
A_NA_N2	332	171	T	2	0	170	20.8588235294118
A_NA_N2	333	167	G	6	0	164	21.6707317073171
A_NA_N2	334	173	G	0	0	168	22.0595238095238
A_NA_N2	335	173	G	0	0	170	21.8117647058824
A_NA_N2	336	173	G	0	0	171	22.859649122807
A_NA_N2	337	173	A	0	0	171	22.6783625730994
A_NA_N2	338	173	C	0	0	173	22.7861271676301
A_NA_N2	339	173	A	0	0	172	23.3488372093023
A_NA_N2	340	172	T	1	0	171	24.187134502924
A_NA_N2	341	172	C	1	0	169	25.0650887573964
A_NA_N2	342	171	T	2	0	170	22.8529411764706
A_NA_N2	343	173	G	0	0	168	22.1964285714286
A_NA_N2	344	171	G	2	0	169	21.4082840236686
A_NA_N2	345	171	G	2	0	170	20.1058823529412
A_NA_N2	346	170	T	3	0	167	20.4850299401198
A_NA_N2	347	171	G	2	0	169	21.7159763313609
A_NA_N2	348	170	A	3	0	169	23.1775147928994
A_NA_N2	349	172	C	1	0	171	23.719298245614
A_NA_N2	350	167	A	6	0	165	22.5575757575758
A_NA_N2	351	171	A	2	0	171	19.5321637426901
A_NA_N2	352	167	G	6	0	164	16.8170731707317
A_NA_N2	353	169	A	4	0	165	21.4909090909091
A_NA_N2	354	170	G	3	0	169	33.1656804733728
A_NA_N2	355	171	A	2	0	168	22.8690476190476
A_NA_N2	356	171	A	2	0	169	19.9526627218935
A_NA_N2	357	170	C	3	0	168	20.375
A_NA_N2	358	172	C	1	0	168	19.8452380952381
A_NA_N2	359	170	T	3	0	164	20.5914634146341
A_NA_N2	360	171	T	2	0	169	21.9408284023669
A_NA_N2	361	172	A	1	0	166	21.9879518072289
A_NA_N2	362	172	T	1	0	169	22.2189349112426
A_NA_N2	363	172	G	1	0	168	23.3690476190476
A_NA_N2	364	172	T	1	0	170	23.7117647058824
A_NA_N2	365	173	G	0	0	172	27.1395348837209
A_NA_N2	366	172	T	1	0	167	29.5449101796407
A_NA_N2	367	171	C	2	0	170	25.1529411764706
A_NA_N2	368	172	A	1	0	168	23.6130952380952
A_NA_N2	369	172	T	1	0	172	23.6802325581395
A_NA_N2	370	165	G	8	0	162	22.9259259259259
A_NA_N2	371	166	C	7	0	163	20.3251533742331
A_NA_N2	372	172	G	1	0	169	19.0414201183432
A_NA_N2	373	172	A	1	0	170	18.7823529411765
A_NA_N2	374	172	T	1	0	169	19.9289940828402
A_NA_N2	375	171	C	2	0	167	21.4910179640719
A_NA_N2	376	170	T	3	0	166	24.6144578313253
A_NA_N2	377	173	T	0	0	172	25.2906976744186
A_NA_N2	378	173	G	0	0	172	24.4244186046512
A_NA_N2	379	173	A	0	0	171	23.9766081871345
A_NA_N2	380	172	C	1	0	172	23.5348837209302
A_NA_N2	381	172	A	1	0	169	22.7573964497041
A_NA_N2	382	172	A	1	0	144	22.2430555555556
A_NA_N2	383	169	G	4	0	169	20.2958579881657
A_NA_N2	384	171	T	2	0	169	21.3668639053254
A_NA_N2	385	172	G	1	0	170	21.9117647058824
A_NA_N2	386	173	T	0	0	172	22
A_NA_N2	387	173	T	0	0	173	23.0751445086705
A_NA_N2	388	173	A	0	0	171	23.0409356725146
A_NA_N2	389	173	T	0	0	172	24.9476744186047
A_NA_N2	390	172	C	1	0	171	25.9239766081871
A_NA_N2	391	170	A	3	0	168	22.1428571428571
A_NA_N2	392	171	A	2	0	168	21.6964285714286
A_NA_N2	393	171	T	2	0	165	23.9818181818182
A_NA_N2	394	173	T	0	0	171	25.280701754386
A_NA_N2	395	173	T	0	0	173	24.0346820809249
A_NA_N2	396	173	G	0	0	172	23.7151162790698
A_NA_N2	397	171	C	2	0	170	23.3
A_NA_N2	398	173	C	0	0	172	22.0348837209302
A_NA_N2	399	172	C	1	0	171	21.0526315789474
A_NA_N2	400	170	T	3	0	168	21.0416666666667
A_NA_N2	401	172	T	1	0	172	22.1802325581395
A_NA_N2	402	169	G	4	0	168	23.4107142857143
A_NA_N2	403	172	G	0	0	172	22.9651162790698
A_NA_N2	404	171	A	1	0	171	23.8830409356725
A_NA_N2	405	172	C	0	0	171	23.7894736842105
A_NA_N2	406	166	A	6	0	161	18.167701863354
A_NA_N2	407	164	G	8	0	161	16.2732919254658
A_NA_N2	408	169	G	3	0	166	16.2831325301205
A_NA_N2	409	170	G	2	0	169	19.2485207100592
A_NA_N2	410	166	A	6	0	164	20.3292682926829
A_NA_N2	411	171	A	1	0	166	21.5120481927711
A_NA_N2	412	172	C	0	0	169	21.3727810650888
A_NA_N2	413	171	A	1	0	170	21.5176470588235
A_NA_N2	414	172	A	0	0	165	21.9515151515152
A_NA_N2	415	172	C	0	0	169	22.0414201183432
A_NA_N2	416	172	A	0	0	170	22.5352941176471
A_NA_N2	417	169	C	3	0	168	21.702380952381
A_NA_N2	418	171	T	1	0	171	22.8011695906433
A_NA_N2	419	172	A	0	0	171	23.7485380116959
A_NA_N2	420	171	A	1	0	171	24.5204678362573
A_NA_N2	421	171	A	1	0	169	25.2307692307692
A_NA_N2	422	170	C	2	0	169	25.0118343195266
A_NA_N2	423	172	A	0	0	171	24.5672514619883
A_NA_N2	424	172	A	0	0	170	24.1058823529412
A_NA_N2	425	170	T	2	0	166	24.6746987951807
A_NA_N2	426	170	G	2	0	168	24.9761904761905
A_NA_N2	427	172	T	0	0	171	23.9356725146199
A_NA_N2	428	172	G	0	0	172	23.2441860465116
A_NA_N2	429	172	C	0	0	172	22.7209302325581
A_NA_N2	430	172	A	0	0	172	23.703488372093
A_NA_N2	431	172	T	0	0	171	24.0994152046784
A_NA_N2	432	172	T	0	0	171	25.6842105263158
A_NA_N2	433	172	C	0	0	171	26.1461988304094
A_NA_N2	434	168	A	4	0	167	25.0239520958084
A_NA_N2	435	169	A	3	0	169	24.2011834319527
A_NA_N2	436	169	A	3	0	168	25.9345238095238
A_NA_N2	437	168	T	4	0	166	26.9939759036145
A_NA_N2	438	172	A	0	0	172	25.7093023255814
A_NA_N2	439	171	A	1	0	168	24.5119047619048
A_NA_N2	440	171	C	1	0	169	23.4970414201183
A_NA_N2	441	171	A	1	0	167	22.0359281437126
A_NA_N2	442	172	C	0	0	169	32.2958579881657
A_NA_N2	443	172	A	0	0	169	24.8994082840237
A_NA_N2	444	172	G	0	0	168	21.1071428571429
A_NA_N2	445	172	T	0	0	172	20.9767441860465
A_NA_N2	446	171	A	1	0	168	21.3869047619048
A_NA_N2	447	171	C	1	0	168	22.1369047619048
A_NA_N2	448	169	A	3	0	163	22.6134969325153
A_NA_N2	449	169	T	3	0	167	22.3952095808383
A_NA_N2	450	171	G	1	0	171	22.1637426900585
A_NA_N2	451	171	A	1	0	169	23.1656804733728
A_NA_N2	452	171	T	1	0	171	23.7543859649123
A_NA_N2	453	166	A	6	0	166	22.3192771084337
A_NA_N2	454	171	G	1	0	169	18.8224852071006
A_NA_N2	455	171	A	1	0	168	18.952380952381
A_NA_N2	456	172	A	0	0	171	19.6959064327485
A_NA_N2	457	144	C	28	0	142	20.7605633802817
A_NA_N2	458	166	C	6	0	166	21.355421686747
A_NA_N2	459	167	C	5	0	162	20.8518518518519
A_NA_N2	460	169	C	3	0	168	20.4404761904762
A_NA_N2	461	168	T	4	0	163	19.9263803680982
A_NA_N2	462	171	T	1	0	170	20.6411764705882
A_NA_N2	463	172	A	0	0	171	21.8362573099415
A_NA_N2	464	172	T	0	0	172	22.1453488372093
A_NA_N2	465	169	C	3	0	167	22.0898203592814
A_NA_N2	466	170	G	2	0	166	16.2951807228916
A_NA_N2	467	171	G	1	0	170	15.8941176470588
A_NA_N2	468	170	A	2	0	169	17.4437869822485
A_NA_N2	469	171	C	1	0	170	18.7411764705882
A_NA_N2	470	171	T	1	0	171	22.2982456140351
A_NA_N2	471	171	C	1	0	171	22.9122807017544
A_NA_N2	472	169	T	3	0	169	22.9822485207101
A_NA_N2	473	171	A	1	0	168	22.5952380952381
A_NA_N2	474	170	T	2	0	166	24.7048192771084
A_NA_N2	475	169	T	3	0	167	25.3712574850299
A_NA_N2	476	169	G	3	0	168	24.3809523809524
A_NA_N2	477	171	A	1	0	166	24.6024096385542
A_NA_N2	478	171	T	1	0	169	24.6331360946746
A_NA_N2	479	171	G	1	0	167	23.7305389221557
A_NA_N2	480	171	A	1	0	165	23.7272727272727
A_NA_N2	481	171	A	1	0	170	23.6176470588235
A_NA_N2	482	172	T	0	0	172	24.2848837209302
A_NA_N2	483	170	G	2	0	162	22.9444444444444
A_NA_N2	484	171	A	1	0	162	22.8827160493827
A_NA_N2	485	172	G	0	0	171	21.5906432748538
A_NA_N2	486	171	T	1	0	169	21.1715976331361
A_NA_N2	487	171	T	1	0	170	21.7882352941176
A_NA_N2	488	167	G	5	0	158	19.7721518987342
A_NA_N2	489	169	G	3	0	165	19.5151515151515
A_NA_N2	490	169	G	3	0	164	18.140243902439
A_NA_N2	491	170	T	2	0	169	18.1775147928994
A_NA_N2	492	171	G	1	0	169	21.1538461538462
A_NA_N2	493	170	T	2	0	168	22.3928571428571
A_NA_N2	494	171	T	1	0	171	24.5497076023392
A_NA_N2	495	169	C	3	0	168	22.9583333333333
A_NA_N2	496	169	C	3	0	168	20.8095238095238
A_NA_N2	497	165	T	7	0	165	18.1939393939394
A_NA_N2	498	172	T	0	0	172	20.953488372093
A_NA_N2	499	172	T	0	0	171	24.812865497076
A_NA_N2	500	165	C	7	0	162	25.9567901234568
A_NA_N2	501	172	C	0	0	171	22.0760233918129
A_NA_N2	502	172	A	0	0	171	20.4444444444444
A_NA_N2	503	172	T	0	0	171	22.0526315789474
A_NA_N2	504	172	C	0	0	172	24.0116279069767
A_NA_N2	505	172	T	0	0	171	22.4619883040936
A_NA_N2	506	169	G	3	0	166	21.5903614457831
A_NA_N2	507	171	G	1	0	167	20.5748502994012
A_NA_N2	508	171	G	1	0	169	20.5680473372781
A_NA_N2	509	171	G	1	0	171	22.2397660818713
A_NA_N2	510	170	A	2	0	169	23.2189349112426
A_NA_N2	511	166	C	6	0	163	23.2024539877301
A_NA_N2	512	171	C	1	0	169	22.8639053254438
A_NA_N2	513	170	A	2	0	169	23.2426035502959
A_NA_N2	514	170	A	2	0	170	23.8411764705882
A_NA_N2	515	170	G	2	0	165	22.8727272727273
A_NA_N2	516	172	C	0	0	171	23.2397660818713
A_NA_N2	517	170	A	2	0	169	22.8343195266272
A_NA_N2	518	170	A	2	0	169	20.8934911242604
A_NA_N2	519	165	G	7	0	164	20.5914634146341
A_NA_N2	520	167	T	5	0	163	21.1349693251534
A_NA_N2	521	171	G	1	0	170	22.5882352941176
A_NA_N2	522	172	T	0	0	170	25.3294117647059
A_NA_N2	523	170	G	2	0	167	27.5449101796407
A_NA_N2	524	170	C	2	0	168	22.452380952381
A_NA_N2	525	170	A	2	0	169	21.5147928994083
A_NA_N2	526	169	T	3	0	168	20.6011904761905
A_NA_N2	527	170	A	2	0	169	20.9112426035503
A_NA_N2	528	170	G	2	0	166	20.6024096385542
A_NA_N2	529	170	C	2	0	170	21.5470588235294
A_NA_N2	530	171	A	1	0	168	22.2142857142857
A_NA_N2	531	171	T	1	0	168	22.7321428571429
A_NA_N2	532	171	G	1	0	168	24.2142857142857
A_NA_N2	533	171	G	1	0	168	22.3214285714286
A_NA_N2	534	171	T	1	0	168	22.4702380952381
A_NA_N2	535	163	C	9	0	160	23.65
A_NA_N2	536	171	C	1	0	167	20.7365269461078
A_NA_N2	537	171	A	1	0	169	18.7041420118343
A_NA_N2	538	171	G	1	0	166	19.6084337349398
A_NA_N2	539	170	C	2	0	169	21.508875739645
A_NA_N2	540	168	T	4	0	167	22.6766467065868
A_NA_N2	541	172	C	0	0	170	22.8823529411765
A_NA_N2	542	167	A	5	0	165	21.4909090909091
A_NA_N2	543	169	A	3	0	162	19.5987654320988
A_NA_N2	544	171	G	1	0	168	19.7083333333333
A_NA_N2	545	171	T	1	0	168	19.8869047619048
A_NA_N2	546	171	T	1	0	168	20.5535714285714
A_NA_N2	547	171	G	1	0	167	19.7844311377245
A_NA_N2	548	171	T	1	0	169	21.1479289940828
A_NA_N2	549	169	C	3	0	166	21.4698795180723
A_NA_N2	550	170	A	2	0	168	19.6785714285714
A_NA_N2	551	171	C	1	0	166	19.8975903614458
A_NA_N2	552	171	G	1	0	168	19.202380952381
A_NA_N2	553	172	A	0	0	167	19.6526946107784
A_NA_N2	554	172	T	0	0	169	20.6449704142012
A_NA_N2	555	172	G	0	0	172	22.3081395348837
A_NA_N2	556	170	G	2	0	170	22.6470588235294
A_NA_N2	557	160	A	12	0	160	22.8
A_NA_N2	558	168	A	4	0	167	24.6766467065868
A_NA_N2	559	172	A	0	0	172	25.2732558139535
A_NA_N2	560	172	A	0	0	170	26.1058823529412
A_NA_N2	561	170	G	2	0	170	25.0117647058824
A_NA_N2	562	171	C	1	0	171	22.2923976608187
A_NA_N2	563	171	A	1	0	170	22.0117647058824
A_NA_N2	564	169	T	3	0	168	22.6428571428571
A_NA_N2	565	170	G	1	0	169	24.2307692307692
A_NA_N2	566	169	G	2	0	169	22.8579881656805
A_NA_N2	567	169	C	2	0	169	22.905325443787
A_NA_N2	568	170	T	1	0	167	23.1736526946108
A_NA_N2	569	169	G	2	0	168	23.2678571428571
A_NA_N2	570	168	C	3	0	166	23.5903614457831
A_NA_N2	571	169	A	2	0	169	23.6745562130178
A_NA_N2	572	171	T	0	0	170	23.5941176470588
A_NA_N2	573	171	G	0	0	167	24.3712574850299
A_NA_N2	574	167	T	4	0	166	25.6265060240964
A_NA_N2	575	171	T	0	0	170	26.5
A_NA_N2	576	171	T	0	0	171	25.2923976608187
A_NA_N2	577	170	G	1	0	168	25.1845238095238
A_NA_N2	578	168	T	3	0	166	25.066265060241
A_NA_N2	579	169	A	2	0	167	24.4251497005988
A_NA_N2	580	169	T	2	0	169	24.8343195266272
A_NA_N2	581	170	A	1	0	170	25.3294117647059
A_NA_N2	582	171	A	0	0	164	24.3475609756098
A_NA_N2	583	170	C	1	0	167	21.1796407185629
A_NA_N2	584	158	G	13	0	134	15.2313432835821
A_NA_N2	585	170	G	1	0	169	13.8165680473373
A_NA_N2	586	170	G	1	0	168	14.0238095238095
A_NA_N2	587	170	G	1	0	169	18.4733727810651
A_NA_N2	588	169	G	2	0	167	20.8502994011976
A_NA_N2	589	168	A	3	0	168	21.452380952381
A_NA_N2	590	169	T	2	0	166	22.6024096385542
A_NA_N2	591	170	G	1	0	170	21.8352941176471
A_NA_N2	592	171	A	0	0	170	22.5647058823529
A_NA_N2	593	171	T	0	0	166	22.9518072289157
A_NA_N2	594	152	A	19	0	150	24.04
A_NA_N2	595	163	A	8	0	163	25.7239263803681
A_NA_N2	596	169	A	2	0	167	26.5688622754491
A_NA_N2	597	169	A	2	0	169	30.2781065088757
A_NA_N2	598	168	A	3	0	166	27.6144578313253
A_NA_N2	599	169	T	2	0	167	25.6826347305389
A_NA_N2	600	171	G	0	0	168	23.5595238095238
A_NA_N2	601	170	C	1	0	167	22.2574850299401
A_NA_N2	602	169	A	2	0	167	21.9580838323353
A_NA_N2	603	170	A	1	0	159	20.8805031446541
A_NA_N2	604	169	C	2	0	168	21.0535714285714
A_NA_N2	605	170	T	1	0	170	21.0588235294118
A_NA_N2	606	166	G	5	0	164	20.7012195121951
A_NA_N2	607	166	C	5	0	165	21.830303030303
A_NA_N2	608	167	T	4	0	162	21.5617283950617
A_NA_N2	609	167	A	4	0	165	19.7030303030303
A_NA_N2	610	167	G	4	0	163	19.0920245398773
A_NA_N2	611	170	C	1	0	167	19.1916167664671
A_NA_N2	612	168	T	3	0	166	20.9457831325301
A_NA_N2	613	170	T	1	0	166	23.2168674698795
A_NA_N2	614	170	C	1	0	170	25.5058823529412
A_NA_N2	615	171	A	0	0	171	24.6608187134503
A_NA_N2	616	169	T	2	0	168	25.422619047619
A_NA_N2	617	170	T	1	0	169	26.7100591715976
A_NA_N2	618	171	T	0	0	169	26.0236686390533
A_NA_N2	619	169	A	2	0	167	25.4910179640719
A_NA_N2	620	169	C	2	0	169	24.0355029585799
A_NA_N2	621	169	A	2	0	169	23.9763313609467
A_NA_N2	622	170	A	1	0	169	23.7100591715976
A_NA_N2	623	170	T	1	0	169	24.6390532544379
A_NA_N2	624	164	G	7	0	162	24.8518518518519
A_NA_N2	625	167	G	4	0	165	23.2242424242424
A_NA_N2	626	168	G	3	0	168	22.077380952381
A_NA_N2	627	168	A	3	0	168	22.9761904761905
A_NA_N2	628	167	G	4	0	162	20.9382716049383
A_NA_N2	629	170	G	1	0	170	19.8588235294118
A_NA_N2	630	169	C	2	0	166	19
A_NA_N2	631	169	T	2	0	167	20.0479041916168
A_NA_N2	632	169	T	2	0	166	23.0481927710843
A_NA_N2	633	167	G	4	0	165	23.9212121212121
A_NA_N2	634	171	T	0	0	167	25.0419161676647
A_NA_N2	635	171	A	0	0	169	23.7159763313609
A_NA_N2	636	171	G	0	0	171	21.6783625730994
A_NA_N2	637	171	A	0	0	170	21.9470588235294
A_NA_N2	638	171	T	0	0	171	22.4502923976608
A_NA_N2	639	171	A	0	0	170	20.7411764705882
A_NA_N2	640	168	G	3	0	166	21.0903614457831
A_NA_N2	641	169	T	2	0	167	21.6347305389222
A_NA_N2	642	169	G	2	0	169	22.7159763313609
A_NA_N2	643	169	T	2	0	166	24.789156626506
A_NA_N2	644	169	T	1	0	166	26.644578313253
A_NA_N2	645	168	G	2	0	166	24.3915662650602
A_NA_N2	646	166	T	4	0	162	24.9259259259259
A_NA_N2	647	170	T	0	0	169	25.1479289940828
A_NA_N2	648	170	T	0	0	169	24.094674556213
A_NA_N2	649	167	C	3	0	166	25.7710843373494
A_NA_N2	650	168	A	2	0	165	24.8121212121212
A_NA_N2	651	168	T	2	0	166	23.9578313253012
A_NA_N2	652	169	G	1	0	167	23.6287425149701
A_NA_N2	653	170	G	0	0	168	21.9345238095238
A_NA_N2	654	170	T	0	0	169	22.1183431952663
A_NA_N2	655	159	C	11	0	158	22.3417721518987
A_NA_N2	656	169	C	1	0	167	20.0778443113772
A_NA_N2	657	168	A	2	0	167	19.2634730538922
A_NA_N2	658	168	A	2	0	166	19.1686746987952
A_NA_N2	659	167	C	3	0	163	19.5460122699387
A_NA_N2	660	167	G	3	0	162	18.641975308642
A_NA_N2	661	169	A	1	0	164	18.7317073170732
A_NA_N2	662	169	T	1	0	168	19.6785714285714
A_NA_N2	663	170	A	0	0	169	21.5266272189349
A_NA_N2	664	169	T	1	0	169	23.6272189349112
A_NA_N2	665	168	T	2	0	167	24.4850299401198
A_NA_N2	666	169	C	1	0	168	24.1607142857143
A_NA_N2	667	170	T	0	0	169	23.2958579881657
A_NA_N2	668	170	C	0	0	170	23.1823529411765
A_NA_N2	669	169	A	1	0	168	19.3511904761905
A_NA_N2	670	168	G	2	0	167	17.0838323353293
A_NA_N2	671	170	A	0	0	169	18.8224852071006
A_NA_N2	672	170	A	0	0	168	23.1904761904762
A_NA_N2	673	169	C	1	0	169	23.2662721893491
A_NA_N2	674	165	T	5	0	154	24.3896103896104
A_NA_N2	675	170	C	0	0	168	24.672619047619
A_NA_N2	676	168	A	2	0	164	20.2682926829268
A_NA_N2	677	164	G	6	0	159	19.1132075471698
A_NA_N2	678	168	G	2	0	162	19.9938271604938
A_NA_N2	679	170	A	0	0	167	18.5149700598802
A_NA_N2	680	169	G	1	0	167	19.622754491018
A_NA_N2	681	169	T	1	0	169	19.887573964497
A_NA_N2	682	170	C	0	0	168	20.8869047619048
A_NA_N2	683	169	A	1	0	168	19.7559523809524
A_NA_N2	684	166	G	4	0	166	18.6506024096386
A_NA_N2	685	169	A	1	0	169	19.3254437869822
A_NA_N2	686	170	A	0	0	167	21.0658682634731
A_NA_N2	687	169	T	1	0	167	20.9101796407186
A_NA_N2	688	166	G	4	0	165	21.4606060606061
A_NA_N2	689	165	C	5	0	160	20.275
A_NA_N2	690	166	G	4	0	166	19.2650602409639
A_NA_N2	691	166	T	4	0	163	19.3496932515337
A_NA_N2	692	168	T	2	0	167	21.0658682634731
A_NA_N2	693	168	T	2	0	167	22.8922155688623
A_NA_N2	694	167	G	3	0	164	25.0426829268293
A_NA_N2	695	168	T	2	0	167	23.7724550898204
A_NA_N2	696	168	A	2	0	165	23.8545454545455
A_NA_N2	697	168	T	2	0	168	24.1666666666667
A_NA_N2	698	167	C	3	0	166	25.5481927710843
A_NA_N2	699	168	A	2	0	168	23.6785714285714
A_NA_N2	700	167	A	3	0	164	23.1036585365854
A_NA_N2	701	166	T	4	0	164	24.5243902439024
A_NA_N2	702	167	G	3	0	164	24.6585365853659
A_NA_N2	703	170	G	0	0	169	22.9644970414201
A_NA_N2	704	169	A	1	0	167	23.2694610778443
A_NA_N2	705	168	A	2	0	167	24.3652694610778
A_NA_N2	706	168	C	2	0	166	22.9518072289157
A_NA_N2	707	163	T	7	0	158	23.4177215189873
A_NA_N2	708	167	T	3	0	164	23.1707317073171
A_NA_N2	709	167	G	3	0	164	22.4329268292683
A_NA_N2	710	166	T	4	0	159	22.9811320754717
A_NA_N2	711	166	A	4	0	157	23.9108280254777
A_NA_N2	712	167	C	3	0	165	23.5818181818182
A_NA_N2	713	165	A	5	0	160	20.8375
A_NA_N2	714	165	G	5	0	161	20.304347826087
A_NA_N2	715	166	T	4	0	163	20.4846625766871
A_NA_N2	716	169	A	1	0	162	21.0679012345679
A_NA_N2	717	169	G	1	0	165	19.8727272727273
A_NA_N2	718	169	T	1	0	165	20.4606060606061
A_NA_N2	719	169	A	1	0	168	21.6785714285714
A_NA_N2	720	169	A	1	0	168	22.6071428571429
A_NA_N2	721	169	T	1	0	167	24.2694610778443
A_NA_N2	722	169	G	1	0	167	24.4850299401198
A_NA_N2	723	169	A	1	0	168	25.0416666666667
A_NA_N2	724	170	C	0	0	165	24.8666666666667
A_NA_N2	725	170	T	0	0	168	23.9880952380952
A_NA_N2	726	170	G	0	0	168	23.5714285714286
A_NA_N2	727	169	A	1	0	167	24.377245508982
A_NA_N2	728	170	T	0	0	170	25.4176470588235
A_NA_N2	729	168	G	2	0	167	24.562874251497
A_NA_N2	730	170	G	0	0	167	22.0898203592814
A_NA_N2	731	170	A	0	0	167	21.4191616766467
A_NA_N2	732	169	A	1	0	168	22.8988095238095
A_NA_N2	733	168	A	2	0	167	26.1137724550898
A_NA_N2	734	168	T	2	0	167	24.3532934131737
A_NA_N2	735	165	G	5	0	164	26.0426829268293
A_NA_N2	736	165	C	5	0	163	25.1288343558282
A_NA_N2	737	169	T	1	0	163	23.9509202453988
A_NA_N2	738	166	A	4	0	163	22.7791411042945
A_NA_N2	739	165	C	5	0	164	23.4817073170732
A_NA_N2	740	169	A	1	0	165	20.9454545454545
A_NA_N2	741	169	G	1	0	169	20.2781065088757
A_NA_N2	742	169	G	1	0	165	19.9333333333333
A_NA_N2	743	155	A	15	0	153	19.4771241830065
A_NA_N2	744	167	A	3	0	165	23.6
A_NA_N2	745	166	A	4	0	165	25.1818181818182
A_NA_N2	746	168	A	2	0	167	26.4790419161677
A_NA_N2	747	168	G	2	0	168	24.3154761904762
A_NA_N2	748	170	C	0	0	169	22.3491124260355
A_NA_N2	749	169	T	1	0	167	21.8922155688623
A_NA_N2	750	170	G	0	0	170	22.0941176470588
A_NA_N2	751	169	A	1	0	168	24.3095238095238
A_NA_N2	752	170	T	0	0	170	24.8470588235294
A_NA_N2	753	168	A	2	0	159	23.314465408805
A_NA_N2	754	166	C	4	0	165	21.6969696969697
A_NA_N2	755	167	T	3	0	167	20.9281437125749
A_NA_N2	756	160	A	10	0	159	21.3647798742138
A_NA_N2	757	167	A	3	0	167	23.1197604790419
A_NA_N2	758	167	A	3	0	166	24.4759036144578
A_NA_N2	759	166	A	4	0	164	24.890243902439
A_NA_N2	760	167	T	3	0	166	27.3373493975904
A_NA_N2	761	168	A	2	0	161	25.0993788819876
A_NA_N2	762	168	C	2	0	167	23.2934131736527
A_NA_N2	763	169	T	1	0	169	22.2721893491124
A_NA_N2	764	170	A	0	0	167	22.4491017964072
A_NA_N2	765	168	T	1	0	168	23.8154761904762
A_NA_N2	766	168	T	1	0	167	26.4311377245509
A_NA_N2	767	166	C	3	0	163	26.4846625766871
A_NA_N2	768	166	A	3	0	162	24.2962962962963
A_NA_N2	769	168	T	1	0	163	24.5950920245399
A_NA_N2	770	168	T	1	0	168	24.5892857142857
A_NA_N2	771	167	G	2	0	167	23.6766467065868
A_NA_N2	772	168	A	1	0	166	24.4518072289157
A_NA_N2	773	163	G	6	0	162	22.7592592592593
A_NA_N2	774	162	G	7	0	161	21.6024844720497
A_NA_N2	775	160	A	9	0	157	16.6369426751592
A_NA_N2	776	122	G	47	0	117	20.9487179487179
A_NA_N2	777	161	G	8	0	159	20.7672955974843
A_NA_N2	778	168	G	1	0	167	19.3952095808383
A_NA_N2	779	168	G	1	0	167	17.6946107784431
A_NA_N2	780	166	A	3	0	163	19.1656441717791
A_NA_N2	781	169	A	0	0	169	21.4260355029586
A_NA_N2	782	169	A	0	0	167	27.2395209580838
A_NA_N2	783	169	A	0	0	169	32.1597633136095
A_NA_N2	784	168	T	1	0	167	28.3353293413174
A_NA_N2	785	167	C	1	0	165	25.2727272727273
A_NA_N2	786	167	G	1	0	156	21.4487179487179
A_NA_N2	787	168	T	0	0	162	20.7530864197531
A_NA_N2	788	168	T	0	0	165	21.4181818181818
A_NA_N2	789	164	C	4	0	158	22.7025316455696
A_NA_N2	790	167	A	1	0	163	24.1533742331288
A_NA_N2	791	168	T	0	0	167	23.5209580838323
A_NA_N2	792	167	A	1	0	165	22.9878787878788
A_NA_N2	793	166	C	2	0	165	21.7636363636364
A_NA_N2	794	168	T	0	0	165	20.8848484848485
A_NA_N2	795	165	A	3	0	161	20.8198757763975
A_NA_N2	796	164	G	4	0	159	20.3207547169811
A_NA_N2	797	165	C	3	0	162	21.0740740740741
A_NA_N2	798	158	A	10	0	158	21.6962025316456
A_NA_N2	799	165	A	3	0	163	21.3312883435583
A_NA_N2	800	166	A	2	0	163	22.4294478527607
A_NA_N2	801	166	T	2	0	155	23.3935483870968
A_NA_N2	802	167	T	1	0	165	23.8060606060606
A_NA_N2	803	167	G	1	0	165	22.7151515151515
A_NA_N2	804	165	T	3	0	164	23.1829268292683
A_NA_N2	805	163	C	5	0	160	24.975
A_NA_N2	806	160	A	8	0	156	19.1858974358974
A_NA_N2	807	160	G	8	0	158	18.3227848101266
A_NA_N2	808	163	G	5	0	162	19.1975308641975
A_NA_N2	809	164	A	4	0	164	19.3780487804878
A_NA_N2	810	165	A	3	0	162	22.6234567901235
A_NA_N2	811	166	G	2	0	163	21.9447852760736
A_NA_N2	812	167	T	1	0	165	21.1878787878788
A_NA_N2	813	166	G	2	0	162	21.3024691358025
A_NA_N2	814	165	C	3	0	163	21.5276073619632
A_NA_N2	815	164	T	4	0	162	22.641975308642
A_NA_N2	816	167	C	1	0	162	22
A_NA_N2	817	166	A	2	0	163	19.3865030674847
A_NA_N2	818	167	G	1	0	162	18.3703703703704
A_NA_N2	819	168	C	0	0	166	19.855421686747
A_NA_N2	820	168	A	0	0	164	20.1036585365854
A_NA_N2	821	166	T	2	0	164	21.3719512195122
A_NA_N2	822	166	G	2	0	164	23.890243902439
A_NA_N2	823	166	T	2	0	165	23.1575757575758
A_NA_N2	824	165	C	3	0	163	21.0674846625767
A_NA_N2	825	164	G	4	0	161	16.4968944099379
A_NA_N2	826	164	A	4	0	161	16.3913043478261
A_NA_N2	827	166	A	2	0	162	16.6543209876543
A_NA_N2	828	166	G	2	0	159	17.0377358490566
A_NA_N2	829	164	A	4	0	160	17.99375
A_NA_N2	830	166	G	2	0	163	20.920245398773
A_NA_N2	831	165	T	3	0	159	18.1446540880503
A_NA_N2	832	166	G	2	0	164	19.3414634146341
A_NA_N2	833	164	C	4	0	160	21.53125
A_NA_N2	834	166	T	2	0	165	22.2242424242424
A_NA_N2	835	167	C	1	0	165	22.0484848484848
A_NA_N2	836	166	T	2	0	164	22.5792682926829
A_NA_N2	837	168	T	0	0	167	24.3233532934132
A_NA_N2	838	165	G	3	0	162	23
A_NA_N2	839	164	C	4	0	160	22.66875
A_NA_N2	840	166	T	2	0	159	21.5471698113208
A_NA_N2	841	167	A	1	0	158	20.7025316455696
A_NA_N2	842	167	T	1	0	166	21.7951807228916
A_NA_N2	843	163	C	5	0	163	23.1840490797546
A_NA_N2	844	167	C	1	0	166	21.7349397590361
A_NA_N2	845	167	T	1	0	164	21.1036585365854
A_NA_N2	846	166	C	2	0	163	22.2331288343558
A_NA_N2	847	162	G	6	0	158	22.0569620253165
A_NA_N2	848	164	A	4	0	160	22.99375
A_NA_N2	849	166	T	2	0	163	22.4723926380368
A_NA_N2	850	167	A	1	0	165	23.9878787878788
A_NA_N2	851	167	T	1	0	165	24.8969696969697
A_NA_N2	852	163	C	5	0	161	25.4409937888199
A_NA_N2	853	168	C	0	0	167	22.0419161676647
A_NA_N2	854	167	T	1	0	161	20.888198757764
A_NA_N2	855	167	G	1	0	161	23
A_NA_N2	856	167	G	1	0	159	23.1194968553459
A_NA_N2	857	167	T	1	0	166	22.9036144578313
A_NA_N2	858	167	G	1	0	165	24.3454545454545
A_NA_N2	859	166	T	2	0	163	24.3496932515337
A_NA_N2	860	166	C	2	0	166	25.2951807228916
A_NA_N2	861	163	A	5	0	158	22.1075949367089
A_NA_N2	862	165	G	3	0	163	21.5398773006135
A_NA_N2	863	165	A	3	0	162	21.9691358024691
A_NA_N2	864	164	T	4	0	162	23.1543209876543
A_NA_N2	865	164	G	4	0	162	23.4259259259259
A_NA_N2	866	166	T	2	0	166	25.3734939759036
A_NA_N2	867	166	G	2	0	164	27.390243902439
A_NA_N2	868	168	T	0	0	165	30.1333333333333
A_NA_N2	869	167	C	1	0	164	24.719512195122
A_NA_N2	870	166	T	2	0	163	24
A_NA_N2	871	166	G	2	0	163	23.1840490797546
A_NA_N2	872	167	C	1	0	165	23.5575757575758
A_NA_N2	873	166	A	2	0	165	21.8181818181818
A_NA_N2	874	167	G	1	0	164	20.8963414634146
A_NA_N2	875	167	A	1	0	165	20.630303030303
A_NA_N2	876	167	G	1	0	164	44.969512195122
A_NA_N2	877	167	A	1	0	163	48.3374233128834
A_NA_N2	878	167	C	1	0	166	22.0361445783133
A_NA_N2	879	166	A	2	0	164	22.2073170731707
A_NA_N2	880	168	A	0	0	156	22.3012820512821
A_NA_N2	881	168	C	0	0	165	21.6363636363636
A_NA_N2	882	167	T	1	0	165	21.2545454545455
A_NA_N2	883	161	G	7	0	161	21
A_NA_N2	884	166	G	2	0	165	22.0242424242424
A_NA_N2	885	162	A	6	0	161	22.0372670807453
A_NA_N2	886	167	A	1	0	164	25.7317073170732
A_NA_N2	887	168	A	0	0	167	24.5868263473054
A_NA_N2	888	167	G	1	0	166	25.7831325301205
A_NA_N2	889	167	G	1	0	166	23.4457831325301
A_NA_N2	890	166	A	2	0	163	22.680981595092
A_NA_N2	891	166	T	2	0	164	22.8475609756098
A_NA_N2	892	142	C	26	0	139	23.9424460431655
A_NA_N2	893	167	C	1	0	162	20.2222222222222
A_NA_N2	894	166	A	2	0	164	18.0243902439024
A_NA_N2	895	167	A	1	0	162	18.6234567901235
A_NA_N2	896	166	C	2	0	159	21.9874213836478
A_NA_N2	897	167	C	1	0	155	20.9161290322581
A_NA_N2	898	166	G	2	0	155	19.2129032258065
A_NA_N2	899	166	G	2	0	162	19.9444444444444
A_NA_N2	900	162	C	6	0	158	20.8037974683544
A_NA_N2	901	164	C	4	0	162	20.6975308641975
A_NA_N2	902	167	C	1	0	163	21.2883435582822
A_NA_N2	903	167	A	1	0	167	22.4910179640719
A_NA_N2	904	167	T	1	0	166	22.4939759036145
A_NA_N2	905	166	C	2	0	166	24.789156626506
A_NA_N2	906	165	A	3	0	162	24.3827160493827
A_NA_N2	907	167	T	1	0	166	23.6084337349398
A_NA_N2	908	167	A	1	0	163	23.2453987730061
A_NA_N2	909	167	G	1	0	164	21.8780487804878
A_NA_N2	910	165	A	3	0	164	22.3170731707317
A_NA_N2	911	166	T	2	0	165	23.2363636363636
A_NA_N2	912	168	A	0	0	168	22.6011904761905
A_NA_N2	913	168	T	0	0	166	28.1144578313253
A_NA_N2	914	164	A	4	0	162	35.6111111111111
A_NA_N2	915	167	A	1	0	167	25.3712574850299
A_NA_N2	916	166	A	2	0	164	24.2743902439024
A_NA_N2	917	166	C	2	0	166	23.7289156626506
A_NA_N2	918	166	A	2	0	163	21.920245398773
A_NA_N2	919	166	T	2	0	162	21.0740740740741
A_NA_N2	920	162	A	6	0	160	21.5
A_NA_N2	921	167	A	1	0	164	23.1341463414634
A_NA_N2	922	166	A	2	0	165	20.6969696969697
A_NA_N2	923	167	G	1	0	164	24.359756097561
A_NA_N2	924	167	G	1	0	167	22.0419161676647
A_NA_N2	925	166	A	2	0	166	21.3855421686747
A_NA_N2	926	166	T	1	0	164	21.8170731707317
A_NA_N2	927	166	C	1	0	165	24.6242424242424
A_NA_N2	928	162	A	5	0	154	22.4285714285714
A_NA_N2	929	163	T	4	0	161	22.6459627329193
A_NA_N2	930	164	A	3	0	161	23.2484472049689
A_NA_N2	931	165	G	2	0	163	21.8466257668712
A_NA_N2	932	165	C	2	0	161	24.3726708074534
A_NA_N2	933	165	A	2	0	163	24.3251533742331
A_NA_N2	934	166	T	1	0	163	24.478527607362
A_NA_N2	935	166	T	1	0	164	26.0365853658537
A_NA_N2	936	165	G	2	0	162	24.1296296296296
A_NA_N2	937	166	T	1	0	163	24.8466257668712
A_NA_N2	938	165	T	2	0	164	25.4756097560976
A_NA_N2	939	165	T	2	0	164	24.5243902439024
A_NA_N2	940	151	C	16	0	150	26.42
A_NA_N2	941	163	C	4	0	163	22.2085889570552
A_NA_N2	942	162	A	5	0	158	19.7215189873418
A_NA_N2	943	164	G	3	0	160	20.54375
A_NA_N2	944	164	G	3	0	161	21.4409937888199
A_NA_N2	945	163	T	4	0	160	21.15625
A_NA_N2	946	163	A	4	0	161	22.1552795031056
A_NA_N2	947	155	T	12	0	152	23.2960526315789
A_NA_N2	948	156	G	11	0	155	23.6258064516129
A_NA_N2	949	164	T	3	0	160	24.475
A_NA_N2	950	164	G	3	0	161	30.9875776397516
A_NA_N2	951	164	T	3	0	161	63.2919254658385
A_NA_N2	952	162	G	5	0	159	69.377358490566
A_NA_N2	953	164	T	3	0	163	40.3312883435583
A_NA_N2	954	165	T	2	0	163	28.6319018404908
A_NA_N2	955	166	C	1	0	166	27.0542168674699
A_NA_N2	956	163	T	4	0	162	26.1543209876543
A_NA_N2	957	163	G	4	0	159	25.251572327044
A_NA_N2	958	165	G	2	0	164	23.8658536585366
A_NA_N2	959	163	A	4	0	162	24.7222222222222
A_NA_N2	960	164	C	3	0	160	25.76875
A_NA_N2	961	162	T	5	0	160	25.18125
A_NA_N2	962	164	T	3	0	160	26.31875
A_NA_N2	963	166	G	1	0	164	24.0243902439024
A_NA_N2	964	165	T	2	0	158	23.5379746835443
A_NA_N2	965	166	T	1	0	164	22.8841463414634
A_NA_N2	966	158	G	9	0	155	20.0387096774194
A_NA_N2	967	161	G	5	0	153	18.8039215686275
A_NA_N2	968	162	G	4	0	151	18.1986754966887
A_NA_N2	969	162	G	4	0	160	20.23125
A_NA_N2	970	151	A	15	0	146	22.0342465753425
A_NA_N2	971	153	C	13	0	149	22.6577181208054
A_NA_N2	972	163	A	3	0	161	22.3664596273292
A_NA_N2	973	159	C	7	0	157	37.3184713375796
A_NA_N2	974	159	A	7	0	154	52.2922077922078
A_NA_N2	975	149	C	17	0	147	29.4013605442177
A_NA_N2	976	158	C	8	0	150	21.0066666666667
A_NA_N2	977	160	C	6	0	155	19.9161290322581
A_NA_N2	978	158	A	8	0	157	18.6050955414013
A_NA_N2	979	162	G	4	0	161	18.472049689441
A_NA_N2	980	145	A	21	0	140	19.2357142857143
A_NA_N2	981	162	A	4	0	162	21.679012345679
A_NA_N2	982	163	A	3	0	163	21.361963190184
A_NA_N2	983	164	A	2	0	164	22.0060975609756
A_NA_N2	984	162	A	4	0	162	21.5802469135802
A_NA_N2	985	159	G	7	0	147	21.1496598639456
A_NA_N2	986	161	C	5	0	158	17.4493670886076
A_NA_N2	987	161	G	5	0	158	16.3670886075949
A_NA_N2	988	162	A	4	0	157	16.8917197452229
A_NA_N2	989	164	C	2	0	162	19.1975308641975
A_NA_N2	990	163	A	3	0	160	19.5625
A_NA_N2	991	165	G	1	0	164	19.0548780487805
A_NA_N2	992	164	C	2	0	163	20.0061349693252
A_NA_N2	993	163	T	3	0	163	20.3006134969325
A_NA_N2	994	154	C	12	0	153	21.7385620915033
A_NA_N2	995	165	C	1	0	161	20.6459627329193
A_NA_N2	996	164	A	2	0	162	18.7160493827161
A_NA_N2	997	162	G	4	0	161	19.3229813664596
A_NA_N2	998	163	C	3	0	160	21.21875
A_NA_N2	999	163	A	3	0	156	20.0961538461538
A_NA_N2	1000	164	G	2	0	162	19.7037037037037
A_NA_N2	1001	164	T	2	0	163	20.0613496932515
A_NA_N2	1002	164	A	2	0	160	20.7125
A_NA_N2	1003	163	G	3	0	154	19.3636363636364
A_NA_N2	1004	161	C	5	0	158	19.0632911392405
A_NA_N2	1005	162	C	4	0	161	19.3975155279503
A_NA_N2	1006	163	A	3	0	162	19.0617283950617
A_NA_N2	1007	162	T	4	0	154	22.987012987013
A_NA_N2	1008	163	T	3	0	162	24.4382716049383
A_NA_N2	1009	162	G	4	0	162	24.6728395061728
A_NA_N2	1010	160	T	6	0	154	25.5064935064935
A_NA_N2	1011	164	T	2	0	163	26.2638036809816
A_NA_N2	1012	164	T	2	0	160	25.5125
A_NA_N2	1013	164	G	2	0	163	24.8466257668712
A_NA_N2	1014	165	A	1	0	164	23.7439024390244
A_NA_N2	1015	165	A	1	0	165	22.6484848484848
A_NA_N2	1016	147	C	19	0	145	23.7103448275862
A_NA_N2	1017	162	C	4	0	161	22.4409937888199
A_NA_N2	1018	164	C	2	0	163	18.558282208589
A_NA_N2	1019	163	T	3	0	159	19.1635220125786
A_NA_N2	1020	164	A	1	0	163	21.7300613496933
A_NA_N2	1021	164	A	1	0	163	21.601226993865
A_NA_N2	1022	164	C	1	0	164	24.0609756097561
A_NA_N2	1023	163	A	2	0	162	25.5432098765432
A_NA_N2	1024	163	A	2	0	159	26.0251572327044
A_NA_N2	1025	162	T	3	0	160	24.9375
A_NA_N2	1026	164	G	1	0	160	23.48125
A_NA_N2	1027	138	A	27	0	136	24.0882352941176
A_NA_N2	1028	162	A	3	0	162	23.2222222222222
A_NA_N2	1029	163	A	2	0	163	26.4846625766871
A_NA_N2	1030	163	A	2	0	163	34.9754601226994
A_NA_N2	1031	163	A	2	0	162	29.1481481481481
A_NA_N2	1032	161	G	4	0	161	29.2111801242236
A_NA_N2	1033	162	G	3	0	161	22.3975155279503
A_NA_N2	1034	162	T	3	0	161	21.2981366459627
A_NA_N2	1035	164	G	1	0	164	21.8536585365854
A_NA_N2	1036	164	A	1	0	157	22.6751592356688
A_NA_N2	1037	165	T	0	0	164	24.5
A_NA_N2	1038	164	C	1	0	161	24.695652173913
A_NA_N2	1039	165	A	0	0	159	23.3396226415094
A_NA_N2	1040	164	T	1	0	161	24.0248447204969
A_NA_N2	1041	164	G	1	0	163	24.4601226993865
A_NA_N2	1042	165	G	0	0	165	23.3151515151515
A_NA_N2	1043	156	A	9	0	156	20.2179487179487
A_NA_N2	1044	163	G	2	0	163	19.7239263803681
A_NA_N2	1045	159	T	6	0	159	19.3522012578616
A_NA_N2	1046	161	G	4	0	161	18.9937888198758
A_NA_N2	1047	156	A	9	0	156	23.275641025641
A_NA_N2	1048	158	A	7	0	157	22.5923566878981
A_NA_N2	1049	158	A	7	0	157	21.5031847133758
A_NA_N2	1050	161	G	4	0	161	23.9627329192547
A_NA_N2	1051	165	G	0	0	164	23.1158536585366
A_NA_N2	1052	165	C	0	0	164	22.109756097561
A_NA_N2	1053	164	T	1	0	163	22.2453987730061
A_NA_N2	1054	163	G	2	0	161	24.9813664596273
A_NA_N2	1055	164	G	1	0	163	23.638036809816
A_NA_N2	1056	164	G	1	0	162	22.6728395061728
A_NA_N2	1057	164	C	1	0	162	22.1604938271605
A_NA_N2	1058	163	C	2	0	161	22.4906832298137
A_NA_N2	1059	154	T	11	0	152	21.9802631578947
A_NA_N2	1060	161	T	4	0	159	24.3459119496855
A_NA_N2	1061	161	T	3	0	159	25.5471698113208
A_NA_N2	1062	161	G	3	0	159	24.6037735849057
A_NA_N2	1063	160	A	4	0	153	25.5424836601307
A_NA_N2	1064	164	T	0	0	162	25.1666666666667
A_NA_N2	1065	163	G	1	0	162	25.3827160493827
A_NA_N2	1066	164	A	0	0	162	24.4135802469136
A_NA_N2	1067	164	T	0	0	161	25.2670807453416
A_NA_N2	1068	157	G	7	0	156	25.6923076923077
A_NA_N2	1069	163	G	1	0	161	23.0745341614907
A_NA_N2	1070	163	A	0	0	163	22.3742331288344
A_NA_N2	1071	163	A	0	0	163	23.7116564417178
A_NA_N2	1072	163	A	0	0	161	26.776397515528
A_NA_N2	1073	163	T	0	0	163	23.840490797546
A_NA_N2	1074	162	G	1	0	161	26.6211180124224
A_NA_N2	1075	162	A	1	0	162	27.0123456790123
A_NA_N2	1076	163	C	0	0	162	24.679012345679
A_NA_N2	1077	155	G	8	0	152	22.2960526315789
A_NA_N2	1078	155	T	8	0	155	21.6129032258065
A_NA_N2	1079	162	G	1	0	160	21.8625
A_NA_N2	1080	162	T	1	0	160	24.1875
A_NA_N2	1081	161	G	2	0	160	31.375
A_NA_N2	1082	163	G	0	0	163	23.8343558282209
A_NA_N2	1083	163	A	0	0	163	23.6257668711656
A_NA_N2	1084	163	T	0	0	163	24.3067484662577
A_NA_N2	1085	145	G	18	0	145	22.7241379310345
A_NA_N2	1086	160	G	3	0	157	21.8662420382166
A_NA_N2	1087	162	G	1	0	161	20.4844720496894
A_NA_N2	1088	162	G	1	0	158	20.3987341772152
A_NA_N2	1089	162	A	1	0	162	21.462962962963
A_NA_N2	1090	163	G	0	0	163	21.8527607361963
A_NA_N2	1091	158	A	5	0	157	22.9426751592357
A_NA_N2	1092	163	A	0	0	155	22.7806451612903
A_NA_N2	1093	163	C	0	0	160	21.6625
A_NA_N2	1094	162	A	1	0	162	22.3148148148148
A_NA_N2	1095	163	A	0	0	162	23.0432098765432
A_NA_N2	1096	163	T	0	0	162	24.4074074074074
A_NA_N2	1097	162	C	1	0	161	25.639751552795
A_NA_N2	1098	161	A	2	0	161	23.167701863354
A_NA_N2	1099	162	A	1	0	154	21.2207792207792
A_NA_N2	1100	162	C	1	0	161	20.7391304347826
A_NA_N2	1101	160	G	3	0	158	19.7088607594937
A_NA_N2	1102	161	A	2	0	158	19.4873417721519
A_NA_N2	1103	160	G	3	0	160	20.24375
A_NA_N2	1104	163	A	0	0	163	21.5644171779141
A_NA_N2	1105	162	C	1	0	158	21.7088607594937
A_NA_N2	1106	161	G	2	0	158	20.4620253164557
A_NA_N2	1107	161	T	2	0	156	20.9423076923077
A_NA_N2	1108	162	C	1	0	161	21
A_NA_N2	1109	160	A	3	0	158	20.4303797468354
A_NA_N2	1110	160	C	3	0	157	21.1592356687898
A_NA_N2	1111	156	G	7	0	150	19.5933333333333
A_NA_N2	1112	159	C	4	0	159	19.4905660377358
A_NA_N2	1113	159	T	4	0	158	19.7658227848101
A_NA_N2	1114	161	T	2	0	160	20.625
A_NA_N2	1115	162	A	1	0	156	20.724358974359
A_NA_N2	1116	147	G	16	0	144	18.7430555555556
A_NA_N2	1117	162	G	1	0	154	18.012987012987
A_NA_N2	1118	162	G	1	0	154	18.2987012987013
A_NA_N2	1119	160	T	3	0	150	17.8866666666667
A_NA_N2	1120	160	A	3	0	154	18.0064935064935
A_NA_N2	1121	162	T	1	0	154	19.1883116883117
A_NA_N2	1122	162	G	1	0	156	20.6089743589744
A_NA_N2	1123	159	A	4	0	156	20.2948717948718
A_NA_N2	1124	162	A	1	0	159	20.0125786163522
A_NA_N2	1125	161	A	1	0	158	24.4367088607595
A_NA_N2	1126	161	C	1	0	158	22.3291139240506
A_NA_N2	1127	161	C	1	0	161	22.304347826087
A_NA_N2	1128	160	T	2	0	157	22.515923566879
A_NA_N2	1129	161	T	1	0	159	24.685534591195
A_NA_N2	1130	162	C	0	0	160	25.66875
A_NA_N2	1131	156	A	6	0	156	23
A_NA_N2	1132	161	A	1	0	160	22.6
A_NA_N2	1133	161	A	1	0	160	22.85
A_NA_N2	1134	159	G	2	0	157	24.7707006369427
A_NA_N2	1135	159	T	2	0	158	24.6455696202532
A_NA_N2	1136	159	C	2	0	159	22.7610062893082
A_NA_N2	1137	160	G	1	0	159	21.5849056603774
A_NA_N2	1138	160	T	1	0	159	22.3899371069182
A_NA_N2	1139	161	T	0	0	160	22.7
A_NA_N2	1140	160	G	1	0	159	23.6540880503145
A_NA_N2	1141	159	A	2	0	159	25.8553459119497
A_NA_N2	1142	160	A	1	0	160	24.0875
A_NA_N2	1143	157	G	4	0	156	22.7564102564103
A_NA_N2	1144	159	G	2	0	158	23.1835443037975
A_NA_N2	1145	158	C	3	0	157	22.140127388535
A_NA_N2	1146	159	T	2	0	155	22.2193548387097
A_NA_N2	1147	158	G	3	0	155	23.7935483870968
A_NA_N2	1148	160	G	1	0	156	21.7692307692308
A_NA_N2	1149	160	T	1	0	157	21.8216560509554
A_NA_N2	1150	154	C	7	0	149	22.9127516778523
A_NA_N2	1151	155	C	6	0	154	19.2077922077922
A_NA_N2	1152	155	A	6	0	155	18.3741935483871
A_NA_N2	1153	160	A	1	0	156	17.1089743589744
A_NA_N2	1154	143	C	18	0	136	17.9411764705882
A_NA_N2	1155	159	C	2	0	156	17.0128205128205
A_NA_N2	1156	159	C	2	0	157	14.9171974522293
A_NA_N2	1157	157	T	4	0	154	16.2012987012987
A_NA_N2	1158	160	A	1	0	158	19.7405063291139
A_NA_N2	1159	161	A	0	0	160	18.06875
A_NA_N2	1160	161	G	0	0	159	18.0314465408805
A_NA_N2	1161	161	T	0	0	161	19.0186335403727
A_NA_N2	1162	148	C	13	0	146	20.5753424657534
A_NA_N2	1163	159	C	2	0	156	17.6602564102564
A_NA_N2	1164	158	A	3	0	156	16.4294871794872
A_NA_N2	1165	161	A	0	0	160	17.99375
A_NA_N2	1166	159	A	2	0	157	23.375796178344
A_NA_N2	1167	159	T	2	0	157	23.5031847133758
A_NA_N2	1168	160	T	1	0	158	25.2341772151899
A_NA_N2	1169	161	G	0	0	143	21.3636363636364
A_NA_N2	1170	160	C	1	0	157	19.3566878980892
A_NA_N2	1171	159	A	2	0	145	18.1034482758621
A_NA_N2	1172	161	G	0	0	147	17.1700680272109
A_NA_N2	1173	161	A	0	0	161	18.2360248447205
A_NA_N2	1174	161	T	0	0	161	20.1863354037267
A_NA_N2	1175	160	A	1	0	159	21.2452830188679
A_NA_N2	1176	160	A	1	0	159	26.9182389937107
A_NA_N2	1177	160	A	1	0	160	27.39375
A_NA_N2	1178	158	T	3	0	155	28.8064516129032
A_NA_N2	1179	160	A	1	0	153	23.2745098039216
A_NA_N2	1180	158	G	3	0	152	21
A_NA_N2	1181	157	G	4	0	156	19.6987179487179
A_NA_N2	1182	157	C	4	0	155	19.5161290322581
A_NA_N2	1183	157	A	4	0	154	20.3506493506494
A_NA_N2	1184	160	A	1	0	157	22.1464968152866
A_NA_N2	1185	159	G	2	0	156	23.0192307692308
A_NA_N2	1186	159	T	2	0	156	24.3653846153846
A_NA_N2	1187	160	C	1	0	160	24.6875
A_NA_N2	1188	159	A	2	0	157	23.375796178344
A_NA_N2	1189	160	T	1	0	156	24.1730769230769
A_NA_N2	1190	160	A	1	0	155	23.5483870967742
A_NA_N2	1191	161	G	0	0	160	22.8125
A_NA_N2	1192	160	T	1	0	157	23.5796178343949
A_NA_N2	1193	158	T	2	0	156	24.474358974359
A_NA_N2	1194	159	G	1	0	158	25.3481012658228
A_NA_N2	1195	159	A	1	0	157	26.8343949044586
A_NA_N2	1196	160	C	0	0	153	26.843137254902
A_NA_N2	1197	157	A	3	0	154	23.6493506493506
A_NA_N2	1198	160	G	0	0	159	21.7358490566038
A_NA_N2	1199	158	A	2	0	156	21.1730769230769
A_NA_N2	1200	157	G	3	0	157	21.2611464968153
A_NA_N2	1201	160	G	0	0	158	20.2784810126582
A_NA_N2	1202	160	C	0	0	154	19.7662337662338
A_NA_N2	1203	160	G	0	0	159	20.0503144654088
A_NA_N2	1204	159	A	1	0	158	22.0379746835443
A_NA_N2	1205	158	T	2	0	156	23.6858974358974
A_NA_N2	1206	159	A	1	0	151	21.2980132450331
A_NA_N2	1207	156	G	4	0	148	19.6756756756757
A_NA_N2	1208	160	G	0	0	157	18.7643312101911
A_NA_N2	1209	160	T	0	0	159	19.7735849056604
A_NA_N2	1210	149	C	11	0	149	21.0201342281879
A_NA_N2	1211	160	C	0	0	157	20.7388535031847
A_NA_N2	1212	158	G	2	0	147	20.7074829931973
A_NA_N2	1213	159	G	1	0	153	19.4705882352941
A_NA_N2	1214	158	T	2	0	158	21.2025316455696
A_NA_N2	1215	159	T	1	0	158	21.3227848101266
A_NA_N2	1216	160	A	0	0	157	24.0764331210191
A_NA_N2	1217	160	T	0	0	157	25.6496815286624
A_NA_N2	1218	160	T	0	0	159	25.874213836478
A_NA_N2	1219	159	C	1	0	158	25.5316455696203
A_NA_N2	1220	160	T	0	0	160	23.2125
A_NA_N2	1221	157	G	3	0	156	22.4935897435897
A_NA_N2	1222	160	G	0	0	156	21.974358974359
A_NA_N2	1223	160	T	0	0	159	22.5534591194969
A_NA_N2	1224	159	A	1	0	159	22.9056603773585
A_NA_N2	1225	153	T	7	0	153	23.6013071895425
A_NA_N2	1226	159	T	1	0	157	25.0382165605096
A_NA_N2	1227	159	T	1	0	158	27.1582278481013
A_NA_N2	1228	155	T	5	0	154	29.025974025974
A_NA_N2	1229	155	C	5	0	155	30.1096774193548
A_NA_N2	1230	159	T	1	0	159	25.937106918239
A_NA_N2	1231	158	C	1	0	157	29.9936305732484
A_NA_N2	1232	157	T	2	0	155	33.0645161290323
A_NA_N2	1233	158	G	1	0	152	24.4736842105263
A_NA_N2	1234	159	T	0	0	154	24.8896103896104
A_NA_N2	1235	159	T	0	0	157	25.4713375796178
A_NA_N2	1236	158	G	1	0	156	24.6346153846154
A_NA_N2	1237	158	A	1	0	156	25.5897435897436
A_NA_N2	1238	156	A	3	0	153	24.6339869281046
A_NA_N2	1239	156	G	3	0	154	22.8766233766234
A_NA_N2	1240	156	G	3	0	153	22.3660130718954
A_NA_N2	1241	158	C	1	0	156	21.2051282051282
A_NA_N2	1242	147	A	12	0	146	21.3013698630137
A_NA_N2	1243	157	A	2	0	155	23.8967741935484
A_NA_N2	1244	159	A	0	0	156	25.5
A_NA_N2	1245	158	A	1	0	157	26.7643312101911
A_NA_N2	1246	156	G	3	0	153	27.6797385620915
A_NA_N2	1247	157	C	2	0	156	23.4423076923077
A_NA_N2	1248	155	T	4	0	153	23.3071895424837
A_NA_N2	1249	158	G	1	0	153	22.5359477124183
A_NA_N2	1250	157	C	2	0	156	23.5833333333333
A_NA_N2	1251	155	A	4	0	153	23.281045751634
A_NA_N2	1252	157	T	2	0	156	22.8653846153846
A_NA_N2	1253	159	C	0	0	157	24.4713375796178
A_NA_N2	1254	159	A	0	0	157	22.2420382165605
A_NA_N2	1255	159	A	0	0	158	23.0696202531646
A_NA_N2	1256	159	T	0	0	158	26.5759493670886
A_NA_N2	1257	159	C	0	0	159	26.5660377358491
A_NA_N2	1258	157	G	1	0	152	22.5065789473684
A_NA_N2	1259	158	G	0	0	156	21
A_NA_N2	1260	158	T	0	0	156	20.9935897435897
A_NA_N2	1261	158	G	0	0	156	22.1089743589744
A_NA_N2	1262	147	T	11	0	137	25.1094890510949
A_NA_N2	1263	157	T	1	0	156	25.5833333333333
A_NA_N2	1264	158	T	0	0	157	28.3248407643312
A_NA_N2	1265	157	T	1	0	156	30.1025641025641
A_NA_N2	1266	156	T	2	0	155	29.8387096774194
A_NA_N2	1267	156	A	2	0	153	28.7124183006536
A_NA_N2	1268	153	T	5	0	152	27.1907894736842
A_NA_N2	1269	152	G	6	0	151	26.364238410596
A_NA_N2	1270	156	T	2	0	154	25.0974025974026
A_NA_N2	1271	153	G	5	0	148	23.8918918918919
A_NA_N2	1272	154	G	4	0	153	21.5490196078431
A_NA_N2	1273	151	A	7	0	149	21.3087248322148
A_NA_N2	1274	155	G	3	0	153	20.3856209150327
A_NA_N2	1275	156	T	2	0	151	19.8741721854305
A_NA_N2	1276	158	T	0	0	155	20.6516129032258
A_NA_N2	1277	158	G	0	0	157	22.656050955414
A_NA_N2	1278	157	A	0	0	155	24.4
A_NA_N2	1279	157	T	0	0	156	24.9807692307692
A_NA_N2	1280	157	T	0	0	156	25.275641025641
A_NA_N2	1281	148	A	9	0	146	20.8561643835616
A_NA_N2	1282	119	G	38	0	118	18.0762711864407
A_NA_N2	1283	156	G	1	0	156	18.2564102564103
A_NA_N2	1284	156	G	1	0	156	19.8653846153846
A_NA_N2	1285	155	G	2	0	154	20.1623376623377
A_NA_N2	1286	154	A	3	0	154	21.5324675324675
A_NA_N2	1287	151	A	6	0	151	19.2516556291391
A_NA_N2	1288	150	G	7	0	147	20
A_NA_N2	1289	128	A	29	0	124	21.2096774193548
A_NA_N2	1290	151	A	6	0	150	21.24
A_NA_N2	1291	148	A	9	0	147	19.8367346938776
A_NA_N2	1292	129	A	28	0	129	15.5968992248062
A_NA_N2	1293	124	G	33	0	124	16.8629032258065
A_NA_N2	1294	137	A	20	0	134	17.6716417910448
A_NA_N2	1295	138	G	19	0	134	15.7089552238806
A_NA_N2	1296	156	G	1	0	155	14.8645161290323
A_NA_N2	1297	153	A	4	0	153	14.5816993464052
A_NA_N2	1298	153	A	4	0	153	16.7843137254902
A_NA_N2	1299	153	A	4	0	148	19.3040540540541
A_NA_N2	1300	154	C	3	0	154	19.9805194805195
A_NA_N2	1301	151	T	6	0	148	21.9324324324324
A_NA_N2	1302	155	G	2	0	152	22.0657894736842
A_NA_N2	1303	155	A	2	0	153	22.3986928104575
A_NA_N2	1304	154	A	3	0	153	23.2352941176471
A_NA_N2	1305	152	G	5	0	152	23.0328947368421
A_NA_N2	1306	154	T	3	0	153	22.8562091503268
A_NA_N2	1307	155	C	2	0	155	22.9741935483871
A_NA_N2	1308	153	T	4	0	150	22.5266666666667
A_NA_N2	1309	153	T	4	0	149	24.6912751677852
A_NA_N2	1310	155	G	2	0	154	24.7337662337662
A_NA_N2	1311	155	T	2	0	153	24.4575163398693
A_NA_N2	1312	155	G	2	0	152	24.4473684210526
A_NA_N2	1313	156	G	1	0	153	24.8039215686275
A_NA_N2	1314	157	A	0	0	156	25.4807692307692
A_NA_N2	1315	155	C	2	0	152	25.6315789473684
A_NA_N2	1316	152	T	5	0	152	25.6973684210526
A_NA_N2	1317	154	T	3	0	153	26.516339869281
A_NA_N2	1318	154	C	3	0	153	26.2091503267974
A_NA_N2	1319	156	A	1	0	153	24.5751633986928
A_NA_N2	1320	156	A	1	0	154	24.2792207792208
A_NA_N2	1321	156	A	1	0	153	23.4640522875817
A_NA_N2	1322	157	C	0	0	152	23.8092105263158
A_NA_N2	1323	156	A	1	0	146	19.6712328767123
A_NA_N2	1324	156	G	1	0	153	18.6339869281046
A_NA_N2	1325	155	T	2	0	154	18.8246753246753
A_NA_N2	1326	153	A	4	0	151	19.4635761589404
A_NA_N2	1327	155	T	2	0	150	23.06
A_NA_N2	1328	154	T	3	0	152	22.8947368421053
A_NA_N2	1329	154	G	3	0	150	22.2333333333333
A_NA_N2	1330	156	T	1	0	152	22.0065789473684
A_NA_N2	1331	156	T	1	0	155	22.4774193548387
A_NA_N2	1332	156	G	1	0	155	21.4903225806452
A_NA_N2	1333	157	T	0	0	156	23.3846153846154
A_NA_N2	1334	157	G	0	0	155	26.7032258064516
A_NA_N2	1335	142	T	15	0	142	30.3380281690141
A_NA_N2	1336	157	T	0	0	157	27.4777070063694
A_NA_N2	1337	156	T	1	0	156	27.9038461538462
A_NA_N2	1338	152	T	5	0	152	28.0526315789474
A_NA_N2	1339	151	G	6	0	151	27.523178807947
A_NA_N2	1340	157	T	0	0	157	24.1337579617834
A_NA_N2	1341	156	G	1	0	154	22.2987012987013
A_NA_N2	1342	157	G	0	0	156	20.7564102564103
A_NA_N2	1343	157	C	0	0	156	21.2948717948718
A_NA_N2	1344	157	A	0	0	156	21.1538461538462
A_NA_N2	1345	155	C	2	0	153	21.0915032679739
A_NA_N2	1346	155	C	2	0	155	20.5161290322581
A_NA_N2	1347	155	T	2	0	155	20.858064516129
A_NA_N2	1348	157	C	0	0	156	21.0128205128205
A_NA_N2	1349	155	A	2	0	141	18.7304964539007
A_NA_N2	1350	156	G	1	0	156	18.1538461538462
A_NA_N2	1351	156	G	1	0	155	18.1096774193548
A_NA_N2	1352	156	T	1	0	154	18.4285714285714
A_NA_N2	1353	154	A	3	0	153	22.4640522875817
A_NA_N2	1354	154	C	3	0	154	22.7987012987013
A_NA_N2	1355	157	A	0	0	156	23.4935897435897
A_NA_N2	1356	157	T	0	0	157	23.5222929936306
A_NA_N2	1357	157	A	0	0	155	23.4516129032258
A_NA_N2	1358	157	T	0	0	157	24.2356687898089
A_NA_N2	1359	156	G	1	0	155	24.8709677419355
A_NA_N2	1360	156	G	1	0	156	24.4807692307692
A_NA_N2	1361	157	A	0	0	155	24.2967741935484
A_NA_N2	1362	157	A	0	0	154	27.0324675324675
A_NA_N2	1363	156	C	1	0	153	24.7385620915033
A_NA_N2	1364	155	A	2	0	150	22.6933333333333
A_NA_N2	1365	155	G	2	0	154	21.2532467532468
A_NA_N2	1366	157	G	0	0	154	21.1558441558442
A_NA_N2	1367	156	C	1	0	155	20.8838709677419
A_NA_N2	1368	156	T	1	0	155	21.9806451612903
A_NA_N2	1369	157	C	0	0	157	24.4331210191083
A_NA_N2	1370	156	A	1	0	152	23.9736842105263
A_NA_N2	1371	156	T	1	0	155	24.3806451612903
A_NA_N2	1372	156	G	1	0	155	24.6
A_NA_N2	1373	157	G	0	0	157	23.7515923566879
A_NA_N2	1374	151	C	6	0	151	24.5033112582781
A_NA_N2	1375	157	C	0	0	157	23.9108280254777
A_NA_N2	1376	157	T	0	0	153	24.3398692810458
A_NA_N2	1377	157	G	0	0	157	24.1592356687898
A_NA_N2	1378	156	A	1	0	155	25.9290322580645
A_NA_N2	1379	157	T	0	0	155	27.3225806451613
A_NA_N2	1380	154	G	3	0	152	25.8552631578947
A_NA_N2	1381	157	G	0	0	155	22.6645161290323
A_NA_N2	1382	157	G	0	0	156	21.2435897435897
A_NA_N2	1383	157	G	0	0	154	23.0324675324675
A_NA_N2	1384	156	C	1	0	155	21.858064516129
A_NA_N2	1385	156	G	1	0	151	20.4437086092715
A_NA_N2	1386	155	A	2	0	149	20.5704697986577
A_NA_N2	1387	156	A	1	0	153	20.3071895424837
A_NA_N2	1388	151	C	6	0	149	19.1946308724832
A_NA_N2	1389	155	C	2	0	155	17.0516129032258
A_NA_N2	1390	155	T	2	0	151	17.6490066225166
A_NA_N2	1391	157	C	0	0	156	18.5961538461538
A_NA_N2	1392	156	A	1	0	148	18.2837837837838
A_NA_N2	1393	157	G	0	0	155	17.6903225806452
A_NA_N2	1394	157	T	0	0	154	19.1623376623377
A_NA_N2	1395	157	C	0	0	156	19.5128205128205
A_NA_N2	1396	157	T	0	0	153	21.3790849673203
A_NA_N2	1397	157	C	0	0	156	23.3653846153846
A_NA_N2	1398	156	A	1	0	153	22.1960784313725
A_NA_N2	1399	156	T	1	0	156	23.4807692307692
A_NA_N2	1400	157	G	0	0	153	24.0588235294118
A_NA_N2	1401	157	C	0	0	154	23.9350649350649
A_NA_N2	1402	157	A	0	0	155	23.9741935483871
A_NA_N2	1403	157	T	0	0	156	23.5641025641026
A_NA_N2	1404	157	A	0	0	156	24.3205128205128
A_NA_N2	1405	156	T	0	0	153	31.9542483660131
A_NA_N2	1406	156	A	0	0	155	62.9161290322581
A_NA_N2	1407	147	T	0	0	147	61.8163265306122
A_NA_N2	1408	144	A	0	0	144	38.3333333333333
A_NA_N2	1409	138	A	0	0	138	23.463768115942
