Reference_Name	Position	Coverage Depth	Consensus	Deletions	Ambiguous	Consensus_Count	Consensus_Average_Quality
A_NP	1	511	A	0	0	511	21.7769080234834
A_NP	2	526	T	0	0	526	21.6520912547529
A_NP	3	532	G	0	0	523	20.9789674952199
A_NP	4	537	G	0	0	537	20.2849162011173
A_NP	5	540	C	0	0	540	20.7722222222222
A_NP	6	549	G	0	0	540	20.4796296296296
A_NP	7	552	T	0	0	547	21.617915904936
A_NP	8	541	C	12	0	539	23.1873840445269
A_NP	9	551	C	2	0	546	22.9615384615385
A_NP	10	547	C	6	0	538	23.8977695167286
A_NP	11	539	A	14	0	526	24.3346007604563
A_NP	12	550	A	3	0	544	22.90625
A_NP	13	546	G	7	0	540	20.6907407407407
A_NP	14	549	G	4	0	546	22.1117216117216
A_NP	15	550	C	4	0	542	21.4446494464945
A_NP	16	540	A	14	0	528	21.0340909090909
A_NP	17	546	C	8	0	527	21.8178368121442
A_NP	18	553	C	1	0	547	21.9707495429616
A_NP	19	548	A	7	0	540	21.6444444444444
A_NP	20	555	A	0	0	550	22.1854545454545
A_NP	21	555	A	0	0	546	24.6849816849817
A_NP	22	555	C	0	0	552	23.6376811594203
A_NP	23	553	G	2	0	540	21.3722222222222
A_NP	24	554	G	1	0	545	20.9247706422018
A_NP	25	554	T	1	0	551	21.3901996370236
A_NP	26	554	C	1	0	553	22.745027124774
A_NP	27	552	T	3	0	546	25.9761904761905
A_NP	28	551	T	4	0	547	27.4168190127971
A_NP	29	552	A	3	0	538	27.4460966542751
A_NP	30	554	T	1	0	544	28.0974264705882
A_NP	31	554	G	1	0	550	26.6636363636364
A_NP	32	553	A	2	0	548	26.4507299270073
A_NP	33	554	A	1	0	549	26.1493624772313
A_NP	34	554	C	1	0	548	26.4233576642336
A_NP	35	552	A	3	0	543	24.0073664825046
A_NP	36	551	G	4	0	544	23.3272058823529
A_NP	37	554	A	1	0	550	23.9672727272727
A_NP	38	553	T	2	0	553	25.6057866184448
A_NP	39	519	G	36	0	516	25.8081395348837
A_NP	40	551	G	4	0	548	21.6295620437956
A_NP	41	543	A	12	0	539	18.9480519480519
A_NP	42	551	A	4	0	542	21.2583025830258
A_NP	43	553	A	2	0	538	24.042750929368
A_NP	44	554	C	1	0	543	21.8895027624309
A_NP	45	545	T	10	0	528	23.1458333333333
A_NP	46	552	G	3	0	550	22.7654545454545
A_NP	47	552	A	3	0	545	24.1816513761468
A_NP	48	551	T	4	0	548	25.3266423357664
A_NP	49	513	G	42	0	511	24.6692759295499
A_NP	50	549	G	6	0	543	22.9373848987109
A_NP	51	552	G	3	0	539	21.9480519480519
A_NP	52	551	G	4	0	543	22.8526703499079
A_NP	53	547	A	8	0	540	23.4259259259259
A_NP	54	547	A	8	0	533	23.0919324577861
A_NP	55	546	C	9	0	544	23.2591911764706
A_NP	56	549	G	6	0	546	22.1684981684982
A_NP	57	544	C	11	0	537	23.2886405959032
A_NP	58	550	C	5	0	541	22.4972273567468
A_NP	59	540	A	15	0	529	21.2060491493384
A_NP	60	549	G	6	0	546	19.9725274725275
A_NP	61	546	A	9	0	532	19.8966165413534
A_NP	62	551	A	4	0	543	19.828729281768
A_NP	63	549	T	6	0	545	19.9688073394495
A_NP	64	550	G	5	0	529	19.5708884688091
A_NP	65	545	C	10	0	541	20.2181146025878
A_NP	66	541	A	14	0	528	19.3863636363636
A_NP	67	547	A	8	0	524	16.2328244274809
A_NP	68	550	C	5	0	548	16.3175182481752
A_NP	69	503	T	52	0	487	16.1416837782341
A_NP	70	533	G	22	0	524	15.7767175572519
A_NP	71	540	A	15	0	537	18.3091247672253
A_NP	72	550	A	5	0	545	18.9577981651376
A_NP	73	554	A	1	0	551	22.2831215970962
A_NP	74	553	T	2	0	550	22.1581818181818
A_NP	75	554	C	1	0	547	24.872029250457
A_NP	76	548	A	7	0	539	21.3228200371057
A_NP	77	552	G	3	0	544	19.1507352941176
A_NP	78	550	A	5	0	542	19.9132841328413
A_NP	79	552	G	3	0	544	21.4466911764706
A_NP	80	554	C	1	0	547	21.3382084095064
A_NP	81	555	A	0	0	554	22.1245487364621
A_NP	82	554	T	1	0	552	23.5778985507246
A_NP	83	554	C	1	0	552	25.6702898550725
A_NP	84	555	C	0	0	542	24.5977859778598
A_NP	85	555	G	0	0	548	23.7883211678832
A_NP	86	555	T	0	0	552	23.7735507246377
A_NP	87	547	C	8	0	543	24.2872928176796
A_NP	88	533	G	22	0	471	17.7898089171975
A_NP	89	552	G	3	0	543	17.1325966850829
A_NP	90	551	G	4	0	547	17.1499085923218
A_NP	91	543	A	12	0	539	18.8423005565863
A_NP	92	554	A	1	0	547	23.1060329067642
A_NP	93	550	G	5	0	547	22.8043875685558
A_NP	94	552	A	3	0	547	24.9287020109689
A_NP	95	550	T	5	0	543	24.1160220994475
A_NP	96	554	G	1	0	552	25.1032608695652
A_NP	97	553	A	2	0	549	27.2149362477231
A_NP	98	552	T	3	0	551	27.1306715063521
A_NP	99	552	T	3	0	551	26.8784029038113
A_NP	100	541	G	15	0	539	25.8144712430427
A_NP	101	552	G	4	0	541	23.1977818853974
A_NP	102	552	T	4	0	538	22.4646840148699
A_NP	103	552	G	4	0	544	23.0827205882353
A_NP	104	554	G	2	0	551	22.6551724137931
A_NP	105	541	A	15	0	537	22.0800744878957
A_NP	106	553	A	3	0	535	23.0635514018692
A_NP	107	550	T	6	0	531	21.6892655367232
A_NP	108	554	T	2	0	542	21.8062730627306
A_NP	109	550	G	6	0	545	22.7009174311927
A_NP	110	553	G	3	0	549	22.1693989071038
A_NP	111	553	A	3	0	538	23.5966542750929
A_NP	112	552	C	4	0	541	23.815157116451
A_NP	113	553	G	3	0	552	22.3786231884058
A_NP	114	550	A	6	0	547	22.8976234003656
A_NP	115	552	T	4	0	550	23.3090909090909
A_NP	116	552	T	4	0	547	24.7989031078611
A_NP	117	541	C	15	0	540	26.0648148148148
A_NP	118	540	T	16	0	535	24.6785046728972
A_NP	119	542	A	14	0	533	23.8086303939962
A_NP	120	551	C	5	0	545	22.8293577981651
A_NP	121	552	A	4	0	547	22.7952468007313
A_NP	122	554	T	2	0	547	23.2212065813528
A_NP	123	531	C	25	0	528	24.1515151515152
A_NP	124	553	C	2	0	546	20.8937728937729
A_NP	125	549	A	6	0	547	20.3235831809872
A_NP	126	550	A	5	0	545	22.297247706422
A_NP	127	549	A	6	0	543	26.0220994475138
A_NP	128	531	T	24	0	526	25.7832699619772
A_NP	129	535	G	20	0	523	25.6080305927342
A_NP	130	549	T	6	0	545	23.4201834862385
A_NP	131	541	G	14	0	534	22.4644194756554
A_NP	132	533	C	22	0	529	22.3478260869565
A_NP	133	540	A	15	0	532	22.0657894736842
A_NP	134	541	C	14	0	526	22.0836501901141
A_NP	135	553	C	2	0	527	21.73055028463
A_NP	136	549	G	6	0	544	20.7205882352941
A_NP	137	550	A	5	0	546	21.2802197802198
A_NP	138	554	A	1	0	547	22.0621572212066
A_NP	139	553	C	2	0	549	23.7395264116576
A_NP	140	543	T	12	0	531	23.9924670433145
A_NP	141	544	T	11	0	523	24.3097514340344
A_NP	142	544	A	11	0	542	24.4428044280443
A_NP	143	550	A	5	0	548	23.8412408759124
A_NP	144	552	A	3	0	538	23.1486988847584
A_NP	145	552	C	3	0	550	23.6981818181818
A_NP	146	547	T	8	0	539	23.8812615955473
A_NP	147	553	C	2	0	548	23.7299270072993
A_NP	148	552	A	3	0	531	18.5988700564972
A_NP	149	552	G	3	0	544	17.8915441176471
A_NP	150	550	T	5	0	541	18.720887245841
A_NP	151	554	G	1	0	551	21.9909255898367
A_NP	152	553	A	2	0	549	24.0473588342441
A_NP	153	552	T	3	0	549	26.8524590163934
A_NP	154	550	T	5	0	543	28.1068139963168
A_NP	155	549	A	6	0	542	27.3025830258303
A_NP	156	550	T	5	0	540	27.3833333333333
A_NP	157	553	G	2	0	549	25.3533697632058
A_NP	158	545	A	10	0	544	24.6231617647059
A_NP	159	481	G	74	0	470	23.5212765957447
A_NP	160	544	G	11	0	537	22.098696461825
A_NP	161	549	G	6	0	545	21.6220183486239
A_NP	162	549	G	6	0	538	21.5167286245353
A_NP	163	549	C	6	0	544	21.0330882352941
A_NP	164	551	G	4	0	527	19.4402277039848
A_NP	165	552	G	3	0	526	19.3326996197719
A_NP	166	552	C	3	0	542	19.9557195571956
A_NP	167	551	T	4	0	535	20.0915887850467
A_NP	168	553	G	2	0	545	23.4256880733945
A_NP	169	547	A	8	0	541	24.4972273567468
A_NP	170	550	T	5	0	547	24.4332723948812
A_NP	171	534	C	21	0	529	24.6672967863894
A_NP	172	547	C	8	0	528	21.1363636363636
A_NP	173	538	A	17	0	521	18.8560460652591
A_NP	174	545	G	10	0	527	17.7685009487666
A_NP	175	548	A	7	0	534	17.7865168539326
A_NP	176	554	A	1	0	535	21.1738317757009
A_NP	177	554	C	1	0	544	20.9448529411765
A_NP	178	553	A	2	0	539	19.9146567717996
A_NP	179	546	G	9	0	528	18.9469696969697
A_NP	180	545	C	10	0	538	18.9368029739777
A_NP	181	518	T	37	0	503	19.9443339960239
A_NP	182	534	T	21	0	518	20.7200772200772
A_NP	183	549	A	6	0	543	21.7845303867403
A_NP	184	550	A	5	0	545	21.6348623853211
A_NP	185	548	C	7	0	545	22.2091743119266
A_NP	186	551	A	4	0	549	25.2859744990893
A_NP	187	551	A	4	0	547	25.5246800731261
A_NP	188	551	T	4	0	546	25.7344322344322
A_NP	189	521	A	34	0	513	22.7777777777778
A_NP	190	536	G	19	0	534	21.2303370786517
A_NP	191	550	A	5	0	546	21.1410256410256
A_NP	192	533	G	22	0	529	31.5444234404537
A_NP	193	550	A	5	0	543	50.4806629834254
A_NP	194	548	G	7	0	539	47.3469387755102
A_NP	195	550	A	5	0	541	28.4768946395564
A_NP	196	554	A	1	0	551	24.0798548094374
A_NP	197	553	T	2	0	546	24.5677655677656
A_NP	198	550	G	5	0	539	24.9554730983302
A_NP	199	552	G	3	0	538	22.8327137546468
A_NP	200	553	T	2	0	541	22.3086876155268
A_NP	201	553	G	2	0	542	22.4944649446494
A_NP	202	528	C	27	0	522	22.7701149425287
A_NP	203	523	T	32	0	516	25.1220930232558
A_NP	204	551	C	4	0	539	24.7866419294991
A_NP	205	548	T	7	0	540	31.4648148148148
A_NP	206	543	C	12	0	541	59.3493530499076
A_NP	207	538	T	16	0	530	36.6283018867924
A_NP	208	548	G	6	0	540	27.0277777777778
A_NP	209	548	C	6	0	541	26.3123844731978
A_NP	210	512	T	42	0	509	28.5402750491159
A_NP	211	538	T	16	0	534	29.3295880149813
A_NP	212	545	T	9	0	543	33.6869244935543
A_NP	213	547	T	7	0	537	32.8119180633147
A_NP	214	551	G	3	0	546	30.3992673992674
A_NP	215	552	A	2	0	543	27.6482504604052
A_NP	216	551	C	3	0	532	24.0601503759398
A_NP	217	534	G	20	0	526	21.9030418250951
A_NP	218	541	A	13	0	528	19.8712121212121
A_NP	219	537	G	17	0	521	18.8291746641075
A_NP	220	544	A	10	0	539	26.0964749536178
A_NP	221	537	G	17	0	532	21.5695488721805
A_NP	222	549	G	5	0	538	19.9219330855019
A_NP	223	548	A	6	0	544	19.90625
A_NP	224	542	G	12	0	538	22.7639405204461
A_NP	225	551	G	3	0	541	23.0166358595194
A_NP	226	542	A	12	0	541	19.9445471349353
A_NP	227	547	A	7	0	541	22.8946395563771
A_NP	228	551	T	3	0	539	23.69573283859
A_NP	229	551	A	3	0	547	25.8756855575868
A_NP	230	553	A	1	0	552	26.3804347826087
A_NP	231	553	A	1	0	545	25.9412844036697
A_NP	232	553	T	1	0	546	26.9010989010989
A_NP	233	553	A	0	0	546	26.2820512820513
A_NP	234	549	T	4	0	538	25.860594795539
A_NP	235	549	C	4	0	546	26.3498168498169
A_NP	236	550	T	3	0	540	25.4555555555556
A_NP	237	547	G	6	0	535	25.9588785046729
A_NP	238	551	G	2	0	546	25.5091575091575
A_NP	239	548	A	5	0	547	24.8574040219378
A_NP	240	549	A	4	0	549	27.655737704918
A_NP	241	551	G	2	0	547	24.0658135283364
A_NP	242	551	A	2	0	545	24.5064220183486
A_NP	243	551	A	2	0	538	24.5353159851301
A_NP	244	552	C	1	0	549	23.3296903460838
A_NP	245	551	A	2	0	547	23.8244972577697
A_NP	246	552	T	1	0	542	24.8394833948339
A_NP	247	522	C	30	0	522	24.8026819923372
A_NP	248	531	C	21	0	528	23.4223484848485
A_NP	249	546	C	6	0	532	22.7575187969925
A_NP	250	543	A	9	0	533	21.9474671669794
A_NP	251	538	G	14	0	532	22.4022556390977
A_NP	252	542	C	10	0	530	22.388679245283
A_NP	253	543	G	9	0	541	22.6173752310536
A_NP	254	545	C	7	0	540	28.3481481481481
A_NP	255	468	G	84	0	440	23.8295454545455
A_NP	256	540	G	12	0	526	18.5760456273764
A_NP	257	546	G	6	0	543	17.6058931860037
A_NP	258	547	G	5	0	539	19.0556586270872
A_NP	259	541	A	11	0	536	21.3059701492537
A_NP	260	551	A	1	0	546	22.4945054945055
A_NP	261	547	G	5	0	542	22.3560885608856
A_NP	262	552	G	0	0	551	22.7858439201452
A_NP	263	551	A	1	0	551	22.2613430127042
A_NP	264	552	T	0	0	546	23.003663003663
A_NP	265	523	C	29	0	522	24.8448275862069
A_NP	266	546	C	6	0	539	20.191094619666
A_NP	267	540	T	12	0	520	17.2634615384615
A_NP	268	520	A	32	0	516	20.8391472868217
A_NP	269	521	A	31	0	513	22.3703703703704
A_NP	270	527	G	25	0	515	19.4135922330097
A_NP	271	519	A	33	0	510	21.9705882352941
A_NP	272	547	A	5	0	542	21.4649446494465
A_NP	273	547	A	5	0	547	23.2559414990859
A_NP	274	545	A	7	0	528	24.5511363636364
A_NP	275	545	C	7	0	539	23.1428571428571
A_NP	276	548	T	4	0	528	23.0132575757576
A_NP	277	538	G	14	0	533	23.1069418386492
A_NP	278	549	G	3	0	545	23.5229357798165
A_NP	279	549	A	3	0	538	22.8457249070632
A_NP	280	543	G	9	0	541	22.354898336414
A_NP	281	546	G	6	0	545	21.2733944954128
A_NP	282	548	A	4	0	541	19.6820702402957
A_NP	283	545	C	7	0	541	20.9260628465804
A_NP	284	550	C	2	0	547	21.908592321755
A_NP	285	547	C	5	0	540	22.5648148148148
A_NP	286	539	A	13	0	513	21.3216374269006
A_NP	287	540	T	12	0	537	20.6890130353818
A_NP	288	544	A	8	0	535	21.785046728972
A_NP	289	545	T	7	0	538	25.2007434944238
A_NP	290	544	A	8	0	535	28.8317757009346
A_NP	291	538	C	13	0	527	24.4060721062619
A_NP	292	528	A	23	0	523	23.9942638623327
A_NP	293	520	A	31	0	506	22.2292490118577
A_NP	294	493	G	58	0	483	19.0103519668737
A_NP	295	542	A	9	0	540	20.3981481481481
A_NP	296	538	G	13	0	534	33.9700374531835
A_NP	297	541	A	9	0	538	44.5631970260223
A_NP	298	548	G	2	0	542	34.1992619926199
A_NP	299	542	T	8	0	531	19.5254237288136
A_NP	300	541	A	9	0	530	20.5528301886792
A_NP	301	549	G	1	0	543	21.7826887661142
A_NP	302	547	A	3	0	543	22.3793738489871
A_NP	303	548	T	2	0	536	23.9235074626866
A_NP	304	544	G	6	0	543	24.0018416206262
A_NP	305	545	G	5	0	544	25.3658088235294
A_NP	306	543	A	7	0	537	25.3724394785847
A_NP	307	549	A	1	0	548	26.1514598540146
A_NP	308	548	A	2	0	543	26.780847145488
A_NP	309	548	G	2	0	535	26.4728971962617
A_NP	310	544	T	6	0	542	24.8911439114391
A_NP	311	541	G	9	0	540	24.8240740740741
A_NP	312	550	G	0	0	548	25.0784671532847
A_NP	313	550	A	0	0	542	27.2767527675277
A_NP	314	548	T	2	0	536	29.3805970149254
A_NP	315	538	G	12	0	522	26.272030651341
A_NP	316	510	A	40	0	503	22.5288270377734
A_NP	317	470	G	80	0	464	19.7564655172414
A_NP	318	547	G	3	0	537	18.8640595903166
A_NP	319	545	G	5	0	539	17.6660482374768
A_NP	320	543	A	7	0	538	18.4442379182156
A_NP	321	548	A	2	0	546	22.6630036630037
A_NP	322	547	C	3	0	543	23.4861878453039
A_NP	323	547	T	3	0	534	23.4176029962547
A_NP	324	544	C	6	0	535	23.0953271028037
A_NP	325	547	G	3	0	535	22.1757009345794
A_NP	326	548	T	2	0	541	23.086876155268
A_NP	327	546	C	4	0	539	23.6901669758813
A_NP	328	546	C	4	0	537	22.3221601489758
A_NP	329	524	T	26	0	509	22.7779960707269
A_NP	330	533	T	17	0	522	23.7337164750958
A_NP	331	536	T	14	0	525	26.6209523809524
A_NP	332	542	A	8	0	526	25.7186311787072
A_NP	333	548	T	2	0	533	24.7673545966229
A_NP	334	550	G	0	0	547	24.4095063985375
A_NP	335	548	A	2	0	543	24.451197053407
A_NP	336	547	C	3	0	538	23.4368029739777
A_NP	337	521	A	29	0	516	22.4011627906977
A_NP	338	538	A	12	0	535	22.2915887850467
A_NP	339	536	A	14	0	529	18.3100189035917
A_NP	340	533	G	17	0	522	19.5095785440613
A_NP	341	540	A	10	0	535	21.6093457943925
A_NP	342	539	A	11	0	537	22.0837988826816
A_NP	343	534	G	16	0	530	18.7867924528302
A_NP	344	546	A	4	0	545	19.9247706422018
A_NP	345	547	A	2	0	546	21.0934065934066
A_NP	346	545	A	4	0	543	21.9134438305709
A_NP	347	545	T	4	0	535	22.4953271028037
A_NP	348	544	A	5	0	535	23.0598130841122
A_NP	349	546	A	3	0	541	21.9445471349353
A_NP	350	536	G	13	0	528	19.1988636363636
A_NP	351	542	G	7	0	536	20.2350746268657
A_NP	352	542	C	7	0	530	18.411320754717
A_NP	353	547	G	2	0	533	18.5478424015009
A_NP	354	545	A	4	0	532	19.6390977443609
A_NP	355	547	A	1	0	540	20.2351851851852
A_NP	356	546	T	2	0	540	21.6444444444444
A_NP	357	544	C	4	0	537	23.6536312849162
A_NP	358	543	T	5	0	539	25.0296846011132
A_NP	359	540	G	8	0	531	24.3389830508475
A_NP	360	540	G	8	0	526	23.7946768060837
A_NP	361	539	C	9	0	527	23.4421252371917
A_NP	362	541	G	7	0	534	22.563670411985
A_NP	363	539	C	9	0	531	23.1299435028249
A_NP	364	544	C	4	0	539	23.3228200371057
A_NP	365	536	A	12	0	534	23.4082397003745
A_NP	366	542	A	6	0	540	23.4462962962963
A_NP	367	541	G	7	0	536	22.3992537313433
A_NP	368	539	C	9	0	530	23.2377358490566
A_NP	369	532	T	16	0	515	22.7864077669903
A_NP	370	536	A	12	0	528	22.6837121212121
A_NP	371	537	A	11	0	531	23.4237288135593
A_NP	372	546	T	2	0	532	23.7706766917293
A_NP	373	544	A	4	0	541	23.1367837338262
A_NP	374	540	A	8	0	536	23.1772388059701
A_NP	375	537	T	11	0	534	24.685393258427
A_NP	376	537	G	11	0	520	22.2788461538462
A_NP	377	546	G	2	0	539	20.1706864564007
A_NP	378	536	T	12	0	526	20.3212927756654
A_NP	379	536	G	12	0	530	20.5415094339623
A_NP	380	537	A	11	0	530	23.4830188679245
A_NP	381	546	T	2	0	533	26.219512195122
A_NP	382	547	G	1	0	544	25.7463235294118
A_NP	383	548	A	0	0	546	26.470695970696
A_NP	384	548	T	0	0	545	27.8220183486239
A_NP	385	548	G	0	0	543	26.7974217311234
A_NP	386	547	C	1	0	547	26.3180987202925
A_NP	387	544	A	4	0	540	26.0222222222222
A_NP	388	547	A	1	0	534	23.752808988764
A_NP	389	546	C	2	0	542	24.0036900369004
A_NP	390	546	A	2	0	541	22.4824399260628
A_NP	391	545	G	3	0	539	21.6011131725417
A_NP	392	546	C	2	0	544	22.8602941176471
A_NP	393	544	T	4	0	532	23.1917293233083
A_NP	394	537	G	10	0	532	24.609022556391
A_NP	395	544	G	3	0	530	23.9962264150943
A_NP	396	544	T	3	0	537	23.5810055865922
A_NP	397	545	C	2	0	540	23.8925925925926
A_NP	398	541	T	6	0	529	21.0340264650284
A_NP	399	545	G	2	0	530	21.2962264150943
A_NP	400	542	A	5	0	536	23.330223880597
A_NP	401	542	C	5	0	535	23.5271028037383
A_NP	402	542	T	5	0	533	24.0600375234522
A_NP	403	528	C	19	0	527	24.4743833017078
A_NP	404	526	A	21	0	520	24.5057692307692
A_NP	405	543	C	4	0	537	24.0763500931099
A_NP	406	525	A	22	0	513	24.093567251462
A_NP	407	527	T	20	0	519	22.5375722543353
A_NP	408	528	G	19	0	516	23.7422480620155
A_NP	409	543	A	4	0	530	24.2811320754717
A_NP	410	544	T	3	0	542	25.4594095940959
A_NP	411	544	G	3	0	542	24.8671586715867
A_NP	412	544	A	2	0	540	24.0351851851852
A_NP	413	542	T	4	0	539	25.3766233766234
A_NP	414	539	C	7	0	525	25.0380952380952
A_NP	415	538	T	8	0	531	23.030131826742
A_NP	416	536	G	10	0	524	22.8835877862595
A_NP	417	538	G	8	0	533	23.1632270168856
A_NP	418	540	C	6	0	532	23.6729323308271
A_NP	419	541	A	5	0	533	23.7054409005629
A_NP	420	542	T	4	0	533	24.5947467166979
A_NP	421	541	T	5	0	536	26.7910447761194
A_NP	422	513	C	33	0	508	25.4350393700787
A_NP	423	538	C	8	0	529	21.9829867674858
A_NP	424	536	A	10	0	533	19.7579737335835
A_NP	425	541	A	5	0	533	20.7542213883677
A_NP	426	540	T	6	0	533	24.2551594746717
A_NP	427	542	T	4	0	534	25.685393258427
A_NP	428	542	T	4	0	540	26.9314814814815
A_NP	429	539	G	7	0	535	26.8878504672897
A_NP	430	544	A	2	0	535	26.2859813084112
A_NP	431	543	A	3	0	541	25.7689463955638
A_NP	432	543	T	3	0	540	26.7092592592593
A_NP	433	543	G	3	0	542	25.5147601476015
A_NP	434	545	A	1	0	539	26.4730983302412
A_NP	435	545	T	1	0	538	25.7639405204461
A_NP	436	541	A	5	0	526	24.4771863117871
A_NP	437	541	C	5	0	538	24.6226765799256
A_NP	438	538	A	8	0	531	24.954802259887
A_NP	439	539	A	7	0	529	24.3761814744802
A_NP	440	539	C	7	0	537	24.7355679702048
A_NP	441	541	A	5	0	532	24.4887218045113
A_NP	442	538	T	8	0	528	24.5700757575758
A_NP	443	536	A	10	0	528	23.907196969697
A_NP	444	532	C	14	0	522	23.7509578544061
A_NP	445	540	C	6	0	537	23.3128491620112
A_NP	446	531	A	15	0	529	22.882797731569
A_NP	447	539	G	7	0	531	22.5988700564972
A_NP	448	543	A	3	0	534	23.3520599250936
A_NP	449	540	G	6	0	538	23.8475836431227
A_NP	450	544	G	2	0	541	21.9704251386322
A_NP	451	542	A	4	0	540	21.5037037037037
A_NP	452	541	C	5	0	539	23.3228200371057
A_NP	453	524	A	22	0	517	23.147001934236
A_NP	454	534	A	12	0	530	23.0433962264151
A_NP	455	532	G	14	0	522	19.7337164750958
A_NP	456	534	A	12	0	522	22.77969348659
A_NP	457	538	G	8	0	531	22.271186440678
A_NP	458	538	C	8	0	534	22.1292134831461
A_NP	459	535	T	11	0	522	22.9674329501916
A_NP	460	539	C	7	0	534	24.6104868913858
A_NP	461	536	T	10	0	531	25.0546139359699
A_NP	462	542	T	4	0	541	24.9334565619224
A_NP	463	540	G	6	0	535	25.3233644859813
A_NP	464	541	T	5	0	531	25.0564971751412
A_NP	465	542	T	4	0	535	25.2990654205607
A_NP	466	532	C	14	0	523	24.5793499043977
A_NP	467	532	G	14	0	519	21.7090558766859
A_NP	468	539	C	7	0	525	21.8533333333333
A_NP	469	538	A	8	0	526	21.6216730038023
A_NP	470	533	C	13	0	522	22.5708812260536
A_NP	471	543	C	3	0	518	22.3281853281853
A_NP	472	538	G	8	0	532	20.5357142857143
A_NP	473	542	G	4	0	536	21.125
A_NP	474	537	A	9	0	529	22.2230623818526
A_NP	475	540	A	6	0	535	25.1663551401869
A_NP	476	541	T	5	0	539	23.9647495361781
A_NP	477	536	G	10	0	532	23.4454887218045
A_NP	478	544	G	2	0	518	21.5019305019305
A_NP	479	542	A	4	0	542	21.1291512915129
A_NP	480	544	T	2	0	539	21.1632653061224
A_NP	481	508	C	38	0	508	21.3582677165354
A_NP	482	516	C	30	0	512	21.76171875
A_NP	483	540	C	6	0	522	20.8524904214559
A_NP	484	539	A	7	0	524	18.6698473282443
A_NP	485	536	G	10	0	533	18.0919324577861
A_NP	486	540	G	6	0	529	18.2589792060491
A_NP	487	541	A	5	0	538	19.6412639405204
A_NP	488	532	T	14	0	530	23.9584905660377
A_NP	489	535	G	11	0	526	24.9942965779468
A_NP	490	536	T	10	0	531	24.5555555555556
A_NP	491	538	G	8	0	531	23.7099811676083
A_NP	492	538	C	8	0	537	22.9329608938547
A_NP	493	537	T	9	0	526	24.1825095057034
A_NP	494	542	C	4	0	535	24.018691588785
A_NP	495	520	T	26	0	514	26.1128404669261
A_NP	496	536	T	10	0	524	27.2748091603053
A_NP	497	540	T	6	0	526	28.2566539923954
A_NP	498	543	G	3	0	535	27.4429906542056
A_NP	499	542	A	4	0	533	26.9737335834897
A_NP	500	541	T	5	0	536	26.0783582089552
A_NP	501	538	G	8	0	537	25.0037243947858
A_NP	502	537	C	9	0	528	24.0454545454545
A_NP	503	523	A	23	0	472	17.3813559322034
A_NP	504	527	G	19	0	517	15.816247582205
A_NP	505	543	G	3	0	533	15.7279549718574
A_NP	506	539	G	7	0	529	19.3156899810964
A_NP	507	537	T	9	0	528	20.3920454545455
A_NP	508	542	T	4	0	528	23.3882575757576
A_NP	509	541	C	5	0	528	23.9640151515152
A_NP	510	538	G	8	0	526	21.4847908745247
A_NP	511	542	A	4	0	537	20.6201117318436
A_NP	512	533	C	13	0	528	20.6969696969697
A_NP	513	511	T	35	0	502	22.0737051792829
A_NP	514	534	C	12	0	532	21.8214285714286
A_NP	515	537	T	9	0	531	26.0790960451977
A_NP	516	447	C	99	0	435	29.5494252873563
A_NP	517	527	C	19	0	525	23.712380952381
A_NP	518	529	C	17	0	520	17.9442307692308
A_NP	519	519	T	27	0	506	16.800395256917
A_NP	520	524	A	22	0	504	20.4821428571429
A_NP	521	502	G	44	0	499	19.8216432865731
A_NP	522	535	G	11	0	522	18.7471264367816
A_NP	523	538	A	8	0	530	19.3433962264151
A_NP	524	539	G	7	0	529	21.65595463138
A_NP	525	542	G	4	0	536	20.9477611940299
A_NP	526	541	T	5	0	537	18.2048417132216
A_NP	527	536	C	10	0	533	21.0112570356473
A_NP	528	523	T	23	0	491	22.1486761710794
A_NP	529	530	G	16	0	486	23.3292181069959
A_NP	530	512	G	34	0	478	24.2594142259414
A_NP	531	482	A	64	0	460	21.2978260869565
A_NP	532	532	G	14	0	524	19.7137404580153
A_NP	533	521	C	25	0	496	20.5282258064516
A_NP	534	530	C	16	0	519	19.4065510597303
A_NP	535	529	G	17	0	508	19.6515748031496
A_NP	536	540	C	6	0	534	19.6966292134831
A_NP	537	536	A	10	0	521	18.8080614203455
A_NP	538	537	G	9	0	530	18.3943396226415
A_NP	539	541	G	5	0	538	18.864312267658
A_NP	540	542	C	4	0	529	18.6427221172023
A_NP	541	537	G	9	0	533	17.9155722326454
A_NP	542	538	C	8	0	535	18.9943925233645
A_NP	543	533	T	13	0	528	19.6799242424242
A_NP	544	539	G	7	0	516	18.546511627907
A_NP	545	537	C	9	0	532	18.7575187969925
A_NP	546	534	A	12	0	527	16.3415559772296
A_NP	547	540	G	6	0	526	15.8307984790875
A_NP	548	539	T	7	0	531	16.8154425612053
A_NP	549	541	C	5	0	534	17.1367041198502
A_NP	550	499	A	47	0	488	15.8094262295082
A_NP	551	532	A	14	0	525	16.8057142857143
A_NP	552	524	A	22	0	510	16.5294117647059
A_NP	553	524	G	22	0	517	17.9767891682785
A_NP	554	529	G	17	0	525	18.2095238095238
A_NP	555	520	A	26	0	497	15.7967806841046
A_NP	556	537	G	9	0	534	17.123595505618
A_NP	557	538	T	8	0	533	17.3377110694184
A_NP	558	542	T	4	0	535	18.0280373831776
A_NP	559	541	G	5	0	537	23.2420856610801
A_NP	560	540	G	6	0	539	23.5621521335807
A_NP	561	540	G	6	0	526	23.0380228136882
A_NP	562	539	A	7	0	536	24.3694029850746
A_NP	563	537	C	9	0	532	24.4172932330827
A_NP	564	538	A	8	0	534	23.6198501872659
A_NP	565	538	A	6	0	529	24.7221172022684
A_NP	566	532	T	12	0	528	24.8030303030303
A_NP	567	528	G	16	0	515	25.1378640776699
A_NP	568	534	G	10	0	523	22.82982791587
A_NP	569	538	T	6	0	520	22.8288461538462
A_NP	570	541	G	3	0	536	22.8638059701493
A_NP	571	541	A	3	0	537	23.9534450651769
A_NP	572	541	T	3	0	536	25.6399253731343
A_NP	573	533	G	11	0	533	25.219512195122
A_NP	574	541	G	3	0	539	23.2022263450835
A_NP	575	523	A	21	0	519	21.1926782273603
A_NP	576	539	G	5	0	535	21.003738317757
A_NP	577	533	T	11	0	525	20.7047619047619
A_NP	578	539	T	5	0	528	21.3125
A_NP	579	541	G	3	0	532	24.5075187969925
A_NP	580	541	A	3	0	536	25.3078358208955
A_NP	581	537	T	7	0	531	25.9171374764595
A_NP	582	540	C	4	0	538	25.9423791821561
A_NP	583	536	A	8	0	508	19.8779527559055
A_NP	584	511	G	33	0	509	18.1984282907662
A_NP	585	542	G	2	0	531	18.8455743879473
A_NP	586	542	A	2	0	541	19.5859519408503
A_NP	587	542	T	2	0	539	23.9944341372913
A_NP	588	541	G	3	0	539	25.2133580705009
A_NP	589	542	A	2	0	537	25.4432029795158
A_NP	590	542	T	2	0	536	25.6529850746269
A_NP	591	541	C	3	0	532	25.9454887218045
A_NP	592	534	A	10	0	525	24.2533333333333
A_NP	593	540	A	4	0	528	23.9621212121212
A_NP	594	539	A	5	0	523	24.6615678776291
A_NP	595	538	C	6	0	534	23.0786516853933
A_NP	596	531	G	13	0	519	21.5356454720617
A_NP	597	532	T	12	0	521	20.9443378119002
A_NP	598	531	G	13	0	522	21.0766283524904
A_NP	599	539	G	5	0	534	20.9044943820225
A_NP	600	540	G	4	0	529	20.9319470699433
A_NP	601	538	A	6	0	535	22.4616822429907
A_NP	602	539	T	5	0	534	22.6722846441948
A_NP	603	539	C	5	0	538	23.0185873605948
A_NP	604	530	A	14	0	527	21.0550284629981
A_NP	605	537	A	7	0	527	20.4705882352941
A_NP	606	539	T	5	0	526	23.3783269961977
A_NP	607	541	G	3	0	533	23.1651031894934
A_NP	608	542	A	2	0	534	23.5037453183521
A_NP	609	542	T	2	0	532	24.5187969924812
A_NP	610	539	C	5	0	533	23.0637898686679
A_NP	611	531	G	13	0	513	19.6608187134503
A_NP	612	539	G	5	0	530	19.6207547169811
A_NP	613	532	A	12	0	524	20.3072519083969
A_NP	614	539	A	5	0	533	21.8705440900563
A_NP	615	532	C	12	0	520	22.9615384615385
A_NP	616	527	T	17	0	524	23.4351145038168
A_NP	617	522	T	22	0	517	24.0502901353965
A_NP	618	528	C	16	0	526	25.0570342205323
A_NP	619	529	T	15	0	526	24.1292775665399
A_NP	620	527	G	17	0	522	24.3639846743295
A_NP	621	524	G	20	0	520	24.9173076923077
A_NP	622	523	A	21	0	520	24.9538461538462
A_NP	623	529	G	15	0	526	25.0057034220532
A_NP	624	533	A	11	0	527	23.2087286527514
A_NP	625	537	G	7	0	532	29.3458646616541
A_NP	626	538	G	6	0	533	20.9193245778612
A_NP	627	536	T	8	0	527	20.2903225806452
A_NP	628	534	G	10	0	533	22.0881801125704
A_NP	629	534	A	10	0	533	23.609756097561
A_NP	630	539	G	5	0	528	23.1420454545455
A_NP	631	542	A	2	0	539	22.2003710575139
A_NP	632	542	A	2	0	541	22.5323475046211
A_NP	633	542	T	2	0	537	23.4655493482309
A_NP	634	538	G	6	0	535	24.7682242990654
A_NP	635	539	G	5	0	535	23.4710280373832
A_NP	636	536	G	8	0	530	22.1377358490566
A_NP	637	533	C	11	0	530	21.3471698113208
A_NP	638	539	G	5	0	528	19.0340909090909
A_NP	639	537	G	7	0	527	19.0379506641366
A_NP	640	524	A	20	0	523	19.2944550669216
A_NP	641	537	A	7	0	529	21.1436672967864
A_NP	642	538	A	6	0	528	27.5227272727273
A_NP	643	539	A	5	0	524	28.1545801526718
A_NP	644	540	C	4	0	531	24.8474576271186
A_NP	645	529	A	15	0	520	23.1730769230769
A_NP	646	532	A	12	0	519	21.7129094412331
A_NP	647	523	G	21	0	516	19.8779069767442
A_NP	648	535	G	9	0	521	20.6698656429942
A_NP	649	530	A	14	0	523	20.1586998087954
A_NP	650	537	A	7	0	514	22.0953307392996
A_NP	651	536	T	8	0	531	22.3295668549906
A_NP	652	534	G	10	0	526	22.3479087452471
A_NP	653	528	C	16	0	519	21.1425818882466
A_NP	654	515	T	29	0	506	21.0849802371541
A_NP	655	527	T	17	0	508	21.1515748031496
A_NP	656	534	A	10	0	516	21.5581395348837
A_NP	657	536	T	8	0	514	21.5603112840467
A_NP	658	530	G	14	0	524	22.206106870229
A_NP	659	530	A	14	0	521	23.78886756238
A_NP	660	528	G	16	0	516	22.7228682170543
A_NP	661	534	A	10	0	527	27.8975332068311
A_NP	662	534	G	10	0	529	45.9981096408318
A_NP	663	532	A	12	0	520	24.7423076923077
A_NP	664	538	A	6	0	534	21.8707865168539
A_NP	665	528	T	16	0	524	22.3320610687023
A_NP	666	524	G	20	0	513	22.9181286549708
A_NP	667	535	T	9	0	526	21.8859315589354
A_NP	668	535	G	9	0	517	20.1760154738878
A_NP	669	532	C	12	0	527	20.111954459203
A_NP	670	531	A	13	0	524	21.3625954198473
A_NP	671	540	A	4	0	504	20.1011904761905
A_NP	672	542	C	2	0	530	19.9698113207547
A_NP	673	541	A	3	0	537	19.9906890130354
A_NP	674	538	T	6	0	534	20.4307116104869
A_NP	675	538	T	6	0	526	24.9144486692015
A_NP	676	538	C	6	0	534	24.9307116104869
A_NP	677	539	T	5	0	534	24.0580524344569
A_NP	678	538	C	6	0	536	25.580223880597
A_NP	679	491	A	53	0	485	25.1134020618557
A_NP	680	533	A	11	0	531	25.7250470809793
A_NP	681	528	A	16	0	502	20.7470119521912
A_NP	682	524	G	20	0	520	20.5692307692308
A_NP	683	532	G	12	0	512	20.19921875
A_NP	684	523	A	21	0	509	18.147347740668
A_NP	685	530	A	14	0	519	19.8188824662813
A_NP	686	530	A	14	0	519	20.102119460501
A_NP	687	530	A	14	0	523	19.9139579349904
A_NP	688	531	T	13	0	502	20.195219123506
A_NP	689	537	T	7	0	524	21.9083969465649
A_NP	690	538	T	6	0	526	21.8574144486692
A_NP	691	537	C	7	0	523	23.2504780114723
A_NP	692	531	A	13	0	527	20.7855787476281
A_NP	693	541	A	3	0	539	20.5454545454545
A_NP	694	541	A	3	0	527	22.1385199240987
A_NP	695	541	C	3	0	537	22.5772811918063
A_NP	696	538	A	6	0	532	21.4906015037594
A_NP	697	541	G	3	0	532	20.4812030075188
A_NP	698	541	C	3	0	537	21.3724394785847
A_NP	699	541	T	3	0	535	22.3196261682243
A_NP	700	536	G	8	0	534	23.2958801498127
A_NP	701	534	C	10	0	531	24.8587570621469
A_NP	702	531	A	13	0	520	24.1923076923077
A_NP	703	535	C	9	0	528	23.4318181818182
A_NP	704	519	A	25	0	514	24.136186770428
A_NP	705	531	A	13	0	522	23.6513409961686
A_NP	706	538	A	6	0	533	21.562851782364
A_NP	707	534	G	10	0	513	25.3976608187135
A_NP	708	534	A	10	0	509	22.2554027504912
A_NP	709	540	G	4	0	537	20.364990689013
A_NP	710	539	C	5	0	535	19.6616822429907
A_NP	711	532	A	12	0	530	20.4716981132075
A_NP	712	539	A	5	0	533	23.5515947467167
A_NP	713	537	T	7	0	525	25.5009523809524
A_NP	714	539	G	5	0	537	25.5828677839851
A_NP	715	541	A	3	0	533	25.4165103189493
A_NP	716	539	T	5	0	535	25.9214953271028
A_NP	717	537	G	7	0	537	25.4972067039106
A_NP	718	539	G	5	0	539	23.4916512059369
A_NP	719	539	A	5	0	538	23.4200743494424
A_NP	720	539	T	5	0	536	23.9421641791045
A_NP	721	541	C	3	0	539	24.4025974025974
A_NP	722	533	A	11	0	523	24.7208413001912
A_NP	723	535	A	9	0	518	22.969111969112
A_NP	724	535	G	9	0	529	21.9338374291115
A_NP	725	533	T	11	0	523	22.5697896749522
A_NP	726	498	G	46	0	484	23.7685950413223
A_NP	727	492	A	52	0	488	23.3319672131148
A_NP	728	511	G	33	0	504	22.0238095238095
A_NP	729	504	A	40	0	495	24.369696969697
A_NP	730	522	G	22	0	517	28.5280464216634
A_NP	731	510	A	34	0	502	25.8207171314741
A_NP	732	532	A	12	0	530	19.0301886792453
A_NP	733	538	A	6	0	531	19.0527306967985
A_NP	734	532	G	12	0	526	19.2053231939163
A_NP	735	508	C	36	0	496	19.6028225806452
A_NP	736	535	C	9	0	513	17.3957115009747
A_NP	737	534	G	10	0	517	15.8568665377176
A_NP	738	541	G	3	0	526	16.5
A_NP	739	537	A	7	0	535	17.2616822429907
A_NP	740	534	A	10	0	525	19.7314285714286
A_NP	741	509	C	35	0	507	21.439842209073
A_NP	742	527	C	17	0	501	21.4630738522954
A_NP	743	534	C	10	0	508	19.990157480315
A_NP	744	529	A	15	0	517	19.2185686653772
A_NP	745	521	G	23	0	512	20.537109375
A_NP	746	539	G	5	0	532	20.3815789473684
A_NP	747	534	A	10	0	530	19.911320754717
A_NP	748	540	A	4	0	538	24.3066914498141
A_NP	749	540	A	4	0	536	23.7201492537313
A_NP	750	532	T	12	0	520	24.2730769230769
A_NP	751	532	G	12	0	525	23.8761904761905
A_NP	752	531	C	13	0	527	22.6603415559772
A_NP	753	538	T	6	0	527	21.9430740037951
A_NP	754	538	G	6	0	536	20.919776119403
A_NP	755	536	A	8	0	534	20.8014981273408
A_NP	756	526	G	18	0	523	20.0707456978968
A_NP	757	539	A	5	0	534	20.2453183520599
A_NP	758	542	T	2	0	538	19.6691449814126
A_NP	759	542	C	2	0	532	19.5864661654135
A_NP	760	523	G	21	0	502	14.4402390438247
A_NP	761	523	A	21	0	507	14.1262327416174
A_NP	762	530	A	14	0	514	14.7198443579767
A_NP	763	530	G	14	0	523	16.3250478011472
A_NP	764	533	A	11	0	520	18.2461538461538
A_NP	765	535	T	9	0	525	18.072380952381
A_NP	766	532	C	12	0	528	18.907196969697
A_NP	767	534	T	8	0	525	20.9142857142857
A_NP	768	534	C	8	0	528	22.6893939393939
A_NP	769	527	A	7	0	513	21.9863547758285
A_NP	770	528	T	6	0	523	22.2982791586998
A_NP	771	528	C	6	0	516	22.8062015503876
A_NP	772	509	T	25	0	502	22.4900398406375
A_NP	773	524	T	10	0	517	22.8878143133462
A_NP	774	521	T	11	0	509	23.1512770137525
A_NP	775	518	C	14	0	512	22.642578125
A_NP	776	507	T	25	0	494	17.7935222672065
A_NP	777	486	G	45	0	389	16.8226221079692
A_NP	778	490	G	41	0	429	15.8951048951049
A_NP	779	506	C	25	0	482	15.1825726141079
A_NP	780	510	A	21	0	490	14.8571428571429
A_NP	781	498	C	33	0	474	16.1940928270042
A_NP	782	510	G	21	0	451	16.6407982261641
A_NP	783	524	G	7	0	506	15.2292490118577
A_NP	784	524	T	7	0	522	15.5689655172414
A_NP	785	525	C	6	0	521	16.8176583493282
A_NP	786	524	T	7	0	511	20.4598825831703
A_NP	787	516	G	15	0	496	20.9254032258065
A_NP	788	518	C	13	0	510	21.0882352941176
A_NP	789	508	A	23	0	500	21.056
A_NP	790	526	C	5	0	524	20.0858778625954
A_NP	791	524	T	7	0	521	21.5451055662188
A_NP	792	526	C	5	0	519	22.7206165703276
A_NP	793	523	A	8	0	516	22.7170542635659
A_NP	794	525	T	6	0	521	22.89443378119
A_NP	795	524	A	7	0	507	22.8816568047337
A_NP	796	527	T	4	0	512	22.66796875
A_NP	797	527	T	4	0	520	23.4942307692308
A_NP	798	519	G	12	0	514	23.1381322957198
A_NP	799	519	A	12	0	511	22.293542074364
A_NP	800	517	G	14	0	515	22.1805825242718
A_NP	801	521	A	10	0	513	25.0740740740741
A_NP	802	498	G	33	0	486	22.4691358024691
A_NP	803	528	G	3	0	524	20.9828244274809
A_NP	804	528	G	3	0	507	19.3806706114398
A_NP	805	526	T	5	0	517	18.4700193423598
A_NP	806	525	C	6	0	520	21.475
A_NP	807	519	A	12	0	509	19.139489194499
A_NP	808	519	G	12	0	518	18.8899613899614
A_NP	809	523	T	8	0	502	21.7988047808765
A_NP	810	526	T	5	0	523	22.5009560229445
A_NP	811	523	G	8	0	519	22.4084778420039
A_NP	812	520	C	11	0	511	22.9686888454012
A_NP	813	521	T	10	0	506	23.5731225296443
A_NP	814	524	C	7	0	515	23.3533980582524
A_NP	815	523	A	8	0	500	21.272
A_NP	816	525	C	6	0	507	21.2228796844181
A_NP	817	523	A	8	0	519	21.8053949903661
A_NP	818	529	A	2	0	519	22.1637764932563
A_NP	819	528	A	3	0	523	23.1548757170172
A_NP	820	527	T	4	0	521	24.3090211132438
A_NP	821	526	C	5	0	520	24.1807692307692
A_NP	822	517	T	14	0	496	23.1310483870968
A_NP	823	525	T	6	0	519	23.2986512524085
A_NP	824	526	G	5	0	507	21.8895463510848
A_NP	825	529	T	2	0	514	21.3307392996109
A_NP	826	525	C	6	0	524	21.7709923664122
A_NP	827	524	T	7	0	516	21.4961240310078
A_NP	828	521	G	10	0	513	22.7836257309942
A_NP	829	519	C	12	0	518	22.7567567567568
A_NP	830	525	C	6	0	522	22.4291187739464
A_NP	831	522	T	9	0	515	22.2
A_NP	832	522	G	9	0	514	22.9591439688716
A_NP	833	519	C	12	0	514	23.7062256809339
A_NP	834	523	C	8	0	518	23.1023166023166
A_NP	835	502	T	29	0	496	22.7318548387097
A_NP	836	503	G	28	0	497	23.7042253521127
A_NP	837	523	T	8	0	519	24.7225433526012
A_NP	838	523	G	8	0	520	30.5538461538462
A_NP	839	527	T	4	0	518	61.0366795366795
A_NP	840	529	G	2	0	517	57.6557059961315
A_NP	841	523	T	8	0	513	27.8382066276803
A_NP	842	524	A	7	0	515	22.3592233009709
A_NP	843	530	T	1	0	523	23.0592734225621
A_NP	844	530	G	1	0	528	22.655303030303
A_NP	845	529	G	2	0	525	22.4019047619048
A_NP	846	527	A	3	0	516	23.296511627907
A_NP	847	523	C	7	0	519	23.4566473988439
A_NP	848	523	C	7	0	515	22.7009708737864
A_NP	849	523	T	7	0	503	22.5089463220676
A_NP	850	527	G	3	0	520	22.6134615384615
A_NP	851	523	C	7	0	517	22.8452611218569
A_NP	852	527	C	3	0	491	21.0692464358452
A_NP	853	525	G	5	0	515	18.6368932038835
A_NP	854	526	T	4	0	504	18.4662698412698
A_NP	855	523	A	7	0	503	19.1590457256461
A_NP	856	522	G	8	0	515	20.947572815534
A_NP	857	518	C	12	0	514	25.6789883268482
A_NP	858	525	C	5	0	513	24.9805068226121
A_NP	859	527	A	3	0	519	22.6107899807322
A_NP	860	525	G	5	0	516	21.3682170542636
A_NP	861	527	T	3	0	526	20.8897338403042
A_NP	862	515	G	15	0	510	21.4352941176471
A_NP	863	525	G	5	0	523	21.7246653919694
A_NP	864	526	G	4	0	511	20.6086105675147
A_NP	865	526	T	4	0	508	20.1653543307087
A_NP	866	519	A	11	0	510	20.656862745098
A_NP	867	521	C	9	0	498	19.2289156626506
A_NP	868	523	G	7	0	517	17.9032882011605
A_NP	869	528	A	2	0	523	17.8221797323136
A_NP	870	526	C	4	0	525	17.9828571428571
A_NP	871	518	T	12	0	513	19.9025341130604
A_NP	872	502	T	28	0	500	21.818
A_NP	873	496	C	34	0	478	18.8326359832636
A_NP	874	509	G	21	0	484	15.0247933884298
A_NP	875	400	A	130	0	364	15.0686813186813
A_NP	876	509	A	21	0	494	15.7368421052632
A_NP	877	518	A	12	0	513	18.7270955165692
A_NP	878	517	A	12	0	503	20.624254473161
A_NP	879	514	A	15	0	505	18.3227722772277
A_NP	880	510	G	19	0	510	19.7627450980392
A_NP	881	510	A	19	0	506	20.9288537549407
A_NP	882	449	G	80	0	436	20.3302752293578
A_NP	883	525	G	4	0	523	19.925430210325
A_NP	884	525	G	4	0	523	18.8470363288719
A_NP	885	523	A	6	0	516	16.9031007751938
A_NP	886	525	T	4	0	523	20.6558317399618
A_NP	887	526	A	3	0	512	20.40625
A_NP	888	501	C	28	0	492	20.1890243902439
A_NP	889	497	T	32	0	491	20.7209775967413
A_NP	890	523	C	6	0	514	20.7237354085603
A_NP	891	511	T	18	0	496	22.4254032258065
A_NP	892	522	T	7	0	517	23.2998065764023
A_NP	893	524	T	5	0	521	24.1151631477927
A_NP	894	512	A	17	0	289	19.7058823529412
A_NP	895	518	G	11	0	512	19.07421875
A_NP	896	523	T	6	0	511	19.187866927593
A_NP	897	518	A	11	0	497	20.0181086519115
A_NP	898	499	G	30	0	481	19.5862785862786
A_NP	899	524	G	5	0	518	19.0694980694981
A_NP	900	526	G	3	0	517	21.1353965183752
A_NP	901	524	A	5	0	520	21.3269230769231
A_NP	902	526	T	3	0	513	21.5536062378168
A_NP	903	522	A	7	0	490	18.7632653061224
A_NP	904	525	G	4	0	501	17.7744510978044
A_NP	905	521	A	8	0	515	18.0174757281553
A_NP	906	511	C	18	0	497	18.4466800804829
A_NP	907	521	C	8	0	516	17.7926356589147
A_NP	908	516	C	13	0	505	19.180198019802
A_NP	909	510	T	19	0	501	19.9520958083832
A_NP	910	521	T	8	0	519	21.2447013487476
A_NP	911	526	T	3	0	517	25.2243713733075
A_NP	912	525	C	4	0	518	25.027027027027
A_NP	913	520	A	9	0	516	22.2771317829457
A_NP	914	526	A	3	0	518	21.6756756756757
A_NP	915	527	A	2	0	508	23.1200787401575
A_NP	916	527	C	2	0	518	22.53861003861
A_NP	917	527	T	2	0	521	22.8445297504798
A_NP	918	526	G	3	0	509	21.8015717092338
A_NP	919	524	C	5	0	518	22.3629343629344
A_NP	920	522	T	7	0	519	22.8959537572254
A_NP	921	524	T	5	0	514	23.1147859922179
A_NP	922	523	C	6	0	516	23.6240310077519
A_NP	923	512	A	17	0	507	21.792899408284
A_NP	924	524	A	5	0	522	21.6245210727969
A_NP	925	526	A	3	0	522	24.0344827586207
A_NP	926	526	A	3	0	507	25.7080867850099
A_NP	927	526	C	3	0	518	23.2760617760618
A_NP	928	529	A	0	0	523	21.9942638623327
A_NP	929	522	G	7	0	517	20.7137330754352
A_NP	930	518	C	11	0	504	21.4047619047619
A_NP	931	519	C	10	0	508	21.492125984252
A_NP	932	518	A	11	0	513	22.0194931773879
A_NP	933	524	A	5	0	518	21.007722007722
A_NP	934	520	G	9	0	513	19.9025341130604
A_NP	935	522	T	6	0	514	20.8910505836576
A_NP	936	525	A	2	0	516	22.0251937984496
A_NP	937	523	T	4	0	511	21.8923679060665
A_NP	938	519	A	8	0	496	21.695564516129
A_NP	939	518	C	9	0	514	21.1906614785992
A_NP	940	522	A	5	0	515	20.631067961165
A_NP	941	525	G	2	0	522	20.0306513409962
A_NP	942	512	C	15	0	509	21.2770137524558
A_NP	943	523	C	4	0	514	20.5486381322957
A_NP	944	522	T	5	0	511	18.2544031311155
A_NP	945	526	A	1	0	517	22.605415860735
A_NP	946	526	A	1	0	520	24.0961538461538
A_NP	947	525	T	2	0	521	24.7946257197697
A_NP	948	522	C	5	0	516	25.687984496124
A_NP	949	525	A	2	0	517	21.1876208897485
A_NP	950	525	G	2	0	516	20.6434108527132
A_NP	951	526	A	1	0	514	22.3793774319066
A_NP	952	519	C	8	0	513	22.6198830409357
A_NP	953	524	C	3	0	482	20.0228215767635
A_NP	954	520	G	7	0	504	17.5912698412698
A_NP	955	524	A	3	0	520	17.4711538461538
A_NP	956	523	A	4	0	514	17.988326848249
A_NP	957	523	T	4	0	516	20.1085271317829
A_NP	958	521	G	6	0	516	22.7383720930233
A_NP	959	522	A	5	0	519	23.5337186897881
A_NP	960	522	G	5	0	509	21.3713163064833
A_NP	961	521	A	6	0	517	20.8220502901354
A_NP	962	523	A	4	0	519	21.0616570327553
A_NP	963	520	T	7	0	517	22.6673114119923
A_NP	964	508	C	19	0	505	24.5544554455446
A_NP	965	524	C	3	0	521	22.3051823416507
A_NP	966	522	A	4	0	518	21.7471042471042
A_NP	967	515	G	10	0	497	21.8490945674044
A_NP	968	508	C	17	0	504	22.2996031746032
A_NP	969	511	A	14	0	497	22.3440643863179
A_NP	970	521	C	4	0	513	22.3372319688109
A_NP	971	519	A	6	0	515	30.5805825242718
A_NP	972	519	C	6	0	512	53.8046875
A_NP	973	480	A	45	0	475	33.6
A_NP	974	518	A	6	0	505	19.2336633663366
A_NP	975	518	G	6	0	512	16.869140625
A_NP	976	520	A	4	0	516	18.7112403100775
A_NP	977	519	G	5	0	511	21.5127201565558
A_NP	978	522	T	2	0	514	20.6186770428016
A_NP	979	520	C	4	0	516	22.1686046511628
A_NP	980	516	A	8	0	502	21.8705179282869
A_NP	981	514	G	10	0	497	22.0784708249497
A_NP	982	521	C	3	0	500	22.594
A_NP	983	517	T	7	0	510	22.9921568627451
A_NP	984	520	G	4	0	518	23.8880308880309
A_NP	985	507	G	16	0	498	22.8132530120482
A_NP	986	508	T	15	0	504	22.7162698412698
A_NP	987	519	G	4	0	511	23.3268101761252
A_NP	988	517	T	6	0	511	25.8962818003914
A_NP	989	516	G	7	0	513	31.7719298245614
A_NP	990	522	G	1	0	521	25.9001919385797
A_NP	991	522	A	1	0	516	25.7151162790698
A_NP	992	521	T	2	0	520	24.9192307692308
A_NP	993	516	G	7	0	504	23.3452380952381
A_NP	994	518	G	5	0	507	22.2603550295858
A_NP	995	518	C	5	0	508	22.4566929133858
A_NP	996	516	A	7	0	506	22.2134387351779
A_NP	997	513	T	10	0	506	21.8320158102767
A_NP	998	516	G	7	0	492	20.3536585365854
A_NP	999	513	C	10	0	503	20.1351888667992
A_NP	1000	516	A	7	0	497	19.7464788732394
A_NP	1001	518	A	5	0	503	18.6182902584493
A_NP	1002	518	T	5	0	506	20.7628458498024
A_NP	1003	515	T	8	0	508	22.3031496062992
A_NP	1004	505	C	18	0	502	23.2211155378486
A_NP	1005	512	T	11	0	505	24.6871287128713
A_NP	1006	514	G	9	0	504	24.1210317460317
A_NP	1007	519	C	4	0	513	23.1578947368421
A_NP	1008	519	T	4	0	513	22.2085769980507
A_NP	1009	518	G	5	0	508	22.0393700787402
A_NP	1010	519	C	4	0	513	22.8440545808967
A_NP	1011	519	A	4	0	514	23.4007782101167
A_NP	1012	514	T	9	0	511	24.0293542074364
A_NP	1013	522	T	1	0	515	25.5029126213592
A_NP	1014	522	T	1	0	520	25.8019230769231
A_NP	1015	520	G	3	0	520	24.7903846153846
A_NP	1016	517	A	6	0	513	25.5009746588694
A_NP	1017	521	A	2	0	514	23.7120622568093
A_NP	1018	520	G	3	0	514	21.9805447470817
A_NP	1019	520	A	3	0	514	22.9552529182879
A_NP	1020	521	T	2	0	515	21.2990291262136
A_NP	1021	522	C	1	0	508	21.8759842519685
A_NP	1022	521	T	2	0	517	20.9980657640232
A_NP	1023	502	A	21	0	489	20.8650306748466
A_NP	1024	502	A	21	0	489	21.0204498977505
A_NP	1025	493	G	30	0	474	17.2784810126582
A_NP	1026	520	A	3	0	504	18.7996031746032
A_NP	1027	520	G	3	0	498	18.5020080321285
A_NP	1028	520	T	3	0	507	18
A_NP	1029	522	A	1	0	513	19.4873294346979
A_NP	1030	520	T	3	0	516	20.9573643410853
A_NP	1031	519	C	4	0	513	23.8284600389864
A_NP	1032	501	A	22	0	495	19.7171717171717
A_NP	1033	519	A	4	0	512	18.37109375
A_NP	1034	519	G	4	0	507	19.4161735700197
A_NP	1035	520	C	3	0	513	20.1851851851852
A_NP	1036	510	T	13	0	506	21.1383399209486
A_NP	1037	514	T	8	0	507	22.4792899408284
A_NP	1038	516	C	6	0	514	24.7568093385214
A_NP	1039	516	A	6	0	510	24.0470588235294
A_NP	1040	518	T	4	0	512	23.958984375
A_NP	1041	518	C	4	0	510	24.8078431372549
A_NP	1042	515	A	7	0	512	22.1796875
A_NP	1043	515	G	7	0	513	20.8109161793372
A_NP	1044	516	A	6	0	511	21.692759295499
A_NP	1045	495	G	27	0	493	23.5922920892495
A_NP	1046	520	G	2	0	516	21.9321705426357
A_NP	1047	520	G	2	0	509	20.2888015717092
A_NP	1048	519	A	3	0	511	19.5088062622309
A_NP	1049	510	C	12	0	498	21.3975903614458
A_NP	1050	516	C	5	0	489	21.0245398773006
A_NP	1051	497	A	24	0	488	21.2151639344262
A_NP	1052	512	A	9	0	509	21.3870333988212
A_NP	1053	520	A	1	0	513	19.8576998050682
A_NP	1054	520	G	1	0	510	20.2921568627451
A_NP	1055	521	T	0	0	513	19.7387914230019
A_NP	1056	516	A	5	0	506	20.9367588932806
A_NP	1057	519	A	1	0	512	21.37890625
A_NP	1058	519	T	1	0	513	23.7446393762183
A_NP	1059	507	C	13	0	503	25.5984095427435
A_NP	1060	513	C	7	0	509	23.721021611002
A_NP	1061	509	C	11	0	494	22.9028340080972
A_NP	1062	502	A	17	0	498	22.7449799196787
A_NP	1063	483	A	36	0	474	20.493670886076
A_NP	1064	269	G	250	0	245	17.6979591836735
A_NP	1065	370	G	149	0	353	17.9773371104816
A_NP	1066	453	G	66	0	446	17.4372197309417
A_NP	1067	498	G	21	0	494	17.1740890688259
A_NP	1068	500	G	19	0	488	16.1024590163934
A_NP	1069	496	A	23	0	495	16.4444444444444
A_NP	1070	499	A	20	0	495	15.9373737373737
A_NP	1071	498	A	21	0	482	17.545643153527
A_NP	1072	515	C	4	0	513	18.3528265107212
A_NP	1073	505	T	14	0	500	21.334
A_NP	1074	510	T	9	0	506	22.7233201581028
A_NP	1075	510	T	9	0	508	25.0846456692913
A_NP	1076	510	C	9	0	507	25.6962524654832
A_NP	1077	518	C	1	0	513	22.6608187134503
A_NP	1078	517	A	2	0	509	20.7347740667976
A_NP	1079	515	C	4	0	508	21.8011811023622
A_NP	1080	512	T	7	0	498	22.0261044176707
A_NP	1081	508	A	10	0	503	20.6381709741551
A_NP	1082	500	G	18	0	495	18.4323232323232
A_NP	1083	504	A	14	0	492	18.3963414634146
A_NP	1084	484	G	34	0	479	21.2672233820459
A_NP	1085	500	G	18	0	475	17.4378947368421
A_NP	1086	496	A	22	0	485	15.8783505154639
A_NP	1087	508	G	10	0	478	17
A_NP	1088	508	T	10	0	499	16.937875751503
A_NP	1089	507	A	11	0	497	17.9215291750503
A_NP	1090	506	C	12	0	498	18.7269076305221
A_NP	1091	498	A	20	0	493	21.8843813387424
A_NP	1092	514	A	4	0	502	22.4003984063745
A_NP	1093	514	A	3	0	511	22.1956947162427
A_NP	1094	513	T	4	0	502	22.2788844621514
A_NP	1095	511	T	6	0	504	23.6845238095238
A_NP	1096	510	G	7	0	503	21.155069582505
A_NP	1097	507	C	10	0	496	21.1774193548387
A_NP	1098	505	T	12	0	493	21.6227180527383
A_NP	1099	511	T	6	0	507	21.6844181459566
A_NP	1100	508	C	8	0	499	24.0080160320641
A_NP	1101	511	A	5	0	508	22.2933070866142
A_NP	1102	512	A	4	0	510	22.2176470588235
A_NP	1103	511	A	4	0	504	23.672619047619
A_NP	1104	511	T	4	0	507	24.7475345167653
A_NP	1105	512	G	3	0	509	22.9115913555992
A_NP	1106	509	A	6	0	499	23.4889779559118
A_NP	1107	512	A	3	0	500	22.324
A_NP	1108	511	A	4	0	505	25.4871287128713
A_NP	1109	510	A	5	0	501	25.9960079840319
A_NP	1110	512	C	3	0	503	25.4592445328032
A_NP	1111	512	A	2	0	504	24.6210317460317
A_NP	1112	512	T	2	0	511	24.4461839530333
A_NP	1113	512	G	2	0	509	24.0196463654224
A_NP	1114	513	G	1	0	506	23.0098814229249
A_NP	1115	512	A	2	0	507	22.7692307692308
A_NP	1116	510	T	5	0	505	22.9366336633663
A_NP	1117	512	A	3	0	497	22.7887323943662
A_NP	1118	512	C	3	0	503	23.182902584493
A_NP	1119	512	T	3	0	500	23.012
A_NP	1120	511	A	4	0	508	23.1633858267717
A_NP	1121	509	T	6	0	503	24.2266401590457
A_NP	1122	503	G	12	0	492	23.8353658536585
A_NP	1123	513	G	2	0	513	21.9941520467836
A_NP	1124	513	G	2	0	506	21.6837944664032
A_NP	1125	513	A	2	0	504	22.9305555555556
A_NP	1126	512	T	3	0	505	23.7207920792079
A_NP	1127	514	C	1	0	509	24.7819253438114
A_NP	1128	504	A	11	0	495	22.6222222222222
A_NP	1129	515	A	0	0	505	20.3069306930693
A_NP	1130	513	G	1	0	486	18.9958847736626
A_NP	1131	513	T	1	0	497	20.2957746478873
A_NP	1132	512	A	2	0	497	21.2736418511066
A_NP	1133	497	C	17	0	493	20.393509127789
A_NP	1134	494	T	20	0	482	22.344398340249
A_NP	1135	500	C	14	0	489	22.8568507157464
A_NP	1136	500	T	14	0	493	23.9148073022312
A_NP	1137	508	T	6	0	497	24.1871227364185
A_NP	1138	507	G	7	0	504	22.8948412698413
A_NP	1139	508	A	6	0	503	22.2425447316103
A_NP	1140	510	A	4	0	504	22.1448412698413
A_NP	1141	509	C	5	0	304	23.6282894736842
A_NP	1142	511	T	3	0	505	22.4475247524752
A_NP	1143	495	G	19	0	483	22.0020703933747
A_NP	1144	501	A	13	0	493	21.9290060851927
A_NP	1145	505	G	9	0	500	20.898
A_NP	1146	509	A	9	0	504	20.0079365079365
A_NP	1147	515	A	3	0	509	20.8074656188605
A_NP	1148	512	G	6	0	504	21.7242063492063
A_NP	1149	513	C	5	0	503	20.9880715705765
A_NP	1150	512	A	6	0	499	20.3406813627255
A_NP	1151	507	G	10	0	496	19.6350806451613
A_NP	1152	513	G	4	0	497	19.2917505030181
A_NP	1153	515	T	2	0	501	19.4670658682635
A_NP	1154	515	A	2	0	504	20.2242063492063
A_NP	1155	512	C	5	0	505	20.7148514851485
A_NP	1156	511	T	6	0	505	21.7267326732673
A_NP	1157	505	G	12	0	493	21.7789046653144
A_NP	1158	509	G	8	0	499	20.9258517034068
A_NP	1159	508	G	9	0	501	20.6546906187625
A_NP	1160	506	C	11	0	502	21.00796812749
A_NP	1161	511	C	6	0	506	21.6482213438735
A_NP	1162	503	A	14	0	498	21.9698795180723
A_NP	1163	508	T	9	0	495	21.6767676767677
A_NP	1164	499	A	18	0	483	21.5942028985507
A_NP	1165	514	A	3	0	496	20.9415322580645
A_NP	1166	515	G	2	0	508	19.8602362204724
A_NP	1167	516	G	1	0	506	19.9901185770751
A_NP	1168	514	A	3	0	512	19.91015625
A_NP	1169	512	C	5	0	505	21.3643564356436
A_NP	1170	512	C	5	0	502	21.0916334661355
A_NP	1171	492	A	25	0	486	20.8888888888889
A_NP	1172	488	G	29	0	484	17.7128099173554
A_NP	1173	508	A	9	0	494	17.502024291498
A_NP	1174	512	A	5	0	506	17.5415019762846
A_NP	1175	509	G	8	0	498	17.1305220883534
A_NP	1176	508	T	9	0	503	17.8886679920477
A_NP	1177	505	G	12	0	504	18.9980158730159
A_NP	1178	509	G	8	0	508	19.0866141732283
A_NP	1179	504	A	13	0	489	19.5153374233129
A_NP	1180	417	G	100	0	399	21.4210526315789
A_NP	1181	500	G	17	0	483	17.935817805383
A_NP	1182	504	A	13	0	501	15.4890219560878
A_NP	1183	509	A	8	0	503	17.2783300198807
A_NP	1184	513	A	4	0	493	19.9716024340771
A_NP	1185	514	C	3	0	505	19.3742574257426
A_NP	1186	515	A	2	0	511	19.412915851272
A_NP	1187	511	C	5	0	506	19.5395256916996
A_NP	1188	513	T	3	0	500	20.598
A_NP	1189	510	A	6	0	504	22.7519841269841
A_NP	1190	515	A	1	0	511	22.7573385518591
A_NP	1191	515	T	1	0	507	23.7021696252465
A_NP	1192	514	C	2	0	512	24.86328125
A_NP	1193	515	A	1	0	509	22.1984282907662
A_NP	1194	516	A	0	0	498	19.8674698795181
A_NP	1195	516	C	0	0	512	20.63671875
A_NP	1196	503	A	13	0	498	19.9056224899598
A_NP	1197	502	G	14	0	500	19.58
A_NP	1198	514	A	2	0	504	20.3789682539683
A_NP	1199	494	G	22	0	486	23.0020576131687
A_NP	1200	513	G	3	0	509	18.8094302554028
A_NP	1201	514	G	2	0	510	20.5352941176471
A_NP	1202	505	C	11	0	493	19.525354969574
A_NP	1203	513	C	3	0	498	20.6244979919679
A_NP	1204	511	T	5	0	507	21.698224852071
A_NP	1205	515	C	1	0	510	22.8980392156863
A_NP	1206	507	T	9	0	497	23.5030181086519
A_NP	1207	511	G	5	0	498	22.5180722891566
A_NP	1208	509	C	7	0	501	22.0359281437126
A_NP	1209	511	A	5	0	507	19.7712031558185
A_NP	1210	509	G	7	0	505	18.6435643564356
A_NP	1211	514	G	2	0	510	18.8607843137255
A_NP	1212	515	T	1	0	505	19.619801980198
A_NP	1213	513	C	3	0	508	21.4783464566929
A_NP	1214	512	A	4	0	508	22.2834645669291
A_NP	1215	515	A	0	0	503	22.779324055666
A_NP	1216	513	A	1	0	503	23.9324055666004
A_NP	1217	513	T	1	0	502	23.9820717131474
A_NP	1218	512	C	2	0	508	23.8818897637795
A_NP	1219	507	A	7	0	500	19.2
A_NP	1220	503	G	11	0	499	18.7414829659319
A_NP	1221	504	T	9	0	502	20.0776892430279
A_NP	1222	512	G	1	0	509	20.7878192534381
A_NP	1223	510	T	2	0	501	22.0878243512974
A_NP	1224	509	A	3	0	480	21.75625
A_NP	1225	511	C	1	0	504	21.2301587301587
A_NP	1226	511	A	1	0	509	21.6581532416503
A_NP	1227	512	A	0	0	495	20.6424242424242
A_NP	1228	508	C	4	0	503	21.2842942345924
A_NP	1229	508	C	4	0	504	21.3531746031746
A_NP	1230	502	T	10	0	488	20.4856557377049
A_NP	1231	506	A	6	0	499	21.9679358717435
A_NP	1232	509	C	3	0	500	20.41
A_NP	1233	508	G	4	0	491	19.4623217922607
A_NP	1234	484	T	28	0	474	19.9198312236287
A_NP	1235	507	T	5	0	504	20.6507936507937
A_NP	1236	507	T	5	0	500	23.1
A_NP	1237	505	T	6	0	499	27.4509018036072
A_NP	1238	505	C	6	0	504	29.4940476190476
A_NP	1239	498	T	14	0	483	25.0144927536232
A_NP	1240	502	G	10	0	492	23.7642276422764
A_NP	1241	509	T	3	0	500	23.498
A_NP	1242	504	G	8	0	492	22.8475609756098
A_NP	1243	506	C	6	0	498	22.3694779116466
A_NP	1244	478	A	33	0	471	22.375796178344
A_NP	1245	500	A	11	0	484	22.5454545454545
A_NP	1246	489	A	22	0	477	21.2851153039832
A_NP	1247	486	G	24	0	477	22.2955974842767
A_NP	1248	498	A	12	0	490	21.0612244897959
A_NP	1249	501	A	9	0	498	20.6967871485944
A_NP	1250	501	A	9	0	486	22.1378600823045
A_NP	1251	496	C	14	0	483	20.5258799171843
A_NP	1252	504	C	6	0	498	19.8654618473896
A_NP	1253	502	T	8	0	500	19.486
A_NP	1254	482	C	27	0	477	21.5974842767296
A_NP	1255	504	C	5	0	500	22.378
A_NP	1256	509	C	0	0	504	21.2222222222222
A_NP	1257	507	A	2	0	499	20.6072144288577
A_NP	1258	505	T	4	0	498	22.070281124498
A_NP	1259	508	T	1	0	499	23.3627254509018
A_NP	1260	507	T	2	0	501	24.1417165668663
A_NP	1261	505	G	4	0	500	24.374
A_NP	1262	509	A	0	0	502	24.7091633466135
A_NP	1263	507	C	1	0	492	24.8069105691057
A_NP	1264	505	A	3	0	503	25.1630218687873
A_NP	1265	508	A	0	0	498	25.8755020080321
A_NP	1266	507	A	1	0	496	26.3165322580645
A_NP	1267	504	C	4	0	492	25.9308943089431
A_NP	1268	507	C	1	0	498	25.289156626506
A_NP	1269	508	A	0	0	505	24.6831683168317
A_NP	1270	507	A	1	0	497	23.9818913480885
A_NP	1271	505	C	3	0	499	23.0741482965932
A_NP	1272	503	C	5	0	486	23.4115226337449
A_NP	1273	503	A	5	0	500	23.34
A_NP	1274	505	T	3	0	504	24.8293650793651
A_NP	1275	506	C	2	0	495	26.579797979798
A_NP	1276	502	A	6	0	491	24.3177189409369
A_NP	1277	502	T	6	0	495	23.8565656565657
A_NP	1278	503	G	5	0	493	24.0466531440162
A_NP	1279	503	G	5	0	500	22.786
A_NP	1280	502	C	6	0	499	23.8537074148297
A_NP	1281	501	A	7	0	497	23.4325955734406
A_NP	1282	506	G	2	0	499	22
A_NP	1283	506	C	2	0	503	22.2783300198807
A_NP	1284	505	A	3	0	504	22.7420634920635
A_NP	1285	503	T	4	0	500	23.384
A_NP	1286	503	T	4	0	503	26.2842942345924
A_NP	1287	495	C	12	0	494	26.9595141700405
A_NP	1288	496	A	11	0	489	24.8977505112474
A_NP	1289	504	C	3	0	497	24.6297786720322
A_NP	1290	503	T	4	0	492	23.0853658536585
A_NP	1291	498	G	9	0	494	23.0931174089069
A_NP	1292	505	G	2	0	501	22.4850299401198
A_NP	1293	506	G	1	0	498	21.8293172690763
A_NP	1294	503	A	4	0	494	23.4514170040486
A_NP	1295	506	A	0	0	499	24.0080160320641
A_NP	1296	500	T	6	0	499	23.7254509018036
A_NP	1297	498	G	8	0	488	23.9036885245902
A_NP	1298	499	C	7	0	495	24.4626262626263
A_NP	1299	492	A	13	0	486	23.2057613168724
A_NP	1300	489	G	16	0	487	22.7926078028747
A_NP	1301	485	A	19	0	479	20.6826722338205
A_NP	1302	457	G	47	0	443	21.6162528216704
A_NP	1303	502	G	2	0	499	21.561122244489
A_NP	1304	501	G	3	0	485	19.0659793814433
A_NP	1305	494	A	10	0	490	19.5224489795918
A_NP	1306	498	A	6	0	486	19.6316872427984
A_NP	1307	498	G	6	0	486	17.7633744855967
A_NP	1308	501	A	3	0	492	18.469512195122
A_NP	1309	503	A	1	0	490	19.4591836734694
A_NP	1310	501	C	3	0	498	19.1847389558233
A_NP	1311	499	A	5	0	473	20.3023255813953
A_NP	1312	499	T	5	0	494	22.336032388664
A_NP	1313	501	C	3	0	495	24.169696969697
A_NP	1314	496	A	8	0	477	22.0272536687631
A_NP	1315	496	G	8	0	491	21.7291242362525
A_NP	1316	499	A	5	0	488	22.8995901639344
A_NP	1317	498	C	6	0	486	23.4526748971193
A_NP	1318	499	A	5	0	488	23.0512295081967
A_NP	1319	497	T	7	0	493	23.8620689655172
A_NP	1320	500	G	4	0	496	23.2903225806452
A_NP	1321	498	A	6	0	479	22.7181628392484
A_NP	1322	484	G	20	0	481	21.2432432432432
A_NP	1323	501	G	3	0	492	20.8678861788618
A_NP	1324	502	G	2	0	492	21.3292682926829
A_NP	1325	501	C	3	0	498	20.5321285140562
A_NP	1326	496	A	8	0	491	21.0835030549898
A_NP	1327	502	G	2	0	502	21.0318725099602
A_NP	1328	502	A	2	0	500	21.64
A_NP	1329	501	A	2	0	499	23.3366733466934
A_NP	1330	500	A	3	0	492	26.8658536585366
A_NP	1331	499	T	4	0	493	25.5375253549696
A_NP	1332	502	C	1	0	493	26.5760649087221
A_NP	1333	494	A	9	0	470	22.9382978723404
A_NP	1334	496	T	7	0	472	21.5402542372881
A_NP	1335	498	A	5	0	487	21.4086242299795
A_NP	1336	502	A	1	0	494	20.9655870445344
A_NP	1337	500	G	3	0	499	21.2244488977956
A_NP	1338	496	G	7	0	489	22.7096114519427
A_NP	1339	494	A	9	0	493	23.3062880324544
A_NP	1340	495	T	7	0	490	23.6408163265306
A_NP	1341	498	G	3	0	497	25.0764587525151
A_NP	1342	499	A	2	0	496	25.7237903225806
A_NP	1343	497	T	4	0	497	25.3983903420523
A_NP	1344	494	G	7	0	494	25.8542510121457
A_NP	1345	500	G	1	0	496	24.4697580645161
A_NP	1346	498	A	5	0	496	24.4778225806452
A_NP	1347	499	A	4	0	492	25.2113821138211
A_NP	1348	497	G	6	0	488	24.4446721311475
A_NP	1349	501	G	3	0	492	22.630081300813
A_NP	1350	499	T	5	0	495	21.2525252525253
A_NP	1351	495	G	9	0	492	21.6178861788618
A_NP	1352	496	C	8	0	493	22.3144016227181
A_NP	1353	472	A	31	0	468	23.0192307692308
A_NP	1354	500	A	3	0	500	23.688
A_NP	1355	501	A	1	0	499	27.3006012024048
A_NP	1356	500	A	2	0	488	29.1905737704918
A_NP	1357	495	C	7	0	488	24.5881147540984
A_NP	1358	498	C	3	0	495	23.5434343434343
A_NP	1359	482	A	18	0	473	22.2579281183932
A_NP	1360	481	G	19	0	481	20.3222453222453
A_NP	1361	480	A	19	0	473	20.6913319238901
A_NP	1362	475	A	24	0	468	22.008547008547
A_NP	1363	471	G	28	0	466	20.7875536480687
A_NP	1364	487	A	12	0	482	20.7302904564315
A_NP	1365	495	A	4	0	484	19.4979338842975
A_NP	1366	496	G	3	0	488	19.6393442622951
A_NP	1367	497	T	2	0	494	20.0769230769231
A_NP	1368	495	G	4	0	493	21.4320486815416
A_NP	1369	495	T	4	0	493	22.316430020284
A_NP	1370	485	C	14	0	483	24.536231884058
A_NP	1371	492	C	6	0	485	23.6494845360825
A_NP	1372	493	T	5	0	491	23.5885947046843
A_NP	1373	496	T	2	0	493	24.7687626774848
A_NP	1374	461	C	36	0	457	27.45295404814
A_NP	1375	487	C	10	0	482	22.6639004149378
A_NP	1376	485	A	11	0	476	19.4453781512605
A_NP	1377	473	G	23	0	462	20.4242424242424
A_NP	1378	489	G	6	0	482	21.1244813278008
A_NP	1379	486	G	9	0	481	21.6299376299376
A_NP	1380	480	G	15	0	477	21.7861635220126
A_NP	1381	477	C	17	0	462	21.04329004329
A_NP	1382	415	G	79	0	353	16.9688385269122
A_NP	1383	480	G	14	0	465	15.8516129032258
A_NP	1384	491	G	2	0	476	16.063025210084
A_NP	1385	488	G	5	0	467	18.6937901498929
A_NP	1386	484	A	9	0	476	20.0903361344538
A_NP	1387	491	G	2	0	479	19.8956158663883
A_NP	1388	479	T	13	0	473	19.1923890063425
A_NP	1389	483	C	9	0	474	20.2447257383966
A_NP	1390	485	T	7	0	477	21.8846960167715
A_NP	1391	478	T	14	0	471	23.8704883227176
A_NP	1392	472	C	20	0	458	23.3078602620087
A_NP	1393	479	G	13	0	457	18.3566739606127
A_NP	1394	486	A	6	0	464	17.7198275862069
A_NP	1395	483	G	9	0	481	18.3887733887734
A_NP	1396	480	C	12	0	473	18.7653276955603
A_NP	1397	479	T	13	0	476	20.2584033613445
A_NP	1398	487	C	5	0	483	23.5320910973085
A_NP	1399	492	T	0	0	486	28.1934156378601
A_NP	1400	488	C	4	0	480	25.9854166666667
A_NP	1401	487	G	5	0	480	19.5729166666667
A_NP	1402	492	G	0	0	492	19.3739837398374
A_NP	1403	491	A	0	0	488	20.8627049180328
A_NP	1404	489	C	2	0	485	21.1030927835052
A_NP	1405	476	G	15	0	467	19.0556745182013
A_NP	1406	458	A	32	0	448	18.9397321428571
A_NP	1407	470	A	20	0	460	18.4521739130435
A_NP	1408	472	A	18	0	461	20.9132321041215
A_NP	1409	481	A	9	0	477	20.3438155136268
A_NP	1410	473	G	16	0	464	20.926724137931
A_NP	1411	484	G	5	0	473	18.6363636363636
A_NP	1412	480	C	9	0	469	17.9765458422175
A_NP	1413	473	A	16	0	466	17.7296137339056
A_NP	1414	479	A	10	0	440	16.8954545454545
A_NP	1415	481	C	8	0	468	16.4871794871795
A_NP	1416	477	G	11	0	445	14.5505617977528
A_NP	1417	479	A	9	0	438	14.7146118721461
A_NP	1418	474	A	14	0	447	15.9530201342282
A_NP	1419	469	C	19	0	449	16.456570155902
A_NP	1420	475	C	13	0	451	16.5609756097561
A_NP	1421	485	C	3	0	462	17.4437229437229
A_NP	1422	484	G	4	0	482	17.9315352697095
A_NP	1423	485	A	3	0	479	18.6137787056367
A_NP	1424	485	T	3	0	480	19.5583333333333
A_NP	1425	485	C	3	0	480	21.4791666666667
A_NP	1426	484	G	4	0	467	20.1498929336188
A_NP	1427	484	T	4	0	478	20.3598326359833
A_NP	1428	484	G	4	0	473	21.1057082452431
A_NP	1429	466	C	22	0	459	21.1350762527233
A_NP	1430	485	C	3	0	478	22.5523012552301
A_NP	1431	462	C	26	0	456	20.4122807017544
A_NP	1432	448	T	40	0	446	21.0291479820628
A_NP	1433	468	C	20	0	463	21.8617710583153
A_NP	1434	431	T	57	0	426	24.1760563380282
A_NP	1435	469	T	19	0	464	25.6293103448276
A_NP	1436	483	T	5	0	478	25.9100418410042
A_NP	1437	484	T	4	0	475	23.6189473684211
A_NP	1438	482	G	6	0	479	22.9206680584551
A_NP	1439	483	A	5	0	475	22.5115789473684
A_NP	1440	485	C	3	0	475	21.3473684210526
A_NP	1441	486	A	2	0	481	20.7733887733888
A_NP	1442	484	T	4	0	475	20.6842105263158
A_NP	1443	484	G	4	0	474	20.9367088607595
A_NP	1444	457	A	31	0	447	20.9977628635347
A_NP	1445	481	G	7	0	478	19.5418410041841
A_NP	1446	482	T	6	0	474	19.162447257384
A_NP	1447	486	A	2	0	484	19.5640495867769
A_NP	1448	486	A	2	0	480	20.8958333333333
A_NP	1449	485	T	3	0	474	22.5949367088608
A_NP	1450	482	G	6	0	478	23.0690376569038
A_NP	1451	483	A	5	0	477	22.4633123689727
A_NP	1452	486	A	2	0	480	21.96875
A_NP	1453	486	G	2	0	482	21.7510373443983
A_NP	1454	488	G	0	0	484	22.1838842975207
A_NP	1455	486	A	2	0	481	21.6798336798337
A_NP	1456	486	T	2	0	484	22.9297520661157
A_NP	1457	486	C	2	0	483	23.9171842650104
A_NP	1458	480	T	8	0	480	24.3083333333333
A_NP	1459	484	T	4	0	481	24.956340956341
A_NP	1460	483	A	5	0	477	25.1614255765199
A_NP	1461	484	T	3	0	479	25.6638830897704
A_NP	1462	487	T	0	0	482	26.0539419087137
A_NP	1463	484	T	3	0	481	26.7338877338877
A_NP	1464	481	C	6	0	480	28.3
A_NP	1465	483	T	4	0	482	28.6369294605809
A_NP	1466	480	T	7	0	479	27.7348643006263
A_NP	1467	480	C	7	0	475	23.8757894736842
A_NP	1468	476	G	10	0	470	18.1914893617021
A_NP	1469	484	G	2	0	480	17.9145833333333
A_NP	1470	483	A	3	0	478	18.1652719665272
A_NP	1471	479	G	7	0	476	20.6953781512605
A_NP	1472	483	A	3	0	478	23.4372384937239
A_NP	1473	483	C	2	0	479	22.2964509394572
A_NP	1474	481	A	4	0	477	22.5010482180294
A_NP	1475	482	A	3	0	476	23.7857142857143
A_NP	1476	482	T	3	0	479	23.9248434237996
A_NP	1477	480	G	5	0	474	24.2257383966245
A_NP	1478	481	C	4	0	470	23.7170212765957
A_NP	1479	458	A	26	0	449	21.4766146993318
A_NP	1480	455	G	28	0	451	20.1374722838137
A_NP	1481	463	A	20	0	456	19.3179824561403
A_NP	1482	460	G	23	0	455	24.2637362637363
A_NP	1483	468	G	14	0	443	18.1783295711061
A_NP	1484	464	A	18	0	461	15.3405639913232
A_NP	1485	478	G	4	0	466	16.2424892703863
A_NP	1486	475	T	5	0	467	15.7922912205567
A_NP	1487	472	A	6	0	466	17.0236051502146
A_NP	1488	474	C	4	0	457	18.3763676148797
A_NP	1489	474	G	1	0	472	18.9216101694915
A_NP	1490	474	A	1	0	471	19.8619957537155
A_NP	1491	475	C	0	0	473	20.4524312896406
A_NP	1492	474	A	0	0	473	21.215644820296
A_NP	1493	467	A	0	0	465	23.4279569892473
A_NP	1494	464	T	0	0	462	24.4047619047619
A_NP	1495	463	T	0	0	463	25.0086393088553
A_NP	1496	446	A	0	0	446	23.7869955156951
A_NP	1497	411	A	0	0	411	21.0778588807786
