Reference_Name	Position	Coverage Depth	Consensus	Deletions	Ambiguous	Consensus_Count	Consensus_Average_Quality
A_NS	1	1835	A	0	0	1835	23.5128065395095
A_NS	2	1856	T	0	0	1856	23.832974137931
A_NS	3	1868	G	0	0	1864	25.8390557939914
A_NS	4	1883	G	0	0	1879	23.8669505055881
A_NS	5	1886	A	1	0	1883	24.3228890069039
A_NS	6	1885	T	3	0	1876	24.044776119403
A_NS	7	1791	C	97	0	1786	24.4552071668533
A_NS	8	1950	C	5	0	1948	22.379363449692
A_NS	9	1949	T	14	0	1925	19.8607792207792
A_NS	10	1958	A	9	0	1949	22.792201128784
A_NS	11	1957	A	10	0	1938	24.9556243550052
A_NS	12	1956	C	11	0	1943	25.0195573854864
A_NS	13	1962	A	6	0	1942	24.1601441812564
A_NS	14	1963	C	12	0	1946	23.0534429599178
A_NS	15	1920	T	55	0	1895	23.2496042216359
A_NS	16	1923	G	52	0	1904	24.1192226890756
A_NS	17	1973	T	5	0	1957	24.378640776699
A_NS	18	1971	G	8	0	1954	26.7057318321392
A_NS	19	1969	T	10	0	1954	30.2758444216991
A_NS	20	1970	C	9	0	1951	24.2147616606868
A_NS	21	1927	A	53	0	1907	21.7409543786051
A_NS	22	1964	A	16	0	1948	20.8003080082136
A_NS	23	1972	G	9	0	1947	20.5624036979969
A_NS	24	1995	C	9	0	1980	21.4883838383838
A_NS	25	1954	T	52	0	1942	22.3398558187436
A_NS	26	1968	T	38	0	1963	23.127356087621
A_NS	27	1970	T	36	0	1949	24.9958953309389
A_NS	28	1978	C	29	0	1966	24.4181078331638
A_NS	29	1972	A	35	0	1917	18.0391236306729
A_NS	30	1984	G	23	0	1961	16.9020907700153
A_NS	31	2001	G	6	0	1978	18.1971688574317
A_NS	32	1993	T	14	0	1945	19.2097686375321
A_NS	33	1938	A	69	0	1885	19.8201591511936
A_NS	34	1997	G	10	0	1970	18.9137055837563
A_NS	35	1948	A	59	0	1885	18.3655172413793
A_NS	36	1985	T	23	0	1892	18.9212473572939
A_NS	37	1997	T	13	0	1990	18.2758793969849
A_NS	38	1994	G	16	0	1961	17.7975522692504
A_NS	39	1929	C	81	0	1882	18.2417640807651
A_NS	40	1922	T	88	0	1910	20.620942408377
A_NS	41	1928	T	85	0	1906	21.9359916054565
A_NS	42	1875	C	140	0	1844	24.5867678958785
A_NS	43	1943	C	72	0	1879	21.0058541777541
A_NS	44	1904	T	112	0	1875	19.6565333333333
A_NS	45	1972	T	44	0	1942	21.7564366632338
A_NS	46	1994	T	22	0	1976	23.9018218623482
A_NS	47	1992	G	24	0	1929	21.547433903577
A_NS	48	1999	G	18	0	1967	20.9395017793594
A_NS	49	1998	C	19	0	1957	21.6121614716403
A_NS	50	1989	A	28	0	1958	22.2339121552605
A_NS	51	1997	T	20	0	1984	23.7515120967742
A_NS	52	1993	G	24	0	1958	24.329417773238
A_NS	53	2000	T	18	0	1978	24.2431749241658
A_NS	54	1982	C	36	0	1970	24.7934010152284
A_NS	55	2002	C	16	0	1962	22.4388379204893
A_NS	56	2000	G	18	0	1876	18.9381663113006
A_NS	57	1992	C	26	0	1949	19.0569522832222
A_NS	58	1983	A	36	0	1946	19.686022610483
A_NS	59	1999	A	20	0	1964	20.5269857433809
A_NS	60	2004	A	15	0	1953	22.6953405017921
A_NS	61	2010	C	9	0	1988	23.3103621730382
A_NS	62	1975	A	44	0	1949	22.6567470497691
A_NS	63	2006	A	13	0	1974	22.3034447821682
A_NS	64	2006	G	13	0	1990	22.4165829145729
A_NS	65	2001	T	18	0	1972	23.5471602434077
A_NS	66	2003	T	16	0	1993	24.802308078274
A_NS	67	2007	G	12	0	1987	23.572722697534
A_NS	68	2005	C	14	0	1983	24.5199193141704
A_NS	69	2012	A	7	0	1993	23.5830406422479
A_NS	70	2013	G	6	0	2005	22.3177057356608
A_NS	71	2014	A	5	0	1997	23.4987481221833
A_NS	72	1998	C	21	0	1980	24.6939393939394
A_NS	73	2011	C	8	0	1991	24.5745856353591
A_NS	74	1958	A	61	0	1942	25.5442842430484
A_NS	75	2006	A	13	0	1987	23.6316054353296
A_NS	76	2012	G	7	0	2004	22.2415169660679
A_NS	77	2011	A	8	0	2001	23.9820089955022
A_NS	78	2015	A	4	0	1979	25.9621020717534
A_NS	79	2012	C	7	0	1995	24.6491228070175
A_NS	80	1985	T	34	0	1934	23.3428128231644
A_NS	81	1983	A	36	0	1910	20.8413612565445
A_NS	82	1989	G	30	0	1953	19.9462365591398
A_NS	83	2005	G	14	0	1987	18.8872672370408
A_NS	84	2006	T	13	0	1988	19.7359154929577
A_NS	85	2011	G	8	0	1995	21.0751879699248
A_NS	86	2011	A	8	0	1995	23.9874686716792
A_NS	87	2011	T	8	0	2003	24.9256115826261
A_NS	88	1993	G	26	0	1936	23.0098140495868
A_NS	89	1818	C	201	0	1802	22.1920088790233
A_NS	90	1985	C	34	0	1966	20.7624618514751
A_NS	91	2000	C	19	0	1972	19.7991886409736
A_NS	92	1992	C	27	0	1941	21.5935085007728
A_NS	93	1995	A	24	0	1965	21.175572519084
A_NS	94	1894	T	125	0	1877	21.446989877464
A_NS	95	1896	T	123	0	1872	23.1452991452991
A_NS	96	1866	C	153	0	1826	25.3296823658269
A_NS	97	1913	C	106	0	1727	22.2298784018529
A_NS	98	1967	T	52	0	1903	20.7272727272727
A_NS	99	1998	T	22	0	1937	20.9938048528653
A_NS	100	1997	G	23	0	1957	22.1471640265713
A_NS	101	1998	A	22	0	1977	22.5037936267071
A_NS	102	1980	T	40	0	1917	22.867501304121
A_NS	103	1953	C	67	0	1800	23.8005555555556
A_NS	104	1988	G	32	0	1853	18.1430113329736
A_NS	105	2002	G	18	0	1959	17.9096477794793
A_NS	106	1997	C	23	0	1961	18.2396736359001
A_NS	107	1983	T	37	0	1957	19.0868676545733
A_NS	108	1992	T	28	0	1961	22.6185619581846
A_NS	109	1986	C	34	0	1946	23.7255909558068
A_NS	110	1991	G	29	0	1968	22.0142276422764
A_NS	111	1992	C	28	0	1956	22.5449897750511
A_NS	112	1993	C	27	0	1926	23.1085150571132
A_NS	113	1961	G	59	0	1923	20.6333853354134
A_NS	114	1983	A	37	0	1945	18.1922879177378
A_NS	115	1977	G	43	0	1954	17.0767656090072
A_NS	116	2005	A	15	0	1964	17.5600814663951
A_NS	117	2008	T	12	0	1988	19.0593561368209
A_NS	118	2006	C	14	0	1986	20.9038267875126
A_NS	119	1875	A	145	0	1848	17.7992424242424
A_NS	120	1880	G	140	0	1852	15.4109071274298
A_NS	121	1966	A	54	0	1948	15.7022587268994
A_NS	122	2007	A	13	0	1946	15.5143884892086
A_NS	123	1899	G	121	0	1666	15.3895558223289
A_NS	124	1996	T	24	0	1858	14.778256189451
A_NS	125	1852	C	168	0	1828	15.7516411378556
A_NS	126	1981	C	39	0	1971	16.8249619482496
A_NS	127	1992	C	28	0	1968	16.6285569105691
A_NS	128	1970	T	50	0	1888	17.073093220339
A_NS	129	1938	A	82	0	1872	19.0544871794872
A_NS	130	1943	A	77	0	1907	17.744100681699
A_NS	131	1501	G	519	0	1469	18.2035398230088
A_NS	132	1972	G	48	0	1953	19.5888376856119
A_NS	133	2005	G	15	0	1996	21.3031062124249
A_NS	134	1990	G	30	0	1959	20.0479836651353
A_NS	135	1985	A	35	0	1971	21.7316083206494
A_NS	136	1984	A	36	0	1967	20.3487544483986
A_NS	137	1982	G	38	0	1961	20.6430392656808
A_NS	138	1973	A	47	0	1922	19.1477627471384
A_NS	139	1986	G	34	0	1958	17.838100102145
A_NS	140	1995	G	25	0	1955	17.2383631713555
A_NS	141	1994	C	26	0	1957	16.9759836484415
A_NS	142	1983	A	37	0	1804	15.5166297117517
A_NS	143	1998	G	22	0	1957	14.969851814001
A_NS	144	1986	T	34	0	1945	15.1758354755784
A_NS	145	1992	A	28	0	1931	16.1330916623511
A_NS	146	1851	C	169	0	1824	20.8969298245614
A_NS	147	1830	T	190	0	1810	22.0022099447514
A_NS	148	2003	C	17	0	1975	21.9225316455696
A_NS	149	2003	T	17	0	1984	34.148185483871
A_NS	150	2001	C	19	0	1986	30.4184290030211
A_NS	151	2003	G	17	0	1960	19.4561224489796
A_NS	152	2009	G	11	0	1981	19.1675921251893
A_NS	153	2002	T	18	0	1989	20.526395173454
A_NS	154	2006	C	14	0	1988	21.5025150905433
A_NS	155	2007	T	13	0	1947	22.8120184899846
A_NS	156	2008	G	12	0	1990	22.9618090452261
A_NS	157	1996	A	24	0	1969	23.5774504824784
A_NS	158	2010	A	10	0	1980	24.1015151515152
A_NS	159	2008	C	12	0	1986	24.333836858006
A_NS	160	2004	A	16	0	1981	23.2796567390207
A_NS	161	2004	T	16	0	1982	24.8092835519677
A_NS	162	1996	C	24	0	1973	24.955397871262
A_NS	163	1954	G	66	0	1863	18.2297369833602
A_NS	164	1979	A	41	0	1953	17.7880184331797
A_NS	165	1998	A	22	0	1981	17.9707218576477
A_NS	166	2005	A	15	0	1909	21.4814038763751
A_NS	167	1999	C	21	0	1980	21.0919191919192
A_NS	168	1992	A	27	0	1951	20.0538185545874
A_NS	169	1979	G	40	0	1768	18.0299773755656
A_NS	170	1974	C	45	0	1945	17.8344473007712
A_NS	171	1978	C	41	0	1940	17.810824742268
A_NS	172	1987	A	32	0	1960	17.9872448979592
A_NS	173	1935	C	84	0	1911	21.8069073783359
A_NS	174	2005	C	14	0	1971	22.4875697615424
A_NS	175	2006	C	13	0	1975	20.8637974683544
A_NS	176	1999	G	20	0	1980	22.2565656565657
A_NS	177	2004	T	15	0	1983	23.4104891578417
A_NS	178	2008	G	11	0	1989	24.5957767722474
A_NS	179	2002	T	17	0	1972	25.919878296146
A_NS	180	2006	T	13	0	1992	26.4131526104418
A_NS	181	1983	G	36	0	1966	24.6744659206511
A_NS	182	1994	G	25	0	1980	24.2419191919192
A_NS	183	1971	A	48	0	1960	23.0938775510204
A_NS	184	1997	A	22	0	1984	24.5065524193548
A_NS	185	2000	A	19	0	1977	25.4420839656044
A_NS	186	2000	G	19	0	1968	25.4862804878049
A_NS	187	1990	C	29	0	1963	23.2491085073867
A_NS	188	2005	A	14	0	1975	21.7367088607595
A_NS	189	2010	G	9	0	1995	21.3092731829574
A_NS	190	2009	A	10	0	1998	22.512012012012
A_NS	191	2001	T	18	0	1978	23.62891809909
A_NS	192	1997	A	22	0	1920	19.9958333333333
A_NS	193	1988	G	31	0	1949	18.856336582863
A_NS	194	2001	T	18	0	1972	18.9756592292089
A_NS	195	1987	G	32	0	1975	20.8582278481013
A_NS	196	1974	G	45	0	1962	22.4566768603466
A_NS	197	1974	A	45	0	1960	23.2448979591837
A_NS	198	1970	G	49	0	1917	21.6171100678143
A_NS	199	1982	A	37	0	1957	26.6724578436382
A_NS	200	1991	G	27	0	1983	29.0781643973777
A_NS	201	1961	G	56	0	1954	19.6990788126919
A_NS	202	1953	A	64	0	1948	19.3305954825462
A_NS	203	1991	T	26	0	1977	20.8512898330804
A_NS	204	1990	T	27	0	1966	21.6353001017294
A_NS	205	1984	C	33	0	1965	23.6290076335878
A_NS	206	1990	T	27	0	1954	22.4048106448311
A_NS	207	1981	G	36	0	1963	22.3861436576668
A_NS	208	1970	A	48	0	1949	23.4079014879425
A_NS	209	1990	A	27	0	1971	23.1806189751395
A_NS	210	1977	G	40	0	1962	24.5805300713558
A_NS	211	2006	G	11	0	1995	23.2987468671679
A_NS	212	1992	A	25	0	1985	20.6604534005038
A_NS	213	2003	A	14	0	1994	23.1323971915747
A_NS	214	2000	G	17	0	1960	22.3826530612245
A_NS	215	2003	A	14	0	1973	22.863152559554
A_NS	216	2007	A	10	0	1993	22.8735574510788
A_NS	217	1955	T	62	0	1914	22.3265412748171
A_NS	218	1932	C	85	0	1904	23.7830882352941
A_NS	219	2009	C	8	0	1929	21.419388284085
A_NS	220	2006	G	11	0	1983	20.4024205748865
A_NS	221	2003	A	14	0	1980	21.1126262626263
A_NS	222	2004	T	13	0	1988	22.6735412474849
A_NS	223	2009	G	8	0	1996	21.2389779559118
A_NS	224	2001	A	16	0	1959	20.3961204696274
A_NS	225	1983	G	34	0	1959	19.0852475752935
A_NS	226	1986	G	31	0	1951	18.7924141465915
A_NS	227	1986	C	31	0	1941	17.6306027820711
A_NS	228	1982	A	35	0	1880	17.2281914893617
A_NS	229	1768	C	249	0	1715	17.0314868804665
A_NS	230	1582	T	435	0	1460	18.5541095890411
A_NS	231	1947	T	70	0	1864	16.1711373390558
A_NS	232	1925	A	92	0	1852	16.3552915766739
A_NS	233	1989	A	28	0	1966	16.7207527975585
A_NS	234	1993	A	24	0	1977	20.2493677288821
A_NS	235	1989	A	28	0	1949	26.5223191380195
A_NS	236	1988	T	29	0	1956	24.8200408997955
A_NS	237	1987	G	30	0	1961	24.5247322794493
A_NS	238	1991	A	26	0	1957	24.3081246806336
A_NS	239	1975	C	42	0	1960	23.1642857142857
A_NS	240	2002	C	15	0	1972	22.8412778904665
A_NS	241	2002	A	15	0	1955	20.8516624040921
A_NS	242	1999	T	18	0	1972	20.6014198782961
A_NS	243	1992	G	25	0	1959	19.9014803471159
A_NS	244	2001	G	16	0	1982	19.5035317860747
A_NS	245	1976	C	41	0	1960	20.9790816326531
A_NS	246	1992	C	25	0	1969	20.8151345860843
A_NS	247	1993	T	24	0	1970	21.2994923857868
A_NS	248	1942	C	75	0	1921	21.9239979177512
A_NS	249	1947	C	70	0	1917	20.6661450182577
A_NS	250	1947	G	70	0	1898	17.4278187565859
A_NS	251	1986	C	31	0	1965	18.5979643765903
A_NS	252	1982	A	35	0	1958	18.9560776302349
A_NS	253	1986	C	31	0	1934	20.0377456049638
A_NS	254	1995	C	22	0	1947	22.1037493579866
A_NS	255	1979	T	38	0	1926	22.0929387331256
A_NS	256	1983	G	34	0	1942	22.9047373841401
A_NS	257	1992	C	25	0	1961	23.3488016318205
A_NS	258	1977	T	40	0	1955	23.3826086956522
A_NS	259	1982	T	35	0	1941	23.7001545595054
A_NS	260	1978	C	39	0	1938	23.4834881320949
A_NS	261	1989	G	28	0	1898	19.7397260273973
A_NS	262	1989	C	28	0	1905	19.5653543307087
A_NS	263	2003	G	14	0	1991	19.7056755399297
A_NS	264	1998	A	19	0	1969	19.9837480954799
A_NS	265	2010	T	7	0	1992	21.0582329317269
A_NS	266	2008	A	9	0	1958	21.2328907048008
A_NS	267	1966	C	51	0	1948	21.1257700205339
A_NS	268	2004	C	13	0	1981	20.5406360424028
A_NS	269	1995	T	22	0	1948	19.39681724846
A_NS	270	2001	A	16	0	1982	22.4979818365288
A_NS	271	2007	A	10	0	1922	21.9864724245578
A_NS	272	2010	C	7	0	1994	21.0411233701103
A_NS	273	1973	T	43	0	1931	21.0517866390471
A_NS	274	2008	G	8	0	1998	20.8048048048048
A_NS	275	2002	A	14	0	1978	22.5369059656218
A_NS	276	2007	C	9	0	1977	23.4749620637329
A_NS	277	2001	A	15	0	1949	23.0502821959979
A_NS	278	1995	T	21	0	1965	22.1160305343511
A_NS	279	2005	G	11	0	1997	22.7751627441162
A_NS	280	2008	A	8	0	1983	23.6323751891074
A_NS	281	2004	C	12	0	1987	24.7438349270257
A_NS	282	1997	T	19	0	1979	24.5947448206165
A_NS	283	1992	A	24	0	1963	23.7595517065716
A_NS	284	1992	T	24	0	1938	23.8028895768834
A_NS	285	2007	T	9	0	1995	23.7508771929825
A_NS	286	1957	G	59	0	1944	22.9429012345679
A_NS	287	1952	A	64	0	1927	23.0098598858329
A_NS	288	1912	G	104	0	1892	23.1696617336152
A_NS	289	1999	G	17	0	1991	21.6408839779006
A_NS	290	1983	A	33	0	1980	19.8161616161616
A_NS	291	2004	A	12	0	1995	21.8857142857143
A_NS	292	2009	A	7	0	1990	22.4718592964824
A_NS	293	2005	T	11	0	1995	22.4912280701754
A_NS	294	2006	G	10	0	1982	24.5913218970737
A_NS	295	2004	T	12	0	1990	24.9437185929648
A_NS	296	2005	C	11	0	2001	25.3558220889555
A_NS	297	1953	A	63	0	1906	20.9307450157398
A_NS	298	1986	A	30	0	1939	19.7746260959257
A_NS	299	1925	G	91	0	1877	19.2594565796484
A_NS	300	2009	G	7	0	1997	21.3355032548823
A_NS	301	2011	G	5	0	1995	22.9152882205514
A_NS	302	2009	A	7	0	1988	22.307847082495
A_NS	303	2010	C	6	0	1999	23.5992996498249
A_NS	304	1993	T	22	0	1947	22.2675911658962
A_NS	305	1994	G	20	0	1903	21.7530215449291
A_NS	306	2004	G	10	0	1960	20.9418367346939
A_NS	307	2000	T	14	0	1979	20.6043456291056
A_NS	308	2006	T	7	0	1979	21.2753916119252
A_NS	309	2001	C	12	0	1971	22.6950786402841
A_NS	310	1978	A	35	0	1921	21.7798021863613
A_NS	311	1977	T	36	0	1952	21.4395491803279
A_NS	312	1976	G	37	0	1920	21.7875
A_NS	313	1966	C	47	0	1952	21.3324795081967
A_NS	314	1975	T	38	0	1934	21.8050672182006
A_NS	315	1975	A	38	0	1946	21.8884892086331
A_NS	316	1999	A	14	0	1962	23.0071355759429
A_NS	317	2006	T	7	0	1994	23.5175526579739
A_NS	318	1999	G	14	0	1971	24.3099949264333
A_NS	319	1964	C	49	0	1954	23.5870010235415
A_NS	320	1995	C	18	0	1970	22.2416243654822
A_NS	321	1987	C	26	0	1950	21.5938461538462
A_NS	322	1973	A	40	0	1954	22.6115660184237
A_NS	323	1967	A	45	0	1948	22.6175564681725
A_NS	324	1969	G	43	0	1939	22.072202166065
A_NS	325	1976	C	36	0	1952	23.577356557377
A_NS	326	1902	A	110	0	1842	21.0130293159609
A_NS	327	1982	G	30	0	1970	19.553807106599
A_NS	328	1966	A	45	0	1939	19.9375966993295
A_NS	329	1995	A	16	0	1953	20.0496671786994
A_NS	330	2004	A	7	0	1978	21.6845298281092
A_NS	331	1995	G	16	0	1962	20.8170234454638
A_NS	332	1996	T	15	0	1978	20.9908998988878
A_NS	333	1993	G	18	0	1935	21.3018087855297
A_NS	334	1983	G	28	0	1955	20.4127877237852
A_NS	335	1977	C	34	0	1944	21.4701646090535
A_NS	336	1966	A	45	0	1786	17.5677491601344
A_NS	337	1979	G	32	0	1835	16.8185286103542
A_NS	338	1995	G	16	0	1926	16.1526479750779
A_NS	339	1962	C	49	0	1921	16.5799062988027
A_NS	340	2001	C	10	0	1983	17.3852748361069
A_NS	341	1961	C	50	0	1945	19.5964010282776
A_NS	342	1939	T	72	0	1918	20.8096976016684
A_NS	343	1987	C	24	0	1970	21.4431472081218
A_NS	344	1887	T	124	0	1862	23.5665950590763
A_NS	345	1997	T	14	0	1984	26.0277217741935
A_NS	346	1971	T	40	0	1956	26.8154396728016
A_NS	347	1963	G	48	0	1932	23.2396480331263
A_NS	348	2001	T	10	0	1964	22.6573319755601
A_NS	349	1998	A	13	0	1975	22.3311392405063
A_NS	350	2002	T	9	0	1990	23.3572864321608
A_NS	351	1998	C	13	0	1992	24.3338353413655
A_NS	352	1980	A	31	0	1959	19.2914752424706
A_NS	353	1995	G	16	0	1981	18.5911155981827
A_NS	354	1999	A	12	0	1988	21.4486921529175
A_NS	355	2008	A	3	0	1993	24.7451078775715
A_NS	356	2008	T	3	0	1996	24.9333667334669
A_NS	357	1999	G	12	0	1992	25.9111445783133
A_NS	358	2008	G	3	0	2000	25.17
A_NS	359	2005	A	6	0	1987	24.8777050830398
A_NS	360	1955	C	56	0	1938	24.3297213622291
A_NS	361	2004	C	7	0	1976	23.1988866396761
A_NS	362	1997	A	14	0	1954	21.7011258955988
A_NS	363	1988	G	23	0	1958	21.4376915219612
A_NS	364	2001	G	10	0	1976	22.1771255060729
A_NS	365	1998	C	13	0	1974	22.3632218844985
A_NS	366	1993	A	18	0	1983	23.6817952597075
A_NS	367	2004	A	7	0	1984	25.5640120967742
A_NS	368	2006	T	5	0	1982	27.1659939455096
A_NS	369	2001	C	10	0	1992	28.3870481927711
A_NS	370	1994	A	17	0	1959	25.5441551812149
A_NS	371	2000	T	11	0	1969	25.5129507364144
A_NS	372	1994	G	17	0	1989	25.6445449974862
A_NS	373	2004	G	7	0	1995	24.5022556390977
A_NS	374	1999	A	12	0	1988	25.5804828973843
A_NS	375	1998	T	13	0	1975	26.0582278481013
A_NS	376	1991	A	20	0	1970	26.1172588832487
A_NS	377	2007	A	4	0	1980	26.2434343434343
A_NS	378	1999	G	12	0	1976	24.1933198380567
A_NS	379	2002	A	9	0	1975	25.8475949367089
A_NS	380	2008	A	3	0	1980	26.2954545454545
A_NS	381	2009	C	2	0	2005	24.9695760598504
A_NS	382	2005	A	6	0	1992	24.8950803212851
A_NS	383	2006	T	5	0	1996	25.9769539078156
A_NS	384	2004	C	7	0	1999	26.6778389194597
A_NS	385	1984	A	27	0	1949	25.5926115956901
A_NS	386	1988	T	23	0	1975	26.1356962025316
A_NS	387	1999	A	12	0	1695	25.8861356932153
A_NS	388	1995	T	16	0	1959	25.4221541602859
A_NS	389	2003	T	8	0	1983	26.1840645486636
A_NS	390	1990	G	21	0	1985	25.2564231738035
A_NS	391	1959	A	52	0	1942	25.4644696189495
A_NS	392	1965	A	46	0	1954	24.2794268167861
A_NS	393	1975	A	35	0	1960	24.7132653061224
A_NS	394	1985	G	25	0	1961	25.3875573686894
A_NS	395	1987	C	23	0	1969	21.8181818181818
A_NS	396	1974	G	35	0	1920	19.9682291666667
A_NS	397	1982	A	27	0	1952	19.8365778688525
A_NS	398	1999	A	10	0	1981	19.804139323574
A_NS	399	1991	T	18	0	1973	21.4987328940699
A_NS	400	2003	T	6	0	1985	24.4060453400504
A_NS	401	1997	T	12	0	1977	25.7875569044006
A_NS	402	1991	C	18	0	1971	28.8797564687976
A_NS	403	1998	A	10	0	1944	22.516975308642
A_NS	404	1988	G	20	0	1948	22.0703285420945
A_NS	405	1981	T	27	0	1964	22.6308553971487
A_NS	406	2001	G	7	0	1992	23.4327309236948
A_NS	407	1992	T	16	0	1970	28.1126903553299
A_NS	408	1997	G	11	0	1992	31.2143574297189
A_NS	409	1992	A	16	0	1980	27.1909090909091
A_NS	410	1862	T	146	0	1847	28.9155387114239
A_NS	411	1993	T	14	0	1985	30.296725440806
A_NS	412	2002	T	5	0	1996	29.1748496993988
A_NS	413	2005	T	2	0	1993	37.9247365780231
A_NS	414	2005	T	2	0	1978	31.8326592517695
A_NS	415	2000	G	7	0	1988	28.172032193159
A_NS	416	2005	A	2	0	1976	26.1776315789474
A_NS	417	1971	C	36	0	1945	24.2904884318766
A_NS	418	1998	C	9	0	1946	23.0698869475848
A_NS	419	1972	G	35	0	1853	20.2628170534269
A_NS	420	1988	G	19	0	1865	18.7571045576408
A_NS	421	1996	C	11	0	1965	18.3440203562341
A_NS	422	1983	T	24	0	1948	18.276180698152
A_NS	423	1933	A	74	0	1887	19.0561738208797
A_NS	424	1945	G	61	0	1904	18.5147058823529
A_NS	425	1988	A	18	0	1944	17.9140946502058
A_NS	426	1869	G	137	0	1841	24.5649103747963
A_NS	427	1989	A	17	0	1960	33.6790816326531
A_NS	428	1839	C	167	0	1763	17.896199659671
A_NS	429	1998	C	8	0	1981	17.5800100959112
A_NS	430	1991	C	15	0	1964	16.7367617107943
A_NS	431	1970	T	36	0	1922	18.4422476586889
A_NS	432	1980	A	25	0	1973	22.1991890522048
A_NS	433	1989	A	16	0	1952	22.8427254098361
A_NS	434	1998	T	7	0	1976	24.6816801619433
A_NS	435	1990	A	15	0	1964	26.6644602851324
A_NS	436	1987	T	18	0	1951	25.7698616094311
A_NS	437	1995	T	10	0	1974	25.9528875379939
A_NS	438	1991	A	14	0	1928	24.4917012448133
A_NS	439	1987	C	18	0	1953	23.5647721454173
A_NS	440	1976	T	28	0	1928	23.1851659751037
A_NS	441	1909	A	95	0	1864	22.9511802575107
A_NS	442	1992	A	12	0	1910	20.3565445026178
A_NS	443	1963	G	41	0	1922	17.5067637877211
A_NS	444	1995	G	9	0	1959	19.1863195507912
A_NS	445	1992	G	12	0	1954	20.5255885363357
A_NS	446	1992	C	12	0	1976	19.6634615384615
A_NS	447	1975	T	29	0	1957	21.8048032703117
A_NS	448	1976	T	27	0	1958	23.2451481103166
A_NS	449	1983	T	20	0	1970	27.341116751269
A_NS	450	1978	C	25	0	1968	30.2200203252033
A_NS	451	1982	A	21	0	1952	25.1178278688525
A_NS	452	1967	C	36	0	1936	23.6926652892562
A_NS	453	1992	C	11	0	1933	22.8220382824625
A_NS	454	1987	G	16	0	1956	21.2070552147239
A_NS	455	1975	A	28	0	1951	21.3490517683239
A_NS	456	1988	A	15	0	1968	21.4156504065041
A_NS	457	1987	A	16	0	1913	26.3418714061683
A_NS	458	1985	C	18	0	1959	22.7708014293007
A_NS	459	1930	G	73	0	1750	18.8977142857143
A_NS	460	1986	G	17	0	1959	18.0551301684533
A_NS	461	1980	G	23	0	1962	18.1656472986748
A_NS	462	1952	A	51	0	1939	19.7906137184116
A_NS	463	1982	G	21	0	1941	23.4250386398764
A_NS	464	1987	C	16	0	1952	23.0035860655738
A_NS	465	1979	A	24	0	1964	23.3553971486762
A_NS	466	1990	A	13	0	1979	24.6316321374432
A_NS	467	1978	T	25	0	1951	26.9108149666838
A_NS	468	1979	T	24	0	1969	28.3098019299137
A_NS	469	1981	G	22	0	1953	25.8663594470046
A_NS	470	1992	T	11	0	1962	24.6391437308869
A_NS	471	1989	T	13	0	1979	24.3228903486609
A_NS	472	1930	G	72	0	1889	23.003176283748
A_NS	473	1973	G	26	0	1913	21.9304756926294
A_NS	474	1968	C	31	0	1889	22.0280571731075
A_NS	475	1968	G	31	0	1939	19.737493553378
A_NS	476	1960	A	39	0	1939	19.7524497163486
A_NS	477	1979	A	20	0	1971	19.5961440892948
A_NS	478	1985	A	13	0	1971	23.7087772704211
A_NS	479	1980	T	18	0	1957	22.6004087889627
A_NS	480	1990	T	8	0	1981	26.9621403331651
A_NS	481	1984	T	14	0	1968	24.4217479674797
A_NS	482	1954	C	43	0	1932	26.2396480331263
A_NS	483	1943	A	54	0	1899	23.144813059505
A_NS	484	1943	C	54	0	1910	22.4602094240838
A_NS	485	1968	C	29	0	1941	22.1973209685729
A_NS	486	1918	A	79	0	1888	19.7113347457627
A_NS	487	1967	T	30	0	1883	20.404673393521
A_NS	488	1981	T	16	0	1970	21.0705583756345
A_NS	489	1981	G	16	0	1930	19.1626943005181
A_NS	490	1976	C	21	0	1956	20.7770961145194
A_NS	491	1958	C	39	0	1924	21.2744282744283
A_NS	492	1953	T	44	0	1925	21.4836363636364
A_NS	493	1886	T	111	0	1867	25.8821638993037
A_NS	494	1859	C	138	0	1848	26.91829004329
A_NS	495	1964	T	33	0	1956	25.4345603271984
A_NS	496	1969	C	28	0	1961	30.8052014278429
A_NS	497	1968	T	29	0	1960	35.2239795918367
A_NS	498	1988	T	9	0	1978	26.9186046511628
A_NS	499	1853	C	144	0	1834	27.1477644492912
A_NS	500	1974	C	23	0	1952	20.859118852459
A_NS	501	1978	A	19	0	1900	17.8689473684211
A_NS	502	1982	G	15	0	1973	18.8165230613279
A_NS	503	1995	G	2	0	1986	21.2849949647533
A_NS	504	1991	A	6	0	1973	21.728332488596
A_NS	505	1992	C	5	0	1981	24.6284704694599
A_NS	506	1978	A	19	0	1954	24.3787103377687
A_NS	507	1975	T	20	0	1956	25.0444785276074
A_NS	508	1983	A	12	0	1951	24.6786263454639
A_NS	509	1974	C	21	0	1957	23.9356157383751
A_NS	510	1985	T	10	0	1948	23.7166324435318
A_NS	511	1983	A	12	0	1966	24.295523906409
A_NS	512	1992	A	3	0	1939	24.4105208870552
A_NS	513	1989	T	6	0	1955	24.9109974424552
A_NS	514	1983	G	12	0	1970	24.1187817258883
A_NS	515	1984	A	11	0	1940	23.4365979381443
A_NS	516	1971	G	24	0	1967	22.1469242501271
A_NS	517	1993	G	2	0	1986	21.9733131923464
A_NS	518	1994	A	1	0	1989	21.1995977878331
A_NS	519	1989	T	6	0	1978	23.6380182002022
A_NS	520	1982	G	13	0	1959	24.701888718734
A_NS	521	1984	T	11	0	1960	26.1423469387755
A_NS	522	1981	C	14	0	1969	26.0137125444388
A_NS	523	1798	A	197	0	1770	24.8084745762712
A_NS	524	1945	A	50	0	1925	25.9558441558442
A_NS	525	1978	A	16	0	1961	26.5415604283529
A_NS	526	1975	A	19	0	1957	32.0403679100664
A_NS	527	1966	A	27	0	1926	26.9376947040498
A_NS	528	1958	T	34	0	1937	23.8647392875581
A_NS	529	1962	G	30	0	1869	21.3948635634029
A_NS	530	1958	C	34	0	1809	20.8037589828635
A_NS	531	1826	A	166	0	1783	20.1144139091419
A_NS	532	1972	A	18	0	1925	17.4997402597403
A_NS	533	1962	T	28	0	1717	18.9394292370414
A_NS	534	1961	T	29	0	1936	18.404958677686
A_NS	535	1917	G	73	0	1803	15.6461453133666
A_NS	536	1965	G	25	0	1886	15.4003181336161
A_NS	537	1980	G	10	0	1942	16.7337796086509
A_NS	538	1979	G	11	0	1947	19.7370313302517
A_NS	539	1973	T	17	0	1957	20.200306591722
A_NS	540	1931	C	59	0	1905	23.662467191601
A_NS	541	1974	C	16	0	1955	22.2971867007673
A_NS	542	1979	T	11	0	1948	22.0205338809035
A_NS	543	1980	C	10	0	1961	22.9785823559408
A_NS	544	1985	A	5	0	1967	23.3589222165735
A_NS	545	1985	T	5	0	1966	24.7695829094608
A_NS	546	1981	C	9	0	1964	25.0763747454175
A_NS	547	1953	G	37	0	1932	21.7505175983437
A_NS	548	1977	G	13	0	1966	21.5233977619532
A_NS	549	1981	A	9	0	1966	22.6241098677518
A_NS	550	1966	G	24	0	1956	24.0465235173824
A_NS	551	1986	G	4	0	1983	23.6076651538074
A_NS	552	1986	A	4	0	1975	22.2273417721519
A_NS	553	1985	C	5	0	1975	22.9037974683544
A_NS	554	1939	T	49	0	1921	23.8610098906819
A_NS	555	1970	T	18	0	1943	25.5018013381369
A_NS	556	1976	G	10	0	1958	25.5776302349336
A_NS	557	1975	A	11	0	1946	25.0611510791367
A_NS	558	1984	A	2	0	1970	24.6802030456853
A_NS	559	1981	T	5	0	1972	25.3397565922921
A_NS	560	1947	G	39	0	1934	24.9632885211996
A_NS	561	1980	G	5	0	1967	24.5358413828165
A_NS	562	1978	A	7	0	1965	23.1582697201018
A_NS	563	1959	A	26	0	1942	24.2250257466529
A_NS	564	1955	T	30	0	1932	23.2929606625259
A_NS	565	1962	G	23	0	1926	22.8686396677051
A_NS	566	1976	A	9	0	1951	24.3336750384418
A_NS	567	1980	T	5	0	1959	23.9392547217968
A_NS	568	1963	A	22	0	1953	25.4137224782386
A_NS	569	1954	A	31	0	1919	26.2100052110474
A_NS	570	1956	C	29	0	1924	25.9989604989605
A_NS	571	1972	A	12	0	1928	23.2344398340249
A_NS	572	1973	C	11	0	1945	30.9614395886889
A_NS	573	1971	A	12	0	1930	25.7860103626943
A_NS	574	1972	G	11	0	1957	20.9253960143076
A_NS	575	1981	T	2	0	1963	21.9286805909322
A_NS	576	1979	T	4	0	1966	22.763987792472
A_NS	577	1967	C	16	0	1950	24.0728205128205
A_NS	578	1910	G	73	0	1863	19.3891572732152
A_NS	579	1970	A	13	0	1949	18.6711133914828
A_NS	580	1967	G	16	0	1925	19.8649350649351
A_NS	581	1956	T	27	0	1940	21.369587628866
A_NS	582	1949	C	34	0	1936	22.1931818181818
A_NS	583	1972	T	11	0	1948	22.4106776180698
A_NS	584	1972	C	11	0	1961	38.3437021927588
A_NS	585	1947	T	36	0	1910	32.6361256544503
A_NS	586	1858	A	125	0	1818	23.3866886688669
A_NS	587	1974	A	9	0	1969	24.7491112239716
A_NS	588	1978	A	5	0	1971	24.8767123287671
A_NS	589	1977	A	6	0	1940	27.2670103092784
A_NS	590	1971	C	12	0	1958	25.2436159346272
A_NS	591	1967	T	16	0	1945	24.6632390745501
A_NS	592	1962	C	21	0	1946	24.5786228160329
A_NS	593	1959	T	24	0	1938	25.0123839009288
A_NS	594	1944	A	38	0	1889	23.785600847009
A_NS	595	1950	C	32	0	1937	23.720185854414
A_NS	596	1911	A	71	0	1883	23.7642060541689
A_NS	597	1943	G	39	0	1930	22.8896373056995
A_NS	598	1970	A	12	0	1946	22.2363823227133
A_NS	599	1957	G	25	0	1932	46.4912008281574
A_NS	600	1961	A	21	0	1932	46.8002070393375
A_NS	601	1957	T	25	0	1945	21.5491002570694
A_NS	602	1974	T	8	0	1948	23.0590349075975
A_NS	603	1949	C	33	0	1912	25.0256276150628
A_NS	604	1944	G	38	0	1913	22.6027182435964
A_NS	605	1966	C	16	0	1948	21.6883983572895
A_NS	606	1933	T	49	0	1912	21.6077405857741
A_NS	607	1940	T	42	0	1918	22.4165797705944
A_NS	608	1843	G	139	0	1823	23.897970378497
A_NS	609	1879	G	103	0	1869	22.6318887105404
A_NS	610	1869	A	112	0	1851	22.2182603997839
A_NS	611	1941	G	40	0	1929	22.3545878693624
A_NS	612	1954	A	27	0	1935	21.5478036175711
A_NS	613	1955	A	26	0	1938	21.703302373581
A_NS	614	1967	G	13	0	1883	20.1625066383431
A_NS	615	1969	C	11	0	1951	19.1788826242952
A_NS	616	1958	A	22	0	1925	18.8924675324675
A_NS	617	1956	G	24	0	1931	19.1574313827033
A_NS	618	1940	T	37	0	1929	22.0217729393468
A_NS	619	1953	G	24	0	1932	22.7939958592133
A_NS	620	1959	A	18	0	1938	24.186790505676
A_NS	621	1962	T	15	0	1945	25.6442159383033
A_NS	622	1937	G	40	0	1913	24.3460533193936
A_NS	623	1937	A	40	0	1918	24.7007299270073
A_NS	624	1962	G	15	0	1939	23.0340381640021
A_NS	625	1956	A	20	0	1931	22.1040911444847
A_NS	626	1963	A	13	0	1946	22.0107913669065
A_NS	627	1965	T	11	0	1944	22.9506172839506
A_NS	628	1756	G	220	0	1729	24.0422209369578
A_NS	629	1945	G	30	0	1929	23.0160705028512
A_NS	630	1938	G	36	0	1916	20.0991649269311
A_NS	631	1932	A	42	0	1900	20.8257894736842
A_NS	632	1945	G	29	0	1898	20.0653319283456
A_NS	633	1943	A	31	0	1901	19.7953708574435
A_NS	634	1898	C	55	0	1871	19.928380545163
A_NS	635	1919	C	34	0	1894	19.1531151003168
A_NS	636	1921	T	32	0	1901	19.6270384008417
A_NS	637	1849	C	104	0	1824	21.3854166666667
A_NS	638	1874	C	79	0	1858	20.2744886975242
A_NS	639	1805	A	148	0	1776	17.4600225225225
A_NS	640	1930	C	23	0	1907	17.5401153644468
A_NS	641	1897	T	56	0	1889	18.5627316040233
A_NS	642	1880	C	73	0	1852	20.451403887689
A_NS	643	1819	A	134	0	1772	19.6331828442438
A_NS	644	1933	C	18	0	1921	19.0036439354503
A_NS	645	1917	T	34	0	1887	19.6523582405935
A_NS	646	1827	C	124	0	1808	22.1189159292035
A_NS	647	1930	C	20	0	1893	20.4426835710512
A_NS	648	1895	A	55	0	1885	19.6350132625995
A_NS	649	1935	A	14	0	1931	21.9839461418954
A_NS	650	1940	A	9	0	1933	26.7320227625453
A_NS	651	1940	A	9	0	1920	28.934375
A_NS	652	1934	T	15	0	1910	27.4832460732984
A_NS	653	1922	A	27	0	1895	25.4828496042216
A_NS	654	1925	G	24	0	1900	23.3410526315789
A_NS	655	1931	A	18	0	1918	23.0583941605839
A_NS	656	1940	A	9	0	1931	24.0528223718281
A_NS	657	1937	A	12	0	1911	26.5871271585557
A_NS	658	1936	C	13	0	1917	23.6270213875848
A_NS	659	1928	G	21	0	1906	22.6054564533054
A_NS	660	1932	G	17	0	1922	22.4630593132154
A_NS	661	1842	A	107	0	1823	22.3867251782776
A_NS	662	1940	A	9	0	1929	24.772420943494
A_NS	663	1943	A	6	0	1933	30.3833419555096
A_NS	664	1940	A	9	0	1929	32.5360290305858
A_NS	665	1937	T	12	0	1922	27.426638917794
A_NS	666	1922	G	27	0	1904	26.1790966386555
A_NS	667	1930	G	22	0	1918	24.9124087591241
A_NS	668	1933	C	19	0	1917	24.3698487219614
A_NS	669	1915	G	37	0	1880	21.7074468085106
A_NS	670	1928	A	24	0	1904	21.2001050420168
A_NS	671	1935	G	17	0	1896	20.8206751054852
A_NS	672	1934	A	18	0	1898	22.5537407797682
A_NS	673	1940	A	12	0	1906	25.5367261280168
A_NS	674	1941	C	11	0	1906	25.1484784889822
A_NS	675	1935	A	17	0	1920	26.0942708333333
A_NS	676	1944	A	7	0	1925	26.4711688311688
A_NS	677	1942	T	9	0	1914	26.5653082549634
A_NS	678	1945	T	6	0	1928	27.3615145228216
A_NS	679	1939	A	12	0	1851	22.6212857914641
A_NS	680	1917	G	34	0	1890	20.9873015873016
A_NS	681	1945	G	6	0	1920	20.8828125
A_NS	682	1947	T	4	0	1921	21.705361790734
A_NS	683	1946	C	5	0	1924	24.2723492723493
A_NS	684	1725	A	226	0	1707	25.3005272407733
A_NS	685	1940	A	10	0	1923	25.6599063962558
A_NS	686	1943	A	6	0	1931	25.9704816157431
A_NS	687	1945	A	4	0	1917	26.905581637976
A_NS	688	1944	G	5	0	1936	26.2711776859504
A_NS	689	1942	T	7	0	1926	24.0534787123572
A_NS	690	1945	T	4	0	1932	24.5134575569358
A_NS	691	1937	C	12	0	1899	23.9389152185361
A_NS	692	1908	G	41	0	1887	18.9697933227345
A_NS	693	1911	A	37	0	1897	19.6399578281497
A_NS	694	1918	A	30	0	1903	21.2816605359958
A_NS	695	1923	G	25	0	1919	24.068264721209
A_NS	696	1933	A	15	0	1926	25.006230529595
A_NS	697	1945	A	3	0	1935	24.7932816537468
A_NS	698	1944	A	4	0	1923	24.739989599584
A_NS	699	1941	T	7	0	1913	24.6330371144799
A_NS	700	1916	A	32	0	1889	26.3012175754367
A_NS	701	1942	A	5	0	1931	25.1061626100466
A_NS	702	1939	G	8	0	1928	21.9745850622407
A_NS	703	1943	A	4	0	1932	23.6268115942029
A_NS	704	1942	T	5	0	1930	23.3575129533679
A_NS	705	1926	G	20	0	1899	22.9325961032122
A_NS	706	1935	G	11	0	1910	23.6680628272251
A_NS	707	1937	C	9	0	1889	23.5177342509264
A_NS	708	1936	T	10	0	1907	23.5201887781856
A_NS	709	1940	G	6	0	1931	24.7617814603832
A_NS	710	1942	A	4	0	1937	25.7134744450181
A_NS	711	1940	T	6	0	1930	26.7
A_NS	712	1944	T	2	0	1936	28.1756198347107
A_NS	713	1932	G	14	0	1919	27.7998957790516
A_NS	714	1926	A	19	0	1911	27.8785975928833
A_NS	715	1891	A	54	0	1878	27.6586794462194
A_NS	716	1875	G	69	0	1861	24.0564212788823
A_NS	717	1881	A	63	0	1865	23.2938337801609
A_NS	718	1931	A	13	0	1916	20.8131524008351
A_NS	719	1929	G	15	0	1894	19.3236536430834
A_NS	720	1927	T	17	0	1900	19.7452631578947
A_NS	721	1918	G	26	0	1899	22.2064244339126
A_NS	722	1924	A	20	0	1886	21.694591728526
A_NS	723	1925	G	19	0	1906	22.4774396642183
A_NS	724	1913	A	31	0	1886	24.4056203605514
A_NS	725	1905	C	39	0	1885	23.3554376657825
A_NS	726	1934	A	10	0	1904	22.9784663865546
A_NS	727	1930	C	14	0	1898	35.4615384615385
A_NS	728	1913	A	31	0	1895	37.667018469657
A_NS	729	1936	A	8	0	1920	25.9953125
A_NS	730	1935	A	9	0	1919	26.3903074517978
A_NS	731	1930	T	13	0	1910	26.2057591623037
A_NS	732	1938	T	5	0	1919	27.0745179781136
A_NS	733	1932	G	9	0	1910	24.6376963350785
A_NS	734	1929	A	12	0	1915	24.5300261096606
A_NS	735	1934	A	7	0	1914	23.6457680250784
A_NS	736	1932	G	9	0	1911	23.8466771323914
A_NS	737	1935	A	6	0	1915	24.9968668407311
A_NS	738	1936	T	5	0	1921	24.1176470588235
A_NS	739	1927	A	13	0	1916	24.9003131524008
A_NS	740	1929	A	11	0	1914	26.8793103448276
A_NS	741	1917	C	23	0	1892	26.2389006342495
A_NS	742	1883	A	57	0	1858	25.2771797631862
A_NS	743	1890	G	50	0	1884	24.1109341825902
A_NS	744	1930	A	10	0	1914	23.7758620689655
A_NS	745	1915	G	25	0	1898	31.8034773445732
A_NS	746	1934	A	6	0	1916	27.7312108559499
A_NS	747	1934	A	6	0	1908	23.8123689727463
A_NS	748	1933	T	7	0	1920	23.5953125
A_NS	749	1925	A	15	0	1893	24.8811410459588
A_NS	750	1929	G	11	0	1910	24.3047120418848
A_NS	751	1858	T	82	0	1838	25.3781284004353
A_NS	752	1931	T	6	0	1921	25.3425299323269
A_NS	753	1934	T	1	0	1923	25.8985959438378
A_NS	754	1932	T	3	0	1915	28.2078328981723
A_NS	755	1924	G	11	0	1909	25.6254583551598
A_NS	756	1920	A	15	0	1908	25.2285115303983
A_NS	757	1916	G	19	0	1891	23.1485986250661
A_NS	758	1922	C	13	0	1890	23.2835978835979
A_NS	759	1908	A	27	0	1890	23.6936507936508
A_NS	760	1929	A	6	0	1921	24.3643935450286
A_NS	761	1927	A	8	0	1909	27.435306443164
A_NS	762	1926	T	9	0	1908	27.1708595387841
A_NS	763	1923	A	12	0	1909	26.6039811419591
A_NS	764	1927	A	8	0	1894	25.1948257655755
A_NS	765	1923	C	12	0	1891	25.2289793759915
A_NS	766	1927	A	7	0	1914	25.3307210031348
A_NS	767	1916	T	18	0	1907	25.6292606187729
A_NS	768	1923	T	11	0	1915	26.9107049608355
A_NS	769	1922	T	12	0	1909	27.6464117338921
A_NS	770	1924	A	10	0	1886	27.3838812301166
A_NS	771	1926	T	8	0	1900	26.7268421052632
A_NS	772	1908	G	26	0	1841	23.6507332971211
A_NS	773	1901	C	33	0	1880	23.0255319148936
A_NS	774	1884	A	50	0	1867	22.1087305838243
A_NS	775	1902	A	32	0	1877	21.2003196590304
A_NS	776	1902	G	31	0	1845	19.7463414634146
A_NS	777	1905	C	28	0	1878	21.1080937167199
A_NS	778	1902	C	31	0	1886	20.4994697773065
A_NS	779	1885	T	48	0	1858	20.8702906350915
A_NS	780	1903	T	30	0	1878	23.6261980830671
A_NS	781	1898	A	35	0	1843	22.7346717308736
A_NS	782	1908	C	25	0	1882	23.3793836344315
A_NS	783	1921	A	12	0	1882	22.7088204038257
A_NS	784	1909	G	24	0	1891	21.6731887890005
A_NS	785	1920	C	12	0	1901	22.1756970015781
A_NS	786	1922	T	10	0	1907	23.0204509701101
A_NS	787	1917	G	15	0	1892	23.4059196617336
A_NS	788	1918	C	14	0	1903	24.7398843930636
A_NS	789	1915	T	17	0	1902	25.4579390115668
A_NS	790	1908	A	24	0	1878	24.5367412140575
A_NS	791	1916	T	16	0	1890	24.9783068783069
A_NS	792	1923	T	9	0	1912	26.0852510460251
A_NS	793	1925	T	6	0	1912	26.2479079497908
A_NS	794	1904	G	27	0	1883	25.1407328730749
A_NS	795	1899	A	32	0	1869	24.8121990369181
A_NS	796	1914	A	17	0	1897	22.2351080653664
A_NS	797	1911	G	20	0	1879	21.1979776476849
A_NS	798	1913	T	18	0	1855	21.266307277628
A_NS	799	1906	G	23	0	1892	22.6099365750529
A_NS	800	1926	G	3	0	1914	21.9049111807733
A_NS	801	1922	A	7	0	1912	23.2003138075314
A_NS	802	1926	A	3	0	1903	24.9169732002102
A_NS	803	1921	C	8	0	1904	23.7263655462185
A_NS	804	1849	A	79	0	1839	25.7096247960848
A_NS	805	1901	A	27	0	1886	24.4713679745493
A_NS	806	1891	G	36	0	1877	21.1587639850826
A_NS	807	1905	A	19	0	1879	22.8222458754657
A_NS	808	1885	G	38	0	1867	40.1505088377076
A_NS	809	1903	A	20	0	1877	45.5929675013319
A_NS	810	1897	T	24	0	1872	22.5101495726496
A_NS	811	1803	A	117	0	1759	22.5963615690733
A_NS	812	1901	A	18	0	1874	20.5346851654216
A_NS	813	1894	G	24	0	1875	18.4586666666667
A_NS	814	1900	A	18	0	1877	20.134789557805
A_NS	815	1910	A	8	0	1887	21.5182829888712
A_NS	816	1909	C	8	0	1904	20.7715336134454
A_NS	817	1891	T	24	0	1875	21.7952
A_NS	818	1898	T	16	0	1887	22.9697933227345
A_NS	819	1862	T	52	0	1840	26.0842391304348
A_NS	820	1856	C	58	0	1845	27.5712737127371
A_NS	821	1901	T	12	0	1891	24.3802221047065
A_NS	822	1867	C	45	0	1859	23.3028509951587
A_NS	823	1900	G	10	0	1876	21.6210021321962
A_NS	824	1888	T	21	0	1868	22.3950749464668
A_NS	825	1906	T	3	0	1900	22.5152631578947
A_NS	826	1902	T	2	0	1882	22.5090329436769
A_NS	827	1887	C	8	0	1877	25.2328183271177
A_NS	828	1879	A	6	0	1863	20.9581320450886
A_NS	829	1855	G	6	0	1823	19.3900164563906
A_NS	830	1857	C	2	0	1846	20.7470205850488
A_NS	831	1811	T	45	0	1805	22.4459833795014
A_NS	832	1833	T	15	0	1822	23.9028540065862
A_NS	833	1837	A	0	0	1749	23.505431675243
A_NS	834	1830	T	0	0	1825	23.1123287671233
A_NS	835	1825	T	0	0	1824	23.46875
A_NS	836	1753	T	0	0	1746	24.4936998854525
A_NS	837	1701	A	0	0	1701	24.8012933568489
A_NS	838	1687	A	0	0	1687	24.9804386484884
