Reference_Name	Position	Coverage Depth	Consensus	Deletions	Ambiguous	Consensus_Count	Consensus_Average_Quality
A_PA	1	28	N	0	0	28	31.0714285714286
A_PA	2	28	N	0	0	28	25.8214285714286
A_PA	3	28	N	0	0	28	25.5714285714286
A_PA	4	29	N	0	0	29	22.3448275862069
A_PA	5	29	N	0	0	29	21.1034482758621
A_PA	6	29	N	0	0	28	21.1071428571429
A_PA	7	27	N	2	0	26	19.5
A_PA	8	29	N	0	0	29	19.8965517241379
A_PA	9	28	N	1	0	28	18.75
A_PA	10	29	N	0	0	29	20.5862068965517
A_PA	11	29	N	0	0	29	24.3103448275862
A_PA	12	29	N	0	0	28	26
A_PA	13	29	N	0	0	28	20.3571428571429
A_PA	14	29	N	0	0	29	18.3103448275862
A_PA	15	29	N	0	0	28	18.4642857142857
A_PA	16	29	N	0	0	28	18.5714285714286
A_PA	17	28	N	1	0	28	22.3571428571429
A_PA	18	28	N	1	0	27	23
A_PA	19	29	N	0	0	28	25.9642857142857
A_PA	20	29	N	0	0	29	24.4137931034483
A_PA	21	29	N	0	0	28	26.5
A_PA	22	29	N	0	0	29	25.4137931034483
A_PA	23	29	N	0	0	28	25.9285714285714
A_PA	24	29	N	0	0	29	23.9310344827586
A_PA	25	29	N	0	0	29	23.6896551724138
A_PA	26	29	N	0	0	29	24.9310344827586
A_PA	27	29	N	0	0	29	25.4137931034483
A_PA	28	29	N	0	0	29	23.9655172413793
A_PA	29	29	N	0	0	29	23.6551724137931
A_PA	30	29	N	0	0	26	25.8076923076923
A_PA	31	28	N	1	0	28	28.6428571428571
A_PA	32	28	N	1	0	28	25.2857142857143
A_PA	33	28	N	1	0	27	23.0740740740741
A_PA	34	28	N	1	0	28	23.4285714285714
A_PA	35	34	N	0	0	33	25.3636363636364
A_PA	36	34	N	1	0	34	25.7352941176471
A_PA	37	35	N	0	0	35	27.2857142857143
A_PA	38	35	N	0	0	34	29.2647058823529
A_PA	39	34	N	1	0	32	33.1875
A_PA	40	34	N	1	0	32	27
A_PA	41	35	N	0	0	34	27.4411764705882
A_PA	42	35	N	0	0	34	23.7647058823529
A_PA	43	35	N	0	0	34	19.5
A_PA	44	35	N	0	0	35	18.4
A_PA	45	35	N	0	0	32	18.90625
A_PA	46	35	N	0	0	35	18.6
A_PA	47	34	N	1	0	34	20.7352941176471
A_PA	48	34	N	1	0	34	22.3823529411765
A_PA	49	35	N	0	0	33	25.5454545454545
A_PA	50	35	N	0	0	32	26.3125
A_PA	51	35	N	0	0	33	22.0606060606061
A_PA	52	35	N	0	0	34	19.9705882352941
A_PA	53	31	N	4	0	31	20.2258064516129
A_PA	54	35	N	0	0	35	24.1428571428571
A_PA	55	35	N	0	0	35	28.6571428571429
A_PA	56	35	N	0	0	35	34.6285714285714
A_PA	57	35	N	0	0	35	31.3714285714286
A_PA	58	34	N	1	0	33	27.9393939393939
A_PA	59	35	N	0	0	35	21.3428571428571
A_PA	60	34	N	1	0	34	20.8529411764706
A_PA	61	35	N	0	0	34	21.1764705882353
A_PA	62	35	N	0	0	34	24.7941176470588
A_PA	63	35	N	0	0	35	24.9428571428571
A_PA	64	32	N	3	0	31	27.6129032258065
A_PA	65	35	N	0	0	35	26.5428571428571
A_PA	66	35	N	0	0	35	22.6285714285714
A_PA	67	35	N	0	0	33	23.030303030303
A_PA	68	35	N	0	0	35	23.8
A_PA	69	35	N	0	0	34	22
A_PA	70	34	N	1	0	34	20.0294117647059
A_PA	71	35	N	0	0	35	21.1142857142857
A_PA	72	35	N	0	0	35	21.5714285714286
A_PA	73	35	N	0	0	35	24.4857142857143
A_PA	74	35	N	0	0	35	21.5142857142857
A_PA	75	35	N	0	0	33	21.5757575757576
A_PA	76	35	N	0	0	35	20.3428571428571
A_PA	77	35	N	0	0	34	31.5882352941176
A_PA	78	35	N	0	0	34	25.2941176470588
A_PA	79	35	N	0	0	34	19.3235294117647
A_PA	80	35	N	0	0	35	19.7428571428571
A_PA	81	35	N	0	0	35	21.5428571428571
A_PA	82	35	N	0	0	35	21.9142857142857
A_PA	83	35	N	0	0	34	20.2352941176471
A_PA	84	35	N	0	0	35	19.9428571428571
A_PA	85	33	N	2	0	33	22.0606060606061
A_PA	86	35	N	0	0	35	22.3142857142857
A_PA	87	35	N	0	0	34	25.1470588235294
A_PA	88	35	N	0	0	35	25.2571428571429
A_PA	89	35	N	0	0	35	25.8285714285714
A_PA	90	35	N	0	0	33	24.6363636363636
A_PA	91	33	N	2	0	33	19.3333333333333
A_PA	92	35	N	0	0	35	18.8571428571429
A_PA	93	35	N	0	0	35	19.8
A_PA	94	35	N	0	0	35	26.4571428571429
A_PA	95	35	N	0	0	35	23.5428571428571
A_PA	96	35	N	0	0	33	24.8181818181818
A_PA	97	35	N	0	0	35	27.2571428571429
A_PA	98	35	N	0	0	35	26.3142857142857
A_PA	99	35	N	0	0	35	26.0857142857143
A_PA	100	35	N	0	0	35	25.6857142857143
A_PA	101	35	N	0	0	34	26.9411764705882
A_PA	102	35	N	0	0	35	28.1142857142857
A_PA	103	35	N	0	0	35	29.0857142857143
A_PA	104	35	N	0	0	35	29.9142857142857
A_PA	105	35	N	0	0	35	28.1714285714286
A_PA	106	35	N	0	0	35	26.6857142857143
A_PA	107	35	N	0	0	34	27.2352941176471
A_PA	108	35	N	0	0	34	25.4411764705882
A_PA	109	35	N	0	0	34	22.2941176470588
A_PA	110	35	N	0	0	34	21.7058823529412
A_PA	111	34	N	1	0	34	21.1470588235294
A_PA	112	29	N	6	0	29	21.9655172413793
A_PA	113	29	N	6	0	28	22.9642857142857
A_PA	114	29	N	6	0	28	25.5357142857143
A_PA	115	29	N	6	0	29	25.2758620689655
A_PA	116	30	N	5	0	30	24.7
A_PA	117	30	N	5	0	30	23.8
A_PA	118	30	N	5	0	29	23.0344827586207
A_PA	119	30	N	5	0	30	22.3333333333333
A_PA	120	30	N	5	0	30	23.7333333333333
A_PA	121	29	N	6	0	29	25.1034482758621
A_PA	122	28	N	7	0	27	23.5925925925926
A_PA	123	30	N	5	0	30	22.6666666666667
A_PA	124	29	N	6	0	28	24.1428571428571
A_PA	125	29	N	6	0	29	24.0689655172414
A_PA	126	28	N	7	0	28	23.7857142857143
A_PA	127	28	N	7	0	28	23.6428571428571
A_PA	128	28	N	7	0	28	23.2142857142857
A_PA	129	29	N	6	0	27	25.1851851851852
A_PA	130	30	N	5	0	29	24.6206896551724
A_PA	131	30	N	5	0	30	23.9666666666667
A_PA	132	35	N	0	0	33	24.3333333333333
A_PA	133	35	N	0	0	34	24.3529411764706
A_PA	134	34	N	1	0	34	26.8529411764706
A_PA	135	35	N	0	0	32	23.03125
A_PA	136	34	N	1	0	34	22.2647058823529
A_PA	137	35	N	0	0	35	22.6857142857143
A_PA	138	35	N	0	0	35	25.8857142857143
A_PA	139	35	N	0	0	34	23.9411764705882
A_PA	140	35	N	0	0	34	23.5588235294118
A_PA	141	35	N	0	0	35	24.3142857142857
A_PA	142	35	N	0	0	35	24.8
A_PA	143	35	N	0	0	35	25.3428571428571
A_PA	144	35	N	0	0	35	26.6
A_PA	145	35	N	0	0	35	27.5714285714286
A_PA	146	35	N	0	0	35	26.1428571428571
A_PA	147	35	N	0	0	33	19.2424242424242
A_PA	148	35	N	0	0	34	18.4411764705882
A_PA	149	35	N	0	0	35	18.6857142857143
A_PA	150	35	N	0	0	35	20.0285714285714
A_PA	151	35	N	0	0	35	21.7142857142857
A_PA	152	35	N	0	0	35	27.0857142857143
A_PA	153	35	N	0	0	33	31.6060606060606
A_PA	154	35	N	0	0	35	30.0571428571429
A_PA	155	35	N	0	0	34	27.1470588235294
A_PA	156	35	N	0	0	35	26.2571428571429
A_PA	157	35	N	0	0	35	27.0285714285714
A_PA	158	35	N	0	0	35	26.8
A_PA	159	35	N	0	0	35	28.0857142857143
A_PA	160	35	N	0	0	35	25.7142857142857
A_PA	161	35	N	0	0	35	26.1714285714286
A_PA	162	35	N	0	0	35	25.4285714285714
A_PA	163	34	N	1	0	34	23.4705882352941
A_PA	164	35	N	0	0	35	24.3142857142857
A_PA	165	35	N	0	0	34	27.9411764705882
A_PA	166	35	N	0	0	35	27.3714285714286
A_PA	167	35	N	0	0	35	26.7428571428571
A_PA	168	35	N	0	0	33	24.5454545454545
A_PA	169	35	N	0	0	35	24.1142857142857
A_PA	170	35	N	0	0	35	24.4571428571429
A_PA	171	35	N	0	0	33	23.3939393939394
A_PA	172	35	N	0	0	35	21
A_PA	173	35	N	0	0	35	22.7428571428571
A_PA	174	35	N	0	0	34	21.7647058823529
A_PA	175	34	N	1	0	34	20.7058823529412
A_PA	176	35	N	0	0	35	20.8571428571429
A_PA	177	35	N	0	0	30	19.8666666666667
A_PA	178	35	N	0	0	34	21.1470588235294
A_PA	179	35	N	0	0	34	23.4411764705882
A_PA	180	35	N	0	0	35	23.1428571428571
A_PA	181	35	N	0	0	35	24.0857142857143
A_PA	182	35	N	0	0	34	25.9411764705882
A_PA	183	35	N	0	0	35	26.5714285714286
A_PA	184	35	N	0	0	33	23.0606060606061
A_PA	185	34	N	1	0	34	24.2352941176471
A_PA	186	34	N	1	0	34	22.9705882352941
A_PA	187	34	N	1	0	33	20.2121212121212
A_PA	188	35	N	0	0	35	20.3428571428571
A_PA	189	34	N	1	0	32	21
A_PA	190	35	N	0	0	32	17.71875
A_PA	191	34	N	1	0	34	16.8529411764706
A_PA	192	35	N	0	0	32	21.875
A_PA	193	35	N	0	0	35	20.0857142857143
A_PA	194	35	N	0	0	32	22
A_PA	195	35	N	0	0	35	23.0285714285714
A_PA	196	33	N	2	0	33	25.6363636363636
A_PA	197	33	N	2	0	33	25.7272727272727
A_PA	198	35	N	0	0	33	25.3636363636364
A_PA	199	35	N	0	0	35	25.3714285714286
A_PA	200	35	N	0	0	34	24.7058823529412
A_PA	201	35	N	0	0	35	24.9142857142857
A_PA	202	35	N	0	0	35	23.9142857142857
A_PA	203	35	N	0	0	34	21.3529411764706
A_PA	204	35	N	0	0	35	20.0571428571429
A_PA	205	35	N	0	0	35	22.3714285714286
A_PA	206	35	N	0	0	35	27.5142857142857
A_PA	207	35	N	0	0	35	28.2
A_PA	208	35	N	0	0	35	29.5714285714286
A_PA	209	35	N	0	0	34	26.2352941176471
A_PA	210	35	N	0	0	35	19.7142857142857
A_PA	211	35	N	0	0	35	19.9428571428571
A_PA	212	33	N	2	0	33	23.5454545454545
A_PA	213	34	N	1	0	32	22.03125
A_PA	214	34	N	1	0	34	26.9411764705882
A_PA	215	34	N	1	0	34	28.7352941176471
A_PA	216	34	N	1	0	32	24.03125
A_PA	217	35	N	0	0	34	22.5
A_PA	218	35	N	0	0	35	23.4571428571429
A_PA	219	35	N	0	0	32	22.53125
A_PA	220	35	N	0	0	35	24.2285714285714
A_PA	221	35	N	0	0	35	24.3142857142857
A_PA	222	35	N	0	0	35	23.9714285714286
A_PA	223	34	N	1	0	34	22
A_PA	224	34	N	1	0	34	20.7352941176471
A_PA	225	34	N	1	0	34	21.3529411764706
A_PA	226	34	N	1	0	33	23.1212121212121
A_PA	227	35	N	0	0	35	24.1142857142857
A_PA	228	35	N	0	0	35	25.7714285714286
A_PA	229	35	N	0	0	35	24.6857142857143
A_PA	230	35	N	0	0	35	22.8
A_PA	231	34	N	1	0	34	22.6176470588235
A_PA	232	34	N	1	0	34	26.6470588235294
A_PA	233	34	N	1	0	34	25.5882352941176
A_PA	234	35	N	0	0	35	28.2571428571429
A_PA	235	35	N	0	0	35	27
A_PA	236	35	N	0	0	35	27.8285714285714
A_PA	237	34	N	1	0	32	25.78125
A_PA	238	34	N	1	0	34	22.4117647058824
A_PA	239	34	N	1	0	34	21
A_PA	240	26	N	9	0	26	21.6538461538462
A_PA	241	34	N	1	0	34	21.9117647058824
A_PA	242	34	N	1	0	32	17.6875
A_PA	243	34	N	1	0	33	16.4545454545455
A_PA	244	35	N	0	0	35	21.8
A_PA	245	35	N	0	0	35	22.5428571428571
A_PA	246	35	N	0	0	35	28.8
A_PA	247	35	N	0	0	35	44.9142857142857
A_PA	248	35	N	0	0	35	55.6
A_PA	249	34	N	1	0	32	20
A_PA	250	35	N	0	0	33	20.8787878787879
A_PA	251	35	N	0	0	35	20.3428571428571
A_PA	252	35	N	0	0	32	20.5625
A_PA	253	35	N	0	0	34	20.5294117647059
A_PA	254	35	N	0	0	35	21.3714285714286
A_PA	255	35	N	0	0	35	22.9714285714286
A_PA	256	35	N	0	0	35	24.8571428571429
A_PA	257	34	N	1	0	34	26
A_PA	258	34	N	1	0	34	26.1764705882353
A_PA	259	35	N	0	0	34	25.0882352941176
A_PA	260	33	N	2	0	33	24.5757575757576
A_PA	261	35	N	0	0	34	24.0882352941176
A_PA	262	35	N	0	0	35	22.8
A_PA	263	33	N	2	0	32	23
A_PA	264	35	N	0	0	34	24.4705882352941
A_PA	265	35	N	0	0	35	22.2857142857143
A_PA	266	35	N	0	0	34	23.0882352941176
A_PA	267	35	N	0	0	32	21.125
A_PA	268	35	N	0	0	32	21.3125
A_PA	269	35	N	0	0	33	20.5151515151515
A_PA	270	35	N	0	0	35	20.0571428571429
A_PA	271	35	N	0	0	34	21.4705882352941
A_PA	272	35	N	0	0	34	22.6176470588235
A_PA	273	33	N	2	0	33	22.6060606060606
A_PA	274	35	N	0	0	34	23.6176470588235
A_PA	275	35	N	0	0	34	22.7647058823529
A_PA	276	35	N	0	0	34	23.5588235294118
A_PA	277	35	N	0	0	35	18.8
A_PA	278	35	N	0	0	32	19.0625
A_PA	279	35	N	0	0	34	19
A_PA	280	35	N	0	0	33	21.2121212121212
A_PA	281	35	N	0	0	34	23.5294117647059
A_PA	282	34	N	1	0	32	26.5625
A_PA	283	34	N	1	0	34	26
A_PA	284	34	N	1	0	32	24.375
A_PA	285	33	N	2	0	32	24.28125
A_PA	286	34	N	1	0	33	24.3030303030303
A_PA	287	34	N	1	0	34	22.6764705882353
A_PA	288	34	N	1	0	34	22.7352941176471
A_PA	289	34	N	1	0	34	23.7058823529412
A_PA	290	35	N	0	0	34	23.5294117647059
A_PA	291	34	N	1	0	34	22.7058823529412
A_PA	292	30	N	0	0	29	25.4827586206897
A_PA	293	30	N	0	0	30	25.6666666666667
A_PA	294	30	N	0	0	27	21.962962962963
A_PA	295	30	N	0	0	30	22.4
A_PA	296	30	N	0	0	30	22.6
A_PA	297	30	N	0	0	30	22.7333333333333
A_PA	298	30	N	0	0	30	24
A_PA	299	30	N	0	0	30	24.0666666666667
A_PA	300	29	N	1	0	29	24.5862068965517
A_PA	301	30	N	0	0	30	23.6333333333333
A_PA	302	30	N	0	0	29	23.8965517241379
A_PA	303	29	N	1	0	27	20.0740740740741
A_PA	304	30	N	0	0	29	20.3103448275862
A_PA	305	30	N	0	0	30	20.5
A_PA	306	31	N	0	0	30	24.8666666666667
A_PA	307	31	N	0	0	29	24.2758620689655
A_PA	308	31	N	0	0	30	22
A_PA	309	30	N	1	0	30	18.1
A_PA	310	31	N	0	0	31	18.2903225806452
A_PA	311	31	N	0	0	31	17.741935483871
A_PA	312	31	N	0	0	31	19.258064516129
A_PA	313	30	N	1	0	30	22.5333333333333
A_PA	314	31	N	0	0	31	23.3548387096774
A_PA	315	31	N	0	0	30	23.1
A_PA	316	30	N	1	0	27	25.6666666666667
A_PA	317	31	N	0	0	31	24.8709677419355
A_PA	318	31	N	0	0	27	23.037037037037
A_PA	319	31	N	0	0	29	21.5862068965517
A_PA	320	31	N	0	0	29	20.448275862069
A_PA	321	31	N	0	0	28	19.3928571428571
A_PA	322	31	N	0	0	31	18.7096774193548
A_PA	323	30	N	1	0	30	20.4
A_PA	324	30	N	1	0	30	21.0666666666667
A_PA	325	31	N	0	0	30	21.5
A_PA	326	31	N	0	0	31	21.0967741935484
A_PA	327	31	N	0	0	31	19
A_PA	328	29	N	2	0	29	19.1724137931034
A_PA	329	30	N	1	0	28	19.5
A_PA	330	31	N	0	0	30	21.5333333333333
A_PA	331	31	N	0	0	31	23.741935483871
A_PA	332	31	N	0	0	31	24.6451612903226
A_PA	333	30	N	1	0	30	26.7
A_PA	334	31	N	0	0	31	26.6129032258065
A_PA	335	31	N	0	0	31	23.5806451612903
A_PA	336	31	N	0	0	31	23.8709677419355
A_PA	337	30	N	1	0	30	22.6333333333333
A_PA	338	30	N	1	0	30	20.8666666666667
A_PA	339	29	N	2	0	26	18.3076923076923
A_PA	340	29	N	2	0	29	19.7241379310345
A_PA	341	31	N	0	0	31	18.8387096774194
A_PA	342	31	N	0	0	28	20.3214285714286
A_PA	343	31	N	0	0	31	20.5161290322581
A_PA	344	31	N	0	0	31	21.5161290322581
A_PA	345	31	N	0	0	28	22.8928571428571
A_PA	346	30	N	1	0	30	23.6
A_PA	347	31	N	0	0	31	22.4193548387097
A_PA	348	31	N	0	0	31	22.7741935483871
A_PA	349	30	N	1	0	30	23.6
A_PA	350	31	N	0	0	31	23.4193548387097
A_PA	351	31	N	0	0	31	26.5806451612903
A_PA	352	31	N	0	0	31	24.9677419354839
A_PA	353	31	N	0	0	31	24.9677419354839
A_PA	354	31	N	0	0	31	24
A_PA	355	31	N	0	0	30	19.4333333333333
A_PA	356	31	N	0	0	29	19.4137931034483
A_PA	357	31	N	0	0	26	19.1153846153846
A_PA	358	31	N	0	0	30	19.1
A_PA	359	30	N	1	0	30	20.1666666666667
A_PA	360	31	N	0	0	31	20.9354838709677
A_PA	361	29	N	2	0	28	22.4285714285714
A_PA	362	31	N	0	0	31	22.3225806451613
A_PA	363	30	N	1	0	28	21.6428571428571
A_PA	364	31	N	0	0	30	21.4666666666667
A_PA	365	29	N	2	0	29	19.9310344827586
A_PA	366	30	N	1	0	30	22.2
A_PA	367	30	N	1	0	30	24.4
A_PA	368	30	N	1	0	30	24.1
A_PA	369	29	N	2	0	28	25
A_PA	370	30	N	1	0	30	21.4666666666667
A_PA	371	31	N	0	0	31	18.9677419354839
A_PA	372	31	N	0	0	30	20.8
A_PA	373	31	N	0	0	31	19.1612903225806
A_PA	374	28	N	3	0	28	20.5
A_PA	375	31	N	0	0	28	20.9285714285714
A_PA	376	31	N	0	0	31	16.4193548387097
A_PA	377	29	N	2	0	29	17.6206896551724
A_PA	378	29	N	2	0	28	18
A_PA	379	30	N	1	0	28	17.4285714285714
A_PA	380	30	N	1	0	30	16.8666666666667
A_PA	381	28	N	3	0	28	18.8571428571429
A_PA	382	29	N	2	0	29	17.8620689655172
A_PA	383	30	N	1	0	29	18.3103448275862
A_PA	384	30	N	1	0	27	18.6666666666667
A_PA	385	28	N	3	0	27	20.037037037037
A_PA	386	28	N	3	0	27	19.6296296296296
A_PA	387	30	N	1	0	30	21.7
A_PA	388	30	N	1	0	29	26.2758620689655
A_PA	389	31	N	0	0	31	27.8064516129032
A_PA	390	31	N	0	0	28	20.9285714285714
A_PA	391	31	N	0	0	30	20.3666666666667
A_PA	392	31	N	0	0	31	22.7096774193548
A_PA	393	30	N	1	0	27	26.5185185185185
A_PA	394	29	N	2	0	29	28.2413793103448
A_PA	395	29	N	2	0	28	27.5714285714286
A_PA	396	31	N	0	0	29	27.1379310344828
A_PA	397	31	N	0	0	31	19.1290322580645
A_PA	398	29	N	2	0	29	20.2758620689655
A_PA	399	31	N	0	0	31	20.8064516129032
A_PA	400	31	N	0	0	31	24.8064516129032
A_PA	401	31	N	0	0	31	23.5483870967742
A_PA	402	31	N	0	0	30	24.3
A_PA	403	31	N	0	0	31	20.7741935483871
A_PA	404	30	N	1	0	30	22.2
A_PA	405	31	N	0	0	29	22.6551724137931
A_PA	406	31	N	0	0	30	21.9666666666667
A_PA	407	31	N	0	0	30	24.8
A_PA	408	30	N	1	0	29	23.7586206896552
A_PA	409	30	N	1	0	30	24.2666666666667
A_PA	410	30	N	1	0	30	23.6666666666667
A_PA	411	30	N	1	0	27	23.7407407407407
A_PA	412	30	N	1	0	29	23.0344827586207
A_PA	413	30	N	1	0	28	24.25
A_PA	414	31	N	0	0	30	24.2
A_PA	415	31	N	0	0	31	24.0322580645161
A_PA	416	31	N	0	0	31	25.2258064516129
A_PA	417	31	N	0	0	31	22.7096774193548
A_PA	418	29	N	2	0	28	22.75
A_PA	419	30	N	1	0	29	23.1724137931034
A_PA	420	30	N	1	0	28	21.8214285714286
A_PA	421	27	N	4	0	27	21.4444444444444
A_PA	422	28	N	3	0	28	21.6071428571429
A_PA	423	31	N	0	0	30	19.3666666666667
A_PA	424	31	N	0	0	31	20.8387096774194
A_PA	425	30	N	1	0	29	21.2068965517241
A_PA	426	30	N	1	0	29	20.1034482758621
A_PA	427	27	N	4	0	27	23.5925925925926
A_PA	428	27	N	4	0	27	21.8148148148148
A_PA	429	31	N	0	0	31	24.2903225806452
A_PA	430	31	N	0	0	31	31.7096774193548
A_PA	431	31	N	0	0	30	53.9666666666667
A_PA	432	31	N	0	0	31	51.2258064516129
A_PA	433	31	N	0	0	31	34.3225806451613
A_PA	434	31	N	0	0	31	22.5806451612903
A_PA	435	30	N	1	0	27	23.1111111111111
A_PA	436	30	N	1	0	30	22.4333333333333
A_PA	437	30	N	1	0	29	21.3448275862069
A_PA	438	31	N	0	0	30	21.7333333333333
A_PA	439	31	N	0	0	30	23.3333333333333
A_PA	440	29	N	2	0	29	21.8620689655172
A_PA	441	30	N	1	0	30	24.5666666666667
A_PA	442	30	N	1	0	30	25.5333333333333
A_PA	443	28	N	3	0	27	24.9259259259259
A_PA	444	28	N	3	0	26	27.1538461538462
A_PA	445	31	N	0	0	31	23.8387096774194
A_PA	446	31	N	0	0	31	23.0645161290323
A_PA	447	30	N	1	0	30	23.2
A_PA	448	31	N	0	0	30	24.8
A_PA	449	31	N	0	0	30	24.7333333333333
A_PA	450	31	N	0	0	31	27.8387096774194
A_PA	451	31	N	0	0	31	25.9354838709677
A_PA	452	31	N	0	0	30	26.8333333333333
A_PA	453	31	N	0	0	31	23.0322580645161
A_PA	454	24	N	7	0	24	22.4583333333333
A_PA	455	30	N	1	0	30	21.1666666666667
A_PA	456	30	N	1	0	30	20.1
A_PA	457	29	N	2	0	29	19
A_PA	458	29	N	2	0	29	20.3103448275862
A_PA	459	30	N	1	0	28	22.3214285714286
A_PA	460	31	N	0	0	30	21.2333333333333
A_PA	461	31	N	0	0	31	21.6451612903226
A_PA	462	31	N	0	0	31	21.7741935483871
A_PA	463	31	N	0	0	31	25.1612903225806
A_PA	464	30	N	1	0	30	24.9333333333333
A_PA	465	30	N	1	0	30	25.4
A_PA	466	30	N	1	0	29	24.1724137931034
A_PA	467	30	N	1	0	30	22.4666666666667
A_PA	468	31	N	0	0	30	20.1
A_PA	469	31	N	0	0	30	18.8
A_PA	470	31	N	0	0	31	19.1935483870968
A_PA	471	30	N	1	0	30	19.5666666666667
A_PA	472	31	N	0	0	31	20.7741935483871
A_PA	473	30	N	1	0	27	19.7037037037037
A_PA	474	30	N	1	0	30	21.7666666666667
A_PA	475	31	N	0	0	31	21.1935483870968
A_PA	476	31	N	0	0	30	20.8333333333333
A_PA	477	31	N	0	0	27	21.4444444444444
A_PA	478	31	N	0	0	30	21.2
A_PA	479	31	N	0	0	31	21.6129032258065
A_PA	480	31	N	0	0	30	21.6666666666667
A_PA	481	31	N	0	0	31	20.8064516129032
A_PA	482	31	N	0	0	30	21.5666666666667
A_PA	483	31	N	0	0	29	24.7586206896552
A_PA	484	31	N	0	0	31	22.6451612903226
A_PA	485	30	N	1	0	29	24.3448275862069
A_PA	486	29	N	2	0	29	21.448275862069
A_PA	487	29	N	2	0	28	22.5714285714286
A_PA	488	29	N	2	0	27	26.5555555555556
A_PA	489	30	N	1	0	26	28.9230769230769
A_PA	490	31	N	0	0	31	21.9677419354839
A_PA	491	31	N	0	0	31	21.3870967741935
A_PA	492	31	N	0	0	31	22.5161290322581
A_PA	493	31	N	0	0	31	21.7741935483871
A_PA	494	30	N	1	0	30	23.2333333333333
A_PA	495	30	N	1	0	30	21.7666666666667
A_PA	496	30	N	1	0	30	21.0333333333333
A_PA	497	29	N	2	0	29	19.1034482758621
A_PA	498	30	N	1	0	27	21.037037037037
A_PA	499	30	N	1	0	30	23.8
A_PA	500	31	N	0	0	31	24.6451612903226
A_PA	501	31	N	0	0	31	23.2903225806452
A_PA	502	31	N	0	0	29	21.3793103448276
A_PA	503	30	N	1	0	30	20.0666666666667
A_PA	504	31	N	0	0	31	19.3225806451613
A_PA	505	31	N	0	0	31	21.9677419354839
A_PA	506	31	N	0	0	31	21.4838709677419
A_PA	507	31	N	0	0	31	23.0967741935484
A_PA	508	30	N	1	0	29	22.7241379310345
A_PA	509	29	N	2	0	28	21.0714285714286
A_PA	510	31	N	0	0	30	19.4666666666667
A_PA	511	31	N	0	0	30	19.6
A_PA	512	31	N	0	0	31	19.1612903225806
A_PA	513	31	N	0	0	29	22.0344827586207
A_PA	514	28	N	3	0	26	20.3076923076923
A_PA	515	31	N	0	0	31	20.7096774193548
A_PA	516	31	N	0	0	31	22.4193548387097
A_PA	517	29	N	2	0	29	23.7931034482759
A_PA	518	28	N	3	0	26	22.6538461538462
A_PA	519	31	N	0	0	31	20.2903225806452
A_PA	520	31	N	0	0	31	17.4838709677419
A_PA	521	31	N	0	0	31	18.1935483870968
A_PA	522	30	N	1	0	28	19.3928571428571
A_PA	523	31	N	0	0	31	23.1290322580645
A_PA	524	31	N	0	0	30	20.9
A_PA	525	31	N	0	0	27	24.7407407407407
A_PA	526	31	N	0	0	31	22
A_PA	527	30	N	1	0	30	23.1666666666667
A_PA	528	30	N	1	0	27	24.8888888888889
A_PA	529	31	N	0	0	31	24.6129032258065
A_PA	530	31	N	0	0	31	22.6774193548387
A_PA	531	31	N	0	0	31	22.1612903225806
A_PA	532	31	N	0	0	31	23.5161290322581
A_PA	533	31	N	0	0	31	20.4516129032258
A_PA	534	30	N	1	0	29	23.7586206896552
A_PA	535	30	N	1	0	29	24.8275862068966
A_PA	536	30	N	1	0	30	23.8
A_PA	537	30	N	1	0	30	24.2333333333333
A_PA	538	30	N	1	0	30	25.4
A_PA	539	30	N	1	0	30	23.6666666666667
A_PA	540	31	N	0	0	31	21.5483870967742
A_PA	541	31	N	0	0	29	21.7931034482759
A_PA	542	31	N	0	0	28	24.9642857142857
A_PA	543	31	N	0	0	31	24.3548387096774
A_PA	544	31	N	0	0	30	25.9333333333333
A_PA	545	30	N	1	0	30	24
A_PA	546	29	N	2	0	28	25.3928571428571
A_PA	547	31	N	0	0	30	22.1
A_PA	548	30	N	1	0	29	22.8965517241379
A_PA	549	30	N	1	0	27	20.7037037037037
A_PA	550	30	N	1	0	30	21.2
A_PA	551	30	N	1	0	27	21
A_PA	552	29	N	2	0	28	21.6785714285714
A_PA	553	29	N	2	0	29	22.1034482758621
A_PA	554	30	N	1	0	30	19.5666666666667
A_PA	555	29	N	2	0	29	19.2413793103448
A_PA	556	28	N	3	0	26	22.2692307692308
A_PA	557	31	N	0	0	30	19.1333333333333
A_PA	558	30	N	1	0	30	17.3
A_PA	559	30	N	1	0	30	18.7
A_PA	560	30	N	1	0	30	22.8333333333333
A_PA	561	31	N	0	0	31	23.0645161290323
A_PA	562	31	N	0	0	31	22.741935483871
A_PA	563	28	N	3	0	28	20.8214285714286
A_PA	564	30	N	1	0	29	22.5862068965517
A_PA	565	31	N	0	0	31	19.3870967741935
A_PA	566	30	N	1	0	30	20.4333333333333
A_PA	567	30	N	1	0	30	20.9
A_PA	568	29	N	2	0	29	22.1379310344828
A_PA	569	29	N	2	0	29	23.8620689655172
A_PA	570	30	N	1	0	30	21.9666666666667
A_PA	571	29	N	2	0	29	19
A_PA	572	30	N	1	0	30	22.8333333333333
A_PA	573	31	N	0	0	30	26.1666666666667
A_PA	574	31	N	0	0	31	25.0322580645161
A_PA	575	31	N	0	0	28	25.1071428571429
A_PA	576	31	N	0	0	31	22.5806451612903
A_PA	577	31	N	0	0	31	25.1290322580645
A_PA	578	31	N	0	0	31	20.7096774193548
A_PA	579	30	N	1	0	30	20.8666666666667
A_PA	580	31	N	0	0	31	21.3870967741935
A_PA	581	29	N	2	0	29	22.4827586206897
A_PA	582	31	N	0	0	31	19.6774193548387
A_PA	583	31	N	0	0	31	17.6451612903226
A_PA	584	31	N	0	0	31	18.8064516129032
A_PA	585	31	N	0	0	31	21.2258064516129
A_PA	586	30	N	1	0	29	22.8620689655172
A_PA	587	30	N	1	0	29	23.7241379310345
A_PA	588	31	N	0	0	30	19.9666666666667
A_PA	589	30	N	1	0	29	18.1379310344828
A_PA	590	31	N	0	0	31	16.741935483871
A_PA	591	31	N	0	0	30	16.9333333333333
A_PA	592	31	N	0	0	31	17.4516129032258
A_PA	593	31	N	0	0	31	18.3225806451613
A_PA	594	31	N	0	0	31	19.4838709677419
A_PA	595	31	N	0	0	31	22.1612903225806
A_PA	596	30	N	1	0	30	23.8333333333333
A_PA	597	31	N	0	0	31	23.1935483870968
A_PA	598	31	N	0	0	31	23.5161290322581
A_PA	599	31	N	0	0	31	22.4838709677419
A_PA	600	31	N	0	0	31	22.5806451612903
A_PA	601	31	N	0	0	31	21.0322580645161
A_PA	602	30	N	1	0	30	21.3333333333333
A_PA	603	31	N	0	0	31	21.7741935483871
A_PA	604	31	N	0	0	31	21.2903225806452
A_PA	605	31	N	0	0	31	23.3548387096774
A_PA	606	31	N	0	0	31	23.1935483870968
A_PA	607	31	N	0	0	31	21.8709677419355
A_PA	608	31	N	0	0	31	23.5483870967742
A_PA	609	31	N	0	0	31	24.1612903225806
A_PA	610	31	N	0	0	31	22.4516129032258
A_PA	611	29	N	2	0	28	26.75
A_PA	612	31	N	0	0	30	25.0666666666667
A_PA	613	31	N	0	0	31	26.2903225806452
A_PA	614	31	N	0	0	31	26.5483870967742
A_PA	615	31	N	0	0	31	27.6129032258065
A_PA	616	31	N	0	0	31	25.6774193548387
A_PA	617	31	N	0	0	31	25.0645161290323
A_PA	618	31	N	0	0	31	23.9032258064516
A_PA	619	31	N	0	0	30	25.4
A_PA	620	31	N	0	0	31	23.8064516129032
A_PA	621	31	N	0	0	31	25.4838709677419
A_PA	622	31	N	0	0	31	22.1290322580645
A_PA	623	31	N	0	0	31	22.1612903225806
A_PA	624	30	N	1	0	30	22.2666666666667
A_PA	625	28	N	3	0	28	22.25
A_PA	626	31	N	0	0	31	21.0967741935484
A_PA	627	31	N	0	0	31	23.4193548387097
A_PA	628	31	N	0	0	31	24.1935483870968
A_PA	629	31	N	0	0	30	28.0666666666667
A_PA	630	31	N	0	0	28	25.6785714285714
A_PA	631	31	N	0	0	31	26.2258064516129
A_PA	632	31	N	0	0	31	24.6774193548387
A_PA	633	29	N	2	0	28	24.8214285714286
A_PA	634	29	N	2	0	28	21.25
A_PA	635	28	N	3	0	28	17.5
A_PA	636	29	N	2	0	27	18.3703703703704
A_PA	637	29	N	2	0	26	15.5384615384615
A_PA	638	29	N	2	0	24	17.25
A_PA	639	30	N	1	0	29	15.2068965517241
A_PA	640	30	N	1	0	30	16.5
A_PA	641	30	N	1	0	30	17.5
A_PA	642	30	N	1	0	27	21.4444444444444
A_PA	643	29	N	2	0	28	21.6071428571429
A_PA	644	30	N	1	0	29	22.448275862069
A_PA	645	30	N	1	0	29	21.0689655172414
A_PA	646	30	N	1	0	29	20.8275862068966
A_PA	647	30	N	1	0	30	21.2666666666667
A_PA	648	29	N	2	0	28	22
A_PA	649	30	N	1	0	30	21.0666666666667
A_PA	650	25	N	6	0	24	20.2916666666667
A_PA	651	31	N	0	0	31	20.3225806451613
A_PA	652	31	N	0	0	31	18.4193548387097
A_PA	653	31	N	0	0	31	16.9677419354839
A_PA	654	30	N	1	0	30	19.0333333333333
A_PA	655	30	N	1	0	29	21.4827586206897
A_PA	656	30	N	1	0	30	21.6
A_PA	657	27	N	4	0	27	26.6296296296296
A_PA	658	30	N	1	0	28	24.6071428571429
A_PA	659	30	N	1	0	30	20.1
A_PA	660	30	N	1	0	26	18.8461538461538
A_PA	661	30	N	1	0	30	20.8333333333333
A_PA	662	30	N	1	0	30	21.6333333333333
A_PA	663	30	N	1	0	30	18.9666666666667
A_PA	664	29	N	1	0	29	19.1034482758621
A_PA	665	29	N	1	0	29	20.1379310344828
A_PA	666	28	N	2	0	28	20.9285714285714
A_PA	667	29	N	1	0	29	22.448275862069
A_PA	668	29	N	1	0	29	21.2413793103448
A_PA	669	29	N	1	0	29	20.8620689655172
A_PA	670	29	N	1	0	29	20.1034482758621
A_PA	671	29	N	1	0	29	19.551724137931
A_PA	672	29	N	1	0	29	21.8275862068966
A_PA	673	28	N	2	0	27	20.8518518518519
A_PA	674	29	N	1	0	28	22.5
A_PA	675	28	N	2	0	28	22.5357142857143
A_PA	676	29	N	1	0	29	20.7586206896552
A_PA	677	28	N	2	0	25	20.2
A_PA	678	29	N	1	0	26	20.6923076923077
A_PA	679	28	N	2	0	28	17.9642857142857
A_PA	680	28	N	2	0	28	18.6071428571429
A_PA	681	26	N	4	0	26	17.8846153846154
A_PA	682	29	N	1	0	29	17.448275862069
A_PA	683	29	N	1	0	29	18.8965517241379
A_PA	684	28	N	2	0	28	20.2142857142857
A_PA	685	29	N	1	0	29	22.4827586206897
A_PA	686	29	N	1	0	29	23.9310344827586
A_PA	687	29	N	1	0	28	24.9642857142857
A_PA	688	28	N	2	0	28	22.8214285714286
A_PA	689	29	N	1	0	29	19.9655172413793
A_PA	690	29	N	1	0	29	19.5862068965517
A_PA	691	29	N	1	0	29	21.2068965517241
A_PA	692	29	N	1	0	28	22.1785714285714
A_PA	693	29	N	1	0	29	20.8965517241379
A_PA	694	29	N	1	0	29	21
A_PA	695	29	N	1	0	29	21.8965517241379
A_PA	696	28	N	2	0	28	23.1071428571429
A_PA	697	28	N	2	0	28	23.3928571428571
A_PA	698	29	N	1	0	29	21.5172413793103
A_PA	699	29	N	1	0	29	21.3103448275862
A_PA	700	29	N	1	0	29	21.0344827586207
A_PA	701	29	N	1	0	28	22.8214285714286
A_PA	702	29	N	1	0	28	22.9285714285714
A_PA	703	29	N	1	0	29	21.8965517241379
A_PA	704	29	N	1	0	29	20.8965517241379
A_PA	705	29	N	1	0	29	20.9655172413793
A_PA	706	29	N	1	0	28	22.8214285714286
A_PA	707	29	N	1	0	29	22.6896551724138
A_PA	708	28	N	2	0	27	24
A_PA	709	27	N	3	0	27	21.5555555555556
A_PA	710	28	N	2	0	28	20.8928571428571
A_PA	711	28	N	2	0	27	21.3333333333333
A_PA	712	28	N	2	0	27	22.1111111111111
A_PA	713	29	N	1	0	28	19.9642857142857
A_PA	714	29	N	1	0	29	20.0689655172414
A_PA	715	29	N	1	0	29	19.8965517241379
A_PA	716	29	N	1	0	29	20.7586206896552
A_PA	717	29	N	1	0	28	22.0714285714286
A_PA	718	29	N	1	0	26	22
A_PA	719	29	N	1	0	29	21
A_PA	720	28	N	2	0	28	20.8571428571429
A_PA	721	27	N	3	0	26	22.2692307692308
A_PA	722	28	N	2	0	25	23.16
A_PA	723	29	N	1	0	29	23.2413793103448
A_PA	724	28	N	2	0	28	21.1785714285714
A_PA	725	29	N	1	0	28	21.5357142857143
A_PA	726	29	N	1	0	29	21.3448275862069
A_PA	727	29	N	1	0	29	20.2413793103448
A_PA	728	29	N	1	0	29	19.5862068965517
A_PA	729	26	N	4	0	24	20.625
A_PA	730	29	N	1	0	29	19.9310344827586
A_PA	731	29	N	1	0	28	20.1071428571429
A_PA	732	29	N	1	0	29	18.3448275862069
A_PA	733	29	N	1	0	29	19.3448275862069
A_PA	734	29	N	1	0	29	19.3448275862069
A_PA	735	29	N	1	0	28	18.1071428571429
A_PA	736	28	N	2	0	27	21.9259259259259
A_PA	737	29	N	1	0	28	21.5357142857143
A_PA	738	29	N	1	0	29	22.1724137931034
A_PA	739	28	N	2	0	28	26.5
A_PA	740	27	N	3	0	27	27.4074074074074
A_PA	741	29	N	1	0	29	23.9310344827586
A_PA	742	30	N	0	0	30	24.2333333333333
A_PA	743	29	N	1	0	29	22.551724137931
A_PA	744	29	N	1	0	28	23.3571428571429
A_PA	745	29	N	1	0	29	23.2068965517241
A_PA	746	29	N	1	0	29	23.4137931034483
A_PA	747	30	N	0	0	30	20.4666666666667
A_PA	748	30	N	0	0	30	21.8
A_PA	749	29	N	1	0	28	24.0714285714286
A_PA	750	28	N	2	0	27	20.4444444444444
A_PA	751	24	N	6	0	23	21.4782608695652
A_PA	752	29	N	1	0	29	20.8275862068966
A_PA	753	28	N	2	0	28	20.1428571428571
A_PA	754	28	N	2	0	27	20.6296296296296
A_PA	755	30	N	0	0	30	17.2666666666667
A_PA	756	30	N	0	0	30	16.5
A_PA	757	30	N	0	0	27	17.5555555555556
A_PA	758	29	N	1	0	29	19.4137931034483
A_PA	759	30	N	0	0	26	21
A_PA	760	30	N	0	0	28	22.6071428571429
A_PA	761	29	N	0	0	28	23.1071428571429
A_PA	762	28	N	1	0	26	24.8461538461538
A_PA	763	27	N	2	0	26	24.3076923076923
A_PA	764	28	N	1	0	27	23.1481481481481
A_PA	765	28	N	1	0	25	22.96
A_PA	766	27	N	2	0	24	22.4166666666667
A_PA	767	28	N	1	0	27	22.1111111111111
A_PA	768	28	N	1	0	28	20.6428571428571
A_PA	769	28	N	1	0	28	19.1071428571429
A_PA	770	28	N	1	0	28	18.25
A_PA	771	28	N	1	0	27	20.3703703703704
A_PA	772	27	N	2	0	26	20.2692307692308
A_PA	773	28	N	1	0	28	19.1071428571429
A_PA	774	28	N	1	0	28	19.5357142857143
A_PA	775	27	N	2	0	27	20.6666666666667
A_PA	776	28	N	1	0	28	18.3928571428571
A_PA	777	23	N	6	0	22	20.4090909090909
A_PA	778	27	N	2	0	27	21.1851851851852
A_PA	779	27	N	2	0	26	24.3461538461538
A_PA	780	27	N	2	0	27	22
A_PA	781	28	N	1	0	27	25.1111111111111
A_PA	782	27	N	2	0	25	18.84
A_PA	783	28	N	1	0	28	16.25
A_PA	784	28	N	1	0	27	16.8518518518519
A_PA	785	28	N	1	0	28	16.2142857142857
A_PA	786	28	N	1	0	25	21.24
A_PA	787	27	N	1	0	27	20.1851851851852
A_PA	788	27	N	1	0	27	21.037037037037
A_PA	789	27	N	1	0	27	20.7407407407407
A_PA	790	27	N	1	0	27	20.7037037037037
A_PA	791	27	N	1	0	27	21.7407407407407
A_PA	792	27	N	1	0	25	23.04
A_PA	793	26	N	2	0	26	26.8076923076923
A_PA	794	27	N	1	0	27	21.7407407407407
A_PA	795	24	N	4	0	24	22.2916666666667
A_PA	796	27	N	1	0	25	23.36
A_PA	797	27	N	1	0	26	19.6538461538462
A_PA	798	27	N	1	0	27	19.8518518518519
A_PA	799	26	N	2	0	26	18.9230769230769
A_PA	800	27	N	1	0	26	19.4615384615385
A_PA	801	27	N	1	0	26	19.5769230769231
A_PA	802	26	N	2	0	26	19.9615384615385
A_PA	803	26	N	2	0	26	20.4230769230769
A_PA	804	26	N	2	0	23	22.5652173913043
A_PA	805	27	N	1	0	26	21.8846153846154
A_PA	806	27	N	1	0	23	20.5652173913043
A_PA	807	27	N	1	0	27	21.7037037037037
A_PA	808	27	N	1	0	26	20.9230769230769
A_PA	809	26	N	2	0	24	21.375
A_PA	810	27	N	1	0	26	22.5769230769231
A_PA	811	24	N	4	0	24	22.0833333333333
A_PA	812	27	N	1	0	25	18.4
A_PA	813	26	N	2	0	23	16.1304347826087
A_PA	814	27	N	1	0	24	17.4166666666667
A_PA	815	26	N	2	0	23	21.4782608695652
A_PA	816	27	N	1	0	27	25.4074074074074
A_PA	817	27	N	1	0	25	25.8
A_PA	818	26	N	2	0	26	23.0384615384615
A_PA	819	26	N	2	0	21	19.5238095238095
A_PA	820	26	N	2	0	26	19.3076923076923
A_PA	821	26	N	2	0	26	18.5769230769231
A_PA	822	27	N	1	0	27	18.6296296296296
A_PA	823	26	N	2	0	25	21
A_PA	824	27	N	1	0	27	19.2592592592593
A_PA	825	26	N	2	0	26	18.8461538461538
A_PA	826	26	N	2	0	26	20.2307692307692
A_PA	827	27	N	1	0	27	20.2592592592593
A_PA	828	26	N	2	0	26	20.5769230769231
A_PA	829	26	N	2	0	26	23.7692307692308
A_PA	830	27	N	1	0	24	21.8333333333333
A_PA	831	27	N	1	0	27	24.4814814814815
A_PA	832	26	N	2	0	26	24.4230769230769
A_PA	833	25	N	3	0	25	20.16
A_PA	834	27	N	1	0	26	18.8076923076923
A_PA	835	27	N	1	0	26	19.2692307692308
A_PA	836	27	N	1	0	27	19.4074074074074
A_PA	837	27	N	1	0	24	19.25
A_PA	838	27	N	1	0	26	19.9615384615385
A_PA	839	26	N	2	0	26	21.6538461538462
A_PA	840	27	N	1	0	26	19.8846153846154
A_PA	841	26	N	2	0	25	21.8
A_PA	842	26	N	2	0	26	20.0384615384615
A_PA	843	26	N	2	0	25	25.08
A_PA	844	26	N	2	0	26	24.0384615384615
A_PA	845	26	N	2	0	26	25.1923076923077
A_PA	846	25	N	3	0	25	25.28
A_PA	847	27	N	1	0	26	21.7307692307692
A_PA	848	27	N	1	0	26	21.8461538461538
A_PA	849	27	N	1	0	24	21.8333333333333
A_PA	850	27	N	1	0	27	23.2222222222222
A_PA	851	27	N	1	0	27	22.4814814814815
A_PA	852	27	N	1	0	27	21.037037037037
A_PA	853	27	N	1	0	26	21.6923076923077
A_PA	854	27	N	1	0	27	22.8888888888889
A_PA	855	27	N	1	0	27	23.4814814814815
A_PA	856	27	N	1	0	27	22.3703703703704
A_PA	857	27	N	1	0	27	23.2962962962963
A_PA	858	27	N	1	0	26	23.9230769230769
A_PA	859	27	N	1	0	26	22.5
A_PA	860	27	N	1	0	27	22.5925925925926
A_PA	861	26	N	2	0	25	25.56
A_PA	862	26	N	2	0	25	25.44
A_PA	863	26	N	2	0	26	22.2692307692308
A_PA	864	27	N	1	0	24	19.9583333333333
A_PA	865	27	N	1	0	27	21.037037037037
A_PA	866	27	N	1	0	27	21.2592592592593
A_PA	867	27	N	1	0	27	22.8888888888889
A_PA	868	27	N	1	0	25	24.36
A_PA	869	27	N	1	0	26	23.6923076923077
A_PA	870	27	N	1	0	23	24.2608695652174
A_PA	871	27	N	1	0	26	22.7307692307692
A_PA	872	26	N	2	0	26	21.3461538461538
A_PA	873	27	N	1	0	27	21.1481481481481
A_PA	874	27	N	1	0	27	21.2222222222222
A_PA	875	27	N	1	0	27	21.3703703703704
A_PA	876	27	N	1	0	27	22.962962962963
A_PA	877	27	N	1	0	27	25.7407407407407
A_PA	878	27	N	1	0	26	23.8461538461538
A_PA	879	28	N	0	0	25	22.84
A_PA	880	28	N	0	0	28	22.2142857142857
A_PA	881	27	N	1	0	27	21.5555555555556
A_PA	882	25	N	3	0	25	21.6
A_PA	883	27	N	1	0	26	21
A_PA	884	27	N	1	0	26	20.5384615384615
A_PA	885	24	N	3	0	23	18.7391304347826
A_PA	886	25	N	2	0	24	19.5833333333333
A_PA	887	25	N	2	0	23	19.304347826087
A_PA	888	26	N	1	0	26	18.6923076923077
A_PA	889	24	N	3	0	23	19.0869565217391
A_PA	890	25	N	2	0	24	18.375
A_PA	891	26	N	1	0	26	17.9230769230769
A_PA	892	26	N	1	0	25	17.24
A_PA	893	24	N	3	0	23	17.6521739130435
A_PA	894	26	N	1	0	26	16.4230769230769
A_PA	895	25	N	2	0	25	17.16
A_PA	896	26	N	1	0	26	17.1153846153846
A_PA	897	26	N	1	0	26	16.9615384615385
A_PA	898	26	N	1	0	26	19.2307692307692
A_PA	899	26	N	1	0	26	22
A_PA	900	22	N	5	0	19	20.4736842105263
A_PA	901	25	N	2	0	24	19.9166666666667
A_PA	902	25	N	2	0	25	18.88
A_PA	903	25	N	2	0	22	18.4090909090909
A_PA	904	25	N	2	0	25	20.96
A_PA	905	25	N	2	0	24	22.0416666666667
A_PA	906	26	N	1	0	22	23.1818181818182
A_PA	907	25	N	2	0	25	22.48
A_PA	908	25	N	2	0	24	20.9166666666667
A_PA	909	24	N	3	0	24	20.1666666666667
A_PA	910	24	N	3	0	22	18.3636363636364
A_PA	911	23	N	4	0	22	19.7727272727273
A_PA	912	25	N	2	0	23	20.9130434782609
A_PA	913	26	N	1	0	26	21.1923076923077
A_PA	914	26	N	1	0	26	24.3076923076923
A_PA	915	25	N	2	0	25	23.96
A_PA	916	26	N	1	0	26	21.8846153846154
A_PA	917	26	N	1	0	26	23.6538461538462
A_PA	918	26	N	1	0	26	24.5769230769231
A_PA	919	25	N	2	0	25	24.04
A_PA	920	26	N	1	0	26	20.6538461538462
A_PA	921	26	N	1	0	22	18.0454545454545
A_PA	922	26	N	1	0	25	19.08
A_PA	923	26	N	1	0	26	19.4615384615385
A_PA	924	26	N	1	0	25	20.16
A_PA	925	26	N	1	0	25	21.96
A_PA	926	26	N	1	0	25	21.08
A_PA	927	25	N	2	0	22	21.6363636363636
A_PA	928	25	N	2	0	24	22.125
A_PA	929	25	N	2	0	24	23.6666666666667
A_PA	930	25	N	2	0	23	23.9565217391304
A_PA	931	25	N	2	0	24	23.1666666666667
A_PA	932	26	N	1	0	24	22.375
A_PA	933	25	N	2	0	24	21.5
A_PA	934	25	N	2	0	25	21.2
A_PA	935	26	N	1	0	23	19.304347826087
A_PA	936	26	N	1	0	26	20.5769230769231
A_PA	937	26	N	1	0	26	20
A_PA	938	26	N	1	0	26	21.0384615384615
A_PA	939	26	N	1	0	26	22.2692307692308
A_PA	940	26	N	1	0	26	22.6538461538462
A_PA	941	26	N	1	0	26	25.6538461538462
A_PA	942	26	N	1	0	26	23.5
A_PA	943	25	N	2	0	25	23.84
A_PA	944	26	N	1	0	24	26.5833333333333
A_PA	945	26	N	1	0	25	25.68
A_PA	946	26	N	1	0	25	24.36
A_PA	947	26	N	1	0	26	21.8846153846154
A_PA	948	24	N	3	0	24	22.4166666666667
A_PA	949	26	N	1	0	25	21.08
A_PA	950	26	N	1	0	26	21.0384615384615
A_PA	951	26	N	1	0	26	20.0769230769231
A_PA	952	25	N	2	0	25	19.96
A_PA	953	26	N	1	0	26	23.7307692307692
A_PA	954	26	N	1	0	26	20.2692307692308
A_PA	955	26	N	1	0	26	20.2307692307692
A_PA	956	26	N	1	0	26	23
A_PA	957	25	N	2	0	25	23.64
A_PA	958	21	N	6	0	21	22.7142857142857
A_PA	959	26	N	1	0	26	23.4615384615385
A_PA	960	26	N	1	0	23	24.1739130434783
A_PA	961	26	N	1	0	26	20.2692307692308
A_PA	962	26	N	1	0	23	23.6521739130435
A_PA	963	26	N	1	0	26	23.3461538461538
A_PA	964	26	N	1	0	23	22.2608695652174
A_PA	965	26	N	1	0	26	22.2692307692308
A_PA	966	26	N	1	0	23	21.6521739130435
A_PA	967	26	N	1	0	26	20.0769230769231
A_PA	968	26	N	1	0	26	20.5384615384615
A_PA	969	26	N	1	0	23	20.9130434782609
A_PA	970	25	N	2	0	25	20.6
A_PA	971	25	N	2	0	25	22.16
A_PA	972	25	N	2	0	25	23.24
A_PA	973	25	N	2	0	25	24
A_PA	974	23	N	4	0	23	24.8260869565217
A_PA	975	23	N	4	0	23	23.9565217391304
A_PA	976	26	N	1	0	25	23.2
A_PA	977	25	N	2	0	24	23.3333333333333
A_PA	978	26	N	1	0	23	26.3478260869565
A_PA	979	25	N	2	0	25	20.4
A_PA	980	25	N	1	0	25	20.12
A_PA	981	25	N	1	0	24	20.75
A_PA	982	25	N	1	0	24	22.75
A_PA	983	25	N	1	0	24	19.7916666666667
A_PA	984	23	N	3	0	20	19.7
A_PA	985	25	N	1	0	24	18.6666666666667
A_PA	986	25	N	1	0	24	18.5833333333333
A_PA	987	24	N	2	0	23	19.1739130434783
A_PA	988	25	N	1	0	25	20.48
A_PA	989	25	N	1	0	23	22.9565217391304
A_PA	990	25	N	1	0	25	22.32
A_PA	991	25	N	1	0	25	25.52
A_PA	992	24	N	2	0	24	26.4583333333333
A_PA	993	24	N	2	0	24	26.6666666666667
A_PA	994	26	N	0	0	23	25.0869565217391
A_PA	995	26	N	0	0	25	22.44
A_PA	996	25	N	1	0	25	21.64
A_PA	997	26	N	0	0	26	22.9615384615385
A_PA	998	26	N	0	0	25	24.8
A_PA	999	24	N	2	0	24	25
A_PA	1000	25	N	1	0	23	27.304347826087
A_PA	1001	25	N	1	0	25	24.44
A_PA	1002	25	N	1	0	23	24.3478260869565
A_PA	1003	26	N	0	0	24	24.625
A_PA	1004	25	N	0	0	24	25.5
A_PA	1005	25	N	0	0	24	24.6666666666667
A_PA	1006	24	N	1	0	22	23.9545454545455
A_PA	1007	25	N	0	0	24	23.0833333333333
A_PA	1008	25	N	0	0	24	23.375
A_PA	1009	25	N	0	0	25	24.08
A_PA	1010	25	N	0	0	25	24.2
A_PA	1011	25	N	0	0	25	22.76
A_PA	1012	25	N	0	0	25	23.24
A_PA	1013	24	N	1	0	24	23.9166666666667
A_PA	1014	22	N	3	0	22	21.3181818181818
A_PA	1015	22	N	3	0	22	21.4090909090909
A_PA	1016	23	N	2	0	22	21.7727272727273
A_PA	1017	23	N	2	0	22	22
A_PA	1018	23	N	2	0	22	20.9545454545455
A_PA	1019	23	N	2	0	23	21.8260869565217
A_PA	1020	23	N	2	0	23	21.2608695652174
A_PA	1021	23	N	2	0	23	21.5652173913043
A_PA	1022	23	N	2	0	23	21.7826086956522
A_PA	1023	24	N	1	0	24	21.75
A_PA	1024	24	N	1	0	24	20.4166666666667
A_PA	1025	24	N	1	0	23	23.2608695652174
A_PA	1026	24	N	1	0	24	22.8333333333333
A_PA	1027	24	N	1	0	21	23.1428571428571
A_PA	1028	24	N	1	0	24	24.375
A_PA	1029	24	N	1	0	24	23.2083333333333
A_PA	1030	23	N	2	0	23	22.6086956521739
A_PA	1031	24	N	1	0	24	22.1666666666667
A_PA	1032	24	N	1	0	23	24.4782608695652
A_PA	1033	25	N	1	0	22	23.4090909090909
A_PA	1034	25	N	1	0	25	23.6
A_PA	1035	25	N	1	0	23	21.1304347826087
A_PA	1036	25	N	1	0	24	22.0833333333333
A_PA	1037	24	N	2	0	23	19.7391304347826
A_PA	1038	24	N	2	0	24	18.2916666666667
A_PA	1039	25	N	1	0	24	19.5833333333333
A_PA	1040	25	N	1	0	23	19.7391304347826
A_PA	1041	26	N	0	0	26	23.3461538461538
A_PA	1042	26	N	0	0	25	20.76
A_PA	1043	26	N	0	0	25	24.32
A_PA	1044	25	N	1	0	25	22.16
A_PA	1045	25	N	1	0	23	21.2608695652174
A_PA	1046	25	N	1	0	24	21.5416666666667
A_PA	1047	25	N	1	0	21	24.7619047619048
A_PA	1048	25	N	1	0	24	27
A_PA	1049	25	N	1	0	25	27.16
A_PA	1050	25	N	1	0	25	24.96
A_PA	1051	24	N	2	0	24	24.0833333333333
A_PA	1052	25	N	1	0	24	22.9583333333333
A_PA	1053	25	N	1	0	24	20.4583333333333
A_PA	1054	24	N	2	0	24	19
A_PA	1055	24	N	2	0	24	18.2916666666667
A_PA	1056	25	N	1	0	25	19.92
A_PA	1057	25	N	1	0	25	21
A_PA	1058	25	N	1	0	25	20.64
A_PA	1059	25	N	1	0	24	18.2083333333333
A_PA	1060	25	N	1	0	25	21.12
A_PA	1061	25	N	1	0	25	21.84
A_PA	1062	25	N	1	0	24	21.6666666666667
A_PA	1063	23	N	3	0	23	23.5652173913043
A_PA	1064	25	N	1	0	25	22.08
A_PA	1065	24	N	2	0	24	20.3333333333333
A_PA	1066	25	N	1	0	24	19.125
A_PA	1067	25	N	1	0	25	18.8
A_PA	1068	25	N	1	0	24	20.5833333333333
A_PA	1069	25	N	1	0	25	23.12
A_PA	1070	25	N	1	0	25	22.36
A_PA	1071	25	N	1	0	21	22.5714285714286
A_PA	1072	23	N	3	0	23	22.0869565217391
A_PA	1073	24	N	2	0	24	22.25
A_PA	1074	25	N	1	0	24	24.6666666666667
A_PA	1075	26	N	0	0	26	28.1153846153846
A_PA	1076	26	N	0	0	26	28.3076923076923
A_PA	1077	26	N	0	0	25	26.88
A_PA	1078	26	N	0	0	26	25.0769230769231
A_PA	1079	26	N	0	0	25	24.96
A_PA	1080	26	N	0	0	26	22.2692307692308
A_PA	1081	26	N	0	0	26	22.6153846153846
A_PA	1082	26	N	0	0	26	22.7307692307692
A_PA	1083	26	N	0	0	26	23.0384615384615
A_PA	1084	25	N	1	0	25	24.76
A_PA	1085	25	N	1	0	25	25.88
A_PA	1086	25	N	1	0	24	26.875
A_PA	1087	25	N	1	0	25	29.32
A_PA	1088	25	N	1	0	25	25.56
A_PA	1089	25	N	1	0	24	20.875
A_PA	1090	24	N	2	0	24	19.7083333333333
A_PA	1091	25	N	1	0	25	19.44
A_PA	1092	26	N	0	0	25	20.92
A_PA	1093	26	N	0	0	26	21.2307692307692
A_PA	1094	25	N	1	0	25	24
A_PA	1095	23	N	3	0	20	20
A_PA	1096	25	N	1	0	22	21.4545454545455
A_PA	1097	25	N	1	0	24	20.875
A_PA	1098	25	N	1	0	21	20.2380952380952
A_PA	1099	25	N	1	0	25	21.76
A_PA	1100	25	N	1	0	25	22.56
A_PA	1101	25	N	1	0	25	21.64
A_PA	1102	25	N	1	0	25	21
A_PA	1103	24	N	2	0	24	21.0416666666667
A_PA	1104	25	N	1	0	25	19.76
A_PA	1105	26	N	0	0	25	19.96
A_PA	1106	26	N	0	0	26	22.5384615384615
A_PA	1107	26	N	0	0	21	20.952380952381
A_PA	1108	26	N	0	0	26	19.6153846153846
A_PA	1109	24	N	1	0	23	22.304347826087
A_PA	1110	25	N	0	0	23	21.2173913043478
A_PA	1111	25	N	0	0	24	20.2916666666667
A_PA	1112	25	N	0	0	23	20.1739130434783
A_PA	1113	25	N	0	0	23	20.3478260869565
A_PA	1114	25	N	0	0	25	21.16
A_PA	1115	25	N	0	0	25	21.56
A_PA	1116	24	N	1	0	19	23.1578947368421
A_PA	1117	24	N	1	0	23	19.2173913043478
A_PA	1118	24	N	1	0	24	24.4166666666667
A_PA	1119	24	N	1	0	23	19.7391304347826
A_PA	1120	25	N	0	0	24	20.25
A_PA	1121	25	N	0	0	25	21.2
A_PA	1122	25	N	0	0	25	18.36
A_PA	1123	25	N	0	0	24	18.2916666666667
A_PA	1124	25	N	0	0	25	19.8
A_PA	1125	25	N	0	0	25	19.96
A_PA	1126	24	N	1	0	24	19.7916666666667
A_PA	1127	25	N	0	0	25	20.52
A_PA	1128	22	N	3	0	22	19.6363636363636
A_PA	1129	23	N	2	0	23	19.2608695652174
A_PA	1130	24	N	1	0	24	23.9583333333333
A_PA	1131	22	N	3	0	21	21.4285714285714
A_PA	1132	24	N	1	0	23	24
A_PA	1133	24	N	1	0	22	20.3181818181818
A_PA	1134	25	N	0	0	22	21.1363636363636
A_PA	1135	25	N	0	0	23	21.1304347826087
A_PA	1136	25	N	0	0	25	21
A_PA	1137	25	N	0	0	22	21.6363636363636
A_PA	1138	25	N	0	0	23	22.1304347826087
A_PA	1139	25	N	0	0	24	21.7916666666667
A_PA	1140	25	N	0	0	25	20.88
A_PA	1141	24	N	1	0	23	21.6086956521739
A_PA	1142	25	N	0	0	23	23
A_PA	1143	25	N	0	0	23	23.2173913043478
A_PA	1144	25	N	0	0	25	21.96
A_PA	1145	24	N	1	0	24	22.9583333333333
A_PA	1146	24	N	1	0	20	22.05
A_PA	1147	23	N	2	0	19	25.5263157894737
A_PA	1148	24	N	1	0	24	20.7083333333333
A_PA	1149	24	N	1	0	24	21.2916666666667
A_PA	1150	23	N	2	0	23	22.7826086956522
A_PA	1151	23	N	2	0	23	23.4347826086957
A_PA	1152	23	N	2	0	20	24.7
A_PA	1153	25	N	0	0	24	22.7916666666667
A_PA	1154	25	N	0	0	24	24.625
A_PA	1155	25	N	0	0	25	23.88
A_PA	1156	25	N	0	0	25	30.4
A_PA	1157	25	N	0	0	25	40.68
A_PA	1158	25	N	0	0	22	21.7727272727273
A_PA	1159	25	N	0	0	22	21.4545454545455
A_PA	1160	24	N	1	0	23	20.9130434782609
A_PA	1161	23	N	2	0	22	21.7272727272727
A_PA	1162	24	N	1	0	23	20.8260869565217
A_PA	1163	24	N	1	0	24	18.4166666666667
A_PA	1164	24	N	1	0	23	18.304347826087
A_PA	1165	25	N	0	0	25	17.36
A_PA	1166	23	N	2	0	23	17.4347826086957
A_PA	1167	25	N	0	0	23	17.0869565217391
A_PA	1168	25	N	0	0	24	16.7083333333333
A_PA	1169	25	N	0	0	24	18.4166666666667
A_PA	1170	25	N	0	0	23	20.8260869565217
A_PA	1171	25	N	0	0	24	21.5
A_PA	1172	24	N	1	0	23	22.3478260869565
A_PA	1173	24	N	1	0	22	22.0454545454545
A_PA	1174	25	N	0	0	25	22.28
A_PA	1175	25	N	0	0	25	21.84
A_PA	1176	24	N	1	0	23	21.6086956521739
A_PA	1177	24	N	1	0	23	22.4347826086957
A_PA	1178	24	N	1	0	24	22.9583333333333
A_PA	1179	24	N	1	0	23	22.5217391304348
A_PA	1180	24	N	1	0	24	21.7083333333333
A_PA	1181	24	N	1	0	24	21.7083333333333
A_PA	1182	24	N	1	0	23	21.7826086956522
A_PA	1183	24	N	1	0	24	22.5
A_PA	1184	24	N	1	0	24	21.8333333333333
A_PA	1185	24	N	1	0	23	23.0869565217391
A_PA	1186	24	N	1	0	24	22.75
A_PA	1187	24	N	1	0	24	24.3333333333333
A_PA	1188	24	N	1	0	21	24.3333333333333
A_PA	1189	24	N	1	0	24	22.8333333333333
A_PA	1190	24	N	1	0	24	22.7916666666667
A_PA	1191	24	N	1	0	22	24.3636363636364
A_PA	1192	23	N	2	0	23	23.2608695652174
A_PA	1193	25	N	0	0	25	22.72
A_PA	1194	25	N	0	0	21	22.6190476190476
A_PA	1195	25	N	0	0	25	22.72
A_PA	1196	25	N	0	0	25	23.72
A_PA	1197	24	N	1	0	22	23.7727272727273
A_PA	1198	24	N	1	0	22	25.7272727272727
A_PA	1199	25	N	0	0	22	26.8181818181818
A_PA	1200	24	N	1	0	21	27.1904761904762
A_PA	1201	25	N	0	0	24	23.0833333333333
A_PA	1202	25	N	0	0	25	19.28
A_PA	1203	24	N	1	0	23	20.0434782608696
A_PA	1204	24	N	1	0	24	20.875
A_PA	1205	24	N	1	0	24	20.1666666666667
A_PA	1206	25	N	0	0	22	19.6818181818182
A_PA	1207	25	N	0	0	25	19.56
A_PA	1208	24	N	1	0	23	21.0434782608696
A_PA	1209	23	N	2	0	22	20.6363636363636
A_PA	1210	23	N	2	0	21	22.047619047619
A_PA	1211	23	N	2	0	23	21.7826086956522
A_PA	1212	23	N	2	0	22	20.4090909090909
A_PA	1213	24	N	1	0	23	18.5652173913043
A_PA	1214	24	N	1	0	24	16.625
A_PA	1215	24	N	1	0	22	19.0909090909091
A_PA	1216	24	N	1	0	24	19.0416666666667
A_PA	1217	23	N	2	0	23	20.1304347826087
A_PA	1218	25	N	0	0	25	21.32
A_PA	1219	24	N	1	0	23	21.5217391304348
A_PA	1220	25	N	0	0	24	22.5416666666667
A_PA	1221	23	N	2	0	20	24.8
A_PA	1222	24	N	1	0	24	20.625
A_PA	1223	24	N	1	0	24	18.0833333333333
A_PA	1224	25	N	0	0	22	17.2727272727273
A_PA	1225	25	N	0	0	25	20.76
A_PA	1226	24	N	1	0	21	20.6190476190476
A_PA	1227	23	N	2	0	23	19.304347826087
A_PA	1228	24	N	1	0	23	19.6086956521739
A_PA	1229	24	N	1	0	23	19.0434782608696
A_PA	1230	24	N	1	0	23	19
A_PA	1231	24	N	1	0	24	21.2083333333333
A_PA	1232	24	N	1	0	23	22.7391304347826
A_PA	1233	25	N	0	0	23	26
A_PA	1234	25	N	0	0	25	24.88
A_PA	1235	25	N	0	0	23	23.5652173913043
A_PA	1236	24	N	1	0	20	21.8
A_PA	1237	24	N	1	0	24	21.0833333333333
A_PA	1238	24	N	1	0	24	21.5
A_PA	1239	23	N	2	0	23	19.4347826086957
A_PA	1240	23	N	2	0	23	19.9130434782609
A_PA	1241	23	N	2	0	23	18.304347826087
A_PA	1242	25	N	0	0	23	20.7391304347826
A_PA	1243	25	N	0	0	25	23.36
A_PA	1244	24	N	1	0	24	22.5833333333333
A_PA	1245	24	N	1	0	19	22.5789473684211
A_PA	1246	25	N	0	0	25	18.76
A_PA	1247	25	N	0	0	25	17.48
A_PA	1248	25	N	0	0	24	17.375
A_PA	1249	25	N	0	0	22	17.8636363636364
A_PA	1250	25	N	0	0	23	19.8260869565217
A_PA	1251	25	N	0	0	21	23.9047619047619
A_PA	1252	25	N	0	0	25	23.4
A_PA	1253	25	N	0	0	25	23.72
A_PA	1254	25	N	0	0	19	24.3157894736842
A_PA	1255	25	N	0	0	25	20.96
A_PA	1256	25	N	0	0	24	20.9166666666667
A_PA	1257	25	N	0	0	24	20.4583333333333
A_PA	1258	25	N	0	0	25	24
A_PA	1259	24	N	1	0	24	24.4583333333333
A_PA	1260	24	N	1	0	24	23.1666666666667
A_PA	1261	24	N	1	0	21	22.1904761904762
A_PA	1262	24	N	1	0	23	23.3478260869565
A_PA	1263	24	N	1	0	24	24.1666666666667
A_PA	1264	25	N	0	0	24	23.25
A_PA	1265	20	N	5	0	20	24
A_PA	1266	24	N	1	0	23	22.4782608695652
A_PA	1267	24	N	1	0	24	22.875
A_PA	1268	24	N	1	0	24	24.3333333333333
A_PA	1269	24	N	1	0	24	23.7916666666667
A_PA	1270	24	N	1	0	24	23.375
A_PA	1271	24	N	1	0	23	22.4782608695652
A_PA	1272	23	N	2	0	19	22.8421052631579
A_PA	1273	23	N	2	0	23	22.8695652173913
A_PA	1274	23	N	1	0	23	26.0434782608696
A_PA	1275	23	N	1	0	21	22.2857142857143
A_PA	1276	23	N	1	0	23	20.9130434782609
A_PA	1277	23	N	1	0	23	20.304347826087
A_PA	1278	24	N	0	0	24	21.2916666666667
A_PA	1279	24	N	0	0	24	20.875
A_PA	1280	24	N	0	0	24	22.75
A_PA	1281	23	N	1	0	20	20.2
A_PA	1282	23	N	1	0	23	20.8260869565217
A_PA	1283	23	N	1	0	22	19.7272727272727
A_PA	1284	22	N	2	0	21	19.5714285714286
A_PA	1285	20	N	4	0	19	21.2105263157895
A_PA	1286	21	N	3	0	21	20.3809523809524
A_PA	1287	22	N	2	0	21	21.0952380952381
A_PA	1288	24	N	0	0	23	20.1304347826087
A_PA	1289	24	N	0	0	23	21.1739130434783
A_PA	1290	24	N	0	0	22	21.9545454545455
A_PA	1291	24	N	0	0	24	21.0416666666667
A_PA	1292	24	N	0	0	24	23.7916666666667
A_PA	1293	23	N	1	0	20	23.1
A_PA	1294	23	N	1	0	22	22.1818181818182
A_PA	1295	24	N	0	0	24	22.5416666666667
A_PA	1296	23	N	1	0	19	22.2631578947368
A_PA	1297	24	N	0	0	24	19.9166666666667
A_PA	1298	23	N	1	0	23	20.3478260869565
A_PA	1299	23	N	1	0	21	20.8571428571429
A_PA	1300	23	N	1	0	22	20.3636363636364
A_PA	1301	23	N	1	0	23	19.9565217391304
A_PA	1302	22	N	2	0	20	19.6
A_PA	1303	22	N	2	0	22	20.1363636363636
A_PA	1304	22	N	2	0	21	21.9047619047619
A_PA	1305	23	N	1	0	23	22.4782608695652
A_PA	1306	23	N	1	0	23	21.695652173913
A_PA	1307	22	N	2	0	22	23
A_PA	1308	22	N	2	0	22	26.7727272727273
A_PA	1309	22	N	2	0	22	27.9545454545455
A_PA	1310	23	N	1	0	23	24.7391304347826
A_PA	1311	23	N	1	0	22	30.7272727272727
A_PA	1312	23	N	1	0	21	23.6190476190476
A_PA	1313	23	N	1	0	23	25.1304347826087
A_PA	1314	23	N	1	0	22	21.9545454545455
A_PA	1315	23	N	1	0	23	21.1739130434783
A_PA	1316	23	N	1	0	22	21.7727272727273
A_PA	1317	23	N	1	0	21	19.952380952381
A_PA	1318	23	N	1	0	23	20.3913043478261
A_PA	1319	23	N	1	0	22	19.8636363636364
A_PA	1320	22	N	2	0	22	20.8181818181818
A_PA	1321	22	N	2	0	21	21.0952380952381
A_PA	1322	23	N	1	0	23	21.5652173913043
A_PA	1323	24	N	0	0	22	22.8181818181818
A_PA	1324	24	N	0	0	24	23.2083333333333
A_PA	1325	24	N	0	0	24	20.3333333333333
A_PA	1326	24	N	0	0	22	19.4545454545455
A_PA	1327	24	N	0	0	24	19.5833333333333
A_PA	1328	24	N	0	0	24	22.125
A_PA	1329	23	N	1	0	21	20.2380952380952
A_PA	1330	22	N	2	0	21	18.7619047619048
A_PA	1331	22	N	2	0	22	19.0454545454545
A_PA	1332	22	N	2	0	21	21.4285714285714
A_PA	1333	24	N	0	0	24	22.375
A_PA	1334	24	N	0	0	23	24.6521739130435
A_PA	1335	24	N	0	0	20	24.25
A_PA	1336	23	N	1	0	23	28.2608695652174
A_PA	1337	23	N	1	0	23	33.5652173913044
A_PA	1338	23	N	1	0	22	33.8181818181818
A_PA	1339	23	N	1	0	23	30.5652173913043
A_PA	1340	24	N	0	0	22	29.5909090909091
A_PA	1341	24	N	0	0	24	23.0833333333333
A_PA	1342	24	N	0	0	23	21.5652173913043
A_PA	1343	24	N	0	0	22	21.5454545454545
A_PA	1344	24	N	0	0	23	22.6521739130435
A_PA	1345	24	N	0	0	23	21.5217391304348
A_PA	1346	23	N	1	0	23	21.695652173913
A_PA	1347	24	N	0	0	23	23.9130434782609
A_PA	1348	24	N	0	0	24	20.5833333333333
A_PA	1349	24	N	0	0	24	19.7916666666667
A_PA	1350	24	N	0	0	24	23.9583333333333
A_PA	1351	23	N	1	0	22	26.6818181818182
A_PA	1352	23	N	1	0	23	24.3913043478261
A_PA	1353	23	N	1	0	18	22.0555555555556
A_PA	1354	23	N	1	0	23	22.5217391304348
A_PA	1355	23	N	1	0	23	21
A_PA	1356	23	N	1	0	22	24.2727272727273
A_PA	1357	23	N	1	0	23	25.0869565217391
A_PA	1358	23	N	1	0	23	21.0869565217391
A_PA	1359	22	N	2	0	19	21.7894736842105
A_PA	1360	23	N	1	0	22	20.7272727272727
A_PA	1361	23	N	1	0	23	19.4347826086957
A_PA	1362	22	N	2	0	20	19.3
A_PA	1363	23	N	1	0	23	17.2173913043478
A_PA	1364	23	N	1	0	23	17.4782608695652
A_PA	1365	23	N	1	0	19	16.3684210526316
A_PA	1366	23	N	1	0	23	17.6521739130435
A_PA	1367	22	N	2	0	22	19.8181818181818
A_PA	1368	21	N	3	0	18	19.3333333333333
A_PA	1369	21	N	3	0	21	19.8095238095238
A_PA	1370	22	N	2	0	20	22.3
A_PA	1371	21	N	3	0	20	24.55
A_PA	1372	21	N	3	0	21	23.3809523809524
A_PA	1373	22	N	2	0	22	24.9090909090909
A_PA	1374	22	N	2	0	18	33.2777777777778
A_PA	1375	22	N	2	0	22	51
A_PA	1376	22	N	2	0	22	48.5909090909091
A_PA	1377	22	N	2	0	22	31.5454545454545
A_PA	1378	22	N	2	0	21	24.1904761904762
A_PA	1379	22	N	2	0	22	24.4090909090909
A_PA	1380	23	N	1	0	22	21.4090909090909
A_PA	1381	24	N	0	0	23	20.695652173913
A_PA	1382	23	N	1	0	23	20.695652173913
A_PA	1383	15	N	9	0	14	20.7857142857143
A_PA	1384	20	N	4	0	18	20.3888888888889
A_PA	1385	21	N	3	0	21	20.0952380952381
A_PA	1386	22	N	2	0	21	18.4761904761905
A_PA	1387	22	N	2	0	22	18.4545454545455
A_PA	1388	22	N	2	0	22	18.0454545454545
A_PA	1389	22	N	2	0	22	19.1818181818182
A_PA	1390	23	N	1	0	23	21
A_PA	1391	23	N	1	0	23	25.2173913043478
A_PA	1392	23	N	1	0	23	22.0434782608696
A_PA	1393	23	N	1	0	23	21.0869565217391
A_PA	1394	23	N	1	0	23	23.9565217391304
A_PA	1395	23	N	1	0	22	25.0454545454545
A_PA	1396	22	N	2	0	22	23.5454545454545
A_PA	1397	23	N	1	0	23	24.7391304347826
A_PA	1398	23	N	1	0	22	24.3636363636364
A_PA	1399	23	N	1	0	22	24
A_PA	1400	23	N	1	0	22	23.6363636363636
A_PA	1401	21	N	3	0	20	21.9
A_PA	1402	24	N	0	0	23	22.2173913043478
A_PA	1403	24	N	0	0	22	21.8636363636364
A_PA	1404	23	N	1	0	22	19.5454545454545
A_PA	1405	22	N	2	0	19	18.1052631578947
A_PA	1406	23	N	1	0	22	20.3636363636364
A_PA	1407	23	N	1	0	22	20.5
A_PA	1408	23	N	1	0	22	18.2272727272727
A_PA	1409	23	N	1	0	23	18
A_PA	1410	23	N	1	0	20	18.4
A_PA	1411	22	N	2	0	22	18.7727272727273
A_PA	1412	23	N	1	0	22	18.9090909090909
A_PA	1413	23	N	1	0	23	18.695652173913
A_PA	1414	23	N	1	0	22	21
A_PA	1415	23	N	1	0	23	20.6521739130435
A_PA	1416	24	N	0	0	23	20.5652173913043
A_PA	1417	24	N	0	0	24	21.7083333333333
A_PA	1418	24	N	0	0	24	24
A_PA	1419	24	N	0	0	23	21
A_PA	1420	24	N	0	0	23	21.6521739130435
A_PA	1421	24	N	0	0	23	23.3478260869565
A_PA	1422	24	N	0	0	24	23.6666666666667
A_PA	1423	23	N	1	0	23	26.9565217391304
A_PA	1424	23	N	1	0	23	24.0869565217391
A_PA	1425	23	N	1	0	23	25.0434782608696
A_PA	1426	23	N	1	0	23	24
A_PA	1427	23	N	1	0	23	24.9565217391304
A_PA	1428	23	N	1	0	22	26
A_PA	1429	24	N	0	0	24	26.1666666666667
A_PA	1430	24	N	0	0	24	26.7916666666667
A_PA	1431	24	N	0	0	24	27.4166666666667
A_PA	1432	24	N	0	0	24	25.9583333333333
A_PA	1433	24	N	0	0	24	25.4166666666667
A_PA	1434	24	N	0	0	22	22.7727272727273
A_PA	1435	24	N	0	0	24	20.5416666666667
A_PA	1436	24	N	0	0	24	21.125
A_PA	1437	23	N	1	0	22	21.0454545454545
A_PA	1438	23	N	1	0	23	23.695652173913
A_PA	1439	23	N	1	0	23	31.0869565217391
A_PA	1440	23	N	1	0	19	27.3157894736842
A_PA	1441	23	N	1	0	22	20.5909090909091
A_PA	1442	23	N	1	0	23	18.7391304347826
A_PA	1443	23	N	1	0	22	18.5
A_PA	1444	22	N	2	0	22	21.1818181818182
A_PA	1445	22	N	2	0	22	21.0454545454545
A_PA	1446	23	N	1	0	21	21.1428571428571
A_PA	1447	22	N	2	0	21	23.8095238095238
A_PA	1448	22	N	2	0	22	24.4090909090909
A_PA	1449	23	N	1	0	23	23.3478260869565
A_PA	1450	21	N	3	0	20	24.3
A_PA	1451	22	N	2	0	21	23.7142857142857
A_PA	1452	22	N	2	0	19	23.2105263157895
A_PA	1453	22	N	2	0	22	24.2727272727273
A_PA	1454	22	N	2	0	21	23.8571428571429
A_PA	1455	22	N	2	0	22	23.8181818181818
A_PA	1456	22	N	2	0	22	23.8181818181818
A_PA	1457	23	N	1	0	23	25.304347826087
A_PA	1458	23	N	1	0	22	26.1818181818182
A_PA	1459	22	N	2	0	21	31.5238095238095
A_PA	1460	22	N	2	0	22	25.4090909090909
A_PA	1461	22	N	2	0	22	24.0909090909091
A_PA	1462	23	N	1	0	23	24.3478260869565
A_PA	1463	23	N	1	0	23	25
A_PA	1464	24	N	0	0	21	29.7142857142857
A_PA	1465	24	N	0	0	24	26.7916666666667
A_PA	1466	24	N	0	0	23	29.304347826087
A_PA	1467	23	N	1	0	20	24.2
A_PA	1468	22	N	2	0	22	20.5
A_PA	1469	24	N	0	0	24	19.0416666666667
A_PA	1470	24	N	0	0	23	19.6086956521739
A_PA	1471	24	N	0	0	24	20.375
A_PA	1472	23	N	1	0	22	20.5
A_PA	1473	23	N	1	0	22	22.3636363636364
A_PA	1474	22	N	2	0	22	23.2727272727273
A_PA	1475	23	N	1	0	23	23.4782608695652
A_PA	1476	23	N	1	0	23	19.8260869565217
A_PA	1477	23	N	1	0	23	21.4782608695652
A_PA	1478	22	N	2	0	22	20.5
A_PA	1479	21	N	2	0	19	23.1578947368421
A_PA	1480	22	N	1	0	21	25.0952380952381
A_PA	1481	21	N	2	0	19	18.5789473684211
A_PA	1482	21	N	2	0	21	21.1428571428571
A_PA	1483	21	N	2	0	21	19.3809523809524
A_PA	1484	21	N	2	0	21	20.4761904761905
A_PA	1485	21	N	2	0	20	19.2
A_PA	1486	22	N	1	0	21	17.8571428571429
A_PA	1487	22	N	1	0	22	15.9090909090909
A_PA	1488	22	N	1	0	21	16.1428571428571
A_PA	1489	22	N	1	0	22	16.2272727272727
A_PA	1490	22	N	1	0	21	20.2380952380952
A_PA	1491	20	N	3	0	18	20.1666666666667
A_PA	1492	21	N	2	0	21	22.1428571428571
A_PA	1493	21	N	2	0	20	21.25
A_PA	1494	21	N	2	0	21	20
A_PA	1495	22	N	1	0	22	19.6363636363636
A_PA	1496	22	N	1	0	20	19.55
A_PA	1497	22	N	1	0	20	19.95
A_PA	1498	22	N	1	0	20	21.6
A_PA	1499	22	N	1	0	21	22.2857142857143
A_PA	1500	22	N	1	0	21	21.8571428571429
A_PA	1501	22	N	1	0	22	22.7727272727273
A_PA	1502	22	N	1	0	22	22.6363636363636
A_PA	1503	22	N	1	0	22	23.6818181818182
A_PA	1504	21	N	2	0	21	23.2857142857143
A_PA	1505	22	N	1	0	22	22.2272727272727
A_PA	1506	22	N	1	0	18	21.1666666666667
A_PA	1507	22	N	1	0	22	22.1363636363636
A_PA	1508	22	N	1	0	21	22.047619047619
A_PA	1509	23	N	0	0	22	24.2727272727273
A_PA	1510	23	N	0	0	23	23.4347826086957
A_PA	1511	23	N	0	0	22	23.0454545454545
A_PA	1512	23	N	0	0	22	22.6363636363636
A_PA	1513	22	N	1	0	21	22.4285714285714
A_PA	1514	22	N	1	0	22	21.7272727272727
A_PA	1515	18	N	5	0	18	22.0555555555556
A_PA	1516	22	N	1	0	22	22.8181818181818
A_PA	1517	22	N	1	0	22	22.6363636363636
A_PA	1518	22	N	1	0	18	21.1111111111111
A_PA	1519	22	N	1	0	22	20.5454545454545
A_PA	1520	22	N	1	0	22	19.8181818181818
A_PA	1521	22	N	1	0	22	21.8636363636364
A_PA	1522	23	N	0	0	23	21.9130434782609
A_PA	1523	23	N	0	0	23	20.0869565217391
A_PA	1524	23	N	0	0	21	21.3333333333333
A_PA	1525	22	N	1	0	22	20.1818181818182
A_PA	1526	22	N	1	0	22	20.5909090909091
A_PA	1527	22	N	1	0	21	21.0952380952381
A_PA	1528	22	N	1	0	21	25.2380952380952
A_PA	1529	21	N	2	0	21	19.3809523809524
A_PA	1530	21	N	2	0	17	18.1764705882353
A_PA	1531	22	N	1	0	20	19.85
A_PA	1532	21	N	2	0	21	20.3333333333333
A_PA	1533	21	N	2	0	17	20.7058823529412
A_PA	1534	22	N	1	0	21	20.6666666666667
A_PA	1535	21	N	2	0	20	20.95
A_PA	1536	22	N	1	0	21	22.1904761904762
A_PA	1537	23	N	0	0	22	22.7272727272727
A_PA	1538	23	N	0	0	23	23.5652173913043
A_PA	1539	23	N	0	0	23	22.7826086956522
A_PA	1540	23	N	0	0	22	20.9545454545455
A_PA	1541	22	N	1	0	22	19.8181818181818
A_PA	1542	22	N	1	0	20	19
A_PA	1543	22	N	1	0	22	20.7272727272727
A_PA	1544	21	N	2	0	19	23
A_PA	1545	22	N	1	0	16	21.0625
A_PA	1546	22	N	1	0	22	23.0909090909091
A_PA	1547	22	N	1	0	22	19.6363636363636
A_PA	1548	22	N	1	0	18	19.1111111111111
A_PA	1549	22	N	1	0	22	18.8181818181818
A_PA	1550	23	N	0	0	23	20.3913043478261
A_PA	1551	23	N	0	0	22	21.5909090909091
A_PA	1552	23	N	0	0	22	22.2272727272727
A_PA	1553	23	N	0	0	22	22.2272727272727
A_PA	1554	21	N	2	0	20	22.85
A_PA	1555	23	N	0	0	22	22.0909090909091
A_PA	1556	22	N	1	0	22	20.2272727272727
A_PA	1557	22	N	1	0	22	20.5
A_PA	1558	21	N	2	0	20	20.95
A_PA	1559	22	N	1	0	21	20.9047619047619
A_PA	1560	23	N	0	0	22	23.2272727272727
A_PA	1561	23	N	0	0	23	23.0869565217391
A_PA	1562	22	N	1	0	21	22.4285714285714
A_PA	1563	23	N	0	0	22	22.0909090909091
A_PA	1564	23	N	0	0	21	24.7142857142857
A_PA	1565	22	N	1	0	21	23.4285714285714
A_PA	1566	22	N	1	0	21	20.5238095238095
A_PA	1567	23	N	0	0	23	23.8260869565217
A_PA	1568	23	N	0	0	23	26.3478260869565
A_PA	1569	20	N	3	0	20	24.45
A_PA	1570	22	N	1	0	21	23
A_PA	1571	20	N	3	0	20	21.35
A_PA	1572	25	N	0	0	24	20.5833333333333
A_PA	1573	22	N	3	0	21	19.952380952381
A_PA	1574	24	N	1	0	23	19.2173913043478
A_PA	1575	24	N	1	0	23	20.8695652173913
A_PA	1576	24	N	1	0	24	21.25
A_PA	1577	23	N	2	0	22	24.9090909090909
A_PA	1578	25	N	0	0	22	21.5454545454545
A_PA	1579	25	N	0	0	25	29.48
A_PA	1580	25	N	0	0	25	43.2
A_PA	1581	25	N	0	0	25	29.16
A_PA	1582	24	N	1	0	23	21.2608695652174
A_PA	1583	24	N	1	0	24	20.3333333333333
A_PA	1584	24	N	1	0	21	21.0952380952381
A_PA	1585	24	N	1	0	24	21.4583333333333
A_PA	1586	24	N	1	0	24	22.0416666666667
A_PA	1587	23	N	2	0	19	30.7368421052632
A_PA	1588	24	N	1	0	24	22.0416666666667
A_PA	1589	24	N	1	0	22	23.0454545454545
A_PA	1590	24	N	1	0	21	22.5238095238095
A_PA	1591	24	N	1	0	24	24.875
A_PA	1592	24	N	1	0	24	21.5833333333333
A_PA	1593	24	N	1	0	24	27.375
A_PA	1594	25	N	0	0	25	24.08
A_PA	1595	25	N	0	0	25	23.16
A_PA	1596	25	N	0	0	24	23.5833333333333
A_PA	1597	25	N	0	0	24	21.0833333333333
A_PA	1598	25	N	0	0	24	21.5416666666667
A_PA	1599	25	N	0	0	21	19.6190476190476
A_PA	1600	24	N	1	0	23	20.2173913043478
A_PA	1601	25	N	0	0	25	24.6
A_PA	1602	25	N	0	0	25	26.2
A_PA	1603	25	N	0	0	25	24.04
A_PA	1604	25	N	0	0	25	29.88
A_PA	1605	25	N	0	0	22	46.6818181818182
A_PA	1606	24	N	1	0	23	36.9130434782609
A_PA	1607	25	N	0	0	24	23.2916666666667
A_PA	1608	25	N	0	0	23	25.4347826086957
A_PA	1609	25	N	0	0	24	25.6666666666667
A_PA	1610	24	N	1	0	24	25.0416666666667
A_PA	1611	25	N	0	0	24	23.875
A_PA	1612	25	N	0	0	25	23.24
A_PA	1613	25	N	0	0	25	23.92
A_PA	1614	25	N	0	0	24	23
A_PA	1615	25	N	0	0	25	23.2
A_PA	1616	24	N	1	0	24	22.3333333333333
A_PA	1617	24	N	1	0	19	20.3157894736842
A_PA	1618	24	N	1	0	24	20.9166666666667
A_PA	1619	24	N	1	0	24	21.2916666666667
A_PA	1620	24	N	1	0	21	21.2857142857143
A_PA	1621	23	N	2	0	23	22.7391304347826
A_PA	1622	24	N	1	0	23	22.2608695652174
A_PA	1623	25	N	0	0	25	25.16
A_PA	1624	25	N	0	0	24	24.5416666666667
A_PA	1625	25	N	0	0	24	29.9583333333333
A_PA	1626	25	N	0	0	21	24.7142857142857
A_PA	1627	25	N	0	0	24	24.7916666666667
A_PA	1628	25	N	0	0	25	24.76
A_PA	1629	26	N	0	0	25	24.52
A_PA	1630	25	N	1	0	25	25.2
A_PA	1631	25	N	1	0	25	25.2
A_PA	1632	25	N	1	0	24	22.7083333333333
A_PA	1633	25	N	1	0	25	22.92
A_PA	1634	25	N	1	0	25	22.96
A_PA	1635	25	N	1	0	25	22.72
A_PA	1636	25	N	1	0	25	22.72
A_PA	1637	26	N	0	0	25	22.88
A_PA	1638	26	N	0	0	26	23.0384615384615
A_PA	1639	26	N	0	0	24	23.8333333333333
A_PA	1640	25	N	1	0	22	24.8636363636364
A_PA	1641	25	N	1	0	24	22.5833333333333
A_PA	1642	25	N	1	0	25	23.28
A_PA	1643	25	N	1	0	25	23.64
A_PA	1644	26	N	0	0	25	24.28
A_PA	1645	26	N	0	0	22	24.8181818181818
A_PA	1646	26	N	0	0	26	24.5
A_PA	1647	25	N	1	0	25	24.4
A_PA	1648	25	N	1	0	24	24.0833333333333
A_PA	1649	25	N	1	0	24	24.7916666666667
A_PA	1650	25	N	1	0	20	25.65
A_PA	1651	25	N	1	0	24	20.625
A_PA	1652	25	N	1	0	24	20.8333333333333
A_PA	1653	25	N	1	0	21	18.952380952381
A_PA	1654	25	N	1	0	25	19.68
A_PA	1655	25	N	1	0	22	19.0909090909091
A_PA	1656	24	N	2	0	23	20.2608695652174
A_PA	1657	24	N	2	0	23	21.1739130434783
A_PA	1658	24	N	2	0	24	20
A_PA	1659	23	N	3	0	21	24.7619047619048
A_PA	1660	22	N	4	0	22	20.6363636363636
A_PA	1661	23	N	3	0	21	21.8095238095238
A_PA	1662	27	N	1	0	27	18.9259259259259
A_PA	1663	27	N	1	0	26	19.3461538461538
A_PA	1664	27	N	1	0	27	19.5555555555556
A_PA	1665	27	N	1	0	26	20.2307692307692
A_PA	1666	27	N	1	0	26	20.8846153846154
A_PA	1667	27	N	1	0	27	20.3703703703704
A_PA	1668	25	N	3	0	20	19.6
A_PA	1669	28	N	0	0	21	17.6666666666667
A_PA	1670	28	N	0	0	28	20.4642857142857
A_PA	1671	28	N	0	0	25	19.8
A_PA	1672	28	N	0	0	28	22.5357142857143
A_PA	1673	28	N	0	0	28	23.25
A_PA	1674	26	N	2	0	25	22
A_PA	1675	28	N	0	0	27	20.962962962963
A_PA	1676	28	N	0	0	27	20.8888888888889
A_PA	1677	28	N	0	0	28	22.25
A_PA	1678	27	N	1	0	27	22.1851851851852
A_PA	1679	27	N	1	0	27	23.2222222222222
A_PA	1680	27	N	1	0	24	24.4166666666667
A_PA	1681	27	N	1	0	27	25.0740740740741
A_PA	1682	27	N	1	0	27	25.5925925925926
A_PA	1683	27	N	1	0	27	25.9259259259259
A_PA	1684	27	N	1	0	27	25.7777777777778
A_PA	1685	27	N	1	0	27	26.7777777777778
A_PA	1686	26	N	2	0	25	27.8
A_PA	1687	27	N	1	0	26	26.1923076923077
A_PA	1688	26	N	2	0	26	25.9230769230769
A_PA	1689	25	N	3	0	24	24.4166666666667
A_PA	1690	27	N	1	0	25	25.2
A_PA	1691	27	N	1	0	27	24.1851851851852
A_PA	1692	27	N	1	0	27	24.7777777777778
A_PA	1693	27	N	1	0	27	24.2592592592593
A_PA	1694	26	N	2	0	26	25
A_PA	1695	26	N	2	0	25	23.96
A_PA	1696	26	N	2	0	26	22.7692307692308
A_PA	1697	27	N	1	0	24	22.4166666666667
A_PA	1698	28	N	0	0	27	21.8148148148148
A_PA	1699	28	N	0	0	27	21.1481481481481
A_PA	1700	28	N	0	0	27	22.5925925925926
A_PA	1701	27	N	1	0	26	21.7307692307692
A_PA	1702	27	N	1	0	27	23.1111111111111
A_PA	1703	28	N	0	0	28	22.4285714285714
A_PA	1704	28	N	0	0	25	25.24
A_PA	1705	28	N	0	0	28	23.9285714285714
A_PA	1706	27	N	1	0	27	21.3333333333333
A_PA	1707	27	N	1	0	27	22.1111111111111
A_PA	1708	27	N	1	0	26	22.0384615384615
A_PA	1709	27	N	1	0	27	20.8148148148148
A_PA	1710	28	N	0	0	27	21.2592592592593
A_PA	1711	28	N	0	0	26	21.0769230769231
A_PA	1712	28	N	0	0	28	21.3571428571429
A_PA	1713	27	N	1	0	25	20.72
A_PA	1714	28	N	0	0	28	21.0714285714286
A_PA	1715	28	N	0	0	28	19.1071428571429
A_PA	1716	28	N	0	0	25	21.08
A_PA	1717	28	N	0	0	25	23.64
A_PA	1718	27	N	1	0	27	21.6666666666667
A_PA	1719	27	N	1	0	23	23.0869565217391
A_PA	1720	25	N	3	0	25	24.88
A_PA	1721	27	N	1	0	27	26.037037037037
A_PA	1722	27	N	1	0	26	25.5769230769231
A_PA	1723	27	N	1	0	27	28.4814814814815
A_PA	1724	27	N	1	0	27	25.7407407407407
A_PA	1725	27	N	1	0	27	23.5555555555556
A_PA	1726	27	N	1	0	26	23
A_PA	1727	27	N	1	0	27	22.4814814814815
A_PA	1728	27	N	1	0	27	23.962962962963
A_PA	1729	27	N	1	0	27	23.4814814814815
A_PA	1730	24	N	4	0	24	25.1666666666667
A_PA	1731	27	N	1	0	27	22.962962962963
A_PA	1732	27	N	1	0	27	22.2962962962963
A_PA	1733	27	N	1	0	26	22.8076923076923
A_PA	1734	27	N	1	0	26	23.8461538461538
A_PA	1735	26	N	2	0	25	23.96
A_PA	1736	26	N	2	0	26	24.5384615384615
A_PA	1737	26	N	2	0	26	25.1153846153846
A_PA	1738	27	N	1	0	25	23.36
A_PA	1739	27	N	1	0	27	21.7777777777778
A_PA	1740	26	N	2	0	26	20.9230769230769
A_PA	1741	27	N	1	0	26	21.2692307692308
A_PA	1742	27	N	1	0	26	24.1923076923077
A_PA	1743	27	N	1	0	27	22.7777777777778
A_PA	1744	27	N	1	0	27	22.9259259259259
A_PA	1745	25	N	3	0	24	21.8333333333333
A_PA	1746	27	N	1	0	24	19.5
A_PA	1747	27	N	1	0	26	19.0769230769231
A_PA	1748	28	N	0	0	27	19.6296296296296
A_PA	1749	28	N	0	0	27	20.5925925925926
A_PA	1750	28	N	0	0	28	21.5357142857143
A_PA	1751	27	N	1	0	26	20.5384615384615
A_PA	1752	26	N	2	0	26	23.2692307692308
A_PA	1753	27	N	1	0	27	21.9259259259259
A_PA	1754	26	N	2	0	26	20.5384615384615
A_PA	1755	27	N	1	0	25	22.52
A_PA	1756	27	N	1	0	27	21.6666666666667
A_PA	1757	28	N	0	0	28	19.8571428571429
A_PA	1758	28	N	0	0	28	22.8571428571429
A_PA	1759	27	N	1	0	26	23.9615384615385
A_PA	1760	27	N	1	0	27	20.4074074074074
A_PA	1761	27	N	1	0	26	19.0769230769231
A_PA	1762	26	N	2	0	26	21.5769230769231
A_PA	1763	26	N	2	0	26	22.0384615384615
A_PA	1764	25	N	3	0	24	20.375
A_PA	1765	26	N	2	0	26	18.3461538461538
A_PA	1766	25	N	3	0	25	18.4
A_PA	1767	18	N	10	0	17	22.8823529411765
A_PA	1768	27	N	1	0	27	17.8888888888889
A_PA	1769	26	N	2	0	26	16.2307692307692
A_PA	1770	26	N	2	0	24	15.125
A_PA	1771	26	N	2	0	25	20.52
A_PA	1772	26	N	2	0	25	20.72
A_PA	1773	27	N	1	0	24	21.625
A_PA	1774	27	N	1	0	27	24.3333333333333
A_PA	1775	28	N	0	0	28	24.6785714285714
A_PA	1776	27	N	1	0	26	21.7307692307692
A_PA	1777	20	N	8	0	18	20.3333333333333
A_PA	1778	22	N	6	0	20	19.3
A_PA	1779	27	N	1	0	27	17.9259259259259
A_PA	1780	28	N	0	0	27	17.6296296296296
A_PA	1781	28	N	0	0	27	15.7037037037037
A_PA	1782	28	N	0	0	23	16.3478260869565
A_PA	1783	28	N	0	0	28	17.8571428571429
A_PA	1784	27	N	1	0	26	18.9230769230769
A_PA	1785	27	N	1	0	27	22.6296296296296
A_PA	1786	27	N	1	0	26	24.5384615384615
A_PA	1787	27	N	1	0	27	24.0740740740741
A_PA	1788	27	N	1	0	27	25.4814814814815
A_PA	1789	27	N	1	0	27	23.2962962962963
A_PA	1790	26	N	2	0	24	23
A_PA	1791	26	N	2	0	24	23.3333333333333
A_PA	1792	26	N	2	0	25	23.64
A_PA	1793	25	N	3	0	25	22
A_PA	1794	24	N	4	0	23	21.304347826087
A_PA	1795	24	N	4	0	24	21.5416666666667
A_PA	1796	27	N	1	0	27	19.5925925925926
A_PA	1797	27	N	1	0	27	19.1851851851852
A_PA	1798	27	N	1	0	26	21.5384615384615
A_PA	1799	27	N	1	0	26	21.4230769230769
A_PA	1800	27	N	1	0	26	20.1923076923077
A_PA	1801	27	N	1	0	26	21.1538461538462
A_PA	1802	27	N	1	0	27	20.5185185185185
A_PA	1803	27	N	1	0	24	23.125
A_PA	1804	27	N	1	0	27	24.6296296296296
A_PA	1805	27	N	1	0	27	24.5925925925926
A_PA	1806	26	N	2	0	23	26.1304347826087
A_PA	1807	26	N	2	0	26	24.3846153846154
A_PA	1808	27	N	1	0	26	21.3076923076923
A_PA	1809	27	N	1	0	22	18.2727272727273
A_PA	1810	27	N	1	0	26	21.5384615384615
A_PA	1811	28	N	0	0	27	20.1481481481481
A_PA	1812	28	N	0	0	28	20.7142857142857
A_PA	1813	27	N	1	0	26	22.3461538461538
A_PA	1814	28	N	0	0	25	21.24
A_PA	1815	28	N	0	0	28	22.8571428571429
A_PA	1816	27	N	1	0	26	23.9230769230769
A_PA	1817	28	N	0	0	28	26.8571428571429
A_PA	1818	28	N	0	0	28	22.7857142857143
A_PA	1819	28	N	0	0	27	23.0740740740741
A_PA	1820	28	N	0	0	28	22.9642857142857
A_PA	1821	28	N	0	0	28	23.0714285714286
A_PA	1822	26	N	2	0	26	25.1538461538462
A_PA	1823	26	N	2	0	26	25.1923076923077
A_PA	1824	27	N	1	0	27	23.2962962962963
A_PA	1825	26	N	2	0	26	23.5
A_PA	1826	26	N	2	0	25	23.8
A_PA	1827	27	N	1	0	26	20
A_PA	1828	26	N	1	0	25	20.88
A_PA	1829	26	N	1	0	26	25.6923076923077
A_PA	1830	26	N	1	0	24	27.4166666666667
A_PA	1831	24	N	3	0	23	22.4782608695652
A_PA	1832	27	N	0	0	26	22
A_PA	1833	27	N	0	0	25	24.16
A_PA	1834	27	N	0	0	27	24.9259259259259
A_PA	1835	27	N	0	0	27	25
A_PA	1836	25	N	2	0	23	23
A_PA	1837	24	N	3	0	24	19.875
A_PA	1838	24	N	3	0	24	18.75
A_PA	1839	24	N	3	0	23	21.5217391304348
A_PA	1840	24	N	3	0	24	21.875
A_PA	1841	25	N	2	0	25	24.04
A_PA	1842	26	N	1	0	25	21.8
A_PA	1843	26	N	1	0	24	21.875
A_PA	1844	26	N	1	0	26	22.4230769230769
A_PA	1845	26	N	1	0	26	21.2692307692308
A_PA	1846	26	N	1	0	26	22.1538461538462
A_PA	1847	25	N	2	0	24	22.25
A_PA	1848	23	N	4	0	22	20.6363636363636
A_PA	1849	25	N	2	0	25	20.32
A_PA	1850	26	N	1	0	26	21.1923076923077
A_PA	1851	26	N	1	0	26	21.5384615384615
A_PA	1852	26	N	1	0	22	24.7272727272727
A_PA	1853	26	N	1	0	26	23.4230769230769
A_PA	1854	26	N	1	0	25	24.52
A_PA	1855	26	N	1	0	26	23.5384615384615
A_PA	1856	26	N	1	0	26	20.6923076923077
A_PA	1857	26	N	1	0	26	20.6153846153846
A_PA	1858	26	N	1	0	25	20.64
A_PA	1859	26	N	1	0	26	20.1153846153846
A_PA	1860	27	N	0	0	25	21.24
A_PA	1861	27	N	0	0	27	21.7777777777778
A_PA	1862	26	N	1	0	26	22.4230769230769
A_PA	1863	27	N	0	0	26	22.3461538461538
A_PA	1864	26	N	1	0	26	21.1153846153846
A_PA	1865	27	N	0	0	27	20.4074074074074
A_PA	1866	27	N	0	0	24	21.125
A_PA	1867	26	N	1	0	26	21.5769230769231
A_PA	1868	27	N	0	0	27	23.9259259259259
A_PA	1869	27	N	0	0	24	28.125
A_PA	1870	27	N	0	0	27	19.8518518518519
A_PA	1871	24	N	3	0	24	21.5416666666667
A_PA	1872	26	N	1	0	25	22.76
A_PA	1873	27	N	0	0	27	22.6666666666667
A_PA	1874	27	N	0	0	27	22.7407407407407
A_PA	1875	27	N	0	0	25	21.88
A_PA	1876	26	N	1	0	26	20.5
A_PA	1877	26	N	1	0	26	22.3076923076923
A_PA	1878	27	N	1	0	27	19.1851851851852
A_PA	1879	25	N	3	0	25	22.24
A_PA	1880	27	N	1	0	24	19.9166666666667
A_PA	1881	27	N	1	0	25	18.6
A_PA	1882	27	N	1	0	27	18.1111111111111
A_PA	1883	27	N	1	0	26	17.8076923076923
A_PA	1884	28	N	0	0	27	19
A_PA	1885	28	N	0	0	28	21.9285714285714
A_PA	1886	28	N	0	0	28	21.1428571428571
A_PA	1887	28	N	0	0	28	22.2857142857143
A_PA	1888	28	N	0	0	28	19.8571428571429
A_PA	1889	28	N	0	0	28	22.25
A_PA	1890	28	N	0	0	28	21.8928571428571
A_PA	1891	27	N	1	0	27	18.5185185185185
A_PA	1892	28	N	0	0	28	20.7142857142857
A_PA	1893	28	N	0	0	25	20.36
A_PA	1894	28	N	0	0	27	20.8518518518519
A_PA	1895	28	N	0	0	28	21.1428571428571
A_PA	1896	28	N	0	0	27	20.7777777777778
A_PA	1897	27	N	1	0	26	22.0384615384615
A_PA	1898	28	N	0	0	27	21.5925925925926
A_PA	1899	28	N	0	0	28	22
A_PA	1900	27	N	1	0	26	21.0769230769231
A_PA	1901	28	N	0	0	27	19.8518518518519
A_PA	1902	28	N	0	0	26	21.3461538461538
A_PA	1903	27	N	1	0	27	22.2592592592593
A_PA	1904	27	N	1	0	26	22.6923076923077
A_PA	1905	27	N	1	0	23	26.3478260869565
A_PA	1906	27	N	1	0	27	24.0740740740741
A_PA	1907	27	N	1	0	26	22.1153846153846
A_PA	1908	27	N	1	0	26	22.8076923076923
A_PA	1909	28	N	0	0	27	21.6296296296296
A_PA	1910	28	N	0	0	28	20.5357142857143
A_PA	1911	27	N	1	0	23	20.1304347826087
A_PA	1912	27	N	1	0	26	18.5
A_PA	1913	28	N	0	0	27	17.5555555555556
A_PA	1914	27	N	1	0	26	17.9615384615385
A_PA	1915	27	N	1	0	27	19.4444444444444
A_PA	1916	27	N	1	0	27	22.7037037037037
A_PA	1917	24	N	4	0	22	24.0909090909091
A_PA	1918	26	N	2	0	24	25.4583333333333
A_PA	1919	26	N	2	0	26	27.4230769230769
A_PA	1920	27	N	1	0	25	25.28
A_PA	1921	27	N	1	0	25	24.68
A_PA	1922	27	N	1	0	26	24.5384615384615
A_PA	1923	26	N	2	0	22	24.8636363636364
A_PA	1924	28	N	0	0	27	23.4074074074074
A_PA	1925	28	N	0	0	26	23.9230769230769
A_PA	1926	28	N	0	0	25	22.88
A_PA	1927	28	N	0	0	28	24.1071428571429
A_PA	1928	28	N	0	0	28	23.5714285714286
A_PA	1929	28	N	0	0	27	23.7777777777778
A_PA	1930	28	N	0	0	28	24.2857142857143
A_PA	1931	28	N	0	0	28	22.3214285714286
A_PA	1932	28	N	0	0	23	19.4782608695652
A_PA	1933	28	N	0	0	27	19.7407407407407
A_PA	1934	28	N	0	0	26	19.3076923076923
A_PA	1935	28	N	0	0	27	21.1111111111111
A_PA	1936	28	N	0	0	28	24.2857142857143
A_PA	1937	28	N	0	0	28	24.9642857142857
A_PA	1938	28	N	0	0	28	24.8214285714286
A_PA	1939	28	N	0	0	27	22.6296296296296
A_PA	1940	28	N	0	0	27	22.7407407407407
A_PA	1941	28	N	0	0	25	22.88
A_PA	1942	28	N	0	0	27	22.2222222222222
A_PA	1943	28	N	0	0	28	21.4285714285714
A_PA	1944	28	N	0	0	27	20.962962962963
A_PA	1945	27	N	1	0	26	21.1153846153846
A_PA	1946	27	N	1	0	26	23.3076923076923
A_PA	1947	27	N	1	0	22	24.7727272727273
A_PA	1948	26	N	2	0	26	23.8846153846154
A_PA	1949	25	N	3	0	25	24.76
A_PA	1950	27	N	1	0	27	23.5925925925926
A_PA	1951	27	N	1	0	27	23.4814814814815
A_PA	1952	27	N	1	0	27	22.7037037037037
A_PA	1953	28	N	0	0	27	21.9259259259259
A_PA	1954	28	N	0	0	28	22.1428571428571
A_PA	1955	28	N	0	0	28	23.3214285714286
A_PA	1956	28	N	0	0	25	22.4
A_PA	1957	28	N	0	0	28	21.6785714285714
A_PA	1958	28	N	0	0	28	20.3928571428571
A_PA	1959	28	N	0	0	28	19.8214285714286
A_PA	1960	28	N	0	0	28	19.8928571428571
A_PA	1961	28	N	0	0	28	20.7857142857143
A_PA	1962	28	N	0	0	27	21.6666666666667
A_PA	1963	28	N	0	0	27	20.8888888888889
A_PA	1964	28	N	0	0	27	22.4444444444444
A_PA	1965	28	N	0	0	24	21.0416666666667
A_PA	1966	28	N	0	0	28	18.7857142857143
A_PA	1967	28	N	0	0	28	19.2142857142857
A_PA	1968	28	N	0	0	27	23.5555555555556
A_PA	1969	28	N	0	0	28	21.4642857142857
A_PA	1970	28	N	0	0	28	22.2857142857143
A_PA	1971	28	N	0	0	27	21.0740740740741
A_PA	1972	28	N	0	0	28	21.4642857142857
A_PA	1973	28	N	0	0	28	21.2857142857143
A_PA	1974	27	N	1	0	26	22.7307692307692
A_PA	1975	27	N	1	0	27	23.5555555555556
A_PA	1976	27	N	1	0	27	23.1851851851852
A_PA	1977	28	N	0	0	26	20.0384615384615
A_PA	1978	28	N	0	0	28	19.6071428571429
A_PA	1979	28	N	0	0	28	21.1785714285714
A_PA	1980	28	N	0	0	24	19.375
A_PA	1981	28	N	0	0	28	20.5714285714286
A_PA	1982	28	N	0	0	28	21.75
A_PA	1983	28	N	0	0	25	23.2
A_PA	1984	27	N	0	0	27	23.8148148148148
A_PA	1985	27	N	0	0	27	24.1111111111111
A_PA	1986	27	N	0	0	25	22.84
A_PA	1987	27	N	0	0	26	19.3076923076923
A_PA	1988	27	N	0	0	27	16.5925925925926
A_PA	1989	24	N	3	0	24	20.5
A_PA	1990	26	N	1	0	26	19.6923076923077
A_PA	1991	26	N	1	0	25	21.72
A_PA	1992	25	N	2	0	25	21.48
A_PA	1993	25	N	2	0	24	20.4166666666667
A_PA	1994	26	N	1	0	26	19.7692307692308
A_PA	1995	27	N	0	0	27	19.4444444444444
A_PA	1996	27	N	0	0	27	20.4814814814815
A_PA	1997	27	N	0	0	27	21.3703703703704
A_PA	1998	27	N	0	0	25	21.48
A_PA	1999	27	N	0	0	26	23.1923076923077
A_PA	2000	24	N	3	0	24	23.8333333333333
A_PA	2001	27	N	0	0	26	24.1923076923077
A_PA	2002	27	N	0	0	24	25.0416666666667
A_PA	2003	27	N	0	0	27	23.1111111111111
A_PA	2004	25	N	2	0	22	21.2727272727273
A_PA	2005	26	N	1	0	26	16.4230769230769
A_PA	2006	27	N	0	0	27	18.6666666666667
A_PA	2007	27	N	0	0	25	19.32
A_PA	2008	27	N	0	0	27	19.5185185185185
A_PA	2009	26	N	1	0	26	17.3846153846154
A_PA	2010	25	N	2	0	24	17.0416666666667
A_PA	2011	27	N	0	0	27	17.8888888888889
A_PA	2012	27	N	0	0	27	18.4444444444444
A_PA	2013	27	N	0	0	26	17.8461538461538
A_PA	2014	27	N	0	0	27	20.6666666666667
A_PA	2015	26	N	1	0	26	23.3846153846154
A_PA	2016	27	N	0	0	26	24.2692307692308
A_PA	2017	25	N	2	0	23	22.3478260869565
A_PA	2018	26	N	1	0	25	19.68
A_PA	2019	27	N	0	0	27	19.1481481481481
A_PA	2020	27	N	0	0	27	20.1851851851852
A_PA	2021	27	N	0	0	26	23.4615384615385
A_PA	2022	27	N	0	0	26	21.7692307692308
A_PA	2023	27	N	0	0	27	21.7037037037037
A_PA	2024	27	N	0	0	27	21.3703703703704
A_PA	2025	27	N	0	0	23	23.0434782608696
A_PA	2026	27	N	0	0	27	22.5185185185185
A_PA	2027	25	N	2	0	25	23.08
A_PA	2028	26	N	1	0	22	23.6363636363636
A_PA	2029	27	N	0	0	27	23.3333333333333
A_PA	2030	27	N	0	0	27	22.6666666666667
A_PA	2031	27	N	0	0	27	22.5185185185185
A_PA	2032	27	N	0	0	26	22.1538461538462
A_PA	2033	27	N	0	0	27	22.037037037037
A_PA	2034	27	N	0	0	26	22.2692307692308
A_PA	2035	26	N	1	0	25	22.2
A_PA	2036	27	N	0	0	26	22.3846153846154
A_PA	2037	27	N	0	0	25	21.24
A_PA	2038	27	N	0	0	27	22.2962962962963
A_PA	2039	27	N	0	0	26	23.0384615384615
A_PA	2040	26	N	1	0	21	23.5238095238095
A_PA	2041	24	N	3	0	23	20.9565217391304
A_PA	2042	26	N	1	0	26	21.8461538461538
A_PA	2043	26	N	1	0	26	23.8076923076923
A_PA	2044	26	N	1	0	26	23.5
A_PA	2045	27	N	0	0	27	24.2592592592593
A_PA	2046	27	N	0	0	26	23.8076923076923
A_PA	2047	27	N	0	0	27	25.7407407407407
A_PA	2048	26	N	1	0	26	25.5769230769231
A_PA	2049	26	N	1	0	26	26.6538461538462
A_PA	2050	21	N	6	0	20	22.1
A_PA	2051	25	N	2	0	25	20.28
A_PA	2052	26	N	1	0	26	20.6538461538462
A_PA	2053	26	N	1	0	25	22.68
A_PA	2054	26	N	1	0	25	22.56
A_PA	2055	26	N	1	0	25	20.96
A_PA	2056	26	N	1	0	24	20.2916666666667
A_PA	2057	25	N	2	0	24	19.625
A_PA	2058	25	N	2	0	25	22.08
A_PA	2059	27	N	0	0	25	23.92
A_PA	2060	27	N	0	0	26	27.0769230769231
A_PA	2061	27	N	0	0	25	21.92
A_PA	2062	26	N	1	0	24	21.625
A_PA	2063	26	N	1	0	25	21.28
A_PA	2064	26	N	1	0	24	22.0833333333333
A_PA	2065	27	N	0	0	27	20.5555555555556
A_PA	2066	27	N	0	0	26	20.7307692307692
A_PA	2067	27	N	0	0	26	19.9230769230769
A_PA	2068	26	N	0	0	25	19.96
A_PA	2069	26	N	0	0	23	20.4782608695652
A_PA	2070	26	N	0	0	25	20.64
A_PA	2071	26	N	0	0	26	19.5769230769231
A_PA	2072	26	N	0	0	26	19.6153846153846
A_PA	2073	24	N	2	0	24	18.0416666666667
A_PA	2074	24	N	2	0	24	17.2083333333333
A_PA	2075	23	N	3	0	23	15.8260869565217
A_PA	2076	26	N	0	0	26	16.3461538461538
A_PA	2077	26	N	0	0	25	17.12
A_PA	2078	26	N	0	0	25	18.08
A_PA	2079	26	N	0	0	26	20.7692307692308
A_PA	2080	25	N	1	0	24	21
A_PA	2081	25	N	1	0	25	20.32
A_PA	2082	26	N	0	0	26	21.6538461538462
A_PA	2083	26	N	0	0	26	24.1538461538462
A_PA	2084	26	N	0	0	26	25.3461538461538
A_PA	2085	26	N	0	0	26	26.2692307692308
A_PA	2086	26	N	0	0	26	25.9615384615385
A_PA	2087	26	N	0	0	26	25.6923076923077
A_PA	2088	26	N	0	0	26	27.1538461538462
A_PA	2089	26	N	0	0	26	24.5384615384615
A_PA	2090	26	N	0	0	26	23.3846153846154
A_PA	2091	26	N	0	0	26	22.9230769230769
A_PA	2092	23	N	3	0	23	22.0434782608696
A_PA	2093	26	N	0	0	26	20.3846153846154
A_PA	2094	26	N	0	0	26	18.7307692307692
A_PA	2095	26	N	0	0	26	19
A_PA	2096	25	N	1	0	25	20.76
A_PA	2097	25	N	1	0	24	20.7083333333333
A_PA	2098	26	N	0	0	25	20.68
A_PA	2099	25	N	1	0	25	22.92
A_PA	2100	26	N	0	0	26	23.5
A_PA	2101	26	N	0	0	26	23.5384615384615
A_PA	2102	26	N	0	0	25	23.6
A_PA	2103	26	N	0	0	25	21.96
A_PA	2104	25	N	1	0	25	18.88
A_PA	2105	25	N	1	0	24	20.5
A_PA	2106	26	N	0	0	21	20.952380952381
A_PA	2107	26	N	0	0	26	21.1153846153846
A_PA	2108	24	N	2	0	23	22.2173913043478
A_PA	2109	24	N	2	0	23	24.2173913043478
A_PA	2110	22	N	3	0	22	22.3181818181818
A_PA	2111	24	N	1	0	23	19.8260869565217
A_PA	2112	25	N	0	0	23	19.6521739130435
A_PA	2113	25	N	0	0	25	19.24
A_PA	2114	24	N	1	0	23	18.7391304347826
A_PA	2115	25	N	0	0	24	18.0833333333333
A_PA	2116	25	N	0	0	24	20.3333333333333
A_PA	2117	24	N	1	0	24	19.5
A_PA	2118	25	N	0	0	25	19.52
A_PA	2119	25	N	0	0	24	19.2916666666667
A_PA	2120	25	N	0	0	24	20.375
A_PA	2121	25	N	0	0	25	22.32
A_PA	2122	24	N	1	0	24	21.5
A_PA	2123	25	N	0	0	24	20.9166666666667
A_PA	2124	25	N	0	0	25	21.8
A_PA	2125	25	N	0	0	25	22.08
A_PA	2126	25	N	0	0	25	23.32
A_PA	2127	25	N	0	0	25	21.6
A_PA	2128	25	N	0	0	25	19.56
A_PA	2129	25	N	0	0	25	21.6
A_PA	2130	24	N	1	0	23	23.1304347826087
A_PA	2131	24	N	1	0	23	22.9565217391304
A_PA	2132	24	N	1	0	24	19.7916666666667
A_PA	2133	24	N	1	0	21	22.7619047619048
A_PA	2134	23	N	2	0	23	23.3913043478261
A_PA	2135	24	N	1	0	24	24.25
A_PA	2136	25	N	0	0	25	24.16
A_PA	2137	25	N	0	0	25	24.88
A_PA	2138	25	N	0	0	25	22.36
A_PA	2139	24	N	0	0	24	22.7083333333333
A_PA	2140	24	N	0	0	24	22.4583333333333
A_PA	2141	23	N	1	0	23	23.2608695652174
A_PA	2142	23	N	1	0	23	23.1739130434783
A_PA	2143	24	N	0	0	24	22.9166666666667
A_PA	2144	23	N	0	0	20	22.75
A_PA	2145	23	N	0	0	23	22.7391304347826
A_PA	2146	23	N	0	0	23	22.2608695652174
A_PA	2147	22	N	0	0	20	22.2
A_PA	2148	22	N	0	0	22	23.6363636363636
A_PA	2149	22	N	0	0	22	22.7272727272727
A_PA	2150	22	N	0	0	22	20.4545454545455
A_PA	2151	21	N	0	0	21	20.952380952381
