Reference_Name	Position	Coverage Depth	Consensus	Deletions	Ambiguous	Consensus_Count	Consensus_Average_Quality
A_PB1	1	12	N	0	0	12	23.0833333333333
A_PB1	2	12	N	0	0	12	23.1666666666667
A_PB1	3	12	N	0	0	12	23.6666666666667
A_PB1	4	12	N	0	0	12	22.5
A_PB1	5	12	N	0	0	12	22
A_PB1	6	12	N	0	0	12	22.75
A_PB1	7	12	N	0	0	12	21.8333333333333
A_PB1	8	12	N	0	0	11	22.5454545454545
A_PB1	9	12	N	0	0	11	22.1818181818182
A_PB1	10	12	N	0	0	12	18.0833333333333
A_PB1	11	12	N	0	0	12	17.9166666666667
A_PB1	12	12	N	0	0	12	18.5
A_PB1	13	12	N	0	0	12	20.3333333333333
A_PB1	14	12	N	0	0	12	22.0833333333333
A_PB1	15	14	N	0	0	14	19.8571428571429
A_PB1	16	14	N	0	0	14	18.7857142857143
A_PB1	17	14	N	0	0	13	19.5384615384615
A_PB1	18	14	N	0	0	14	20.9285714285714
A_PB1	19	14	N	0	0	13	22.1538461538462
A_PB1	20	14	N	0	0	14	24.6428571428571
A_PB1	21	14	N	0	0	14	24.1428571428571
A_PB1	22	14	N	0	0	13	23.3076923076923
A_PB1	23	14	N	0	0	14	21.5
A_PB1	24	14	N	0	0	14	19.7142857142857
A_PB1	25	14	N	0	0	14	18.7857142857143
A_PB1	26	14	N	0	0	14	19.4285714285714
A_PB1	27	14	N	0	0	14	20.6428571428571
A_PB1	28	14	N	0	0	14	20.4285714285714
A_PB1	29	14	N	0	0	14	20.7142857142857
A_PB1	30	14	N	0	0	14	23.6428571428571
A_PB1	31	14	N	0	0	14	23.7142857142857
A_PB1	32	14	N	0	0	14	25.1428571428571
A_PB1	33	14	N	0	0	14	26.1428571428571
A_PB1	34	14	N	0	0	14	25.6428571428571
A_PB1	35	14	N	0	0	14	25.2142857142857
A_PB1	36	14	N	0	0	14	26.0714285714286
A_PB1	37	14	N	0	0	14	25.3571428571429
A_PB1	38	14	N	0	0	14	25.1428571428571
A_PB1	39	14	N	0	0	14	25
A_PB1	40	14	N	0	0	14	24.5
A_PB1	41	14	N	0	0	13	25
A_PB1	42	14	N	0	0	13	23.2307692307692
A_PB1	43	14	N	0	0	14	23.0714285714286
A_PB1	44	14	N	0	0	14	23.7142857142857
A_PB1	45	14	N	0	0	14	25.1428571428571
A_PB1	46	14	N	0	0	14	24.3571428571429
A_PB1	47	14	N	0	0	14	24.6428571428571
A_PB1	48	14	N	0	0	14	24.6428571428571
A_PB1	49	14	N	0	0	14	25.5
A_PB1	50	14	N	0	0	14	27.3571428571429
A_PB1	51	13	N	1	0	13	26.9230769230769
A_PB1	52	13	N	1	0	13	27.0769230769231
A_PB1	53	13	N	1	0	13	24.7692307692308
A_PB1	54	14	N	0	0	14	24.4285714285714
A_PB1	55	14	N	0	0	14	24.0714285714286
A_PB1	56	14	N	0	0	14	25.0714285714286
A_PB1	57	9	N	5	0	9	24.2222222222222
A_PB1	58	11	N	3	0	11	26
A_PB1	59	13	N	1	0	13	27.5384615384615
A_PB1	60	12	N	2	0	12	32.5
A_PB1	61	13	N	1	0	13	24.6153846153846
A_PB1	62	13	N	1	0	13	24.5384615384615
A_PB1	63	14	N	0	0	13	24.6923076923077
A_PB1	64	14	N	0	0	14	22.1428571428571
A_PB1	65	14	N	0	0	14	21.4285714285714
A_PB1	66	14	N	0	0	14	24.2142857142857
A_PB1	67	14	N	0	0	14	30.3571428571429
A_PB1	68	14	N	0	0	14	27
A_PB1	69	14	N	0	0	13	26.6153846153846
A_PB1	70	14	N	0	0	14	22.9285714285714
A_PB1	71	14	N	0	0	13	21.8461538461538
A_PB1	72	14	N	0	0	14	19.0714285714286
A_PB1	73	14	N	0	0	14	18.6428571428571
A_PB1	74	14	N	0	0	14	19.5
A_PB1	75	14	N	0	0	14	22.2857142857143
A_PB1	76	14	N	0	0	14	23.1428571428571
A_PB1	77	14	N	0	0	14	28.2857142857143
A_PB1	78	14	N	0	0	13	21.3076923076923
A_PB1	79	14	N	0	0	14	19.2142857142857
A_PB1	80	14	N	0	0	14	19.7142857142857
A_PB1	81	14	N	0	0	14	20.2142857142857
A_PB1	82	14	N	0	0	14	22.3571428571429
A_PB1	83	14	N	0	0	14	20.1428571428571
A_PB1	84	13	N	1	0	13	22.6923076923077
A_PB1	85	14	N	0	0	14	21.5
A_PB1	86	14	N	0	0	14	22.2142857142857
A_PB1	87	14	N	0	0	14	21
A_PB1	88	14	N	0	0	14	20.6428571428571
A_PB1	89	14	N	0	0	14	21
A_PB1	90	14	N	0	0	14	22.0714285714286
A_PB1	91	14	N	0	0	14	21.9285714285714
A_PB1	92	14	N	0	0	14	20.0714285714286
A_PB1	93	14	N	0	0	13	18.3846153846154
A_PB1	94	14	N	0	0	13	18.9230769230769
A_PB1	95	14	N	0	0	14	17.8571428571429
A_PB1	96	14	N	0	0	14	18.2857142857143
A_PB1	97	14	N	0	0	14	17.8571428571429
A_PB1	98	11	N	3	0	11	20.5454545454545
A_PB1	99	12	N	2	0	12	13.0833333333333
A_PB1	100	13	N	1	0	13	13.4615384615385
A_PB1	101	14	N	0	0	12	12.8333333333333
A_PB1	102	14	N	0	0	14	13.1428571428571
A_PB1	103	14	N	0	0	13	14
A_PB1	104	14	N	0	0	13	15.5384615384615
A_PB1	105	13	N	1	0	13	17.6153846153846
A_PB1	106	14	N	0	0	14	21.0714285714286
A_PB1	107	14	N	0	0	14	24.2857142857143
A_PB1	108	14	N	0	0	14	26.9285714285714
A_PB1	109	14	N	0	0	14	25.6428571428571
A_PB1	110	14	N	0	0	14	27.6428571428571
A_PB1	111	14	N	0	0	14	25.5
A_PB1	112	14	N	0	0	14	25.2857142857143
A_PB1	113	14	N	0	0	14	26.4285714285714
A_PB1	114	14	N	0	0	14	26.4285714285714
A_PB1	115	14	N	0	0	14	23.3571428571429
A_PB1	116	14	N	0	0	14	21.2142857142857
A_PB1	117	14	N	0	0	14	21.1428571428571
A_PB1	118	14	N	0	0	14	21.8571428571429
A_PB1	119	14	N	0	0	13	22.8461538461538
A_PB1	120	14	N	0	0	14	23.2857142857143
A_PB1	121	14	N	0	0	14	22.3571428571429
A_PB1	122	14	N	0	0	14	21.2857142857143
A_PB1	123	13	N	1	0	13	21.6153846153846
A_PB1	124	14	N	0	0	14	21.5714285714286
A_PB1	125	14	N	0	0	14	21
A_PB1	126	13	N	1	0	12	19.4166666666667
A_PB1	127	14	N	0	0	14	18.5714285714286
A_PB1	128	13	N	1	0	13	17.0769230769231
A_PB1	129	14	N	0	0	13	16.8461538461538
A_PB1	130	13	N	1	0	12	18.1666666666667
A_PB1	131	13	N	1	0	13	18.5384615384615
A_PB1	132	14	N	0	0	14	18.5714285714286
A_PB1	133	14	N	0	0	13	19.7692307692308
A_PB1	134	14	N	0	0	14	21.9285714285714
A_PB1	135	14	N	0	0	14	23.5714285714286
A_PB1	136	14	N	0	0	14	25
A_PB1	137	14	N	0	0	13	28.5384615384615
A_PB1	138	14	N	0	0	12	23.5
A_PB1	139	14	N	0	0	14	22.5714285714286
A_PB1	140	14	N	0	0	14	20.6428571428571
A_PB1	141	14	N	0	0	14	21.3571428571429
A_PB1	142	14	N	0	0	14	21.5
A_PB1	143	14	N	0	0	14	19.5714285714286
A_PB1	144	14	N	0	0	14	18.7142857142857
A_PB1	145	13	N	1	0	13	18.3846153846154
A_PB1	146	14	N	0	0	14	19.1428571428571
A_PB1	147	14	N	0	0	14	20.2857142857143
A_PB1	148	14	N	0	0	14	21.3571428571429
A_PB1	149	14	N	0	0	13	21
A_PB1	150	14	N	0	0	14	20.7142857142857
A_PB1	151	14	N	0	0	13	20.9230769230769
A_PB1	152	14	N	0	0	13	19.6923076923077
A_PB1	153	14	N	0	0	14	19.5
A_PB1	154	14	N	0	0	14	18.8571428571429
A_PB1	155	14	N	0	0	14	19.9285714285714
A_PB1	156	13	N	1	0	13	22.1538461538462
A_PB1	157	13	N	1	0	13	22.6153846153846
A_PB1	158	14	N	0	0	14	25.5
A_PB1	159	13	N	1	0	13	23.5384615384615
A_PB1	160	14	N	0	0	14	22.7142857142857
A_PB1	161	14	N	0	0	13	22.4615384615385
A_PB1	162	14	N	0	0	14	21.0714285714286
A_PB1	163	14	N	0	0	13	21.1538461538462
A_PB1	164	14	N	0	0	13	22.0769230769231
A_PB1	165	14	N	0	0	13	25.4615384615385
A_PB1	166	14	N	0	0	14	27.0714285714286
A_PB1	167	14	N	0	0	13	25.7692307692308
A_PB1	168	14	N	0	0	14	25.6428571428571
A_PB1	169	14	N	0	0	14	25.5714285714286
A_PB1	170	13	N	1	0	13	27.4615384615385
A_PB1	171	13	N	1	0	13	29.2307692307692
A_PB1	172	13	N	1	0	13	28.1538461538462
A_PB1	173	13	N	1	0	13	28.6153846153846
A_PB1	174	13	N	1	0	13	29.0769230769231
A_PB1	175	14	N	0	0	13	27.9230769230769
A_PB1	176	14	N	0	0	14	26.7142857142857
A_PB1	177	14	N	0	0	14	26.1428571428571
A_PB1	178	14	N	0	0	13	28.4615384615385
A_PB1	179	14	N	0	0	13	28.0769230769231
A_PB1	180	14	N	0	0	14	27.1428571428571
A_PB1	181	14	N	0	0	14	26.1428571428571
A_PB1	182	14	N	0	0	12	25.75
A_PB1	183	14	N	0	0	14	22.3571428571429
A_PB1	184	14	N	0	0	14	21.9285714285714
A_PB1	185	14	N	0	0	14	22.5
A_PB1	186	14	N	0	0	14	25.3571428571429
A_PB1	187	14	N	0	0	14	24.6428571428571
A_PB1	188	14	N	0	0	14	25.1428571428571
A_PB1	189	14	N	0	0	14	25.3571428571429
A_PB1	190	14	N	0	0	14	23.7142857142857
A_PB1	191	14	N	0	0	14	22.7857142857143
A_PB1	192	14	N	0	0	14	22.4285714285714
A_PB1	193	14	N	0	0	14	22.7857142857143
A_PB1	194	14	N	0	0	14	23.5714285714286
A_PB1	195	14	N	0	0	14	23.2142857142857
A_PB1	196	13	N	1	0	13	25.0769230769231
A_PB1	197	13	N	1	0	12	25.4166666666667
A_PB1	198	13	N	1	0	13	20.1538461538462
A_PB1	199	14	N	0	0	14	18.4285714285714
A_PB1	200	14	N	0	0	14	18.4285714285714
A_PB1	201	14	N	0	0	14	21.7142857142857
A_PB1	202	14	N	0	0	14	20.7857142857143
A_PB1	203	14	N	0	0	13	23.6153846153846
A_PB1	204	14	N	0	0	12	26.3333333333333
A_PB1	205	14	N	0	0	14	23.5
A_PB1	206	14	N	0	0	14	22.0714285714286
A_PB1	207	14	N	0	0	14	21.5714285714286
A_PB1	208	14	N	0	0	14	22.4285714285714
A_PB1	209	14	N	0	0	14	22.8571428571429
A_PB1	210	14	N	0	0	14	23.8571428571429
A_PB1	211	14	N	0	0	14	24.9285714285714
A_PB1	212	13	N	1	0	13	25.0769230769231
A_PB1	213	13	N	1	0	13	24.6923076923077
A_PB1	214	14	N	0	0	14	23.5714285714286
A_PB1	215	14	N	0	0	14	24.5714285714286
A_PB1	216	14	N	0	0	14	23.7142857142857
A_PB1	217	14	N	0	0	13	24.2307692307692
A_PB1	218	14	N	0	0	14	23
A_PB1	219	14	N	0	0	14	23.8571428571429
A_PB1	220	14	N	0	0	14	24.6428571428571
A_PB1	221	14	N	0	0	14	24.9285714285714
A_PB1	222	14	N	0	0	14	23.2857142857143
A_PB1	223	14	N	0	0	14	23.1428571428571
A_PB1	224	14	N	0	0	14	23.1428571428571
A_PB1	225	14	N	0	0	14	23.5
A_PB1	226	14	N	0	0	14	24.6428571428571
A_PB1	227	13	N	1	0	13	26.0769230769231
A_PB1	228	14	N	0	0	14	24.1428571428571
A_PB1	229	14	N	0	0	14	25.6428571428571
A_PB1	230	14	N	0	0	14	25
A_PB1	231	14	N	0	0	14	23.6428571428571
A_PB1	232	14	N	0	0	13	24.7692307692308
A_PB1	233	14	N	0	0	14	24.4285714285714
A_PB1	234	14	N	0	0	14	25.2142857142857
A_PB1	235	14	N	0	0	14	26.5
A_PB1	236	14	N	0	0	14	26.7857142857143
A_PB1	237	14	N	0	0	14	25.9285714285714
A_PB1	238	14	N	0	0	14	25.6428571428571
A_PB1	239	14	N	0	0	14	26.6428571428571
A_PB1	240	14	N	0	0	14	25.2857142857143
A_PB1	241	14	N	0	0	13	25.6923076923077
A_PB1	242	14	N	0	0	14	23.2142857142857
A_PB1	243	13	N	1	0	13	24.3076923076923
A_PB1	244	14	N	0	0	14	20.7857142857143
A_PB1	245	14	N	0	0	14	19.7142857142857
A_PB1	246	14	N	0	0	14	18.6428571428571
A_PB1	247	14	N	0	0	14	19.0714285714286
A_PB1	248	14	N	0	0	14	18.9285714285714
A_PB1	249	14	N	0	0	13	22.2307692307692
A_PB1	250	14	N	0	0	14	18.4285714285714
A_PB1	251	14	N	0	0	14	18.7857142857143
A_PB1	252	14	N	0	0	14	18.2857142857143
A_PB1	253	14	N	0	0	14	20.2857142857143
A_PB1	254	14	N	0	0	14	20.2142857142857
A_PB1	255	14	N	0	0	14	21.0714285714286
A_PB1	256	14	N	0	0	14	21.2142857142857
A_PB1	257	14	N	0	0	13	21.1538461538462
A_PB1	258	14	N	0	0	14	20.8571428571429
A_PB1	259	14	N	0	0	14	20.6428571428571
A_PB1	260	14	N	0	0	14	20.6428571428571
A_PB1	261	14	N	0	0	14	22
A_PB1	262	14	N	0	0	14	22.5714285714286
A_PB1	263	14	N	0	0	14	23.7142857142857
A_PB1	264	14	N	0	0	14	24.8571428571429
A_PB1	265	14	N	0	0	14	24.0714285714286
A_PB1	266	14	N	0	0	14	24.7142857142857
A_PB1	267	14	N	0	0	14	25.8571428571429
A_PB1	268	14	N	0	0	14	24.4285714285714
A_PB1	269	14	N	0	0	14	23.0714285714286
A_PB1	270	14	N	0	0	14	22
A_PB1	271	14	N	0	0	13	20.6153846153846
A_PB1	272	14	N	0	0	14	22
A_PB1	273	13	N	1	0	13	24.2307692307692
A_PB1	274	14	N	0	0	13	24.7692307692308
A_PB1	275	14	N	0	0	14	24.5
A_PB1	276	14	N	0	0	14	27.8571428571429
A_PB1	277	14	N	0	0	14	29
A_PB1	278	14	N	0	0	14	28.8571428571429
A_PB1	279	14	N	0	0	14	32.8571428571429
A_PB1	280	14	N	0	0	14	32.2857142857143
A_PB1	281	14	N	0	0	13	34.3846153846154
A_PB1	282	14	N	0	0	14	30.7857142857143
A_PB1	283	14	N	0	0	14	25.5
A_PB1	284	14	N	0	0	14	23.8571428571429
A_PB1	285	14	N	0	0	14	22.5714285714286
A_PB1	286	14	N	0	0	13	23.7692307692308
A_PB1	287	14	N	0	0	14	21.7857142857143
A_PB1	288	14	N	0	0	14	22.1428571428571
A_PB1	289	14	N	0	0	14	21.6428571428571
A_PB1	290	14	N	0	0	14	22.4285714285714
A_PB1	291	14	N	0	0	14	25
A_PB1	292	14	N	0	0	14	24.3571428571429
A_PB1	293	14	N	0	0	13	28.0769230769231
A_PB1	294	14	N	0	0	14	24.9285714285714
A_PB1	295	13	N	1	0	13	24.0769230769231
A_PB1	296	13	N	1	0	13	22.3076923076923
A_PB1	297	14	N	0	0	13	20.8461538461538
A_PB1	298	14	N	0	0	13	20.8461538461538
A_PB1	299	14	N	0	0	14	21
A_PB1	300	14	N	0	0	14	21.6428571428571
A_PB1	301	14	N	0	0	13	19.1538461538462
A_PB1	302	14	N	0	0	13	19.4615384615385
A_PB1	303	14	N	0	0	14	17.7857142857143
A_PB1	304	14	N	0	0	13	17.6153846153846
A_PB1	305	14	N	0	0	13	19.0769230769231
A_PB1	306	13	N	1	0	11	18.1818181818182
A_PB1	307	13	N	1	0	12	20.5
A_PB1	308	14	N	0	0	13	20.4615384615385
A_PB1	309	13	N	1	0	12	22.75
A_PB1	310	12	N	2	0	12	21.25
A_PB1	311	14	N	0	0	14	18.7857142857143
A_PB1	312	14	N	0	0	14	22.2142857142857
A_PB1	313	14	N	0	0	14	20.5
A_PB1	314	13	N	1	0	13	21.5384615384615
A_PB1	315	14	N	0	0	14	21.5
A_PB1	316	14	N	0	0	13	21.1538461538462
A_PB1	317	14	N	0	0	14	19
A_PB1	318	14	N	0	0	13	18.1538461538462
A_PB1	319	14	N	0	0	14	31.5714285714286
A_PB1	320	13	N	1	0	13	44.8461538461538
A_PB1	321	13	N	1	0	13	45
A_PB1	322	13	N	1	0	13	31.3076923076923
A_PB1	323	14	N	0	0	14	20.7142857142857
A_PB1	324	14	N	0	0	14	22.7857142857143
A_PB1	325	14	N	0	0	13	25.4615384615385
A_PB1	326	14	N	0	0	14	25.2142857142857
A_PB1	327	14	N	0	0	13	27.6153846153846
A_PB1	328	14	N	0	0	13	24.9230769230769
A_PB1	329	14	N	0	0	14	22.2142857142857
A_PB1	330	14	N	0	0	14	21.1428571428571
A_PB1	331	14	N	0	0	14	21.4285714285714
A_PB1	332	13	N	1	0	13	22
A_PB1	333	14	N	0	0	14	20.5
A_PB1	334	14	N	0	0	13	18.7692307692308
A_PB1	335	14	N	0	0	14	20.2142857142857
A_PB1	336	13	N	1	0	12	20.0833333333333
A_PB1	337	13	N	1	0	12	21.9166666666667
A_PB1	338	12	N	2	0	11	25.2727272727273
A_PB1	339	13	N	1	0	12	20.5
A_PB1	340	14	N	0	0	13	19.6153846153846
A_PB1	341	14	N	0	0	14	19.6428571428571
A_PB1	342	14	N	0	0	13	22.6153846153846
A_PB1	343	14	N	0	0	13	24.1538461538462
A_PB1	344	14	N	0	0	14	23.1428571428571
A_PB1	345	14	N	0	0	13	20.6923076923077
A_PB1	346	14	N	0	0	13	20.3076923076923
A_PB1	347	14	N	0	0	14	20.0714285714286
A_PB1	348	14	N	0	0	14	20.6428571428571
A_PB1	349	14	N	0	0	14	20.1428571428571
A_PB1	350	14	N	0	0	14	21.1428571428571
A_PB1	351	14	N	0	0	14	23.6428571428571
A_PB1	352	14	N	0	0	14	22.5
A_PB1	353	14	N	0	0	14	24.2142857142857
A_PB1	354	14	N	0	0	14	23.2142857142857
A_PB1	355	14	N	0	0	14	21.6428571428571
A_PB1	356	14	N	0	0	14	18.7857142857143
A_PB1	357	14	N	0	0	14	20.2857142857143
A_PB1	358	14	N	0	0	13	21
A_PB1	359	14	N	0	0	14	20.8571428571429
A_PB1	360	14	N	0	0	13	24
A_PB1	361	10	N	4	0	10	18.2
A_PB1	362	14	N	0	0	14	19.5
A_PB1	363	14	N	0	0	14	18.2857142857143
A_PB1	364	14	N	0	0	14	19.7857142857143
A_PB1	365	14	N	0	0	14	18.0714285714286
A_PB1	366	13	N	1	0	13	18.1538461538462
A_PB1	367	14	N	0	0	14	17
A_PB1	368	14	N	0	0	14	19.1428571428571
A_PB1	369	14	N	0	0	14	20.3571428571429
A_PB1	370	13	N	1	0	13	19.3076923076923
A_PB1	371	14	N	0	0	14	18.8571428571429
A_PB1	372	14	N	0	0	14	16.6428571428571
A_PB1	373	14	N	0	0	14	16.7142857142857
A_PB1	374	13	N	1	0	13	18.5384615384615
A_PB1	375	13	N	1	0	13	18.6153846153846
A_PB1	376	14	N	0	0	14	19.7142857142857
A_PB1	377	14	N	0	0	14	17.6428571428571
A_PB1	378	14	N	0	0	14	19.8571428571429
A_PB1	379	14	N	0	0	14	18.7142857142857
A_PB1	380	14	N	0	0	14	19.9285714285714
A_PB1	381	14	N	0	0	14	21.9285714285714
A_PB1	382	14	N	0	0	14	21.7142857142857
A_PB1	383	14	N	0	0	14	21
A_PB1	384	14	N	0	0	14	19
A_PB1	385	14	N	0	0	14	19.2857142857143
A_PB1	386	14	N	0	0	14	21.0714285714286
A_PB1	387	14	N	0	0	14	23.3571428571429
A_PB1	388	11	N	3	0	10	24.2
A_PB1	389	14	N	0	0	14	26.1428571428571
A_PB1	390	14	N	0	0	13	27.6923076923077
A_PB1	391	14	N	0	0	13	27.5384615384615
A_PB1	392	14	N	0	0	14	26.1428571428571
A_PB1	393	14	N	0	0	13	24.2307692307692
A_PB1	394	14	N	0	0	14	22.8571428571429
A_PB1	395	14	N	0	0	14	24
A_PB1	396	14	N	0	0	13	25.2307692307692
A_PB1	397	12	N	2	0	12	25.3333333333333
A_PB1	398	14	N	0	0	13	21.2307692307692
A_PB1	399	14	N	0	0	14	22.0714285714286
A_PB1	400	14	N	0	0	14	23.3571428571429
A_PB1	401	14	N	0	0	14	25.4285714285714
A_PB1	402	14	N	0	0	14	25.8571428571429
A_PB1	403	14	N	0	0	14	25.2142857142857
A_PB1	404	14	N	0	0	14	23.7857142857143
A_PB1	405	14	N	0	0	14	24
A_PB1	406	14	N	0	0	14	23.5
A_PB1	407	13	N	1	0	13	22
A_PB1	408	14	N	0	0	12	23.1666666666667
A_PB1	409	14	N	0	0	12	23.0833333333333
A_PB1	410	14	N	0	0	13	22.6153846153846
A_PB1	411	14	N	0	0	13	22.3076923076923
A_PB1	412	14	N	0	0	13	21.6153846153846
A_PB1	413	14	N	0	0	14	21
A_PB1	414	13	N	1	0	13	19.3846153846154
A_PB1	415	12	N	2	0	12	19.8333333333333
A_PB1	416	13	N	1	0	13	19.0769230769231
A_PB1	417	14	N	0	0	14	18.3571428571429
A_PB1	418	14	N	0	0	14	17.2142857142857
A_PB1	419	14	N	0	0	13	17.1538461538462
A_PB1	420	14	N	0	0	13	18.1538461538462
A_PB1	421	14	N	0	0	14	18
A_PB1	422	14	N	0	0	13	17.1538461538462
A_PB1	423	14	N	0	0	14	19.5
A_PB1	424	14	N	0	0	14	21.7857142857143
A_PB1	425	14	N	0	0	14	23.5
A_PB1	426	14	N	0	0	13	17.7692307692308
A_PB1	427	14	N	0	0	13	16.3846153846154
A_PB1	428	13	N	1	0	13	18.0769230769231
A_PB1	429	13	N	1	0	13	19.3846153846154
A_PB1	430	14	N	0	0	13	21.2307692307692
A_PB1	431	14	N	0	0	13	21.1538461538462
A_PB1	432	14	N	0	0	14	21.0714285714286
A_PB1	433	14	N	0	0	14	23.2142857142857
A_PB1	434	13	N	1	0	13	24.5384615384615
A_PB1	435	14	N	0	0	14	25.3571428571429
A_PB1	436	14	N	0	0	14	23.1428571428571
A_PB1	437	14	N	0	0	14	22.2142857142857
A_PB1	438	14	N	0	0	14	22.1428571428571
A_PB1	439	14	N	0	0	14	22.1428571428571
A_PB1	440	14	N	0	0	14	22
A_PB1	441	12	N	2	0	12	21.4166666666667
A_PB1	442	13	N	1	0	13	20.9230769230769
A_PB1	443	13	N	1	0	13	18.6153846153846
A_PB1	444	14	N	0	0	14	17.2857142857143
A_PB1	445	13	N	1	0	13	17.6923076923077
A_PB1	446	14	N	0	0	13	16.7692307692308
A_PB1	447	14	N	0	0	14	16.7142857142857
A_PB1	448	13	N	1	0	13	19.0769230769231
A_PB1	449	14	N	0	0	13	20.7692307692308
A_PB1	450	14	N	0	0	14	20.0714285714286
A_PB1	451	14	N	0	0	14	21.7142857142857
A_PB1	452	14	N	0	0	13	17.3076923076923
A_PB1	453	14	N	0	0	14	18.7857142857143
A_PB1	454	14	N	0	0	14	19.5714285714286
A_PB1	455	13	N	1	0	13	19.0769230769231
A_PB1	456	14	N	0	0	13	19.0769230769231
A_PB1	457	14	N	0	0	13	21
A_PB1	458	14	N	0	0	14	19.7857142857143
A_PB1	459	14	N	0	0	14	20.6428571428571
A_PB1	460	12	N	2	0	12	19.5
A_PB1	461	14	N	0	0	14	20.2857142857143
A_PB1	462	14	N	0	0	14	20.4285714285714
A_PB1	463	14	N	0	0	14	21.4285714285714
A_PB1	464	14	N	0	0	14	19.1428571428571
A_PB1	465	14	N	0	0	14	18.1428571428571
A_PB1	466	14	N	0	0	14	17.0714285714286
A_PB1	467	14	N	0	0	14	18.5
A_PB1	468	14	N	0	0	13	19.4615384615385
A_PB1	469	14	N	0	0	14	21.4285714285714
A_PB1	470	14	N	0	0	14	24.6428571428571
A_PB1	471	14	N	0	0	14	23.8571428571429
A_PB1	472	14	N	0	0	14	23.7857142857143
A_PB1	473	14	N	0	0	14	25.7857142857143
A_PB1	474	14	N	0	0	14	21.1428571428571
A_PB1	475	14	N	0	0	14	20.6428571428571
A_PB1	476	14	N	0	0	14	19.7142857142857
A_PB1	477	14	N	0	0	14	21.6428571428571
A_PB1	478	14	N	0	0	14	22.2857142857143
A_PB1	479	14	N	0	0	14	20.3571428571429
A_PB1	480	14	N	0	0	14	20.8571428571429
A_PB1	481	14	N	0	0	14	23.5714285714286
A_PB1	482	14	N	0	0	14	25.5
A_PB1	483	14	N	0	0	14	26.5714285714286
A_PB1	484	14	N	0	0	14	20.0714285714286
A_PB1	485	11	N	3	0	11	18.1818181818182
A_PB1	486	13	N	1	0	13	18.7692307692308
A_PB1	487	13	N	1	0	13	19.5384615384615
A_PB1	488	12	N	2	0	12	19.1666666666667
A_PB1	489	12	N	2	0	12	20.5
A_PB1	490	14	N	0	0	12	19.5833333333333
A_PB1	491	14	N	0	0	14	19.8571428571429
A_PB1	492	14	N	0	0	13	18.8461538461538
A_PB1	493	12	N	2	0	12	23.75
A_PB1	494	14	N	0	0	14	21.5714285714286
A_PB1	495	14	N	0	0	14	22.2857142857143
A_PB1	496	14	N	0	0	14	20.5714285714286
A_PB1	497	14	N	0	0	14	20.0714285714286
A_PB1	498	14	N	0	0	14	19.1428571428571
A_PB1	499	14	N	0	0	14	20
A_PB1	500	14	N	0	0	14	21.0714285714286
A_PB1	501	9	N	5	0	9	27.2222222222222
A_PB1	502	13	N	1	0	13	26.1538461538462
A_PB1	503	14	N	0	0	14	22.9285714285714
A_PB1	504	14	N	0	0	14	20.6428571428571
A_PB1	505	14	N	0	0	14	19.7857142857143
A_PB1	506	14	N	0	0	14	19.7142857142857
A_PB1	507	14	N	0	0	14	23.0714285714286
A_PB1	508	14	N	0	0	14	21.6428571428571
A_PB1	509	14	N	0	0	14	21.5
A_PB1	510	13	N	1	0	13	22.3076923076923
A_PB1	511	14	N	0	0	14	22.9285714285714
A_PB1	512	14	N	0	0	14	20.7857142857143
A_PB1	513	14	N	0	0	14	21.2857142857143
A_PB1	514	14	N	0	0	14	21.8571428571429
A_PB1	515	14	N	0	0	14	21.1428571428571
A_PB1	516	14	N	0	0	13	20.6923076923077
A_PB1	517	14	N	0	0	14	21.4285714285714
A_PB1	518	14	N	0	0	14	21.1428571428571
A_PB1	519	14	N	0	0	14	21.0714285714286
A_PB1	520	14	N	0	0	14	21.9285714285714
A_PB1	521	14	N	0	0	14	23
A_PB1	522	14	N	0	0	14	23
A_PB1	523	14	N	0	0	14	22.2857142857143
A_PB1	524	14	N	0	0	14	23.3571428571429
A_PB1	525	13	N	1	0	13	23.6923076923077
A_PB1	526	14	N	0	0	14	21.7142857142857
A_PB1	527	14	N	0	0	14	20.2857142857143
A_PB1	528	14	N	0	0	14	20.7142857142857
A_PB1	529	14	N	0	0	14	19.5
A_PB1	530	14	N	0	0	14	22
A_PB1	531	14	N	0	0	14	22.0714285714286
A_PB1	532	14	N	0	0	14	23.0714285714286
A_PB1	533	14	N	0	0	14	23.2142857142857
A_PB1	534	14	N	0	0	14	22.6428571428571
A_PB1	535	14	N	0	0	14	22.2142857142857
A_PB1	536	14	N	0	0	14	22.1428571428571
A_PB1	537	14	N	0	0	14	22.5714285714286
A_PB1	538	14	N	0	0	14	23.3571428571429
A_PB1	539	14	N	0	0	14	23.2142857142857
A_PB1	540	14	N	0	0	14	23.8571428571429
A_PB1	541	14	N	0	0	14	22.9285714285714
A_PB1	542	14	N	0	0	14	23.0714285714286
A_PB1	543	14	N	0	0	14	24.0714285714286
A_PB1	544	14	N	0	0	13	26.2307692307692
A_PB1	545	14	N	0	0	14	24.3571428571429
A_PB1	546	14	N	0	0	14	23.9285714285714
A_PB1	547	14	N	0	0	14	22.5714285714286
A_PB1	548	14	N	0	0	14	23.4285714285714
A_PB1	549	14	N	0	0	14	24.2142857142857
A_PB1	550	14	N	0	0	13	25.1538461538462
A_PB1	551	14	N	0	0	13	25.6153846153846
A_PB1	552	14	N	0	0	14	23.3571428571429
A_PB1	553	14	N	0	0	13	23.3076923076923
A_PB1	554	14	N	0	0	13	20.4615384615385
A_PB1	555	14	N	0	0	14	17.5
A_PB1	556	14	N	0	0	14	17.5
A_PB1	557	14	N	0	0	14	16.7857142857143
A_PB1	558	14	N	0	0	13	20.2307692307692
A_PB1	559	14	N	0	0	14	20.2857142857143
A_PB1	560	14	N	0	0	14	19.9285714285714
A_PB1	561	14	N	0	0	13	21.6153846153846
A_PB1	562	14	N	0	0	14	21.0714285714286
A_PB1	563	14	N	0	0	14	21.1428571428571
A_PB1	564	14	N	0	0	13	24.2307692307692
A_PB1	565	14	N	0	0	14	23
A_PB1	566	14	N	0	0	14	23.5
A_PB1	567	13	N	1	0	13	26
A_PB1	568	13	N	1	0	13	25.2307692307692
A_PB1	569	13	N	1	0	13	29.5384615384615
A_PB1	570	14	N	0	0	14	22.2142857142857
A_PB1	571	14	N	0	0	14	25.8571428571429
A_PB1	572	14	N	0	0	14	23.9285714285714
A_PB1	573	14	N	0	0	14	24.7857142857143
A_PB1	574	14	N	0	0	13	32.6923076923077
A_PB1	575	14	N	0	0	14	21.9285714285714
A_PB1	576	13	N	1	0	13	23.3076923076923
A_PB1	577	13	N	1	0	13	23.4615384615385
A_PB1	578	14	N	0	0	13	22
A_PB1	579	13	N	1	0	13	22.3076923076923
A_PB1	580	14	N	0	0	13	21.2307692307692
A_PB1	581	14	N	0	0	14	19.8571428571429
A_PB1	582	14	N	0	0	14	22.0714285714286
A_PB1	583	14	N	0	0	14	21.4285714285714
A_PB1	584	14	N	0	0	14	21.5
A_PB1	585	14	N	0	0	14	22.8571428571429
A_PB1	586	14	N	0	0	14	23.0714285714286
A_PB1	587	13	N	1	0	13	24
A_PB1	588	14	N	0	0	14	21.2142857142857
A_PB1	589	14	N	0	0	14	22
A_PB1	590	13	N	1	0	13	22.3076923076923
A_PB1	591	13	N	1	0	13	23.4615384615385
A_PB1	592	14	N	0	0	14	22.2142857142857
A_PB1	593	14	N	0	0	14	22.4285714285714
A_PB1	594	14	N	0	0	14	22.1428571428571
A_PB1	595	14	N	0	0	14	22
A_PB1	596	14	N	0	0	14	23.3571428571429
A_PB1	597	14	N	0	0	14	21.7857142857143
A_PB1	598	14	N	0	0	14	21.6428571428571
A_PB1	599	14	N	0	0	14	22.5
A_PB1	600	14	N	0	0	14	20.5714285714286
A_PB1	601	14	N	0	0	14	21.9285714285714
A_PB1	602	13	N	1	0	13	22.8461538461538
A_PB1	603	12	N	2	0	12	21.5
A_PB1	604	12	N	2	0	12	21.75
A_PB1	605	14	N	0	0	13	20.1538461538462
A_PB1	606	14	N	0	0	12	20.3333333333333
A_PB1	607	14	N	0	0	14	20.5714285714286
A_PB1	608	13	N	1	0	12	24.3333333333333
A_PB1	609	13	N	1	0	13	19.2307692307692
A_PB1	610	14	N	0	0	14	18.5714285714286
A_PB1	611	14	N	0	0	13	19.3846153846154
A_PB1	612	14	N	0	0	14	29.9285714285714
A_PB1	613	14	N	0	0	14	35.7857142857143
A_PB1	614	14	N	0	0	14	24.8571428571429
A_PB1	615	14	N	0	0	14	22.2142857142857
A_PB1	616	14	N	0	0	14	24.3571428571429
A_PB1	617	14	N	0	0	14	26.7857142857143
A_PB1	618	14	N	0	0	14	26.4285714285714
A_PB1	619	14	N	0	0	14	26.2857142857143
A_PB1	620	14	N	0	0	14	25.2857142857143
A_PB1	621	14	N	0	0	14	25.2857142857143
A_PB1	622	14	N	0	0	14	23.3571428571429
A_PB1	623	11	N	3	0	11	23.6363636363636
A_PB1	624	14	N	0	0	14	22.7857142857143
A_PB1	625	14	N	0	0	14	17.0714285714286
A_PB1	626	14	N	0	0	13	16.6153846153846
A_PB1	627	14	N	0	0	14	20.2857142857143
A_PB1	628	14	N	0	0	14	19.1428571428571
A_PB1	629	14	N	0	0	14	18.8571428571429
A_PB1	630	14	N	0	0	14	19.9285714285714
A_PB1	631	14	N	0	0	14	22.9285714285714
A_PB1	632	14	N	0	0	14	22.8571428571429
A_PB1	633	14	N	0	0	14	22.7857142857143
A_PB1	634	14	N	0	0	14	24.7857142857143
A_PB1	635	14	N	0	0	13	25.9230769230769
A_PB1	636	14	N	0	0	14	22.7857142857143
A_PB1	637	14	N	0	0	14	22.3571428571429
A_PB1	638	14	N	0	0	14	22.0714285714286
A_PB1	639	14	N	0	0	13	23
A_PB1	640	14	N	0	0	14	23.9285714285714
A_PB1	641	14	N	0	0	14	26.0714285714286
A_PB1	642	14	N	0	0	14	25.5
A_PB1	643	14	N	0	0	14	25.6428571428571
A_PB1	644	14	N	0	0	14	27.4285714285714
A_PB1	645	14	N	0	0	14	27.3571428571429
A_PB1	646	14	N	0	0	14	27.5714285714286
A_PB1	647	14	N	0	0	14	27.5
A_PB1	648	14	N	0	0	14	24.4285714285714
A_PB1	649	14	N	0	0	13	23.6153846153846
A_PB1	650	14	N	0	0	14	27.2857142857143
A_PB1	651	14	N	0	0	14	26.6428571428571
A_PB1	652	14	N	0	0	14	27.7857142857143
A_PB1	653	14	N	0	0	14	37.2857142857143
A_PB1	654	14	N	0	0	14	26.0714285714286
A_PB1	655	14	N	0	0	14	23.5714285714286
A_PB1	656	14	N	0	0	14	22.7142857142857
A_PB1	657	14	N	0	0	14	22.5714285714286
A_PB1	658	12	N	2	0	12	25.1666666666667
A_PB1	659	13	N	1	0	13	23.7692307692308
A_PB1	660	11	N	3	0	11	21.1818181818182
A_PB1	661	11	N	3	0	10	20.7
A_PB1	662	14	N	0	0	13	18.6923076923077
A_PB1	663	14	N	0	0	14	18.7857142857143
A_PB1	664	14	N	0	0	13	20.4615384615385
A_PB1	665	14	N	0	0	14	18.9285714285714
A_PB1	666	14	N	0	0	14	16.9285714285714
A_PB1	667	14	N	0	0	14	16.7142857142857
A_PB1	668	14	N	0	0	14	19.7142857142857
A_PB1	669	14	N	0	0	14	20.6428571428571
A_PB1	670	14	N	0	0	13	20.4615384615385
A_PB1	671	14	N	0	0	14	18.2857142857143
A_PB1	672	14	N	0	0	14	20.6428571428571
A_PB1	673	14	N	0	0	14	23.5
A_PB1	674	14	N	0	0	14	24.5714285714286
A_PB1	675	14	N	0	0	14	25.8571428571429
A_PB1	676	14	N	0	0	14	26.7142857142857
A_PB1	677	14	N	0	0	14	26.6428571428571
A_PB1	678	14	N	0	0	13	27.2307692307692
A_PB1	679	14	N	0	0	13	28.7692307692308
A_PB1	680	14	N	0	0	14	24.5714285714286
A_PB1	681	14	N	0	0	14	24.5714285714286
A_PB1	682	14	N	0	0	14	20.7142857142857
A_PB1	683	14	N	0	0	14	19.7857142857143
A_PB1	684	14	N	0	0	14	19
A_PB1	685	14	N	0	0	14	20.5714285714286
A_PB1	686	14	N	0	0	14	21.0714285714286
A_PB1	687	14	N	0	0	14	22.8571428571429
A_PB1	688	13	N	1	0	13	24.9230769230769
A_PB1	689	13	N	1	0	13	26.3076923076923
A_PB1	690	13	N	1	0	13	27.1538461538462
A_PB1	691	13	N	1	0	12	22.0833333333333
A_PB1	692	14	N	0	0	13	17.3076923076923
A_PB1	693	14	N	0	0	14	15.7857142857143
A_PB1	694	14	N	0	0	14	16.7857142857143
A_PB1	695	14	N	0	0	13	18.1538461538462
A_PB1	696	14	N	0	0	14	18.9285714285714
A_PB1	697	14	N	0	0	14	21.8571428571429
A_PB1	698	14	N	0	0	14	23.6428571428571
A_PB1	699	14	N	0	0	14	24.5
A_PB1	700	13	N	1	0	12	23
A_PB1	701	13	N	1	0	13	24.8461538461538
A_PB1	702	13	N	1	0	13	24.5384615384615
A_PB1	703	14	N	0	0	14	22.7857142857143
A_PB1	704	14	N	0	0	13	23.5384615384615
A_PB1	705	14	N	0	0	13	24.3076923076923
A_PB1	706	14	N	0	0	14	19.2142857142857
A_PB1	707	14	N	0	0	14	16.3571428571429
A_PB1	708	14	N	0	0	14	18.2142857142857
A_PB1	709	14	N	0	0	13	21.6923076923077
A_PB1	710	14	N	0	0	13	20
A_PB1	711	13	N	1	0	13	15.3846153846154
A_PB1	712	13	N	1	0	13	16.5384615384615
A_PB1	713	13	N	1	0	13	16.6923076923077
A_PB1	714	14	N	0	0	14	18.1428571428571
A_PB1	715	14	N	0	0	14	17.2142857142857
A_PB1	716	14	N	0	0	14	18.0714285714286
A_PB1	717	14	N	0	0	14	18.3571428571429
A_PB1	718	14	N	0	0	14	21.2857142857143
A_PB1	719	14	N	0	0	14	19.7142857142857
A_PB1	720	14	N	0	0	14	21.8571428571429
A_PB1	721	14	N	0	0	14	22.7142857142857
A_PB1	722	14	N	0	0	14	23.7142857142857
A_PB1	723	14	N	0	0	14	21.2142857142857
A_PB1	724	14	N	0	0	14	18
A_PB1	725	14	N	0	0	14	17.7857142857143
A_PB1	726	14	N	0	0	13	20.4615384615385
A_PB1	727	14	N	0	0	13	20.4615384615385
A_PB1	728	14	N	0	0	14	21.4285714285714
A_PB1	729	14	N	0	0	14	22
A_PB1	730	14	N	0	0	14	21.7857142857143
A_PB1	731	14	N	0	0	14	22.7857142857143
A_PB1	732	14	N	0	0	14	23.2857142857143
A_PB1	733	14	N	0	0	14	22
A_PB1	734	14	N	0	0	14	18
A_PB1	735	14	N	0	0	14	18.0714285714286
A_PB1	736	13	N	1	0	13	18.6153846153846
A_PB1	737	14	N	0	0	14	20.1428571428571
A_PB1	738	14	N	0	0	14	20.0714285714286
A_PB1	739	14	N	0	0	14	18.3571428571429
A_PB1	740	14	N	0	0	14	15.9285714285714
A_PB1	741	14	N	0	0	14	14.6428571428571
A_PB1	742	14	N	0	0	14	18.9285714285714
A_PB1	743	14	N	0	0	14	20.2857142857143
A_PB1	744	13	N	1	0	13	20
A_PB1	745	14	N	0	0	14	19.7857142857143
A_PB1	746	14	N	0	0	14	18.6428571428571
A_PB1	747	14	N	0	0	14	19.2857142857143
A_PB1	748	14	N	0	0	14	19.1428571428571
A_PB1	749	14	N	0	0	14	20.5714285714286
A_PB1	750	14	N	0	0	14	20.5
A_PB1	751	14	N	0	0	13	21.2307692307692
A_PB1	752	14	N	0	0	14	20.7857142857143
A_PB1	753	14	N	0	0	14	22.7857142857143
A_PB1	754	14	N	0	0	14	22.0714285714286
A_PB1	755	14	N	0	0	14	24.7142857142857
A_PB1	756	14	N	0	0	14	26.1428571428571
A_PB1	757	14	N	0	0	13	27.3846153846154
A_PB1	758	14	N	0	0	14	20.6428571428571
A_PB1	759	13	N	1	0	13	20.9230769230769
A_PB1	760	13	N	1	0	13	21.6153846153846
A_PB1	761	14	N	0	0	14	22.7142857142857
A_PB1	762	14	N	0	0	14	21.7142857142857
A_PB1	763	14	N	0	0	14	22.4285714285714
A_PB1	764	14	N	0	0	14	23.1428571428571
A_PB1	765	14	N	0	0	14	22.6428571428571
A_PB1	766	14	N	0	0	14	21.5714285714286
A_PB1	767	14	N	0	0	14	22
A_PB1	768	14	N	0	0	14	22.3571428571429
A_PB1	769	14	N	0	0	14	20.5
A_PB1	770	14	N	0	0	14	20.2142857142857
A_PB1	771	14	N	0	0	14	18.7142857142857
A_PB1	772	14	N	0	0	14	17.5
A_PB1	773	14	N	0	0	14	18.8571428571429
A_PB1	774	14	N	0	0	13	21.0769230769231
A_PB1	775	14	N	0	0	13	22.6153846153846
A_PB1	776	13	N	1	0	13	25.3076923076923
A_PB1	777	14	N	0	0	14	24.5714285714286
A_PB1	778	14	N	0	0	14	24.5714285714286
A_PB1	779	14	N	0	0	14	23.3571428571429
A_PB1	780	14	N	0	0	12	23.4166666666667
A_PB1	781	14	N	0	0	13	24.3846153846154
A_PB1	782	14	N	0	0	12	21.6666666666667
A_PB1	783	14	N	0	0	14	16.7857142857143
A_PB1	784	14	N	0	0	14	17.6428571428571
A_PB1	785	13	N	1	0	13	17.9230769230769
A_PB1	786	13	N	1	0	13	21.3846153846154
A_PB1	787	13	N	1	0	12	22.4166666666667
A_PB1	788	14	N	0	0	13	21.3076923076923
A_PB1	789	14	N	0	0	13	19.8461538461538
A_PB1	790	13	N	1	0	12	20.3333333333333
A_PB1	791	14	N	0	0	14	18.5
A_PB1	792	14	N	0	0	14	20
A_PB1	793	14	N	0	0	13	22.6923076923077
A_PB1	794	14	N	0	0	14	22.8571428571429
A_PB1	795	14	N	0	0	14	22
A_PB1	796	14	N	0	0	14	25.7857142857143
A_PB1	797	14	N	0	0	14	25.5714285714286
A_PB1	798	14	N	0	0	14	25.0714285714286
A_PB1	799	14	N	0	0	13	26.0769230769231
A_PB1	800	14	N	0	0	14	20.5714285714286
A_PB1	801	14	N	0	0	14	19.5714285714286
A_PB1	802	14	N	0	0	14	18.2142857142857
A_PB1	803	14	N	0	0	13	16
A_PB1	804	14	N	0	0	13	16
A_PB1	805	14	N	0	0	14	17.1428571428571
A_PB1	806	14	N	0	0	14	17.8571428571429
A_PB1	807	13	N	1	0	13	17.3846153846154
A_PB1	808	13	N	1	0	13	20.5384615384615
A_PB1	809	13	N	1	0	13	22.1538461538462
A_PB1	810	14	N	0	0	13	22.5384615384615
A_PB1	811	14	N	0	0	13	22.3846153846154
A_PB1	812	14	N	0	0	13	22.9230769230769
A_PB1	813	14	N	0	0	14	19
A_PB1	814	14	N	0	0	14	17
A_PB1	815	14	N	0	0	14	18.0714285714286
A_PB1	816	14	N	0	0	14	18.7857142857143
A_PB1	817	14	N	0	0	14	19
A_PB1	818	14	N	0	0	14	20.7142857142857
A_PB1	819	12	N	2	0	12	22.1666666666667
A_PB1	820	14	N	0	0	14	21.1428571428571
A_PB1	821	14	N	0	0	14	21.4285714285714
A_PB1	822	14	N	0	0	13	21.6923076923077
A_PB1	823	13	N	1	0	13	20.8461538461538
A_PB1	824	14	N	0	0	14	20.9285714285714
A_PB1	825	14	N	0	0	14	22.3571428571429
A_PB1	826	14	N	0	0	14	23.1428571428571
A_PB1	827	14	N	0	0	14	22.5
A_PB1	828	14	N	0	0	13	22.3846153846154
A_PB1	829	13	N	1	0	13	21.4615384615385
A_PB1	830	12	N	2	0	11	21.9090909090909
A_PB1	831	10	N	4	0	10	24.1
A_PB1	832	11	N	2	0	11	25.6363636363636
A_PB1	833	10	N	2	0	10	25.2
A_PB1	834	10	N	2	0	10	23.3
A_PB1	835	12	N	0	0	12	22.5
A_PB1	836	11	N	1	0	11	20.9090909090909
A_PB1	837	11	N	1	0	11	20.8181818181818
A_PB1	838	11	N	1	0	11	19.0909090909091
A_PB1	839	12	N	0	0	12	18
A_PB1	840	12	N	0	0	12	16.8333333333333
A_PB1	841	12	N	0	0	12	18.1666666666667
A_PB1	842	12	N	0	0	12	21.3333333333333
A_PB1	843	11	N	1	0	10	21.1
A_PB1	844	11	N	1	0	10	21.6
A_PB1	845	11	N	1	0	10	23.5
A_PB1	846	12	N	0	0	12	24.75
A_PB1	847	12	N	0	0	12	25.5833333333333
A_PB1	848	12	N	0	0	12	24.9166666666667
A_PB1	849	12	N	0	0	12	31.0833333333333
A_PB1	850	12	N	0	0	11	26.2727272727273
A_PB1	851	12	N	0	0	11	27.4545454545455
A_PB1	852	12	N	0	0	10	27
A_PB1	853	12	N	0	0	9	24.1111111111111
A_PB1	854	12	N	0	0	12	22.3333333333333
A_PB1	855	12	N	0	0	11	20
A_PB1	856	11	N	1	0	11	22.5454545454545
A_PB1	857	11	N	1	0	11	22.6363636363636
A_PB1	858	12	N	0	0	12	26.1666666666667
A_PB1	859	12	N	0	0	11	23.7272727272727
A_PB1	860	12	N	0	0	12	25.75
A_PB1	861	12	N	0	0	12	26.0833333333333
A_PB1	862	12	N	0	0	12	25.8333333333333
A_PB1	863	12	N	0	0	12	27.8333333333333
A_PB1	864	12	N	0	0	12	28
A_PB1	865	12	N	0	0	12	25.9166666666667
A_PB1	866	12	N	0	0	12	24.6666666666667
A_PB1	867	12	N	0	0	11	23.6363636363636
A_PB1	868	11	N	1	0	11	21
A_PB1	869	12	N	0	0	12	23.0833333333333
A_PB1	870	12	N	0	0	12	21.4166666666667
A_PB1	871	12	N	0	0	12	22.5
A_PB1	872	12	N	0	0	12	23.75
A_PB1	873	12	N	0	0	12	22.1666666666667
A_PB1	874	12	N	0	0	12	22.4166666666667
A_PB1	875	12	N	0	0	12	22.25
A_PB1	876	12	N	0	0	12	19.75
A_PB1	877	12	N	0	0	12	23.4166666666667
A_PB1	878	12	N	0	0	12	22.25
A_PB1	879	12	N	0	0	12	22.3333333333333
A_PB1	880	12	N	0	0	12	25.9166666666667
A_PB1	881	12	N	0	0	12	26.5833333333333
A_PB1	882	12	N	0	0	12	29.8333333333333
A_PB1	883	12	N	0	0	12	25.0833333333333
A_PB1	884	12	N	0	0	12	23.0833333333333
A_PB1	885	12	N	0	0	12	23.1666666666667
A_PB1	886	12	N	0	0	12	18.6666666666667
A_PB1	887	12	N	0	0	12	18.8333333333333
A_PB1	888	12	N	0	0	12	19.4166666666667
A_PB1	889	12	N	0	0	12	20.4166666666667
A_PB1	890	12	N	0	0	12	22.1666666666667
A_PB1	891	12	N	0	0	12	23.75
A_PB1	892	12	N	0	0	12	22.8333333333333
A_PB1	893	12	N	0	0	12	23.25
A_PB1	894	12	N	0	0	11	23.4545454545455
A_PB1	895	12	N	0	0	12	20.25
A_PB1	896	12	N	0	0	12	19.5
