Reference_Name	Position	Coverage Depth	Consensus	Deletions	Ambiguous	Consensus_Count	Consensus_Average_Quality
A_PB2	1	29	N	0	0	29	26.2413793103448
A_PB2	2	29	N	0	0	29	27.0689655172414
A_PB2	3	29	N	0	0	29	27.2413793103448
A_PB2	4	29	N	0	0	29	25.5172413793103
A_PB2	5	27	N	2	0	27	25.2222222222222
A_PB2	6	29	N	0	0	27	28.0740740740741
A_PB2	7	29	N	0	0	29	29.7241379310345
A_PB2	8	29	N	0	0	28	27.7857142857143
A_PB2	9	29	N	0	0	29	25.4827586206897
A_PB2	10	29	N	0	0	29	25.6896551724138
A_PB2	11	29	N	0	0	29	25.1379310344828
A_PB2	12	26	N	3	0	26	27.2307692307692
A_PB2	13	27	N	2	0	27	27.4814814814815
A_PB2	14	29	N	0	0	29	27.0344827586207
A_PB2	15	28	N	1	0	28	28.6428571428571
A_PB2	16	27	N	2	0	27	31.5185185185185
A_PB2	17	29	N	0	0	29	25.0689655172414
A_PB2	18	29	N	0	0	27	25.7407407407407
A_PB2	19	29	N	0	0	27	23.2962962962963
A_PB2	20	29	N	0	0	28	23.3214285714286
A_PB2	21	29	N	0	0	27	22.3333333333333
A_PB2	22	29	N	0	0	26	22.2307692307692
A_PB2	23	28	N	1	0	26	19.9230769230769
A_PB2	24	29	N	0	0	29	19.0344827586207
A_PB2	25	29	N	0	0	29	19.8965517241379
A_PB2	26	29	N	0	0	28	22.1785714285714
A_PB2	27	29	N	0	0	29	25.2068965517241
A_PB2	28	29	N	0	0	29	27.8620689655172
A_PB2	29	28	N	1	0	28	26.8571428571429
A_PB2	30	28	N	1	0	26	25.8461538461538
A_PB2	31	29	N	0	0	29	26
A_PB2	32	29	N	0	0	29	26.448275862069
A_PB2	33	28	N	1	0	28	27.4642857142857
A_PB2	34	28	N	1	0	28	27.6071428571429
A_PB2	35	28	N	1	0	28	25.4642857142857
A_PB2	36	29	N	0	0	27	22.2592592592593
A_PB2	37	29	N	0	0	27	21.7407407407407
A_PB2	38	28	N	1	0	25	21.8
A_PB2	39	28	N	1	0	26	21.3461538461538
A_PB2	40	28	N	1	0	28	21.4642857142857
A_PB2	41	29	N	0	0	29	21.7931034482759
A_PB2	42	29	N	0	0	27	22.0740740740741
A_PB2	43	28	N	1	0	28	23.8928571428571
A_PB2	44	28	N	1	0	26	22.9230769230769
A_PB2	45	29	N	0	0	29	20.1379310344828
A_PB2	46	29	N	0	0	28	18.6071428571429
A_PB2	47	29	N	0	0	28	18.75
A_PB2	48	29	N	0	0	26	20.1153846153846
A_PB2	49	29	N	0	0	28	20.5357142857143
A_PB2	50	29	N	0	0	29	17.448275862069
A_PB2	51	29	N	0	0	29	17.8275862068966
A_PB2	52	29	N	0	0	29	16.9655172413793
A_PB2	53	28	N	1	0	28	17.5714285714286
A_PB2	54	29	N	0	0	28	17.2142857142857
A_PB2	55	29	N	0	0	29	18.1034482758621
A_PB2	56	28	N	1	0	28	19.2857142857143
A_PB2	57	28	N	1	0	28	20.5357142857143
A_PB2	58	28	N	1	0	28	22
A_PB2	59	29	N	0	0	29	20
A_PB2	60	29	N	0	0	26	19.6153846153846
A_PB2	61	29	N	0	0	29	20.8620689655172
A_PB2	62	29	N	0	0	29	22.4137931034483
A_PB2	63	26	N	3	0	25	24.64
A_PB2	64	28	N	1	0	28	25.1071428571429
A_PB2	65	29	N	0	0	29	26.8965517241379
A_PB2	66	29	N	0	0	28	32.2857142857143
A_PB2	67	29	N	0	0	29	28.1724137931034
A_PB2	68	28	N	1	0	28	24.6428571428571
A_PB2	69	29	N	0	0	27	23
A_PB2	70	29	N	0	0	29	21.7241379310345
A_PB2	71	29	N	0	0	29	21.6896551724138
A_PB2	72	29	N	0	0	27	20.6666666666667
A_PB2	73	29	N	0	0	28	21.5
A_PB2	74	29	N	0	0	29	21
A_PB2	75	29	N	0	0	29	21.7586206896552
A_PB2	76	30	N	0	0	30	22.7333333333333
A_PB2	77	30	N	0	0	30	24.5333333333333
A_PB2	78	29	N	1	0	29	24.7241379310345
A_PB2	79	30	N	0	0	30	23.8333333333333
A_PB2	80	30	N	0	0	30	23.8333333333333
A_PB2	81	30	N	0	0	30	23.8
A_PB2	82	29	N	1	0	29	25.1724137931034
A_PB2	83	29	N	1	0	28	29.6428571428571
A_PB2	84	29	N	1	0	29	25.7586206896552
A_PB2	85	30	N	0	0	29	24.4827586206897
A_PB2	86	30	N	0	0	30	24.4666666666667
A_PB2	87	30	N	0	0	29	23.4137931034483
A_PB2	88	30	N	0	0	29	22.3103448275862
A_PB2	89	30	N	0	0	30	21.9666666666667
A_PB2	90	30	N	0	0	27	22.5185185185185
A_PB2	91	30	N	0	0	30	20.3666666666667
A_PB2	92	30	N	0	0	30	20.7333333333333
A_PB2	93	29	N	1	0	28	23.6785714285714
A_PB2	94	26	N	4	0	26	23.5
A_PB2	95	26	N	4	0	26	21.1153846153846
A_PB2	96	25	N	5	0	22	20.3181818181818
A_PB2	97	29	N	1	0	29	23.2068965517241
A_PB2	98	30	N	0	0	30	19.2
A_PB2	99	30	N	0	0	28	19.1428571428571
A_PB2	100	29	N	1	0	27	19.3703703703704
A_PB2	101	28	N	2	0	27	20.6296296296296
A_PB2	102	29	N	1	0	28	22.0714285714286
A_PB2	103	30	N	0	0	29	21.8620689655172
A_PB2	104	29	N	1	0	26	26.9230769230769
A_PB2	105	29	N	1	0	29	22.1034482758621
A_PB2	106	27	N	3	0	26	24.1153846153846
A_PB2	107	27	N	3	0	25	27.04
A_PB2	108	25	N	5	0	24	20.5416666666667
A_PB2	109	20	N	10	0	20	18.95
A_PB2	110	26	N	4	0	26	16.6923076923077
A_PB2	111	29	N	1	0	28	16.1785714285714
A_PB2	112	30	N	0	0	30	16.6
A_PB2	113	30	N	0	0	29	20.8620689655172
A_PB2	114	30	N	0	0	28	19.8928571428571
A_PB2	115	30	N	0	0	30	20.6666666666667
A_PB2	116	30	N	0	0	27	20.0740740740741
A_PB2	117	30	N	0	0	28	18
A_PB2	118	29	N	1	0	28	17.9285714285714
A_PB2	119	27	N	3	0	25	16.48
A_PB2	120	28	N	2	0	27	22.3333333333333
A_PB2	121	30	N	0	0	30	23.1
A_PB2	122	30	N	0	0	30	21.0666666666667
A_PB2	123	30	N	0	0	30	22.4
A_PB2	124	30	N	0	0	30	20.0333333333333
A_PB2	125	29	N	1	0	28	22.75
A_PB2	126	28	N	2	0	28	20.7857142857143
A_PB2	127	28	N	2	0	28	21.75
A_PB2	128	30	N	0	0	28	19.3214285714286
A_PB2	129	30	N	0	0	28	19.9642857142857
A_PB2	130	30	N	0	0	29	20.3793103448276
A_PB2	131	30	N	0	0	30	21.3333333333333
A_PB2	132	29	N	1	0	28	21
A_PB2	133	30	N	0	0	30	19.2
A_PB2	134	30	N	0	0	30	18.7666666666667
A_PB2	135	30	N	0	0	29	20.0344827586207
A_PB2	136	30	N	0	0	29	21.2758620689655
A_PB2	137	30	N	0	0	30	20.8333333333333
A_PB2	138	30	N	0	0	29	23.8965517241379
A_PB2	139	30	N	0	0	30	22.0666666666667
A_PB2	140	30	N	0	0	30	23.9666666666667
A_PB2	141	30	N	0	0	30	23.3333333333333
A_PB2	142	30	N	0	0	30	23.0666666666667
A_PB2	143	30	N	0	0	30	23.0666666666667
A_PB2	144	29	N	1	0	28	26.9285714285714
A_PB2	145	29	N	1	0	29	25.6206896551724
A_PB2	146	29	N	1	0	28	27.5357142857143
A_PB2	147	30	N	0	0	30	25.7666666666667
A_PB2	148	30	N	0	0	30	25.8666666666667
A_PB2	149	30	N	0	0	29	25.7931034482759
A_PB2	150	30	N	0	0	30	24.2666666666667
A_PB2	151	30	N	0	0	29	24.5172413793103
A_PB2	152	30	N	0	0	30	23.8666666666667
A_PB2	153	30	N	0	0	29	22.6206896551724
A_PB2	154	30	N	0	0	30	22.5333333333333
A_PB2	155	30	N	0	0	30	22.9
A_PB2	156	30	N	0	0	30	23.3666666666667
A_PB2	157	30	N	0	0	29	25.3448275862069
A_PB2	158	30	N	0	0	30	26.2666666666667
A_PB2	159	29	N	1	0	29	27
A_PB2	160	30	N	0	0	30	24.9666666666667
A_PB2	161	30	N	0	0	29	24.8620689655172
A_PB2	162	30	N	0	0	29	29
A_PB2	163	30	N	0	0	30	27.4333333333333
A_PB2	164	30	N	0	0	30	28
A_PB2	165	29	N	0	0	18	28.1111111111111
A_PB2	166	29	N	0	0	29	26.2758620689655
A_PB2	167	29	N	0	0	19	22.7894736842105
A_PB2	168	29	N	0	0	26	21.6923076923077
A_PB2	169	29	N	0	0	29	21.8275862068966
A_PB2	170	29	N	0	0	18	24.1111111111111
A_PB2	171	29	N	0	0	29	23.5862068965517
A_PB2	172	28	N	0	0	27	24.7777777777778
A_PB2	173	18	N	0	0	18	25.0555555555556
A_PB2	174	18	N	0	0	15	25.8666666666667
A_PB2	175	18	N	0	0	17	25.1176470588235
A_PB2	176	18	N	0	0	17	25.2352941176471
A_PB2	177	18	N	0	0	14	25.3571428571429
A_PB2	178	18	N	0	0	17	22.6470588235294
A_PB2	179	18	N	0	0	18	23
A_PB2	180	18	N	0	0	17	23.8823529411765
A_PB2	181	18	N	0	0	18	22.5
A_PB2	182	18	N	0	0	17	25.2352941176471
A_PB2	183	18	N	0	0	16	17.8125
A_PB2	184	18	N	0	0	17	20.8823529411765
A_PB2	185	18	N	0	0	18	19.1666666666667
A_PB2	186	18	N	0	0	16	18.8125
A_PB2	187	18	N	0	0	17	18
A_PB2	188	18	N	0	0	18	19.0555555555556
A_PB2	189	17	N	1	0	17	20.1764705882353
A_PB2	190	18	N	0	0	17	19.5294117647059
A_PB2	191	18	N	0	0	16	20.0625
A_PB2	192	18	N	0	0	16	17.4375
A_PB2	193	18	N	0	0	18	16.9444444444444
A_PB2	194	18	N	0	0	18	18.3333333333333
A_PB2	195	18	N	0	0	17	20.4705882352941
A_PB2	196	18	N	0	0	18	24.8333333333333
A_PB2	197	18	N	0	0	18	24.5555555555556
A_PB2	198	18	N	0	0	17	27
A_PB2	199	18	N	0	0	16	29.25
A_PB2	200	18	N	0	0	18	29.3888888888889
A_PB2	201	18	N	0	0	17	29.0588235294118
A_PB2	202	16	N	2	0	16	29.9375
A_PB2	203	18	N	0	0	18	26.1111111111111
A_PB2	204	18	N	0	0	15	23.0666666666667
A_PB2	205	18	N	0	0	17	24.4705882352941
A_PB2	206	18	N	0	0	18	22.5
A_PB2	207	18	N	0	0	18	19.6111111111111
A_PB2	208	18	N	0	0	18	26.1666666666667
A_PB2	209	18	N	0	0	18	44.2777777777778
A_PB2	210	17	N	1	0	16	42.875
A_PB2	211	18	N	0	0	17	30.5294117647059
A_PB2	212	18	N	0	0	17	26.1764705882353
A_PB2	213	18	N	0	0	17	25.1176470588235
A_PB2	214	18	N	0	0	18	26.2777777777778
A_PB2	215	18	N	0	0	18	25.9444444444444
A_PB2	216	18	N	0	0	15	23.2666666666667
A_PB2	217	18	N	0	0	18	24.8888888888889
A_PB2	218	17	N	1	0	17	24.5294117647059
A_PB2	219	18	N	0	0	18	21.2777777777778
A_PB2	220	18	N	0	0	17	18.8823529411765
A_PB2	221	18	N	0	0	18	18.6666666666667
A_PB2	222	18	N	0	0	14	17.5714285714286
A_PB2	223	18	N	0	0	18	18.9444444444444
A_PB2	224	17	N	1	0	17	20.3529411764706
A_PB2	225	18	N	0	0	18	21.7777777777778
A_PB2	226	18	N	0	0	17	23.7058823529412
A_PB2	227	18	N	0	0	18	22.1666666666667
A_PB2	228	18	N	0	0	15	22.2666666666667
A_PB2	229	18	N	0	0	18	21.8888888888889
A_PB2	230	18	N	0	0	18	25.6111111111111
A_PB2	231	18	N	0	0	15	27.4666666666667
A_PB2	232	18	N	0	0	17	21.8235294117647
A_PB2	233	16	N	2	0	16	22.3125
A_PB2	234	18	N	0	0	18	20.3333333333333
A_PB2	235	18	N	0	0	18	18.9444444444444
A_PB2	236	18	N	0	0	17	19.2352941176471
A_PB2	237	17	N	1	0	16	19.9375
A_PB2	238	18	N	0	0	17	20.3529411764706
A_PB2	239	18	N	0	0	18	26.2777777777778
A_PB2	240	18	N	0	0	18	27.0555555555556
A_PB2	241	18	N	0	0	18	30.9444444444444
A_PB2	242	18	N	0	0	18	25.6111111111111
A_PB2	243	18	N	0	0	17	20.8823529411765
A_PB2	244	17	N	1	0	16	18.8125
A_PB2	245	18	N	0	0	17	16.9411764705882
A_PB2	246	18	N	0	0	17	17.3529411764706
A_PB2	247	18	N	0	0	18	19.7777777777778
A_PB2	248	18	N	0	0	18	23.1666666666667
A_PB2	249	18	N	0	0	18	24.8888888888889
A_PB2	250	17	N	1	0	17	26.0588235294118
A_PB2	251	16	N	2	0	16	25.625
A_PB2	252	17	N	1	0	13	22.3846153846154
A_PB2	253	17	N	1	0	16	22.1875
A_PB2	254	18	N	0	0	18	20.0555555555556
A_PB2	255	18	N	0	0	16	20.4375
A_PB2	256	18	N	0	0	18	23
A_PB2	257	18	N	0	0	18	22
A_PB2	258	18	N	0	0	15	19.5333333333333
A_PB2	259	18	N	0	0	18	18.7222222222222
A_PB2	260	18	N	0	0	17	19.9411764705882
A_PB2	261	18	N	0	0	17	20.1764705882353
A_PB2	262	18	N	0	0	16	22.75
A_PB2	263	18	N	0	0	17	25
A_PB2	264	18	N	0	0	15	23.7333333333333
A_PB2	265	18	N	0	0	17	24.9411764705882
A_PB2	266	18	N	0	0	18	25.2222222222222
A_PB2	267	18	N	0	0	18	33.2222222222222
A_PB2	268	18	N	0	0	18	23.7777777777778
A_PB2	269	18	N	0	0	18	25.0555555555556
A_PB2	270	18	N	0	0	18	25.5555555555556
A_PB2	271	18	N	0	0	18	23
A_PB2	272	18	N	0	0	18	23.2777777777778
A_PB2	273	18	N	0	0	18	22.4444444444444
A_PB2	274	18	N	0	0	18	21.7777777777778
A_PB2	275	18	N	0	0	18	21.8888888888889
A_PB2	276	18	N	0	0	18	22.2222222222222
A_PB2	277	18	N	0	0	18	20.8333333333333
A_PB2	278	18	N	0	0	18	20.5
A_PB2	279	18	N	0	0	18	21.7222222222222
A_PB2	280	18	N	0	0	16	22.25
A_PB2	281	18	N	0	0	17	25.4117647058824
A_PB2	282	18	N	0	0	18	24.3333333333333
A_PB2	283	17	N	1	0	17	24.8823529411765
A_PB2	284	17	N	1	0	17	25.5294117647059
A_PB2	285	18	N	0	0	17	23.7647058823529
A_PB2	286	18	N	0	0	17	24.3529411764706
A_PB2	287	18	N	0	0	18	23.2777777777778
A_PB2	288	18	N	0	0	15	20.9333333333333
A_PB2	289	18	N	0	0	18	22.2222222222222
A_PB2	290	18	N	0	0	18	23.3888888888889
A_PB2	291	18	N	0	0	18	23.7222222222222
A_PB2	292	18	N	0	0	18	28.1666666666667
A_PB2	293	18	N	0	0	18	24.8333333333333
A_PB2	294	18	N	0	0	18	23.5
A_PB2	295	18	N	0	0	18	24.7777777777778
A_PB2	296	18	N	0	0	18	26.0555555555556
A_PB2	297	18	N	0	0	18	25.1111111111111
A_PB2	298	18	N	0	0	18	26.0555555555556
A_PB2	299	18	N	0	0	18	26.8333333333333
A_PB2	300	18	N	0	0	18	22.9444444444444
A_PB2	301	17	N	1	0	17	21.1176470588235
A_PB2	302	18	N	0	0	17	19.5882352941176
A_PB2	303	17	N	1	0	14	18.6428571428571
A_PB2	304	18	N	0	0	17	21.0588235294118
A_PB2	305	18	N	0	0	16	26.5
A_PB2	306	18	N	0	0	18	24
A_PB2	307	18	N	0	0	18	25.1666666666667
A_PB2	308	18	N	0	0	18	23.7222222222222
A_PB2	309	18	N	0	0	15	24.4
A_PB2	310	18	N	0	0	18	24.7777777777778
A_PB2	311	18	N	0	0	18	24.1111111111111
A_PB2	312	18	N	0	0	16	24.8125
A_PB2	313	18	N	0	0	16	25.5
A_PB2	314	18	N	0	0	17	25
A_PB2	315	18	N	0	0	17	25.8823529411765
A_PB2	316	18	N	0	0	18	27.4444444444444
A_PB2	317	18	N	0	0	18	27
A_PB2	318	18	N	0	0	18	26.5
A_PB2	319	18	N	0	0	18	25.8888888888889
A_PB2	320	18	N	0	0	16	24.1875
A_PB2	321	18	N	0	0	17	25
A_PB2	322	18	N	0	0	18	24.6666666666667
A_PB2	323	18	N	0	0	18	22.8333333333333
A_PB2	324	18	N	0	0	17	19.4117647058824
A_PB2	325	18	N	0	0	18	18.8888888888889
A_PB2	326	18	N	0	0	18	18.8888888888889
A_PB2	327	18	N	0	0	15	21.4
A_PB2	328	18	N	0	0	17	24.7058823529412
A_PB2	329	17	N	1	0	17	25.3529411764706
A_PB2	330	17	N	1	0	17	25.9411764705882
A_PB2	331	18	N	0	0	18	26.6666666666667
A_PB2	332	18	N	0	0	17	26.8235294117647
A_PB2	333	18	N	0	0	15	28.7333333333333
A_PB2	334	18	N	0	0	18	26.3333333333333
A_PB2	335	18	N	0	0	18	20.2777777777778
A_PB2	336	16	N	2	0	15	21.5333333333333
A_PB2	337	17	N	1	0	17	23.1764705882353
A_PB2	338	17	N	1	0	17	26.9411764705882
A_PB2	339	17	N	1	0	16	32.3125
A_PB2	340	18	N	0	0	15	29.2666666666667
A_PB2	341	18	N	0	0	17	25.3529411764706
A_PB2	342	18	N	0	0	14	24.9285714285714
A_PB2	343	18	N	0	0	18	20.9444444444444
A_PB2	344	17	N	1	0	17	22.2352941176471
A_PB2	345	17	N	1	0	16	22
A_PB2	346	17	N	1	0	17	19.5294117647059
A_PB2	347	18	N	0	0	18	20.2222222222222
A_PB2	348	18	N	0	0	18	21.7777777777778
A_PB2	349	18	N	0	0	18	29.0555555555556
A_PB2	350	18	N	0	0	18	23.8888888888889
A_PB2	351	18	N	0	0	18	22.5
A_PB2	352	17	N	1	0	17	22.8823529411765
A_PB2	353	17	N	1	0	17	22.6470588235294
A_PB2	354	18	N	0	0	17	23.4117647058824
A_PB2	355	18	N	0	0	17	27.3529411764706
A_PB2	356	18	N	0	0	17	31.5882352941176
A_PB2	357	18	N	0	0	17	29
A_PB2	358	18	N	0	0	18	26.5
A_PB2	359	18	N	0	0	18	26.4444444444444
A_PB2	360	17	N	1	0	14	22.4285714285714
A_PB2	361	18	N	0	0	18	21.8333333333333
A_PB2	362	18	N	0	0	18	23
A_PB2	363	18	N	0	0	17	26.7647058823529
A_PB2	364	18	N	0	0	18	26.5
A_PB2	365	18	N	0	0	18	24.5555555555556
A_PB2	366	18	N	0	0	18	23
A_PB2	367	18	N	0	0	18	18.6111111111111
A_PB2	368	17	N	1	0	17	19.4117647058824
A_PB2	369	18	N	0	0	18	21.0555555555556
A_PB2	370	18	N	0	0	18	20.2222222222222
A_PB2	371	18	N	0	0	18	22.1666666666667
A_PB2	372	18	N	0	0	18	22.4444444444444
A_PB2	373	18	N	0	0	18	24.6666666666667
A_PB2	374	18	N	0	0	18	20.2222222222222
A_PB2	375	17	N	1	0	14	22.0714285714286
A_PB2	376	18	N	0	0	18	23
A_PB2	377	18	N	0	0	18	24.4444444444444
A_PB2	378	18	N	0	0	18	30.6666666666667
A_PB2	379	18	N	0	0	18	27.3333333333333
A_PB2	380	18	N	0	0	18	25.1666666666667
A_PB2	381	18	N	0	0	17	24.9411764705882
A_PB2	382	18	N	0	0	17	24.4705882352941
A_PB2	383	18	N	0	0	18	24
A_PB2	384	18	N	0	0	16	23.375
A_PB2	385	18	N	0	0	17	24.7058823529412
A_PB2	386	18	N	0	0	18	23.7222222222222
A_PB2	387	18	N	0	0	17	23.0588235294118
A_PB2	388	18	N	0	0	17	23.2941176470588
A_PB2	389	18	N	0	0	17	24.5294117647059
A_PB2	390	18	N	0	0	17	24.5882352941176
A_PB2	391	18	N	0	0	18	24
A_PB2	392	18	N	0	0	18	22.6111111111111
A_PB2	393	17	N	1	0	17	22.5882352941176
A_PB2	394	17	N	1	0	17	21
A_PB2	395	18	N	0	0	17	19.4705882352941
A_PB2	396	17	N	1	0	17	21.7058823529412
A_PB2	397	18	N	0	0	15	27.7333333333333
A_PB2	398	18	N	0	0	17	27.4705882352941
A_PB2	399	18	N	0	0	18	24.1666666666667
A_PB2	400	18	N	0	0	18	22.7222222222222
A_PB2	401	18	N	0	0	18	22.5
A_PB2	402	12	N	6	0	11	25.4545454545455
A_PB2	403	18	N	0	0	18	24.6111111111111
A_PB2	404	18	N	0	0	18	26.0555555555556
A_PB2	405	18	N	0	0	16	21.375
A_PB2	406	18	N	0	0	18	20.8888888888889
A_PB2	407	18	N	0	0	18	19
A_PB2	408	18	N	0	0	18	18.8888888888889
A_PB2	409	18	N	0	0	18	19.7777777777778
A_PB2	410	18	N	0	0	18	21.3888888888889
A_PB2	411	17	N	1	0	16	22.4375
A_PB2	412	18	N	0	0	18	21.9444444444444
A_PB2	413	18	N	0	0	18	21.1666666666667
A_PB2	414	18	N	0	0	18	19.6666666666667
A_PB2	415	18	N	0	0	17	19.4705882352941
A_PB2	416	18	N	0	0	18	19.4444444444444
A_PB2	417	17	N	1	0	15	22.9333333333333
A_PB2	418	18	N	0	0	18	18.1666666666667
A_PB2	419	18	N	0	0	18	20.8888888888889
A_PB2	420	18	N	0	0	18	23.7777777777778
A_PB2	421	18	N	0	0	18	30.1666666666667
A_PB2	422	18	N	0	0	17	28.6470588235294
A_PB2	423	18	N	0	0	18	27.6111111111111
A_PB2	424	17	N	1	0	16	23.375
A_PB2	425	17	N	1	0	16	23.3125
A_PB2	426	18	N	0	0	15	24.6
A_PB2	427	18	N	0	0	14	22.7142857142857
A_PB2	428	18	N	0	0	17	22.7058823529412
A_PB2	429	18	N	0	0	17	20.7647058823529
A_PB2	430	18	N	0	0	18	19.1666666666667
A_PB2	431	18	N	0	0	17	20.5294117647059
A_PB2	432	17	N	1	0	16	20.5625
A_PB2	433	18	N	0	0	18	19.1666666666667
A_PB2	434	18	N	0	0	18	18.1666666666667
A_PB2	435	18	N	0	0	16	19.4375
A_PB2	436	18	N	0	0	18	24.2222222222222
A_PB2	437	18	N	0	0	16	29
A_PB2	438	18	N	0	0	16	23.4375
A_PB2	439	18	N	0	0	18	23.8888888888889
A_PB2	440	18	N	0	0	15	19
A_PB2	441	18	N	0	0	17	21.4705882352941
A_PB2	442	18	N	0	0	18	22.2222222222222
A_PB2	443	18	N	0	0	18	23.0555555555556
A_PB2	444	18	N	0	0	14	31
A_PB2	445	18	N	0	0	18	25.9444444444444
A_PB2	446	18	N	0	0	18	21.8333333333333
A_PB2	447	18	N	0	0	18	20.6111111111111
A_PB2	448	18	N	0	0	18	20.6666666666667
A_PB2	449	18	N	0	0	18	20.4444444444444
A_PB2	450	18	N	0	0	17	21.7058823529412
A_PB2	451	18	N	0	0	18	22.6666666666667
A_PB2	452	18	N	0	0	17	22.8823529411765
A_PB2	453	18	N	0	0	18	24.0555555555556
A_PB2	454	18	N	0	0	17	23.3529411764706
A_PB2	455	18	N	0	0	17	23.9411764705882
A_PB2	456	18	N	0	0	18	23
A_PB2	457	18	N	0	0	18	21.6111111111111
A_PB2	458	18	N	0	0	17	23.4117647058824
A_PB2	459	18	N	0	0	17	22.7058823529412
A_PB2	460	18	N	0	0	18	22.6666666666667
A_PB2	461	18	N	0	0	18	24.1111111111111
A_PB2	462	18	N	0	0	18	24.2777777777778
A_PB2	463	18	N	0	0	17	22.6470588235294
A_PB2	464	18	N	0	0	18	21.8888888888889
A_PB2	465	18	N	0	0	18	22.8888888888889
A_PB2	466	18	N	0	0	18	22.6666666666667
A_PB2	467	18	N	0	0	18	27.3333333333333
A_PB2	468	18	N	0	0	18	23.5
A_PB2	469	17	N	1	0	17	22
A_PB2	470	17	N	1	0	16	20.1875
A_PB2	471	16	N	2	0	14	20.7857142857143
A_PB2	472	16	N	2	0	16	21
A_PB2	473	17	N	1	0	16	21.1875
A_PB2	474	18	N	0	0	17	21.0588235294118
A_PB2	475	18	N	0	0	17	18.5294117647059
A_PB2	476	17	N	1	0	16	17.6875
A_PB2	477	16	N	2	0	14	19.4285714285714
A_PB2	478	17	N	1	0	14	21.9285714285714
A_PB2	479	17	N	1	0	14	20.5714285714286
A_PB2	480	17	N	1	0	15	17.0666666666667
A_PB2	481	18	N	0	0	18	15.6111111111111
A_PB2	482	18	N	0	0	18	16.2777777777778
A_PB2	483	17	N	1	0	17	21.7058823529412
A_PB2	484	17	N	1	0	17	22.5882352941176
A_PB2	485	18	N	0	0	17	21.1764705882353
A_PB2	486	18	N	0	0	17	21.3529411764706
A_PB2	487	17	N	1	0	17	23
A_PB2	488	17	N	1	0	17	25.0588235294118
A_PB2	489	17	N	1	0	14	28.4285714285714
A_PB2	490	18	N	0	0	17	25.1176470588235
A_PB2	491	18	N	0	0	17	24.3529411764706
A_PB2	492	18	N	0	0	18	23.2777777777778
A_PB2	493	18	N	0	0	18	22.3888888888889
A_PB2	494	17	N	1	0	17	20.2941176470588
A_PB2	495	18	N	0	0	18	21.6666666666667
A_PB2	496	18	N	0	0	18	20.1111111111111
A_PB2	497	18	N	0	0	18	20.6111111111111
A_PB2	498	18	N	0	0	18	22.7777777777778
A_PB2	499	18	N	0	0	18	22.5
A_PB2	500	17	N	1	0	17	24.4705882352941
A_PB2	501	18	N	0	0	18	24.5555555555556
A_PB2	502	16	N	2	0	16	27.375
A_PB2	503	15	N	3	0	15	24.2666666666667
A_PB2	504	14	N	4	0	11	24.6363636363636
A_PB2	505	18	N	0	0	17	22.4705882352941
A_PB2	506	18	N	0	0	18	17.5555555555556
A_PB2	507	18	N	0	0	15	16.6
A_PB2	508	18	N	0	0	18	20.8333333333333
A_PB2	509	18	N	0	0	18	21.3888888888889
A_PB2	510	17	N	0	0	14	24.2142857142857
A_PB2	511	17	N	0	0	17	22.8235294117647
A_PB2	512	17	N	0	0	17	21.5882352941176
A_PB2	513	17	N	0	0	17	20.1176470588235
A_PB2	514	17	N	0	0	17	21.1176470588235
A_PB2	515	17	N	0	0	17	22.1764705882353
A_PB2	516	16	N	1	0	15	24.3333333333333
A_PB2	517	17	N	0	0	16	21.4375
A_PB2	518	17	N	0	0	16	22.0625
A_PB2	519	17	N	0	0	15	18.8666666666667
A_PB2	520	15	N	2	0	15	21.0666666666667
A_PB2	521	14	N	3	0	14	19.1428571428571
A_PB2	522	17	N	0	0	16	19.3125
A_PB2	523	17	N	0	0	15	16.8666666666667
A_PB2	524	17	N	0	0	17	16.1176470588235
A_PB2	525	17	N	0	0	14	15.6428571428571
A_PB2	526	16	N	1	0	16	16.875
A_PB2	527	16	N	1	0	16	21.9375
A_PB2	528	16	N	1	0	16	20.0625
A_PB2	529	16	N	1	0	15	21
A_PB2	530	16	N	1	0	16	19.125
A_PB2	531	16	N	1	0	15	19.9333333333333
A_PB2	532	17	N	0	0	17	21.4117647058824
A_PB2	533	17	N	0	0	17	21.1764705882353
A_PB2	534	17	N	0	0	14	19.1428571428571
A_PB2	535	17	N	0	0	17	19.8823529411765
A_PB2	536	17	N	0	0	17	20.7058823529412
A_PB2	537	17	N	0	0	14	19.7857142857143
A_PB2	538	17	N	0	0	17	19.9411764705882
A_PB2	539	17	N	0	0	17	21
A_PB2	540	17	N	0	0	16	23.1875
A_PB2	541	17	N	0	0	17	24
A_PB2	542	17	N	0	0	17	24.2352941176471
A_PB2	543	17	N	0	0	12	22.3333333333333
A_PB2	544	17	N	0	0	15	21.6
A_PB2	545	17	N	0	0	15	20.9333333333333
A_PB2	546	16	N	1	0	14	19.7142857142857
A_PB2	547	15	N	2	0	13	25.7692307692308
A_PB2	548	17	N	0	0	17	30.6470588235294
A_PB2	549	17	N	0	0	15	28.4
A_PB2	550	17	N	0	0	16	27.8125
A_PB2	551	17	N	0	0	17	26.7647058823529
A_PB2	552	17	N	0	0	17	25.4705882352941
A_PB2	553	17	N	0	0	17	27.8823529411765
A_PB2	554	17	N	0	0	16	21.9375
A_PB2	555	16	N	1	0	16	22.875
A_PB2	556	17	N	0	0	17	21.9411764705882
A_PB2	557	17	N	0	0	16	22.875
A_PB2	558	17	N	0	0	15	24.2
A_PB2	559	16	N	1	0	16	24
A_PB2	560	17	N	0	0	17	24.4705882352941
A_PB2	561	16	N	1	0	16	19.5
A_PB2	562	16	N	1	0	16	19.25
A_PB2	563	15	N	2	0	15	19
A_PB2	564	15	N	2	0	15	27.5333333333333
A_PB2	565	9	N	8	0	8	29.125
A_PB2	566	17	N	0	0	16	21.5
A_PB2	567	17	N	0	0	16	20.125
A_PB2	568	17	N	0	0	17	22.4705882352941
A_PB2	569	17	N	0	0	17	24.1764705882353
A_PB2	570	17	N	0	0	17	19.4117647058824
A_PB2	571	17	N	0	0	17	19.4705882352941
A_PB2	572	17	N	0	0	17	22.7647058823529
A_PB2	573	17	N	0	0	17	19.1176470588235
A_PB2	574	17	N	0	0	17	18.1764705882353
A_PB2	575	17	N	0	0	17	20.5882352941176
A_PB2	576	17	N	0	0	16	22.1875
A_PB2	577	17	N	0	0	17	24.3529411764706
A_PB2	578	16	N	1	0	16	26.375
A_PB2	579	14	N	3	0	14	25.7142857142857
A_PB2	580	17	N	0	0	16	20.3125
A_PB2	581	17	N	0	0	15	15.2666666666667
A_PB2	582	17	N	0	0	14	17.9285714285714
A_PB2	583	17	N	0	0	16	20.0625
A_PB2	584	17	N	0	0	17	21.5294117647059
A_PB2	585	17	N	0	0	17	21.8235294117647
A_PB2	586	17	N	0	0	17	21.8235294117647
A_PB2	587	17	N	0	0	17	23.1176470588235
A_PB2	588	17	N	0	0	16	23.125
A_PB2	589	15	N	2	0	15	20.0666666666667
A_PB2	590	17	N	0	0	16	18.5
A_PB2	591	17	N	0	0	17	18
A_PB2	592	17	N	0	0	16	19.5
A_PB2	593	17	N	0	0	16	19.875
A_PB2	594	17	N	0	0	17	21.2941176470588
A_PB2	595	16	N	1	0	15	21.7333333333333
A_PB2	596	15	N	2	0	14	24.5
A_PB2	597	16	N	1	0	14	21.5714285714286
A_PB2	598	16	N	1	0	15	20.1333333333333
A_PB2	599	17	N	0	0	16	18.0625
A_PB2	600	16	N	1	0	14	20.2857142857143
A_PB2	601	16	N	1	0	16	22.8125
A_PB2	602	17	N	0	0	16	24.8125
A_PB2	603	17	N	0	0	17	24.4705882352941
A_PB2	604	17	N	0	0	17	24.4117647058824
A_PB2	605	17	N	0	0	17	23.7647058823529
A_PB2	606	17	N	0	0	16	24.4375
A_PB2	607	17	N	0	0	17	21.0588235294118
A_PB2	608	17	N	0	0	17	20.4117647058824
A_PB2	609	17	N	0	0	14	21.1428571428571
A_PB2	610	16	N	1	0	16	21
A_PB2	611	16	N	1	0	16	21.75
A_PB2	612	17	N	0	0	14	20.7142857142857
A_PB2	613	17	N	0	0	16	20.25
A_PB2	614	16	N	1	0	16	19.6875
A_PB2	615	16	N	1	0	16	21.4375
A_PB2	616	16	N	1	0	16	22.25
A_PB2	617	16	N	1	0	16	23.5
A_PB2	618	16	N	1	0	16	22.0625
A_PB2	619	16	N	1	0	13	22.1538461538462
A_PB2	620	16	N	1	0	16	20.75
A_PB2	621	12	N	5	0	10	19
A_PB2	622	12	N	5	0	12	15.75
A_PB2	623	14	N	3	0	13	17.3846153846154
A_PB2	624	15	N	2	0	14	24.2857142857143
A_PB2	625	17	N	0	0	17	28.7647058823529
A_PB2	626	17	N	0	0	17	37.0588235294118
A_PB2	627	17	N	0	0	17	42.4117647058824
A_PB2	628	17	N	0	0	17	46.3529411764706
A_PB2	629	17	N	0	0	16	23.1875
A_PB2	630	17	N	0	0	17	18
A_PB2	631	17	N	0	0	16	21.6875
A_PB2	632	16	N	1	0	16	20.8125
A_PB2	633	16	N	1	0	15	22.4666666666667
A_PB2	634	16	N	1	0	15	22.6666666666667
A_PB2	635	17	N	0	0	17	22.2941176470588
A_PB2	636	14	N	3	0	13	20.6923076923077
A_PB2	637	16	N	1	0	15	17.1333333333333
A_PB2	638	17	N	0	0	17	15.7647058823529
A_PB2	639	16	N	1	0	14	15.8571428571429
A_PB2	640	16	N	1	0	16	18.4375
A_PB2	641	16	N	1	0	15	23.4
A_PB2	642	16	N	1	0	16	21.625
A_PB2	643	16	N	1	0	16	22.0625
A_PB2	644	16	N	1	0	16	21.4375
A_PB2	645	15	N	2	0	11	18.5454545454545
A_PB2	646	17	N	0	0	16	22
A_PB2	647	17	N	0	0	17	25.4117647058824
A_PB2	648	17	N	0	0	16	27.6875
A_PB2	649	16	N	1	0	16	25.125
A_PB2	650	17	N	0	0	17	22.3529411764706
A_PB2	651	16	N	1	0	16	24
A_PB2	652	16	N	1	0	16	30.625
A_PB2	653	17	N	0	0	17	25.5882352941176
A_PB2	654	15	N	2	0	15	26.4
A_PB2	655	16	N	1	0	16	23.5625
A_PB2	656	16	N	1	0	16	21.875
A_PB2	657	16	N	1	0	16	21.3125
A_PB2	658	17	N	0	0	17	21.6470588235294
A_PB2	659	17	N	0	0	17	22.1176470588235
A_PB2	660	17	N	0	0	16	21.75
A_PB2	661	17	N	0	0	17	22.7647058823529
A_PB2	662	17	N	0	0	17	25.1764705882353
A_PB2	663	17	N	0	0	16	27.0625
A_PB2	664	17	N	0	0	17	25.8235294117647
A_PB2	665	17	N	0	0	16	23.75
A_PB2	666	17	N	0	0	15	21.8
A_PB2	667	17	N	0	0	15	23.6666666666667
A_PB2	668	17	N	0	0	17	20.5882352941176
A_PB2	669	16	N	1	0	16	20.3125
A_PB2	670	17	N	0	0	17	22.6470588235294
A_PB2	671	17	N	0	0	17	22.4117647058824
A_PB2	672	17	N	0	0	17	23.5294117647059
A_PB2	673	17	N	0	0	17	24.7058823529412
A_PB2	674	17	N	0	0	16	23.625
A_PB2	675	17	N	0	0	16	25.375
A_PB2	676	17	N	0	0	16	23.6875
A_PB2	677	16	N	1	0	14	23.6428571428571
A_PB2	678	16	N	1	0	16	24.0625
A_PB2	679	17	N	0	0	16	22.0625
A_PB2	680	15	N	2	0	15	32.4666666666667
A_PB2	681	17	N	0	0	15	37.6666666666667
A_PB2	682	17	N	0	0	15	26.2
A_PB2	683	17	N	0	0	15	20.6666666666667
A_PB2	684	16	N	1	0	15	18.2666666666667
A_PB2	685	17	N	0	0	17	17.2352941176471
A_PB2	686	16	N	1	0	16	18.375
A_PB2	687	16	N	1	0	15	21.2666666666667
A_PB2	688	17	N	0	0	16	19.9375
A_PB2	689	17	N	0	0	17	19.2352941176471
A_PB2	690	17	N	0	0	16	18.9375
A_PB2	691	17	N	0	0	17	18.7647058823529
A_PB2	692	17	N	0	0	17	20.5294117647059
A_PB2	693	17	N	0	0	15	21.8
A_PB2	694	17	N	0	0	17	23.9411764705882
A_PB2	695	17	N	0	0	17	25.2352941176471
A_PB2	696	17	N	0	0	17	22
A_PB2	697	17	N	0	0	16	21.3125
A_PB2	698	16	N	1	0	16	21.875
A_PB2	699	16	N	1	0	14	19.4285714285714
A_PB2	700	16	N	1	0	16	19.4375
A_PB2	701	17	N	0	0	17	19.4117647058824
A_PB2	702	17	N	0	0	17	23.8823529411765
A_PB2	703	17	N	0	0	17	22.1176470588235
A_PB2	704	17	N	0	0	17	23.5294117647059
A_PB2	705	17	N	0	0	15	22.3333333333333
A_PB2	706	17	N	0	0	17	23.5294117647059
A_PB2	707	17	N	0	0	17	20.0588235294118
A_PB2	708	17	N	0	0	17	18.3529411764706
A_PB2	709	16	N	1	0	16	18.875
A_PB2	710	16	N	1	0	16	25
A_PB2	711	16	N	1	0	15	19.6
A_PB2	712	17	N	0	0	17	21.2941176470588
A_PB2	713	17	N	0	0	16	23.6875
A_PB2	714	17	N	0	0	13	23.1538461538462
A_PB2	715	17	N	0	0	17	22.1176470588235
A_PB2	716	17	N	0	0	17	21
A_PB2	717	17	N	0	0	15	21.8
A_PB2	718	16	N	1	0	16	22
A_PB2	719	17	N	0	0	16	20.625
A_PB2	720	17	N	0	0	16	20.125
A_PB2	721	17	N	0	0	17	18.1764705882353
A_PB2	722	17	N	0	0	17	19.1176470588235
A_PB2	723	17	N	0	0	16	22.375
A_PB2	724	16	N	1	0	16	20.875
A_PB2	725	17	N	0	0	16	21.5
A_PB2	726	17	N	0	0	15	23.3333333333333
A_PB2	727	17	N	0	0	17	22.5294117647059
A_PB2	728	17	N	0	0	17	23.1764705882353
A_PB2	729	17	N	0	0	16	22.6875
A_PB2	730	17	N	0	0	15	20.7333333333333
A_PB2	731	17	N	0	0	16	18.3125
A_PB2	732	17	N	0	0	16	18.3125
A_PB2	733	15	N	2	0	15	16.2
A_PB2	734	17	N	0	0	17	14.1764705882353
A_PB2	735	17	N	0	0	17	16.0588235294118
A_PB2	736	14	N	3	0	14	18.8571428571429
A_PB2	737	16	N	1	0	16	18.6875
A_PB2	738	16	N	1	0	16	16.625
A_PB2	739	17	N	0	0	17	17.1764705882353
A_PB2	740	17	N	0	0	17	21.4705882352941
A_PB2	741	17	N	0	0	16	21.1875
A_PB2	742	17	N	0	0	17	22
A_PB2	743	17	N	0	0	17	21.3529411764706
A_PB2	744	17	N	0	0	17	20.5882352941176
A_PB2	745	15	N	2	0	15	21
A_PB2	746	16	N	1	0	14	20.2857142857143
A_PB2	747	16	N	1	0	16	19.125
A_PB2	748	16	N	1	0	16	19.75
A_PB2	749	17	N	0	0	17	20.1764705882353
A_PB2	750	17	N	0	0	17	22.5294117647059
A_PB2	751	17	N	0	0	16	23.5
A_PB2	752	17	N	0	0	17	22.1176470588235
A_PB2	753	17	N	0	0	16	21.25
A_PB2	754	17	N	0	0	17	20.7058823529412
A_PB2	755	17	N	0	0	17	22.2352941176471
A_PB2	756	17	N	0	0	17	24.4117647058824
A_PB2	757	17	N	0	0	17	23.8235294117647
A_PB2	758	17	N	0	0	17	25.1764705882353
A_PB2	759	17	N	0	0	15	24.4666666666667
A_PB2	760	17	N	0	0	17	25.2352941176471
A_PB2	761	17	N	0	0	17	28.3529411764706
A_PB2	762	17	N	0	0	17	29.0588235294118
A_PB2	763	17	N	0	0	17	28.1176470588235
A_PB2	764	17	N	0	0	16	27.125
A_PB2	765	17	N	0	0	17	27.9411764705882
A_PB2	766	17	N	0	0	17	26.8823529411765
A_PB2	767	17	N	0	0	17	26.8235294117647
A_PB2	768	17	N	0	0	14	25.9285714285714
A_PB2	769	17	N	0	0	17	25.2941176470588
A_PB2	770	16	N	1	0	16	26.0625
A_PB2	771	17	N	0	0	17	24.1176470588235
A_PB2	772	17	N	0	0	17	15.5294117647059
A_PB2	773	17	N	0	0	15	17.2666666666667
A_PB2	774	16	N	1	0	12	19
A_PB2	775	16	N	1	0	15	19.4666666666667
A_PB2	776	16	N	1	0	16	18.1875
A_PB2	777	16	N	1	0	15	19.8666666666667
A_PB2	778	17	N	0	0	17	20.9411764705882
A_PB2	779	17	N	0	0	17	21.2352941176471
A_PB2	780	17	N	0	0	16	23.5
A_PB2	781	17	N	0	0	17	18.3529411764706
A_PB2	782	17	N	0	0	16	19.25
A_PB2	783	17	N	0	0	16	19.625
A_PB2	784	17	N	0	0	17	19.4705882352941
A_PB2	785	17	N	0	0	17	19.8823529411765
A_PB2	786	17	N	0	0	14	20.0714285714286
A_PB2	787	17	N	0	0	16	20.5625
A_PB2	788	16	N	1	0	16	21.3125
A_PB2	789	17	N	0	0	16	20.375
A_PB2	790	17	N	0	0	15	21.3333333333333
A_PB2	791	17	N	0	0	17	20.4117647058824
A_PB2	792	17	N	0	0	16	18.25
A_PB2	793	17	N	0	0	17	16.7647058823529
A_PB2	794	17	N	0	0	14	19.1428571428571
A_PB2	795	17	N	0	0	17	18.8823529411765
A_PB2	796	17	N	0	0	17	19.6470588235294
A_PB2	797	17	N	0	0	17	20
A_PB2	798	17	N	0	0	16	19.1875
A_PB2	799	17	N	0	0	17	18.5294117647059
A_PB2	800	17	N	0	0	17	19.2941176470588
A_PB2	801	16	N	1	0	15	19.3333333333333
A_PB2	802	17	N	0	0	17	21.1764705882353
A_PB2	803	15	N	2	0	15	20.6666666666667
A_PB2	804	17	N	0	0	17	20.2941176470588
A_PB2	805	17	N	0	0	17	22.1176470588235
A_PB2	806	17	N	0	0	16	23
A_PB2	807	16	N	1	0	15	23.9333333333333
A_PB2	808	16	N	1	0	16	21.0625
A_PB2	809	16	N	1	0	16	19.4375
A_PB2	810	17	N	0	0	15	19.3333333333333
A_PB2	811	17	N	0	0	16	18.25
A_PB2	812	17	N	0	0	17	17.5294117647059
A_PB2	813	17	N	0	0	17	15.5294117647059
A_PB2	814	17	N	0	0	17	16.0588235294118
A_PB2	815	17	N	0	0	17	16.4705882352941
A_PB2	816	16	N	1	0	14	20.1428571428571
A_PB2	817	16	N	1	0	16	20.875
A_PB2	818	16	N	1	0	16	22.875
A_PB2	819	17	N	0	0	17	15.8235294117647
A_PB2	820	17	N	0	0	17	15.5294117647059
A_PB2	821	17	N	0	0	17	16.4117647058824
A_PB2	822	17	N	0	0	17	15.8235294117647
A_PB2	823	17	N	0	0	17	15.9411764705882
A_PB2	824	17	N	0	0	17	16.7647058823529
A_PB2	825	17	N	0	0	16	18.4375
A_PB2	826	16	N	1	0	16	20.4375
A_PB2	827	16	N	1	0	16	20.125
A_PB2	828	16	N	1	0	15	20.4
A_PB2	829	17	N	0	0	15	18.4
A_PB2	830	16	N	1	0	16	20.4375
A_PB2	831	16	N	1	0	14	20.2857142857143
A_PB2	832	16	N	1	0	16	20.9375
A_PB2	833	17	N	0	0	17	21.2941176470588
A_PB2	834	17	N	0	0	17	23.0588235294118
A_PB2	835	17	N	0	0	17	24.6470588235294
A_PB2	836	17	N	0	0	17	26.5294117647059
A_PB2	837	16	N	1	0	16	27.5625
A_PB2	838	17	N	0	0	16	27
A_PB2	839	17	N	0	0	17	32.8823529411765
A_PB2	840	16	N	1	0	15	25.8
A_PB2	841	17	N	0	0	15	24
A_PB2	842	17	N	0	0	17	22.3529411764706
A_PB2	843	16	N	1	0	16	22.375
A_PB2	844	17	N	0	0	17	21.2941176470588
A_PB2	845	17	N	0	0	17	23.4705882352941
A_PB2	846	17	N	0	0	16	22.25
A_PB2	847	17	N	0	0	16	24.4375
A_PB2	848	17	N	0	0	17	23.1764705882353
A_PB2	849	17	N	0	0	17	23.0588235294118
A_PB2	850	17	N	0	0	17	22.7647058823529
A_PB2	851	17	N	0	0	17	21.2941176470588
A_PB2	852	16	N	1	0	16	21.6875
A_PB2	853	16	N	1	0	16	21.375
A_PB2	854	16	N	1	0	16	20.3125
A_PB2	855	17	N	0	0	17	20.0588235294118
A_PB2	856	17	N	0	0	16	21.3125
A_PB2	857	17	N	0	0	16	20.9375
A_PB2	858	16	N	1	0	16	20.1875
A_PB2	859	16	N	1	0	16	19.75
A_PB2	860	16	N	1	0	16	21.3125
A_PB2	861	16	N	1	0	14	21.5
A_PB2	862	16	N	1	0	16	45.25
A_PB2	863	17	N	0	0	17	21.7647058823529
A_PB2	864	17	N	0	0	15	18.8
A_PB2	865	17	N	0	0	17	20.4117647058824
A_PB2	866	17	N	0	0	16	22.75
A_PB2	867	17	N	0	0	17	21.4117647058824
A_PB2	868	16	N	1	0	16	22.5625
A_PB2	869	17	N	0	0	16	21
A_PB2	870	17	N	0	0	16	19.5625
A_PB2	871	17	N	0	0	11	16.1818181818182
A_PB2	872	17	N	0	0	16	13.5
A_PB2	873	17	N	0	0	15	11
A_PB2	874	16	N	0	0	15	14
A_PB2	875	16	N	0	0	15	19.6
A_PB2	876	15	N	1	0	15	19.4666666666667
A_PB2	877	16	N	0	0	16	19
A_PB2	878	13	N	3	0	13	19.1538461538462
A_PB2	879	16	N	0	0	16	19.875
A_PB2	880	16	N	0	0	16	20.6875
A_PB2	881	16	N	0	0	16	21.6875
A_PB2	882	16	N	0	0	16	22.625
A_PB2	883	16	N	0	0	15	20.2666666666667
A_PB2	884	16	N	0	0	16	19.9375
A_PB2	885	15	N	1	0	15	21.4
A_PB2	886	16	N	0	0	16	24.75
A_PB2	887	16	N	0	0	16	20.125
A_PB2	888	16	N	0	0	16	20.75
A_PB2	889	16	N	0	0	15	21.7333333333333
A_PB2	890	16	N	0	0	16	22.5625
A_PB2	891	13	N	3	0	13	25.2307692307692
A_PB2	892	13	N	3	0	13	25.3076923076923
A_PB2	893	16	N	0	0	13	20.9230769230769
A_PB2	894	16	N	0	0	15	20.8
A_PB2	895	16	N	0	0	15	17.6
A_PB2	896	15	N	1	0	14	16.0714285714286
A_PB2	897	16	N	0	0	14	19.3571428571429
A_PB2	898	16	N	0	0	16	18.0625
A_PB2	899	16	N	0	0	16	17
A_PB2	900	16	N	0	0	16	16.8125
A_PB2	901	15	N	1	0	15	17.6
A_PB2	902	15	N	1	0	15	19.9333333333333
A_PB2	903	16	N	0	0	14	21.0714285714286
A_PB2	904	16	N	0	0	15	21.3333333333333
A_PB2	905	16	N	0	0	16	21.5
A_PB2	906	16	N	0	0	14	19.7142857142857
A_PB2	907	16	N	0	0	16	19.0625
A_PB2	908	16	N	0	0	16	18.6875
A_PB2	909	16	N	0	0	13	19.5384615384615
A_PB2	910	16	N	0	0	16	18
A_PB2	911	16	N	0	0	16	19.75
A_PB2	912	16	N	0	0	15	21.9333333333333
A_PB2	913	16	N	0	0	16	18
A_PB2	914	16	N	0	0	16	21.4375
A_PB2	915	16	N	0	0	13	21.3076923076923
A_PB2	916	16	N	0	0	16	20.125
A_PB2	917	16	N	0	0	16	20.0625
A_PB2	918	16	N	0	0	16	21.3125
A_PB2	919	16	N	0	0	16	21.875
A_PB2	920	16	N	0	0	16	22.6875
A_PB2	921	15	N	1	0	15	24.6666666666667
A_PB2	922	15	N	1	0	15	26.8
A_PB2	923	15	N	1	0	14	28.1428571428571
A_PB2	924	14	N	2	0	13	29.1538461538462
A_PB2	925	16	N	0	0	15	25.2
A_PB2	926	16	N	0	0	15	23.9333333333333
A_PB2	927	16	N	0	0	13	23.6153846153846
A_PB2	928	16	N	0	0	16	22.75
A_PB2	929	16	N	0	0	15	22.8666666666667
A_PB2	930	16	N	0	0	15	24.9333333333333
A_PB2	931	15	N	1	0	15	24.3333333333333
A_PB2	932	15	N	1	0	15	23.0666666666667
A_PB2	933	15	N	1	0	14	22.7857142857143
A_PB2	934	15	N	1	0	15	23.8666666666667
A_PB2	935	15	N	1	0	15	23.0666666666667
A_PB2	936	15	N	1	0	14	22
A_PB2	937	15	N	1	0	14	21.2142857142857
A_PB2	938	15	N	1	0	15	19.2666666666667
A_PB2	939	15	N	1	0	14	19.8571428571429
A_PB2	940	15	N	1	0	14	21.7857142857143
A_PB2	941	15	N	1	0	15	23.7333333333333
A_PB2	942	15	N	1	0	15	26.4666666666667
A_PB2	943	16	N	0	0	16	27.5625
A_PB2	944	16	N	0	0	16	28.9375
A_PB2	945	16	N	0	0	15	28.9333333333333
A_PB2	946	16	N	0	0	16	26.9375
A_PB2	947	16	N	0	0	16	26.4375
A_PB2	948	15	N	1	0	14	26.9285714285714
A_PB2	949	16	N	0	0	14	26.2142857142857
A_PB2	950	16	N	0	0	16	27.625
A_PB2	951	16	N	0	0	16	26.6875
A_PB2	952	16	N	0	0	16	26.1875
A_PB2	953	16	N	0	0	16	25.4375
A_PB2	954	16	N	0	0	14	25.7142857142857
A_PB2	955	16	N	0	0	16	23.25
A_PB2	956	16	N	0	0	16	24.875
A_PB2	957	16	N	0	0	16	25.6875
A_PB2	958	16	N	0	0	16	20.25
A_PB2	959	16	N	0	0	16	19.5
A_PB2	960	15	N	1	0	15	19.4
A_PB2	961	15	N	1	0	14	19.1428571428571
A_PB2	962	16	N	0	0	16	19.875
A_PB2	963	16	N	0	0	16	19.1875
A_PB2	964	16	N	0	0	16	19.6875
A_PB2	965	16	N	0	0	15	22.8
A_PB2	966	16	N	0	0	13	24.2307692307692
A_PB2	967	16	N	0	0	15	20.4666666666667
A_PB2	968	15	N	1	0	15	25.5333333333333
A_PB2	969	15	N	1	0	14	27.0714285714286
A_PB2	970	16	N	0	0	15	20.4
A_PB2	971	16	N	0	0	16	19.0625
A_PB2	972	15	N	1	0	12	20.9166666666667
A_PB2	973	16	N	0	0	16	19.3125
A_PB2	974	16	N	0	0	16	21.9375
A_PB2	975	16	N	0	0	16	23.5625
A_PB2	976	15	N	1	0	14	22.9285714285714
A_PB2	977	15	N	1	0	15	20.6
A_PB2	978	15	N	1	0	12	20.8333333333333
A_PB2	979	16	N	0	0	14	17.4285714285714
A_PB2	980	16	N	0	0	15	19.2666666666667
A_PB2	981	16	N	0	0	14	16.7857142857143
A_PB2	982	16	N	0	0	16	17.9375
A_PB2	983	16	N	0	0	15	21.2
A_PB2	984	16	N	0	0	14	22.9285714285714
A_PB2	985	16	N	0	0	16	21.6875
A_PB2	986	16	N	0	0	16	20.3125
A_PB2	987	16	N	0	0	15	20.0666666666667
A_PB2	988	16	N	0	0	16	22.5625
A_PB2	989	16	N	0	0	16	25.625
A_PB2	990	16	N	0	0	15	24.4
A_PB2	991	14	N	2	0	13	25.6153846153846
A_PB2	992	16	N	0	0	16	17.5
A_PB2	993	16	N	0	0	13	15.3076923076923
A_PB2	994	16	N	0	0	16	17.75
A_PB2	995	16	N	0	0	16	36.6875
A_PB2	996	16	N	0	0	15	22.2
A_PB2	997	16	N	0	0	16	22.125
A_PB2	998	16	N	0	0	15	24.6666666666667
A_PB2	999	16	N	0	0	14	23.7857142857143
A_PB2	1000	16	N	0	0	16	23.9375
A_PB2	1001	16	N	0	0	16	21.5625
A_PB2	1002	15	N	1	0	14	23.5714285714286
A_PB2	1003	16	N	0	0	15	22.4
A_PB2	1004	16	N	0	0	16	21.875
A_PB2	1005	16	N	0	0	14	24
A_PB2	1006	16	N	0	0	16	25.25
A_PB2	1007	16	N	0	0	16	26.375
A_PB2	1008	16	N	0	0	14	26.5
A_PB2	1009	16	N	0	0	16	25.3125
A_PB2	1010	16	N	0	0	16	25.625
A_PB2	1011	16	N	0	0	16	23.6875
A_PB2	1012	16	N	0	0	16	22.9375
A_PB2	1013	16	N	0	0	16	23.1875
A_PB2	1014	16	N	0	0	16	23.375
A_PB2	1015	15	N	1	0	15	23.8
A_PB2	1016	13	N	3	0	13	22.7692307692308
A_PB2	1017	12	N	4	0	10	21.9
A_PB2	1018	16	N	0	0	16	21.9375
A_PB2	1019	15	N	1	0	14	35.8571428571429
A_PB2	1020	15	N	1	0	15	44.1333333333333
A_PB2	1021	15	N	1	0	15	54.3333333333333
A_PB2	1022	16	N	0	0	16	47
A_PB2	1023	16	N	0	0	15	23.4
A_PB2	1024	16	N	0	0	16	19.875
A_PB2	1025	16	N	0	0	16	18.25
A_PB2	1026	16	N	0	0	16	20.875
A_PB2	1027	15	N	1	0	15	19.4666666666667
A_PB2	1028	16	N	0	0	16	18.3125
A_PB2	1029	16	N	0	0	14	19.8571428571429
A_PB2	1030	15	N	1	0	14	18.8571428571429
A_PB2	1031	15	N	1	0	15	20.0666666666667
A_PB2	1032	15	N	1	0	12	23
A_PB2	1033	14	N	2	0	14	23.2142857142857
A_PB2	1034	14	N	2	0	14	25.0714285714286
A_PB2	1035	15	N	1	0	14	23.5
A_PB2	1036	16	N	0	0	16	22
A_PB2	1037	16	N	0	0	16	21.75
A_PB2	1038	16	N	0	0	13	20.1538461538462
A_PB2	1039	16	N	0	0	16	24.875
A_PB2	1040	16	N	0	0	16	19.6875
A_PB2	1041	16	N	0	0	14	19.7857142857143
A_PB2	1042	16	N	0	0	16	25.6875
A_PB2	1043	16	N	0	0	16	30.1875
A_PB2	1044	16	N	0	0	14	35.4285714285714
A_PB2	1045	16	N	0	0	15	28.8666666666667
A_PB2	1046	16	N	0	0	16	22.9375
A_PB2	1047	16	N	0	0	12	26.1666666666667
A_PB2	1048	16	N	0	0	16	22.0625
A_PB2	1049	16	N	0	0	16	22.3125
A_PB2	1050	16	N	0	0	16	21.5
A_PB2	1051	16	N	0	0	16	21.625
A_PB2	1052	16	N	0	0	16	22.125
A_PB2	1053	16	N	0	0	16	21.1875
A_PB2	1054	16	N	0	0	15	19.9333333333333
A_PB2	1055	16	N	0	0	15	20.8
A_PB2	1056	16	N	0	0	16	20.375
A_PB2	1057	16	N	0	0	16	20.5
A_PB2	1058	16	N	0	0	14	19.9285714285714
A_PB2	1059	16	N	0	0	16	26.5
A_PB2	1060	16	N	0	0	15	29.6666666666667
A_PB2	1061	16	N	0	0	16	26
A_PB2	1062	15	N	1	0	14	24.1428571428571
A_PB2	1063	16	N	0	0	15	21.7333333333333
A_PB2	1064	16	N	0	0	14	22.2142857142857
A_PB2	1065	16	N	0	0	12	19.5833333333333
A_PB2	1066	16	N	0	0	14	20.6428571428571
A_PB2	1067	16	N	0	0	16	19.6875
A_PB2	1068	15	N	1	0	12	20.5833333333333
A_PB2	1069	16	N	0	0	15	23.2666666666667
A_PB2	1070	16	N	0	0	16	22.125
A_PB2	1071	16	N	0	0	16	26.1875
A_PB2	1072	16	N	0	0	16	19.875
A_PB2	1073	16	N	0	0	16	18.8125
A_PB2	1074	16	N	0	0	15	18.5333333333333
A_PB2	1075	16	N	0	0	16	20.625
A_PB2	1076	16	N	0	0	16	21.9375
A_PB2	1077	15	N	1	0	13	21.6923076923077
A_PB2	1078	15	N	1	0	15	23.8
A_PB2	1079	14	N	2	0	14	23.4285714285714
A_PB2	1080	14	N	2	0	12	24.0833333333333
A_PB2	1081	14	N	2	0	14	23.2142857142857
A_PB2	1082	16	N	0	0	16	23.4375
A_PB2	1083	16	N	0	0	14	20.0714285714286
A_PB2	1084	16	N	0	0	16	19.1875
A_PB2	1085	16	N	0	0	16	17.375
A_PB2	1086	16	N	0	0	13	18.6923076923077
A_PB2	1087	16	N	0	0	16	18.5
A_PB2	1088	16	N	0	0	15	19.9333333333333
A_PB2	1089	16	N	0	0	15	24.4666666666667
A_PB2	1090	16	N	0	0	16	22.9375
A_PB2	1091	16	N	0	0	15	23
A_PB2	1092	16	N	0	0	15	24.1333333333333
A_PB2	1093	16	N	0	0	16	24.8125
A_PB2	1094	16	N	0	0	16	26.6875
A_PB2	1095	16	N	0	0	15	28.0666666666667
A_PB2	1096	16	N	0	0	16	25.5625
A_PB2	1097	16	N	0	0	15	22.3333333333333
A_PB2	1098	16	N	0	0	14	23.9285714285714
A_PB2	1099	15	N	1	0	15	22.2666666666667
A_PB2	1100	16	N	0	0	16	23.25
A_PB2	1101	16	N	0	0	16	21.3125
A_PB2	1102	16	N	0	0	16	22.75
A_PB2	1103	16	N	0	0	15	20.8
A_PB2	1104	16	N	0	0	16	20.6875
A_PB2	1105	16	N	0	0	16	18.1875
A_PB2	1106	15	N	1	0	15	19.4
A_PB2	1107	16	N	0	0	15	18.8666666666667
A_PB2	1108	16	N	0	0	16	17.375
A_PB2	1109	15	N	1	0	15	19.3333333333333
A_PB2	1110	15	N	1	0	14	23
A_PB2	1111	15	N	1	0	14	24.3571428571429
A_PB2	1112	16	N	0	0	16	23.5
A_PB2	1113	15	N	1	0	13	23.4615384615385
A_PB2	1114	16	N	0	0	16	17.875
A_PB2	1115	16	N	0	0	16	19.1875
A_PB2	1116	16	N	0	0	16	20.5625
A_PB2	1117	15	N	1	0	15	25.6
A_PB2	1118	16	N	0	0	16	28.125
A_PB2	1119	16	N	0	0	14	28.5
A_PB2	1120	15	N	1	0	15	23.5333333333333
A_PB2	1121	16	N	0	0	16	23.0625
A_PB2	1122	16	N	0	0	13	24.3846153846154
A_PB2	1123	16	N	0	0	16	20.6875
A_PB2	1124	16	N	0	0	16	18.1875
A_PB2	1125	16	N	0	0	15	19.5333333333333
A_PB2	1126	16	N	0	0	16	22.625
A_PB2	1127	16	N	0	0	16	25.125
A_PB2	1128	16	N	0	0	15	28.3333333333333
A_PB2	1129	16	N	0	0	15	26.3333333333333
A_PB2	1130	16	N	0	0	16	19.6875
A_PB2	1131	16	N	0	0	16	19.125
A_PB2	1132	16	N	0	0	16	19.125
A_PB2	1133	16	N	0	0	16	20.4375
A_PB2	1134	16	N	0	0	16	20.6875
A_PB2	1135	16	N	0	0	14	19.7857142857143
A_PB2	1136	16	N	0	0	15	20.3333333333333
A_PB2	1137	15	N	1	0	13	19.5384615384615
A_PB2	1138	15	N	1	0	15	18.4666666666667
A_PB2	1139	16	N	0	0	16	21.375
A_PB2	1140	16	N	0	0	16	22.8125
A_PB2	1141	16	N	0	0	16	23.8125
A_PB2	1142	16	N	0	0	16	23.1875
A_PB2	1143	16	N	0	0	14	23.5714285714286
A_PB2	1144	14	N	2	0	14	24.7142857142857
A_PB2	1145	16	N	0	0	16	26.625
A_PB2	1146	16	N	0	0	15	27.4666666666667
A_PB2	1147	16	N	0	0	16	29
A_PB2	1148	16	N	0	0	16	25.1875
A_PB2	1149	15	N	1	0	12	20.3333333333333
A_PB2	1150	15	N	1	0	14	21.8571428571429
A_PB2	1151	16	N	0	0	15	24.2
A_PB2	1152	16	N	0	0	13	24.5384615384615
A_PB2	1153	16	N	0	0	15	26.6666666666667
A_PB2	1154	16	N	0	0	16	29.375
A_PB2	1155	16	N	0	0	13	30.9230769230769
A_PB2	1156	16	N	0	0	16	29.625
A_PB2	1157	16	N	0	0	15	26.6
A_PB2	1158	15	N	1	0	14	24.7857142857143
A_PB2	1159	16	N	0	0	16	23
A_PB2	1160	16	N	0	0	16	21.8125
A_PB2	1161	16	N	0	0	15	22.8
A_PB2	1162	15	N	1	0	15	23.6
A_PB2	1163	16	N	0	0	16	23.875
A_PB2	1164	16	N	0	0	15	24.3333333333333
A_PB2	1165	16	N	0	0	16	25.8125
A_PB2	1166	16	N	0	0	16	23.75
A_PB2	1167	16	N	0	0	16	23.3125
A_PB2	1168	16	N	0	0	16	27.25
A_PB2	1169	16	N	0	0	16	52.0625
A_PB2	1170	16	N	0	0	16	23.125
A_PB2	1171	16	N	0	0	16	17.9375
A_PB2	1172	16	N	0	0	16	17.75
A_PB2	1173	16	N	0	0	15	17.2666666666667
A_PB2	1174	16	N	0	0	15	19
A_PB2	1175	16	N	0	0	16	17
A_PB2	1176	16	N	0	0	14	20.9285714285714
A_PB2	1177	16	N	0	0	14	22.2142857142857
A_PB2	1178	16	N	0	0	15	20.4
A_PB2	1179	16	N	0	0	12	21.6666666666667
A_PB2	1180	16	N	0	0	15	20.9333333333333
A_PB2	1181	16	N	0	0	16	20.0625
A_PB2	1182	16	N	0	0	15	20.7333333333333
A_PB2	1183	16	N	0	0	14	20.7142857142857
A_PB2	1184	16	N	0	0	14	20.9285714285714
A_PB2	1185	16	N	0	0	13	19.6923076923077
A_PB2	1186	16	N	0	0	16	20.9375
A_PB2	1187	16	N	0	0	16	21.875
A_PB2	1188	16	N	0	0	14	22.6428571428571
A_PB2	1189	16	N	0	0	16	22.5
A_PB2	1190	15	N	1	0	15	22.4666666666667
A_PB2	1191	16	N	0	0	16	23.75
A_PB2	1192	16	N	0	0	16	19.5
A_PB2	1193	16	N	0	0	15	21.2666666666667
A_PB2	1194	15	N	1	0	15	24
A_PB2	1195	16	N	0	0	16	23.4375
A_PB2	1196	16	N	0	0	15	23.8
A_PB2	1197	16	N	0	0	14	24.8571428571429
A_PB2	1198	16	N	0	0	16	21.4375
A_PB2	1199	15	N	1	0	15	21.6
A_PB2	1200	15	N	1	0	14	17.5714285714286
A_PB2	1201	15	N	1	0	13	17.2307692307692
A_PB2	1202	15	N	1	0	15	16.8
A_PB2	1203	16	N	0	0	16	16.125
A_PB2	1204	16	N	0	0	14	17.2857142857143
A_PB2	1205	15	N	1	0	15	17.3333333333333
A_PB2	1206	15	N	1	0	14	17.4285714285714
A_PB2	1207	15	N	1	0	14	19.7142857142857
A_PB2	1208	16	N	0	0	16	20.5625
A_PB2	1209	16	N	0	0	14	22.1428571428571
A_PB2	1210	15	N	1	0	15	26.5333333333333
A_PB2	1211	16	N	0	0	16	29.4375
A_PB2	1212	16	N	0	0	16	30.8125
A_PB2	1213	16	N	0	0	16	33.625
A_PB2	1214	16	N	0	0	16	30.1875
A_PB2	1215	16	N	0	0	14	24.9285714285714
A_PB2	1216	16	N	0	0	16	23.625
A_PB2	1217	16	N	0	0	16	25.0625
A_PB2	1218	16	N	0	0	16	23.6875
A_PB2	1219	16	N	0	0	16	21.9375
A_PB2	1220	16	N	0	0	16	25.5625
A_PB2	1221	16	N	0	0	15	24.4
A_PB2	1222	16	N	0	0	16	21.1875
A_PB2	1223	16	N	0	0	16	23.8125
A_PB2	1224	16	N	0	0	16	22.8125
A_PB2	1225	16	N	0	0	16	24.25
A_PB2	1226	16	N	0	0	16	25.375
A_PB2	1227	15	N	1	0	12	22.9166666666667
A_PB2	1228	15	N	1	0	14	23.5
A_PB2	1229	16	N	0	0	14	24
A_PB2	1230	16	N	0	0	15	24.2666666666667
A_PB2	1231	16	N	0	0	16	24.6875
A_PB2	1232	16	N	0	0	15	24.6666666666667
A_PB2	1233	16	N	0	0	14	24.9285714285714
A_PB2	1234	16	N	0	0	16	24.25
A_PB2	1235	16	N	0	0	16	25.125
A_PB2	1236	16	N	0	0	16	26.5625
A_PB2	1237	16	N	0	0	16	29.5
A_PB2	1238	16	N	0	0	15	23.5333333333333
A_PB2	1239	16	N	0	0	15	24
A_PB2	1240	16	N	0	0	16	22.4375
A_PB2	1241	16	N	0	0	16	24.6875
A_PB2	1242	16	N	0	0	16	25
A_PB2	1243	16	N	0	0	16	24.75
A_PB2	1244	16	N	0	0	16	19.375
A_PB2	1245	16	N	0	0	15	18.2666666666667
A_PB2	1246	16	N	0	0	16	17.3125
A_PB2	1247	16	N	0	0	16	17.625
A_PB2	1248	16	N	0	0	15	17.9333333333333
A_PB2	1249	16	N	0	0	16	16.625
A_PB2	1250	16	N	0	0	16	18.8125
A_PB2	1251	16	N	0	0	14	22.1428571428571
A_PB2	1252	16	N	0	0	16	20.9375
A_PB2	1253	16	N	0	0	16	19.875
A_PB2	1254	16	N	0	0	16	19.875
A_PB2	1255	16	N	0	0	16	22.4375
A_PB2	1256	16	N	0	0	16	23.875
A_PB2	1257	16	N	0	0	15	25.4666666666667
A_PB2	1258	16	N	0	0	16	26.4375
A_PB2	1259	16	N	0	0	16	26
A_PB2	1260	16	N	0	0	13	28.9230769230769
A_PB2	1261	16	N	0	0	16	20.625
A_PB2	1262	16	N	0	0	16	20.5
A_PB2	1263	16	N	0	0	13	23.9230769230769
A_PB2	1264	16	N	0	0	16	23.0625
A_PB2	1265	16	N	0	0	16	29.125
A_PB2	1266	16	N	0	0	14	24.9285714285714
A_PB2	1267	16	N	0	0	14	20.9285714285714
A_PB2	1268	15	N	1	0	15	19.1333333333333
A_PB2	1269	15	N	1	0	13	18.7692307692308
A_PB2	1270	16	N	0	0	16	21.1875
A_PB2	1271	16	N	0	0	16	20.8125
A_PB2	1272	16	N	0	0	16	21.25
A_PB2	1273	16	N	0	0	16	22.9375
A_PB2	1274	16	N	0	0	16	27.3125
A_PB2	1275	16	N	0	0	15	28.5333333333333
A_PB2	1276	16	N	0	0	16	26.8125
A_PB2	1277	16	N	0	0	16	21.8125
A_PB2	1278	16	N	0	0	16	19.5625
A_PB2	1279	16	N	0	0	14	19.5
A_PB2	1280	16	N	0	0	16	25.5
A_PB2	1281	15	N	1	0	14	22.7142857142857
A_PB2	1282	16	N	0	0	15	24.8
A_PB2	1283	16	N	0	0	16	26.25
A_PB2	1284	16	N	0	0	15	25.4666666666667
A_PB2	1285	16	N	0	0	15	23.5333333333333
A_PB2	1286	16	N	0	0	16	21.625
A_PB2	1287	16	N	0	0	14	22.2142857142857
A_PB2	1288	15	N	1	0	15	23
A_PB2	1289	16	N	0	0	16	23.3125
A_PB2	1290	16	N	0	0	16	23.8125
A_PB2	1291	16	N	0	0	16	21.625
A_PB2	1292	16	N	0	0	16	21.4375
A_PB2	1293	16	N	0	0	16	21.875
A_PB2	1294	16	N	0	0	16	21.9375
A_PB2	1295	16	N	0	0	16	22.1875
A_PB2	1296	16	N	0	0	15	22.4666666666667
A_PB2	1297	16	N	0	0	16	26.375
A_PB2	1298	16	N	0	0	16	24.125
A_PB2	1299	16	N	0	0	14	20.2857142857143
A_PB2	1300	16	N	0	0	16	25.3125
A_PB2	1301	14	N	2	0	14	25.3571428571429
A_PB2	1302	16	N	0	0	15	20.7333333333333
A_PB2	1303	16	N	0	0	16	24.8125
A_PB2	1304	16	N	0	0	16	23.6875
A_PB2	1305	16	N	0	0	15	24.4666666666667
A_PB2	1306	16	N	0	0	16	22.6875
A_PB2	1307	16	N	0	0	16	18.4375
A_PB2	1308	16	N	0	0	13	21.4615384615385
A_PB2	1309	16	N	0	0	16	22.0625
A_PB2	1310	16	N	0	0	16	21.375
A_PB2	1311	14	N	2	0	14	26
A_PB2	1312	16	N	0	0	15	23.6666666666667
A_PB2	1313	16	N	0	0	16	25.9375
A_PB2	1314	16	N	0	0	15	24.6
A_PB2	1315	16	N	0	0	16	22.5625
A_PB2	1316	16	N	0	0	16	19.0625
A_PB2	1317	16	N	0	0	15	17.0666666666667
A_PB2	1318	16	N	0	0	16	19.125
A_PB2	1319	16	N	0	0	16	21.25
A_PB2	1320	16	N	0	0	13	25
A_PB2	1321	16	N	0	0	16	25.0625
A_PB2	1322	16	N	0	0	16	25
A_PB2	1323	16	N	0	0	16	25
A_PB2	1324	16	N	0	0	16	27.25
A_PB2	1325	16	N	0	0	16	27.125
A_PB2	1326	15	N	1	0	14	22.1428571428571
A_PB2	1327	15	N	1	0	15	22.3333333333333
A_PB2	1328	16	N	0	0	16	20.9375
A_PB2	1329	16	N	0	0	15	26.6666666666667
A_PB2	1330	16	N	0	0	15	23.1333333333333
A_PB2	1331	16	N	0	0	16	21.9375
A_PB2	1332	16	N	0	0	14	22.7142857142857
A_PB2	1333	16	N	0	0	16	24.4375
A_PB2	1334	9	N	7	0	9	29.1111111111111
A_PB2	1335	15	N	1	0	13	24.0769230769231
A_PB2	1336	16	N	0	0	16	31.5625
A_PB2	1337	16	N	0	0	16	30.6875
A_PB2	1338	16	N	0	0	15	24.4
A_PB2	1339	16	N	0	0	15	25.2
A_PB2	1340	16	N	0	0	15	21.4
A_PB2	1341	16	N	0	0	15	19.8666666666667
A_PB2	1342	16	N	0	0	16	23.5
A_PB2	1343	16	N	0	0	16	23.0625
A_PB2	1344	16	N	0	0	15	21.6
A_PB2	1345	16	N	0	0	16	22.625
A_PB2	1346	15	N	1	0	14	21.6428571428571
A_PB2	1347	16	N	0	0	16	17.375
A_PB2	1348	16	N	0	0	16	17.8125
A_PB2	1349	16	N	0	0	15	18.7333333333333
A_PB2	1350	16	N	0	0	16	18.375
A_PB2	1351	16	N	0	0	14	16.1428571428571
A_PB2	1352	16	N	0	0	16	17.5625
A_PB2	1353	16	N	0	0	16	17.6875
A_PB2	1354	16	N	0	0	16	19.125
A_PB2	1355	16	N	0	0	16	19.4375
A_PB2	1356	16	N	0	0	16	23.1875
A_PB2	1357	16	N	0	0	15	25.7333333333333
A_PB2	1358	16	N	0	0	15	25.4
A_PB2	1359	16	N	0	0	14	30.6428571428571
A_PB2	1360	16	N	0	0	16	29.3125
A_PB2	1361	16	N	0	0	16	28.875
A_PB2	1362	16	N	0	0	16	25
A_PB2	1363	16	N	0	0	16	22.75
A_PB2	1364	16	N	0	0	16	22.625
A_PB2	1365	16	N	0	0	16	23.5625
A_PB2	1366	16	N	0	0	16	24.6875
A_PB2	1367	16	N	0	0	14	27.5714285714286
A_PB2	1368	16	N	0	0	16	25.8125
A_PB2	1369	16	N	0	0	16	28.0625
A_PB2	1370	16	N	0	0	16	27.5625
A_PB2	1371	16	N	0	0	16	26
A_PB2	1372	16	N	0	0	16	26.125
A_PB2	1373	16	N	0	0	16	26.1875
A_PB2	1374	15	N	1	0	15	23.2
A_PB2	1375	16	N	0	0	15	21.8
A_PB2	1376	16	N	0	0	16	20.8125
A_PB2	1377	16	N	0	0	16	20.5625
A_PB2	1378	16	N	0	0	16	21.6875
A_PB2	1379	16	N	0	0	16	22.125
A_PB2	1380	16	N	0	0	16	24.875
A_PB2	1381	16	N	0	0	13	25.3076923076923
A_PB2	1382	16	N	0	0	15	25.8666666666667
A_PB2	1383	16	N	0	0	15	26.2
A_PB2	1384	15	N	1	0	15	23.6666666666667
A_PB2	1385	15	N	1	0	15	22.2666666666667
A_PB2	1386	16	N	0	0	13	22.3076923076923
A_PB2	1387	16	N	0	0	15	22.4
A_PB2	1388	16	N	0	0	16	21.375
A_PB2	1389	16	N	0	0	16	23.125
A_PB2	1390	16	N	0	0	15	25.4
A_PB2	1391	16	N	0	0	15	24.5333333333333
A_PB2	1392	16	N	0	0	14	24.1428571428571
A_PB2	1393	16	N	0	0	15	20.3333333333333
A_PB2	1394	16	N	0	0	16	19.1875
A_PB2	1395	15	N	1	0	14	19.6428571428571
A_PB2	1396	16	N	0	0	15	19.6
A_PB2	1397	16	N	0	0	16	21.5
A_PB2	1398	15	N	1	0	13	22.7692307692308
A_PB2	1399	16	N	0	0	16	19.875
A_PB2	1400	16	N	0	0	15	21.8
A_PB2	1401	16	N	0	0	16	20
A_PB2	1402	16	N	0	0	16	21.3125
A_PB2	1403	16	N	0	0	15	21.8
A_PB2	1404	16	N	0	0	15	23.6666666666667
A_PB2	1405	15	N	1	0	15	25.2666666666667
A_PB2	1406	15	N	1	0	15	23.2
A_PB2	1407	15	N	1	0	15	22.8
A_PB2	1408	16	N	0	0	16	22.4375
A_PB2	1409	16	N	0	0	16	24.375
A_PB2	1410	16	N	0	0	16	25.625
A_PB2	1411	16	N	0	0	16	25.5
A_PB2	1412	16	N	0	0	16	25
A_PB2	1413	13	N	3	0	12	25.6666666666667
A_PB2	1414	15	N	1	0	15	21.6666666666667
A_PB2	1415	16	N	0	0	16	21.0625
A_PB2	1416	16	N	0	0	16	43.625
A_PB2	1417	16	N	0	0	16	43.625
A_PB2	1418	16	N	0	0	16	20.3125
A_PB2	1419	16	N	0	0	16	23
A_PB2	1420	16	N	0	0	16	23.9375
A_PB2	1421	16	N	0	0	16	25.0625
A_PB2	1422	16	N	0	0	16	22.75
A_PB2	1423	16	N	0	0	15	22.3333333333333
A_PB2	1424	16	N	0	0	16	23.3125
A_PB2	1425	15	N	1	0	15	22.0666666666667
A_PB2	1426	15	N	1	0	15	23.4
A_PB2	1427	16	N	0	0	16	22.625
A_PB2	1428	16	N	0	0	16	22.75
A_PB2	1429	14	N	2	0	14	24.0714285714286
A_PB2	1430	15	N	1	0	15	21.2
A_PB2	1431	16	N	0	0	13	20.6153846153846
A_PB2	1432	16	N	0	0	12	20
A_PB2	1433	16	N	0	0	14	18.6428571428571
A_PB2	1434	16	N	0	0	16	16.625
A_PB2	1435	15	N	1	0	14	13.7857142857143
A_PB2	1436	15	N	1	0	15	13.9333333333333
A_PB2	1437	16	N	0	0	16	24.4375
A_PB2	1438	15	N	1	0	15	25.0666666666667
A_PB2	1439	16	N	0	0	16	19.1875
A_PB2	1440	15	N	1	0	14	21.5
A_PB2	1441	16	N	0	0	15	19.1333333333333
A_PB2	1442	16	N	0	0	15	19.3333333333333
A_PB2	1443	16	N	0	0	16	19
A_PB2	1444	16	N	0	0	16	19.375
A_PB2	1445	16	N	0	0	16	19.875
A_PB2	1446	16	N	0	0	15	28.5333333333333
A_PB2	1447	16	N	0	0	16	30.3125
A_PB2	1448	16	N	0	0	16	27.875
A_PB2	1449	16	N	0	0	16	30.1875
A_PB2	1450	16	N	0	0	16	29.0625
A_PB2	1451	15	N	1	0	15	24.8
A_PB2	1452	15	N	1	0	14	23.7142857142857
A_PB2	1453	16	N	0	0	16	22.25
A_PB2	1454	16	N	0	0	15	23.5333333333333
A_PB2	1455	16	N	0	0	14	23.4285714285714
A_PB2	1456	16	N	0	0	16	23.25
A_PB2	1457	16	N	0	0	16	23.375
A_PB2	1458	16	N	0	0	16	24.75
A_PB2	1459	16	N	0	0	16	23.8125
A_PB2	1460	16	N	0	0	16	24.25
A_PB2	1461	16	N	0	0	16	23.25
A_PB2	1462	16	N	0	0	16	22.9375
A_PB2	1463	16	N	0	0	16	20.8125
A_PB2	1464	15	N	1	0	15	20.1333333333333
A_PB2	1465	15	N	1	0	15	18.0666666666667
A_PB2	1466	16	N	0	0	15	20.0666666666667
A_PB2	1467	16	N	0	0	16	18.4375
A_PB2	1468	16	N	0	0	16	17.625
A_PB2	1469	15	N	1	0	15	20.3333333333333
A_PB2	1470	16	N	0	0	14	22.1428571428571
A_PB2	1471	16	N	0	0	12	22.6666666666667
A_PB2	1472	16	N	0	0	16	27.375
A_PB2	1473	16	N	0	0	13	27.4615384615385
A_PB2	1474	15	N	1	0	15	20.7333333333333
A_PB2	1475	14	N	2	0	14	22.6428571428571
A_PB2	1476	15	N	1	0	15	22.7333333333333
A_PB2	1477	15	N	1	0	15	30.8666666666667
A_PB2	1478	16	N	0	0	16	59.5
A_PB2	1479	16	N	0	0	14	47.0714285714286
A_PB2	1480	16	N	0	0	16	32.125
A_PB2	1481	16	N	0	0	16	20.125
A_PB2	1482	16	N	0	0	13	19.8461538461538
A_PB2	1483	16	N	0	0	15	22.1333333333333
A_PB2	1484	16	N	0	0	16	22.1875
A_PB2	1485	14	N	2	0	13	20.6153846153846
A_PB2	1486	16	N	0	0	15	19.2666666666667
A_PB2	1487	16	N	0	0	16	20.3125
A_PB2	1488	16	N	0	0	15	21.4666666666667
A_PB2	1489	15	N	1	0	15	22.4
A_PB2	1490	15	N	1	0	15	22.4666666666667
A_PB2	1491	16	N	0	0	15	22.5333333333333
A_PB2	1492	15	N	1	0	15	22.7333333333333
A_PB2	1493	16	N	0	0	15	22.3333333333333
A_PB2	1494	16	N	0	0	16	23.625
A_PB2	1495	16	N	0	0	16	24.25
A_PB2	1496	16	N	0	0	16	25.9375
A_PB2	1497	16	N	0	0	14	26.1428571428571
A_PB2	1498	16	N	0	0	16	23.75
A_PB2	1499	16	N	0	0	16	23
A_PB2	1500	16	N	0	0	15	31.2666666666667
A_PB2	1501	11	N	5	0	11	27.2727272727273
A_PB2	1502	14	N	2	0	14	22.2857142857143
A_PB2	1503	16	N	0	0	16	24.25
A_PB2	1504	16	N	0	0	16	24.25
A_PB2	1505	15	N	1	0	15	22.7333333333333
A_PB2	1506	14	N	2	0	14	23.4285714285714
A_PB2	1507	14	N	2	0	14	23.3571428571429
A_PB2	1508	16	N	0	0	16	20.9375
A_PB2	1509	15	N	1	0	14	18.0714285714286
A_PB2	1510	16	N	0	0	16	17.6875
A_PB2	1511	16	N	0	0	16	19.6875
A_PB2	1512	16	N	0	0	16	20.25
A_PB2	1513	16	N	0	0	15	21.6
A_PB2	1514	15	N	1	0	15	16.3333333333333
A_PB2	1515	16	N	0	0	16	15.5
A_PB2	1516	16	N	0	0	16	17.6875
A_PB2	1517	15	N	1	0	15	22
A_PB2	1518	16	N	0	0	16	20.5625
A_PB2	1519	16	N	0	0	16	22.25
A_PB2	1520	16	N	0	0	16	22.5
A_PB2	1521	16	N	0	0	15	23.2
A_PB2	1522	16	N	0	0	14	19.7857142857143
A_PB2	1523	15	N	1	0	15	18.4666666666667
A_PB2	1524	15	N	1	0	14	18.9285714285714
A_PB2	1525	15	N	1	0	15	17.7333333333333
A_PB2	1526	16	N	0	0	16	19.0625
A_PB2	1527	15	N	1	0	14	18.9285714285714
A_PB2	1528	16	N	0	0	16	22.25
A_PB2	1529	16	N	0	0	16	22.3125
A_PB2	1530	16	N	0	0	15	23.7333333333333
A_PB2	1531	16	N	0	0	16	24.625
A_PB2	1532	15	N	1	0	15	25
A_PB2	1533	15	N	1	0	15	24.5333333333333
A_PB2	1534	16	N	0	0	14	22.1428571428571
A_PB2	1535	16	N	0	0	16	21.5625
A_PB2	1536	16	N	0	0	13	21.8461538461538
A_PB2	1537	15	N	1	0	12	21.9166666666667
A_PB2	1538	16	N	0	0	16	22.3125
A_PB2	1539	16	N	0	0	16	23.5625
A_PB2	1540	16	N	0	0	16	25.5625
A_PB2	1541	16	N	0	0	16	26.0625
A_PB2	1542	16	N	0	0	16	26.5625
A_PB2	1543	14	N	2	0	13	26.8461538461538
A_PB2	1544	16	N	0	0	16	24.4375
A_PB2	1545	16	N	0	0	15	21.3333333333333
A_PB2	1546	16	N	0	0	16	21.1875
A_PB2	1547	16	N	0	0	16	21.4375
A_PB2	1548	14	N	2	0	13	19.2307692307692
A_PB2	1549	15	N	1	0	15	18.3333333333333
A_PB2	1550	15	N	1	0	15	14.9333333333333
A_PB2	1551	15	N	1	0	14	20.7142857142857
A_PB2	1552	15	N	1	0	15	18.9333333333333
A_PB2	1553	15	N	1	0	15	17.8666666666667
A_PB2	1554	15	N	1	0	15	20.8
A_PB2	1555	16	N	0	0	15	18.8
A_PB2	1556	16	N	0	0	16	18.125
A_PB2	1557	16	N	0	0	16	20.6875
A_PB2	1558	16	N	0	0	16	20.75
A_PB2	1559	15	N	1	0	15	22.0666666666667
A_PB2	1560	15	N	1	0	15	22.0666666666667
A_PB2	1561	15	N	1	0	15	23
A_PB2	1562	15	N	1	0	15	22.6666666666667
A_PB2	1563	15	N	1	0	14	21.3571428571429
A_PB2	1564	15	N	1	0	15	31.2666666666667
A_PB2	1565	14	N	2	0	14	19.2142857142857
A_PB2	1566	15	N	1	0	12	17.1666666666667
A_PB2	1567	15	N	1	0	15	16.2
A_PB2	1568	15	N	1	0	15	20.2666666666667
A_PB2	1569	15	N	1	0	15	21.9333333333333
A_PB2	1570	15	N	1	0	15	24.3333333333333
A_PB2	1571	15	N	1	0	15	24.7333333333333
A_PB2	1572	13	N	3	0	10	24.4
A_PB2	1573	13	N	3	0	13	22.3076923076923
A_PB2	1574	14	N	2	0	14	21.1428571428571
A_PB2	1575	15	N	1	0	13	42.3846153846154
A_PB2	1576	15	N	1	0	15	24.4
A_PB2	1577	15	N	1	0	13	23.1538461538462
A_PB2	1578	15	N	1	0	14	26.0714285714286
A_PB2	1579	15	N	1	0	14	23.4285714285714
A_PB2	1580	15	N	1	0	15	23.4666666666667
A_PB2	1581	16	N	0	0	16	21.9375
A_PB2	1582	16	N	0	0	15	22.6
A_PB2	1583	16	N	0	0	15	24.0666666666667
A_PB2	1584	16	N	0	0	14	22.8571428571429
A_PB2	1585	16	N	0	0	16	24.6875
A_PB2	1586	16	N	0	0	16	25.0625
A_PB2	1587	16	N	0	0	15	26.5333333333333
A_PB2	1588	16	N	0	0	16	25.0625
A_PB2	1589	16	N	0	0	16	25.5
A_PB2	1590	16	N	0	0	16	24.0625
A_PB2	1591	16	N	0	0	16	24.375
A_PB2	1592	16	N	0	0	16	24.3125
A_PB2	1593	16	N	0	0	13	22.7692307692308
A_PB2	1594	16	N	0	0	16	22.5625
A_PB2	1595	16	N	0	0	16	24.0625
A_PB2	1596	16	N	0	0	15	24.8
A_PB2	1597	16	N	0	0	16	29.125
A_PB2	1598	16	N	0	0	16	26.6875
A_PB2	1599	16	N	0	0	13	21.4615384615385
A_PB2	1600	16	N	0	0	16	21.375
A_PB2	1601	16	N	0	0	16	21.625
A_PB2	1602	16	N	0	0	14	21.7857142857143
A_PB2	1603	16	N	0	0	16	23.875
A_PB2	1604	16	N	0	0	16	23.125
A_PB2	1605	16	N	0	0	16	27.375
A_PB2	1606	16	N	0	0	16	29.1875
A_PB2	1607	16	N	0	0	16	25.5625
A_PB2	1608	16	N	0	0	16	24.875
A_PB2	1609	16	N	0	0	16	24.3125
A_PB2	1610	15	N	1	0	15	22.9333333333333
A_PB2	1611	16	N	0	0	16	21.0625
A_PB2	1612	16	N	0	0	16	20
A_PB2	1613	16	N	0	0	16	21.25
A_PB2	1614	16	N	0	0	14	21.2857142857143
A_PB2	1615	16	N	0	0	16	19.1875
A_PB2	1616	16	N	0	0	16	21.1875
A_PB2	1617	16	N	0	0	15	21.2666666666667
A_PB2	1618	16	N	0	0	16	21.3125
A_PB2	1619	16	N	0	0	16	22.25
A_PB2	1620	15	N	1	0	14	21.5
A_PB2	1621	15	N	1	0	13	20.7692307692308
A_PB2	1622	16	N	0	0	15	19.1333333333333
A_PB2	1623	15	N	1	0	13	21.0769230769231
A_PB2	1624	15	N	1	0	15	20.4
A_PB2	1625	15	N	1	0	14	20
A_PB2	1626	15	N	1	0	13	19.9230769230769
A_PB2	1627	16	N	0	0	16	17.25
A_PB2	1628	16	N	0	0	16	18.625
A_PB2	1629	16	N	0	0	15	19.6666666666667
A_PB2	1630	16	N	0	0	15	19.1333333333333
A_PB2	1631	16	N	0	0	16	18.6875
A_PB2	1632	16	N	0	0	14	16.5714285714286
A_PB2	1633	16	N	0	0	16	17.6875
A_PB2	1634	16	N	0	0	16	22.9375
A_PB2	1635	16	N	0	0	14	24.5714285714286
A_PB2	1636	16	N	0	0	15	25.5333333333333
A_PB2	1637	16	N	0	0	16	27.0625
A_PB2	1638	16	N	0	0	14	24.6428571428571
A_PB2	1639	16	N	0	0	16	22.625
A_PB2	1640	15	N	1	0	15	24.9333333333333
A_PB2	1641	15	N	1	0	15	24.0666666666667
A_PB2	1642	15	N	1	0	15	25.3333333333333
A_PB2	1643	15	N	1	0	15	26
A_PB2	1644	15	N	1	0	14	26.7142857142857
A_PB2	1645	15	N	1	0	14	26.4285714285714
A_PB2	1646	16	N	0	0	16	22.6875
A_PB2	1647	16	N	0	0	15	22.5333333333333
A_PB2	1648	16	N	0	0	15	23.2666666666667
A_PB2	1649	16	N	0	0	16	22.375
A_PB2	1650	16	N	0	0	15	24.0666666666667
A_PB2	1651	16	N	0	0	16	24.75
A_PB2	1652	16	N	0	0	16	21.875
A_PB2	1653	16	N	0	0	12	21.4166666666667
A_PB2	1654	16	N	0	0	16	20.5
A_PB2	1655	15	N	1	0	15	21.2
A_PB2	1656	16	N	0	0	16	22.1875
A_PB2	1657	16	N	0	0	16	24.875
A_PB2	1658	16	N	0	0	16	26.25
A_PB2	1659	16	N	0	0	15	26.2666666666667
A_PB2	1660	16	N	0	0	16	25.875
A_PB2	1661	16	N	0	0	16	25.625
A_PB2	1662	16	N	0	0	16	26.25
A_PB2	1663	16	N	0	0	16	24.4375
A_PB2	1664	16	N	0	0	16	23.4375
A_PB2	1665	16	N	0	0	14	22
A_PB2	1666	16	N	0	0	16	23.125
A_PB2	1667	16	N	0	0	16	22.875
A_PB2	1668	16	N	0	0	14	21.5714285714286
A_PB2	1669	15	N	1	0	15	22.1333333333333
A_PB2	1670	15	N	1	0	15	20.0666666666667
A_PB2	1671	15	N	1	0	15	18.3333333333333
A_PB2	1672	16	N	0	0	16	18
A_PB2	1673	16	N	0	0	16	18.0625
A_PB2	1674	16	N	0	0	16	17.8125
A_PB2	1675	16	N	0	0	13	18.0769230769231
A_PB2	1676	16	N	0	0	15	20.7333333333333
A_PB2	1677	16	N	0	0	16	19.8125
A_PB2	1678	16	N	0	0	15	20.3333333333333
A_PB2	1679	16	N	0	0	16	20.8125
A_PB2	1680	16	N	0	0	13	22.7692307692308
A_PB2	1681	16	N	0	0	16	22.3125
A_PB2	1682	16	N	0	0	16	23.6875
A_PB2	1683	16	N	0	0	16	24.4375
A_PB2	1684	16	N	0	0	16	24.3125
A_PB2	1685	16	N	0	0	16	23.8125
A_PB2	1686	16	N	0	0	16	25.5
A_PB2	1687	16	N	0	0	16	25
A_PB2	1688	16	N	0	0	15	20.3333333333333
A_PB2	1689	16	N	0	0	13	19.7692307692308
A_PB2	1690	16	N	0	0	16	21.8125
A_PB2	1691	16	N	0	0	15	22.8
A_PB2	1692	16	N	0	0	16	21.6875
A_PB2	1693	16	N	0	0	16	22
A_PB2	1694	16	N	0	0	16	20.8125
A_PB2	1695	16	N	0	0	14	22.6428571428571
A_PB2	1696	16	N	0	0	16	23.25
A_PB2	1697	16	N	0	0	16	24.125
A_PB2	1698	16	N	0	0	15	18.9333333333333
A_PB2	1699	16	N	0	0	15	18.7333333333333
A_PB2	1700	16	N	0	0	16	20.5625
A_PB2	1701	16	N	0	0	13	20.0769230769231
A_PB2	1702	16	N	0	0	16	21.4375
A_PB2	1703	16	N	0	0	16	20.1875
A_PB2	1704	16	N	0	0	15	21.0666666666667
A_PB2	1705	16	N	0	0	13	22.2307692307692
A_PB2	1706	16	N	0	0	16	22.75
A_PB2	1707	16	N	0	0	16	23
A_PB2	1708	16	N	0	0	16	21.875
A_PB2	1709	16	N	0	0	16	22.4375
A_PB2	1710	16	N	0	0	16	23.5
A_PB2	1711	16	N	0	0	13	22
A_PB2	1712	16	N	0	0	16	23.9375
A_PB2	1713	16	N	0	0	14	24
A_PB2	1714	16	N	0	0	16	23.8125
A_PB2	1715	16	N	0	0	16	25
A_PB2	1716	16	N	0	0	16	24
A_PB2	1717	16	N	0	0	16	23.4375
A_PB2	1718	16	N	0	0	16	22.75
A_PB2	1719	16	N	0	0	13	23.4615384615385
A_PB2	1720	16	N	0	0	16	23.3125
A_PB2	1721	16	N	0	0	16	23.9375
A_PB2	1722	16	N	0	0	15	26.5333333333333
A_PB2	1723	16	N	0	0	16	27.5
A_PB2	1724	16	N	0	0	16	25.625
A_PB2	1725	16	N	0	0	16	25.375
A_PB2	1726	15	N	1	0	15	23.2666666666667
A_PB2	1727	15	N	1	0	15	22.5333333333333
A_PB2	1728	16	N	0	0	16	22.75
A_PB2	1729	16	N	0	0	16	22.375
A_PB2	1730	16	N	0	0	15	23.9333333333333
A_PB2	1731	16	N	0	0	16	24.5
A_PB2	1732	16	N	0	0	16	21.125
A_PB2	1733	15	N	1	0	14	20.7142857142857
A_PB2	1734	15	N	1	0	12	18.75
A_PB2	1735	15	N	1	0	15	18.7333333333333
A_PB2	1736	15	N	1	0	15	18.8
A_PB2	1737	16	N	0	0	15	20.1333333333333
A_PB2	1738	16	N	0	0	16	23.375
A_PB2	1739	16	N	0	0	16	24.6875
A_PB2	1740	16	N	0	0	16	23.8125
A_PB2	1741	16	N	0	0	16	26.8125
A_PB2	1742	16	N	0	0	14	23.8571428571429
A_PB2	1743	16	N	0	0	14	20.0714285714286
A_PB2	1744	16	N	0	0	16	21.8125
A_PB2	1745	16	N	0	0	16	22.0625
A_PB2	1746	16	N	0	0	16	25.0625
A_PB2	1747	16	N	0	0	15	27.2666666666667
A_PB2	1748	16	N	0	0	16	26.1875
A_PB2	1749	16	N	0	0	14	20.2142857142857
A_PB2	1750	16	N	0	0	16	18.25
A_PB2	1751	16	N	0	0	15	18.2666666666667
A_PB2	1752	16	N	0	0	14	18.3571428571429
A_PB2	1753	15	N	1	0	14	21.4285714285714
A_PB2	1754	16	N	0	0	16	18.8125
A_PB2	1755	16	N	0	0	14	16.3571428571429
A_PB2	1756	16	N	0	0	16	18.3125
A_PB2	1757	16	N	0	0	16	22.9375
A_PB2	1758	15	N	1	0	15	21.8
A_PB2	1759	15	N	1	0	15	23.0666666666667
A_PB2	1760	15	N	1	0	15	21.6666666666667
A_PB2	1761	15	N	1	0	15	22.6
A_PB2	1762	16	N	0	0	15	23.6
A_PB2	1763	16	N	0	0	13	21.5384615384615
A_PB2	1764	16	N	0	0	16	24
A_PB2	1765	16	N	0	0	14	17.1428571428571
A_PB2	1766	16	N	0	0	16	17.1875
A_PB2	1767	16	N	0	0	14	15.9285714285714
A_PB2	1768	13	N	3	0	11	16.8181818181818
A_PB2	1769	16	N	0	0	15	17.2
A_PB2	1770	16	N	0	0	14	18
A_PB2	1771	16	N	0	0	14	19.2857142857143
A_PB2	1772	16	N	0	0	15	22.2666666666667
A_PB2	1773	16	N	0	0	15	22.8
A_PB2	1774	16	N	0	0	16	22.5625
A_PB2	1775	16	N	0	0	16	24.1875
A_PB2	1776	16	N	0	0	16	24.1875
A_PB2	1777	16	N	0	0	16	22.9375
A_PB2	1778	16	N	0	0	16	23.1875
A_PB2	1779	16	N	0	0	16	23.625
A_PB2	1780	16	N	0	0	16	24.9375
A_PB2	1781	16	N	0	0	16	25.1875
A_PB2	1782	16	N	0	0	15	20
A_PB2	1783	16	N	0	0	15	20.2666666666667
A_PB2	1784	16	N	0	0	15	20.2
A_PB2	1785	16	N	0	0	15	23.7333333333333
A_PB2	1786	16	N	0	0	16	24.1875
A_PB2	1787	16	N	0	0	16	24.375
A_PB2	1788	16	N	0	0	13	24.4615384615385
A_PB2	1789	15	N	1	0	14	22.0714285714286
A_PB2	1790	15	N	1	0	14	21.7857142857143
A_PB2	1791	16	N	0	0	14	19.0714285714286
A_PB2	1792	16	N	0	0	16	19.9375
A_PB2	1793	16	N	0	0	15	21
A_PB2	1794	15	N	1	0	14	21.1428571428571
A_PB2	1795	16	N	0	0	16	22
A_PB2	1796	16	N	0	0	16	22.625
A_PB2	1797	16	N	0	0	15	21.2666666666667
A_PB2	1798	16	N	0	0	16	22
A_PB2	1799	16	N	0	0	16	22.4375
A_PB2	1800	16	N	0	0	15	23.3333333333333
A_PB2	1801	16	N	0	0	16	20.0625
A_PB2	1802	16	N	0	0	16	18.9375
A_PB2	1803	16	N	0	0	15	19.4
A_PB2	1804	16	N	0	0	16	22.3125
A_PB2	1805	16	N	0	0	16	23.375
A_PB2	1806	16	N	0	0	16	23.6875
A_PB2	1807	16	N	0	0	16	25.5
A_PB2	1808	16	N	0	0	16	25.8125
A_PB2	1809	16	N	0	0	15	21.5333333333333
A_PB2	1810	15	N	1	0	14	20.6428571428571
A_PB2	1811	13	N	3	0	13	17.8461538461538
A_PB2	1812	15	N	1	0	14	17.7857142857143
A_PB2	1813	16	N	0	0	16	17
A_PB2	1814	16	N	0	0	16	16.625
A_PB2	1815	16	N	0	0	14	17.5
A_PB2	1816	16	N	0	0	16	18.3125
A_PB2	1817	15	N	1	0	15	21.9333333333333
A_PB2	1818	15	N	1	0	14	22.5
A_PB2	1819	15	N	1	0	15	21.4666666666667
A_PB2	1820	15	N	1	0	14	23.2857142857143
A_PB2	1821	15	N	1	0	14	25.5
A_PB2	1822	15	N	1	0	14	23.5714285714286
A_PB2	1823	16	N	0	0	16	23.375
A_PB2	1824	16	N	0	0	16	22
A_PB2	1825	16	N	0	0	16	23.3125
A_PB2	1826	16	N	0	0	16	23.4375
A_PB2	1827	16	N	0	0	16	23.9375
A_PB2	1828	16	N	0	0	16	24.875
A_PB2	1829	16	N	0	0	16	26.3125
A_PB2	1830	16	N	0	0	16	28
A_PB2	1831	16	N	0	0	16	28.8125
A_PB2	1832	16	N	0	0	16	28.375
A_PB2	1833	16	N	0	0	13	28.4615384615385
A_PB2	1834	16	N	0	0	15	25.6666666666667
A_PB2	1835	15	N	1	0	15	22.7333333333333
A_PB2	1836	16	N	0	0	13	24.0769230769231
A_PB2	1837	16	N	0	0	12	21.9166666666667
A_PB2	1838	15	N	1	0	13	23.7692307692308
A_PB2	1839	16	N	0	0	15	21.7333333333333
A_PB2	1840	16	N	0	0	15	20.4
A_PB2	1841	16	N	0	0	16	18.5625
A_PB2	1842	15	N	1	0	14	20.8571428571429
A_PB2	1843	16	N	0	0	16	20.8125
A_PB2	1844	16	N	0	0	16	21.75
A_PB2	1845	16	N	0	0	16	21.1875
A_PB2	1846	16	N	0	0	16	21.9375
A_PB2	1847	16	N	0	0	15	21.1333333333333
A_PB2	1848	16	N	0	0	16	21.6875
A_PB2	1849	16	N	0	0	16	20.625
A_PB2	1850	15	N	0	0	15	22
A_PB2	1851	14	N	1	0	13	25.6153846153846
A_PB2	1852	14	N	1	0	14	22.6428571428571
A_PB2	1853	14	N	1	0	14	22.4285714285714
A_PB2	1854	15	N	0	0	13	21.9230769230769
A_PB2	1855	15	N	0	0	15	19.9333333333333
A_PB2	1856	15	N	0	0	15	19.7333333333333
A_PB2	1857	14	N	1	0	13	19.6923076923077
A_PB2	1858	14	N	1	0	14	21.5
A_PB2	1859	15	N	0	0	14	21.6428571428571
A_PB2	1860	15	N	0	0	14	16.2857142857143
A_PB2	1861	13	N	2	0	12	18.6666666666667
A_PB2	1862	15	N	0	0	15	21.2666666666667
A_PB2	1863	14	N	1	0	14	23.6428571428571
A_PB2	1864	13	N	2	0	13	23.3846153846154
A_PB2	1865	14	N	1	0	13	20.7692307692308
A_PB2	1866	14	N	1	0	11	19.2727272727273
A_PB2	1867	15	N	0	0	15	19.8666666666667
A_PB2	1868	15	N	0	0	15	20.1333333333333
A_PB2	1869	13	N	2	0	9	19.6666666666667
A_PB2	1870	13	N	2	0	13	17.3846153846154
A_PB2	1871	14	N	1	0	14	18.2142857142857
A_PB2	1872	15	N	0	0	11	17.1818181818182
A_PB2	1873	15	N	0	0	14	17.5714285714286
A_PB2	1874	15	N	0	0	15	16.6666666666667
A_PB2	1875	15	N	0	0	15	15
A_PB2	1876	15	N	0	0	15	15.1333333333333
A_PB2	1877	15	N	0	0	15	14.8666666666667
A_PB2	1878	14	N	1	0	14	15.1428571428571
A_PB2	1879	15	N	0	0	14	15.3571428571429
A_PB2	1880	15	N	0	0	15	19.4
A_PB2	1881	15	N	0	0	14	18.2142857142857
A_PB2	1882	15	N	0	0	15	18.8666666666667
A_PB2	1883	15	N	0	0	15	19.1333333333333
A_PB2	1884	15	N	0	0	14	19.2142857142857
A_PB2	1885	15	N	0	0	15	15.6
A_PB2	1886	15	N	0	0	15	17.2
A_PB2	1887	15	N	0	0	12	19.25
A_PB2	1888	15	N	0	0	15	21.1333333333333
A_PB2	1889	15	N	0	0	15	19.9333333333333
A_PB2	1890	14	N	1	0	13	19.3076923076923
A_PB2	1891	14	N	1	0	14	18.9285714285714
A_PB2	1892	15	N	0	0	14	18.1428571428571
A_PB2	1893	15	N	0	0	15	17.5333333333333
A_PB2	1894	15	N	0	0	15	17.6
A_PB2	1895	15	N	0	0	14	14.5
A_PB2	1896	15	N	0	0	14	15.1428571428571
A_PB2	1897	15	N	0	0	15	15.3333333333333
A_PB2	1898	15	N	0	0	15	22.1333333333333
A_PB2	1899	14	N	1	0	14	19.5
A_PB2	1900	15	N	0	0	15	23.1333333333333
A_PB2	1901	15	N	0	0	15	28.9333333333333
A_PB2	1902	15	N	0	0	15	31.0666666666667
A_PB2	1903	15	N	0	0	15	28
A_PB2	1904	15	N	0	0	15	27.3333333333333
A_PB2	1905	15	N	0	0	15	25.3333333333333
A_PB2	1906	14	N	1	0	13	26
A_PB2	1907	14	N	1	0	14	25.2857142857143
A_PB2	1908	14	N	1	0	14	25.5
A_PB2	1909	14	N	1	0	13	25.0769230769231
A_PB2	1910	14	N	1	0	14	22.7142857142857
A_PB2	1911	15	N	0	0	14	25.0714285714286
A_PB2	1912	15	N	0	0	13	25.7692307692308
A_PB2	1913	15	N	0	0	13	25.2307692307692
A_PB2	1914	15	N	0	0	15	21.2666666666667
A_PB2	1915	14	N	1	0	13	22.5384615384615
A_PB2	1916	15	N	0	0	15	22.4
A_PB2	1917	15	N	0	0	14	23.5
A_PB2	1918	15	N	0	0	14	22.2142857142857
A_PB2	1919	15	N	0	0	15	21.4
A_PB2	1920	15	N	0	0	13	23.7692307692308
A_PB2	1921	15	N	0	0	14	19.2857142857143
A_PB2	1922	14	N	1	0	14	18.5714285714286
A_PB2	1923	14	N	1	0	12	19.6666666666667
A_PB2	1924	15	N	0	0	15	26.5333333333333
A_PB2	1925	15	N	0	0	15	21.3333333333333
A_PB2	1926	15	N	0	0	15	21
A_PB2	1927	15	N	0	0	15	21.6666666666667
A_PB2	1928	15	N	0	0	15	22.8
A_PB2	1929	15	N	0	0	15	18.2666666666667
A_PB2	1930	15	N	0	0	15	16.8
A_PB2	1931	15	N	0	0	15	19.3333333333333
A_PB2	1932	14	N	1	0	12	21.0833333333333
A_PB2	1933	15	N	0	0	13	25.4615384615385
A_PB2	1934	15	N	0	0	15	24.2666666666667
A_PB2	1935	15	N	0	0	14	25.5714285714286
A_PB2	1936	15	N	0	0	15	24.4666666666667
A_PB2	1937	15	N	0	0	15	23.1333333333333
A_PB2	1938	15	N	0	0	14	24.7857142857143
A_PB2	1939	15	N	0	0	15	23.1333333333333
A_PB2	1940	15	N	0	0	15	23.5333333333333
A_PB2	1941	15	N	0	0	15	20.5333333333333
A_PB2	1942	14	N	1	0	14	21.5714285714286
A_PB2	1943	14	N	1	0	13	21.0769230769231
A_PB2	1944	13	N	2	0	12	22.6666666666667
A_PB2	1945	13	N	2	0	13	24.1538461538462
A_PB2	1946	13	N	2	0	13	22.7692307692308
A_PB2	1947	14	N	1	0	13	21.6153846153846
A_PB2	1948	14	N	1	0	11	17.6363636363636
A_PB2	1949	14	N	1	0	14	14.4285714285714
A_PB2	1950	15	N	0	0	13	16.8461538461538
A_PB2	1951	15	N	0	0	14	17.0714285714286
A_PB2	1952	15	N	0	0	15	19.4666666666667
A_PB2	1953	15	N	0	0	15	19.6666666666667
A_PB2	1954	14	N	1	0	14	21.1428571428571
A_PB2	1955	15	N	0	0	15	21.9333333333333
A_PB2	1956	15	N	0	0	15	23.1333333333333
A_PB2	1957	15	N	0	0	15	24.8
A_PB2	1958	15	N	0	0	14	25.8571428571429
A_PB2	1959	15	N	0	0	15	24.5333333333333
A_PB2	1960	14	N	1	0	13	25.3846153846154
A_PB2	1961	15	N	0	0	14	24.7857142857143
A_PB2	1962	15	N	0	0	14	21.2857142857143
A_PB2	1963	15	N	0	0	12	21.1666666666667
A_PB2	1964	15	N	0	0	15	27.6
A_PB2	1965	15	N	0	0	15	29.0666666666667
A_PB2	1966	15	N	0	0	15	32.6
A_PB2	1967	15	N	0	0	15	23.5333333333333
A_PB2	1968	15	N	0	0	15	23.5333333333333
A_PB2	1969	14	N	1	0	14	25.2142857142857
A_PB2	1970	15	N	0	0	15	21.1333333333333
A_PB2	1971	15	N	0	0	14	19.6428571428571
A_PB2	1972	14	N	1	0	14	21.7857142857143
A_PB2	1973	15	N	0	0	14	21.1428571428571
A_PB2	1974	15	N	0	0	15	23
A_PB2	1975	15	N	0	0	15	22.9333333333333
A_PB2	1976	15	N	0	0	15	23.5333333333333
A_PB2	1977	15	N	0	0	15	22.7333333333333
A_PB2	1978	15	N	0	0	15	23
A_PB2	1979	15	N	0	0	15	24.6
A_PB2	1980	15	N	0	0	15	22.4
A_PB2	1981	15	N	0	0	14	22.3571428571429
A_PB2	1982	14	N	1	0	14	21.5
A_PB2	1983	15	N	0	0	14	21.4285714285714
A_PB2	1984	15	N	0	0	15	21.0666666666667
A_PB2	1985	15	N	0	0	15	20.8
A_PB2	1986	15	N	0	0	12	20.0833333333333
A_PB2	1987	13	N	2	0	13	22
A_PB2	1988	15	N	0	0	15	22.4666666666667
A_PB2	1989	15	N	0	0	12	18.5
A_PB2	1990	15	N	0	0	14	20.1428571428571
A_PB2	1991	15	N	0	0	15	29.8666666666667
A_PB2	1992	15	N	0	0	13	60.2307692307692
A_PB2	1993	15	N	0	0	15	24.9333333333333
A_PB2	1994	15	N	0	0	15	24.3333333333333
A_PB2	1995	15	N	0	0	14	25.0714285714286
A_PB2	1996	15	N	0	0	15	25.1333333333333
A_PB2	1997	15	N	0	0	15	25.8
A_PB2	1998	15	N	0	0	14	28.0714285714286
A_PB2	1999	15	N	0	0	15	26.4666666666667
A_PB2	2000	15	N	0	0	15	27.3333333333333
A_PB2	2001	15	N	0	0	15	28.4666666666667
A_PB2	2002	15	N	0	0	15	26.6
A_PB2	2003	15	N	0	0	15	25.6666666666667
A_PB2	2004	15	N	0	0	12	22.75
A_PB2	2005	15	N	0	0	15	14.6666666666667
A_PB2	2006	15	N	0	0	14	14.9285714285714
A_PB2	2007	15	N	0	0	14	14.7142857142857
A_PB2	2008	15	N	0	0	15	21.1333333333333
A_PB2	2009	15	N	0	0	15	22.8666666666667
A_PB2	2010	14	N	1	0	12	24.5
A_PB2	2011	15	N	0	0	15	22
A_PB2	2012	15	N	0	0	15	21.0666666666667
A_PB2	2013	15	N	0	0	15	22.9333333333333
A_PB2	2014	15	N	0	0	14	26.2857142857143
A_PB2	2015	15	N	0	0	14	25.8571428571429
A_PB2	2016	15	N	0	0	12	22.5833333333333
A_PB2	2017	15	N	0	0	15	21.6666666666667
A_PB2	2018	15	N	0	0	15	22.0666666666667
A_PB2	2019	15	N	0	0	15	23
A_PB2	2020	15	N	0	0	15	23.4666666666667
A_PB2	2021	15	N	0	0	15	22.7333333333333
A_PB2	2022	14	N	1	0	14	22.0714285714286
A_PB2	2023	14	N	1	0	12	24.6666666666667
A_PB2	2024	15	N	0	0	15	24.9333333333333
A_PB2	2025	15	N	0	0	14	24.6428571428571
A_PB2	2026	15	N	0	0	15	23.4
A_PB2	2027	15	N	0	0	13	22
A_PB2	2028	14	N	1	0	14	21.7142857142857
A_PB2	2029	14	N	1	0	14	20.8571428571429
A_PB2	2030	15	N	0	0	15	20.2
A_PB2	2031	15	N	0	0	14	23.2857142857143
A_PB2	2032	15	N	0	0	15	22.9333333333333
A_PB2	2033	15	N	0	0	15	22.6
A_PB2	2034	15	N	0	0	13	23.2307692307692
A_PB2	2035	15	N	0	0	14	21.9285714285714
A_PB2	2036	15	N	0	0	15	20.9333333333333
A_PB2	2037	14	N	1	0	14	21.7142857142857
A_PB2	2038	15	N	0	0	14	20.7142857142857
A_PB2	2039	15	N	0	0	15	20.4666666666667
A_PB2	2040	15	N	0	0	15	22.8666666666667
A_PB2	2041	15	N	0	0	14	23.5714285714286
A_PB2	2042	15	N	0	0	15	25.8
A_PB2	2043	15	N	0	0	15	24.3333333333333
A_PB2	2044	15	N	0	0	13	21.6153846153846
A_PB2	2045	15	N	0	0	15	22.3333333333333
A_PB2	2046	13	N	2	0	13	23.5384615384615
A_PB2	2047	13	N	2	0	13	25.7692307692308
A_PB2	2048	15	N	0	0	15	23.0666666666667
A_PB2	2049	15	N	0	0	15	24.1333333333333
A_PB2	2050	15	N	0	0	15	24.7333333333333
A_PB2	2051	15	N	0	0	15	25.8
A_PB2	2052	14	N	1	0	13	23.3846153846154
A_PB2	2053	15	N	0	0	13	23.4615384615385
A_PB2	2054	15	N	0	0	14	24.5714285714286
A_PB2	2055	15	N	0	0	13	20
A_PB2	2056	15	N	0	0	15	19.1333333333333
A_PB2	2057	15	N	0	0	15	18.1333333333333
A_PB2	2058	14	N	1	0	14	16.7142857142857
A_PB2	2059	15	N	0	0	15	17.4
A_PB2	2060	15	N	0	0	15	16.3333333333333
A_PB2	2061	15	N	0	0	15	17.4666666666667
A_PB2	2062	15	N	0	0	15	18.2666666666667
A_PB2	2063	15	N	0	0	15	19.5333333333333
A_PB2	2064	15	N	0	0	14	18.7142857142857
A_PB2	2065	14	N	1	0	12	19.5
A_PB2	2066	14	N	1	0	13	21.9230769230769
A_PB2	2067	14	N	1	0	14	21.7142857142857
A_PB2	2068	15	N	0	0	14	16.4285714285714
A_PB2	2069	15	N	0	0	14	20.6428571428571
A_PB2	2070	15	N	0	0	12	23.25
A_PB2	2071	15	N	0	0	14	23.0714285714286
A_PB2	2072	15	N	0	0	13	22.3076923076923
A_PB2	2073	15	N	0	0	15	20.2666666666667
A_PB2	2074	15	N	0	0	15	18.7333333333333
A_PB2	2075	12	N	3	0	12	23.1666666666667
A_PB2	2076	13	N	2	0	13	31.6923076923077
A_PB2	2077	13	N	2	0	13	21.9230769230769
A_PB2	2078	14	N	1	0	14	17.2142857142857
A_PB2	2079	15	N	0	0	13	16.4615384615385
A_PB2	2080	15	N	0	0	14	18.1428571428571
A_PB2	2081	15	N	0	0	15	18.2
A_PB2	2082	15	N	0	0	14	19.2857142857143
A_PB2	2083	15	N	0	0	15	18.6666666666667
A_PB2	2084	15	N	0	0	14	17.2857142857143
A_PB2	2085	15	N	0	0	15	18
A_PB2	2086	15	N	0	0	15	20.8
A_PB2	2087	15	N	0	0	15	20.4
A_PB2	2088	14	N	0	0	14	22.6428571428571
A_PB2	2089	13	N	1	0	10	21.3
A_PB2	2090	13	N	1	0	13	22.0769230769231
A_PB2	2091	13	N	1	0	9	22.7777777777778
A_PB2	2092	13	N	1	0	13	22
A_PB2	2093	14	N	0	0	13	20.7692307692308
A_PB2	2094	14	N	0	0	12	20.1666666666667
A_PB2	2095	13	N	1	0	13	19.3076923076923
A_PB2	2096	14	N	0	0	13	22.9230769230769
A_PB2	2097	14	N	0	0	14	19.1428571428571
A_PB2	2098	14	N	0	0	14	19.5
A_PB2	2099	14	N	0	0	14	24.2857142857143
A_PB2	2100	14	N	0	0	14	21
A_PB2	2101	14	N	0	0	14	19.2857142857143
A_PB2	2102	14	N	0	0	14	20.9285714285714
A_PB2	2103	14	N	0	0	11	21
A_PB2	2104	14	N	0	0	14	21.0714285714286
A_PB2	2105	14	N	0	0	13	21.4615384615385
A_PB2	2106	14	N	0	0	12	18.0833333333333
A_PB2	2107	14	N	0	0	14	19.5
A_PB2	2108	14	N	0	0	14	21.9285714285714
A_PB2	2109	14	N	0	0	14	29.2142857142857
A_PB2	2110	14	N	0	0	14	23.7142857142857
A_PB2	2111	14	N	0	0	14	25
A_PB2	2112	14	N	0	0	12	27.9166666666667
A_PB2	2113	14	N	0	0	14	26
A_PB2	2114	14	N	0	0	14	24.6428571428571
A_PB2	2115	14	N	0	0	13	24.4615384615385
A_PB2	2116	14	N	0	0	14	23.5
A_PB2	2117	14	N	0	0	14	22.8571428571429
A_PB2	2118	14	N	0	0	14	23.2142857142857
A_PB2	2119	14	N	0	0	14	22.7142857142857
A_PB2	2120	14	N	0	0	13	23.9230769230769
A_PB2	2121	14	N	0	0	14	23.7142857142857
A_PB2	2122	14	N	0	0	12	24.0833333333333
A_PB2	2123	14	N	0	0	13	22.6923076923077
A_PB2	2124	13	N	1	0	13	22.6153846153846
A_PB2	2125	14	N	0	0	14	20.8571428571429
A_PB2	2126	14	N	0	0	13	18.8461538461538
A_PB2	2127	14	N	0	0	14	18.1428571428571
A_PB2	2128	14	N	0	0	14	18.5714285714286
A_PB2	2129	14	N	0	0	14	20
A_PB2	2130	14	N	0	0	14	23.7142857142857
A_PB2	2131	14	N	0	0	13	25.8461538461538
A_PB2	2132	14	N	0	0	13	26.3076923076923
A_PB2	2133	14	N	0	0	14	24.7857142857143
A_PB2	2134	14	N	0	0	14	24.2857142857143
A_PB2	2135	15	N	0	0	15	24.4
A_PB2	2136	15	N	0	0	15	24.3333333333333
A_PB2	2137	15	N	0	0	15	24.6666666666667
A_PB2	2138	15	N	0	0	14	25.8571428571429
A_PB2	2139	15	N	0	0	15	24.9333333333333
A_PB2	2140	14	N	1	0	14	23.9285714285714
A_PB2	2141	15	N	0	0	15	22.5333333333333
A_PB2	2142	15	N	0	0	15	22.5333333333333
A_PB2	2143	14	N	1	0	14	22.4285714285714
A_PB2	2144	14	N	1	0	14	22.1428571428571
A_PB2	2145	14	N	1	0	14	23.3571428571429
A_PB2	2146	14	N	1	0	14	22.5714285714286
A_PB2	2147	15	N	0	0	15	22
A_PB2	2148	15	N	0	0	15	21.9333333333333
A_PB2	2149	15	N	0	0	15	21
A_PB2	2150	15	N	0	0	15	19.4
A_PB2	2151	15	N	0	0	12	17.9166666666667
A_PB2	2152	15	N	0	0	14	18.7857142857143
A_PB2	2153	14	N	1	0	14	20.7142857142857
A_PB2	2154	14	N	1	0	14	26
A_PB2	2155	14	N	1	0	14	28.5
A_PB2	2156	13	N	2	0	13	22.6153846153846
A_PB2	2157	14	N	1	0	11	20.4545454545455
A_PB2	2158	15	N	0	0	15	19.2
A_PB2	2159	15	N	0	0	15	24.4666666666667
A_PB2	2160	15	N	0	0	14	20.5714285714286
A_PB2	2161	15	N	0	0	15	21.6
A_PB2	2162	15	N	0	0	15	21.1333333333333
A_PB2	2163	15	N	0	0	14	20.8571428571429
A_PB2	2164	15	N	0	0	15	18.8
A_PB2	2165	15	N	0	0	15	18.6
A_PB2	2166	14	N	1	0	14	25.3571428571429
A_PB2	2167	14	N	1	0	14	22.4285714285714
A_PB2	2168	15	N	0	0	14	21.6428571428571
A_PB2	2169	15	N	0	0	13	20.9230769230769
A_PB2	2170	15	N	0	0	15	21.2
A_PB2	2171	15	N	0	0	13	21.7692307692308
A_PB2	2172	15	N	0	0	13	21.6923076923077
A_PB2	2173	14	N	1	0	13	21.0769230769231
A_PB2	2174	15	N	0	0	14	20.9285714285714
A_PB2	2175	15	N	0	0	15	23.8666666666667
A_PB2	2176	15	N	0	0	15	26.1333333333333
A_PB2	2177	15	N	0	0	15	26.2666666666667
A_PB2	2178	15	N	0	0	15	26.5333333333333
A_PB2	2179	15	N	0	0	15	25.1333333333333
A_PB2	2180	15	N	0	0	15	24.4
A_PB2	2181	15	N	0	0	15	24.8666666666667
A_PB2	2182	15	N	0	0	15	25.1333333333333
A_PB2	2183	13	N	2	0	13	26.0769230769231
A_PB2	2184	13	N	2	0	12	26.8333333333333
A_PB2	2185	14	N	1	0	14	23.4285714285714
A_PB2	2186	14	N	1	0	13	23.3846153846154
A_PB2	2187	15	N	0	0	14	21.5714285714286
A_PB2	2188	15	N	0	0	15	20.7333333333333
A_PB2	2189	15	N	0	0	14	24.0714285714286
A_PB2	2190	15	N	0	0	15	21
A_PB2	2191	15	N	0	0	14	20.3571428571429
A_PB2	2192	15	N	0	0	15	20.4
A_PB2	2193	15	N	0	0	12	27.1666666666667
A_PB2	2194	15	N	0	0	15	22.2
A_PB2	2195	15	N	0	0	15	23.4666666666667
A_PB2	2196	15	N	0	0	15	24.1333333333333
A_PB2	2197	15	N	0	0	15	25.1333333333333
A_PB2	2198	15	N	0	0	15	26.3333333333333
A_PB2	2199	15	N	0	0	15	25.6666666666667
A_PB2	2200	15	N	0	0	15	24.0666666666667
A_PB2	2201	15	N	0	0	15	24.3333333333333
A_PB2	2202	15	N	0	0	15	24
A_PB2	2203	15	N	0	0	14	24.3571428571429
A_PB2	2204	15	N	0	0	15	25.6
A_PB2	2205	15	N	0	0	15	24.2666666666667
A_PB2	2206	14	N	1	0	14	23.3571428571429
A_PB2	2207	14	N	1	0	14	23.6428571428571
A_PB2	2208	14	N	1	0	13	25.5384615384615
A_PB2	2209	14	N	1	0	13	20.7692307692308
A_PB2	2210	15	N	0	0	14	18.1428571428571
A_PB2	2211	14	N	1	0	11	17.2727272727273
A_PB2	2212	15	N	0	0	15	17.2666666666667
A_PB2	2213	15	N	0	0	15	22.9333333333333
A_PB2	2214	15	N	0	0	15	27.8666666666667
A_PB2	2215	15	N	0	0	15	21.8666666666667
A_PB2	2216	15	N	0	0	15	19.5333333333333
A_PB2	2217	15	N	0	0	15	20.0666666666667
A_PB2	2218	15	N	0	0	12	20.75
A_PB2	2219	15	N	0	0	15	26.5333333333333
A_PB2	2220	15	N	0	0	15	24.0666666666667
A_PB2	2221	15	N	0	0	15	24.2
A_PB2	2222	15	N	0	0	15	22.8666666666667
A_PB2	2223	14	N	0	0	13	20.8461538461538
A_PB2	2224	14	N	0	0	14	20.1428571428571
A_PB2	2225	14	N	0	0	14	20.5
A_PB2	2226	13	N	1	0	11	23
A_PB2	2227	13	N	1	0	13	21.8461538461538
A_PB2	2228	14	N	0	0	14	22.2857142857143
A_PB2	2229	14	N	0	0	14	22.5714285714286
A_PB2	2230	14	N	0	0	14	22.8571428571429
A_PB2	2231	14	N	0	0	14	22.7857142857143
A_PB2	2232	14	N	0	0	14	22.6428571428571
A_PB2	2233	14	N	0	0	14	20.1428571428571
A_PB2	2234	14	N	0	0	14	22.0714285714286
A_PB2	2235	14	N	0	0	14	23.1428571428571
A_PB2	2236	14	N	0	0	14	23.1428571428571
A_PB2	2237	14	N	0	0	14	22.5714285714286
A_PB2	2238	14	N	0	0	14	22.4285714285714
A_PB2	2239	14	N	0	0	14	18.7142857142857
A_PB2	2240	14	N	0	0	14	17.7857142857143
A_PB2	2241	14	N	0	0	14	19.5
A_PB2	2242	13	N	0	0	13	18.9230769230769
A_PB2	2243	7	N	0	0	7	20.2857142857143
A_PB2	2244	7	N	0	0	7	19.7142857142857
A_PB2	2245	7	N	0	0	7	20.2857142857143
A_PB2	2246	7	N	0	0	7	21.1428571428571
A_PB2	2247	7	N	0	0	7	20.4285714285714
A_PB2	2248	7	N	0	0	7	23.1428571428571
A_PB2	2249	7	N	0	0	7	23.1428571428571
A_PB2	2250	7	N	0	0	7	19.4285714285714
A_PB2	2251	7	N	0	0	7	20.8571428571429
A_PB2	2252	6	N	1	0	6	20.3333333333333
A_PB2	2253	6	N	1	0	6	20.3333333333333
A_PB2	2254	7	N	0	0	6	21.8333333333333
A_PB2	2255	7	N	0	0	7	23.5714285714286
A_PB2	2256	7	N	0	0	7	25.1428571428571
A_PB2	2257	7	N	0	0	5	18.8
A_PB2	2258	7	N	0	0	7	22
A_PB2	2259	6	N	1	0	3	21
A_PB2	2260	6	N	1	0	6	31.5
A_PB2	2261	7	N	0	0	7	29.4285714285714
A_PB2	2262	7	N	0	0	7	30
A_PB2	2263	7	N	0	0	7	29.2857142857143
A_PB2	2264	7	N	0	0	6	30.8333333333333
A_PB2	2265	7	N	0	0	5	22
A_PB2	2266	7	N	0	0	4	24
A_PB2	2267	7	N	0	0	7	21
A_PB2	2268	7	N	0	0	7	20.5714285714286
A_PB2	2269	7	N	0	0	7	20.5714285714286
A_PB2	2270	7	N	0	0	7	21.4285714285714
A_PB2	2271	7	N	0	0	7	22.7142857142857
A_PB2	2272	7	N	0	0	7	22.7142857142857
A_PB2	2273	7	N	0	0	7	24.7142857142857
A_PB2	2274	7	N	0	0	7	25.1428571428571
A_PB2	2275	7	N	0	0	7	20.4285714285714
A_PB2	2276	7	N	0	0	7	19.4285714285714
A_PB2	2277	7	N	0	0	7	20.1428571428571
A_PB2	2278	7	N	0	0	7	23.7142857142857
A_PB2	2279	7	N	0	0	7	23
A_PB2	2280	6	N	0	0	6	21.5
