Reference_Name	Position	Coverage Depth	Consensus	Deletions	Ambiguous	Consensus_Count	Consensus_Average_Quality
A_PB2	1	4	N	0	0	4	24.5
A_PB2	2	4	N	0	0	4	24
A_PB2	3	4	N	0	0	4	19.25
A_PB2	4	4	N	0	0	4	19
A_PB2	5	4	N	0	0	4	17.75
A_PB2	6	4	N	0	0	4	21.5
A_PB2	7	4	N	0	0	4	18.75
A_PB2	8	4	N	0	0	4	25.75
A_PB2	9	4	N	0	0	4	26.25
A_PB2	10	4	N	0	0	4	25
A_PB2	11	4	N	0	0	4	23.75
A_PB2	12	3	N	1	0	3	32.3333333333333
A_PB2	13	4	N	0	0	4	31
A_PB2	14	4	N	0	0	4	25.5
A_PB2	15	4	N	0	0	4	23.5
A_PB2	16	4	N	0	0	4	23.75
A_PB2	17	4	N	0	0	4	24.5
A_PB2	18	4	N	0	0	4	24.75
A_PB2	19	4	N	0	0	4	24.25
A_PB2	20	4	N	0	0	4	27
A_PB2	21	4	N	0	0	4	25.5
A_PB2	22	4	N	0	0	4	22.5
A_PB2	23	4	N	0	0	4	21
A_PB2	24	4	N	0	0	4	20.75
A_PB2	25	4	N	0	0	4	20.75
A_PB2	26	4	N	0	0	4	23.5
A_PB2	27	4	N	0	0	4	28.5
A_PB2	28	4	N	0	0	4	28.75
A_PB2	29	4	N	0	0	4	28.25
A_PB2	30	4	N	0	0	4	26.5
A_PB2	31	4	N	0	0	4	24
A_PB2	32	4	N	0	0	4	25.25
A_PB2	33	4	N	0	0	4	24.75
A_PB2	34	4	N	0	0	4	22.5
A_PB2	35	4	N	0	0	4	21.75
A_PB2	36	4	N	0	0	2	23.5
A_PB2	37	4	N	0	0	4	17.25
A_PB2	38	4	N	0	0	4	16.25
A_PB2	39	4	N	0	0	4	17
A_PB2	40	4	N	0	0	4	23.25
A_PB2	41	4	N	0	0	4	24.5
A_PB2	42	4	N	0	0	4	23.5
A_PB2	43	4	N	0	0	4	23.75
A_PB2	44	4	N	0	0	4	21.5
A_PB2	45	4	N	0	0	4	20.75
A_PB2	46	4	N	0	0	4	20
A_PB2	47	3	N	1	0	3	24.3333333333333
A_PB2	48	4	N	0	0	4	19.25
A_PB2	49	4	N	0	0	3	24.3333333333333
A_PB2	50	4	N	0	0	4	17.5
A_PB2	51	4	N	0	0	4	18.5
A_PB2	52	3	N	1	0	2	20
A_PB2	53	4	N	0	0	3	9.33333333333333
A_PB2	54	4	N	0	0	3	11
A_PB2	55	4	N	0	0	2	18.5
A_PB2	56	4	N	0	0	3	15.6666666666667
A_PB2	57	4	N	0	0	4	14.75
A_PB2	58	4	N	0	0	3	13.6666666666667
A_PB2	59	4	N	0	0	4	16.75
A_PB2	60	4	N	0	0	4	17.5
A_PB2	61	4	N	0	0	4	22.5
A_PB2	62	4	N	0	0	4	23.75
A_PB2	63	4	N	0	0	4	25.25
A_PB2	64	4	N	0	0	4	24.25
A_PB2	65	4	N	0	0	4	24
A_PB2	66	4	N	0	0	4	32.75
A_PB2	67	4	N	0	0	4	28
A_PB2	68	4	N	0	0	4	24.5
A_PB2	69	4	N	0	0	3	28
A_PB2	70	4	N	0	0	4	20.75
A_PB2	71	4	N	0	0	4	21.25
A_PB2	72	4	N	0	0	4	22.25
A_PB2	73	4	N	0	0	4	23.25
A_PB2	74	4	N	0	0	4	23.5
A_PB2	75	4	N	0	0	4	25.25
A_PB2	76	4	N	0	0	4	24.25
A_PB2	77	4	N	0	0	4	26.25
A_PB2	78	3	N	1	0	3	28.6666666666667
A_PB2	79	4	N	0	0	4	26
A_PB2	80	4	N	0	0	4	24.75
A_PB2	81	4	N	0	0	4	23
A_PB2	82	4	N	0	0	4	21.5
A_PB2	83	3	N	1	0	3	27.3333333333333
A_PB2	84	3	N	1	0	3	26.3333333333333
A_PB2	85	3	N	1	0	3	26.3333333333333
A_PB2	86	4	N	0	0	3	26.6666666666667
A_PB2	87	4	N	0	0	3	26
A_PB2	88	4	N	0	0	4	21
A_PB2	89	4	N	0	0	3	27
A_PB2	90	4	N	0	0	4	22.5
A_PB2	91	4	N	0	0	4	23.25
A_PB2	92	4	N	0	0	4	24.5
A_PB2	93	4	N	0	0	4	27.25
A_PB2	94	4	N	0	0	4	25.5
A_PB2	95	4	N	0	0	4	20.75
A_PB2	96	4	N	0	0	4	16.25
A_PB2	97	4	N	0	0	4	16.25
A_PB2	98	4	N	0	0	4	12.75
A_PB2	99	4	N	0	0	4	12.75
A_PB2	100	4	N	0	0	4	13.25
A_PB2	101	2	N	2	0	2	11.5
A_PB2	102	2	N	2	0	2	16.5
A_PB2	103	4	N	0	0	4	19.25
A_PB2	104	4	N	0	0	4	19.5
A_PB2	105	4	N	0	0	4	23
A_PB2	106	4	N	0	0	4	18
A_PB2	107	4	N	0	0	4	20.25
A_PB2	108	3	N	1	0	2	24
A_PB2	109	4	N	0	0	4	18.75
A_PB2	110	4	N	0	0	4	19.25
A_PB2	111	4	N	0	0	4	19.75
A_PB2	112	4	N	0	0	4	22.75
A_PB2	113	4	N	0	0	4	21.25
A_PB2	114	4	N	0	0	4	26.75
A_PB2	115	4	N	0	0	4	25
A_PB2	116	4	N	0	0	4	18.75
A_PB2	117	4	N	0	0	4	17.5
A_PB2	118	4	N	0	0	4	15.5
A_PB2	119	4	N	0	0	4	15.25
A_PB2	120	4	N	0	0	4	23
A_PB2	121	4	N	0	0	4	25
A_PB2	122	3	N	1	0	3	24
A_PB2	123	3	N	1	0	3	27.6666666666667
A_PB2	124	4	N	0	0	4	25.75
A_PB2	125	4	N	0	0	4	25
A_PB2	126	3	N	1	0	3	27
A_PB2	127	4	N	0	0	4	25.75
A_PB2	128	4	N	0	0	4	23.25
A_PB2	129	4	N	0	0	4	20.75
A_PB2	130	4	N	0	0	4	21.25
A_PB2	131	4	N	0	0	4	21.25
A_PB2	132	4	N	0	0	4	23
A_PB2	133	4	N	0	0	4	23.25
A_PB2	134	3	N	1	0	3	24.6666666666667
A_PB2	135	4	N	0	0	3	25.3333333333333
A_PB2	136	4	N	0	0	4	19
A_PB2	137	4	N	0	0	4	17
A_PB2	138	4	N	0	0	4	15
A_PB2	139	4	N	0	0	4	20.5
A_PB2	140	4	N	0	0	4	21.5
A_PB2	141	4	N	0	0	4	24.25
A_PB2	142	4	N	0	0	4	31.25
A_PB2	143	4	N	0	0	4	28.5
A_PB2	144	4	N	0	0	4	29.5
A_PB2	145	4	N	0	0	4	24.75
A_PB2	146	4	N	0	0	4	28
A_PB2	147	4	N	0	0	4	27
A_PB2	148	4	N	0	0	4	26.5
A_PB2	149	4	N	0	0	4	27
A_PB2	150	4	N	0	0	4	26.75
A_PB2	151	4	N	0	0	4	27.75
A_PB2	152	4	N	0	0	4	25.5
A_PB2	153	4	N	0	0	4	21.75
A_PB2	154	4	N	0	0	4	20.5
A_PB2	155	4	N	0	0	4	20
A_PB2	156	4	N	0	0	4	22.25
A_PB2	157	4	N	0	0	4	23.75
A_PB2	158	4	N	0	0	4	26.5
A_PB2	159	4	N	0	0	4	24.5
A_PB2	160	4	N	0	0	4	26.25
A_PB2	161	4	N	0	0	4	28
A_PB2	162	4	N	0	0	4	29.75
A_PB2	163	4	N	0	0	4	30.25
A_PB2	164	4	N	0	0	4	29
A_PB2	165	4	N	0	0	4	28
A_PB2	166	4	N	0	0	4	27.75
A_PB2	167	4	N	0	0	4	26
A_PB2	168	4	N	0	0	4	26.25
A_PB2	169	4	N	0	0	4	25.75
A_PB2	170	4	N	0	0	4	22.5
A_PB2	171	4	N	0	0	4	21.75
A_PB2	172	4	N	0	0	4	18.25
A_PB2	173	4	N	0	0	4	18.75
A_PB2	174	4	N	0	0	4	19.5
A_PB2	175	4	N	0	0	4	22.75
A_PB2	176	4	N	0	0	4	25.5
A_PB2	177	4	N	0	0	4	23.5
A_PB2	178	4	N	0	0	4	21.75
A_PB2	179	4	N	0	0	4	19.25
A_PB2	180	4	N	0	0	4	19
A_PB2	181	3	N	1	0	3	14
A_PB2	182	4	N	0	0	3	19.6666666666667
A_PB2	183	4	N	0	0	4	15.5
A_PB2	184	4	N	0	0	4	16
A_PB2	185	4	N	0	0	4	17.5
A_PB2	186	4	N	0	0	4	16
A_PB2	187	4	N	0	0	4	16.5
A_PB2	188	4	N	0	0	4	15.5
A_PB2	189	4	N	0	0	4	17.25
A_PB2	190	4	N	0	0	3	23.3333333333333
A_PB2	191	4	N	0	0	4	17.25
A_PB2	192	4	N	0	0	4	15.75
A_PB2	193	4	N	0	0	4	16.25
A_PB2	194	4	N	0	0	4	17.25
A_PB2	195	4	N	0	0	4	22.5
A_PB2	196	4	N	0	0	4	26.25
A_PB2	197	4	N	0	0	4	24.75
A_PB2	198	4	N	0	0	4	25
A_PB2	199	4	N	0	0	4	24.5
A_PB2	200	4	N	0	0	4	23.5
A_PB2	201	4	N	0	0	4	25.75
A_PB2	202	3	N	1	0	3	30.3333333333333
A_PB2	203	3	N	1	0	3	22.3333333333333
A_PB2	204	4	N	0	0	4	15.75
A_PB2	205	4	N	0	0	4	15.5
A_PB2	206	4	N	0	0	4	14.5
A_PB2	207	4	N	0	0	4	34.25
A_PB2	208	4	N	0	0	4	59.25
A_PB2	209	4	N	0	0	4	90
A_PB2	210	4	N	0	0	4	27.5
A_PB2	211	4	N	0	0	4	25.75
A_PB2	212	4	N	0	0	4	28.5
A_PB2	213	4	N	0	0	4	26.5
A_PB2	214	4	N	0	0	4	27
A_PB2	215	4	N	0	0	4	28.75
A_PB2	216	4	N	0	0	4	24.5
A_PB2	217	4	N	0	0	4	23
A_PB2	218	4	N	0	0	4	22.5
A_PB2	219	4	N	0	0	4	20.5
A_PB2	220	3	N	1	0	3	20.6666666666667
A_PB2	221	4	N	0	0	4	22.75
A_PB2	222	4	N	0	0	4	19.25
A_PB2	223	4	N	0	0	4	20.75
A_PB2	224	3	N	1	0	3	20.3333333333333
A_PB2	225	4	N	0	0	4	23.5
A_PB2	226	4	N	0	0	4	23.25
A_PB2	227	4	N	0	0	3	23.6666666666667
A_PB2	228	4	N	0	0	4	18
A_PB2	229	4	N	0	0	3	23
A_PB2	230	4	N	0	0	4	20.75
A_PB2	231	4	N	0	0	4	21
A_PB2	232	4	N	0	0	4	21.75
A_PB2	233	4	N	0	0	4	23.25
A_PB2	234	4	N	0	0	4	23
A_PB2	235	4	N	0	0	4	24.5
A_PB2	236	4	N	0	0	4	26.5
A_PB2	237	4	N	0	0	4	26.25
A_PB2	238	4	N	0	0	4	26
A_PB2	239	4	N	0	0	4	28.5
A_PB2	240	4	N	0	0	4	32
A_PB2	241	4	N	0	0	4	47.75
A_PB2	242	4	N	0	0	4	30.5
A_PB2	243	4	N	0	0	2	30
A_PB2	244	4	N	0	0	4	24.75
A_PB2	245	4	N	0	0	4	22.75
A_PB2	246	4	N	0	0	4	22.75
A_PB2	247	4	N	0	0	4	23.75
A_PB2	248	4	N	0	0	4	24.75
A_PB2	249	4	N	0	0	4	26
A_PB2	250	4	N	0	0	4	23.5
A_PB2	251	4	N	0	0	4	20.75
A_PB2	252	4	N	0	0	4	20.75
A_PB2	253	4	N	0	0	4	20.75
A_PB2	254	4	N	0	0	4	19.25
A_PB2	255	4	N	0	0	4	18.75
A_PB2	256	4	N	0	0	4	18.75
A_PB2	257	4	N	0	0	4	20
A_PB2	258	4	N	0	0	4	19.75
A_PB2	259	4	N	0	0	4	24.25
A_PB2	260	4	N	0	0	4	27.5
A_PB2	261	4	N	0	0	4	28.5
A_PB2	262	4	N	0	0	4	28
A_PB2	263	4	N	0	0	4	26
A_PB2	264	4	N	0	0	4	26
A_PB2	265	4	N	0	0	4	25.25
A_PB2	266	4	N	0	0	4	25
A_PB2	267	4	N	0	0	4	25
A_PB2	268	5	N	0	0	5	26.2
A_PB2	269	5	N	0	0	5	27.4
A_PB2	270	5	N	0	0	5	26.8
A_PB2	271	5	N	0	0	5	27
A_PB2	272	5	N	0	0	5	25.4
A_PB2	273	5	N	0	0	5	26
A_PB2	274	5	N	0	0	4	26
A_PB2	275	5	N	0	0	5	27.4
A_PB2	276	5	N	0	0	5	26.6
A_PB2	277	5	N	0	0	5	23
A_PB2	278	5	N	0	0	5	22.6
A_PB2	279	5	N	0	0	5	24.8
A_PB2	280	5	N	0	0	5	27.6
A_PB2	281	5	N	0	0	5	29.4
A_PB2	282	5	N	0	0	5	28.6
A_PB2	283	5	N	0	0	5	28.2
A_PB2	284	5	N	0	0	5	27.4
A_PB2	285	5	N	0	0	5	28.2
A_PB2	286	5	N	0	0	5	27.2
A_PB2	287	5	N	0	0	5	27.4
A_PB2	288	5	N	0	0	5	29
A_PB2	289	5	N	0	0	5	29
A_PB2	290	5	N	0	0	5	28.6
A_PB2	291	5	N	0	0	5	29
A_PB2	292	5	N	0	0	5	27.6
A_PB2	293	5	N	0	0	5	26.2
A_PB2	294	5	N	0	0	5	24.6
A_PB2	295	5	N	0	0	5	24.6
A_PB2	296	4	N	1	0	4	24.25
A_PB2	297	5	N	0	0	5	38.6
A_PB2	298	5	N	0	0	5	23.8
A_PB2	299	5	N	0	0	5	22.2
A_PB2	300	5	N	0	0	5	17.4
A_PB2	301	5	N	0	0	5	18.8
A_PB2	302	4	N	1	0	4	19.75
A_PB2	303	5	N	0	0	5	15.8
A_PB2	304	5	N	0	0	5	16.4
A_PB2	305	5	N	0	0	5	15.4
A_PB2	306	5	N	0	0	5	20.2
A_PB2	307	5	N	0	0	5	18.2
A_PB2	308	5	N	0	0	5	16.6
A_PB2	309	5	N	0	0	5	16.8
A_PB2	310	5	N	0	0	5	16.6
A_PB2	311	5	N	0	0	5	17
A_PB2	312	5	N	0	0	5	15.6
A_PB2	313	5	N	0	0	5	19
A_PB2	314	5	N	0	0	5	20
A_PB2	315	5	N	0	0	5	20.6
A_PB2	316	5	N	0	0	5	23.4
A_PB2	317	5	N	0	0	5	24
A_PB2	318	5	N	0	0	5	21.2
A_PB2	319	5	N	0	0	5	22.6
A_PB2	320	5	N	0	0	5	24.2
A_PB2	321	5	N	0	0	5	25.8
A_PB2	322	5	N	0	0	5	23.6
A_PB2	323	5	N	0	0	5	21
A_PB2	324	5	N	0	0	5	17
A_PB2	325	5	N	0	0	4	17.5
A_PB2	326	5	N	0	0	5	15.4
A_PB2	327	4	N	1	0	4	19.75
A_PB2	328	5	N	0	0	4	18.5
A_PB2	329	5	N	0	0	5	15.8
A_PB2	330	5	N	0	0	5	16
A_PB2	331	5	N	0	0	5	18
A_PB2	332	5	N	0	0	5	19.4
A_PB2	333	5	N	0	0	5	23
A_PB2	334	5	N	0	0	5	20.6
A_PB2	335	4	N	1	0	4	20.25
A_PB2	336	3	N	2	0	3	19
A_PB2	337	4	N	1	0	4	20.75
A_PB2	338	4	N	1	0	4	19.25
A_PB2	339	5	N	0	0	4	20.75
A_PB2	340	5	N	0	0	5	19.6
A_PB2	341	5	N	0	0	5	14.6
A_PB2	342	5	N	0	0	4	15.25
A_PB2	343	5	N	0	0	5	13.6
A_PB2	344	5	N	0	0	5	15.4
A_PB2	345	5	N	0	0	5	16.8
A_PB2	346	5	N	0	0	5	17.4
A_PB2	347	5	N	0	0	5	19
A_PB2	348	5	N	0	0	5	25.2
A_PB2	349	5	N	0	0	5	27.2
A_PB2	350	5	N	0	0	5	23.2
A_PB2	351	5	N	0	0	5	22.6
A_PB2	352	5	N	0	0	5	21
A_PB2	353	4	N	1	0	4	25.5
A_PB2	354	5	N	0	0	4	27.25
A_PB2	355	5	N	0	0	5	23.4
A_PB2	356	5	N	0	0	5	25.4
A_PB2	357	5	N	0	0	5	26.6
A_PB2	358	5	N	0	0	5	27.4
A_PB2	359	5	N	0	0	5	27.8
A_PB2	360	5	N	0	0	5	26.8
A_PB2	361	5	N	0	0	5	25.8
A_PB2	362	5	N	0	0	5	27.6
A_PB2	363	5	N	0	0	5	24
A_PB2	364	5	N	0	0	5	23.6
A_PB2	365	5	N	0	0	5	21.4
A_PB2	366	5	N	0	0	5	21.6
A_PB2	367	5	N	0	0	5	19.6
A_PB2	368	4	N	1	0	4	19
A_PB2	369	5	N	0	0	5	20
A_PB2	370	5	N	0	0	5	21
A_PB2	371	5	N	0	0	4	20.75
A_PB2	372	5	N	0	0	5	20.2
A_PB2	373	5	N	0	0	5	21.2
A_PB2	374	5	N	0	0	5	21.6
A_PB2	375	5	N	0	0	5	22.6
A_PB2	376	5	N	0	0	5	24.2
A_PB2	377	5	N	0	0	5	22.4
A_PB2	378	5	N	0	0	5	24.6
A_PB2	379	5	N	0	0	5	25.6
A_PB2	380	5	N	0	0	5	29.8
A_PB2	381	5	N	0	0	5	29.8
A_PB2	382	5	N	0	0	5	26.8
A_PB2	383	5	N	0	0	5	27.2
A_PB2	384	5	N	0	0	5	26.2
A_PB2	385	5	N	0	0	5	27.8
A_PB2	386	5	N	0	0	5	25.4
A_PB2	387	5	N	0	0	5	25.4
A_PB2	388	5	N	0	0	5	25.6
A_PB2	389	5	N	0	0	5	26
A_PB2	390	5	N	0	0	5	29.2
A_PB2	391	5	N	0	0	5	28.4
A_PB2	392	5	N	0	0	5	27.6
A_PB2	393	5	N	0	0	5	25.4
A_PB2	394	5	N	0	0	5	25.4
A_PB2	395	5	N	0	0	5	24.4
A_PB2	396	5	N	0	0	5	24
A_PB2	397	5	N	0	0	5	24.6
A_PB2	398	5	N	0	0	5	24.6
A_PB2	399	5	N	0	0	5	27.4
A_PB2	400	5	N	0	0	5	25.2
A_PB2	401	5	N	0	0	5	24.2
A_PB2	402	3	N	2	0	3	27.3333333333333
A_PB2	403	5	N	0	0	5	25.2
A_PB2	404	5	N	0	0	5	29.8
A_PB2	405	5	N	0	0	5	26
A_PB2	406	5	N	0	0	5	20
A_PB2	407	5	N	0	0	5	17
A_PB2	408	5	N	0	0	5	16.2
A_PB2	409	5	N	0	0	5	17.2
A_PB2	410	5	N	0	0	5	25.2
A_PB2	411	5	N	0	0	5	24.2
A_PB2	412	5	N	0	0	5	24.2
A_PB2	413	5	N	0	0	5	24
A_PB2	414	5	N	0	0	5	25.8
A_PB2	415	5	N	0	0	5	24.4
A_PB2	416	5	N	0	0	5	25.6
A_PB2	417	5	N	0	0	5	25.4
A_PB2	418	5	N	0	0	5	25.2
A_PB2	419	5	N	0	0	5	25.8
A_PB2	420	5	N	0	0	5	26.4
A_PB2	421	5	N	0	0	5	41
A_PB2	422	5	N	0	0	5	30.6
A_PB2	423	5	N	0	0	5	29
A_PB2	424	5	N	0	0	5	24.6
A_PB2	425	5	N	0	0	5	23.6
A_PB2	426	5	N	0	0	5	24.2
A_PB2	427	5	N	0	0	5	23.6
A_PB2	428	5	N	0	0	5	24.8
A_PB2	429	5	N	0	0	5	26.6
A_PB2	430	5	N	0	0	5	27.2
A_PB2	431	5	N	0	0	5	24.4
A_PB2	432	5	N	0	0	5	27.6
A_PB2	433	5	N	0	0	5	24
A_PB2	434	5	N	0	0	5	23.8
A_PB2	435	5	N	0	0	5	23.6
A_PB2	436	5	N	0	0	5	22.8
A_PB2	437	5	N	0	0	5	22.8
A_PB2	438	5	N	0	0	5	23
A_PB2	439	5	N	0	0	5	22.8
A_PB2	440	5	N	0	0	5	40
A_PB2	441	5	N	0	0	5	30.2
A_PB2	442	5	N	0	0	5	25.6
A_PB2	443	5	N	0	0	5	26
A_PB2	444	5	N	0	0	5	23.2
A_PB2	445	5	N	0	0	5	21.4
A_PB2	446	5	N	0	0	5	21.2
A_PB2	447	5	N	0	0	5	24.2
A_PB2	448	5	N	0	0	5	24.8
A_PB2	449	5	N	0	0	5	20
A_PB2	450	5	N	0	0	5	20
A_PB2	451	5	N	0	0	5	23.6
A_PB2	452	5	N	0	0	5	26.6
A_PB2	453	5	N	0	0	5	27.4
A_PB2	454	5	N	0	0	5	23.2
A_PB2	455	5	N	0	0	5	22.6
A_PB2	456	5	N	0	0	4	24.25
A_PB2	457	5	N	0	0	5	21
A_PB2	458	5	N	0	0	5	23.6
A_PB2	459	5	N	0	0	5	24.2
A_PB2	460	5	N	0	0	5	20.4
A_PB2	461	5	N	0	0	5	22
A_PB2	462	5	N	0	0	5	21.8
A_PB2	463	5	N	0	0	5	19.8
A_PB2	464	5	N	0	0	5	20
A_PB2	465	5	N	0	0	5	20
A_PB2	466	5	N	0	0	5	21.8
A_PB2	467	5	N	0	0	5	21.6
A_PB2	468	5	N	0	0	5	19.4
A_PB2	469	5	N	0	0	5	18.8
A_PB2	470	5	N	0	0	4	21.75
A_PB2	471	5	N	0	0	5	17.8
A_PB2	472	5	N	0	0	5	21
A_PB2	473	5	N	0	0	5	23.6
A_PB2	474	4	N	1	0	4	23
A_PB2	475	5	N	0	0	5	19.2
A_PB2	476	5	N	0	0	5	18
A_PB2	477	5	N	0	0	5	19.4
A_PB2	478	5	N	0	0	5	22.2
A_PB2	479	5	N	0	0	5	23
A_PB2	480	5	N	0	0	5	24.6
A_PB2	481	5	N	0	0	5	23.8
A_PB2	482	5	N	0	0	5	25
A_PB2	483	5	N	0	0	5	24.6
A_PB2	484	5	N	0	0	5	27.4
A_PB2	485	5	N	0	0	5	28.8
A_PB2	486	5	N	0	0	5	28.8
A_PB2	487	5	N	0	0	5	27.4
A_PB2	488	5	N	0	0	5	29.6
A_PB2	489	5	N	0	0	5	29
A_PB2	490	5	N	0	0	5	29.2
A_PB2	491	5	N	0	0	5	29.8
A_PB2	492	5	N	0	0	5	30.2
A_PB2	493	5	N	0	0	5	28.8
A_PB2	494	5	N	0	0	5	26.6
A_PB2	495	5	N	0	0	5	28.6
A_PB2	496	5	N	0	0	5	24.4
A_PB2	497	5	N	0	0	4	24
A_PB2	498	5	N	0	0	4	25
A_PB2	499	5	N	0	0	5	21.8
A_PB2	500	5	N	0	0	3	28
A_PB2	501	5	N	0	0	5	24
A_PB2	502	5	N	0	0	5	27
A_PB2	503	5	N	0	0	5	30.2
A_PB2	504	5	N	0	0	5	23.2
A_PB2	505	4	N	1	0	4	21.75
A_PB2	506	5	N	0	0	5	23.2
A_PB2	507	5	N	0	0	5	26
A_PB2	508	5	N	0	0	5	25.2
A_PB2	509	5	N	0	0	5	25
A_PB2	510	5	N	0	0	5	22.4
A_PB2	511	5	N	0	0	5	23.2
A_PB2	512	5	N	0	0	5	25.2
A_PB2	513	5	N	0	0	5	25.4
A_PB2	514	5	N	0	0	5	24.2
A_PB2	515	5	N	0	0	5	24.2
A_PB2	516	5	N	0	0	5	23.8
A_PB2	517	5	N	0	0	5	21.8
A_PB2	518	5	N	0	0	5	23.6
A_PB2	519	5	N	0	0	5	20
A_PB2	520	5	N	0	0	5	18.2
A_PB2	521	5	N	0	0	5	19.8
A_PB2	522	5	N	0	0	5	19
A_PB2	523	5	N	0	0	5	20.6
A_PB2	524	5	N	0	0	5	19.8
A_PB2	525	5	N	0	0	5	20.4
A_PB2	526	5	N	0	0	5	21.2
A_PB2	527	5	N	0	0	4	21.25
A_PB2	528	5	N	0	0	5	25.4
A_PB2	529	5	N	0	0	5	25.2
A_PB2	530	5	N	0	0	5	25
A_PB2	531	5	N	0	0	5	25.6
A_PB2	532	5	N	0	0	5	28.4
A_PB2	533	5	N	0	0	5	28.8
A_PB2	534	5	N	0	0	5	27.2
A_PB2	535	5	N	0	0	5	26.6
A_PB2	536	5	N	0	0	5	26.2
A_PB2	537	5	N	0	0	5	24
A_PB2	538	5	N	0	0	5	23.4
A_PB2	539	5	N	0	0	5	22.8
A_PB2	540	5	N	0	0	5	25.8
A_PB2	541	5	N	0	0	5	28.2
A_PB2	542	5	N	0	0	5	30.6
A_PB2	543	5	N	0	0	5	28.8
A_PB2	544	5	N	0	0	5	28
A_PB2	545	5	N	0	0	5	29
A_PB2	546	5	N	0	0	5	26
A_PB2	547	5	N	0	0	5	25.4
A_PB2	548	5	N	0	0	5	26
A_PB2	549	5	N	0	0	5	26.6
A_PB2	550	5	N	0	0	5	32.2
A_PB2	551	5	N	0	0	5	29
A_PB2	552	5	N	0	0	5	28.6
A_PB2	553	5	N	0	0	5	31.4
A_PB2	554	5	N	0	0	5	27.2
A_PB2	555	5	N	0	0	5	26.8
A_PB2	556	5	N	0	0	5	24
A_PB2	557	5	N	0	0	5	23.2
A_PB2	558	5	N	0	0	5	24.4
A_PB2	559	5	N	0	0	5	24.2
A_PB2	560	5	N	0	0	5	22.6
A_PB2	561	5	N	0	0	5	20
A_PB2	562	4	N	1	0	4	18
A_PB2	563	4	N	1	0	4	23.25
A_PB2	564	4	N	1	0	4	42.75
A_PB2	565	2	N	3	0	2	26.5
A_PB2	566	5	N	0	0	5	26
A_PB2	567	5	N	0	0	5	23.4
A_PB2	568	5	N	0	0	5	26.8
A_PB2	569	5	N	0	0	5	27.6
A_PB2	570	5	N	0	0	5	23.8
A_PB2	571	5	N	0	0	5	22.8
A_PB2	572	5	N	0	0	5	22.4
A_PB2	573	5	N	0	0	5	23
A_PB2	574	5	N	0	0	4	22.75
A_PB2	575	5	N	0	0	5	21.8
A_PB2	576	5	N	0	0	5	21
A_PB2	577	5	N	0	0	5	21.2
A_PB2	578	4	N	1	0	4	21
A_PB2	579	5	N	0	0	5	23.8
A_PB2	580	5	N	0	0	4	17.25
A_PB2	581	5	N	0	0	5	19.2
A_PB2	582	5	N	0	0	5	21.4
A_PB2	583	5	N	0	0	5	20.6
A_PB2	584	5	N	0	0	5	21.8
A_PB2	585	5	N	0	0	5	21.6
A_PB2	586	5	N	0	0	5	21.6
A_PB2	587	5	N	0	0	5	18.2
A_PB2	588	5	N	0	0	5	22.8
A_PB2	589	5	N	0	0	5	17
A_PB2	590	5	N	0	0	5	17.4
A_PB2	591	5	N	0	0	5	25.4
A_PB2	592	5	N	0	0	5	25.6
A_PB2	593	5	N	0	0	5	29
A_PB2	594	5	N	0	0	5	28.2
A_PB2	595	5	N	0	0	5	27.6
A_PB2	596	4	N	1	0	4	27
A_PB2	597	5	N	0	0	5	29.6
A_PB2	598	5	N	0	0	5	28
A_PB2	599	5	N	0	0	5	26.4
A_PB2	600	5	N	0	0	4	26.5
A_PB2	601	5	N	0	0	5	25
A_PB2	602	5	N	0	0	5	25.8
A_PB2	603	5	N	0	0	5	27.8
A_PB2	604	5	N	0	0	5	25.4
A_PB2	605	5	N	0	0	5	24.4
A_PB2	606	5	N	0	0	5	22.8
A_PB2	607	5	N	0	0	5	17.6
A_PB2	608	5	N	0	0	5	17
A_PB2	609	5	N	0	0	5	19.6
A_PB2	610	5	N	0	0	5	16.2
A_PB2	611	5	N	0	0	5	15.8
A_PB2	612	5	N	0	0	5	18.4
A_PB2	613	5	N	0	0	5	16.8
A_PB2	614	5	N	0	0	5	21.6
A_PB2	615	5	N	0	0	5	20.8
A_PB2	616	5	N	0	0	5	20.8
A_PB2	617	5	N	0	0	5	21.2
A_PB2	618	5	N	0	0	5	22.4
A_PB2	619	5	N	0	0	5	22.8
A_PB2	620	5	N	0	0	5	23
A_PB2	621	5	N	0	0	5	35.8
A_PB2	622	5	N	0	0	5	20
A_PB2	623	5	N	0	0	5	20.6
A_PB2	624	5	N	0	0	5	36.4
A_PB2	625	5	N	0	0	5	37.4
A_PB2	626	4	N	1	0	4	58.25
A_PB2	627	5	N	0	0	5	48.6
A_PB2	628	5	N	0	0	5	47
A_PB2	629	5	N	0	0	5	27.8
A_PB2	630	4	N	1	0	4	30.5
A_PB2	631	4	N	1	0	4	29
A_PB2	632	5	N	0	0	5	26
A_PB2	633	5	N	0	0	5	24.8
A_PB2	634	5	N	0	0	5	24.4
A_PB2	635	5	N	0	0	5	24
A_PB2	636	5	N	0	0	4	23.25
A_PB2	637	5	N	0	0	5	19.4
A_PB2	638	5	N	0	0	5	18.6
A_PB2	639	5	N	0	0	5	17.6
A_PB2	640	5	N	0	0	5	16.8
A_PB2	641	5	N	0	0	5	19.6
A_PB2	642	5	N	0	0	5	21.4
A_PB2	643	5	N	0	0	5	20.8
A_PB2	644	5	N	0	0	5	19.8
A_PB2	645	5	N	0	0	5	19.8
A_PB2	646	5	N	0	0	5	15
A_PB2	647	5	N	0	0	5	18.4
A_PB2	648	5	N	0	0	5	24
A_PB2	649	5	N	0	0	5	25.6
A_PB2	650	5	N	0	0	5	27.4
A_PB2	651	5	N	0	0	5	26
A_PB2	652	5	N	0	0	5	26
A_PB2	653	5	N	0	0	5	24.2
A_PB2	654	5	N	0	0	5	20.4
A_PB2	655	5	N	0	0	4	24.25
A_PB2	656	5	N	0	0	4	26
A_PB2	657	5	N	0	0	5	22.4
A_PB2	658	5	N	0	0	5	21.8
A_PB2	659	5	N	0	0	5	22.6
A_PB2	660	5	N	0	0	5	21.2
A_PB2	661	5	N	0	0	5	19.6
A_PB2	662	5	N	0	0	5	22.4
A_PB2	663	5	N	0	0	5	21
A_PB2	664	5	N	0	0	5	17.6
A_PB2	665	5	N	0	0	5	17.6
A_PB2	666	5	N	0	0	5	23
A_PB2	667	5	N	0	0	5	22
A_PB2	668	5	N	0	0	5	23.2
A_PB2	669	5	N	0	0	5	24.4
A_PB2	670	5	N	0	0	5	27
A_PB2	671	5	N	0	0	5	29.6
A_PB2	672	5	N	0	0	5	31.4
A_PB2	673	5	N	0	0	5	32.6
A_PB2	674	5	N	0	0	5	28
A_PB2	675	5	N	0	0	5	28.8
A_PB2	676	5	N	0	0	5	21.8
A_PB2	677	5	N	0	0	5	20.8
A_PB2	678	5	N	0	0	5	20.4
A_PB2	679	5	N	0	0	5	20.8
A_PB2	680	5	N	0	0	5	28.4
A_PB2	681	5	N	0	0	5	29.8
A_PB2	682	5	N	0	0	5	63
A_PB2	683	5	N	0	0	5	23.6
A_PB2	684	5	N	0	0	5	22
A_PB2	685	5	N	0	0	5	22.4
A_PB2	686	5	N	0	0	5	21.8
A_PB2	687	5	N	0	0	5	26.4
A_PB2	688	5	N	0	0	5	27.6
A_PB2	689	5	N	0	0	5	26
A_PB2	690	5	N	0	0	5	27
A_PB2	691	5	N	0	0	5	25.6
A_PB2	692	5	N	0	0	5	24.8
A_PB2	693	5	N	0	0	5	26
A_PB2	694	5	N	0	0	5	27
A_PB2	695	5	N	0	0	5	32.6
A_PB2	696	5	N	0	0	5	30.6
A_PB2	697	5	N	0	0	5	29.2
A_PB2	698	5	N	0	0	5	25
A_PB2	699	5	N	0	0	5	25.6
A_PB2	700	5	N	0	0	5	25.6
A_PB2	701	5	N	0	0	5	25.4
A_PB2	702	5	N	0	0	5	25
A_PB2	703	5	N	0	0	5	24.8
A_PB2	704	5	N	0	0	5	20
A_PB2	705	5	N	0	0	5	20
A_PB2	706	5	N	0	0	5	21
A_PB2	707	4	N	1	0	4	20.25
A_PB2	708	5	N	0	0	4	19.25
A_PB2	709	5	N	0	0	4	16.75
A_PB2	710	5	N	0	0	5	13.6
A_PB2	711	5	N	0	0	5	13.6
A_PB2	712	5	N	0	0	5	17.2
A_PB2	713	5	N	0	0	5	20.4
A_PB2	714	5	N	0	0	5	20.6
A_PB2	715	5	N	0	0	5	22
A_PB2	716	4	N	1	0	4	24.5
A_PB2	717	5	N	0	0	5	22
A_PB2	718	5	N	0	0	4	29.75
A_PB2	719	5	N	0	0	5	24.8
A_PB2	720	5	N	0	0	5	23.6
A_PB2	721	5	N	0	0	5	24.6
A_PB2	722	5	N	0	0	5	26.4
A_PB2	723	5	N	0	0	5	27
A_PB2	724	5	N	0	0	5	28.6
A_PB2	725	5	N	0	0	5	28.6
A_PB2	726	5	N	0	0	5	30.2
A_PB2	727	5	N	0	0	5	30
A_PB2	728	5	N	0	0	5	28
A_PB2	729	5	N	0	0	5	27.8
A_PB2	730	5	N	0	0	5	28.2
A_PB2	731	5	N	0	0	5	26.2
A_PB2	732	5	N	0	0	5	25.8
A_PB2	733	5	N	0	0	5	25
A_PB2	734	4	N	1	0	4	27
A_PB2	735	5	N	0	0	5	23
A_PB2	736	5	N	0	0	5	21.8
A_PB2	737	5	N	0	0	5	20
A_PB2	738	5	N	0	0	5	21.2
A_PB2	739	5	N	0	0	5	23
A_PB2	740	5	N	0	0	5	27.2
A_PB2	741	5	N	0	0	5	27.2
A_PB2	742	5	N	0	0	5	32.4
A_PB2	743	5	N	0	0	5	28.2
A_PB2	744	5	N	0	0	5	28.4
A_PB2	745	5	N	0	0	5	27.4
A_PB2	746	5	N	0	0	5	25
A_PB2	747	4	N	1	0	4	18.25
A_PB2	748	5	N	0	0	5	16.2
A_PB2	749	5	N	0	0	5	17.4
A_PB2	750	5	N	0	0	5	18.2
A_PB2	751	5	N	0	0	5	23.8
A_PB2	752	5	N	0	0	5	26.2
A_PB2	753	5	N	0	0	5	36.4
A_PB2	754	5	N	0	0	5	36
A_PB2	755	5	N	0	0	5	25
A_PB2	756	5	N	0	0	5	27.6
A_PB2	757	5	N	0	0	5	26.8
A_PB2	758	5	N	0	0	5	26.8
A_PB2	759	5	N	0	0	5	26.4
A_PB2	760	5	N	0	0	5	27.2
A_PB2	761	5	N	0	0	5	26.2
A_PB2	762	5	N	0	0	5	26.4
A_PB2	763	5	N	0	0	5	28.4
A_PB2	764	5	N	0	0	5	29.8
A_PB2	765	5	N	0	0	5	30.6
A_PB2	766	5	N	0	0	5	29
A_PB2	767	5	N	0	0	5	29.6
A_PB2	768	5	N	0	0	5	28.4
A_PB2	769	5	N	0	0	4	25.75
A_PB2	770	5	N	0	0	5	27.8
A_PB2	771	5	N	0	0	5	29.2
A_PB2	772	5	N	0	0	5	30.8
A_PB2	773	5	N	0	0	5	30.4
A_PB2	774	5	N	0	0	5	28.2
A_PB2	775	5	N	0	0	5	26.4
A_PB2	776	5	N	0	0	5	23.2
A_PB2	777	5	N	0	0	5	24.4
A_PB2	778	4	N	1	0	4	27
A_PB2	779	4	N	1	0	4	28
A_PB2	780	4	N	1	0	4	29
A_PB2	781	4	N	1	0	4	30.25
A_PB2	782	4	N	1	0	4	29.75
A_PB2	783	4	N	1	0	4	30
A_PB2	784	5	N	0	0	5	27.2
A_PB2	785	5	N	0	0	4	31.25
A_PB2	786	5	N	0	0	5	25.4
A_PB2	787	5	N	0	0	5	23.6
A_PB2	788	5	N	0	0	5	22.6
A_PB2	789	5	N	0	0	5	21.8
A_PB2	790	5	N	0	0	4	28
A_PB2	791	5	N	0	0	5	23.2
A_PB2	792	5	N	0	0	5	24.6
A_PB2	793	5	N	0	0	5	23.4
A_PB2	794	5	N	0	0	5	25.2
A_PB2	795	5	N	0	0	5	26.2
A_PB2	796	5	N	0	0	5	26.4
A_PB2	797	5	N	0	0	5	25.6
A_PB2	798	5	N	0	0	5	23.2
A_PB2	799	5	N	0	0	5	20.4
A_PB2	800	5	N	0	0	5	21.2
A_PB2	801	5	N	0	0	5	22.2
A_PB2	802	5	N	0	0	5	23.6
A_PB2	803	5	N	0	0	5	25.6
A_PB2	804	5	N	0	0	5	21.8
A_PB2	805	5	N	0	0	5	21.4
A_PB2	806	5	N	0	0	5	23.2
A_PB2	807	5	N	0	0	5	25.6
A_PB2	808	5	N	0	0	5	24
A_PB2	809	5	N	0	0	5	23.2
A_PB2	810	5	N	0	0	5	22
A_PB2	811	5	N	0	0	5	23.6
A_PB2	812	5	N	0	0	5	23.2
A_PB2	813	5	N	0	0	5	18
A_PB2	814	5	N	0	0	5	20
A_PB2	815	5	N	0	0	5	20.2
A_PB2	816	5	N	0	0	5	19.8
A_PB2	817	5	N	0	0	5	22.6
A_PB2	818	5	N	0	0	4	21.75
A_PB2	819	5	N	0	0	5	21
A_PB2	820	5	N	0	0	5	18.2
A_PB2	821	5	N	0	0	5	20.2
A_PB2	822	5	N	0	0	5	20.2
A_PB2	823	5	N	0	0	4	24
A_PB2	824	5	N	0	0	5	20.6
A_PB2	825	5	N	0	0	5	22
A_PB2	826	5	N	0	0	5	23.2
A_PB2	827	5	N	0	0	5	25.6
A_PB2	828	5	N	0	0	5	24.8
A_PB2	829	5	N	0	0	5	24.6
A_PB2	830	5	N	0	0	5	25
A_PB2	831	5	N	0	0	5	23.8
A_PB2	832	5	N	0	0	5	24.4
A_PB2	833	5	N	0	0	5	24.4
A_PB2	834	5	N	0	0	5	23.8
A_PB2	835	5	N	0	0	5	25.8
A_PB2	836	5	N	0	0	5	26.4
A_PB2	837	5	N	0	0	5	27.6
A_PB2	838	5	N	0	0	5	28.6
A_PB2	839	5	N	0	0	5	30.4
A_PB2	840	5	N	0	0	4	19.5
A_PB2	841	5	N	0	0	4	19.25
A_PB2	842	5	N	0	0	5	17.6
A_PB2	843	4	N	1	0	4	15.75
A_PB2	844	5	N	0	0	5	19.6
A_PB2	845	5	N	0	0	5	26.2
A_PB2	846	5	N	0	0	5	25.6
A_PB2	847	5	N	0	0	5	25.4
A_PB2	848	5	N	0	0	5	24.8
A_PB2	849	5	N	0	0	5	26.8
A_PB2	850	5	N	0	0	5	27.8
A_PB2	851	5	N	0	0	5	27.6
A_PB2	852	5	N	0	0	5	26.8
A_PB2	853	5	N	0	0	5	26
A_PB2	854	5	N	0	0	5	23.2
A_PB2	855	5	N	0	0	5	23.8
A_PB2	856	5	N	0	0	5	24
A_PB2	857	5	N	0	0	5	24
A_PB2	858	5	N	0	0	5	23.4
A_PB2	859	5	N	0	0	5	18.2
A_PB2	860	5	N	0	0	5	17.4
A_PB2	861	5	N	0	0	5	14.4
A_PB2	862	5	N	0	0	5	14
A_PB2	863	5	N	0	0	5	18.2
A_PB2	864	5	N	0	0	5	18.2
A_PB2	865	5	N	0	0	5	20.6
A_PB2	866	5	N	0	0	5	24.2
A_PB2	867	5	N	0	0	5	27
A_PB2	868	5	N	0	0	4	24.75
A_PB2	869	5	N	0	0	5	20.4
A_PB2	870	5	N	0	0	5	19.6
A_PB2	871	5	N	0	0	5	17.8
A_PB2	872	5	N	0	0	5	21
A_PB2	873	5	N	0	0	5	22.4
A_PB2	874	5	N	0	0	5	23.4
A_PB2	875	5	N	0	0	5	23.2
A_PB2	876	5	N	0	0	5	24.4
A_PB2	877	5	N	0	0	5	26.4
A_PB2	878	5	N	0	0	3	22.6666666666667
A_PB2	879	5	N	0	0	5	21.8
A_PB2	880	5	N	0	0	5	19.6
A_PB2	881	5	N	0	0	5	18.4
A_PB2	882	5	N	0	0	5	19
A_PB2	883	5	N	0	0	5	20.2
A_PB2	884	5	N	0	0	5	24
A_PB2	885	5	N	0	0	5	24.8
A_PB2	886	5	N	0	0	5	25
A_PB2	887	5	N	0	0	4	26.25
A_PB2	888	5	N	0	0	5	25.2
A_PB2	889	5	N	0	0	5	25.4
A_PB2	890	5	N	0	0	5	26.8
A_PB2	891	5	N	0	0	5	28.4
A_PB2	892	5	N	0	0	5	30.2
A_PB2	893	5	N	0	0	5	28.8
A_PB2	894	5	N	0	0	5	29.2
A_PB2	895	5	N	0	0	5	27.8
A_PB2	896	5	N	0	0	5	26
A_PB2	897	5	N	0	0	5	24.8
A_PB2	898	5	N	0	0	5	26.2
A_PB2	899	5	N	0	0	5	27
A_PB2	900	5	N	0	0	5	27.6
A_PB2	901	5	N	0	0	5	27.2
A_PB2	902	5	N	0	0	5	27.6
A_PB2	903	5	N	0	0	5	25.4
A_PB2	904	5	N	0	0	5	26
A_PB2	905	5	N	0	0	5	23.6
A_PB2	906	5	N	0	0	5	22.2
A_PB2	907	5	N	0	0	5	22.2
A_PB2	908	5	N	0	0	5	22.8
A_PB2	909	5	N	0	0	5	24.6
A_PB2	910	5	N	0	0	5	26.2
A_PB2	911	5	N	0	0	5	27.6
A_PB2	912	5	N	0	0	5	29
A_PB2	913	5	N	0	0	5	27
A_PB2	914	5	N	0	0	5	27.2
A_PB2	915	5	N	0	0	5	26
A_PB2	916	5	N	0	0	5	25.8
A_PB2	917	5	N	0	0	5	23.2
A_PB2	918	5	N	0	0	5	23.4
A_PB2	919	5	N	0	0	5	23.4
A_PB2	920	5	N	0	0	5	24.8
A_PB2	921	5	N	0	0	5	25.4
A_PB2	922	5	N	0	0	5	24.6
A_PB2	923	5	N	0	0	5	28.6
A_PB2	924	5	N	0	0	5	29.4
A_PB2	925	5	N	0	0	5	23
A_PB2	926	5	N	0	0	5	26.6
A_PB2	927	5	N	0	0	5	26.6
A_PB2	928	5	N	0	0	5	26.6
A_PB2	929	5	N	0	0	5	28.4
A_PB2	930	5	N	0	0	5	46.8
A_PB2	931	5	N	0	0	5	38.4
A_PB2	932	5	N	0	0	5	22.6
A_PB2	933	5	N	0	0	5	25.2
A_PB2	934	5	N	0	0	5	26.6
A_PB2	935	5	N	0	0	5	27
A_PB2	936	5	N	0	0	5	26.4
A_PB2	937	5	N	0	0	5	28.8
A_PB2	938	5	N	0	0	5	26.6
A_PB2	939	5	N	0	0	5	26.6
A_PB2	940	5	N	0	0	5	24.8
A_PB2	941	5	N	0	0	5	27.4
A_PB2	942	5	N	0	0	5	27.4
A_PB2	943	5	N	0	0	5	27.6
A_PB2	944	5	N	0	0	5	41.2
A_PB2	945	5	N	0	0	5	28.8
A_PB2	946	5	N	0	0	5	26.6
A_PB2	947	5	N	0	0	5	26.4
A_PB2	948	5	N	0	0	5	27.8
A_PB2	949	5	N	0	0	5	28
A_PB2	950	5	N	0	0	5	28.6
A_PB2	951	5	N	0	0	5	28.4
A_PB2	952	5	N	0	0	5	27.2
A_PB2	953	5	N	0	0	5	24.2
A_PB2	954	5	N	0	0	5	24.6
A_PB2	955	5	N	0	0	5	26.2
A_PB2	956	5	N	0	0	5	26.2
A_PB2	957	5	N	0	0	5	40.8
A_PB2	958	5	N	0	0	5	25.4
A_PB2	959	5	N	0	0	5	22.8
A_PB2	960	5	N	0	0	5	23.6
A_PB2	961	5	N	0	0	5	25
A_PB2	962	5	N	0	0	5	26
A_PB2	963	5	N	0	0	5	27.4
A_PB2	964	5	N	0	0	5	28.2
A_PB2	965	5	N	0	0	5	26.6
A_PB2	966	5	N	0	0	5	27
A_PB2	967	5	N	0	0	5	27
A_PB2	968	5	N	0	0	5	30
A_PB2	969	5	N	0	0	5	29.6
A_PB2	970	5	N	0	0	5	29
A_PB2	971	5	N	0	0	4	29.25
A_PB2	972	5	N	0	0	5	25.2
A_PB2	973	5	N	0	0	5	24.6
A_PB2	974	5	N	0	0	5	24.8
A_PB2	975	5	N	0	0	5	29.6
A_PB2	976	5	N	0	0	5	28.8
A_PB2	977	5	N	0	0	5	22.2
A_PB2	978	5	N	0	0	5	22
A_PB2	979	5	N	0	0	5	22.4
A_PB2	980	5	N	0	0	5	26.6
A_PB2	981	5	N	0	0	5	26.8
A_PB2	982	5	N	0	0	5	26.8
A_PB2	983	5	N	0	0	5	27.4
A_PB2	984	5	N	0	0	5	26.8
A_PB2	985	5	N	0	0	4	27
A_PB2	986	5	N	0	0	5	24.4
A_PB2	987	5	N	0	0	5	21.8
A_PB2	988	5	N	0	0	5	21.8
A_PB2	989	5	N	0	0	4	25.25
A_PB2	990	5	N	0	0	3	22.3333333333333
A_PB2	991	5	N	0	0	5	22.4
A_PB2	992	5	N	0	0	5	23.4
A_PB2	993	5	N	0	0	5	28.8
A_PB2	994	5	N	0	0	5	26.2
A_PB2	995	5	N	0	0	5	31.4
A_PB2	996	5	N	0	0	5	29.4
A_PB2	997	5	N	0	0	5	24.8
A_PB2	998	5	N	0	0	5	19.8
A_PB2	999	5	N	0	0	5	19.2
A_PB2	1000	5	N	0	0	5	19.6
A_PB2	1001	5	N	0	0	5	20
A_PB2	1002	5	N	0	0	5	18.6
A_PB2	1003	5	N	0	0	5	23.2
A_PB2	1004	5	N	0	0	5	23.4
A_PB2	1005	5	N	0	0	5	23.4
A_PB2	1006	5	N	0	0	5	22.8
A_PB2	1007	5	N	0	0	5	24.4
A_PB2	1008	5	N	0	0	5	22.2
A_PB2	1009	5	N	0	0	5	24.6
A_PB2	1010	5	N	0	0	5	21.4
A_PB2	1011	5	N	0	0	5	18.2
A_PB2	1012	5	N	0	0	5	20.4
A_PB2	1013	5	N	0	0	5	23.6
A_PB2	1014	5	N	0	0	5	25
A_PB2	1015	4	N	1	0	4	25.25
A_PB2	1016	5	N	0	0	5	24.4
A_PB2	1017	5	N	0	0	5	22.8
A_PB2	1018	5	N	0	0	5	17.4
A_PB2	1019	5	N	0	0	5	18.6
A_PB2	1020	5	N	0	0	5	19.4
A_PB2	1021	5	N	0	0	5	21.2
A_PB2	1022	5	N	0	0	5	47.8
A_PB2	1023	4	N	1	0	4	26.75
A_PB2	1024	5	N	0	0	5	23.8
A_PB2	1025	5	N	0	0	5	21.6
A_PB2	1026	5	N	0	0	5	22.4
A_PB2	1027	5	N	0	0	5	22
A_PB2	1028	5	N	0	0	5	22.6
A_PB2	1029	5	N	0	0	5	23
A_PB2	1030	5	N	0	0	5	22
A_PB2	1031	5	N	0	0	5	21.8
A_PB2	1032	5	N	0	0	5	24.4
A_PB2	1033	5	N	0	0	5	27.4
A_PB2	1034	5	N	0	0	5	25
A_PB2	1035	5	N	0	0	5	24.8
A_PB2	1036	5	N	0	0	5	23.2
A_PB2	1037	4	N	1	0	4	22.75
A_PB2	1038	5	N	0	0	4	21.75
A_PB2	1039	5	N	0	0	5	22.8
A_PB2	1040	5	N	0	0	5	21
A_PB2	1041	5	N	0	0	5	19.8
A_PB2	1042	5	N	0	0	5	19.6
A_PB2	1043	5	N	0	0	5	20.2
A_PB2	1044	5	N	0	0	5	20.8
A_PB2	1045	5	N	0	0	5	22.8
A_PB2	1046	5	N	0	0	5	22
A_PB2	1047	4	N	1	0	4	23.5
A_PB2	1048	5	N	0	0	5	21.4
A_PB2	1049	5	N	0	0	5	17.4
A_PB2	1050	5	N	0	0	5	18.4
A_PB2	1051	5	N	0	0	5	19.8
A_PB2	1052	5	N	0	0	5	19.6
A_PB2	1053	5	N	0	0	5	18.4
A_PB2	1054	5	N	0	0	5	20.2
A_PB2	1055	5	N	0	0	5	23.6
A_PB2	1056	5	N	0	0	5	22.8
A_PB2	1057	5	N	0	0	5	23.4
A_PB2	1058	5	N	0	0	5	22.2
A_PB2	1059	5	N	0	0	5	20.2
A_PB2	1060	5	N	0	0	5	21
A_PB2	1061	5	N	0	0	5	20
A_PB2	1062	5	N	0	0	5	21
A_PB2	1063	5	N	0	0	5	23.8
A_PB2	1064	5	N	0	0	5	21.2
A_PB2	1065	5	N	0	0	5	22.2
A_PB2	1066	5	N	0	0	5	21.4
A_PB2	1067	5	N	0	0	5	20.8
A_PB2	1068	5	N	0	0	5	22.8
A_PB2	1069	5	N	0	0	5	24
A_PB2	1070	5	N	0	0	5	22
A_PB2	1071	5	N	0	0	5	23.2
A_PB2	1072	5	N	0	0	5	22.4
A_PB2	1073	5	N	0	0	5	22.2
A_PB2	1074	4	N	1	0	4	24
A_PB2	1075	5	N	0	0	5	20.8
A_PB2	1076	5	N	0	0	5	22
A_PB2	1077	5	N	0	0	5	22.6
A_PB2	1078	5	N	0	0	5	21.6
A_PB2	1079	5	N	0	0	5	18.4
A_PB2	1080	5	N	0	0	5	20.6
A_PB2	1081	5	N	0	0	5	20
A_PB2	1082	4	N	1	0	4	20
A_PB2	1083	5	N	0	0	5	20.2
A_PB2	1084	5	N	0	0	5	22.8
A_PB2	1085	5	N	0	0	5	22.8
A_PB2	1086	5	N	0	0	5	24.8
A_PB2	1087	5	N	0	0	5	26
A_PB2	1088	5	N	0	0	5	29.8
A_PB2	1089	5	N	0	0	5	30
A_PB2	1090	5	N	0	0	5	30.2
A_PB2	1091	5	N	0	0	5	31
A_PB2	1092	5	N	0	0	5	27.8
A_PB2	1093	5	N	0	0	5	27.2
A_PB2	1094	5	N	0	0	5	27.8
A_PB2	1095	5	N	0	0	5	26
A_PB2	1096	5	N	0	0	5	24.8
A_PB2	1097	5	N	0	0	5	24.6
A_PB2	1098	5	N	0	0	5	23.6
A_PB2	1099	5	N	0	0	5	23.6
A_PB2	1100	5	N	0	0	5	26.8
A_PB2	1101	5	N	0	0	5	27.2
A_PB2	1102	5	N	0	0	5	26
A_PB2	1103	5	N	0	0	5	22.6
A_PB2	1104	5	N	0	0	5	21
A_PB2	1105	5	N	0	0	5	22.4
A_PB2	1106	5	N	0	0	5	21.4
A_PB2	1107	5	N	0	0	5	16.8
A_PB2	1108	5	N	0	0	5	16
A_PB2	1109	5	N	0	0	5	16
A_PB2	1110	5	N	0	0	5	16
A_PB2	1111	5	N	0	0	5	19.2
A_PB2	1112	5	N	0	0	5	21.4
A_PB2	1113	5	N	0	0	5	22.8
A_PB2	1114	5	N	0	0	5	20.2
A_PB2	1115	5	N	0	0	5	20.6
A_PB2	1116	5	N	0	0	5	20.4
A_PB2	1117	5	N	0	0	5	18.8
A_PB2	1118	5	N	0	0	4	28.5
A_PB2	1119	5	N	0	0	5	25
A_PB2	1120	5	N	0	0	5	26.8
A_PB2	1121	5	N	0	0	5	26.8
A_PB2	1122	5	N	0	0	5	26.4
A_PB2	1123	5	N	0	0	5	22.8
A_PB2	1124	5	N	0	0	5	22.6
A_PB2	1125	5	N	0	0	5	25.6
A_PB2	1126	5	N	0	0	5	26.6
A_PB2	1127	5	N	0	0	5	27.2
A_PB2	1128	5	N	0	0	5	27.4
A_PB2	1129	5	N	0	0	5	29
A_PB2	1130	5	N	0	0	5	27.2
A_PB2	1131	4	N	1	0	4	27.5
A_PB2	1132	5	N	0	0	4	27
A_PB2	1133	5	N	0	0	4	27
A_PB2	1134	5	N	0	0	5	23.2
A_PB2	1135	5	N	0	0	5	20.4
A_PB2	1136	5	N	0	0	5	19.2
A_PB2	1137	5	N	0	0	5	23.4
A_PB2	1138	5	N	0	0	5	22.6
A_PB2	1139	5	N	0	0	5	22
A_PB2	1140	5	N	0	0	5	25.4
A_PB2	1141	5	N	0	0	5	25.4
A_PB2	1142	5	N	0	0	5	26.4
A_PB2	1143	5	N	0	0	5	28.6
A_PB2	1144	5	N	0	0	5	28.2
A_PB2	1145	5	N	0	0	5	29.2
A_PB2	1146	5	N	0	0	5	27
A_PB2	1147	5	N	0	0	5	27.2
A_PB2	1148	5	N	0	0	5	26.4
A_PB2	1149	5	N	0	0	5	27.2
A_PB2	1150	5	N	0	0	5	26.2
A_PB2	1151	5	N	0	0	5	25.2
A_PB2	1152	5	N	0	0	5	25.8
A_PB2	1153	5	N	0	0	5	25.4
A_PB2	1154	5	N	0	0	5	27
A_PB2	1155	5	N	0	0	5	23.6
A_PB2	1156	5	N	0	0	5	22.4
A_PB2	1157	5	N	0	0	5	22.4
A_PB2	1158	5	N	0	0	5	21.8
A_PB2	1159	5	N	0	0	5	20.8
A_PB2	1160	4	N	1	0	4	23.25
A_PB2	1161	4	N	1	0	4	24.75
A_PB2	1162	5	N	0	0	5	27
A_PB2	1163	5	N	0	0	5	25.2
A_PB2	1164	5	N	0	0	5	24.2
A_PB2	1165	5	N	0	0	5	22.8
A_PB2	1166	5	N	0	0	5	26.4
A_PB2	1167	5	N	0	0	5	23.8
A_PB2	1168	5	N	0	0	5	25.6
A_PB2	1169	5	N	0	0	5	25.6
A_PB2	1170	5	N	0	0	5	23.6
A_PB2	1171	5	N	0	0	4	23.25
A_PB2	1172	5	N	0	0	4	22.75
A_PB2	1173	5	N	0	0	5	19.6
A_PB2	1174	5	N	0	0	5	20.4
A_PB2	1175	5	N	0	0	5	21.6
A_PB2	1176	5	N	0	0	5	20.8
A_PB2	1177	5	N	0	0	5	22.4
A_PB2	1178	5	N	0	0	5	23
A_PB2	1179	5	N	0	0	5	24.2
A_PB2	1180	5	N	0	0	5	26.6
A_PB2	1181	5	N	0	0	5	26.6
A_PB2	1182	5	N	0	0	5	26.8
A_PB2	1183	5	N	0	0	5	23
A_PB2	1184	5	N	0	0	5	22.6
A_PB2	1185	5	N	0	0	5	20.8
A_PB2	1186	5	N	0	0	5	20
A_PB2	1187	5	N	0	0	5	18
A_PB2	1188	5	N	0	0	5	18.6
A_PB2	1189	5	N	0	0	5	17
A_PB2	1190	5	N	0	0	5	16.6
A_PB2	1191	4	N	1	0	4	17.75
A_PB2	1192	5	N	0	0	5	21.4
A_PB2	1193	5	N	0	0	4	21.75
A_PB2	1194	5	N	0	0	5	21.8
A_PB2	1195	5	N	0	0	5	23.4
A_PB2	1196	5	N	0	0	5	24
A_PB2	1197	5	N	0	0	5	24
A_PB2	1198	5	N	0	0	5	24.2
A_PB2	1199	5	N	0	0	5	25
A_PB2	1200	5	N	0	0	5	25.2
A_PB2	1201	5	N	0	0	5	25.4
A_PB2	1202	5	N	0	0	5	23.8
A_PB2	1203	5	N	0	0	5	23.4
A_PB2	1204	5	N	0	0	5	23.8
A_PB2	1205	5	N	0	0	5	23.4
A_PB2	1206	5	N	0	0	5	25.4
A_PB2	1207	5	N	0	0	5	23.8
A_PB2	1208	4	N	1	0	4	23.75
A_PB2	1209	5	N	0	0	5	24
A_PB2	1210	5	N	0	0	5	25.8
A_PB2	1211	5	N	0	0	5	26.8
A_PB2	1212	5	N	0	0	5	39.2
A_PB2	1213	5	N	0	0	5	28
A_PB2	1214	5	N	0	0	5	26
A_PB2	1215	5	N	0	0	5	23.2
A_PB2	1216	5	N	0	0	5	22.8
A_PB2	1217	5	N	0	0	5	23.2
A_PB2	1218	5	N	0	0	5	23.4
A_PB2	1219	5	N	0	0	5	21.2
A_PB2	1220	5	N	0	0	5	26.6
A_PB2	1221	5	N	0	0	5	26.4
A_PB2	1222	5	N	0	0	5	23.6
A_PB2	1223	5	N	0	0	5	27.8
A_PB2	1224	5	N	0	0	5	25.8
A_PB2	1225	5	N	0	0	5	27.2
A_PB2	1226	5	N	0	0	5	23.6
A_PB2	1227	5	N	0	0	5	21.6
A_PB2	1228	5	N	0	0	5	27
A_PB2	1229	5	N	0	0	5	27.4
A_PB2	1230	5	N	0	0	5	27.8
A_PB2	1231	5	N	0	0	5	29
A_PB2	1232	5	N	0	0	5	29.4
A_PB2	1233	5	N	0	0	5	30.4
A_PB2	1234	5	N	0	0	5	34
A_PB2	1235	5	N	0	0	5	33.2
A_PB2	1236	5	N	0	0	5	45.6
A_PB2	1237	5	N	0	0	5	34.8
A_PB2	1238	5	N	0	0	5	26.6
A_PB2	1239	5	N	0	0	5	27.2
A_PB2	1240	5	N	0	0	5	24.8
A_PB2	1241	5	N	0	0	5	23.4
A_PB2	1242	5	N	0	0	5	24.6
A_PB2	1243	3	N	2	0	3	24.3333333333333
A_PB2	1244	5	N	0	0	5	16
A_PB2	1245	5	N	0	0	5	14.6
A_PB2	1246	5	N	0	0	5	14.8
A_PB2	1247	5	N	0	0	5	18.8
A_PB2	1248	5	N	0	0	5	19.6
A_PB2	1249	5	N	0	0	5	22.4
A_PB2	1250	5	N	0	0	5	22.6
A_PB2	1251	5	N	0	0	5	24
A_PB2	1252	5	N	0	0	5	24
A_PB2	1253	5	N	0	0	4	21.25
A_PB2	1254	5	N	0	0	3	16.6666666666667
A_PB2	1255	5	N	0	0	5	18
A_PB2	1256	5	N	0	0	5	17
A_PB2	1257	5	N	0	0	5	18.8
A_PB2	1258	5	N	0	0	5	23.4
A_PB2	1259	5	N	0	0	5	24.6
A_PB2	1260	5	N	0	0	5	24
A_PB2	1261	5	N	0	0	5	25.4
A_PB2	1262	5	N	0	0	5	23.4
A_PB2	1263	5	N	0	0	5	21.8
A_PB2	1264	5	N	0	0	5	19.6
A_PB2	1265	5	N	0	0	5	17.4
A_PB2	1266	5	N	0	0	5	18.6
A_PB2	1267	5	N	0	0	5	19.8
A_PB2	1268	5	N	0	0	5	18.4
A_PB2	1269	5	N	0	0	5	21.8
A_PB2	1270	5	N	0	0	5	25.4
A_PB2	1271	5	N	0	0	5	25
A_PB2	1272	5	N	0	0	5	27
A_PB2	1273	5	N	0	0	5	25.2
A_PB2	1274	5	N	0	0	5	27.4
A_PB2	1275	5	N	0	0	5	27
A_PB2	1276	5	N	0	0	5	27
A_PB2	1277	5	N	0	0	5	23.4
A_PB2	1278	5	N	0	0	4	19.25
A_PB2	1279	5	N	0	0	4	18.75
A_PB2	1280	5	N	0	0	5	19.8
A_PB2	1281	5	N	0	0	5	19.6
A_PB2	1282	5	N	0	0	4	22
A_PB2	1283	5	N	0	0	5	24.2
A_PB2	1284	5	N	0	0	5	24
A_PB2	1285	5	N	0	0	5	25.6
A_PB2	1286	5	N	0	0	5	26.4
A_PB2	1287	5	N	0	0	5	24.4
A_PB2	1288	5	N	0	0	5	24
A_PB2	1289	5	N	0	0	5	25.6
A_PB2	1290	5	N	0	0	5	27.2
A_PB2	1291	5	N	0	0	5	27
A_PB2	1292	5	N	0	0	5	28.4
A_PB2	1293	5	N	0	0	5	29
A_PB2	1294	5	N	0	0	5	29.6
A_PB2	1295	5	N	0	0	5	29.4
A_PB2	1296	5	N	0	0	5	29.4
A_PB2	1297	5	N	0	0	5	28.8
A_PB2	1298	5	N	0	0	5	25.8
A_PB2	1299	5	N	0	0	5	23.6
A_PB2	1300	5	N	0	0	5	25.8
A_PB2	1301	3	N	2	0	3	28.3333333333333
A_PB2	1302	5	N	0	0	5	27.2
A_PB2	1303	5	N	0	0	5	25.6
A_PB2	1304	5	N	0	0	5	28.6
A_PB2	1305	5	N	0	0	5	26.8
A_PB2	1306	5	N	0	0	5	23
A_PB2	1307	5	N	0	0	5	19.4
A_PB2	1308	5	N	0	0	5	24.8
A_PB2	1309	5	N	0	0	5	23.2
A_PB2	1310	5	N	0	0	5	25.6
A_PB2	1311	5	N	0	0	5	28
A_PB2	1312	5	N	0	0	5	30.4
A_PB2	1313	5	N	0	0	5	31.8
A_PB2	1314	5	N	0	0	5	31
A_PB2	1315	5	N	0	0	5	38.2
A_PB2	1316	5	N	0	0	5	24
A_PB2	1317	5	N	0	0	5	21.4
A_PB2	1318	5	N	0	0	5	23.4
A_PB2	1319	5	N	0	0	5	27.2
A_PB2	1320	5	N	0	0	5	25.8
A_PB2	1321	5	N	0	0	5	28.4
A_PB2	1322	5	N	0	0	5	23.6
A_PB2	1323	5	N	0	0	5	23.4
A_PB2	1324	5	N	0	0	5	22.8
A_PB2	1325	5	N	0	0	5	22.4
A_PB2	1326	5	N	0	0	5	17.6
A_PB2	1327	5	N	0	0	5	18.6
A_PB2	1328	5	N	0	0	5	18.8
A_PB2	1329	5	N	0	0	5	25
A_PB2	1330	5	N	0	0	5	24.4
A_PB2	1331	5	N	0	0	5	27
A_PB2	1332	5	N	0	0	5	25.8
A_PB2	1333	5	N	0	0	5	24.4
A_PB2	1334	5	N	0	0	5	27.6
A_PB2	1335	5	N	0	0	5	27.6
A_PB2	1336	5	N	0	0	5	26.8
A_PB2	1337	5	N	0	0	5	28.4
A_PB2	1338	5	N	0	0	5	30
A_PB2	1339	5	N	0	0	5	29
A_PB2	1340	5	N	0	0	5	26.4
A_PB2	1341	5	N	0	0	5	25.4
A_PB2	1342	5	N	0	0	5	28.2
A_PB2	1343	5	N	0	0	5	28.4
A_PB2	1344	5	N	0	0	5	25.2
A_PB2	1345	5	N	0	0	5	24.4
A_PB2	1346	4	N	1	0	4	21.75
A_PB2	1347	5	N	0	0	5	24
A_PB2	1348	5	N	0	0	4	41.75
A_PB2	1349	5	N	0	0	5	19.8
A_PB2	1350	5	N	0	0	5	18.8
A_PB2	1351	5	N	0	0	5	17
A_PB2	1352	5	N	0	0	5	18.4
A_PB2	1353	5	N	0	0	5	21
A_PB2	1354	5	N	0	0	5	26.4
A_PB2	1355	5	N	0	0	5	28.6
A_PB2	1356	5	N	0	0	5	28.8
A_PB2	1357	5	N	0	0	5	29.2
A_PB2	1358	5	N	0	0	5	28.4
A_PB2	1359	5	N	0	0	5	29.2
A_PB2	1360	5	N	0	0	5	28.2
A_PB2	1361	5	N	0	0	5	27
A_PB2	1362	5	N	0	0	5	26.4
A_PB2	1363	5	N	0	0	5	24.6
A_PB2	1364	5	N	0	0	5	23.6
A_PB2	1365	5	N	0	0	5	23
A_PB2	1366	5	N	0	0	5	23.2
A_PB2	1367	5	N	0	0	5	24.2
A_PB2	1368	5	N	0	0	5	23.6
A_PB2	1369	5	N	0	0	5	24.2
A_PB2	1370	5	N	0	0	5	30.8
A_PB2	1371	5	N	0	0	5	32.4
A_PB2	1372	5	N	0	0	5	28.8
A_PB2	1373	5	N	0	0	5	29.2
A_PB2	1374	5	N	0	0	5	26.4
A_PB2	1375	5	N	0	0	5	25.2
A_PB2	1376	5	N	0	0	5	24.8
A_PB2	1377	5	N	0	0	5	25.4
A_PB2	1378	5	N	0	0	5	25.2
A_PB2	1379	5	N	0	0	5	23.6
A_PB2	1380	5	N	0	0	5	23
A_PB2	1381	5	N	0	0	5	21.8
A_PB2	1382	5	N	0	0	5	21.8
A_PB2	1383	5	N	0	0	5	23
A_PB2	1384	4	N	1	0	4	20.75
A_PB2	1385	5	N	0	0	5	20.8
A_PB2	1386	5	N	0	0	5	19.8
A_PB2	1387	5	N	0	0	5	19.4
A_PB2	1388	5	N	0	0	5	19.2
A_PB2	1389	5	N	0	0	5	18.4
A_PB2	1390	5	N	0	0	5	19.2
A_PB2	1391	5	N	0	0	5	21.4
A_PB2	1392	5	N	0	0	5	18.8
A_PB2	1393	5	N	0	0	5	20.2
A_PB2	1394	5	N	0	0	5	21
A_PB2	1395	5	N	0	0	5	22
A_PB2	1396	5	N	0	0	5	23
A_PB2	1397	5	N	0	0	5	23.6
A_PB2	1398	5	N	0	0	5	28.2
A_PB2	1399	5	N	0	0	5	27.2
A_PB2	1400	5	N	0	0	5	28.6
A_PB2	1401	5	N	0	0	5	29
A_PB2	1402	5	N	0	0	5	28.6
A_PB2	1403	5	N	0	0	5	24.8
A_PB2	1404	5	N	0	0	5	24.4
A_PB2	1405	5	N	0	0	5	21.8
A_PB2	1406	5	N	0	0	5	19.8
A_PB2	1407	5	N	0	0	5	21.2
A_PB2	1408	5	N	0	0	5	23.2
A_PB2	1409	5	N	0	0	5	23.8
A_PB2	1410	4	N	1	0	4	30.5
A_PB2	1411	4	N	1	0	4	29.5
A_PB2	1412	5	N	0	0	5	25.2
A_PB2	1413	5	N	0	0	5	24
A_PB2	1414	5	N	0	0	5	22
A_PB2	1415	5	N	0	0	5	23.2
A_PB2	1416	5	N	0	0	5	37.6
A_PB2	1417	5	N	0	0	5	63.8
A_PB2	1418	5	N	0	0	5	26.4
A_PB2	1419	5	N	0	0	5	26
A_PB2	1420	5	N	0	0	5	27.2
A_PB2	1421	5	N	0	0	5	27.4
A_PB2	1422	5	N	0	0	5	26.6
A_PB2	1423	5	N	0	0	5	27.6
A_PB2	1424	5	N	0	0	5	37.6
A_PB2	1425	5	N	0	0	5	24.2
A_PB2	1426	5	N	0	0	5	23.8
A_PB2	1427	5	N	0	0	5	24.6
A_PB2	1428	5	N	0	0	5	40
A_PB2	1429	5	N	0	0	5	23.4
A_PB2	1430	5	N	0	0	5	20.6
A_PB2	1431	5	N	0	0	5	20.4
A_PB2	1432	5	N	0	0	5	22.4
A_PB2	1433	5	N	0	0	5	24.2
A_PB2	1434	4	N	1	0	4	28.25
A_PB2	1435	5	N	0	0	5	27.2
A_PB2	1436	5	N	0	0	5	24.2
A_PB2	1437	5	N	0	0	5	22
A_PB2	1438	5	N	0	0	5	24.4
A_PB2	1439	5	N	0	0	5	25.8
A_PB2	1440	5	N	0	0	5	25.6
A_PB2	1441	5	N	0	0	5	27.4
A_PB2	1442	5	N	0	0	5	27.4
A_PB2	1443	5	N	0	0	5	28
A_PB2	1444	5	N	0	0	5	27.4
A_PB2	1445	5	N	0	0	5	28.8
A_PB2	1446	5	N	0	0	5	29.4
A_PB2	1447	6	N	0	0	6	47
A_PB2	1448	6	N	0	0	6	27.5
A_PB2	1449	6	N	0	0	6	23.5
A_PB2	1450	6	N	0	0	6	24.1666666666667
A_PB2	1451	6	N	0	0	6	23
A_PB2	1452	6	N	0	0	6	23
A_PB2	1453	6	N	0	0	6	22.5
A_PB2	1454	6	N	0	0	6	23.6666666666667
A_PB2	1455	6	N	0	0	6	22.6666666666667
A_PB2	1456	6	N	0	0	6	24
A_PB2	1457	6	N	0	0	6	26.6666666666667
A_PB2	1458	6	N	0	0	6	27.1666666666667
A_PB2	1459	6	N	0	0	6	28.3333333333333
A_PB2	1460	6	N	0	0	6	29.6666666666667
A_PB2	1461	6	N	0	0	6	28.6666666666667
A_PB2	1462	6	N	0	0	6	27.5
A_PB2	1463	6	N	0	0	6	27
A_PB2	1464	6	N	0	0	6	23.5
A_PB2	1465	6	N	0	0	6	24
A_PB2	1466	6	N	0	0	6	35.5
A_PB2	1467	6	N	0	0	6	27
A_PB2	1468	6	N	0	0	6	23.8333333333333
A_PB2	1469	6	N	0	0	6	23.1666666666667
A_PB2	1470	6	N	0	0	6	22.1666666666667
A_PB2	1471	6	N	0	0	6	23
A_PB2	1472	6	N	0	0	6	25.8333333333333
A_PB2	1473	6	N	0	0	6	25.8333333333333
A_PB2	1474	6	N	0	0	6	25.6666666666667
A_PB2	1475	6	N	0	0	6	24.8333333333333
A_PB2	1476	5	N	1	0	5	49.4
A_PB2	1477	5	N	1	0	5	47.6
A_PB2	1478	5	N	1	0	5	24.6
A_PB2	1479	5	N	1	0	5	20.2
A_PB2	1480	5	N	1	0	5	16.6
A_PB2	1481	5	N	1	0	5	14.4
A_PB2	1482	6	N	0	0	6	18.1666666666667
A_PB2	1483	6	N	0	0	6	17.6666666666667
A_PB2	1484	6	N	0	0	6	21.8333333333333
A_PB2	1485	6	N	0	0	6	22.3333333333333
A_PB2	1486	6	N	0	0	6	22.3333333333333
A_PB2	1487	6	N	0	0	6	20
A_PB2	1488	6	N	0	0	6	20.3333333333333
A_PB2	1489	6	N	0	0	6	22.8333333333333
A_PB2	1490	6	N	0	0	6	21
A_PB2	1491	6	N	0	0	6	21.6666666666667
A_PB2	1492	6	N	0	0	6	24.3333333333333
A_PB2	1493	6	N	0	0	6	24.5
A_PB2	1494	6	N	0	0	6	24.8333333333333
A_PB2	1495	6	N	0	0	6	25.5
A_PB2	1496	6	N	0	0	6	24.3333333333333
A_PB2	1497	6	N	0	0	6	24.1666666666667
A_PB2	1498	6	N	0	0	6	23.6666666666667
A_PB2	1499	6	N	0	0	5	19
A_PB2	1500	6	N	0	0	6	20.1666666666667
A_PB2	1501	6	N	0	0	6	20.6666666666667
A_PB2	1502	6	N	0	0	6	22.5
A_PB2	1503	6	N	0	0	6	28.3333333333333
A_PB2	1504	6	N	0	0	6	27
A_PB2	1505	6	N	0	0	6	28.3333333333333
A_PB2	1506	6	N	0	0	6	27.1666666666667
A_PB2	1507	6	N	0	0	6	28.3333333333333
A_PB2	1508	6	N	0	0	6	28.5
A_PB2	1509	6	N	0	0	6	27.8333333333333
A_PB2	1510	6	N	0	0	6	27
A_PB2	1511	6	N	0	0	6	25.6666666666667
A_PB2	1512	6	N	0	0	6	26.3333333333333
A_PB2	1513	6	N	0	0	6	26.8333333333333
A_PB2	1514	6	N	0	0	6	22.1666666666667
A_PB2	1515	6	N	0	0	6	22
A_PB2	1516	6	N	0	0	6	21.6666666666667
A_PB2	1517	6	N	0	0	6	23.1666666666667
A_PB2	1518	6	N	0	0	6	24
A_PB2	1519	6	N	0	0	6	25.1666666666667
A_PB2	1520	6	N	0	0	6	26
A_PB2	1521	6	N	0	0	6	23.6666666666667
A_PB2	1522	6	N	0	0	6	22.1666666666667
A_PB2	1523	5	N	1	0	5	16.8
A_PB2	1524	6	N	0	0	6	14.5
A_PB2	1525	6	N	0	0	6	11.5
A_PB2	1526	6	N	0	0	6	16.6666666666667
A_PB2	1527	5	N	1	0	5	19.2
A_PB2	1528	5	N	1	0	5	25
A_PB2	1529	5	N	1	0	5	23.6
A_PB2	1530	5	N	1	0	5	25.8
A_PB2	1531	6	N	0	0	6	23.3333333333333
A_PB2	1532	6	N	0	0	6	23.6666666666667
A_PB2	1533	6	N	0	0	5	28.6
A_PB2	1534	6	N	0	0	5	29.2
A_PB2	1535	6	N	0	0	6	26.6666666666667
A_PB2	1536	6	N	0	0	6	24.1666666666667
A_PB2	1537	6	N	0	0	6	24.1666666666667
A_PB2	1538	6	N	0	0	6	24
A_PB2	1539	6	N	0	0	6	22.8333333333333
A_PB2	1540	6	N	0	0	6	27.8333333333333
A_PB2	1541	6	N	0	0	6	26
A_PB2	1542	6	N	0	0	5	25.6
A_PB2	1543	6	N	0	0	6	26.1666666666667
A_PB2	1544	6	N	0	0	6	20.5
A_PB2	1545	6	N	0	0	6	20.6666666666667
A_PB2	1546	5	N	1	0	5	20.2
A_PB2	1547	5	N	1	0	5	19.8
A_PB2	1548	6	N	0	0	6	21.3333333333333
A_PB2	1549	6	N	0	0	5	17.8
A_PB2	1550	6	N	0	0	5	21.4
A_PB2	1551	6	N	0	0	6	19.8333333333333
A_PB2	1552	6	N	0	0	6	19.6666666666667
A_PB2	1553	6	N	0	0	6	20.1666666666667
A_PB2	1554	6	N	0	0	6	22.8333333333333
A_PB2	1555	6	N	0	0	6	25.1666666666667
A_PB2	1556	5	N	1	0	5	25.2
A_PB2	1557	6	N	0	0	6	27.5
A_PB2	1558	6	N	0	0	6	27.6666666666667
A_PB2	1559	6	N	0	0	6	27
A_PB2	1560	6	N	0	0	6	27.8333333333333
A_PB2	1561	6	N	0	0	6	29.3333333333333
A_PB2	1562	6	N	0	0	6	28.1666666666667
A_PB2	1563	6	N	0	0	6	26.3333333333333
A_PB2	1564	6	N	0	0	6	37.8333333333333
A_PB2	1565	6	N	0	0	6	39.8333333333333
A_PB2	1566	6	N	0	0	6	27.3333333333333
A_PB2	1567	6	N	0	0	6	25
A_PB2	1568	6	N	0	0	6	26
A_PB2	1569	6	N	0	0	6	22
A_PB2	1570	6	N	0	0	6	23.1666666666667
A_PB2	1571	6	N	0	0	6	23.6666666666667
A_PB2	1572	6	N	0	0	6	38.1666666666667
A_PB2	1573	6	N	0	0	6	28.1666666666667
A_PB2	1574	5	N	1	0	5	26.2
A_PB2	1575	6	N	0	0	6	27.1666666666667
A_PB2	1576	6	N	0	0	6	27.8333333333333
A_PB2	1577	6	N	0	0	6	35
A_PB2	1578	6	N	0	0	6	26.3333333333333
A_PB2	1579	6	N	0	0	6	24.3333333333333
A_PB2	1580	6	N	0	0	6	23.3333333333333
A_PB2	1581	6	N	0	0	6	23.8333333333333
A_PB2	1582	6	N	0	0	6	22.5
A_PB2	1583	6	N	0	0	6	23.3333333333333
A_PB2	1584	6	N	0	0	5	22.6
A_PB2	1585	6	N	0	0	6	22.3333333333333
A_PB2	1586	6	N	0	0	6	21.5
A_PB2	1587	6	N	0	0	6	25
A_PB2	1588	6	N	0	0	6	24.5
A_PB2	1589	6	N	0	0	6	24.8333333333333
A_PB2	1590	6	N	0	0	6	24.1666666666667
A_PB2	1591	6	N	0	0	6	23.3333333333333
A_PB2	1592	6	N	0	0	6	25
A_PB2	1593	6	N	0	0	6	25.5
A_PB2	1594	6	N	0	0	6	25
A_PB2	1595	6	N	0	0	6	25.1666666666667
A_PB2	1596	6	N	0	0	6	23.5
A_PB2	1597	6	N	0	0	6	24.5
A_PB2	1598	6	N	0	0	6	26.8333333333333
A_PB2	1599	6	N	0	0	6	25.8333333333333
A_PB2	1600	6	N	0	0	6	25
A_PB2	1601	6	N	0	0	6	21.8333333333333
A_PB2	1602	6	N	0	0	6	20.8333333333333
A_PB2	1603	6	N	0	0	6	22.5
A_PB2	1604	6	N	0	0	6	21.8333333333333
A_PB2	1605	6	N	0	0	6	21.5
A_PB2	1606	6	N	0	0	6	25
A_PB2	1607	6	N	0	0	6	24.8333333333333
A_PB2	1608	6	N	0	0	6	24.8333333333333
A_PB2	1609	6	N	0	0	6	25.1666666666667
A_PB2	1610	6	N	0	0	6	25.1666666666667
A_PB2	1611	6	N	0	0	6	21
A_PB2	1612	6	N	0	0	6	20.3333333333333
A_PB2	1613	6	N	0	0	6	19.8333333333333
A_PB2	1614	6	N	0	0	6	20.6666666666667
A_PB2	1615	6	N	0	0	6	23.1666666666667
A_PB2	1616	6	N	0	0	6	24.8333333333333
A_PB2	1617	5	N	1	0	5	23.6
A_PB2	1618	5	N	1	0	5	24.6
A_PB2	1619	5	N	1	0	5	27
A_PB2	1620	6	N	0	0	6	27.3333333333333
A_PB2	1621	6	N	0	0	6	25.5
A_PB2	1622	6	N	0	0	6	25.1666666666667
A_PB2	1623	6	N	0	0	6	24.8333333333333
A_PB2	1624	6	N	0	0	6	23.8333333333333
A_PB2	1625	6	N	0	0	6	22.8333333333333
A_PB2	1626	6	N	0	0	6	22
A_PB2	1627	6	N	0	0	6	22.3333333333333
A_PB2	1628	6	N	0	0	6	21.3333333333333
A_PB2	1629	6	N	0	0	6	21.3333333333333
A_PB2	1630	6	N	0	0	6	24.1666666666667
A_PB2	1631	6	N	0	0	6	21.1666666666667
A_PB2	1632	6	N	0	0	6	31.6666666666667
A_PB2	1633	6	N	0	0	6	19.3333333333333
A_PB2	1634	5	N	1	0	5	20
A_PB2	1635	6	N	0	0	6	20.3333333333333
A_PB2	1636	6	N	0	0	6	23.3333333333333
A_PB2	1637	6	N	0	0	6	24.8333333333333
A_PB2	1638	6	N	0	0	6	26.1666666666667
A_PB2	1639	6	N	0	0	6	24.8333333333333
A_PB2	1640	6	N	0	0	6	24.5
A_PB2	1641	6	N	0	0	6	25.3333333333333
A_PB2	1642	6	N	0	0	6	24.6666666666667
A_PB2	1643	6	N	0	0	6	24.8333333333333
A_PB2	1644	6	N	0	0	6	24.6666666666667
A_PB2	1645	6	N	0	0	6	22.3333333333333
A_PB2	1646	6	N	0	0	6	23.8333333333333
A_PB2	1647	6	N	0	0	6	21.5
A_PB2	1648	6	N	0	0	6	22.1666666666667
A_PB2	1649	6	N	0	0	6	22.6666666666667
A_PB2	1650	6	N	0	0	6	26.1666666666667
A_PB2	1651	6	N	0	0	6	36.1666666666667
A_PB2	1652	6	N	0	0	6	22
A_PB2	1653	6	N	0	0	6	21.8333333333333
A_PB2	1654	6	N	0	0	6	25
A_PB2	1655	6	N	0	0	6	24.5
A_PB2	1656	6	N	0	0	6	24.1666666666667
A_PB2	1657	6	N	0	0	6	22.5
A_PB2	1658	6	N	0	0	6	24.6666666666667
A_PB2	1659	6	N	0	0	6	25
A_PB2	1660	6	N	0	0	6	35.8333333333333
A_PB2	1661	6	N	0	0	6	26.1666666666667
A_PB2	1662	6	N	0	0	6	26.1666666666667
A_PB2	1663	6	N	0	0	6	26
A_PB2	1664	6	N	0	0	6	25
A_PB2	1665	6	N	0	0	6	23
A_PB2	1666	6	N	0	0	6	22.5
A_PB2	1667	6	N	0	0	6	22.1666666666667
A_PB2	1668	5	N	1	0	5	20
A_PB2	1669	6	N	0	0	5	20.4
A_PB2	1670	6	N	0	0	6	21.3333333333333
A_PB2	1671	6	N	0	0	6	20.6666666666667
A_PB2	1672	6	N	0	0	6	21.5
A_PB2	1673	6	N	0	0	6	21.3333333333333
A_PB2	1674	6	N	0	0	6	20.3333333333333
A_PB2	1675	6	N	0	0	6	17.3333333333333
A_PB2	1676	6	N	0	0	6	16.6666666666667
A_PB2	1677	6	N	0	0	6	18.3333333333333
A_PB2	1678	6	N	0	0	6	20.5
A_PB2	1679	6	N	0	0	6	23.8333333333333
A_PB2	1680	6	N	0	0	6	24.5
A_PB2	1681	6	N	0	0	6	23.8333333333333
A_PB2	1682	6	N	0	0	6	24.1666666666667
A_PB2	1683	6	N	0	0	6	36.3333333333333
A_PB2	1684	6	N	0	0	6	25.1666666666667
A_PB2	1685	5	N	1	0	5	29.2
A_PB2	1686	5	N	1	0	5	27.6
A_PB2	1687	6	N	0	0	6	22
A_PB2	1688	6	N	0	0	6	22
A_PB2	1689	6	N	0	0	6	20.3333333333333
A_PB2	1690	6	N	0	0	6	20.8333333333333
A_PB2	1691	6	N	0	0	6	21.5
A_PB2	1692	6	N	0	0	6	20.6666666666667
A_PB2	1693	6	N	0	0	6	19.6666666666667
A_PB2	1694	6	N	0	0	6	19.6666666666667
A_PB2	1695	6	N	0	0	6	19.8333333333333
A_PB2	1696	6	N	0	0	6	20.5
A_PB2	1697	6	N	0	0	6	20.1666666666667
A_PB2	1698	6	N	0	0	6	19
A_PB2	1699	6	N	0	0	6	20.3333333333333
A_PB2	1700	6	N	0	0	6	22
A_PB2	1701	6	N	0	0	6	25
A_PB2	1702	6	N	0	0	6	24
A_PB2	1703	6	N	0	0	6	23.6666666666667
A_PB2	1704	6	N	0	0	6	23.6666666666667
A_PB2	1705	6	N	0	0	6	24.5
A_PB2	1706	6	N	0	0	6	24.6666666666667
A_PB2	1707	6	N	0	0	6	23.1666666666667
A_PB2	1708	6	N	0	0	6	21.3333333333333
A_PB2	1709	6	N	0	0	6	22
A_PB2	1710	6	N	0	0	6	22.5
A_PB2	1711	6	N	0	0	6	22.6666666666667
A_PB2	1712	6	N	0	0	6	24
A_PB2	1713	6	N	0	0	6	24.3333333333333
A_PB2	1714	6	N	0	0	6	25.8333333333333
A_PB2	1715	6	N	0	0	6	24.8333333333333
A_PB2	1716	6	N	0	0	3	25.3333333333333
A_PB2	1717	6	N	0	0	6	24.1666666666667
A_PB2	1718	6	N	0	0	6	24.1666666666667
A_PB2	1719	6	N	0	0	6	25
A_PB2	1720	6	N	0	0	6	26
A_PB2	1721	6	N	0	0	6	26.8333333333333
A_PB2	1722	6	N	0	0	6	30.1666666666667
A_PB2	1723	6	N	0	0	6	51.3333333333333
A_PB2	1724	6	N	0	0	6	30.1666666666667
A_PB2	1725	6	N	0	0	6	29
A_PB2	1726	6	N	0	0	6	28.1666666666667
A_PB2	1727	6	N	0	0	6	37.1666666666667
A_PB2	1728	6	N	0	0	6	24.8333333333333
A_PB2	1729	6	N	0	0	6	25
A_PB2	1730	6	N	0	0	6	26
A_PB2	1731	6	N	0	0	6	26.5
A_PB2	1732	6	N	0	0	6	24.3333333333333
A_PB2	1733	6	N	0	0	6	24.6666666666667
A_PB2	1734	6	N	0	0	5	25.8
A_PB2	1735	6	N	0	0	6	23.3333333333333
A_PB2	1736	6	N	0	0	6	23
A_PB2	1737	6	N	0	0	6	28.3333333333333
A_PB2	1738	6	N	0	0	6	21.3333333333333
A_PB2	1739	6	N	0	0	6	23.1666666666667
A_PB2	1740	6	N	0	0	6	22.3333333333333
A_PB2	1741	6	N	0	0	6	22.5
A_PB2	1742	6	N	0	0	6	19.6666666666667
A_PB2	1743	6	N	0	0	6	18.8333333333333
A_PB2	1744	6	N	0	0	6	21.3333333333333
A_PB2	1745	6	N	0	0	6	23.3333333333333
A_PB2	1746	6	N	0	0	6	25.1666666666667
A_PB2	1747	6	N	0	0	6	29.6666666666667
A_PB2	1748	6	N	0	0	6	29.5
A_PB2	1749	6	N	0	0	6	24
A_PB2	1750	6	N	0	0	6	22.5
A_PB2	1751	6	N	0	0	6	22.1666666666667
A_PB2	1752	6	N	0	0	6	21.8333333333333
A_PB2	1753	6	N	0	0	6	23.6666666666667
A_PB2	1754	6	N	0	0	6	20.3333333333333
A_PB2	1755	6	N	0	0	5	19.4
A_PB2	1756	6	N	0	0	6	21.1666666666667
A_PB2	1757	6	N	0	0	6	20.3333333333333
A_PB2	1758	6	N	0	0	6	22.3333333333333
A_PB2	1759	6	N	0	0	6	23
A_PB2	1760	6	N	0	0	6	23
A_PB2	1761	6	N	0	0	6	22.3333333333333
A_PB2	1762	6	N	0	0	6	23.8333333333333
A_PB2	1763	5	N	1	0	5	26
A_PB2	1764	6	N	0	0	6	26.1666666666667
A_PB2	1765	6	N	0	0	6	23.5
A_PB2	1766	6	N	0	0	6	23.5
A_PB2	1767	6	N	0	0	6	22.8333333333333
A_PB2	1768	6	N	0	0	6	22.8333333333333
A_PB2	1769	6	N	0	0	6	19.8333333333333
A_PB2	1770	6	N	0	0	6	23.5
A_PB2	1771	6	N	0	0	6	24.5
A_PB2	1772	6	N	0	0	6	25.1666666666667
A_PB2	1773	6	N	0	0	6	24
A_PB2	1774	6	N	0	0	6	23
A_PB2	1775	6	N	0	0	6	22
A_PB2	1776	6	N	0	0	6	22.5
A_PB2	1777	6	N	0	0	6	22.6666666666667
A_PB2	1778	6	N	0	0	6	24.1666666666667
A_PB2	1779	6	N	0	0	6	25.8333333333333
A_PB2	1780	6	N	0	0	6	26.1666666666667
A_PB2	1781	6	N	0	0	6	24
A_PB2	1782	6	N	0	0	6	24.6666666666667
A_PB2	1783	6	N	0	0	6	23.5
A_PB2	1784	6	N	0	0	6	22.5
A_PB2	1785	6	N	0	0	6	23.6666666666667
A_PB2	1786	6	N	0	0	6	24.1666666666667
A_PB2	1787	6	N	0	0	6	23
A_PB2	1788	6	N	0	0	6	22.3333333333333
A_PB2	1789	6	N	0	0	6	23.6666666666667
A_PB2	1790	6	N	0	0	6	21.1666666666667
A_PB2	1791	6	N	0	0	6	21.3333333333333
A_PB2	1792	6	N	0	0	6	24.6666666666667
A_PB2	1793	6	N	0	0	6	24.5
A_PB2	1794	5	N	1	0	5	25.2
A_PB2	1795	6	N	0	0	6	27
A_PB2	1796	6	N	0	0	6	24.5
A_PB2	1797	6	N	0	0	6	24.6666666666667
A_PB2	1798	6	N	0	0	6	27.6666666666667
A_PB2	1799	6	N	0	0	6	28.1666666666667
A_PB2	1800	6	N	0	0	6	27
A_PB2	1801	6	N	0	0	6	23.1666666666667
A_PB2	1802	6	N	0	0	6	23.8333333333333
A_PB2	1803	6	N	0	0	6	23.3333333333333
A_PB2	1804	6	N	0	0	6	24.3333333333333
A_PB2	1805	6	N	0	0	6	28.1666666666667
A_PB2	1806	6	N	0	0	6	39.3333333333333
A_PB2	1807	6	N	0	0	6	40.5
A_PB2	1808	6	N	0	0	6	26
A_PB2	1809	6	N	0	0	6	21.5
A_PB2	1810	6	N	0	0	6	20.6666666666667
A_PB2	1811	6	N	0	0	6	22.1666666666667
A_PB2	1812	6	N	0	0	6	19.8333333333333
A_PB2	1813	6	N	0	0	6	31.3333333333333
A_PB2	1814	6	N	0	0	6	34.5
A_PB2	1815	6	N	0	0	6	21.8333333333333
A_PB2	1816	6	N	0	0	6	20.8333333333333
A_PB2	1817	6	N	0	0	6	21.1666666666667
A_PB2	1818	6	N	0	0	6	21.5
A_PB2	1819	6	N	0	0	6	21.6666666666667
A_PB2	1820	6	N	0	0	6	24.1666666666667
A_PB2	1821	6	N	0	0	6	25
A_PB2	1822	6	N	0	0	6	23.3333333333333
A_PB2	1823	6	N	0	0	6	23.1666666666667
A_PB2	1824	6	N	0	0	6	21.1666666666667
A_PB2	1825	6	N	0	0	6	22.1666666666667
A_PB2	1826	6	N	0	0	6	26.1666666666667
A_PB2	1827	6	N	0	0	6	25
A_PB2	1828	6	N	0	0	6	23
A_PB2	1829	6	N	0	0	6	25.3333333333333
A_PB2	1830	6	N	0	0	6	25.1666666666667
A_PB2	1831	6	N	0	0	6	26.8333333333333
A_PB2	1832	6	N	0	0	6	27
A_PB2	1833	6	N	0	0	6	25.8333333333333
A_PB2	1834	6	N	0	0	6	25.6666666666667
A_PB2	1835	6	N	0	0	6	24.5
A_PB2	1836	6	N	0	0	6	24
A_PB2	1837	6	N	0	0	6	21.8333333333333
A_PB2	1838	6	N	0	0	6	19.6666666666667
A_PB2	1839	6	N	0	0	6	31.6666666666667
A_PB2	1840	6	N	0	0	6	18.3333333333333
A_PB2	1841	6	N	0	0	6	19.1666666666667
A_PB2	1842	6	N	0	0	6	18.6666666666667
A_PB2	1843	6	N	0	0	6	18.8333333333333
A_PB2	1844	6	N	0	0	6	21.6666666666667
A_PB2	1845	6	N	0	0	6	22.1666666666667
A_PB2	1846	6	N	0	0	6	22.1666666666667
A_PB2	1847	6	N	0	0	5	22.4
A_PB2	1848	6	N	0	0	6	20.3333333333333
A_PB2	1849	6	N	0	0	6	22.8333333333333
A_PB2	1850	6	N	0	0	6	21.1666666666667
A_PB2	1851	6	N	0	0	6	23.5
A_PB2	1852	6	N	0	0	6	22.6666666666667
A_PB2	1853	6	N	0	0	6	21.6666666666667
A_PB2	1854	6	N	0	0	6	23.3333333333333
A_PB2	1855	6	N	0	0	6	23.6666666666667
A_PB2	1856	6	N	0	0	6	22
A_PB2	1857	6	N	0	0	6	21.6666666666667
A_PB2	1858	6	N	0	0	6	20.6666666666667
A_PB2	1859	4	N	2	0	4	13.5
A_PB2	1860	3	N	3	0	3	9.66666666666667
A_PB2	1861	5	N	1	0	4	17
A_PB2	1862	6	N	0	0	6	22.3333333333333
A_PB2	1863	6	N	0	0	6	20
A_PB2	1864	6	N	0	0	6	19.6666666666667
A_PB2	1865	6	N	0	0	6	18.1666666666667
A_PB2	1866	6	N	0	0	6	15.3333333333333
A_PB2	1867	6	N	0	0	6	14.6666666666667
A_PB2	1868	6	N	0	0	6	16.3333333333333
A_PB2	1869	6	N	0	0	6	17
A_PB2	1870	6	N	0	0	6	17.5
A_PB2	1871	6	N	0	0	6	20.8333333333333
A_PB2	1872	6	N	0	0	6	23
A_PB2	1873	6	N	0	0	6	24
A_PB2	1874	6	N	0	0	6	21
A_PB2	1875	6	N	0	0	4	22
A_PB2	1876	6	N	0	0	5	16.8
A_PB2	1877	5	N	1	0	5	16.6
A_PB2	1878	5	N	1	0	5	16.6
A_PB2	1879	6	N	0	0	6	15.5
A_PB2	1880	6	N	0	0	6	17.6666666666667
A_PB2	1881	6	N	0	0	6	20.1666666666667
A_PB2	1882	6	N	0	0	6	23.6666666666667
A_PB2	1883	6	N	0	0	6	24
A_PB2	1884	6	N	0	0	6	24.5
A_PB2	1885	6	N	0	0	6	25.5
A_PB2	1886	6	N	0	0	6	27
A_PB2	1887	6	N	0	0	6	24.1666666666667
A_PB2	1888	6	N	0	0	6	25.1666666666667
A_PB2	1889	5	N	1	0	5	28.2
A_PB2	1890	6	N	0	0	6	24.5
A_PB2	1891	6	N	0	0	6	23.5
A_PB2	1892	6	N	0	0	6	23.6666666666667
A_PB2	1893	6	N	0	0	6	23.1666666666667
A_PB2	1894	6	N	0	0	6	24.5
A_PB2	1895	6	N	0	0	6	21.6666666666667
A_PB2	1896	6	N	0	0	6	22
A_PB2	1897	6	N	0	0	6	23.1666666666667
A_PB2	1898	6	N	0	0	6	24.1666666666667
A_PB2	1899	6	N	0	0	6	28.1666666666667
A_PB2	1900	6	N	0	0	6	26.3333333333333
A_PB2	1901	6	N	0	0	6	37
A_PB2	1902	6	N	0	0	6	24.5
A_PB2	1903	6	N	0	0	6	22.1666666666667
A_PB2	1904	6	N	0	0	6	24.1666666666667
A_PB2	1905	6	N	0	0	6	24.1666666666667
A_PB2	1906	6	N	0	0	6	24
A_PB2	1907	6	N	0	0	6	23.3333333333333
A_PB2	1908	6	N	0	0	6	23
A_PB2	1909	6	N	0	0	6	23.5
A_PB2	1910	6	N	0	0	6	23.6666666666667
A_PB2	1911	6	N	0	0	6	23.5
A_PB2	1912	6	N	0	0	6	23.6666666666667
A_PB2	1913	6	N	0	0	6	27.3333333333333
A_PB2	1914	6	N	0	0	6	25.5
A_PB2	1915	6	N	0	0	6	26.3333333333333
A_PB2	1916	6	N	0	0	6	23.5
A_PB2	1917	6	N	0	0	6	22.8333333333333
A_PB2	1918	6	N	0	0	6	21
A_PB2	1919	6	N	0	0	6	22
A_PB2	1920	6	N	0	0	6	23.1666666666667
A_PB2	1921	6	N	0	0	6	23.6666666666667
A_PB2	1922	6	N	0	0	6	22.6666666666667
A_PB2	1923	6	N	0	0	6	22.3333333333333
A_PB2	1924	6	N	0	0	6	25
A_PB2	1925	6	N	0	0	6	25.3333333333333
A_PB2	1926	6	N	0	0	6	26.6666666666667
A_PB2	1927	6	N	0	0	6	25.3333333333333
A_PB2	1928	6	N	0	0	6	26
A_PB2	1929	6	N	0	0	6	24.5
A_PB2	1930	6	N	0	0	6	22.5
A_PB2	1931	6	N	0	0	6	21
A_PB2	1932	6	N	0	0	6	19
A_PB2	1933	6	N	0	0	6	19
A_PB2	1934	6	N	0	0	6	19.8333333333333
A_PB2	1935	6	N	0	0	6	24.5
A_PB2	1936	6	N	0	0	6	27
A_PB2	1937	6	N	0	0	6	27.5
A_PB2	1938	6	N	0	0	6	23.1666666666667
A_PB2	1939	6	N	0	0	6	24.5
A_PB2	1940	6	N	0	0	6	20.3333333333333
A_PB2	1941	6	N	0	0	6	24
A_PB2	1942	6	N	0	0	6	26.6666666666667
A_PB2	1943	6	N	0	0	6	26.8333333333333
A_PB2	1944	6	N	0	0	6	26.5
A_PB2	1945	6	N	0	0	6	27
A_PB2	1946	6	N	0	0	6	29.3333333333333
A_PB2	1947	5	N	1	0	5	25.8
A_PB2	1948	6	N	0	0	6	23.5
A_PB2	1949	5	N	1	0	5	22.4
A_PB2	1950	6	N	0	0	6	18.5
A_PB2	1951	6	N	0	0	6	22.5
A_PB2	1952	6	N	0	0	6	22.3333333333333
A_PB2	1953	6	N	0	0	6	24.5
A_PB2	1954	6	N	0	0	6	25
A_PB2	1955	6	N	0	0	6	25
A_PB2	1956	6	N	0	0	6	26.1666666666667
A_PB2	1957	6	N	0	0	6	28
A_PB2	1958	6	N	0	0	6	26.1666666666667
A_PB2	1959	6	N	0	0	5	25.4
A_PB2	1960	6	N	0	0	5	26.4
A_PB2	1961	6	N	0	0	6	23
A_PB2	1962	6	N	0	0	6	23
A_PB2	1963	6	N	0	0	6	22.6666666666667
A_PB2	1964	6	N	0	0	6	18.6666666666667
A_PB2	1965	6	N	0	0	6	18.8333333333333
A_PB2	1966	6	N	0	0	6	19.8333333333333
A_PB2	1967	6	N	0	0	6	25.3333333333333
A_PB2	1968	6	N	0	0	6	26.5
A_PB2	1969	6	N	0	0	6	25.8333333333333
A_PB2	1970	6	N	0	0	6	26.5
A_PB2	1971	6	N	0	0	6	26
A_PB2	1972	6	N	0	0	6	24.1666666666667
A_PB2	1973	6	N	0	0	6	25.5
A_PB2	1974	6	N	0	0	6	27
A_PB2	1975	6	N	0	0	6	26.8333333333333
A_PB2	1976	6	N	0	0	6	27.5
A_PB2	1977	6	N	0	0	6	25.8333333333333
A_PB2	1978	6	N	0	0	6	26.5
A_PB2	1979	6	N	0	0	5	25.6
A_PB2	1980	6	N	0	0	6	23.5
A_PB2	1981	6	N	0	0	6	21.6666666666667
A_PB2	1982	6	N	0	0	6	21
A_PB2	1983	6	N	0	0	6	19.5
A_PB2	1984	6	N	0	0	6	18.3333333333333
A_PB2	1985	6	N	0	0	6	20.3333333333333
A_PB2	1986	6	N	0	0	6	22.6666666666667
A_PB2	1987	6	N	0	0	6	22.6666666666667
A_PB2	1988	6	N	0	0	6	23.1666666666667
A_PB2	1989	6	N	0	0	6	25.1666666666667
A_PB2	1990	6	N	0	0	6	23.3333333333333
A_PB2	1991	6	N	0	0	6	25.1666666666667
A_PB2	1992	6	N	0	0	6	26.5
A_PB2	1993	6	N	0	0	6	25.6666666666667
A_PB2	1994	6	N	0	0	6	25.3333333333333
A_PB2	1995	6	N	0	0	6	27
A_PB2	1996	6	N	0	0	6	27.3333333333333
A_PB2	1997	6	N	0	0	6	28
A_PB2	1998	6	N	0	0	6	39.8333333333333
A_PB2	1999	6	N	0	0	6	36.5
A_PB2	2000	6	N	0	0	6	27.1666666666667
A_PB2	2001	6	N	0	0	6	27.6666666666667
A_PB2	2002	6	N	0	0	6	26.1666666666667
A_PB2	2003	6	N	0	0	6	28.8333333333333
A_PB2	2004	6	N	0	0	6	27
A_PB2	2005	6	N	0	0	6	27.6666666666667
A_PB2	2006	6	N	0	0	6	28.5
A_PB2	2007	6	N	0	0	6	24.8333333333333
A_PB2	2008	6	N	0	0	6	24.8333333333333
A_PB2	2009	6	N	0	0	6	27.3333333333333
A_PB2	2010	6	N	0	0	6	26
A_PB2	2011	6	N	0	0	6	25.6666666666667
A_PB2	2012	6	N	0	0	6	25.1666666666667
A_PB2	2013	6	N	0	0	6	25.1666666666667
A_PB2	2014	6	N	0	0	6	25.1666666666667
A_PB2	2015	6	N	0	0	6	24.6666666666667
A_PB2	2016	6	N	0	0	6	24.3333333333333
A_PB2	2017	6	N	0	0	6	20.5
A_PB2	2018	6	N	0	0	6	22
A_PB2	2019	6	N	0	0	6	22.3333333333333
A_PB2	2020	6	N	0	0	6	21.6666666666667
A_PB2	2021	6	N	0	0	6	25
A_PB2	2022	6	N	0	0	6	26
A_PB2	2023	6	N	0	0	6	26.5
A_PB2	2024	6	N	0	0	6	24.5
A_PB2	2025	6	N	0	0	6	23
A_PB2	2026	6	N	0	0	6	25.5
A_PB2	2027	6	N	0	0	6	25.6666666666667
A_PB2	2028	6	N	0	0	6	26
A_PB2	2029	6	N	0	0	6	23.3333333333333
A_PB2	2030	5	N	1	0	5	22.2
A_PB2	2031	6	N	0	0	4	23.75
A_PB2	2032	6	N	0	0	6	19.5
A_PB2	2033	6	N	0	0	5	22.8
A_PB2	2034	6	N	0	0	5	22
A_PB2	2035	6	N	0	0	6	20.1666666666667
A_PB2	2036	6	N	0	0	6	16.6666666666667
A_PB2	2037	6	N	0	0	6	18.3333333333333
A_PB2	2038	6	N	0	0	6	18.6666666666667
A_PB2	2039	6	N	0	0	6	17.8333333333333
A_PB2	2040	6	N	0	0	6	24.6666666666667
A_PB2	2041	6	N	0	0	6	22.8333333333333
A_PB2	2042	6	N	0	0	6	23.5
A_PB2	2043	6	N	0	0	6	20.8333333333333
A_PB2	2044	6	N	0	0	6	20.5
A_PB2	2045	6	N	0	0	5	21.6
A_PB2	2046	6	N	0	0	6	22.1666666666667
A_PB2	2047	6	N	0	0	6	22.6666666666667
A_PB2	2048	5	N	1	0	5	26.6
A_PB2	2049	5	N	1	0	5	27.4
A_PB2	2050	5	N	1	0	5	26.4
A_PB2	2051	6	N	0	0	5	26
A_PB2	2052	6	N	0	0	6	23.1666666666667
A_PB2	2053	6	N	0	0	6	19.8333333333333
A_PB2	2054	6	N	0	0	5	20.4
A_PB2	2055	6	N	0	0	5	17.2
A_PB2	2056	6	N	0	0	5	23.2
A_PB2	2057	6	N	0	0	6	19
A_PB2	2058	6	N	0	0	6	18.3333333333333
A_PB2	2059	6	N	0	0	6	18.5
A_PB2	2060	6	N	0	0	6	20
A_PB2	2061	6	N	0	0	6	20.5
A_PB2	2062	6	N	0	0	6	20.6666666666667
A_PB2	2063	6	N	0	0	6	21
A_PB2	2064	6	N	0	0	6	22.6666666666667
A_PB2	2065	6	N	0	0	6	21.6666666666667
A_PB2	2066	6	N	0	0	6	22.6666666666667
A_PB2	2067	6	N	0	0	6	24.3333333333333
A_PB2	2068	6	N	0	0	6	22.1666666666667
A_PB2	2069	6	N	0	0	6	21.8333333333333
A_PB2	2070	6	N	0	0	6	23.1666666666667
A_PB2	2071	6	N	0	0	6	23.1666666666667
A_PB2	2072	6	N	0	0	6	25.1666666666667
A_PB2	2073	6	N	0	0	6	24.8333333333333
A_PB2	2074	6	N	0	0	6	26.5
A_PB2	2075	6	N	0	0	6	24.8333333333333
A_PB2	2076	6	N	0	0	6	22.1666666666667
A_PB2	2077	6	N	0	0	6	20.3333333333333
A_PB2	2078	6	N	0	0	6	19.5
A_PB2	2079	6	N	0	0	6	19.5
A_PB2	2080	6	N	0	0	6	19.6666666666667
A_PB2	2081	6	N	0	0	6	22.6666666666667
A_PB2	2082	6	N	0	0	6	23.5
A_PB2	2083	6	N	0	0	6	19.3333333333333
A_PB2	2084	6	N	0	0	6	20
A_PB2	2085	6	N	0	0	6	22.8333333333333
A_PB2	2086	6	N	0	0	6	23.5
A_PB2	2087	6	N	0	0	6	24.5
A_PB2	2088	6	N	0	0	6	25.1666666666667
A_PB2	2089	6	N	0	0	6	25.6666666666667
A_PB2	2090	6	N	0	0	6	24.5
A_PB2	2091	6	N	0	0	6	26.8333333333333
A_PB2	2092	6	N	0	0	6	25
A_PB2	2093	6	N	0	0	6	23.8333333333333
A_PB2	2094	6	N	0	0	6	24.3333333333333
A_PB2	2095	6	N	0	0	6	24.1666666666667
A_PB2	2096	6	N	0	0	6	25.3333333333333
A_PB2	2097	6	N	0	0	6	27.1666666666667
A_PB2	2098	6	N	0	0	6	36.6666666666667
A_PB2	2099	5	N	1	0	5	26.6
A_PB2	2100	6	N	0	0	6	22.3333333333333
A_PB2	2101	6	N	0	0	6	19.3333333333333
A_PB2	2102	6	N	0	0	6	20.1666666666667
A_PB2	2103	6	N	0	0	6	20.3333333333333
A_PB2	2104	6	N	0	0	6	19.1666666666667
A_PB2	2105	6	N	0	0	6	19.8333333333333
A_PB2	2106	6	N	0	0	6	22.1666666666667
A_PB2	2107	6	N	0	0	6	23.8333333333333
A_PB2	2108	6	N	0	0	6	24.3333333333333
A_PB2	2109	6	N	0	0	6	25
A_PB2	2110	6	N	0	0	6	24.8333333333333
A_PB2	2111	6	N	0	0	6	26
A_PB2	2112	6	N	0	0	6	23.5
A_PB2	2113	6	N	0	0	6	21.6666666666667
A_PB2	2114	6	N	0	0	6	20.6666666666667
A_PB2	2115	6	N	0	0	6	20.6666666666667
A_PB2	2116	6	N	0	0	6	21
A_PB2	2117	6	N	0	0	6	21
A_PB2	2118	6	N	0	0	6	17.1666666666667
A_PB2	2119	6	N	0	0	6	17.3333333333333
A_PB2	2120	6	N	0	0	6	18.6666666666667
A_PB2	2121	6	N	0	0	6	31
A_PB2	2122	6	N	0	0	6	25.6666666666667
A_PB2	2123	6	N	0	0	6	25.6666666666667
A_PB2	2124	5	N	1	0	5	26
A_PB2	2125	6	N	0	0	6	24.1666666666667
A_PB2	2126	6	N	0	0	6	20.6666666666667
A_PB2	2127	6	N	0	0	6	21.8333333333333
A_PB2	2128	6	N	0	0	6	23
A_PB2	2129	6	N	0	0	6	25
A_PB2	2130	6	N	0	0	6	27
A_PB2	2131	6	N	0	0	6	24.5
A_PB2	2132	6	N	0	0	6	24
A_PB2	2133	6	N	0	0	6	25.5
A_PB2	2134	6	N	0	0	6	28.5
A_PB2	2135	6	N	0	0	6	29.3333333333333
A_PB2	2136	6	N	0	0	6	28.5
A_PB2	2137	6	N	0	0	6	29.5
A_PB2	2138	6	N	0	0	6	30.3333333333333
A_PB2	2139	6	N	0	0	6	29
A_PB2	2140	6	N	0	0	6	29.1666666666667
A_PB2	2141	6	N	0	0	6	27
A_PB2	2142	6	N	0	0	6	25.8333333333333
A_PB2	2143	6	N	0	0	6	26.3333333333333
A_PB2	2144	6	N	0	0	6	27.1666666666667
A_PB2	2145	6	N	0	0	6	25.6666666666667
A_PB2	2146	6	N	0	0	6	26
A_PB2	2147	6	N	0	0	6	35.5
A_PB2	2148	6	N	0	0	6	26.3333333333333
A_PB2	2149	6	N	0	0	6	26.5
A_PB2	2150	6	N	0	0	6	26.3333333333333
A_PB2	2151	6	N	0	0	6	24.8333333333333
A_PB2	2152	6	N	0	0	6	25
A_PB2	2153	6	N	0	0	6	27.5
A_PB2	2154	6	N	0	0	6	23
A_PB2	2155	5	N	1	0	5	25.4
A_PB2	2156	6	N	0	0	6	25.5
A_PB2	2157	6	N	0	0	6	27.1666666666667
A_PB2	2158	6	N	0	0	6	22.3333333333333
A_PB2	2159	6	N	0	0	6	22.6666666666667
A_PB2	2160	6	N	0	0	6	22.3333333333333
A_PB2	2161	6	N	0	0	6	28.5
A_PB2	2162	6	N	0	0	6	28.3333333333333
A_PB2	2163	6	N	0	0	6	29.3333333333333
A_PB2	2164	6	N	0	0	6	25.1666666666667
A_PB2	2165	6	N	0	0	6	25.8333333333333
A_PB2	2166	6	N	0	0	6	24.3333333333333
A_PB2	2167	6	N	0	0	6	24.3333333333333
A_PB2	2168	6	N	0	0	6	24.3333333333333
A_PB2	2169	6	N	0	0	6	24.6666666666667
A_PB2	2170	6	N	0	0	6	29.5
A_PB2	2171	6	N	0	0	6	28.5
A_PB2	2172	6	N	0	0	6	31.5
A_PB2	2173	6	N	0	0	6	31.5
A_PB2	2174	6	N	0	0	6	28
A_PB2	2175	6	N	0	0	6	26.1666666666667
A_PB2	2176	6	N	0	0	6	19.6666666666667
A_PB2	2177	5	N	0	0	5	20
A_PB2	2178	5	N	0	0	5	19.6
A_PB2	2179	5	N	0	0	5	18.2
A_PB2	2180	5	N	0	0	5	18.8
A_PB2	2181	5	N	0	0	5	24
A_PB2	2182	5	N	0	0	5	23.2
A_PB2	2183	5	N	0	0	5	27.6
A_PB2	2184	5	N	0	0	5	28
A_PB2	2185	5	N	0	0	5	23.4
A_PB2	2186	5	N	0	0	5	24.8
A_PB2	2187	5	N	0	0	5	22.4
A_PB2	2188	5	N	0	0	5	23
A_PB2	2189	5	N	0	0	5	26.6
A_PB2	2190	5	N	0	0	5	27.6
A_PB2	2191	5	N	0	0	5	27.8
A_PB2	2192	5	N	0	0	5	28.2
A_PB2	2193	5	N	0	0	5	27
A_PB2	2194	5	N	0	0	5	25.6
A_PB2	2195	5	N	0	0	5	25.6
A_PB2	2196	5	N	0	0	5	26.2
A_PB2	2197	5	N	0	0	5	27.4
A_PB2	2198	5	N	0	0	5	28.4
A_PB2	2199	5	N	0	0	5	26.4
A_PB2	2200	5	N	0	0	5	21.4
A_PB2	2201	5	N	0	0	5	20.4
A_PB2	2202	5	N	0	0	5	19.6
A_PB2	2203	5	N	0	0	5	19.4
A_PB2	2204	5	N	0	0	5	25.2
A_PB2	2205	5	N	0	0	5	25.4
A_PB2	2206	5	N	0	0	5	27.6
A_PB2	2207	5	N	0	0	5	28.8
A_PB2	2208	5	N	0	0	5	42.4
A_PB2	2209	5	N	0	0	4	25.75
A_PB2	2210	5	N	0	0	5	25.4
A_PB2	2211	5	N	0	0	5	26.8
A_PB2	2212	5	N	0	0	5	27.2
A_PB2	2213	5	N	0	0	5	29.6
A_PB2	2214	5	N	0	0	5	31.8
A_PB2	2215	5	N	0	0	5	29.4
A_PB2	2216	5	N	0	0	4	24.5
A_PB2	2217	5	N	0	0	5	24.8
A_PB2	2218	5	N	0	0	5	25.2
A_PB2	2219	5	N	0	0	5	26.2
A_PB2	2220	5	N	0	0	5	27
A_PB2	2221	4	N	1	0	4	27
A_PB2	2222	5	N	0	0	5	26.6
A_PB2	2223	5	N	0	0	5	23.8
A_PB2	2224	5	N	0	0	5	25.2
A_PB2	2225	5	N	0	0	5	28.6
A_PB2	2226	5	N	0	0	4	29.5
A_PB2	2227	5	N	0	0	5	30.4
A_PB2	2228	5	N	0	0	5	26
A_PB2	2229	5	N	0	0	5	23.2
A_PB2	2230	5	N	0	0	5	23.2
A_PB2	2231	5	N	0	0	5	23.6
A_PB2	2232	5	N	0	0	5	24.4
A_PB2	2233	5	N	0	0	5	33.4
A_PB2	2234	5	N	0	0	5	36.2
A_PB2	2235	5	N	0	0	5	24.8
A_PB2	2236	5	N	0	0	5	26.4
A_PB2	2237	5	N	0	0	5	26.6
A_PB2	2238	5	N	0	0	5	26.2
A_PB2	2239	5	N	0	0	5	23.8
A_PB2	2240	5	N	0	0	5	21.2
A_PB2	2241	4	N	1	0	4	25
A_PB2	2242	5	N	0	0	5	22
A_PB2	2243	4	N	0	0	4	24.5
A_PB2	2244	4	N	0	0	4	21.25
A_PB2	2245	4	N	0	0	4	19.5
A_PB2	2246	4	N	0	0	4	20
A_PB2	2247	4	N	0	0	4	19.5
A_PB2	2248	4	N	0	0	4	22.25
A_PB2	2249	4	N	0	0	4	22.75
A_PB2	2250	4	N	0	0	4	23.25
A_PB2	2251	4	N	0	0	4	25.25
A_PB2	2252	4	N	0	0	4	26
A_PB2	2253	4	N	0	0	4	23.75
A_PB2	2254	4	N	0	0	4	24
A_PB2	2255	4	N	0	0	4	25.25
A_PB2	2256	4	N	0	0	4	27.5
A_PB2	2257	4	N	0	0	4	27
A_PB2	2258	4	N	0	0	4	25.25
A_PB2	2259	4	N	0	0	4	25.25
A_PB2	2260	4	N	0	0	4	27
A_PB2	2261	4	N	0	0	4	27.75
A_PB2	2262	4	N	0	0	4	27.5
A_PB2	2263	4	N	0	0	4	27
A_PB2	2264	3	N	1	0	3	25.3333333333333
A_PB2	2265	4	N	0	0	4	25.25
A_PB2	2266	4	N	0	0	4	24.5
A_PB2	2267	4	N	0	0	4	22.25
A_PB2	2268	4	N	0	0	4	15.5
A_PB2	2269	4	N	0	0	4	15.5
A_PB2	2270	4	N	0	0	4	17
A_PB2	2271	4	N	0	0	4	19
A_PB2	2272	4	N	0	0	4	23
A_PB2	2273	4	N	0	0	4	24.75
A_PB2	2274	4	N	0	0	4	26.25
A_PB2	2275	4	N	0	0	4	23.75
A_PB2	2276	4	N	0	0	4	24.25
A_PB2	2277	4	N	0	0	4	24.5
A_PB2	2278	4	N	0	0	4	23.25
A_PB2	2279	4	N	0	0	4	24.25
A_PB2	2280	4	N	0	0	4	21.5
