Reference_Name	Position	Coverage Depth	Consensus	Deletions	Ambiguous	Consensus_Count	Consensus_Average_Quality
B_NA	1	25229	A	0	0	25229	33.0190653612906
B_NA	2	25353	T	0	0	25353	29.3260758095689
B_NA	3	25555	G	0	0	25532	24.8154864483785
B_NA	4	25685	A	0	0	25618	24.9891872901866
B_NA	5	26056	A	3	0	25888	24.7321538936959
B_NA	6	26119	C	6	0	26040	25.1135944700461
B_NA	7	26108	A	77	0	26036	24.8535489322477
B_NA	8	26180	A	18	0	25983	27.0773967594196
B_NA	9	26156	T	58	0	26075	26.4410738255034
B_NA	10	26091	G	127	0	25548	25.5242680444653
B_NA	11	26006	C	228	0	25829	23.8559758411088
B_NA	12	25972	T	299	0	25583	22.7486612203416
B_NA	13	26067	A	223	0	25818	22.2139979859013
B_NA	14	26111	C	188	0	25996	22.349322972765
B_NA	15	26116	C	190	0	25884	21.8596043888116
B_NA	16	26093	T	218	0	25835	22.7574221017999
B_NA	17	26132	T	181	0	25871	24.3968149665649
B_NA	18	26177	C	147	0	26003	27.3407299157789
B_NA	19	26139	A	188	0	26012	27.5686990619714
B_NA	20	26211	A	116	0	25772	26.1353018780071
B_NA	21	26182	C	151	0	26037	24.7345700349503
B_NA	22	26170	T	168	0	26031	24.7600937343936
B_NA	23	26186	A	154	0	25919	24.5196188124542
B_NA	24	26222	T	120	0	26009	24.890691683648
B_NA	25	26133	A	212	0	25690	24.5429349941612
B_NA	26	26166	C	181	0	25907	23.9496275137994
B_NA	27	26187	A	165	0	26060	23.8219877206447
B_NA	28	26301	A	52	0	26172	25.0366422130521
B_NA	29	26288	A	66	0	25788	26.5942686520862
B_NA	30	26266	C	89	0	26152	26.0099418782502
B_NA	31	26256	G	100	0	25582	24.6427566257525
B_NA	32	26269	T	90	0	26060	24.0047966231773
B_NA	33	26251	T	109	0	26119	24.4943910563192
B_NA	34	26161	A	199	0	25992	25.9540627885503
B_NA	35	26213	A	147	0	25923	28.6153223006596
B_NA	36	23839	C	2521	0	23550	25.1995329087049
B_NA	37	25829	C	531	0	25612	23.4168749023895
B_NA	38	26271	C	92	0	25990	19.7432474028472
B_NA	39	26261	T	102	0	26085	20.4458884416331
B_NA	40	26220	A	144	0	25965	22.5454650491046
B_NA	41	26229	T	136	0	25929	23.8524046434494
B_NA	42	26291	T	74	0	26186	26.5178721454212
B_NA	43	26075	T	290	0	25906	29.4418281479194
B_NA	44	25809	C	556	0	25694	30.2528995096131
B_NA	45	26193	T	172	0	25949	28.0741454391306
B_NA	46	25202	C	1163	0	25034	26.8517216585444
B_NA	47	25353	A	1013	0	25019	24.6920340541189
B_NA	48	26275	C	93	0	26128	23.0142758726271
B_NA	49	26320	A	115	0	26106	22.9901938251743
B_NA	50	26320	T	118	0	26207	23.4576639829053
B_NA	51	26264	C	185	0	26159	25.8960204900799
B_NA	52	24695	A	1755	0	24115	18.6549865229111
B_NA	53	17065	G	9392	0	16800	18.4916666666667
B_NA	54	21744	G	4731	0	21486	18.3509261844922
B_NA	55	25345	G	1136	0	25003	19.4479062512499
B_NA	56	25426	G	1060	0	24926	20.7190483832143
B_NA	57	24460	G	2029	0	23480	18.7142248722317
B_NA	58	24249	A	2241	0	23859	20.60765329645
B_NA	59	25942	G	551	0	25128	17.001870423432
B_NA	60	25652	T	849	0	25365	16.7498915828898
B_NA	61	25926	A	575	0	25627	18.2626916923557
B_NA	62	25953	T	548	0	25369	21.5849659032678
B_NA	63	26359	T	145	0	26218	26.2615760164772
B_NA	64	26327	A	178	0	25984	25.6784174876847
B_NA	65	26418	T	88	0	26009	26.2130416394325
B_NA	66	26411	T	96	0	26272	27.0739951278928
B_NA	67	26396	A	111	0	26223	26.9797887350799
B_NA	68	26383	T	124	0	26168	27.5082161418526
B_NA	69	26085	C	423	0	25953	26.262513004277
B_NA	70	26161	A	347	0	25830	24.154587688734
B_NA	71	26349	C	159	0	26104	23.5378869138829
B_NA	72	25982	T	526	0	25749	23.1500252436988
B_NA	73	26024	A	484	0	25805	24.1455531873668
B_NA	74	26402	T	106	0	26281	25.2842357596743
B_NA	75	26417	A	91	0	26200	28.7074427480916
B_NA	76	26161	T	349	0	25992	33.4493305632502
B_NA	77	26053	G	457	0	25704	25.6793495175848
B_NA	78	26409	T	101	0	26206	25.7963061894223
B_NA	79	26358	G	153	0	25722	27.33045641863
B_NA	80	26406	T	104	0	26099	29.1233763745737
B_NA	81	26341	C	169	0	25931	25.8256912575682
B_NA	82	26200	A	311	0	25758	22.7689261588633
B_NA	83	26288	G	223	0	24694	19.9802381145217
B_NA	84	26328	C	183	0	26185	19.2375023868627
B_NA	85	26053	T	458	0	25799	19.8811581844258
B_NA	86	26043	T	468	0	25671	21.0484593510187
B_NA	87	26257	C	254	0	25964	25.7224233554152
B_NA	88	26394	A	117	0	26020	24.9377017678709
B_NA	89	26441	T	70	0	26111	24.8942591245069
B_NA	90	26453	T	58	0	26326	25.9268403859303
B_NA	91	26449	A	63	0	26266	24.1722378740577
B_NA	92	26456	T	56	0	26306	27.2798981221014
B_NA	93	26313	C	199	0	26196	26.6244083066117
B_NA	94	26252	A	260	0	25832	24.4518039640756
B_NA	95	26064	T	448	0	25788	24.3498526446409
B_NA	96	26104	A	408	0	25562	23.6884046631719
B_NA	97	26104	C	408	0	25944	23.0342275670675
B_NA	98	25721	T	791	0	25339	23.2827656971467
B_NA	99	25988	T	524	0	25664	23.4664510598504
B_NA	100	25824	A	688	0	25346	23.0657697467056
B_NA	101	26033	C	479	0	25756	23.5722938344463
B_NA	102	26260	T	252	0	26073	22.6771756222913
B_NA	103	26346	A	166	0	26143	23.2925448494817
B_NA	104	26475	T	37	0	26365	24.5412478664897
B_NA	105	26460	A	52	0	26118	32.4945248487633
B_NA	106	26454	T	58	0	26232	43.4425129612687
B_NA	107	26451	T	61	0	26304	29.0224300486618
B_NA	108	26226	C	285	0	25989	25.5451152410635
B_NA	109	26304	G	207	0	25857	21.4124995165719
B_NA	110	26450	G	61	0	26277	20.559957377174
B_NA	111	26300	A	209	0	26133	21.1945432977461
B_NA	112	26293	T	215	0	26128	23.4616886099204
B_NA	113	26460	A	47	0	26228	25.8240430074729
B_NA	114	26445	T	62	0	26311	35.2014366614724
B_NA	115	26321	A	186	0	25970	68.5448979591837
B_NA	116	26370	T	137	0	26044	41.4927814467824
B_NA	117	26397	T	110	0	26268	26.1261230394396
B_NA	118	26202	G	305	0	25472	24.0991677135678
B_NA	119	26188	C	319	0	25881	23.0545187589351
B_NA	120	26144	T	361	0	25790	22.4799146956185
B_NA	121	25656	A	849	0	25186	22.3731438100532
B_NA	122	26378	A	123	0	26146	23.6957852061501
B_NA	123	26433	A	66	0	26297	25.4813476822451
B_NA	124	26421	A	76	0	26238	26.7002820336916
B_NA	125	26395	T	102	0	26205	25.8361763022324
B_NA	126	26287	T	210	0	26129	27.1786138007578
B_NA	127	25875	C	618	0	25549	26.8076637050374
B_NA	128	26378	T	116	0	26061	25.6351636545029
B_NA	129	25794	C	700	0	25588	25.790839455995
B_NA	130	26076	A	416	0	25446	22.3027587833058
B_NA	131	26310	C	181	0	25698	22.5235426881469
B_NA	132	26114	A	376	0	25851	22.6718115353371
B_NA	133	26364	A	123	0	26135	23.2304572412474
B_NA	134	26361	A	124	0	24712	22.6204273227582
B_NA	135	26347	C	135	0	26091	22.1606684297267
B_NA	136	25013	A	1468	0	24676	19.868130977468
B_NA	137	25513	G	968	0	25154	18.6379899817126
B_NA	138	26336	A	144	0	26226	19.3170136505758
B_NA	139	26376	A	102	0	26265	21.3163906339235
B_NA	140	26366	A	111	0	26086	27.4495898182933
B_NA	141	26329	T	148	0	26041	26.5495564686456
B_NA	142	26320	A	157	0	26107	27.1862335772015
B_NA	143	26339	A	138	0	25929	25.5789656369316
B_NA	144	26223	C	252	0	26071	24.9732269571555
B_NA	145	26199	T	270	0	26015	24.3364212954065
B_NA	146	26145	G	324	0	25748	23.2177256485941
B_NA	147	25935	C	534	0	25743	23.5394476168279
B_NA	148	25960	A	508	0	25636	22.8355047589327
B_NA	149	26021	C	446	0	25690	22.6430128454652
B_NA	150	26239	C	228	0	25816	23.5483808490858
B_NA	151	26196	A	270	0	26059	24.2526958056717
B_NA	152	26246	A	220	0	25713	24.2610352739859
B_NA	153	26389	C	77	0	26160	24.6730886850153
B_NA	154	26353	A	112	0	26216	24.9381675312786
B_NA	155	26379	A	85	0	26113	25.3694328495385
B_NA	156	26373	T	91	0	26267	27.5225948909278
B_NA	157	26361	G	103	0	26075	27.4791562799617
B_NA	158	26293	C	171	0	26152	25.4966350565922
B_NA	159	26357	C	107	0	26096	24.9124770079706
B_NA	160	26305	A	159	0	25964	23.4629486981975
B_NA	161	26320	T	144	0	25898	24.3111437176616
B_NA	162	26395	T	67	0	26254	26.2762626647368
B_NA	163	25999	G	463	0	25770	25.0059371362049
B_NA	164	26373	G	89	0	26225	23.892888465205
B_NA	165	26251	A	209	0	25968	24.0383548983364
B_NA	166	26346	T	111	0	26211	24.341116325207
B_NA	167	26287	T	170	0	26123	24.8265895953757
B_NA	168	26249	G	203	0	25833	25.1292145705106
B_NA	169	26307	T	145	0	26056	24.0878108688978
B_NA	170	26290	G	161	0	25607	23.221697192174
B_NA	171	26255	C	194	0	26025	22.8905667627281
B_NA	172	26074	A	374	0	25860	23.6203402938902
B_NA	173	26295	A	153	0	26068	24.4188660426577
B_NA	174	26193	A	252	0	25824	26.7005111524164
B_NA	175	25939	C	501	0	25697	24.0035412694089
B_NA	176	26090	G	350	0	25390	21.7033083891296
B_NA	177	26353	C	87	0	26224	21.2556436851739
B_NA	178	26331	A	108	0	26145	21.5478676611207
B_NA	179	26348	T	91	0	26189	23.1598380999656
B_NA	180	26284	C	153	0	26150	27.5648183556405
B_NA	181	26006	A	431	0	25880	24.8961360123648
B_NA	182	26328	A	108	0	26239	24.3058805594725
B_NA	183	26327	A	107	0	26162	25.7161914226741
B_NA	184	26281	T	151	0	26166	27.3446457234579
B_NA	185	26252	G	178	0	25736	26.6830898352502
B_NA	186	26282	T	148	0	26092	25.9940211559099
B_NA	187	26336	T	93	0	26142	26.5390941779512
B_NA	188	26277	C	151	0	26046	26.3073408584811
B_NA	189	26256	A	172	0	25628	22.1202590916185
B_NA	190	26126	G	301	0	25609	20.4731539693077
B_NA	191	26294	G	132	0	26095	20.8678674075493
B_NA	192	26324	C	102	0	26148	21.4339911274285
B_NA	193	25961	T	465	0	25697	22.9370743666576
B_NA	194	25997	G	429	0	25663	24.7941004559093
B_NA	195	26280	T	145	0	25730	23.6761756704236
B_NA	196	26310	G	111	0	25779	22.1053182823228
B_NA	197	26227	A	193	0	25700	22.3952918287938
B_NA	198	26285	A	133	0	25880	23.3488408037094
B_NA	199	25916	C	502	0	25669	23.7210253613308
B_NA	200	26328	C	85	0	25628	22.0610270017169
B_NA	201	26332	G	81	0	25943	22.2051420421694
B_NA	202	26317	T	95	0	26102	22.7202896329783
B_NA	203	26326	T	85	0	26131	24.5073284604493
B_NA	204	26297	C	113	0	26172	25.4356564267156
B_NA	205	26268	T	131	0	26073	27.389790204426
B_NA	206	26239	G	161	0	26010	26.2369088811995
B_NA	207	26262	C	139	0	26095	25.523012071278
B_NA	208	26195	A	203	0	26027	25.8124639797134
B_NA	209	26236	A	161	0	25653	23.4457958133552
B_NA	210	26255	C	140	0	25980	23.1876058506544
B_NA	211	24233	A	2160	0	24016	22.9682295136576
B_NA	212	26090	A	300	0	25976	23.0434246997228
B_NA	213	26022	A	367	0	25927	23.7212558336869
B_NA	214	25324	A	1063	0	24764	19.7712001292198
B_NA	215	23239	G	3147	0	22456	20.2947096544353
B_NA	216	25496	G	890	0	24630	18.6614291514413
B_NA	217	26200	G	185	0	25642	17.8064113563685
B_NA	218	26178	G	199	0	25769	17.8016997167139
B_NA	219	26137	C	236	0	25802	18.0920471281296
B_NA	220	26108	G	265	0	25555	18.7477206026218
B_NA	221	25842	A	531	0	25124	20.1220745104283
B_NA	222	26088	C	284	0	25471	21.0307408425268
B_NA	223	26060	A	312	0	25099	19.6852464241603
B_NA	224	25907	C	465	0	25682	20.000272564442
B_NA	225	25829	T	543	0	25615	20.9622486824126
B_NA	226	25709	T	661	0	25356	23.2435715412526
B_NA	227	25882	C	488	0	25630	26.6635583300819
B_NA	228	26122	T	248	0	25960	25.8579352850539
B_NA	229	25986	T	384	0	25664	26.3975997506234
B_NA	230	25939	C	429	0	25746	26.989707138973
B_NA	231	26168	T	200	0	26009	26.8964589180668
B_NA	232	25292	C	1076	0	25169	25.0406055067742
B_NA	233	26180	C	188	0	26017	24.5024791482492
B_NA	234	26230	C	137	0	25825	22.8159922555663
B_NA	235	26163	A	202	0	25889	21.8920004635173
B_NA	236	26216	G	148	0	26055	20.2224141239685
B_NA	237	26147	A	217	0	25870	19.9026285272516
B_NA	238	26209	A	155	0	25723	24.1200870816001
B_NA	239	25950	C	413	0	25723	23.7490572639272
B_NA	240	26169	C	190	0	25435	21.7005700805976
B_NA	241	25819	G	537	0	25119	19.5795612882678
B_NA	242	25692	G	662	0	24983	18.7289757034784
B_NA	243	24787	A	1565	0	24388	18.0853698540266
B_NA	244	26156	G	196	0	25519	18.3234060895803
B_NA	245	26014	T	334	0	25756	17.7321789097686
B_NA	246	25940	G	404	0	25819	18.697277198962
B_NA	247	26189	G	155	0	26051	20.4769874476987
B_NA	248	26106	A	237	0	25829	23.1232722908359
B_NA	249	26131	C	209	0	25831	23.9011652665402
B_NA	250	26006	A	333	0	25594	23.1618738766898
B_NA	251	25914	T	425	0	25572	23.9448224620679
B_NA	252	25721	A	617	0	24785	22.0503530361106
B_NA	253	24890	C	1446	0	24313	22.1726648295151
B_NA	254	25920	C	414	0	25563	21.3433478073778
B_NA	255	25860	C	471	0	25373	19.5773459977141
B_NA	256	25800	G	529	0	24913	19.6877935214547
B_NA	257	26155	C	174	0	25756	20.0286923435316
B_NA	258	26030	G	298	0	25544	20.0532806138428
B_NA	259	25769	T	557	0	25461	20.786654098425
B_NA	260	26125	T	202	0	25973	24.0201747969045
B_NA	261	26074	T	252	0	25833	24.7102543258623
B_NA	262	26026	A	298	0	25746	27.1023071545094
B_NA	263	26050	T	273	0	25740	26.1261460761461
B_NA	264	25985	C	335	0	25835	24.21277336946
B_NA	265	25821	T	496	0	25559	24.9570405727924
B_NA	266	26006	T	310	0	25869	25.100467741312
B_NA	267	25706	G	607	0	24823	22.685614148169
B_NA	268	23048	C	3263	0	22766	22.5889045067205
B_NA	269	25389	C	922	0	24604	20.4963014144042
B_NA	270	25905	C	399	0	24442	17.1408231732264
B_NA	271	25663	G	639	0	21033	15.1072124756335
B_NA	272	25915	G	386	0	24327	14.1250462449131
B_NA	273	26142	G	159	0	25539	12.8807314303614
B_NA	274	26073	C	228	0	25705	13.4480451274071
B_NA	275	26030	T	271	0	25552	17.6666797119599
B_NA	276	26121	C	178	0	25866	22.9400371143586
B_NA	277	26082	A	216	0	25878	20.7167091738156
B_NA	278	26128	A	166	0	25082	18.7636552109082
B_NA	279	26048	C	246	0	25818	20.3176853358122
B_NA	280	26026	C	267	0	25734	20.0178363254838
B_NA	281	25341	T	952	0	25056	20.1243614303959
B_NA	282	25890	T	401	0	25623	24.5757717675526
B_NA	283	25983	T	307	0	25558	27.5774317239221
B_NA	284	25954	C	335	0	25739	26.1385446210031
B_NA	285	24191	A	2095	0	23593	17.3028440639173
B_NA	286	25119	G	1165	0	24904	15.6751124317379
B_NA	287	24864	A	1418	0	24402	18.4289812310466
B_NA	288	25789	A	490	0	25649	20.191664392374
B_NA	289	25943	A	336	0	25694	23.1991126332996
B_NA	290	25952	G	326	0	25494	23.1048481995764
B_NA	291	25961	C	317	0	25750	21.7198058252427
B_NA	292	25691	A	586	0	25150	21.4992842942346
B_NA	293	25957	C	319	0	25731	20.5081807935953
B_NA	294	25975	T	301	0	25701	21.9998443640325
B_NA	295	20251	C	6025	0	19890	22.1276520864756
B_NA	296	25629	C	646	0	25382	16.5840753289733
B_NA	297	25880	T	395	0	25478	11.960946699113
B_NA	298	25955	A	315	0	25477	15.8406013266868
B_NA	299	26160	A	107	0	25803	23.4260744874627
B_NA	300	26129	T	139	0	25622	24.4080868004059
B_NA	301	26174	T	88	0	25898	26.6130203104487
B_NA	302	26038	A	223	0	25307	22.9694550914767
B_NA	303	26101	G	159	0	25768	20.2341276001242
B_NA	304	25410	C	849	0	25079	20.1945053630528
B_NA	305	26152	C	106	0	26005	19.9959623149394
B_NA	306	26130	C	125	0	25985	20.1291514335193
B_NA	307	26096	T	159	0	25846	21.7632902576801
B_NA	308	26080	C	175	0	25919	22.484856668853
B_NA	309	25850	A	403	0	25145	21.6075164048519
B_NA	310	26031	T	221	0	25564	22.7395556250978
B_NA	311	25838	A	413	0	25157	22.3775887426959
B_NA	312	26116	G	133	0	25854	21.1720430107527
B_NA	313	26034	A	213	0	25710	22.6444185141968
B_NA	314	26071	T	174	0	25767	23.8802732176815
B_NA	315	26152	T	93	0	25864	25.0451979585524
B_NA	316	26000	C	244	0	25653	24.8097298561572
B_NA	317	25527	G	715	0	25005	18.8875424915017
B_NA	318	25872	G	370	0	25767	18.4136298366127
B_NA	319	25808	A	434	0	25589	19.4084176794716
B_NA	320	25729	G	505	0	25624	21.3602091788948
B_NA	321	25864	A	368	0	25717	22.2784928257573
B_NA	322	25989	A	242	0	25815	23.1258183226806
B_NA	323	25961	A	269	0	25579	26.2932092732319
B_NA	324	25826	C	402	0	25471	24.1823642573908
B_NA	325	25889	C	336	0	25322	23.3201168944001
B_NA	326	23325	A	2899	0	22959	22.687573500588
B_NA	327	24932	A	1291	0	24587	23.1095700980193
B_NA	328	24795	A	1426	0	24160	18.3466473509934
B_NA	329	24248	G	1973	0	23997	19.9843730466308
B_NA	330	25254	G	966	0	25024	18.4612372122762
B_NA	331	25798	A	421	0	25614	16.4953541032248
B_NA	332	25945	A	274	0	25797	18.7759429391014
B_NA	333	25931	A	281	0	25579	22.4918487822042
B_NA	334	25966	C	241	0	25836	22.1534293234247
B_NA	335	25962	T	245	0	25740	23.0024087024087
B_NA	336	26055	C	152	0	25857	22.5514560853927
B_NA	337	25935	A	272	0	25595	18.2161359640555
B_NA	338	25894	G	311	0	25291	17.1939820489502
B_NA	339	25866	C	338	0	25691	19.5045346619439
B_NA	340	25854	T	350	0	25654	21.2636236064551
B_NA	341	23141	C	3062	0	22992	22.4185803757829
B_NA	342	25425	C	778	0	24996	22.0881341014562
B_NA	343	25815	C	384	0	25321	18.223174440188
B_NA	344	25577	T	622	0	24440	18.2194353518822
B_NA	345	25232	T	967	0	24952	21.3155658865021
B_NA	346	25233	A	964	0	24971	22.8873893716711
B_NA	347	25398	A	795	0	25006	25.2373030472687
B_NA	348	26012	T	180	0	25625	26.1137951219512
B_NA	349	25875	A	308	0	25617	27.3480891595425
B_NA	350	25885	A	296	0	25486	26.6665620340579
B_NA	351	25756	T	422	0	25085	25.8954355192346
B_NA	352	25043	A	1133	0	24557	25.1387384452498
B_NA	353	25801	A	373	0	25277	21.5775606282391
B_NA	354	24526	G	1648	0	23862	15.9355879641271
B_NA	355	25899	G	275	0	25062	18.1052988588301
B_NA	356	25982	G	192	0	25672	17.3035213462138
B_NA	357	25794	A	379	0	25270	18.5563909774436
B_NA	358	26026	A	147	0	25374	20.7829274060061
B_NA	359	25944	C	229	0	25591	21.0154351139072
B_NA	360	25868	C	303	0	25242	19.6721337453451
B_NA	361	24019	T	2152	0	23464	20.4661609273781
B_NA	362	25658	T	510	0	25395	21.7409332545777
B_NA	363	25676	T	487	0	25412	26.2810876751141
B_NA	364	25529	T	632	0	25151	25.4128662876228
B_NA	365	25514	G	645	0	24419	24.114009582702
B_NA	366	25632	T	526	0	24940	21.8550922213312
B_NA	367	25868	T	290	0	25474	20.9055115019235
B_NA	368	25528	G	628	0	24072	18.0118810235959
B_NA	369	25613	C	543	0	25298	17.7938176930983
B_NA	370	25063	T	1090	0	24427	18.3390919883735
B_NA	371	25768	T	383	0	24937	18.4355776556923
B_NA	372	25809	G	340	0	24210	20.3811648079306
B_NA	373	26055	T	94	0	25763	20.026704964484
B_NA	374	26018	G	131	0	25791	21.0479624675274
B_NA	375	26050	G	97	0	25919	20.3748601412092
B_NA	376	25999	A	145	0	25813	23.1607329640104
B_NA	377	25556	C	587	0	25240	23.6437400950872
B_NA	378	26018	C	123	0	25561	22.7787254019796
B_NA	379	25812	A	323	0	25652	23.5876344924372
B_NA	380	25982	A	151	0	25810	24.3577683068578
B_NA	381	26039	A	92	0	25713	26.5225761288064
B_NA	382	26018	T	112	0	25816	26.5576774093585
B_NA	383	26020	G	110	0	25722	25.9929632221445
B_NA	384	25912	A	218	0	25489	25.6641688571541
B_NA	385	26004	A	124	0	25701	25.0945488502393
B_NA	386	25976	T	152	0	25824	25.390218401487
B_NA	387	25931	G	196	0	25322	24.4994471210805
B_NA	388	25875	C	251	0	25594	24.1430022661561
B_NA	389	25760	A	361	0	25551	23.3938006340261
B_NA	390	25944	A	173	0	25727	23.3271271426906
B_NA	391	25948	A	163	0	25441	25.3416532369011
B_NA	392	25949	C	160	0	25737	25.7736721451607
B_NA	393	25900	A	208	0	25347	23.2330453308084
B_NA	394	25920	C	187	0	25762	22.1362083689155
B_NA	395	25192	T	915	0	24963	23.3477146176341
B_NA	396	25534	T	571	0	25331	23.8653033832063
B_NA	397	25832	T	269	0	25607	25.9851603077284
B_NA	398	25824	G	276	0	25570	23.7839655846695
B_NA	399	25927	C	172	0	25703	22.364393261487
B_NA	400	25629	T	470	0	25427	22.6773508475243
B_NA	401	25764	T	335	0	25501	23.7265597427552
B_NA	402	25795	T	301	0	25375	26.112236453202
B_NA	403	25639	A	456	0	25378	25.3604696981638
B_NA	404	25740	A	352	0	25245	23.7096454743514
B_NA	405	25232	C	855	0	24873	22.2069312105496
B_NA	406	25753	C	333	0	25230	22.1263575108997
B_NA	407	25676	C	409	0	25225	20.885946481665
B_NA	408	25407	A	676	0	24918	20.4005939481499
B_NA	409	25491	T	592	0	24663	21.4161699712119
B_NA	410	25678	T	406	0	25501	22.8646719736481
B_NA	411	25816	A	267	0	25172	22.5380978865406
B_NA	412	25802	T	276	0	25544	22.6476276229251
B_NA	413	25714	G	364	0	24569	22.1915828890065
B_NA	414	25723	C	353	0	25390	21.7030720756203
B_NA	415	25707	A	368	0	25328	21.4695593809223
B_NA	416	25770	G	304	0	24999	19.4729389175567
B_NA	417	25312	C	762	0	24977	20.4540176962806
B_NA	418	25592	C	478	0	25008	20.1397552783109
B_NA	419	25750	C	317	0	25179	20.0028992414314
B_NA	420	25703	A	364	0	25553	22.4169373459085
B_NA	421	25778	A	285	0	25203	21.965678689045
B_NA	422	25758	C	304	0	25394	22.5659604631015
B_NA	423	25664	C	398	0	25354	22.9589019484105
B_NA	424	25136	A	926	0	24632	20.0404758038324
B_NA	425	19211	G	6848	0	18674	19.4026453893113
B_NA	426	23731	G	2326	0	23332	17.9496399794274
B_NA	427	25201	G	853	0	24439	18.5897540815909
B_NA	428	25883	G	171	0	25667	18.8173530213893
B_NA	429	25764	G	289	0	25601	18.9553923674856
B_NA	430	25694	A	359	0	25545	21.1298492855745
B_NA	431	25553	T	499	0	25345	21.943775892681
B_NA	432	25586	A	466	0	25050	23.1945309381238
B_NA	433	25612	C	440	0	25294	23.6601565588677
B_NA	434	25746	T	297	0	25216	22.6301554568528
B_NA	435	25689	A	354	0	25208	21.574658838464
B_NA	436	25697	C	345	0	25484	22.390872704442
B_NA	437	25827	A	213	0	25674	23.1773778920308
B_NA	438	25888	A	152	0	25547	24.7318276118527
B_NA	439	25884	T	155	0	25731	25.8401150363375
B_NA	440	25763	G	272	0	25533	26.0389691771433
B_NA	441	25929	G	104	0	25766	23.5471163548863
B_NA	442	25873	A	159	0	25645	23.6206667966465
B_NA	443	25925	A	106	0	25659	25.6833859464515
B_NA	444	25905	C	122	0	25652	23.722087946359
B_NA	445	24097	A	1927	0	23909	25.2073696097704
B_NA	446	24642	A	1381	0	24465	21.0081340690783
B_NA	447	24526	G	1496	0	24368	17.5125984898227
B_NA	448	25654	A	365	0	25423	19.2222003697439
B_NA	449	25415	G	603	0	25343	21.5777137671152
B_NA	450	25634	G	383	0	25509	20.2650045082128
B_NA	451	25439	A	577	0	25125	18.7826865671642
B_NA	452	25543	G	470	0	25259	20.6358129775526
B_NA	453	25596	A	417	0	25089	22.3065088285703
B_NA	454	25690	C	323	0	25376	21.3314549180328
B_NA	455	24999	A	1014	0	24699	19.5849629539657
B_NA	456	25643	G	370	0	25398	19.2575399637767
B_NA	457	25769	A	243	0	25611	19.6541720354535
B_NA	458	25847	A	159	0	25693	22.2590199665278
B_NA	459	25842	A	164	0	25373	26.3639301619832
B_NA	460	25793	C	211	0	25531	24.4844306920998
B_NA	461	25645	A	355	0	25393	24.4502421927303
B_NA	462	25888	A	109	0	25721	24.1313712530617
B_NA	463	25714	G	283	0	25361	22.7660581207366
B_NA	464	25807	C	188	0	25683	23.3006658100689
B_NA	465	25780	T	214	0	25458	23.373045800927
B_NA	466	25796	G	198	0	25577	22.9801384055988
B_NA	467	25674	A	319	0	25267	23.5262199707128
B_NA	468	25509	G	484	0	25265	21.5469622006729
B_NA	469	25820	G	171	0	25567	20.9049556068369
B_NA	470	25835	C	155	0	25586	20.2386852184789
B_NA	471	25823	A	165	0	25666	21.604535182732
B_NA	472	25794	T	191	0	25606	23.9612590799031
B_NA	473	25779	C	206	0	25605	25.6711579769576
B_NA	474	25399	T	585	0	25122	22.924369078895
B_NA	475	25351	A	633	0	25099	22.8246145264752
B_NA	476	25699	A	282	0	25433	24.6611882200291
B_NA	477	25727	T	253	0	25356	26.19900615239
B_NA	478	25858	T	118	0	25651	28.7715878523254
B_NA	479	25838	T	135	0	25481	28.0925395392645
B_NA	480	25817	C	155	0	25605	27.9693419254052
B_NA	481	25803	A	167	0	25341	21.0855530563119
B_NA	482	25791	G	179	0	25194	19.3265063110264
B_NA	483	25874	T	96	0	25587	21.3163325126041
B_NA	484	25817	C	152	0	25594	22.3001484722982
B_NA	485	25347	A	620	0	25128	21.6085243553009
B_NA	486	25778	A	187	0	25521	23.0965479409114
B_NA	487	25834	A	125	0	25496	24.4962347034829
B_NA	488	25748	T	210	0	25103	24.9547862805242
B_NA	489	25819	T	135	0	25612	25.2533578010308
B_NA	490	25598	G	353	0	24879	21.9059849672414
B_NA	491	25740	G	211	0	25346	20.515308135406
B_NA	492	25744	G	206	0	25286	20.5689314245037
B_NA	493	25746	C	202	0	25418	20.5640490990637
B_NA	494	25150	A	795	0	24824	21.9121011923945
B_NA	495	25655	A	288	0	25472	23.7062264447236
B_NA	496	25656	A	286	0	25531	26.5807841447652
B_NA	497	25518	A	420	0	25265	29.5242034434989
B_NA	498	25448	T	483	0	25144	26.1340677696468
B_NA	499	23880	C	2035	0	23557	25.4526467716602
B_NA	500	24876	C	1039	0	24457	22.0890542584945
B_NA	501	25708	C	205	0	25399	20.8701523682035
B_NA	502	25631	A	280	0	25498	20.9171307553534
B_NA	503	25703	A	206	0	24227	20.2065051388946
B_NA	504	25771	C	136	0	25577	19.972827149392
B_NA	505	25567	A	339	0	24652	17.374411812429
B_NA	506	25616	G	286	0	25315	16.8006715386135
B_NA	507	25737	T	163	0	25355	18.9334647998422
B_NA	508	24434	A	1466	0	23898	18.6794710854465
B_NA	509	25423	G	474	0	25007	18.4531931059303
B_NA	510	25723	A	174	0	25381	17.9769512627556
B_NA	511	25518	G	379	0	25128	35.0633556192295
B_NA	512	25693	A	204	0	25385	29.3569824699626
B_NA	513	25750	A	147	0	25404	21.8479766965832
B_NA	514	25613	C	284	0	25428	22.5945021236432
B_NA	515	25619	T	278	0	25401	24.180740915712
B_NA	516	25233	C	663	0	25067	24.3856863605537
B_NA	517	25684	C	211	0	25464	24.0522306000628
B_NA	518	25633	A	261	0	25471	23.8216402968081
B_NA	519	24505	T	1389	0	24208	25.1762227362855
B_NA	520	25704	T	187	0	25573	27.523990145857
B_NA	521	25747	T	139	0	25632	29.2865168539326
B_NA	522	25651	T	236	0	25349	27.2895183241942
B_NA	523	25356	C	530	0	25059	33.1922263458239
B_NA	524	25636	C	250	0	25538	25.4579450231028
B_NA	525	25179	A	704	0	24850	22.8539235412475
B_NA	526	25218	T	656	0	25037	22.9661700682989
B_NA	527	25679	A	195	0	25417	23.6978400283275
B_NA	528	25627	T	247	0	25502	24.1062269625912
B_NA	529	25568	G	304	0	25326	24.3541814735845
B_NA	530	25539	G	332	0	25362	24.198485923823
B_NA	531	25532	C	338	0	25409	24.0586799952773
B_NA	532	25542	A	325	0	25004	23.0535514317709
B_NA	533	25725	G	139	0	25485	22.3210515989798
B_NA	534	25751	C	113	0	25605	22.5320835774263
B_NA	535	25651	A	211	0	25461	23.2615765288088
B_NA	536	25662	T	195	0	25489	24.6637372984425
B_NA	537	25563	G	289	0	25369	25.3518467420868
B_NA	538	25661	G	190	0	25500	23.9494117647059
B_NA	539	24956	A	892	0	24639	22.3917366776249
B_NA	540	25539	G	308	0	25337	21.5463946007815
B_NA	541	25577	C	260	0	25283	20.3586599691492
B_NA	542	25251	G	584	0	23598	18.1006441223833
B_NA	543	25651	G	183	0	25376	17.3403215636822
B_NA	544	25639	G	194	0	25181	17.4597911123466
B_NA	545	25613	T	219	0	25470	18.3308205732234
B_NA	546	24577	C	1255	0	24297	23.2457093468329
B_NA	547	25165	C	662	0	24817	20.3958576782045
B_NA	548	25080	G	747	0	23674	18.3303624229112
B_NA	549	25562	C	265	0	24789	17.5976037758683
B_NA	550	25480	G	347	0	24732	17.7763221737021
B_NA	551	25514	T	308	0	25359	18.3278914783706
B_NA	552	25573	G	249	0	25283	20.5904362615196
B_NA	553	25409	C	409	0	25210	22.0382387941293
B_NA	554	25531	C	287	0	25280	24.2075553797468
B_NA	555	25471	A	343	0	25020	23.1375699440448
B_NA	556	25510	T	303	0	25219	23.4305087434077
B_NA	557	25583	G	227	0	25399	24.9603921414229
B_NA	558	25635	A	174	0	25207	24.2213670805729
B_NA	559	25640	T	169	0	25550	24.9628180039139
B_NA	560	25518	G	287	0	25240	24.1624009508716
B_NA	561	25383	G	418	0	25027	20.7319295161226
B_NA	562	25281	T	519	0	24923	21.0660434137142
B_NA	563	24287	A	1512	0	23843	20.8534160969677
B_NA	564	25229	A	568	0	24138	18.9447758720689
B_NA	565	24971	G	826	0	24354	17.3549314281022
B_NA	566	25089	G	707	0	24914	18.9868748494822
B_NA	567	24936	A	860	0	24481	17.6518524570075
B_NA	568	25159	A	637	0	24743	19.9271713211817
B_NA	569	25543	T	251	0	25371	20.633833904852
B_NA	570	25428	G	364	0	25139	20.1127729822189
B_NA	571	25490	G	302	0	24768	20.0887031653747
B_NA	572	25204	A	587	0	24787	21.1978456448945
B_NA	573	25288	C	502	0	24757	21.5789473684211
B_NA	574	24710	A	1078	0	24375	21.6971076923077
B_NA	575	24824	T	965	0	24555	23.2551822439422
B_NA	576	25606	A	177	0	25329	23.7753957913854
B_NA	577	25613	T	168	0	25489	33.4274000549257
B_NA	578	25533	A	245	0	25231	65.1462882961436
B_NA	579	25508	T	268	0	25328	33.5215966519267
B_NA	580	25295	C	475	0	25115	23.3018913000199
B_NA	581	24534	G	1232	0	22412	16.7294752810994
B_NA	582	25376	G	378	0	24679	15.2397990194092
B_NA	583	24236	A	1513	0	23421	15.8314333290637
B_NA	584	25391	G	355	0	25009	16.6284937422528
B_NA	585	25483	T	259	0	25153	17.1110404325528
B_NA	586	25536	T	206	0	25376	18.0257329760404
B_NA	587	25499	G	243	0	25225	22.1884638255699
B_NA	588	25512	A	226	0	25248	24.6461105830165
B_NA	589	25549	T	189	0	25422	25.1921563999685
B_NA	590	25441	G	297	0	25060	23.7971268954509
B_NA	591	25431	G	307	0	25193	22.6809828126861
B_NA	592	23627	C	2110	0	23378	23.1974078193173
B_NA	593	24954	C	779	0	24559	22.0412883260719
B_NA	594	25422	C	303	0	25107	20.0585892380611
B_NA	595	25280	T	444	0	24702	20.1703505789005
B_NA	596	25382	G	333	0	24883	22.0680786078849
B_NA	597	25435	A	280	0	25051	23.7804478863119
B_NA	598	25504	C	211	0	25210	23.2113447044823
B_NA	599	25011	A	704	0	24857	23.8328036368025
B_NA	600	25089	A	630	0	24668	24.0306875304038
B_NA	601	25114	T	601	0	24556	23.5471982407558
B_NA	602	25342	A	372	0	25025	23.254985014985
B_NA	603	25455	A	257	0	24995	22.1840368073615
B_NA	604	25401	T	307	0	25229	22.8803361211304
B_NA	605	25375	G	331	0	24861	23.7259563171232
B_NA	606	25409	C	294	0	25160	23.087559618442
B_NA	607	25252	A	447	0	25024	22.6339913682864
B_NA	608	25364	T	328	0	24918	22.709848302432
B_NA	609	25485	T	207	0	25344	24.6317077020202
B_NA	610	25382	G	310	0	24772	22.7443484579364
B_NA	611	25318	C	374	0	25092	23.1914952973059
B_NA	612	25415	T	294	0	25173	23.5598458666031
B_NA	613	25480	C	226	0	25252	23.5792808490417
B_NA	614	24194	A	1512	0	23992	23.7540430143381
B_NA	615	25308	A	397	0	25194	24.6931015321108
B_NA	616	25487	A	217	0	25328	22.1543351231838
B_NA	617	25428	G	273	0	25026	22.7470230959802
B_NA	618	25449	T	251	0	25030	22.0079904115062
B_NA	619	25112	A	588	0	24879	22.361590096065
B_NA	620	25536	A	164	0	25394	23.2581712215484
B_NA	621	25541	A	158	0	25383	25.643265177481
B_NA	622	25440	A	255	0	25213	28.7224447705549
B_NA	623	25404	T	290	0	25207	28.0539532669497
B_NA	624	25531	A	162	0	25305	26.251373246394
B_NA	625	25486	T	202	0	25307	25.7906903228356
B_NA	626	25173	G	513	0	25054	25.4968468108885
B_NA	627	24570	G	1112	0	24434	23.4133175083899
B_NA	628	24456	A	1225	0	24289	22.5688583309317
B_NA	629	25207	G	472	0	25053	21.3515746617172
B_NA	630	25367	A	303	0	25211	21.2705961683392
B_NA	631	25397	A	269	0	25220	21.5481760507534
B_NA	632	25314	G	350	0	24732	19.9659146045609
B_NA	633	25294	C	367	0	25093	20.1207906587495
B_NA	634	25043	A	618	0	24785	20.2764575347993
B_NA	635	25126	T	535	0	24892	20.4170014462478
B_NA	636	25543	A	115	0	25313	23.6329553984119
B_NA	637	25490	T	165	0	25335	29.7165186500888
B_NA	638	25331	A	321	0	24518	26.080797781222
B_NA	639	25382	C	266	0	25069	21.7088037017831
B_NA	640	25384	T	250	0	24932	21.0403497513236
B_NA	641	25431	G	203	0	25191	20.8065975943789
B_NA	642	24725	A	909	0	24237	22.3812765606304
B_NA	643	24795	C	837	0	24445	23.428022090407
B_NA	644	25339	A	293	0	24794	22.8116883116883
B_NA	645	25410	C	222	0	25123	33.6136607889185
B_NA	646	25284	A	347	0	24957	32.4239692270706
B_NA	647	25347	T	284	0	25079	22.1308664619801
B_NA	648	25406	A	219	0	24742	21.8519117290437
B_NA	649	25257	C	364	0	25017	21.4564496142623
B_NA	650	25495	C	121	0	25193	21.2445123645457
B_NA	651	25505	A	110	0	25293	21.7288577867394
B_NA	652	25495	T	120	0	25302	23.7370958817485
B_NA	653	25511	T	101	0	25343	26.6513435662708
B_NA	654	24830	C	779	0	24567	27.5631538242358
B_NA	655	25433	C	176	0	25079	23.0614458311735
B_NA	656	25359	T	250	0	24997	21.2092251070128
B_NA	657	25383	A	226	0	25148	22.0931684428185
B_NA	658	25349	T	257	0	25139	23.8834878077887
B_NA	659	25321	G	285	0	23994	22.010127531883
B_NA	660	25307	C	299	0	25018	21.7933887600927
B_NA	661	25186	A	417	0	25000	21.70004
B_NA	662	25327	A	273	0	25106	21.8530231817096
B_NA	663	25350	A	250	0	24748	25.7323016001293
B_NA	664	25372	C	224	0	25131	25.1761967291393
B_NA	665	25495	A	101	0	25385	24.7418948197755
B_NA	666	25506	A	88	0	25104	23.8503824091778
B_NA	667	25499	C	93	0	25253	24.1509523620956
B_NA	668	25488	A	103	0	25360	24.7500788643533
B_NA	669	25449	T	140	0	25354	24.5185375088743
B_NA	670	24332	C	1252	0	24215	25.0294445591575
B_NA	671	25382	C	195	0	25153	21.6309784121178
B_NA	672	25228	T	341	0	24549	19.6096786019797
B_NA	673	25082	A	485	0	24691	21.4269571908793
B_NA	674	25373	A	192	0	25207	22.6199468401634
B_NA	675	25324	G	235	0	25088	21.1633848852041
B_NA	676	25372	A	180	0	25063	23.7333918525316
B_NA	677	25283	A	266	0	25009	24.7138630093166
B_NA	678	25279	C	268	0	25107	24.231927350938
B_NA	679	25287	A	251	0	25065	24.0795132655097
B_NA	680	25281	C	256	0	25082	37.033171198469
B_NA	681	22978	A	2557	0	22661	36.9728167335952
B_NA	682	24647	A	888	0	24167	21.3321057640584
B_NA	683	24740	G	793	0	24427	17.380685307242
B_NA	684	25094	A	439	0	24871	20.8105021913071
B_NA	685	25374	A	157	0	25191	23.1744273748561
B_NA	686	25410	A	121	0	25132	22.6962836224733
B_NA	687	25331	G	194	0	24975	22.7043443443443
B_NA	688	25259	T	266	0	25115	21.8608003185347
B_NA	689	25203	G	322	0	24482	21.5745037170166
B_NA	690	25115	C	410	0	24874	21.2957304816274
B_NA	691	25148	C	373	0	24855	21.3192918929793
B_NA	692	25077	T	436	0	24775	20.7440565085772
B_NA	693	25260	G	253	0	24589	22.1639757615194
B_NA	694	25158	C	355	0	24869	23.0899513450481
B_NA	695	24938	A	575	0	24697	23.4403368830222
B_NA	696	25184	A	324	0	24858	23.5904738917049
B_NA	697	25174	T	326	0	24504	24.8050114267058
B_NA	698	25297	T	199	0	25097	25.929473642268
B_NA	699	25180	G	308	0	24722	23.8917158805922
B_NA	700	25213	C	272	0	24739	23.8301063098751
B_NA	701	25244	A	237	0	25098	24.3568810263766
B_NA	702	25247	T	231	0	25119	24.362474620805
B_NA	703	25103	C	372	0	24962	24.9732393237721
B_NA	704	18994	G	6478	0	15773	15.8421352944906
B_NA	705	23230	G	2242	0	22137	14.4816822514343
B_NA	706	24062	G	1406	0	23392	14.3181429548564
B_NA	707	24622	G	845	0	24306	18.8040401546943
B_NA	708	24730	G	734	0	24412	18.5618548254957
B_NA	709	24533	A	930	0	24382	18.7980067262735
B_NA	710	25067	A	395	0	24893	18.5222753384486
B_NA	711	25095	A	364	0	24834	20.1948940968028
B_NA	712	24936	T	522	0	24321	21.835163027836
B_NA	713	24998	T	458	0	24767	24.4773287035168
B_NA	714	25013	G	442	0	24346	22.7530600509324
B_NA	715	25209	T	244	0	24620	22.3398862713241
B_NA	716	25327	T	124	0	25059	22.7429266930045
B_NA	717	25302	A	133	0	24944	21.8551956382296
B_NA	718	25290	T	145	0	25131	24.353587203056
B_NA	719	25249	C	185	0	25028	24.7058094933674
B_NA	720	25086	T	341	0	24718	22.2926612185452
B_NA	721	25066	A	347	0	24844	21.9969006601191
B_NA	722	25180	A	229	0	24649	23.3103168485537
B_NA	723	25194	T	215	0	24972	23.8440653531956
B_NA	724	25130	G	275	0	24880	23.1579180064309
B_NA	725	25158	A	246	0	24772	23.7491926368481
B_NA	726	25222	T	182	0	24975	23.6568968968969
B_NA	727	25145	A	256	0	24925	23.421705115346
B_NA	728	25125	A	275	0	24711	24.1868398688843
B_NA	729	25060	C	338	0	24845	24.2216945059368
B_NA	730	25131	T	266	0	24776	23.2686067161769
B_NA	731	25176	G	220	0	24984	22.7640089657381
B_NA	732	25171	A	222	0	24799	23.3925561514577
B_NA	733	25130	C	263	0	24752	21.4564883645766
B_NA	734	24987	G	405	0	22771	17.1555487242545
B_NA	735	25089	G	300	0	24633	16.3198960743718
B_NA	736	25014	C	370	0	24788	16.5502662578667
B_NA	737	24988	T	394	0	24665	18.6490168254612
B_NA	738	25145	C	234	0	24854	23.7120785386658
B_NA	739	24244	A	1135	0	24101	20.9951454296502
B_NA	740	24213	G	1161	0	21252	17.9479578392622
B_NA	741	25037	C	336	0	24922	17.1827301179681
B_NA	742	24645	T	723	0	24415	17.1723121032152
B_NA	743	24626	T	741	0	24297	17.7892332386714
B_NA	744	24793	C	573	0	24405	23.1964761319402
B_NA	745	24953	A	410	0	24494	20.9253694782396
B_NA	746	24975	G	386	0	24676	19.7010455503323
B_NA	747	25183	G	176	0	24946	20.078850316684
B_NA	748	25151	T	208	0	25013	20.7560868348459
B_NA	749	25176	G	182	0	24939	22.2142026544769
B_NA	750	25097	T	255	0	24826	24.1560863610731
B_NA	751	25172	T	179	0	24995	25.6487697539508
B_NA	752	25146	A	203	0	24348	21.738048299655
B_NA	753	25200	G	163	0	24721	21.2939201488613
B_NA	754	25232	T	131	0	25082	21.5867155729208
B_NA	755	25164	G	195	0	24812	21.9358374979848
B_NA	756	25080	A	279	0	24705	23.7315523173447
B_NA	757	25214	A	144	0	24918	25.6264949032828
B_NA	758	25200	T	157	0	25031	25.3946306579841
B_NA	759	25164	G	192	0	24591	24.660932861616
B_NA	760	25107	C	249	0	24858	24.1459489902647
B_NA	761	25035	A	317	0	24644	22.6939620191527
B_NA	762	25065	G	287	0	24838	21.4704887672115
B_NA	763	25078	A	270	0	24958	23.1205224777626
B_NA	764	25014	T	335	0	24776	24.5475056506296
B_NA	765	25206	T	142	0	25112	25.1826218540937
B_NA	766	25141	T	205	0	24973	27.3651143234693
B_NA	767	25075	C	268	0	24936	28.8047401347449
B_NA	768	24929	T	404	0	24623	28.3966210453641
B_NA	769	25101	T	232	0	24813	27.4243743199129
B_NA	770	24782	A	548	0	24447	27.3059271076206
B_NA	771	25179	A	150	0	24917	24.2784845687683
B_NA	772	25038	G	282	0	24680	19.7433954619125
B_NA	773	25037	A	279	0	24694	22.6170729731919
B_NA	774	25120	T	191	0	24759	23.2981945959045
B_NA	775	25106	T	190	0	24730	23.9141528507885
B_NA	776	24819	C	477	0	24239	22.4639630347787
B_NA	777	23984	G	1312	0	23511	17.7314023223172
B_NA	778	24639	A	656	0	24402	17.1135152856323
B_NA	779	24645	G	647	0	24438	18.0177183075538
B_NA	780	24777	A	514	0	24451	26.0583616212016
B_NA	781	24260	G	1029	0	23866	23.861308975111
B_NA	782	25060	G	221	0	24526	17.5871320231591
B_NA	783	25013	G	261	0	24260	17.5553586150041
B_NA	784	24582	C	689	0	23857	16.5414343798466
B_NA	785	25120	C	150	0	23793	15.8310427436641
B_NA	786	25072	G	197	0	24436	14.8512440661319
B_NA	787	24945	A	323	0	24481	15.5806952330379
B_NA	788	25074	A	190	0	24858	16.1473972161879
B_NA	789	25079	T	182	0	24782	19.4501250907917
B_NA	790	25069	A	192	0	24919	24.9572213973273
B_NA	791	25109	A	152	0	24818	26.339511644774
B_NA	792	25052	T	205	0	24725	25.8175530839232
B_NA	793	22219	A	3027	0	21952	25.9168185131195
B_NA	794	24678	A	561	0	24519	25.5076879154941
B_NA	795	23798	A	1438	0	23627	25.9044313708892
B_NA	796	23279	A	1949	0	22963	23.4235509297566
B_NA	797	23189	G	2034	0	22847	24.7546723858712
B_NA	798	24837	A	385	0	24692	20.035517576543
B_NA	799	24917	A	302	0	24826	19.462619834045
B_NA	800	24867	A	350	0	24523	21.4250703421278
B_NA	801	25000	T	215	0	24833	23.3543671727137
B_NA	802	25046	A	169	0	24679	24.5415940678309
B_NA	803	24936	T	276	0	24623	24.7170937741136
B_NA	804	25045	T	166	0	24857	26.4444220943799
B_NA	805	25000	T	204	0	24797	27.9568092914465
B_NA	806	24060	C	1142	0	23812	30.1547959012263
B_NA	807	24980	C	218	0	24658	24.1264498337254
B_NA	808	24994	A	195	0	24880	22.2155948553055
B_NA	809	25048	A	140	0	24592	21.8971616785947
B_NA	810	25092	C	95	0	24859	22.703125628545
B_NA	811	25011	A	171	0	24644	21.607855867554
B_NA	812	24980	G	202	0	24920	20.2256019261637
B_NA	813	25052	G	128	0	24984	20.1882804995197
B_NA	814	24950	A	229	0	24840	20.5089774557166
B_NA	815	24998	A	177	0	24872	23.4140800900611
B_NA	816	24573	G	603	0	24077	21.1600282427213
B_NA	817	24740	A	436	0	24509	20.9722550899669
B_NA	818	25028	G	148	0	24735	20.2348898322215
B_NA	819	24964	T	209	0	24666	18.3991729506203
B_NA	820	24417	A	754	0	24171	20.1177030325597
B_NA	821	25036	A	133	0	24878	22.0203794517244
B_NA	822	25055	A	104	0	24869	24.9584623426756
B_NA	823	24641	A	514	0	24356	30.7627689275743
B_NA	824	24549	C	582	0	24314	27.2830879328782
B_NA	825	25014	A	111	0	24774	25.7086461612981
B_NA	826	25019	C	106	0	24859	35.4886359065127
B_NA	827	24948	A	175	0	24695	58.4339744887629
B_NA	828	24845	C	276	0	24676	27.3592559572054
B_NA	829	24857	T	263	0	24583	23.3014684944881
B_NA	830	24866	G	254	0	24664	22.518975024327
B_NA	831	24859	A	258	0	24634	22.5263862953641
B_NA	832	24453	G	664	0	24275	21.8082801235839
B_NA	833	24850	G	263	0	24615	20.7693682713792
B_NA	834	24765	A	335	0	24570	20.1392755392755
B_NA	835	24868	A	225	0	24642	22.8547195844493
B_NA	836	24899	T	193	0	24780	24.2627118644068
B_NA	837	24796	G	293	0	24425	25.5145547594678
B_NA	838	23473	C	1612	0	23196	25.2168908432488
B_NA	839	23539	A	1544	0	23308	24.1354041530805
B_NA	840	24864	C	217	0	24603	22.2374507173922
B_NA	841	24849	A	232	0	24409	22.5992461796878
B_NA	842	24790	T	289	0	24638	22.0329978082637
B_NA	843	24458	G	616	0	23863	22.7294975485061
B_NA	844	24491	C	583	0	24030	19.3000832292967
B_NA	845	24709	G	364	0	23665	16.326262412846
B_NA	846	24776	G	296	0	24289	15.666062826794
B_NA	847	24310	A	762	0	23918	16.4581904841542
B_NA	848	24347	T	720	0	23895	17.8724000836995
B_NA	849	24963	T	100	0	24859	20.263003338831
B_NA	850	24963	T	98	0	24858	21.8503499879315
B_NA	851	24793	G	261	0	24030	22.9983770287141
B_NA	852	24572	C	479	0	24145	22.7436736384345
B_NA	853	24869	C	181	0	24325	21.8811510791367
B_NA	854	24832	A	215	0	24450	20.1832719836401
B_NA	855	24812	G	226	0	24402	20.1570363084993
B_NA	856	24860	T	178	0	24693	20.9823836714858
B_NA	857	24825	A	213	0	24645	22.2367620206939
B_NA	858	24911	A	127	0	24501	23.7019713481082
B_NA	859	24931	T	106	0	24565	25.7414207205373
B_NA	860	24641	A	375	0	24333	26.4983355936383
B_NA	861	24943	A	66	0	24812	26.6373931968402
B_NA	862	24939	A	61	0	24766	27.1630057336671
B_NA	863	24905	A	94	0	24461	28.3497404030906
B_NA	864	24753	C	240	0	24546	23.4988185447731
B_NA	865	24840	C	150	0	24585	22.3252389668497
B_NA	866	24745	A	241	0	24370	21.0144850225687
B_NA	867	24757	T	228	0	24433	20.9903409323456
B_NA	868	24693	A	291	0	24440	21.7493862520458
B_NA	869	24709	G	269	0	24488	20.9420124142437
B_NA	870	24746	A	230	0	24490	21.5210289914251
B_NA	871	24868	A	104	0	24573	22.1735644813413
B_NA	872	24587	T	385	0	24451	21.3884912682508
B_NA	873	24396	G	573	0	23756	23.3262754672504
B_NA	874	24792	T	176	0	24599	23.6294564819708
B_NA	875	24699	G	267	0	24088	23.1996844902026
B_NA	876	24704	C	260	0	24352	21.6355946123522
B_NA	877	24779	C	171	0	24507	22.6998000571265
B_NA	878	24699	T	240	0	24471	21.985901679539
B_NA	879	24646	G	292	0	24319	22.8614252230766
B_NA	880	24708	T	228	0	24275	23.4310195674562
B_NA	881	24420	A	512	0	24103	21.9590507405717
B_NA	882	24618	G	307	0	24299	20.866990411128
B_NA	883	24631	A	271	0	24249	21.0784362241742
B_NA	884	24442	G	459	0	23951	30.4461609118617
B_NA	885	24449	A	451	0	23888	41.3066393168118
B_NA	886	24590	C	306	0	24232	21.7508666226477
B_NA	887	24598	A	297	0	24412	21.6859331476323
B_NA	888	24770	A	122	0	23711	21.0455063050905
B_NA	889	24759	C	132	0	24485	20.7082295282826
B_NA	890	24760	A	129	0	24282	20.1543118359278
B_NA	891	24627	G	260	0	24180	19.450041356493
B_NA	892	24758	G	125	0	24317	19.9997532590369
B_NA	893	24687	T	194	0	24396	20.0689047384817
B_NA	894	24231	A	648	0	23823	21.861310498258
B_NA	895	24265	C	610	0	23953	22.8838141360164
B_NA	896	24647	A	226	0	24328	23.6446892469582
B_NA	897	24590	C	275	0	24300	30.867037037037
B_NA	898	24482	A	380	0	24190	30.283174865647
B_NA	899	24344	G	516	0	23914	21.3646399598562
B_NA	900	24475	C	382	0	24192	21.3031580687831
B_NA	901	19870	A	4987	0	19651	21.9941987685105
B_NA	902	23296	A	1558	0	23127	22.1533272798028
B_NA	903	24643	A	208	0	24491	23.8913070107386
B_NA	904	24630	A	210	0	24369	26.5731462103492
B_NA	905	24576	A	259	0	24224	23.8913887054161
B_NA	906	24412	G	419	0	23970	24.7012932832708
B_NA	907	24652	A	178	0	24282	22.2200807182275
B_NA	908	24601	C	228	0	24304	20.9842824226465
B_NA	909	24598	C	229	0	24312	19.5352089503126
B_NA	910	22289	T	2538	0	21842	20.8003387968135
B_NA	911	24516	T	303	0	24360	22.3224548440066
B_NA	912	24618	T	200	0	24486	26.6979906885567
B_NA	913	24634	T	183	0	24414	27.6549520766773
B_NA	914	24629	G	188	0	24197	27.2520147125677
B_NA	915	24672	T	145	0	24451	25.598748517443
B_NA	916	24696	T	119	0	24514	25.3998531451416
B_NA	917	24471	A	344	0	24268	25.5665897478161
B_NA	918	24705	A	108	0	24473	25.9847995750419
B_NA	919	24702	A	108	0	24472	25.6616132723112
B_NA	920	24674	T	133	0	24348	26.5362247412518
B_NA	921	24734	T	71	0	24534	26.9444852042064
B_NA	922	24666	A	124	0	24525	26.8127624872579
B_NA	923	24704	A	84	0	24579	26.4783351641645
B_NA	924	24660	A	126	0	24296	26.0465097135331
B_NA	925	24610	C	172	0	24418	20.7874928331559
B_NA	926	24487	G	291	0	23985	18.5879508025849
B_NA	927	24511	T	261	0	24368	18.2637065003283
B_NA	928	24100	G	668	0	23884	18.4415508290069
B_NA	929	24556	G	208	0	24381	19.6897994339855
B_NA	930	24506	A	256	0	24240	20.4414603960396
B_NA	931	24320	G	435	0	24030	20.6903454015814
B_NA	932	24496	A	243	0	24124	21.5123942961366
B_NA	933	24563	C	175	0	24194	21.1897577911879
B_NA	934	24497	T	240	0	24298	21.0572886657338
B_NA	935	24558	G	178	0	24376	23.1698802100427
B_NA	936	24510	A	221	0	24262	23.732338636551
B_NA	937	24578	T	153	0	24464	25.5675277959451
B_NA	938	24453	A	276	0	24012	25.0087872730302
B_NA	939	24377	C	351	0	24174	24.1317117564325
B_NA	940	24439	A	288	0	24098	23.3078678728525
B_NA	941	24335	G	390	0	24002	21.7001916506958
B_NA	942	24484	C	236	0	24230	21.500619067272
B_NA	943	24277	A	443	0	23945	20.9382752140322
B_NA	944	24446	G	271	0	24325	20.1058170606372
B_NA	945	24554	A	161	0	24452	21.1018730574186
B_NA	946	24627	A	87	0	24504	22.8999755142018
B_NA	947	24631	A	77	0	24394	26.1289251455276
B_NA	948	24602	T	104	0	24336	26.1274243918475
B_NA	949	24429	A	276	0	24162	26.846411720884
B_NA	950	24578	A	124	0	24395	25.6958393113343
B_NA	951	24530	G	169	0	24313	23.1567474190762
B_NA	952	24532	A	163	0	24172	24.1310607314248
B_NA	953	24530	T	159	0	24339	23.505772628292
B_NA	954	24589	T	89	0	24412	23.7304604292971
B_NA	955	24571	G	106	0	24265	24.468328868741
B_NA	956	24541	A	129	0	24167	24.8145818678363
B_NA	957	24252	T	412	0	24129	25.2805337975051
B_NA	958	24237	G	423	0	24049	24.7004449249449
B_NA	959	24532	T	124	0	24389	25.2060355078109
B_NA	960	24449	G	188	0	24275	30.9337178166838
B_NA	961	24387	T	249	0	24107	30.5105985813249
B_NA	962	24341	A	293	0	23729	23.3199039150407
B_NA	963	24486	C	146	0	24282	22.6975537435137
B_NA	964	24489	A	141	0	24168	22.7996938099967
B_NA	965	24516	G	114	0	24354	21.7757657879609
B_NA	966	24502	A	127	0	24147	22.4731850747505
B_NA	967	24479	C	149	0	24193	22.6415078741785
B_NA	968	24384	A	243	0	24007	21.5273878452118
B_NA	969	24087	C	537	0	23922	21.3739235849845
B_NA	970	23762	T	860	0	23524	21.3285580683557
B_NA	971	24199	T	422	0	23923	21.2262258078
B_NA	972	22894	A	1724	0	22393	18.5722323940517
B_NA	973	24185	T	428	0	22414	19.0901222450254
B_NA	974	24521	T	92	0	24280	19.117586490939
B_NA	975	24455	T	151	0	24219	19.4093480325364
B_NA	976	24192	G	399	0	23663	19.2040316105312
B_NA	977	24347	G	238	0	24014	20.0614225035396
B_NA	978	24179	A	403	0	23905	19.9721815519766
B_NA	979	23997	C	583	0	23623	20.7088007450366
B_NA	980	24079	A	495	0	23830	21.4945866554763
B_NA	981	18098	C	6469	0	17669	22.782387231875
B_NA	982	23445	C	1121	0	22988	21.8309987819732
B_NA	983	24193	C	369	0	23812	21.6599193683857
B_NA	984	24281	C	275	0	23607	22.7124581691871
B_NA	985	24346	C	206	0	23622	21.4553805774278
B_NA	986	24366	A	186	0	24055	19.4229474121804
B_NA	987	24373	G	173	0	24237	18.7914758427198
B_NA	988	24347	A	199	0	23999	18.7090712113005
B_NA	989	24057	C	488	0	23683	22.4545454545455
B_NA	990	24416	C	125	0	24139	21.6972948340859
B_NA	991	24244	A	291	0	24122	22.2695879280325
B_NA	992	24435	A	98	0	24299	23.431293468867
B_NA	993	24440	A	87	0	24219	25.9443412197035
B_NA	994	24417	T	105	0	24306	26.5746729202666
B_NA	995	24408	G	113	0	24188	26.7562014221928
B_NA	996	24440	A	80	0	24098	26.3013943065815
B_NA	997	24440	T	80	0	24361	25.7757070727803
B_NA	998	24285	G	222	0	24193	25.2918612821891
B_NA	999	24323	G	178	0	24195	23.4528621616036
B_NA	1000	24148	A	345	0	23953	23.457813217551
B_NA	1001	24286	A	200	0	23872	23.9597436327078
B_NA	1002	24296	G	185	0	23987	23.7486555217409
B_NA	1003	24268	C	213	0	23983	23.0880623775174
B_NA	1004	24216	A	263	0	23902	22.772906032968
B_NA	1005	24257	T	214	0	23944	21.4579852990311
B_NA	1006	24265	A	202	0	23983	22.7248467664596
B_NA	1007	24303	A	163	0	23793	22.9845332660867
B_NA	1008	24211	C	238	0	23882	23.3101917762331
B_NA	1009	24249	A	191	0	23789	22.4582790365295
B_NA	1010	24072	G	368	0	23681	20.5309741987247
B_NA	1011	24299	G	134	0	23849	19.7962178707703
B_NA	1012	23519	C	912	0	23255	20.0826488927112
B_NA	1013	24242	C	186	0	23947	20.395707186704
B_NA	1014	24093	C	333	0	23863	20.7877048149855
B_NA	1015	23890	T	535	0	23579	23.0073794478137
B_NA	1016	24040	T	384	0	23764	24.9651994613701
B_NA	1017	24085	G	334	0	23569	25.595952310238
B_NA	1018	24271	T	148	0	23834	25.5212721322481
B_NA	1019	24295	G	121	0	24037	25.4950701002621
B_NA	1020	24158	A	251	0	23713	24.0776789103024
B_NA	1021	24331	A	78	0	24119	23.4597205522617
B_NA	1022	24245	T	163	0	24091	23.706280353659
B_NA	1023	24235	C	164	0	24143	23.878432671996
B_NA	1024	24304	T	90	0	24074	25.4064550967849
B_NA	1025	24313	G	79	0	24180	25.189247311828
B_NA	1026	24229	A	161	0	23992	25.9130960320107
B_NA	1027	24313	T	77	0	24218	25.9160954661822
B_NA	1028	23865	G	525	0	23681	25.5925425446561
B_NA	1029	24275	G	111	0	23970	24.3497705465165
B_NA	1030	24318	G	62	0	24176	23.400231634679
B_NA	1031	24312	G	59	0	24207	24.5760730367249
B_NA	1032	24252	A	115	0	24079	24.9418995805474
B_NA	1033	24256	C	109	0	23966	20.20170241175
B_NA	1034	22521	G	1841	0	22194	16.1696404433631
B_NA	1035	22931	A	1428	0	22709	15.1426306750628
B_NA	1036	18693	G	5659	0	17892	15.089649005142
B_NA	1037	23264	G	1081	0	23090	16.5302295365959
B_NA	1038	23612	G	727	0	23301	19.1213681816231
B_NA	1039	23654	G	674	0	23028	18.8873545249262
B_NA	1040	23682	A	644	0	23480	19.3844548551959
B_NA	1041	23985	G	340	0	23353	16.94728728643
B_NA	1042	23739	T	583	0	23554	16.8407913730152
B_NA	1043	24002	G	320	0	23843	17.8920018454054
B_NA	1044	23869	G	443	0	23701	19.3518838867558
B_NA	1045	23839	A	472	0	23673	20.6303383601571
B_NA	1046	24001	G	308	0	23818	20.9381140314048
B_NA	1047	24127	G	176	0	24029	20.5141287610804
B_NA	1048	24052	C	247	0	23764	19.9674718060933
B_NA	1049	24109	A	189	0	23960	21.513856427379
B_NA	1050	24174	T	122	0	24031	23.8114102617452
B_NA	1051	24132	C	158	0	23993	25.0558496228067
B_NA	1052	22262	A	2026	0	22042	22.4281825605662
B_NA	1053	23753	A	529	0	23339	18.8726166502421
B_NA	1054	22283	G	1987	0	21834	15.857286800403
B_NA	1055	24013	G	254	0	23851	18.5702905538552
B_NA	1056	23993	G	274	0	23737	19.3816826052155
B_NA	1057	23950	A	314	0	23720	19.8069139966273
B_NA	1058	23850	G	413	0	23595	22.4644204280568
B_NA	1059	23915	G	345	0	23340	20.3560839760069
B_NA	1060	23416	A	844	0	22855	17.5531393568147
B_NA	1061	23562	T	697	0	23060	19.0522983521249
B_NA	1062	24036	T	215	0	23855	19.7727101236638
B_NA	1063	24059	T	190	0	23883	20.4154419461542
B_NA	1064	24049	G	200	0	23741	23.4654395349817
B_NA	1065	24151	T	91	0	23931	25.6319836195729
B_NA	1066	24144	T	93	0	23908	25.6340137192572
B_NA	1067	24043	C	194	0	23836	25.8907534821279
B_NA	1068	24094	A	138	0	23796	25.6947386115313
B_NA	1069	24151	T	80	0	23976	25.649024024024
B_NA	1070	24010	C	216	0	23800	25.6141596638655
B_NA	1071	23022	A	1203	0	22834	22.2009284400455
B_NA	1072	23819	A	405	0	23605	21.6912518534209
B_NA	1073	23850	A	363	0	23233	20.0418370421383
B_NA	1074	23862	G	346	0	23635	22.6352020308864
B_NA	1075	23810	A	397	0	23461	21.4446954520268
B_NA	1076	23857	A	344	0	23498	21.8953527959826
B_NA	1077	23848	T	352	0	23558	23.1015790814161
B_NA	1078	23924	G	259	0	23611	23.063614417009
B_NA	1079	23989	A	194	0	23766	23.5389211478583
B_NA	1080	24095	A	86	0	23930	22.0019640618471
B_NA	1081	24071	A	108	0	23919	24.1980015886952
B_NA	1082	24024	T	152	0	23893	21.7488804252291
B_NA	1083	22198	C	1974	0	22069	24.4418414971227
B_NA	1084	23814	C	353	0	23577	18.9611909912203
B_NA	1085	23488	A	673	0	23375	17.2442780748663
B_NA	1086	23985	A	174	0	23778	18.9385566490033
B_NA	1087	23983	G	176	0	23842	22.0180353997148
B_NA	1088	23681	A	473	0	23330	22.5055722246035
B_NA	1089	23869	T	282	0	23348	21.4775141339729
B_NA	1090	24034	T	107	0	23906	22.0115033882707
B_NA	1091	23581	G	557	0	23503	22.0153171935498
B_NA	1092	23916	G	207	0	23778	21.493481369333
B_NA	1093	23823	A	299	0	23672	21.778937140926
B_NA	1094	23923	A	194	0	23718	22.5593641959693
B_NA	1095	23873	G	243	0	23675	20.0938120380148
B_NA	1096	23903	G	205	0	23420	19.3326216908625
B_NA	1097	23895	T	203	0	23732	18.0821675375021
B_NA	1098	23810	G	286	0	23359	19.158953722334
B_NA	1099	23961	G	132	0	23562	18.0828877005348
B_NA	1100	23927	T	165	0	23569	19.6849675421104
B_NA	1101	23955	A	136	0	23640	20.3706429780034
B_NA	1102	22934	C	1156	0	22573	21.3309263279139
B_NA	1103	22952	T	1138	0	22739	23.0149962619288
B_NA	1104	23713	C	376	0	23339	23.1026607823814
B_NA	1105	23701	T	388	0	23513	31.7078637349551
B_NA	1106	23590	C	498	0	23079	21.9560206248104
B_NA	1107	23922	G	158	0	22357	15.246544706356
B_NA	1108	23893	A	179	0	22429	15.1822640331713
B_NA	1109	23988	A	83	0	23386	15.3469597194903
B_NA	1110	24028	C	42	0	23802	16.6820435257541
B_NA	1111	23981	A	88	0	23827	19.9471188147899
B_NA	1112	23928	A	137	0	23652	23.7424319296465
B_NA	1113	23846	T	219	0	23758	24.6611246737941
B_NA	1114	23936	G	128	0	23673	25.2624931356398
B_NA	1115	23875	T	188	0	23731	24.3017993342042
B_NA	1116	23884	C	178	0	23568	23.8430074677529
B_NA	1117	23828	T	233	0	23227	22.2228441038447
B_NA	1118	23509	A	550	0	23174	22.9250021575904
B_NA	1119	23947	A	104	0	23844	23.5882402281496
B_NA	1120	23980	A	68	0	23855	25.4917627331796
B_NA	1121	23981	A	61	0	23569	28.4398574398574
B_NA	1122	23949	C	87	0	23832	25.8126888217523
B_NA	1123	23935	T	100	0	23752	24.36321151903
B_NA	1124	23946	G	76	0	23868	23.9037623596447
B_NA	1125	23521	A	497	0	23371	24.3738393735826
B_NA	1126	23866	A	149	0	23725	25.0113382507903
B_NA	1127	23906	A	104	0	23716	26.4564429077416
B_NA	1128	23784	G	217	0	23687	26.4821632118884
B_NA	1129	23925	G	75	0	23845	22.7874187460684
B_NA	1130	23912	A	88	0	23782	22.1991422083929
B_NA	1131	23923	T	74	0	23837	22.7837395645425
B_NA	1132	23126	G	868	0	22794	23.7714749495481
B_NA	1133	23860	G	123	0	23462	23.765621004177
B_NA	1134	23924	G	51	0	23790	22.4908364859185
B_NA	1135	23930	G	43	0	23859	23.87342302695
B_NA	1136	23874	A	96	0	23759	24.6827728439749
B_NA	1137	23907	T	63	0	23813	24.1005753160039
B_NA	1138	23221	G	730	0	22822	24.0424152133906
B_NA	1139	23854	G	95	0	23660	23.429797125951
B_NA	1140	23862	G	84	0	23690	22.3830730265935
B_NA	1141	23694	A	250	0	23436	23.365975422427
B_NA	1142	23801	T	138	0	23635	23.2578379521896
B_NA	1143	23600	T	337	0	23466	25.0963095542487
B_NA	1144	23580	G	356	0	23248	23.7779163799036
B_NA	1145	23743	T	176	0	23266	23.9570188257543
B_NA	1146	23727	A	182	0	23502	23.5502510424645
B_NA	1147	23789	T	117	0	23612	23.7726579705235
B_NA	1148	23751	G	150	0	23418	24.4758732598856
B_NA	1149	23757	T	144	0	23529	24.5719325088189
B_NA	1150	23650	C	246	0	23357	24.6421201352913
B_NA	1151	23419	A	471	0	23077	23.5155349482168
B_NA	1152	23620	A	266	0	23299	21.903772694107
B_NA	1153	23591	G	286	0	22994	20.9523788814473
B_NA	1154	23595	T	281	0	23145	21.0468783754591
B_NA	1155	23653	A	215	0	23425	21.326318036286
B_NA	1156	23728	T	139	0	23581	21.5143547771511
B_NA	1157	23685	G	180	0	23426	23.0238623751387
B_NA	1158	23738	G	130	0	23410	22.0492524562153
B_NA	1159	23760	T	91	0	23489	21.8323044829495
B_NA	1160	23409	G	436	0	23214	22.8285517360214
B_NA	1161	23725	G	119	0	23579	21.9532634971797
B_NA	1162	23553	A	286	0	23060	21.1716392020815
B_NA	1163	23452	G	385	0	23173	20.3426832952143
B_NA	1164	23501	A	336	0	23113	20.6888763899104
B_NA	1165	23015	C	821	0	22575	19.8960354374308
B_NA	1166	23617	C	215	0	23328	19.5976508916324
B_NA	1167	23701	C	117	0	23428	20.9564196687724
B_NA	1168	23692	A	124	0	23356	21.4609950333961
B_NA	1169	23667	T	136	0	23474	22.6319332026923
B_NA	1170	23530	G	272	0	23301	23.747478648985
B_NA	1171	23674	G	103	0	23509	22.4027819133098
B_NA	1172	23653	G	124	0	23436	21.8155401945725
B_NA	1173	23610	C	163	0	23337	21.8925740240819
B_NA	1174	23628	T	137	0	23346	21.9046945943631
B_NA	1175	23651	G	107	0	23433	23.245721845261
B_NA	1176	23581	A	173	0	23277	24.2000257765176
B_NA	1177	23579	C	173	0	23362	23.7289615615101
B_NA	1178	23569	A	181	0	23185	21.3361224929912
B_NA	1179	23589	G	161	0	23295	20.4874865851041
B_NA	1180	23584	T	166	0	23489	20.7830048107625
B_NA	1181	23576	G	173	0	23449	21.5874877393492
B_NA	1182	23582	A	167	0	23339	23.9155062342003
B_NA	1183	23611	T	137	0	23532	25.5617882032976
B_NA	1184	23294	G	448	0	22794	23.3167061507414
B_NA	1185	20130	C	3601	0	19777	22.0213884815695
B_NA	1186	23248	C	478	0	22886	20.7312767630866
B_NA	1187	23570	C	156	0	23278	16.0214795085488
B_NA	1188	23502	T	223	0	23202	17.2676062408413
B_NA	1189	23476	A	261	0	22903	19.6336287822556
B_NA	1190	23601	G	134	0	23329	20.444896909426
B_NA	1191	20865	T	2871	0	20355	22.448784082535
B_NA	1192	23486	T	248	0	23375	23.4272085561497
B_NA	1193	23657	T	71	0	23559	25.7283840570483
B_NA	1194	23663	T	57	0	23533	32.7937789487103
B_NA	1195	23588	T	125	0	22986	29.685547724702
B_NA	1196	23475	A	229	0	23072	23.2246879334258
B_NA	1197	23323	G	372	0	22323	19.8657886484791
B_NA	1198	23384	T	305	0	23279	19.1286137720692
B_NA	1199	23245	G	443	0	22757	20.6227094959793
B_NA	1200	23393	G	307	0	23094	19.7015242054213
B_NA	1201	22884	A	811	0	22598	20.2426320913355
B_NA	1202	23270	G	411	0	22856	19.764219460973
B_NA	1203	23307	T	368	0	22990	19.2549804262723
B_NA	1204	23328	A	346	0	23130	20.536532641591
B_NA	1205	23425	A	248	0	23081	21.5939950608726
B_NA	1206	23434	T	239	0	23228	23.5859738246943
B_NA	1207	23477	G	194	0	23263	23.7500322400378
B_NA	1208	23539	A	127	0	23098	24.0112130920426
B_NA	1209	23536	T	127	0	23308	24.2931182426635
B_NA	1210	23612	T	43	0	23509	25.0515121868221
B_NA	1211	23608	T	47	0	23387	26.1273784581178
B_NA	1212	23531	C	120	0	23342	27.8779024933596
B_NA	1213	23490	A	157	0	23344	24.596898560658
B_NA	1214	23563	A	81	0	23233	23.2019971592132
B_NA	1215	23553	T	89	0	23347	24.9145928813124
B_NA	1216	23527	G	114	0	23370	23.9035087719298
B_NA	1217	22571	A	1067	0	22379	24.1377630814603
B_NA	1218	23522	A	106	0	23352	24.3370589242891
B_NA	1219	23531	A	95	0	23354	24.8746681510662
B_NA	1220	23502	G	105	0	23329	26.1358395130524
B_NA	1221	23459	A	126	0	23281	25.4726171556205
B_NA	1222	23511	A	59	0	23238	25.1134348911266
B_NA	1223	23281	C	284	0	23097	23.2601203619518
B_NA	1224	23469	C	86	0	23198	23.0117251487197
B_NA	1225	23422	T	120	0	23133	22.3605671551463
B_NA	1226	23353	G	189	0	23067	22.4741838990766
B_NA	1227	23462	G	80	0	23044	22.5704304808193
B_NA	1228	23445	T	89	0	23201	21.5593293392526
B_NA	1229	23377	T	156	0	23263	22.1020504664059
B_NA	1230	23184	G	345	0	22591	21.5437563631535
B_NA	1231	23308	G	220	0	22831	21.2132188690815
B_NA	1232	23425	T	102	0	23088	21.3684164934165
B_NA	1233	23426	A	101	0	23245	21.6730049473005
B_NA	1234	23412	T	106	0	23246	23.0274455820356
B_NA	1235	23379	T	137	0	23258	25.663083670135
B_NA	1236	23120	C	394	0	22934	26.35929188105
B_NA	1237	23251	C	261	0	23035	22.4073366616019
B_NA	1238	22745	T	767	0	22542	20.9763552479815
B_NA	1239	23271	T	239	0	23041	23.0279067748796
B_NA	1240	23348	T	157	0	23188	26.0010781438675
B_NA	1241	23192	G	312	0	22722	23.3331572924919
B_NA	1242	23326	G	171	0	22868	21.3262200454784
B_NA	1243	23333	C	162	0	23164	20.8555517181834
B_NA	1244	23176	T	319	0	22983	21.2806422138102
B_NA	1245	22547	T	942	0	22235	22.9063188666517
B_NA	1246	22454	C	1032	0	21783	20.0508194463573
B_NA	1247	23079	G	407	0	22482	13.8159416422027
B_NA	1248	23222	A	261	0	23041	13.4233323206458
B_NA	1249	23357	A	126	0	23168	14.5023739640884
B_NA	1250	23388	A	93	0	23052	22.3079559257331
B_NA	1251	23363	T	112	0	22972	23.2942712867839
B_NA	1252	20563	A	2909	0	20239	25.532437373388
B_NA	1253	22959	A	505	0	22844	25.7275871125897
B_NA	1254	23323	A	127	0	23192	26.3552518109693
B_NA	1255	23285	A	125	0	23071	25.8819296952885
B_NA	1256	23205	G	193	0	23019	28.3635692254225
B_NA	1257	23217	A	173	0	22956	24.9659783934483
B_NA	1258	23210	T	176	0	22971	24.2678159418397
B_NA	1259	21790	A	1588	0	21537	23.2307656590983
B_NA	1260	21712	A	1665	0	21516	22.7744004461796
B_NA	1261	21292	G	2084	0	20837	18.976916062773
B_NA	1262	23207	A	163	0	22954	20.170558508321
B_NA	1263	23285	A	81	0	23165	20.2104899633067
B_NA	1264	23180	A	183	0	22726	20.6268591041098
B_NA	1265	23103	T	258	0	22904	20.6444725812085
B_NA	1266	22961	G	397	0	22275	21.2456565656566
B_NA	1267	22963	C	394	0	22358	18.1955452187137
B_NA	1268	23081	G	275	0	22640	16.0917844522968
B_NA	1269	22916	A	436	0	22481	16.0338952893555
B_NA	1270	23257	T	95	0	23100	16.9132034632035
B_NA	1271	23241	G	109	0	22884	18.4900804055235
B_NA	1272	23226	T	124	0	23115	22.8953926022064
B_NA	1273	21240	C	2102	0	21074	23.7024769858594
B_NA	1274	22806	C	535	0	22630	22.5390631904551
B_NA	1275	23109	C	232	0	22802	21.5288132619946
B_NA	1276	23087	C	254	0	22878	20.9998251595419
B_NA	1277	22958	T	383	0	22763	21.4539384088213
B_NA	1278	22981	G	357	0	22740	21.6011433597186
B_NA	1279	23033	T	303	0	22791	23.0127681979729
B_NA	1280	22942	A	389	0	22471	24.1913577499889
B_NA	1281	23122	T	209	0	22708	24.5027303153074
B_NA	1282	23233	T	97	0	23087	24.6570797418461
B_NA	1283	23035	G	292	0	22612	23.9552892269591
B_NA	1284	23231	G	94	0	23141	22.9734237932674
B_NA	1285	23225	G	79	0	23147	22.5445198081825
B_NA	1286	23200	A	104	0	23066	23.7792421746293
B_NA	1287	23206	T	92	0	22904	23.6025148445686
B_NA	1288	22887	A	410	0	22629	23.0146272482213
B_NA	1289	23026	G	270	0	22827	22.376965873746
B_NA	1290	23135	A	157	0	22862	22.453284926953
B_NA	1291	23098	G	189	0	22921	40.398411936652
B_NA	1292	23120	A	166	0	22890	54.6363914373089
B_NA	1293	23152	T	130	0	23020	24.5050825369244
B_NA	1294	23105	G	173	0	22950	24.7066666666667
B_NA	1295	23178	G	94	0	22996	23.6298051835102
B_NA	1296	23114	T	154	0	22858	23.1682999387523
B_NA	1297	22590	A	675	0	22205	23.4734969601441
B_NA	1298	22624	C	638	0	22393	22.7394274996651
B_NA	1299	23129	A	129	0	22970	23.2922507618633
B_NA	1300	23095	T	149	0	22991	23.3124700969945
B_NA	1301	23133	G	110	0	22988	23.8577518705412
B_NA	1302	23197	A	45	0	22997	24.9434274035744
B_NA	1303	23158	T	84	0	23064	25.5365504682622
B_NA	1304	23069	G	172	0	22632	24.0120183810534
B_NA	1305	23132	G	107	0	22826	21.5921317795496
B_NA	1306	23158	T	74	0	23041	21.6458487044833
B_NA	1307	23117	G	115	0	23037	21.765464253158
B_NA	1308	22999	G	232	0	22867	22.1640792408274
B_NA	1309	21066	A	2160	0	20850	22.4142925659472
B_NA	1310	22761	A	462	0	22586	23.8780660586204
B_NA	1311	23094	A	125	0	22976	24.6528551532033
B_NA	1312	22512	A	705	0	22315	19.8680259914855
B_NA	1313	22315	G	896	0	22145	22.0625423346128
B_NA	1314	22833	A	373	0	22439	23.2577209323054
B_NA	1315	22961	G	237	0	22862	41.7606071209868
B_NA	1316	22898	A	300	0	22275	53.1084175084175
B_NA	1317	23022	C	169	0	22812	22.2573645449763
B_NA	1318	22730	T	460	0	22518	22.6142641442402
B_NA	1319	22993	T	192	0	22832	23.8993517869657
B_NA	1320	22840	G	332	0	22561	24.3115996631355
B_NA	1321	22977	G	187	0	22850	23.1425820568928
B_NA	1322	22985	C	179	0	22732	23.548169980644
B_NA	1323	22911	A	251	0	22701	23.0750627725651
B_NA	1324	22975	C	182	0	22867	22.9402195303275
B_NA	1325	22973	T	181	0	22848	23.827599789916
B_NA	1326	22529	C	625	0	22382	23.9560807791976
B_NA	1327	22477	A	669	0	22087	21.6149771358718
B_NA	1328	22469	G	667	0	22176	20.4561688311688
B_NA	1329	23001	C	133	0	22851	21.6608901142182
B_NA	1330	22968	A	158	0	22674	20.9713769074711
B_NA	1331	22999	G	127	0	22792	20.4280888030888
B_NA	1332	22812	C	308	0	22670	21.4779003087781
B_NA	1333	22732	A	384	0	22608	22.0271585279547
B_NA	1334	22800	A	313	0	21183	19.4752867865741
B_NA	1335	22976	C	125	0	22763	19.166278610025
B_NA	1336	22968	A	133	0	22637	18.8087644122454
B_NA	1337	22885	G	213	0	22477	18.0468923788762
B_NA	1338	22859	C	239	0	22623	20.6269283472572
B_NA	1339	22905	C	190	0	22631	20.8297468074765
B_NA	1340	22830	A	260	0	22590	21.3187693669765
B_NA	1341	21935	T	1155	0	21690	23.8189949285385
B_NA	1342	22932	T	157	0	22755	25.7614590199956
B_NA	1343	22918	T	169	0	22711	25.1300691294967
B_NA	1344	22872	A	213	0	22395	24.76472426881
B_NA	1345	22839	C	244	0	22694	23.8410152463206
B_NA	1346	22880	T	203	0	22656	22.456479519774
B_NA	1347	22930	G	151	0	22468	23.9558483176073
B_NA	1348	22858	T	222	0	22625	24.6801767955801
B_NA	1349	22986	T	89	0	22854	26.1226043580992
B_NA	1350	22948	T	124	0	22728	26.0916930658219
B_NA	1351	22863	A	202	0	22718	26.9741614578748
B_NA	1352	22995	A	70	0	22676	26.3158405362498
B_NA	1353	22986	T	67	0	22886	25.5540505112296
B_NA	1354	22815	G	237	0	22583	25.3991055218527
B_NA	1355	22928	G	117	0	22701	23.1051055019603
B_NA	1356	22932	G	111	0	22671	21.2758590269507
B_NA	1357	22861	C	173	0	22630	21.0351303579319
B_NA	1358	22835	T	194	0	22585	21.674297099845
B_NA	1359	22891	C	136	0	22704	23.1861346018323
B_NA	1360	22864	A	149	0	22467	18.9338140383674
B_NA	1361	22797	G	213	0	22691	18.0704684676744
B_NA	1362	22958	G	39	0	22875	19.6819672131148
B_NA	1363	22925	A	66	0	22768	21.1288650737878
B_NA	1364	22851	C	131	0	22675	22.8368687982359
B_NA	1365	22814	A	155	0	22379	21.916394834443
B_NA	1366	22470	G	496	0	22252	22.3004673737192
B_NA	1367	22603	C	361	0	22423	22.1472149132587
B_NA	1368	22710	T	252	0	22570	22.2550731058928
B_NA	1369	22840	G	121	0	22639	23.3668006537391
B_NA	1370	22817	C	142	0	22687	23.9278882179222
B_NA	1371	22651	T	307	0	22492	24.7298150453495
B_NA	1372	22569	G	386	0	22356	24.6185364108069
B_NA	1373	22708	T	243	0	22513	24.4561808732732
B_NA	1374	22607	G	333	0	21985	22.6584034569024
B_NA	1375	22843	G	83	0	22723	21.3220965541522
B_NA	1376	22865	G	51	0	22782	21.2834255113686
B_NA	1377	22729	A	183	0	22566	22.3328015598688
B_NA	1378	22748	C	160	0	22622	24.0327999292724
B_NA	1379	22742	A	133	0	22542	23.7273533847928
B_NA	1380	22582	C	240	0	22360	23.6381037567084
B_NA	1381	22709	T	105	0	22590	23.3588756086764
B_NA	1382	22708	G	101	0	22321	23.3479234801308
B_NA	1383	22590	T	217	0	22408	23.6934576936808
B_NA	1384	22362	C	444	0	22213	24.5767793634358
B_NA	1385	22362	A	439	0	22000	23.1293181818182
B_NA	1386	22592	C	200	0	22196	23.539511623716
B_NA	1387	22618	A	168	0	22267	22.5294381820631
B_NA	1388	22415	G	363	0	22166	21.7846702156456
B_NA	1389	22667	G	99	0	22370	21.2359856951274
B_NA	1390	22501	T	263	0	22381	21.6853581162593
B_NA	1391	22535	G	227	0	22270	23.2685675797036
B_NA	1392	22451	T	300	0	22029	24.9635026555904
B_NA	1393	22665	T	84	0	22537	25.7242756356214
B_NA	1394	22640	G	98	0	22509	24.5884757208228
B_NA	1395	22244	A	485	0	22060	24.9173164097915
B_NA	1396	22294	T	430	0	22167	25.8840167817025
B_NA	1397	22674	A	25	0	22518	24.2110755839773
B_NA	1398	22584	T	78	0	22503	24.3448873483536
B_NA	1399	22516	G	100	0	22080	22.6820652173913
B_NA	1400	22476	G	39	0	22348	21.4989708251298
B_NA	1401	22320	C	173	0	22240	21.1704586330935
B_NA	1402	22289	T	164	0	22195	22.0402793421942
B_NA	1403	22402	C	12	0	22361	24.1911810741917
B_NA	1404	22289	T	14	0	22239	25.0516210261253
B_NA	1405	22130	G	0	0	22061	25.5760844929967
B_NA	1406	21970	T	0	0	21880	25.1040676416819
B_NA	1407	21720	A	0	0	21720	25.3846224677716
B_NA	1408	21476	A	0	0	21476	25.0786459303408
