Reference_Name	Position	Coverage Depth	Consensus	Deletions	Ambiguous	Consensus_Count	Consensus_Average_Quality
A_MP	1	2	N	0	0	2	22
A_MP	2	2	N	0	0	2	20
A_MP	3	2	N	0	0	2	17
A_MP	4	2	N	0	0	2	16
A_MP	5	2	N	0	0	2	13.5
A_MP	6	2	N	0	0	2	12.5
A_MP	7	2	N	0	0	2	11
A_MP	8	2	N	0	0	2	17
A_MP	9	2	N	0	0	2	20
A_MP	10	2	N	0	0	2	19
A_MP	11	2	N	0	0	2	15.5
A_MP	12	2	N	0	0	2	18
A_MP	13	2	N	0	0	2	15
A_MP	14	2	N	0	0	2	14.5
A_MP	15	2	N	0	0	2	16
A_MP	16	2	N	0	0	2	14.5
A_MP	17	2	N	0	0	2	14.5
A_MP	18	2	N	0	0	2	14
A_MP	19	2	N	0	0	2	17.5
A_MP	20	2	N	0	0	2	18
A_MP	21	2	N	0	0	2	23
A_MP	22	3	N	0	0	3	14.6666666666667
A_MP	23	3	N	0	0	3	13.3333333333333
A_MP	24	3	N	0	0	3	12.3333333333333
A_MP	25	3	N	0	0	3	14.3333333333333
A_MP	26	3	N	0	0	3	14.6666666666667
A_MP	27	3	N	0	0	3	16
A_MP	28	3	N	0	0	3	18
A_MP	29	3	N	0	0	2	21
A_MP	30	3	N	0	0	3	15.6666666666667
A_MP	31	3	N	0	0	3	17.6666666666667
A_MP	32	3	N	0	0	3	16.6666666666667
A_MP	33	3	N	0	0	3	23.6666666666667
A_MP	34	3	N	0	0	3	24
A_MP	35	3	N	0	0	3	26.6666666666667
A_MP	36	3	N	0	0	3	26.6666666666667
A_MP	37	3	N	0	0	3	26.3333333333333
A_MP	38	3	N	0	0	3	27.3333333333333
A_MP	39	3	N	0	0	3	22.6666666666667
A_MP	40	3	N	0	0	3	23.3333333333333
A_MP	41	3	N	0	0	3	26
A_MP	42	3	N	0	0	3	24.3333333333333
A_MP	43	3	N	0	0	3	19.3333333333333
A_MP	44	3	N	0	0	3	21.6666666666667
A_MP	45	3	N	0	0	3	23
A_MP	46	3	N	0	0	3	23.6666666666667
A_MP	47	3	N	0	0	2	21
A_MP	48	3	N	0	0	3	21
A_MP	49	3	N	0	0	3	21.6666666666667
A_MP	50	3	N	0	0	3	21.6666666666667
A_MP	51	3	N	0	0	3	18
A_MP	52	3	N	0	0	3	18.3333333333333
A_MP	53	3	N	0	0	3	18.3333333333333
A_MP	54	3	N	0	0	3	16.3333333333333
A_MP	55	3	N	0	0	3	16.3333333333333
A_MP	56	3	N	0	0	3	20.3333333333333
A_MP	57	3	N	0	0	3	20.6666666666667
A_MP	58	3	N	0	0	2	19
A_MP	59	3	N	0	0	2	19
A_MP	60	3	N	0	0	3	19.3333333333333
A_MP	61	3	N	0	0	3	18.3333333333333
A_MP	62	3	N	0	0	3	19
A_MP	63	3	N	0	0	3	17
A_MP	64	3	N	0	0	3	14.6666666666667
A_MP	65	3	N	0	0	3	16.6666666666667
A_MP	66	3	N	0	0	3	14.6666666666667
A_MP	67	3	N	0	0	3	12.6666666666667
A_MP	68	3	N	0	0	3	15
A_MP	69	3	N	0	0	3	16
A_MP	70	3	N	0	0	3	16.6666666666667
A_MP	71	3	N	0	0	3	16.6666666666667
A_MP	72	3	N	0	0	3	19.3333333333333
A_MP	73	3	N	0	0	3	9.66666666666667
A_MP	74	3	N	0	0	3	9.33333333333333
A_MP	75	3	N	0	0	3	9.66666666666667
A_MP	76	3	N	0	0	3	9.66666666666667
A_MP	77	3	N	0	0	3	11.6666666666667
A_MP	78	3	N	0	0	3	11
A_MP	79	2	N	1	0	2	12.5
A_MP	80	3	N	0	0	3	17
A_MP	81	3	N	0	0	2	58.5
A_MP	82	3	N	0	0	3	16.6666666666667
A_MP	83	3	N	0	0	3	17.3333333333333
A_MP	84	3	N	0	0	3	19
A_MP	85	3	N	0	0	2	26.5
A_MP	86	3	N	0	0	3	18.6666666666667
A_MP	87	3	N	0	0	2	31.5
A_MP	88	3	N	0	0	2	31
A_MP	89	3	N	0	0	3	22
A_MP	90	3	N	0	0	3	20
A_MP	91	3	N	0	0	3	19.6666666666667
A_MP	92	3	N	0	0	3	20.3333333333333
A_MP	93	3	N	0	0	3	22
A_MP	94	3	N	0	0	3	23.3333333333333
A_MP	95	3	N	0	0	3	24.3333333333333
A_MP	96	3	N	0	0	3	25.6666666666667
A_MP	97	3	N	0	0	3	21.3333333333333
A_MP	98	3	N	0	0	3	19.3333333333333
A_MP	99	3	N	0	0	3	16.3333333333333
A_MP	100	3	N	0	0	3	16.3333333333333
A_MP	101	3	N	0	0	3	16.3333333333333
A_MP	102	2	N	1	0	2	23
A_MP	103	3	N	0	0	3	21
A_MP	104	3	N	0	0	3	25
A_MP	105	3	N	0	0	3	22
A_MP	106	3	N	0	0	3	23.3333333333333
A_MP	107	3	N	0	0	3	23.6666666666667
A_MP	108	3	N	0	0	3	23
A_MP	109	3	N	0	0	3	21.3333333333333
A_MP	110	3	N	0	0	3	22.6666666666667
A_MP	111	3	N	0	0	3	22.6666666666667
A_MP	112	3	N	0	0	3	19.6666666666667
A_MP	113	3	N	0	0	3	20.3333333333333
A_MP	114	3	N	0	0	3	20
A_MP	115	3	N	0	0	3	20
A_MP	116	3	N	0	0	3	28.6666666666667
A_MP	117	3	N	0	0	3	29.3333333333333
A_MP	118	3	N	0	0	3	27.6666666666667
A_MP	119	3	N	0	0	3	27.3333333333333
A_MP	120	3	N	0	0	3	25
A_MP	121	3	N	0	0	3	24.6666666666667
A_MP	122	3	N	0	0	3	24
A_MP	123	3	N	0	0	3	24.3333333333333
A_MP	124	3	N	0	0	2	22.5
A_MP	125	3	N	0	0	3	26.3333333333333
A_MP	126	3	N	0	0	3	29
A_MP	127	3	N	0	0	3	14.6666666666667
A_MP	128	3	N	0	0	3	14
A_MP	129	3	N	0	0	3	19.3333333333333
A_MP	130	3	N	0	0	3	18
A_MP	131	3	N	0	0	3	24
A_MP	132	3	N	0	0	3	22.3333333333333
A_MP	133	3	N	0	0	3	22.6666666666667
A_MP	134	3	N	0	0	3	19.6666666666667
A_MP	135	3	N	0	0	3	19
A_MP	136	3	N	0	0	3	17
A_MP	137	3	N	0	0	3	17
A_MP	138	3	N	0	0	3	23.3333333333333
A_MP	139	3	N	0	0	3	25.3333333333333
A_MP	140	3	N	0	0	3	25.3333333333333
A_MP	141	3	N	0	0	2	28
A_MP	142	3	N	0	0	3	26
A_MP	143	3	N	0	0	3	24.3333333333333
A_MP	144	3	N	0	0	3	24.6666666666667
A_MP	145	3	N	0	0	3	24.3333333333333
A_MP	146	3	N	0	0	3	25.6666666666667
A_MP	147	3	N	0	0	3	25
A_MP	148	3	N	0	0	3	20.3333333333333
A_MP	149	3	N	0	0	3	20
A_MP	150	3	N	0	0	3	19.6666666666667
A_MP	151	3	N	0	0	3	21
A_MP	152	3	N	0	0	3	22.6666666666667
A_MP	153	3	N	0	0	3	24.3333333333333
A_MP	154	3	N	0	0	3	24.6666666666667
A_MP	155	3	N	0	0	3	27
A_MP	156	3	N	0	0	3	24.3333333333333
A_MP	157	3	N	0	0	3	25.3333333333333
A_MP	158	3	N	0	0	3	25
A_MP	159	3	N	0	0	3	25.6666666666667
A_MP	160	3	N	0	0	3	26.3333333333333
A_MP	161	3	N	0	0	3	21.6666666666667
A_MP	162	3	N	0	0	3	20.6666666666667
A_MP	163	3	N	0	0	3	21.3333333333333
A_MP	164	3	N	0	0	3	26.6666666666667
A_MP	165	3	N	0	0	3	28.3333333333333
A_MP	166	3	N	0	0	3	27
A_MP	167	3	N	0	0	3	24.3333333333333
A_MP	168	3	N	0	0	3	22
A_MP	169	2	N	1	0	2	21.5
A_MP	170	3	N	0	0	3	20.6666666666667
A_MP	171	3	N	0	0	2	13.5
A_MP	172	3	N	0	0	3	10
A_MP	173	3	N	0	0	3	8.33333333333333
A_MP	174	3	N	0	0	3	9.66666666666667
A_MP	175	3	N	0	0	3	11
A_MP	176	3	N	0	0	3	13.3333333333333
A_MP	177	3	N	0	0	3	16.6666666666667
A_MP	178	3	N	0	0	3	19
A_MP	179	3	N	0	0	3	16.6666666666667
A_MP	180	3	N	0	0	3	16
A_MP	181	3	N	0	0	2	19.5
A_MP	182	3	N	0	0	2	16.5
A_MP	183	3	N	0	0	2	15.5
A_MP	184	3	N	0	0	3	12.6666666666667
A_MP	185	3	N	0	0	2	8
A_MP	186	3	N	0	0	3	13
A_MP	187	3	N	0	0	3	16
A_MP	188	3	N	0	0	3	19.3333333333333
A_MP	189	3	N	0	0	3	19.3333333333333
A_MP	190	3	N	0	0	3	18
A_MP	191	3	N	0	0	3	21.6666666666667
A_MP	192	3	N	0	0	3	16.3333333333333
A_MP	193	3	N	0	0	3	8.66666666666667
A_MP	194	3	N	0	0	3	15
A_MP	195	3	N	0	0	3	12.3333333333333
A_MP	196	3	N	0	0	3	12.6666666666667
A_MP	197	3	N	0	0	3	13.3333333333333
A_MP	198	3	N	0	0	3	13.6666666666667
A_MP	199	3	N	0	0	3	18
A_MP	200	2	N	1	0	2	25.5
A_MP	201	3	N	0	0	3	18.3333333333333
A_MP	202	3	N	0	0	2	15
A_MP	203	3	N	0	0	3	13
A_MP	204	3	N	0	0	3	17.3333333333333
A_MP	205	3	N	0	0	3	17.3333333333333
A_MP	206	3	N	0	0	3	21.3333333333333
A_MP	207	3	N	0	0	3	21.6666666666667
A_MP	208	3	N	0	0	3	24
A_MP	209	3	N	0	0	3	25.6666666666667
A_MP	210	3	N	0	0	3	25.6666666666667
A_MP	211	3	N	0	0	3	18.3333333333333
A_MP	212	3	N	0	0	3	16.6666666666667
A_MP	213	3	N	0	0	3	16.6666666666667
A_MP	214	3	N	0	0	3	17
A_MP	215	3	N	0	0	3	17.3333333333333
A_MP	216	3	N	0	0	3	17.6666666666667
A_MP	217	3	N	0	0	3	18
A_MP	218	3	N	0	0	3	15.3333333333333
A_MP	219	3	N	0	0	3	14
A_MP	220	3	N	0	0	3	16.6666666666667
A_MP	221	3	N	0	0	3	22
A_MP	222	3	N	0	0	3	23
A_MP	223	3	N	0	0	3	23
A_MP	224	3	N	0	0	3	39.3333333333333
A_MP	225	3	N	0	0	3	18.6666666666667
A_MP	226	3	N	0	0	3	21
A_MP	227	3	N	0	0	3	20
A_MP	228	3	N	0	0	3	21.6666666666667
A_MP	229	3	N	0	0	3	18
A_MP	230	3	N	0	0	3	17
A_MP	231	3	N	0	0	3	14
A_MP	232	3	N	0	0	3	16
A_MP	233	2	N	1	0	2	15.5
A_MP	234	2	N	1	0	2	17.5
A_MP	235	2	N	1	0	2	12
A_MP	236	2	N	1	0	2	12.5
A_MP	237	2	N	1	0	2	23.5
A_MP	238	3	N	0	0	3	21
A_MP	239	3	N	0	0	3	23.3333333333333
A_MP	240	3	N	0	0	3	23.3333333333333
A_MP	241	3	N	0	0	3	18.3333333333333
A_MP	242	3	N	0	0	3	17.6666666666667
A_MP	243	3	N	0	0	3	18
A_MP	244	3	N	0	0	3	17
A_MP	245	2	N	1	0	2	19
A_MP	246	2	N	1	0	2	20.5
A_MP	247	2	N	1	0	2	24
A_MP	248	3	N	0	0	2	25.5
A_MP	249	3	N	0	0	3	16.6666666666667
A_MP	250	3	N	0	0	3	10.3333333333333
A_MP	251	3	N	0	0	3	11
A_MP	252	3	N	0	0	2	20
A_MP	253	3	N	0	0	3	19
A_MP	254	3	N	0	0	3	19.3333333333333
A_MP	255	3	N	0	0	3	14.3333333333333
A_MP	256	3	N	0	0	3	13.3333333333333
A_MP	257	3	N	0	0	3	14.3333333333333
A_MP	258	3	N	0	0	2	17.5
A_MP	259	3	N	0	0	3	14
A_MP	260	3	N	0	0	3	17.3333333333333
A_MP	261	3	N	0	0	3	19.3333333333333
A_MP	262	3	N	0	0	3	14.6666666666667
A_MP	263	3	N	0	0	3	12
A_MP	264	3	N	0	0	3	11.3333333333333
A_MP	265	3	N	0	0	3	11
A_MP	266	3	N	0	0	3	13
A_MP	267	3	N	0	0	3	19
A_MP	268	3	N	0	0	3	17.6666666666667
A_MP	269	3	N	0	0	3	17.3333333333333
A_MP	270	3	N	0	0	3	16
A_MP	271	3	N	0	0	3	16
A_MP	272	3	N	0	0	3	15.3333333333333
A_MP	273	3	N	0	0	3	20
A_MP	274	3	N	0	0	3	20.3333333333333
A_MP	275	3	N	0	0	2	22.5
A_MP	276	3	N	0	0	3	17.6666666666667
A_MP	277	3	N	0	0	3	20.3333333333333
A_MP	278	3	N	0	0	3	20
A_MP	279	3	N	0	0	3	24.6666666666667
A_MP	280	3	N	0	0	3	25
A_MP	281	3	N	0	0	3	26.3333333333333
A_MP	282	3	N	0	0	3	27.6666666666667
A_MP	283	2	N	1	0	2	25.5
A_MP	284	2	N	1	0	1	15
A_MP	285	3	N	0	0	3	17.6666666666667
A_MP	286	3	N	0	0	2	23
A_MP	287	3	N	0	0	3	18.6666666666667
A_MP	288	3	N	0	0	3	18
A_MP	289	3	N	0	0	3	17
A_MP	290	3	N	0	0	3	17.3333333333333
A_MP	291	3	N	0	0	3	18
A_MP	292	3	N	0	0	3	18.6666666666667
A_MP	293	3	N	0	0	2	22
A_MP	294	3	N	0	0	3	19.6666666666667
A_MP	295	3	N	0	0	3	21.3333333333333
A_MP	296	3	N	0	0	3	20.3333333333333
A_MP	297	3	N	0	0	2	26.5
A_MP	298	3	N	0	0	2	11
A_MP	299	3	N	0	0	3	19.6666666666667
A_MP	300	3	N	0	0	3	15.3333333333333
A_MP	301	3	N	0	0	3	14
A_MP	302	3	N	0	0	3	20.3333333333333
A_MP	303	3	N	0	0	3	13
A_MP	304	3	N	0	0	3	15.6666666666667
A_MP	305	3	N	0	0	3	14.6666666666667
A_MP	306	3	N	0	0	2	17.5
A_MP	307	3	N	0	0	3	25
A_MP	308	3	N	0	0	3	26
A_MP	309	3	N	0	0	3	23.6666666666667
A_MP	310	3	N	0	0	3	24
A_MP	311	3	N	0	0	3	24
A_MP	312	2	N	1	0	2	20
A_MP	313	2	N	1	0	2	18.5
A_MP	314	2	N	1	0	2	18
A_MP	315	2	N	1	0	2	21
A_MP	316	2	N	1	0	2	16.5
A_MP	317	3	N	0	0	3	16.3333333333333
A_MP	318	3	N	0	0	3	15.3333333333333
A_MP	319	3	N	0	0	3	13.6666666666667
A_MP	320	3	N	0	0	3	13.6666666666667
A_MP	321	3	N	0	0	3	14.6666666666667
A_MP	322	2	N	1	0	2	24.5
A_MP	323	2	N	1	0	2	24
A_MP	324	3	N	0	0	3	19.6666666666667
A_MP	325	3	N	0	0	3	19
A_MP	326	3	N	0	0	3	24.3333333333333
A_MP	327	3	N	0	0	3	24.6666666666667
A_MP	328	3	N	0	0	3	24.3333333333333
A_MP	329	3	N	0	0	3	23.3333333333333
A_MP	330	3	N	0	0	3	20.3333333333333
A_MP	331	3	N	0	0	3	15.3333333333333
A_MP	332	3	N	0	0	3	14.6666666666667
A_MP	333	3	N	0	0	3	9.66666666666667
A_MP	334	3	N	0	0	3	13.6666666666667
A_MP	335	2	N	1	0	2	15
A_MP	336	3	N	0	0	3	13
A_MP	337	3	N	0	0	3	12.6666666666667
A_MP	338	3	N	0	0	3	15
A_MP	339	3	N	0	0	2	15.5
A_MP	340	3	N	0	0	2	13.5
A_MP	341	3	N	0	0	3	19.3333333333333
A_MP	342	3	N	0	0	2	13.5
A_MP	343	3	N	0	0	3	15
A_MP	344	3	N	0	0	3	13.6666666666667
A_MP	345	3	N	0	0	3	18
A_MP	346	3	N	0	0	3	18.6666666666667
A_MP	347	3	N	0	0	3	18.6666666666667
A_MP	348	3	N	0	0	3	9.33333333333333
A_MP	349	3	N	0	0	3	9
A_MP	350	2	N	1	0	2	8.5
A_MP	351	3	N	0	0	2	8
A_MP	352	3	N	0	0	3	8.33333333333333
A_MP	353	3	N	0	0	3	8.66666666666667
A_MP	354	3	N	0	0	3	12
A_MP	355	3	N	0	0	2	16
A_MP	356	3	N	0	0	3	16.6666666666667
A_MP	357	3	N	0	0	3	17
A_MP	358	3	N	0	0	3	18
A_MP	359	3	N	0	0	3	19.6666666666667
A_MP	360	3	N	0	0	3	20.6666666666667
A_MP	361	3	N	0	0	3	17.3333333333333
A_MP	362	3	N	0	0	3	16.6666666666667
A_MP	363	3	N	0	0	3	15.6666666666667
A_MP	364	3	N	0	0	3	14
A_MP	365	3	N	0	0	3	14.3333333333333
A_MP	366	3	N	0	0	3	14.3333333333333
A_MP	367	3	N	0	0	3	15.6666666666667
A_MP	368	3	N	0	0	3	18
A_MP	369	2	N	1	0	2	17.5
A_MP	370	2	N	1	0	2	17
A_MP	371	2	N	1	0	2	18
A_MP	372	3	N	0	0	3	17
A_MP	373	3	N	0	0	3	17.3333333333333
A_MP	374	3	N	0	0	3	18
A_MP	375	3	N	0	0	2	22
A_MP	376	3	N	0	0	2	16.5
A_MP	377	3	N	0	0	3	13.3333333333333
A_MP	378	3	N	0	0	2	17
A_MP	379	3	N	0	0	3	13.3333333333333
A_MP	380	3	N	0	0	2	19
A_MP	381	3	N	0	0	2	17
A_MP	382	3	N	0	0	3	13
A_MP	383	3	N	0	0	3	14.6666666666667
A_MP	384	3	N	0	0	3	17.3333333333333
A_MP	385	3	N	0	0	3	18.3333333333333
A_MP	386	3	N	0	0	3	19.3333333333333
A_MP	387	3	N	0	0	3	18.3333333333333
A_MP	388	3	N	0	0	3	16.3333333333333
A_MP	389	3	N	0	0	3	18.3333333333333
A_MP	390	3	N	0	0	3	21
A_MP	391	3	N	0	0	3	17.6666666666667
A_MP	392	3	N	0	0	3	18.6666666666667
A_MP	393	3	N	0	0	3	20.3333333333333
A_MP	394	3	N	0	0	3	21.6666666666667
A_MP	395	3	N	0	0	3	20.6666666666667
A_MP	396	3	N	0	0	3	20.3333333333333
A_MP	397	3	N	0	0	3	19.6666666666667
A_MP	398	3	N	0	0	3	16.6666666666667
A_MP	399	3	N	0	0	3	19.6666666666667
A_MP	400	3	N	0	0	3	18.3333333333333
A_MP	401	3	N	0	0	3	18.6666666666667
A_MP	402	3	N	0	0	3	20
A_MP	403	3	N	0	0	3	19.3333333333333
A_MP	404	3	N	0	0	3	23.3333333333333
A_MP	405	3	N	0	0	3	18
A_MP	406	3	N	0	0	3	18
A_MP	407	3	N	0	0	3	19.3333333333333
A_MP	408	3	N	0	0	3	19.6666666666667
A_MP	409	3	N	0	0	3	22.3333333333333
A_MP	410	3	N	0	0	3	21.3333333333333
A_MP	411	3	N	0	0	3	15.3333333333333
A_MP	412	3	N	0	0	3	15
A_MP	413	3	N	0	0	3	18.6666666666667
A_MP	414	3	N	0	0	3	17
A_MP	415	3	N	0	0	3	17.3333333333333
A_MP	416	3	N	0	0	3	21
A_MP	417	3	N	0	0	3	18.3333333333333
A_MP	418	3	N	0	0	3	17.3333333333333
A_MP	419	3	N	0	0	3	20.6666666666667
A_MP	420	3	N	0	0	3	20.3333333333333
A_MP	421	3	N	0	0	3	20.3333333333333
A_MP	422	3	N	0	0	3	24.6666666666667
A_MP	423	3	N	0	0	3	22.3333333333333
A_MP	424	3	N	0	0	3	20
A_MP	425	3	N	0	0	3	18
A_MP	426	3	N	0	0	3	19
A_MP	427	3	N	0	0	3	17
A_MP	428	3	N	0	0	3	18
A_MP	429	3	N	0	0	3	17.6666666666667
A_MP	430	3	N	0	0	3	17
A_MP	431	3	N	0	0	3	14.6666666666667
A_MP	432	3	N	0	0	2	14
A_MP	433	3	N	0	0	3	11.6666666666667
A_MP	434	3	N	0	0	3	11
A_MP	435	3	N	0	0	3	11
A_MP	436	3	N	0	0	3	12.6666666666667
A_MP	437	3	N	0	0	3	11.3333333333333
A_MP	438	3	N	0	0	3	8.33333333333333
A_MP	439	3	N	0	0	2	10
A_MP	440	3	N	0	0	3	8
A_MP	441	3	N	0	0	3	8.66666666666667
A_MP	442	3	N	0	0	3	13.3333333333333
A_MP	443	3	N	0	0	3	10
A_MP	444	3	N	0	0	3	9.33333333333333
A_MP	445	3	N	0	0	3	6
A_MP	446	3	N	0	0	3	8.66666666666667
A_MP	447	2	N	1	0	2	11.5
A_MP	448	2	N	1	0	2	11.5
A_MP	449	2	N	1	0	2	12
A_MP	450	2	N	1	0	2	12.5
A_MP	451	3	N	0	0	3	13.6666666666667
A_MP	452	3	N	0	0	3	13
A_MP	453	3	N	0	0	3	10.3333333333333
A_MP	454	3	N	0	0	3	12
A_MP	455	2	N	1	0	2	12.5
A_MP	456	3	N	0	0	2	13
A_MP	457	3	N	0	0	2	13.5
A_MP	458	3	N	0	0	2	13
A_MP	459	3	N	0	0	2	16
A_MP	460	3	N	0	0	3	11.6666666666667
A_MP	461	3	N	0	0	2	18.5
A_MP	462	3	N	0	0	3	10.3333333333333
A_MP	463	3	N	0	0	3	13.3333333333333
A_MP	464	2	N	1	0	2	19
A_MP	465	3	N	0	0	2	16.5
A_MP	466	3	N	0	0	3	16.3333333333333
A_MP	467	3	N	0	0	3	19
A_MP	468	3	N	0	0	3	18.6666666666667
A_MP	469	3	N	0	0	3	19
A_MP	470	3	N	0	0	3	17.6666666666667
A_MP	471	3	N	0	0	3	14.3333333333333
A_MP	472	3	N	0	0	2	15.5
A_MP	473	3	N	0	0	3	12.3333333333333
A_MP	474	3	N	0	0	3	19.3333333333333
A_MP	475	3	N	0	0	3	22
A_MP	476	3	N	0	0	3	21.3333333333333
A_MP	477	3	N	0	0	3	22.6666666666667
A_MP	478	3	N	0	0	3	20.3333333333333
A_MP	479	3	N	0	0	2	9.5
A_MP	480	3	N	0	0	3	11.6666666666667
A_MP	481	3	N	0	0	3	12.6666666666667
A_MP	482	3	N	0	0	3	14.6666666666667
A_MP	483	3	N	0	0	3	18
A_MP	484	3	N	0	0	3	20.3333333333333
A_MP	485	3	N	0	0	3	14
A_MP	486	2	N	0	0	2	17.5
A_MP	487	2	N	0	0	2	17.5
A_MP	488	2	N	0	0	2	17.5
A_MP	489	2	N	0	0	2	19
A_MP	490	2	N	0	0	2	20
A_MP	491	2	N	0	0	2	19.5
A_MP	492	2	N	0	0	2	23.5
A_MP	493	2	N	0	0	2	26.5
A_MP	494	2	N	0	0	2	26
A_MP	495	2	N	0	0	2	23.5
A_MP	496	2	N	0	0	2	22
A_MP	497	1	N	1	0	1	22
A_MP	498	1	N	1	0	1	26
A_MP	499	2	N	0	0	2	22.5
A_MP	500	2	N	0	0	1	26
A_MP	501	2	N	0	0	2	21.5
A_MP	502	2	N	0	0	2	20.5
A_MP	503	1	N	1	0	1	7
A_MP	504	2	N	0	0	2	13.5
A_MP	505	2	N	0	0	2	13.5
A_MP	506	2	N	0	0	1	20
A_MP	507	2	N	0	0	2	16.5
A_MP	508	2	N	0	0	2	21
A_MP	509	2	N	0	0	2	28
A_MP	510	2	N	0	0	2	38
A_MP	511	2	N	0	0	2	27.5
A_MP	512	2	N	0	0	2	23
A_MP	513	2	N	0	0	1	13
A_MP	514	2	N	0	0	2	21
A_MP	515	2	N	0	0	2	19.5
A_MP	516	2	N	0	0	2	18
A_MP	517	2	N	0	0	1	8
A_MP	518	2	N	0	0	1	27
A_MP	519	2	N	0	0	2	15.5
A_MP	520	2	N	0	0	2	16.5
A_MP	521	2	N	0	0	2	13
A_MP	522	2	N	0	0	2	6.5
A_MP	523	2	N	0	0	2	7
A_MP	524	2	N	0	0	2	21.5
A_MP	525	2	N	0	0	2	21
A_MP	526	2	N	0	0	2	21.5
A_MP	527	2	N	0	0	2	22
A_MP	528	2	N	0	0	2	25.5
A_MP	529	2	N	0	0	2	22.5
A_MP	530	2	N	0	0	2	19.5
A_MP	531	2	N	0	0	2	17
A_MP	532	2	N	0	0	2	16
A_MP	533	2	N	0	0	2	18.5
A_MP	534	2	N	0	0	2	21
A_MP	535	2	N	0	0	2	22.5
A_MP	536	2	N	0	0	1	27
A_MP	537	2	N	0	0	2	17.5
A_MP	538	2	N	0	0	2	17.5
A_MP	539	2	N	0	0	2	16.5
A_MP	540	2	N	0	0	2	15.5
A_MP	541	2	N	0	0	2	16.5
A_MP	542	2	N	0	0	2	16.5
A_MP	543	2	N	0	0	2	17
A_MP	544	2	N	0	0	2	15
A_MP	545	2	N	0	0	2	17
A_MP	546	2	N	0	0	2	18.5
A_MP	547	2	N	0	0	2	19
A_MP	548	2	N	0	0	2	20.5
A_MP	549	2	N	0	0	2	21.5
A_MP	550	2	N	0	0	2	21.5
A_MP	551	2	N	0	0	2	21.5
A_MP	552	2	N	0	0	2	20
A_MP	553	2	N	0	0	2	20
A_MP	554	2	N	0	0	2	19.5
A_MP	555	2	N	0	0	2	19.5
A_MP	556	2	N	0	0	2	20.5
A_MP	557	2	N	0	0	2	23
A_MP	558	2	N	0	0	2	27
A_MP	559	2	N	0	0	2	24.5
A_MP	560	2	N	0	0	2	21.5
A_MP	561	2	N	0	0	2	15.5
A_MP	562	2	N	0	0	2	15
A_MP	563	2	N	0	0	2	18.5
A_MP	564	2	N	0	0	2	19
A_MP	565	2	N	0	0	2	15
A_MP	566	2	N	0	0	2	13
A_MP	567	2	N	0	0	2	15.5
A_MP	568	2	N	0	0	2	15.5
A_MP	569	2	N	0	0	2	17.5
A_MP	570	2	N	0	0	2	12.5
A_MP	571	2	N	0	0	2	19
A_MP	572	2	N	0	0	2	19.5
A_MP	573	2	N	0	0	2	17.5
A_MP	574	2	N	0	0	2	18.5
A_MP	575	2	N	0	0	2	18
A_MP	576	2	N	0	0	2	16
A_MP	577	2	N	0	0	2	14
A_MP	578	1	N	1	0	1	6
A_MP	579	2	N	0	0	2	8
A_MP	580	2	N	0	0	2	8.5
A_MP	581	2	N	0	0	2	10
A_MP	582	2	N	0	0	2	20
A_MP	583	2	N	0	0	2	25
A_MP	584	2	N	0	0	1	5
A_MP	585	2	N	0	0	1	4
A_MP	586	2	N	0	0	2	15
A_MP	587	1	N	1	0	1	3
A_MP	588	2	N	0	0	2	15
A_MP	589	2	N	0	0	2	15
A_MP	590	2	N	0	0	2	16.5
A_MP	591	2	N	0	0	2	18.5
A_MP	592	2	N	0	0	2	19
A_MP	593	2	N	0	0	2	19
A_MP	594	2	N	0	0	2	17.5
A_MP	595	2	N	0	0	2	18
A_MP	596	2	N	0	0	2	16
A_MP	597	2	N	0	0	2	17
A_MP	598	2	N	0	0	2	17
A_MP	599	2	N	0	0	1	29
A_MP	600	2	N	0	0	2	18
A_MP	601	2	N	0	0	2	17.5
A_MP	602	2	N	0	0	2	20.5
A_MP	603	1	N	1	0	1	32
A_MP	604	1	N	1	0	1	32
A_MP	605	2	N	0	0	2	17.5
A_MP	606	2	N	0	0	1	30
A_MP	607	2	N	0	0	2	20
A_MP	608	2	N	0	0	2	20
A_MP	609	2	N	0	0	2	19.5
A_MP	610	2	N	0	0	2	18.5
A_MP	611	2	N	0	0	2	18
A_MP	612	2	N	0	0	2	50
A_MP	613	2	N	0	0	2	50
A_MP	614	2	N	0	0	2	20.5
A_MP	615	2	N	0	0	2	20.5
A_MP	616	2	N	0	0	2	20
A_MP	617	2	N	0	0	2	19
A_MP	618	2	N	0	0	2	17
A_MP	619	2	N	0	0	1	8
A_MP	620	2	N	0	0	2	17
A_MP	621	2	N	0	0	2	17.5
A_MP	622	2	N	0	0	2	17.5
A_MP	623	2	N	0	0	2	17.5
A_MP	624	2	N	0	0	2	21
A_MP	625	2	N	0	0	2	19.5
A_MP	626	2	N	0	0	2	25.5
A_MP	627	2	N	0	0	1	30
A_MP	628	2	N	0	0	1	30
A_MP	629	2	N	0	0	2	20
A_MP	630	2	N	0	0	2	19.5
A_MP	631	2	N	0	0	2	19.5
A_MP	632	2	N	0	0	2	16.5
A_MP	633	2	N	0	0	2	15
A_MP	634	2	N	0	0	2	14
A_MP	635	2	N	0	0	2	14
A_MP	636	2	N	0	0	2	13.5
A_MP	637	2	N	0	0	2	11.5
A_MP	638	2	N	0	0	2	11.5
A_MP	639	2	N	0	0	2	13
A_MP	640	2	N	0	0	2	12.5
A_MP	641	2	N	0	0	2	11.5
A_MP	642	2	N	0	0	2	12.5
A_MP	643	2	N	0	0	2	12
A_MP	644	2	N	0	0	2	11
A_MP	645	2	N	0	0	2	11
A_MP	646	2	N	0	0	2	13.5
A_MP	647	2	N	0	0	2	14.5
A_MP	648	2	N	0	0	2	19.5
A_MP	649	2	N	0	0	2	16
A_MP	650	2	N	0	0	2	15.5
A_MP	651	2	N	0	0	2	21
A_MP	652	2	N	0	0	2	20.5
A_MP	653	2	N	0	0	2	22.5
A_MP	654	2	N	0	0	1	20
A_MP	655	2	N	0	0	2	26.5
A_MP	656	2	N	0	0	2	25.5
A_MP	657	2	N	0	0	1	9
A_MP	658	2	N	0	0	2	11
A_MP	659	2	N	0	0	2	11
A_MP	660	2	N	0	0	2	10.5
A_MP	661	2	N	0	0	2	9.5
A_MP	662	2	N	0	0	2	10.5
A_MP	663	2	N	0	0	2	15
A_MP	664	2	N	0	0	2	15.5
A_MP	665	2	N	0	0	1	26
A_MP	666	2	N	0	0	2	17.5
A_MP	667	2	N	0	0	2	17.5
A_MP	668	2	N	0	0	1	30
A_MP	669	2	N	0	0	2	15.5
A_MP	670	1	N	1	0	1	25
A_MP	671	2	N	0	0	2	15
A_MP	672	2	N	0	0	2	15
A_MP	673	2	N	0	0	2	16.5
A_MP	674	2	N	0	0	2	18.5
A_MP	675	2	N	0	0	2	18
A_MP	676	2	N	0	0	2	18.5
A_MP	677	2	N	0	0	2	19
A_MP	678	2	N	0	0	2	20.5
A_MP	679	1	N	1	0	1	34
A_MP	680	2	N	0	0	2	14.5
A_MP	681	2	N	0	0	1	19
A_MP	682	2	N	0	0	2	11
A_MP	683	2	N	0	0	2	11.5
A_MP	684	2	N	0	0	2	14.5
A_MP	685	2	N	0	0	2	20.5
A_MP	686	2	N	0	0	1	19
A_MP	687	2	N	0	0	2	24
A_MP	688	2	N	0	0	2	19.5
A_MP	689	2	N	0	0	2	19
A_MP	690	2	N	0	0	2	18
A_MP	691	2	N	0	0	2	17.5
A_MP	692	2	N	0	0	2	18.5
A_MP	693	2	N	0	0	2	18.5
A_MP	694	2	N	0	0	2	21.5
A_MP	695	2	N	0	0	2	25
A_MP	696	2	N	0	0	2	21.5
A_MP	697	2	N	0	0	2	20.5
A_MP	698	2	N	0	0	2	21.5
A_MP	699	2	N	0	0	2	24.5
A_MP	700	2	N	0	0	2	20
A_MP	701	2	N	0	0	2	16.5
A_MP	702	2	N	0	0	2	13.5
A_MP	703	2	N	0	0	2	21
A_MP	704	2	N	0	0	2	21
A_MP	705	2	N	0	0	2	27.5
A_MP	706	2	N	0	0	2	28.5
A_MP	707	2	N	0	0	2	28
A_MP	708	2	N	0	0	2	30
A_MP	709	2	N	0	0	2	32
A_MP	710	2	N	0	0	2	22
A_MP	711	2	N	0	0	2	21.5
A_MP	712	2	N	0	0	1	8
A_MP	713	2	N	0	0	1	8
A_MP	714	2	N	0	0	2	15.5
A_MP	715	2	N	0	0	2	8
A_MP	716	2	N	0	0	2	8
A_MP	717	2	N	0	0	2	8.5
A_MP	718	2	N	0	0	2	11.5
A_MP	719	2	N	0	0	2	12
A_MP	720	2	N	0	0	2	16.5
A_MP	721	1	N	1	0	1	23
A_MP	722	1	N	1	0	1	23
A_MP	723	2	N	0	0	2	20
A_MP	724	2	N	0	0	2	19.5
A_MP	725	2	N	0	0	2	17
A_MP	726	2	N	0	0	2	20.5
A_MP	727	2	N	0	0	2	19
A_MP	728	2	N	0	0	2	19.5
A_MP	729	2	N	0	0	2	20.5
A_MP	730	2	N	0	0	2	21
A_MP	731	2	N	0	0	2	20
A_MP	732	2	N	0	0	2	19.5
A_MP	733	2	N	0	0	2	17.5
A_MP	734	2	N	0	0	2	17.5
A_MP	735	2	N	0	0	2	10.5
A_MP	736	2	N	0	0	2	8
A_MP	737	2	N	0	0	2	9
A_MP	738	2	N	0	0	2	15
A_MP	739	2	N	0	0	2	15.5
A_MP	740	2	N	0	0	2	15
A_MP	741	2	N	0	0	2	13.5
A_MP	742	2	N	0	0	2	14
A_MP	743	2	N	0	0	2	17.5
A_MP	744	2	N	0	0	2	20.5
A_MP	745	2	N	0	0	1	26
A_MP	746	2	N	0	0	2	18.5
A_MP	747	2	N	0	0	2	18
A_MP	748	2	N	0	0	2	17.5
A_MP	749	2	N	0	0	2	18
A_MP	750	2	N	0	0	2	19.5
A_MP	751	2	N	0	0	2	21.5
A_MP	752	2	N	0	0	2	18.5
A_MP	753	2	N	0	0	2	17.5
A_MP	754	2	N	0	0	2	17
A_MP	755	2	N	0	0	1	28
A_MP	756	2	N	0	0	2	18.5
A_MP	757	2	N	0	0	2	18
A_MP	758	2	N	0	0	2	20.5
A_MP	759	2	N	0	0	2	18.5
A_MP	760	2	N	0	0	2	19.5
A_MP	761	1	N	1	0	1	27
A_MP	762	1	N	1	0	1	19
A_MP	763	2	N	0	0	2	15
A_MP	764	2	N	0	0	2	14
A_MP	765	2	N	0	0	2	13.5
A_MP	766	2	N	0	0	1	31
A_MP	767	2	N	0	0	2	19
A_MP	768	2	N	0	0	1	5
A_MP	769	2	N	0	0	2	12.5
A_MP	770	2	N	0	0	2	14.5
A_MP	771	2	N	0	0	2	14.5
A_MP	772	2	N	0	0	2	14.5
A_MP	773	2	N	0	0	2	12.5
A_MP	774	2	N	0	0	2	9.5
A_MP	775	2	N	0	0	2	7
A_MP	776	2	N	0	0	2	5
A_MP	777	1	N	1	0	1	6
A_MP	778	2	N	0	0	2	6
A_MP	779	2	N	0	0	2	13
A_MP	780	2	N	0	0	1	18
A_MP	781	2	N	0	0	2	12.5
A_MP	782	2	N	0	0	2	13
A_MP	783	2	N	0	0	2	14
A_MP	784	2	N	0	0	2	14
A_MP	785	2	N	0	0	1	23
A_MP	786	2	N	0	0	2	16.5
A_MP	787	2	N	0	0	2	15.5
A_MP	788	2	N	0	0	2	16
A_MP	789	2	N	0	0	2	20
A_MP	790	2	N	0	0	2	21.5
A_MP	791	2	N	0	0	2	29.5
A_MP	792	2	N	0	0	2	25
A_MP	793	2	N	0	0	2	24
A_MP	794	2	N	0	0	2	21
A_MP	795	2	N	0	0	2	50
A_MP	796	2	N	0	0	2	9
A_MP	797	2	N	0	0	2	7.5
A_MP	798	2	N	0	0	2	8
A_MP	799	2	N	0	0	2	8.5
A_MP	800	2	N	0	0	2	8.5
A_MP	801	2	N	0	0	2	11
A_MP	802	2	N	0	0	2	11
A_MP	803	2	N	0	0	2	10
A_MP	804	2	N	0	0	2	12.5
A_MP	805	2	N	0	0	2	13
A_MP	806	2	N	0	0	2	14
A_MP	807	2	N	0	0	2	22.5
A_MP	808	2	N	0	0	2	24.5
A_MP	809	2	N	0	0	2	23
A_MP	810	2	N	0	0	2	22
A_MP	811	2	N	0	0	2	20
A_MP	812	2	N	0	0	2	23.5
A_MP	813	2	N	0	0	2	24.5
A_MP	814	2	N	0	0	2	22
A_MP	815	2	N	0	0	2	18.5
A_MP	816	2	N	0	0	2	18.5
A_MP	817	2	N	0	0	2	16.5
A_MP	818	2	N	0	0	2	15
A_MP	819	2	N	0	0	2	15
A_MP	820	2	N	0	0	2	16
A_MP	821	2	N	0	0	2	16
A_MP	822	2	N	0	0	2	20.5
A_MP	823	2	N	0	0	2	22.5
A_MP	824	1	N	1	0	1	29
A_MP	825	2	N	0	0	2	24.5
A_MP	826	2	N	0	0	2	28.5
A_MP	827	2	N	0	0	2	31.5
A_MP	828	2	N	0	0	2	33
A_MP	829	2	N	0	0	2	31.5
A_MP	830	2	N	0	0	2	29
A_MP	831	2	N	0	0	2	28
A_MP	832	2	N	0	0	2	21
A_MP	833	2	N	0	0	2	20.5
A_MP	834	2	N	0	0	2	20.5
A_MP	835	2	N	0	0	2	19.5
A_MP	836	2	N	0	0	1	27
A_MP	837	2	N	0	0	2	17.5
A_MP	838	2	N	0	0	2	18
A_MP	839	2	N	0	0	2	19
A_MP	840	2	N	0	0	2	27
A_MP	841	2	N	0	0	2	25.5
A_MP	842	2	N	0	0	2	27
A_MP	843	2	N	0	0	2	28.5
A_MP	844	2	N	0	0	2	28
A_MP	845	2	N	0	0	2	21.5
A_MP	846	2	N	0	0	2	20.5
A_MP	847	2	N	0	0	2	22
A_MP	848	2	N	0	0	2	20.5
A_MP	849	2	N	0	0	2	21.5
A_MP	850	2	N	0	0	2	23
A_MP	851	2	N	0	0	2	26
A_MP	852	2	N	0	0	2	18.5
A_MP	853	2	N	0	0	2	19.5
A_MP	854	2	N	0	0	2	22.5
A_MP	855	2	N	0	0	2	22
A_MP	856	2	N	0	0	2	24
A_MP	857	2	N	0	0	2	17
A_MP	858	2	N	0	0	2	16.5
A_MP	859	2	N	0	0	2	16
A_MP	860	2	N	0	0	2	16.5
A_MP	861	2	N	0	0	2	21
A_MP	862	2	N	0	0	2	23
A_MP	863	2	N	0	0	2	25.5
A_MP	864	2	N	0	0	2	21
A_MP	865	2	N	0	0	2	18
A_MP	866	2	N	0	0	2	22
A_MP	867	2	N	0	0	2	23
A_MP	868	2	N	0	0	2	25
A_MP	869	1	N	1	0	1	22
A_MP	870	2	N	0	0	2	19.5
A_MP	871	1	N	1	0	1	19
A_MP	872	2	N	0	0	2	17
A_MP	873	2	N	0	0	2	18.5
A_MP	874	2	N	0	0	2	18.5
A_MP	875	2	N	0	0	2	23
A_MP	876	2	N	0	0	2	22
A_MP	877	2	N	0	0	2	22.5
A_MP	878	2	N	0	0	2	25
A_MP	879	2	N	0	0	2	21
A_MP	880	2	N	0	0	2	20
A_MP	881	2	N	0	0	2	20
A_MP	882	2	N	0	0	2	19
A_MP	883	2	N	0	0	2	18
A_MP	884	2	N	0	0	2	19
A_MP	885	2	N	0	0	2	22
A_MP	886	2	N	0	0	2	17.5
A_MP	887	2	N	0	0	2	18.5
A_MP	888	2	N	0	0	2	16
A_MP	889	2	N	0	0	2	15.5
A_MP	890	2	N	0	0	2	14.5
A_MP	891	2	N	0	0	2	17
A_MP	892	2	N	0	0	2	19.5
A_MP	893	2	N	0	0	2	17.5
A_MP	894	2	N	0	0	2	17.5
A_MP	895	2	N	0	0	2	17.5
A_MP	896	2	N	0	0	2	17.5
A_MP	897	2	N	0	0	2	17.5
A_MP	898	2	N	0	0	2	19
A_MP	899	2	N	0	0	2	22
A_MP	900	2	N	0	0	2	17.5
A_MP	901	2	N	0	0	1	23
A_MP	902	2	N	0	0	2	14
A_MP	903	2	N	0	0	1	23
A_MP	904	2	N	0	0	2	16
A_MP	905	2	N	0	0	1	4
A_MP	906	2	N	0	0	2	17.5
A_MP	907	2	N	0	0	2	19
A_MP	908	2	N	0	0	2	18
A_MP	909	2	N	0	0	2	18
A_MP	910	2	N	0	0	2	15
A_MP	911	2	N	0	0	2	11
A_MP	912	2	N	0	0	2	10
A_MP	913	2	N	0	0	2	11
A_MP	914	2	N	0	0	2	12
A_MP	915	2	N	0	0	2	22.5
A_MP	916	2	N	0	0	2	25
A_MP	917	2	N	0	0	2	25
A_MP	918	2	N	0	0	2	17
A_MP	919	2	N	0	0	2	17
A_MP	920	2	N	0	0	2	17
A_MP	921	2	N	0	0	2	17
A_MP	922	2	N	0	0	2	20.5
A_MP	923	2	N	0	0	2	18.5
A_MP	924	2	N	0	0	2	19.5
A_MP	925	2	N	0	0	2	19
A_MP	926	2	N	0	0	2	17
A_MP	927	2	N	0	0	2	15.5
A_MP	928	2	N	0	0	2	14
A_MP	929	1	N	1	0	1	21
A_MP	930	1	N	1	0	1	22
A_MP	931	2	N	0	0	2	14
A_MP	932	2	N	0	0	2	16
A_MP	933	2	N	0	0	2	16.5
A_MP	934	2	N	0	0	2	17.5
A_MP	935	2	N	0	0	2	17.5
A_MP	936	2	N	0	0	2	16.5
A_MP	937	2	N	0	0	2	17
A_MP	938	2	N	0	0	2	19
A_MP	939	2	N	0	0	2	20
A_MP	940	2	N	0	0	2	19.5
A_MP	941	2	N	0	0	2	19.5
A_MP	942	2	N	0	0	2	20.5
A_MP	943	2	N	0	0	2	21.5
A_MP	944	2	N	0	0	2	20
A_MP	945	2	N	0	0	2	18.5
A_MP	946	2	N	0	0	1	3
A_MP	947	2	N	0	0	2	13.5
A_MP	948	2	N	0	0	1	24
A_MP	949	2	N	0	0	2	15.5
A_MP	950	2	N	0	0	2	17
A_MP	951	2	N	0	0	2	17.5
A_MP	952	1	N	1	0	1	10
A_MP	953	1	N	1	0	1	9
A_MP	954	2	N	0	0	1	27
A_MP	955	2	N	0	0	2	18
A_MP	956	2	N	0	0	2	19
A_MP	957	2	N	0	0	2	20.5
A_MP	958	2	N	0	0	1	28
A_MP	959	2	N	0	0	2	22.5
A_MP	960	2	N	0	0	2	23
A_MP	961	2	N	0	0	2	24
A_MP	962	2	N	0	0	2	25.5
A_MP	963	2	N	0	0	2	24.5
A_MP	964	2	N	0	0	2	24
A_MP	965	2	N	0	0	2	19.5
A_MP	966	2	N	0	0	2	18.5
A_MP	967	2	N	0	0	2	16.5
A_MP	968	2	N	0	0	2	16.5
A_MP	969	2	N	0	0	2	20.5
A_MP	970	2	N	0	0	2	18.5
A_MP	971	2	N	0	0	2	20.5
A_MP	972	2	N	0	0	2	20
A_MP	973	2	N	0	0	2	19
A_MP	974	2	N	0	0	1	33
A_MP	975	2	N	0	0	2	53
A_MP	976	2	N	0	0	2	22
A_MP	977	2	N	0	0	2	19
A_MP	978	2	N	0	0	2	19
A_MP	979	2	N	0	0	2	21.5
A_MP	980	2	N	0	0	2	24
A_MP	981	2	N	0	0	2	24
