Reference_Name	Position	Coverage Depth	Consensus	Deletions	Ambiguous	Consensus_Count	Consensus_Average_Quality
B_HA	1	3868	A	0	0	3868	32.4014994829369
B_HA	2	3891	T	0	0	3891	27.443844769982
B_HA	3	3966	G	0	0	3958	21.0770591207681
B_HA	4	3998	A	0	0	3990	20.7137844611529
B_HA	5	4128	A	11	0	4105	18.7795371498173
B_HA	6	4112	G	48	0	4078	18.6844041196665
B_HA	7	4191	G	4	0	4136	18.9750967117988
B_HA	8	4227	C	14	0	4189	18.1967056576749
B_HA	9	4233	A	55	0	4210	18.4266033254157
B_HA	10	4258	A	34	0	4204	20.5934823977165
B_HA	11	4280	T	34	0	4197	21.6566595187038
B_HA	12	4267	A	62	0	4220	23.3841232227488
B_HA	13	4301	A	32	0	4240	21.7714622641509
B_HA	14	4302	T	34	0	4224	22.5795454545455
B_HA	15	4287	T	57	0	4259	24.7605071613055
B_HA	16	4293	G	53	0	4222	21.9225485551871
B_HA	17	4293	T	56	0	4203	22.0580537711159
B_HA	18	4286	A	65	0	4136	20.2802224371373
B_HA	19	4306	C	46	0	4219	19.3771035790472
B_HA	20	4288	T	65	0	4236	19.7152974504249
B_HA	21	4288	A	65	0	4177	19.3708403160163
B_HA	22	4310	C	49	0	4277	20.5616086041618
B_HA	23	4295	T	65	0	4241	20.9568497995756
B_HA	24	4285	C	76	0	4215	21.8317912218268
B_HA	25	4302	A	60	0	4183	20.8675591680612
B_HA	26	4321	T	43	0	4286	20.3406439570695
B_HA	27	4298	G	66	0	4081	18.3440333251654
B_HA	28	4287	G	78	0	4229	16.6389217309057
B_HA	29	4302	T	63	0	4240	17.572641509434
B_HA	30	4284	A	81	0	4152	18.0565992292871
B_HA	31	4339	G	26	0	4242	18.4481376709099
B_HA	32	4321	T	44	0	4246	18.5176636834668
B_HA	33	4298	A	67	0	4232	19.8383742911153
B_HA	34	4316	A	50	0	4183	20.6442744441788
B_HA	35	4327	C	40	0	4233	21.8169147176943
B_HA	36	4337	A	31	0	4305	22.1121951219512
B_HA	37	4332	T	36	0	4297	22.5385152431929
B_HA	38	3917	C	451	0	3876	23.6468008255934
B_HA	39	4308	C	61	0	4245	18.5818610129564
B_HA	40	4297	A	73	0	4280	16.7616822429907
B_HA	41	4322	A	48	0	4260	17.7077464788732
B_HA	42	4331	T	40	0	4294	20.5088495575221
B_HA	43	4297	G	74	0	4031	18.8876209377326
B_HA	44	4278	C	95	0	4187	17.739670408407
B_HA	45	4302	A	72	0	4148	16.1277724204436
B_HA	46	4349	G	25	0	4174	14.599664590321
B_HA	47	4330	A	44	0	4264	16.6782363977486
B_HA	48	4346	T	28	0	4295	18.9401629802095
B_HA	49	4294	C	80	0	4220	18.3552132701422
B_HA	50	4232	G	142	0	3778	14.4595023822128
B_HA	51	4332	A	42	0	3946	14.2313735428282
B_HA	52	4325	A	49	0	4178	14.6151268549545
B_HA	53	4312	T	62	0	4273	15.2557921834777
B_HA	54	4263	C	111	0	4241	17.0511671775525
B_HA	55	4286	T	89	0	4259	22.6128199107772
B_HA	56	4247	G	128	0	4073	21.4026516081512
B_HA	57	4243	C	132	0	4215	21.1150652431791
B_HA	58	4263	A	113	0	4235	20.5579693034238
B_HA	59	4339	C	38	0	4311	19.8849454882858
B_HA	60	4255	T	122	0	4191	20.8255786208542
B_HA	61	4208	G	171	0	3906	19.97363031234
B_HA	62	4307	G	73	0	4193	18.8242308609587
B_HA	63	4360	G	20	0	4299	17.9004419632473
B_HA	64	4348	A	32	0	4305	18.994425087108
B_HA	65	4355	T	25	0	4263	19.9765423410744
B_HA	66	4302	A	78	0	4224	21.1223958333333
B_HA	67	4349	A	31	0	4073	18.5271298796956
B_HA	68	4348	C	32	0	4259	17.9091335994365
B_HA	69	4361	A	19	0	4321	17.8896088868318
B_HA	70	4329	T	51	0	4311	18.5708652284853
B_HA	71	4330	C	50	0	4274	20.8165652784277
B_HA	72	4307	G	73	0	4021	17.5533449390699
B_HA	73	4354	T	26	0	4313	17.3201947600278
B_HA	74	4356	C	24	0	4314	18.1223922114047
B_HA	75	4332	A	48	0	4295	17.5487776484284
B_HA	76	4362	A	18	0	4327	21.041368153455
B_HA	77	4364	A	16	0	4237	21.801038470616
B_HA	78	4350	C	30	0	4324	21.7208603145236
B_HA	79	4355	T	25	0	4322	21.8415085608515
B_HA	80	4243	C	137	0	4209	22.3425991922072
B_HA	81	4245	A	135	0	4200	23.087619047619
B_HA	82	4275	C	105	0	4219	22.487082246978
B_HA	83	4149	C	231	0	4008	22.1022954091816
B_HA	84	4099	A	281	0	4050	20.4627160493827
B_HA	85	4354	C	26	0	4314	19.512749188688
B_HA	86	4331	A	49	0	4304	20.4435408921933
B_HA	87	4331	T	49	0	4303	20.5933069951197
B_HA	88	4326	G	54	0	4250	22.7214117647059
B_HA	89	4349	T	31	0	4310	22.768445475638
B_HA	90	4327	C	53	0	4266	20.4467885607126
B_HA	91	4342	G	38	0	3919	16.4886450625159
B_HA	92	4357	T	23	0	4332	16.441135734072
B_HA	93	4323	C	57	0	4225	17.4513609467456
B_HA	94	4221	A	159	0	4150	17.7349397590361
B_HA	95	4342	A	38	0	4314	21.9547983310153
B_HA	96	4361	A	19	0	4324	23.2460684551341
B_HA	97	4352	A	28	0	4201	25.7526779338253
B_HA	98	4338	C	42	0	4321	24.3334876186068
B_HA	99	4334	T	46	0	4298	23.8706375058167
B_HA	100	4340	G	40	0	4253	22.7923818481072
B_HA	101	4341	C	39	0	4298	22.3829688227082
B_HA	102	4300	T	80	0	4242	22.3059877416313
B_HA	103	4300	A	80	0	4190	20.5334128878282
B_HA	104	4320	C	60	0	4282	20.3418963101354
B_HA	105	4306	T	74	0	4276	20.772450888681
B_HA	106	4332	C	48	0	4255	22.0195064629847
B_HA	107	4215	A	165	0	4133	19.3024437454633
B_HA	108	4080	A	300	0	4048	17.0195158102767
B_HA	109	2489	G	1891	0	2264	13.8666077738516
B_HA	110	3971	G	409	0	3906	15.3172043010753
B_HA	111	4236	G	145	0	4190	16.8248210023866
B_HA	112	4235	G	146	0	4165	17.2753901560624
B_HA	113	4246	A	135	0	4177	18.3677280344745
B_HA	114	4282	G	99	0	4008	19.2684630738523
B_HA	115	4359	G	22	0	4265	18.6651817116061
B_HA	116	4354	T	27	0	4279	16.8611825192802
B_HA	117	4346	C	35	0	4291	19.8599394080634
B_HA	118	4335	A	46	0	4307	21.5145112607383
B_HA	119	4338	A	43	0	4271	21.2411613205338
B_HA	120	4288	T	93	0	4256	23.7976973684211
B_HA	121	4309	G	72	0	4222	23.7586451918522
B_HA	122	4354	T	27	0	4275	22.8140350877193
B_HA	123	4356	G	25	0	4290	22.4664335664336
B_HA	124	4358	A	23	0	4239	22.035149799481
B_HA	125	4350	C	31	0	4279	22.5835475578406
B_HA	126	4284	T	97	0	4200	20.8633333333333
B_HA	127	4251	G	130	0	4073	19.9327277191259
B_HA	128	4285	G	96	0	4168	18.6597888675624
B_HA	129	4334	T	47	0	4281	18.7519271198318
B_HA	130	4342	G	39	0	4231	19.1250295438431
B_HA	131	4343	T	38	0	4254	20.6450399623883
B_HA	132	4246	A	135	0	4194	21.8242727706247
B_HA	133	4314	A	67	0	4220	20.8895734597156
B_HA	134	4320	T	59	0	4264	21.8020637898687
B_HA	135	4288	A	91	0	4145	20.4564535585042
B_HA	136	4197	C	181	0	4148	19.3857280617165
B_HA	137	4275	C	103	0	4200	18.4635714285714
B_HA	138	4306	A	72	0	4182	17.434481109517
B_HA	139	4264	C	114	0	4240	18.5933962264151
B_HA	140	4154	T	223	0	3941	18.2578025881756
B_HA	141	4272	G	105	0	4088	18.1303816046967
B_HA	142	4140	A	237	0	3970	19.3989924433249
B_HA	143	4230	C	147	0	4147	19.139619001688
B_HA	144	4217	A	160	0	4181	19.0669696244917
B_HA	145	4323	A	54	0	4083	16.4807739407299
B_HA	146	4342	C	35	0	4259	16.6539093683963
B_HA	147	4317	A	60	0	4276	16.9104303086997
B_HA	148	4315	A	62	0	4179	16.1165350562335
B_HA	149	4306	C	71	0	4263	19.1262022050199
B_HA	150	4309	A	68	0	4250	19.8181176470588
B_HA	151	3691	C	685	0	3638	19.7982407916438
B_HA	152	4242	C	134	0	4181	20.8249222674001
B_HA	153	4107	C	269	0	4014	18.133283507723
B_HA	154	4051	A	325	0	3957	17.0320950214809
B_HA	155	4074	C	302	0	3762	19.0635300372142
B_HA	156	4338	C	38	0	4224	16.1588541666667
B_HA	157	4245	A	131	0	4212	15.5033238366572
B_HA	158	4316	A	60	0	4286	17.5954269715352
B_HA	159	4345	A	31	0	4264	21.8466228893058
B_HA	160	4314	T	62	0	4282	23.2942550210182
B_HA	161	4319	C	57	0	4297	24.8571096113568
B_HA	162	4348	T	28	0	4322	23.9416936603424
B_HA	163	4339	C	37	0	4321	25.4549872714649
B_HA	164	4325	A	51	0	4284	24.0410830999066
B_HA	165	3942	T	434	0	3886	25.109881626351
B_HA	166	4300	T	76	0	4282	26.6966370854741
B_HA	167	4356	T	19	0	4325	26.4989595375723
B_HA	168	4343	T	32	0	4313	25.7080918154417
B_HA	169	4287	G	88	0	4087	20.672131147541
B_HA	170	4313	C	62	0	4249	19.3975052953636
B_HA	171	4282	A	93	0	4263	18.7025568848229
B_HA	172	4355	A	20	0	4323	19.0744853111265
B_HA	173	4348	A	27	0	4295	24.745983701979
B_HA	174	4326	T	49	0	4301	25.9751220646361
B_HA	175	4327	C	48	0	4310	26.2262180974478
B_HA	176	4344	T	31	0	4312	24.1846011131725
B_HA	177	4330	C	45	0	4294	24.7925011644155
B_HA	178	4002	A	373	0	3970	22.0488664987406
B_HA	179	4296	A	79	0	4262	22.6970905678085
B_HA	180	4298	A	76	0	4253	19.5972254878909
B_HA	181	4273	G	101	0	4198	21.4130538351596
B_HA	182	4315	G	59	0	4284	21.109943977591
B_HA	183	4299	A	75	0	4238	19.9381783860311
B_HA	184	4353	A	21	0	4288	21.4148787313433
B_HA	185	4353	C	21	0	4318	21.581056044465
B_HA	186	4252	A	122	0	4171	19.4147686406138
B_HA	187	4325	G	49	0	4256	18.2398966165414
B_HA	188	4331	A	43	0	4303	18.1438531257262
B_HA	189	4354	A	20	0	4320	20.5613425925926
B_HA	190	4356	A	18	0	4271	24.9079840786701
B_HA	191	4325	C	49	0	4271	22.9723718098806
B_HA	192	4256	C	118	0	4202	21.2237029985721
B_HA	193	3850	A	524	0	3734	15.3307445099089
B_HA	194	1782	G	2591	0	1606	15.7571606475716
B_HA	195	2848	G	1525	0	2734	13.7900512070227
B_HA	196	3237	G	1136	0	3114	13.6560693641618
B_HA	197	4100	G	272	0	4056	13.6992110453649
B_HA	198	4297	G	74	0	4267	13.1352238106398
B_HA	199	4295	A	76	0	4280	12.721261682243
B_HA	200	4343	A	28	0	4321	13.1029854200417
B_HA	201	4329	A	42	0	4245	15.8103651354535
B_HA	202	4334	C	37	0	4296	17.9681098696462
B_HA	203	4252	T	119	0	4199	21.4155751369374
B_HA	204	4319	A	52	0	4204	20.7226450999049
B_HA	205	4317	T	54	0	4288	20.9435634328358
B_HA	206	4280	G	91	0	4004	18.0187312687313
B_HA	207	4202	C	169	0	4147	17.3479623824451
B_HA	208	4273	C	98	0	4190	17.2923627684964
B_HA	209	4293	C	78	0	4144	17.1310328185328
B_HA	210	4012	A	359	0	3939	20.8060421426758
B_HA	211	4305	A	66	0	4278	21.400654511454
B_HA	212	4346	A	25	0	4325	22.3606936416185
B_HA	213	4343	A	26	0	4313	25.5763969394853
B_HA	214	4336	T	33	0	4316	25.0194624652456
B_HA	215	4320	G	49	0	4207	21.5262657475636
B_HA	216	4229	C	140	0	4196	20.3877502383222
B_HA	217	4336	C	32	0	4288	18.3127332089552
B_HA	218	4314	T	53	0	4249	15.8126618027771
B_HA	219	4291	A	76	0	4242	21.2340876944837
B_HA	220	4339	A	28	0	4305	22.3484320557491
B_HA	221	4336	A	30	0	4135	20.0372430471584
B_HA	222	4322	C	44	0	4300	19.1686046511628
B_HA	223	4309	T	57	0	4286	19.0282314512366
B_HA	224	4282	G	83	0	4193	18.3427140472216
B_HA	225	4021	C	345	0	3992	21.7610220440882
B_HA	226	4039	A	327	0	3854	20.4862480539699
B_HA	227	4320	C	46	0	4137	19.6990572878898
B_HA	228	4332	A	35	0	4210	18.9087885985748
B_HA	229	4205	G	162	0	4115	17.947752126367
B_HA	230	4343	A	24	0	4300	19.5218604651163
B_HA	231	4328	T	39	0	4313	20.158822165546
B_HA	232	4334	C	33	0	4304	20.1798327137546
B_HA	233	4330	T	37	0	4276	23.5254911131899
B_HA	234	4325	A	42	0	4242	22.3458274398868
B_HA	235	4353	G	14	0	4316	21.8100092678406
B_HA	236	4321	A	46	0	4285	22.5635939323221
B_HA	237	4324	T	42	0	4297	24.0386316034443
B_HA	238	4323	G	43	0	4239	23.4416135881104
B_HA	239	4299	T	67	0	4183	22.1016017212527
B_HA	240	4273	A	93	0	4028	18.601539225422
B_HA	241	4305	G	61	0	4226	17.2349739706578
B_HA	242	4299	C	67	0	4248	17.6610169491525
B_HA	243	4294	C	72	0	4236	17.9969310670444
B_HA	244	4254	T	112	0	4167	20.2716582673386
B_HA	245	4298	T	68	0	4234	22.4322153991497
B_HA	246	4277	G	88	0	4078	20.4512015693968
B_HA	247	4328	G	37	0	4250	19.0816470588235
B_HA	248	4334	G	31	0	4276	18.1854536950421
B_HA	249	4321	C	43	0	4242	18.3922677982084
B_HA	250	4306	A	58	0	4004	17.202047952048
B_HA	251	4338	G	26	0	4075	16.3830674846626
B_HA	252	4319	A	45	0	4243	16.7685599811454
B_HA	253	4178	C	186	0	4092	17.450146627566
B_HA	254	4337	C	27	0	4251	16.4281345565749
B_HA	255	4060	A	304	0	3994	19.0390585878818
B_HA	256	4316	A	48	0	4294	21.220540288775
B_HA	257	4339	A	25	0	4308	25.7950324976787
B_HA	258	4336	A	28	0	4290	28.9710955710956
B_HA	259	4324	T	39	0	4294	25.9827666511411
B_HA	260	4233	G	129	0	4036	22.2720515361744
B_HA	261	4158	C	204	0	4117	21.1617682778722
B_HA	262	4143	A	219	0	4014	19.1848530144494
B_HA	263	4173	C	189	0	3984	18.7996987951807
B_HA	264	4166	A	196	0	3982	18.6320944249121
B_HA	265	3158	G	1204	0	2937	15.943139257746
B_HA	266	4149	G	213	0	4103	15.4323665610529
B_HA	267	4062	G	300	0	3938	13.4101066531234
B_HA	268	4005	A	357	0	3922	13.7442631310556
B_HA	269	4274	A	88	0	4224	18.7542613636364
B_HA	270	4324	A	38	0	4287	21.3447632376954
B_HA	271	4311	A	51	0	4258	21.6547674964772
B_HA	272	4306	T	56	0	4208	24.5983840304183
B_HA	273	4310	A	51	0	4205	21.5360285374554
B_HA	274	4043	C	318	0	3987	21.0566842237271
B_HA	275	4328	C	33	0	4265	19.7887456037515
B_HA	276	4245	C	115	0	4199	18.3488925934746
B_HA	277	4229	T	131	0	4163	20.2964208503483
B_HA	278	4335	C	25	0	4321	21.5065956954409
B_HA	279	4285	T	75	0	4244	23.6569274269557
B_HA	280	4300	G	60	0	4066	20.7156910969011
B_HA	281	4312	C	48	0	4269	20.405715624268
B_HA	282	4223	A	137	0	4138	20.2573707104882
B_HA	283	4292	A	65	0	4183	18.7245995696868
B_HA	284	4095	G	259	0	3936	15.3399390243902
B_HA	285	4326	G	28	0	4235	17.3459268004723
B_HA	286	4317	G	36	0	4230	17.4541371158392
B_HA	287	4237	T	116	0	4154	16.6764564275397
B_HA	288	4321	T	31	0	4279	21.146529562982
B_HA	289	4329	T	22	0	4245	21.8702002355713
B_HA	290	4302	C	49	0	4262	23.0973721257626
B_HA	291	4263	A	86	0	4226	20.9983435873166
B_HA	292	4275	A	74	0	4193	19.779871213928
B_HA	293	4260	T	89	0	4153	23.7293522754635
B_HA	294	4289	A	57	0	4088	21.8324363992172
B_HA	295	4224	C	122	0	4200	19.9157142857143
B_HA	296	4232	T	113	0	4176	19.9628831417625
B_HA	297	4218	C	127	0	4164	20.7216618635927
B_HA	298	4272	C	73	0	4173	21.3005032350827
B_HA	299	4239	A	104	0	4185	19.2676224611708
B_HA	300	4212	T	131	0	4129	20.0913054008234
B_HA	301	4229	G	114	0	4111	19.5315008513744
B_HA	302	4276	A	67	0	4241	19.2581938222117
B_HA	303	4249	A	93	0	4212	18.6918328584995
B_HA	304	4257	G	85	0	4144	19.3532818532819
B_HA	305	4328	T	14	0	4292	20.2108574091333
B_HA	306	4320	C	22	0	4261	21.5719314714856
B_HA	307	4322	A	19	0	4152	17.778901734104
B_HA	308	4312	G	29	0	4206	17.7750832144555
B_HA	309	4303	A	34	0	4201	18.4848845512973
B_HA	310	4284	C	52	0	4257	18.7040169133192
B_HA	311	4312	C	20	0	4266	18.7461322081575
B_HA	312	4288	T	44	0	4239	21.5555555555556
B_HA	313	4293	G	38	0	4191	22.6230016702458
B_HA	314	4214	T	114	0	4152	23.2533718689788
B_HA	315	4294	T	27	0	4229	23.1224875857177
B_HA	316	4280	A	31	0	4174	21.7014853857211
B_HA	317	4274	C	32	0	4223	18.6881363959271
B_HA	318	4022	G	22	0	3858	16.9468636599274
B_HA	319	4017	T	27	0	3992	17.2337174348697
B_HA	320	4016	C	28	0	3986	18.3617661816357
B_HA	321	4004	T	39	0	3934	18.7252160650737
B_HA	322	3874	G	169	0	3664	19.3103165938865
B_HA	323	4014	G	29	0	3926	18.7215995924605
B_HA	324	4022	G	21	0	3931	17.1589926227423
B_HA	325	4017	T	26	0	3980	17.4761306532663
B_HA	326	3998	G	45	0	3952	19.5392206477733
B_HA	327	3988	C	55	0	3967	19.7501890597429
B_HA	328	3924	T	119	0	3889	21.7976343533042
B_HA	329	3896	T	147	0	3852	21.8130841121495
B_HA	330	3914	T	127	0	3857	23.747990666321
B_HA	331	3614	C	427	0	3585	25.2647140864714
B_HA	332	3955	C	85	0	3913	18.8809097878865
B_HA	333	3928	T	111	0	3874	16.3048528652556
B_HA	334	3925	A	112	0	3886	18.421513124035
B_HA	335	3975	T	61	0	3902	22.7831881086622
B_HA	336	3934	A	101	0	3892	23.7230215827338
B_HA	337	3993	A	42	0	3895	23.1068035943517
B_HA	338	3997	T	36	0	3958	23.1202627589692
B_HA	339	3989	G	44	0	3847	21.8276579152586
B_HA	340	3985	C	48	0	3951	20.8397873955961
B_HA	341	3987	A	45	0	3940	21.0312182741117
B_HA	342	3984	T	47	0	3953	20.8507462686567
B_HA	343	4003	G	28	0	3952	22.8828441295547
B_HA	344	4008	A	23	0	3958	23.455785750379
B_HA	345	4015	T	16	0	3984	24.7163654618474
B_HA	346	3957	A	74	0	3904	22.5368852459016
B_HA	347	4012	G	19	0	3955	19.4586599241467
B_HA	348	3993	A	37	0	3935	19.6320203303685
B_HA	349	4001	A	29	0	3939	20.2805280528053
B_HA	350	3991	C	39	0	3934	20.3810371123538
B_HA	351	3298	A	732	0	3237	22.4562866852023
B_HA	352	3976	A	54	0	3946	23.0337050177395
B_HA	353	4008	A	22	0	3944	23.2446754563895
B_HA	354	4015	A	15	0	3983	25.5287471754959
B_HA	355	4004	A	25	0	3933	24.4762267988813
B_HA	356	3983	T	44	0	3896	23.0526180698152
B_HA	357	4000	T	26	0	3942	24.8840690005074
B_HA	358	3958	A	68	0	3791	21.359271959905
B_HA	359	3981	G	43	0	3859	20.155998963462
B_HA	360	3964	A	60	0	3890	20.0480719794344
B_HA	361	3986	C	38	0	3928	19.7334521384929
B_HA	362	3978	A	46	0	3809	17.671829876608
B_HA	363	3957	G	67	0	3861	17.4037814037814
B_HA	364	3970	C	54	0	3945	17.8098859315589
B_HA	365	3953	T	69	0	3902	18.2919015889288
B_HA	366	3942	G	77	0	3821	19.5658204658466
B_HA	367	3616	C	403	0	3556	20.9468503937008
B_HA	368	3976	C	43	0	3922	17.5645079041305
B_HA	369	3970	T	47	0	3927	13.729055258467
B_HA	370	3964	A	52	0	3932	19.4575279755849
B_HA	371	3970	A	46	0	3888	21.752829218107
B_HA	372	3923	C	92	0	3891	22.2950398355179
B_HA	373	3947	C	68	0	3899	21.6381123364965
B_HA	374	3940	T	75	0	3912	20.8726993865031
B_HA	375	3943	T	72	0	3878	22.9948427024239
B_HA	376	3925	C	90	0	3890	25.1969151670951
B_HA	377	3967	T	48	0	3940	25.0418781725888
B_HA	378	3689	C	325	0	3670	24.5506811989101
B_HA	379	3926	C	82	0	3808	18.2515756302521
B_HA	380	3897	G	111	0	3792	15.3818565400844
B_HA	381	3935	A	73	0	3822	15.5800627943485
B_HA	382	3921	G	87	0	3888	16.7173353909465
B_HA	383	3980	G	28	0	3953	17.3551732861118
B_HA	384	3983	A	23	0	3946	17.8497212366954
B_HA	385	3987	T	19	0	3916	20.811797752809
B_HA	386	3943	A	63	0	3819	20.9766954700183
B_HA	387	3930	C	76	0	3845	19.6137841352406
B_HA	388	3963	G	42	0	3716	15.5737351991389
B_HA	389	3973	A	31	0	3716	15.7491926803014
B_HA	390	3995	A	9	0	3825	16.1411764705882
B_HA	391	3995	C	9	0	3941	17.1433646282669
B_HA	392	3984	A	19	0	3939	18.3528814419904
B_HA	393	3966	T	37	0	3939	22.5069814673775
B_HA	394	3960	G	43	0	3867	22.129299198345
B_HA	395	3979	T	24	0	3922	22.2733299337073
B_HA	396	3966	C	36	0	3922	22.6471188169301
B_HA	397	3962	A	40	0	3807	16.8305752561072
B_HA	398	3922	G	80	0	3777	15.7503309504898
B_HA	399	3984	G	18	0	3906	15.6513056835637
B_HA	400	3973	T	29	0	3931	16.343169676927
B_HA	401	3989	T	13	0	3948	18.8601823708207
B_HA	402	3984	A	16	0	3934	22.7061514997458
B_HA	403	3986	T	14	0	3941	25.3022075615326
B_HA	404	3977	C	23	0	3951	25.2439888635788
B_HA	405	3966	A	34	0	3935	21.1517153748412
B_HA	406	3975	A	23	0	3861	19.4977984977985
B_HA	407	3951	C	47	0	3928	21.4114052953157
B_HA	408	3954	T	44	0	3927	21.2895339954163
B_HA	409	3949	C	49	0	3917	21.1179474087312
B_HA	410	3924	A	74	0	3852	20.6817237798546
B_HA	411	3963	C	35	0	3913	20.3887043189369
B_HA	412	3950	A	48	0	3893	21.5091189314154
B_HA	413	3939	A	59	0	3692	18.7012459371614
B_HA	414	3919	C	79	0	3889	18.5448701465672
B_HA	415	3932	G	66	0	3712	17.7502693965517
B_HA	416	3978	T	20	0	3911	17.1886985425722
B_HA	417	3974	T	24	0	3958	19.9969681657403
B_HA	418	3973	A	23	0	3921	20.5286916602907
B_HA	419	3980	T	16	0	3934	26.2422470767666
B_HA	420	3944	C	50	0	3913	26.7301303347815
B_HA	421	3925	A	67	0	3906	22.4941116231439
B_HA	422	3930	A	62	0	3862	21.287933713102
B_HA	423	3931	T	60	0	3860	23.5380829015544
B_HA	424	3886	A	99	0	3735	21.9062918340027
B_HA	425	3881	C	104	0	3850	20.6945454545455
B_HA	426	3822	A	162	0	3746	18.7706887346503
B_HA	427	3926	G	56	0	3888	17.6332304526749
B_HA	428	3899	A	83	0	3861	18.995855995856
B_HA	429	3930	A	52	0	3896	19.8177618069815
B_HA	430	3911	G	70	0	3860	19.4401554404145
B_HA	431	3906	A	74	0	3856	23.1734958506224
B_HA	432	3920	T	57	0	3884	21.9606076210093
B_HA	433	3856	G	121	0	3774	21.5304716481187
B_HA	434	3648	C	329	0	3580	22.4527932960894
B_HA	435	3666	A	310	0	3581	19.1977101368333
B_HA	436	3788	C	188	0	3707	18.4399784192069
B_HA	437	3918	C	58	0	3822	18.2595499738357
B_HA	438	3829	A	145	0	3740	17.2048128342246
B_HA	439	3756	G	217	0	3729	16.6470903727541
B_HA	440	3827	G	146	0	3801	16.524861878453
B_HA	441	3891	A	80	0	3851	16.358348480914
B_HA	442	3908	G	63	0	3886	19.1927431806485
B_HA	443	3927	G	44	0	3904	18.7935450819672
B_HA	444	3912	A	59	0	3871	17.1836734693878
B_HA	445	3660	C	310	0	3623	19.9202318520563
B_HA	446	3898	C	72	0	3866	20.8070356958096
B_HA	447	3890	C	78	0	3849	18.0472850090933
B_HA	448	3814	T	154	0	3742	19.690539818279
B_HA	449	3802	A	166	0	3719	18.8819575154611
B_HA	450	3801	C	167	0	3685	17.9815468113976
B_HA	451	3432	G	536	0	3266	12.8447642375995
B_HA	452	3406	A	562	0	3243	12.5201973481344
B_HA	453	3503	A	465	0	3330	12.0246246246246
B_HA	454	3938	A	30	0	3872	14.0759297520661
B_HA	455	3935	T	33	0	3195	14.5699530516432
B_HA	456	3946	T	22	0	3927	14.6631016042781
B_HA	457	3829	G	139	0	3768	14.2393842887473
B_HA	458	3948	G	20	0	3886	15.8643849716933
B_HA	459	3933	A	35	0	3866	20.6412312467667
B_HA	460	3945	A	22	0	3805	21.3505913272011
B_HA	461	3901	C	66	0	3875	20.474064516129
B_HA	462	3944	C	23	0	3909	20.2087490406754
B_HA	463	3926	T	41	0	3870	20.7589147286822
B_HA	464	3932	C	35	0	3901	22.641630351192
B_HA	465	3880	A	87	0	3711	16.8903260576664
B_HA	466	3724	G	243	0	3570	14.3585434173669
B_HA	467	3943	G	24	0	3882	14.3884595569294
B_HA	468	3919	G	48	0	3842	17.6965122332119
B_HA	469	3896	T	71	0	3816	17.898322851153
B_HA	470	3889	C	78	0	3832	22.3520354906054
B_HA	471	3861	T	102	0	3796	23.4120126448894
B_HA	472	3911	T	52	0	3861	24.952343952344
B_HA	473	3871	G	92	0	3761	22.166710981122
B_HA	474	3881	C	82	0	3811	21.5691419574915
B_HA	475	3920	C	43	0	3869	19.9020418712846
B_HA	476	3930	T	32	0	3878	19.1802475502837
B_HA	477	3906	C	55	0	3866	20.8504914640455
B_HA	478	3887	A	72	0	3862	18.0517866390471
B_HA	479	3902	A	54	0	3636	14.6707920792079
B_HA	480	3916	C	39	0	3876	15.9723942208462
B_HA	481	3868	A	86	0	3785	15.5828269484808
B_HA	482	3817	T	137	0	3723	15.7808219178082
B_HA	483	3877	T	77	0	3833	21.040699191234
B_HA	484	3837	A	114	0	3765	19.8653386454183
B_HA	485	3872	C	79	0	3756	20.2026091586794
B_HA	486	3924	C	25	0	3879	20.6896107244135
B_HA	487	3918	A	30	0	3883	21.3270667010044
B_HA	488	3931	A	17	0	3884	22.4412976313079
B_HA	489	3933	T	15	0	3911	24.0493479928407
B_HA	490	3903	G	44	0	3884	23.4518537590113
B_HA	491	3809	G	136	0	3784	21.4849365750529
B_HA	492	3446	A	494	0	3405	21.1577092511013
B_HA	493	3828	A	112	0	3790	22.9870712401055
B_HA	494	3932	A	8	0	3914	23.482881962187
B_HA	495	3900	A	40	0	3864	19.620082815735
B_HA	496	3874	G	65	0	3671	19.9656769272678
B_HA	497	3308	G	631	0	3255	17.7072196620584
B_HA	498	3157	A	781	0	3070	16.0973941368078
B_HA	499	3902	T	36	0	3880	15.7342783505155
B_HA	500	3914	T	24	0	3869	17.1907469630395
B_HA	501	3900	C	37	0	3857	18.2608244749806
B_HA	502	3915	T	22	0	3893	24.1417929617262
B_HA	503	3905	T	32	0	3859	23.6701217932107
B_HA	504	3846	C	91	0	3765	22.3466135458167
B_HA	505	3866	G	69	0	2863	13.5522179531959
B_HA	506	3868	C	66	0	3413	12.6973337239965
B_HA	507	3852	A	82	0	3804	12.5478443743428
B_HA	508	3882	A	52	0	3673	12.7438061530084
B_HA	509	3909	C	24	0	3828	15.2949320794148
B_HA	510	3889	A	44	0	3851	19.2137107244871
B_HA	511	3895	A	37	0	3824	19.149320083682
B_HA	512	3866	T	65	0	3839	22.4201615003907
B_HA	513	3856	G	75	0	3736	21.5112419700214
B_HA	514	3880	G	51	0	3793	19.8165040864751
B_HA	515	3871	C	60	0	3851	19.7727862892755
B_HA	516	3646	T	285	0	3479	20.187697614257
B_HA	517	3744	T	185	0	3548	20.8001691093574
B_HA	518	3775	G	150	0	3417	18.108867427568
B_HA	519	3860	G	63	0	3736	16.536670235546
B_HA	520	3872	G	51	0	3720	15.983064516129
B_HA	521	3820	C	103	0	3694	16.6775852734164
B_HA	522	3878	C	41	0	3623	17.9403808998068
B_HA	523	3888	G	31	0	3693	16.7820200379096
B_HA	524	3889	T	30	0	3853	17.947313781469
B_HA	525	3741	C	178	0	3704	18.616090712743
B_HA	526	3849	C	70	0	3814	18.988725747247
B_HA	527	3738	C	181	0	3631	19.8865326356376
B_HA	528	2861	A	1058	0	2756	20.0341074020319
B_HA	529	3648	A	271	0	3592	19.5740534521158
B_HA	530	3875	A	43	0	3846	21.2259490379615
B_HA	531	3893	A	25	0	3877	24.633995357235
B_HA	532	3889	A	29	0	3869	26.4657534246575
B_HA	533	3864	A	54	0	3752	24.4968017057569
B_HA	534	3852	C	66	0	3790	22.1686015831135
B_HA	535	3849	A	69	0	3783	20.1514670896114
B_HA	536	3882	A	36	0	3853	21.0477549961069
B_HA	537	3866	A	52	0	3851	24.2396780057128
B_HA	538	3858	A	60	0	3734	23.5865024102839
B_HA	539	3826	C	92	0	3801	21.4235727440147
B_HA	540	3848	A	69	0	3792	19.4227320675105
B_HA	541	3862	G	55	0	3559	15.4141612812588
B_HA	542	3890	C	27	0	3848	15.456340956341
B_HA	543	3876	A	41	0	3836	15.6592805005214
B_HA	544	3882	A	35	0	3747	16.2345876701361
B_HA	545	3891	C	26	0	3832	19.5581941544885
B_HA	546	3834	A	83	0	3816	20.4158805031447
B_HA	547	3907	A	10	0	3884	20.8148815653965
B_HA	548	3882	A	33	0	3858	25.5292897874546
B_HA	549	3876	T	39	0	3840	27.0372395833333
B_HA	550	3853	C	62	0	3823	25.6358880460371
B_HA	551	3897	C	18	0	3849	22.2229150428683
B_HA	552	3885	A	30	0	3845	21.0980494148244
B_HA	553	3886	T	28	0	3789	21.3779361309053
B_HA	554	3886	T	28	0	3850	22.8249350649351
B_HA	555	3850	A	60	0	3818	24.4583551597695
B_HA	556	3866	A	44	0	3804	24.3094111461619
B_HA	557	3861	C	47	0	3817	23.7346083311501
B_HA	558	3848	A	60	0	3818	23.9127815610267
B_HA	559	3845	A	63	0	3809	23.1170911000263
B_HA	560	3844	T	64	0	3793	22.1642499340891
B_HA	561	3635	A	270	0	3517	20.0540233153256
B_HA	562	3694	G	211	0	3556	16.8023059617548
B_HA	563	3831	A	74	0	3804	16.6424815983176
B_HA	564	3858	A	47	0	3823	17.3465864504316
B_HA	565	3853	G	52	0	3604	16.8568257491676
B_HA	566	3881	T	24	0	3848	17.6925675675676
B_HA	567	3864	A	40	0	3714	18.2436725901992
B_HA	568	3833	C	71	0	3787	17.8534459994719
B_HA	569	3848	C	53	0	3778	19.6945473795659
B_HA	570	3801	A	100	0	3739	19.6057769457074
B_HA	571	3822	T	78	0	3746	21.29658302189
B_HA	572	3845	A	53	0	3751	21.4937350039989
B_HA	573	3859	C	39	0	3835	21.7311603650587
B_HA	574	3857	A	41	0	3804	21.5701892744479
B_HA	575	3773	T	123	0	3738	23.0708935259497
B_HA	576	3869	T	27	0	3842	24.6598125976054
B_HA	577	3860	T	36	0	3834	24.6463223787167
B_HA	578	3832	G	63	0	3746	23.5648691938067
B_HA	579	3852	T	42	0	3770	22.4456233421751
B_HA	580	3842	A	52	0	3761	21.1409199680936
B_HA	581	3847	C	47	0	3807	20.789598108747
B_HA	582	2695	A	1199	0	2654	21.3587038432555
B_HA	583	3536	A	358	0	3479	22.1396953147456
B_HA	584	3468	A	425	0	3327	20.6922152088969
B_HA	585	3389	A	503	0	3218	15.9322560596644
B_HA	586	3265	G	627	0	3085	16.9552674230146
B_HA	587	3695	A	197	0	3638	19.6022539857064
B_HA	588	3243	A	648	0	3214	17.3049159925327
B_HA	589	3226	G	665	0	3198	13.218574108818
B_HA	590	3800	A	91	0	3768	17.3545647558386
B_HA	591	3707	A	183	0	3638	14.6676745464541
B_HA	592	3698	G	192	0	3595	14.0720445062587
B_HA	593	3675	A	215	0	3545	18.6789844851904
B_HA	594	3616	C	274	0	3485	17.3500717360115
B_HA	595	3813	C	77	0	3707	16.6501213919612
B_HA	596	3751	A	139	0	3691	17.597128149553
B_HA	597	3813	A	76	0	3768	19.5400743099788
B_HA	598	3835	A	52	0	3803	22.7843807520379
B_HA	599	3820	T	67	0	3709	24.0075492046374
B_HA	600	3849	T	38	0	3824	25.3360355648536
B_HA	601	3849	A	35	0	3786	22.6550449022715
B_HA	602	3815	C	68	0	3776	22.6046080508475
B_HA	603	3840	C	43	0	3669	21.3739438539111
B_HA	604	3837	G	45	0	3734	19.439742903053
B_HA	605	3798	T	83	0	3729	20.2990077768839
B_HA	606	3848	T	33	0	3823	21.2382945330892
B_HA	607	3834	T	46	0	3808	21.6530987394958
B_HA	608	3060	G	819	0	2846	18.6268446943078
B_HA	609	3777	G	102	0	3670	16.8596730245232
B_HA	610	3865	G	14	0	3690	15.9758807588076
B_HA	611	3853	G	26	0	3759	17.9491886139931
B_HA	612	3774	G	104	0	3647	18.4924595557993
B_HA	613	3754	T	123	0	3722	18.257388500806
B_HA	614	3829	T	47	0	3776	19.6080508474576
B_HA	615	3759	C	114	0	3596	20.4371523915462
B_HA	616	3677	C	196	0	3660	20.1964480874317
B_HA	617	3506	A	364	0	3437	15.2647657841141
B_HA	618	3802	C	67	0	3776	15.9547139830508
B_HA	619	3765	T	104	0	3730	17.5756032171582
B_HA	620	3766	C	103	0	3728	19.7690450643777
B_HA	621	3708	T	159	0	3589	18.3349122318194
B_HA	622	3813	G	54	0	3729	17.5282917672298
B_HA	623	3780	A	87	0	3660	20.1109289617486
B_HA	624	3808	C	59	0	3670	18.7544959128065
B_HA	625	3713	G	153	0	3599	13.953876076688
B_HA	626	3681	A	183	0	3639	13.933498213795
B_HA	627	3704	A	159	0	3664	14.035480349345
B_HA	628	3594	G	269	0	3509	15.5651182673126
B_HA	629	3777	A	85	0	3658	17.6910880262439
B_HA	630	3788	G	74	0	3741	25.4135257952419
B_HA	631	3718	A	144	0	3562	39.5758001122965
B_HA	632	3703	C	159	0	3588	18.1323857302118
B_HA	633	3791	C	70	0	3706	17.8227199136535
B_HA	634	3803	C	58	0	3674	19.5489929232444
B_HA	635	3752	A	109	0	3694	20.7582566323768
B_HA	636	3809	A	51	0	3771	21.7560328825245
B_HA	637	3833	A	27	0	3751	21.9418821647561
B_HA	638	3830	T	30	0	3811	24.1472054578851
B_HA	639	3794	G	66	0	3739	23.879646964429
B_HA	640	3827	G	33	0	3781	23.1502248082518
B_HA	641	3824	C	35	0	3765	23.2539176626826
B_HA	642	3769	A	90	0	3707	23.0142972754249
B_HA	643	3823	A	34	0	3720	22.1215053763441
B_HA	644	3797	G	58	0	3719	19.8720086044636
B_HA	645	3817	A	33	0	3706	21.7004856988667
B_HA	646	3807	C	39	0	3776	20.4931144067797
B_HA	647	3790	T	55	0	3756	20.8671458998935
B_HA	648	3785	C	59	0	3749	22.7791411042945
B_HA	649	3744	T	99	0	3703	22.7610045908723
B_HA	650	3768	A	73	0	3608	19.3478381374723
B_HA	651	3778	T	62	0	3722	19.337184309511
B_HA	652	3377	G	462	0	3002	16.5756162558294
B_HA	653	3730	G	108	0	3420	15.4780701754386
B_HA	654	3766	G	72	0	3557	15.4186111892044
B_HA	655	3714	G	124	0	3640	17.2887362637363
B_HA	656	3541	A	297	0	3445	18.7480406386067
B_HA	657	3776	T	62	0	3712	18.1144935344828
B_HA	658	3804	T	34	0	3760	19.0739361702128
B_HA	659	3769	C	69	0	3655	20.0853625170999
B_HA	660	3533	A	305	0	3466	20.5582804385459
B_HA	661	3687	A	149	0	3655	19.83146374829
B_HA	662	3748	A	88	0	3685	18.8865671641791
B_HA	663	3719	G	117	0	3673	19.5093928668663
B_HA	664	3447	C	389	0	3343	19.8926114268621
B_HA	665	3683	C	152	0	3627	19.0551419906259
B_HA	666	3720	C	115	0	3623	19.5735578250069
B_HA	667	3723	C	109	0	3623	19.8793817278498
B_HA	668	3470	A	361	0	3267	17.2779308233854
B_HA	669	3629	G	201	0	3595	14.2155771905424
B_HA	670	3646	A	184	0	3577	14.0606653620352
B_HA	671	3814	A	16	0	3749	13.9741264337157
B_HA	672	3813	G	16	0	3778	16.0465854949709
B_HA	673	3803	T	25	0	3769	17.4168214380472
B_HA	674	3805	T	23	0	3780	21.9121693121693
B_HA	675	3659	C	168	0	3632	22.7007158590308
B_HA	676	3663	A	164	0	3612	20.3621262458472
B_HA	677	3749	C	78	0	3727	19.7499329219211
B_HA	678	3771	C	55	0	3745	19.2563417890521
B_HA	679	3758	T	68	0	3707	18.034259509037
B_HA	680	3781	C	45	0	3755	21.1736351531292
B_HA	681	3796	A	30	0	3749	22.4609229127767
B_HA	682	3808	T	18	0	3784	23.8118393234672
B_HA	683	3797	C	29	0	3790	25.5184696569921
B_HA	684	3767	T	59	0	3756	24.7441427050053
B_HA	685	3765	G	60	0	3636	23.3437843784378
B_HA	686	3757	C	68	0	3708	22.1928263214671
B_HA	687	3786	C	39	0	3739	21.567798876705
B_HA	688	3763	A	61	0	3734	20.9236743438672
B_HA	689	3759	A	63	0	3467	18.8748197288722
B_HA	690	3767	C	54	0	3709	17.6069021299542
B_HA	691	3766	G	55	0	3258	14.9929404542664
B_HA	692	3769	G	52	0	3695	13.3515561569689
B_HA	693	3214	A	606	0	3043	13.5192244495564
B_HA	694	3786	G	34	0	3760	13.2784574468085
B_HA	695	3756	T	64	0	3720	13.3370967741935
B_HA	696	3779	G	39	0	3757	14.9409103007719
B_HA	697	3733	A	85	0	3677	20.5520805004079
B_HA	698	3629	C	184	0	3574	20.1401790710688
B_HA	699	3343	C	469	0	3229	20.4273768968721
B_HA	700	3299	A	511	0	3260	17.7435582822086
B_HA	701	3613	C	197	0	3563	19.8490036486107
B_HA	702	3582	A	228	0	3535	26.0506364922207
B_HA	703	3689	C	121	0	3650	56.8917808219178
B_HA	704	3601	A	209	0	3546	58.0826283135928
B_HA	705	3655	C	154	0	3632	35.2276982378855
B_HA	706	3593	T	216	0	3504	18.0699200913242
B_HA	707	3712	A	95	0	3640	17.4090659340659
B_HA	708	3742	C	64	0	3614	17.5368013281682
B_HA	709	3758	G	48	0	3506	16.2207644038791
B_HA	710	3737	T	69	0	3701	17.0848419346123
B_HA	711	3742	C	64	0	3727	18.9039441910384
B_HA	712	3768	T	38	0	3742	19.1060929983966
B_HA	713	3623	C	182	0	3592	24.3627505567929
B_HA	714	3654	A	150	0	3541	19.9714769839029
B_HA	715	3726	C	75	0	3642	20.4472817133443
B_HA	716	3741	A	60	0	3624	19.9666114790287
B_HA	717	3725	G	76	0	3694	19.0178668110449
B_HA	718	3666	A	135	0	3541	19.049703473595
B_HA	719	3746	T	55	0	3655	18.9269493844049
B_HA	720	3760	T	40	0	3662	18.7140906608411
B_HA	721	3728	G	72	0	3432	17.2983682983683
B_HA	722	3754	G	45	0	3627	14.1629445822994
B_HA	723	3760	T	38	0	3702	14.155321447866
B_HA	724	3724	G	74	0	3570	14.7633053221289
B_HA	725	3745	G	53	0	3668	16.5916030534351
B_HA	726	3716	C	82	0	3661	18.0360557224802
B_HA	727	3666	T	130	0	3621	18.3418945042806
B_HA	728	3689	T	107	0	3628	20.3379272326351
B_HA	729	3304	C	492	0	3272	20.7338019559902
B_HA	730	3710	C	85	0	3642	20.6699615595826
B_HA	731	3744	C	51	0	3656	17.8599562363238
B_HA	732	3680	A	114	0	3646	18.2191442676906
B_HA	733	3746	A	47	0	3705	19.7989203778677
B_HA	734	3768	A	23	0	3715	20.1418573351279
B_HA	735	3766	T	25	0	3741	21.8171611868484
B_HA	736	3762	C	28	0	3742	22.0660074826296
B_HA	737	3742	A	48	0	3709	20.7748719331356
B_HA	738	3765	A	24	0	3732	22.0996784565916
B_HA	739	3760	A	29	0	3669	22.9776505859907
B_HA	740	3753	C	35	0	3730	23.1970509383378
B_HA	741	3616	A	171	0	3570	20.7394957983193
B_HA	742	3652	G	135	0	3622	18.9994478188846
B_HA	743	3711	A	76	0	3655	20.1417236662107
B_HA	744	3742	A	43	0	3703	20.1077504725898
B_HA	745	3714	G	70	0	3679	18.4327262843164
B_HA	746	3735	A	49	0	3675	20.6612244897959
B_HA	747	3739	C	45	0	3648	19.6326754385965
B_HA	748	3607	G	177	0	3503	16.8055952041108
B_HA	749	3698	G	86	0	3670	16.8384196185286
B_HA	750	3724	A	60	0	3688	16.7955531453362
B_HA	751	3722	G	62	0	3710	19.6595687331536
B_HA	752	3750	G	34	0	3740	19.8542780748663
B_HA	753	3735	A	49	0	3706	19.4525094441446
B_HA	754	3727	C	57	0	3675	21.7801360544218
B_HA	755	3701	T	83	0	3643	21.9107878122427
B_HA	756	3498	A	286	0	3404	20.8328437132785
B_HA	757	3435	C	349	0	3399	20.8508384819064
B_HA	758	3486	C	298	0	3352	18.8013126491647
B_HA	759	3701	A	83	0	3643	17.3829261597584
B_HA	760	3733	C	51	0	3671	17.8575320076273
B_HA	761	3564	A	218	0	3535	18.9437057991513
B_HA	762	3718	A	64	0	3678	21.7882001087548
B_HA	763	3755	A	27	0	3731	20.1096220852318
B_HA	764	3730	G	52	0	3656	21.0475929978118
B_HA	765	3748	T	34	0	3711	19.8598760441929
B_HA	766	3740	G	41	0	3595	19.5248956884562
B_HA	767	3747	G	34	0	3707	18.4583220933369
B_HA	768	3728	C	51	0	3694	20.2877639415268
B_HA	769	3684	A	94	0	3628	19.3122932745314
B_HA	770	3658	G	120	0	3592	17.1272271714922
B_HA	771	3650	A	128	0	3521	15.8582788980403
B_HA	772	3691	A	87	0	3536	17.433257918552
B_HA	773	3388	T	390	0	3286	17.7824102251978
B_HA	774	3394	T	384	0	3276	18.8635531135531
B_HA	775	3420	G	357	0	3104	17.558956185567
B_HA	776	3728	T	46	0	3633	16.8794384805946
B_HA	777	3727	T	45	0	3670	16.8070844686649
B_HA	778	3726	G	45	0	3359	15.7892229830307
B_HA	779	3720	T	51	0	3573	17.5810243492863
B_HA	780	3738	T	33	0	3705	17.3157894736842
B_HA	781	3714	G	57	0	3681	17.4425427872861
B_HA	782	3715	A	55	0	3674	21.1608600979858
B_HA	783	3701	T	69	0	3641	23.5685251304587
B_HA	784	3739	T	31	0	3706	24.1662169454938
B_HA	785	3687	A	83	0	3603	23.5417707466001
B_HA	786	3696	C	73	0	3658	23.1041552761072
B_HA	787	3733	A	36	0	3702	22.2020529443544
B_HA	788	3719	T	50	0	3690	22.3132791327913
B_HA	789	3715	G	52	0	3677	21.7587707370139
B_HA	790	3728	G	37	0	3658	19.9737561509021
B_HA	791	3725	T	38	0	3707	19.9360669004586
B_HA	792	3682	G	81	0	3601	20.3585115245765
B_HA	793	3698	C	65	0	3621	20.4863297431649
B_HA	794	3316	A	447	0	3287	21.2403407362336
B_HA	795	3697	A	66	0	3668	21.1063249727372
B_HA	796	3740	A	23	0	3731	23.6105601715358
B_HA	797	3745	A	17	0	3727	28.1210088543064
B_HA	798	3740	A	22	0	3707	27.7903965470731
B_HA	799	3726	T	36	0	3709	26.0479913723376
B_HA	800	3730	C	32	0	3717	24.6927629808986
B_HA	801	3737	T	25	0	3704	23.4800215982721
B_HA	802	3659	G	103	0	3635	23.4145804676754
B_HA	803	3641	G	120	0	3559	22.5417252037089
B_HA	804	3466	A	295	0	3442	22.9413131900058
B_HA	805	3718	A	43	0	3691	25.024383635871
B_HA	806	3742	A	18	0	3714	27.0993537964459
B_HA	807	3736	A	22	0	3725	28.4955704697987
B_HA	808	3735	A	23	0	3537	25.1744416171897
B_HA	809	3726	C	28	0	3695	20.5098782138024
B_HA	810	3683	A	71	0	3531	16.3007646559048
B_HA	811	3648	G	106	0	3581	15.4294889695616
B_HA	812	3703	G	51	0	3644	15.6199231613611
B_HA	813	3668	A	84	0	3600	16.4011111111111
B_HA	814	3725	A	27	0	3661	21.3482655012292
B_HA	815	3727	C	25	0	3697	20.6215850689748
B_HA	816	3635	A	117	0	3603	21.7349431029697
B_HA	817	3731	A	20	0	3674	21.8342406096897
B_HA	818	3703	T	47	0	3604	23.3967813540511
B_HA	819	3708	T	40	0	3689	24.2737869341285
B_HA	820	3701	A	46	0	3638	23.5280373831776
B_HA	821	3638	C	109	0	3609	22.400110834026
B_HA	822	3718	C	26	0	3677	21.6739189556704
B_HA	823	3703	T	41	0	3653	21.2734738571037
B_HA	824	3705	A	39	0	3671	23.310814491964
B_HA	825	3712	T	31	0	3681	25.8668839989133
B_HA	826	3658	C	83	0	3631	27.1911319195814
B_HA	827	3470	A	271	0	3453	23.7222704894295
B_HA	828	3658	A	81	0	3649	22.649493011784
B_HA	829	3467	A	272	0	3406	16.0578391074574
B_HA	830	3391	G	347	0	3243	18.0669133518347
B_HA	831	3518	A	219	0	3236	15.840543881335
B_HA	832	3561	G	175	0	3357	13.9997021149836
B_HA	833	3608	G	128	0	3420	14.0002923976608
B_HA	834	3601	T	135	0	3442	12.8768158047647
B_HA	835	3637	A	99	0	3530	16.1014164305949
B_HA	836	3390	T	346	0	3292	17.7615431348724
B_HA	837	3689	T	47	0	3626	19.9911748483177
B_HA	838	3689	T	46	0	3641	23.5146937654491
B_HA	839	3628	T	105	0	3575	25.3309090909091
B_HA	840	3494	A	238	0	3378	21.0355239786856
B_HA	841	3675	T	51	0	3390	20.36401179941
B_HA	842	3682	T	44	0	3659	19.3424432905165
B_HA	843	3645	G	81	0	3591	18.4778613199666
B_HA	844	3662	C	64	0	3620	18.8049723756906
B_HA	845	3681	C	43	0	3652	19.960021905805
B_HA	846	3688	T	34	0	3644	19.2033479692645
B_HA	847	3690	C	32	0	3646	20.6379594075699
B_HA	848	3396	A	322	0	3352	19.333830548926
B_HA	849	3607	A	111	0	3593	20.4308377400501
B_HA	850	3685	A	32	0	3670	22.7648501362398
B_HA	851	3659	A	57	0	3589	21.2635831707997
B_HA	852	3632	G	82	0	3532	21.7199886749717
B_HA	853	3591	G	122	0	3452	20.0509849362688
B_HA	854	3600	T	113	0	3548	18.6034385569335
B_HA	855	3646	G	67	0	3554	19.4034890264491
B_HA	856	3621	T	92	0	3549	22.6632854325162
B_HA	857	3596	G	116	0	3224	22.412841191067
B_HA	858	3639	G	73	0	3508	16.2206385404789
B_HA	859	3604	T	107	0	3514	16.243312464428
B_HA	860	3482	G	228	0	3330	16.5675675675676
B_HA	861	3469	C	239	0	3256	16.7318796068796
B_HA	862	3584	G	124	0	3246	14.6007393715342
B_HA	863	3607	C	98	0	3376	13.8370853080569
B_HA	864	3596	A	108	0	3539	14.4023735518508
B_HA	865	3640	A	63	0	3595	15.1415855354659
B_HA	866	3647	G	56	0	3524	16.8930192962543
B_HA	867	3659	T	44	0	3627	18.8902674386545
B_HA	868	3627	G	76	0	3486	19.6660929432014
B_HA	869	3650	G	53	0	3578	18.3418110676356
B_HA	870	3647	C	55	0	3584	19.7580915178571
B_HA	871	3528	A	174	0	3479	19.8608795630928
B_HA	872	3643	A	59	0	3578	19.6106763555059
B_HA	873	3613	G	87	0	3460	17.6184971098266
B_HA	874	3614	A	84	0	3498	19.4359634076615
B_HA	875	3653	G	44	0	3545	18.498730606488
B_HA	876	3656	C	40	0	3600	17.6866666666667
B_HA	877	3570	A	126	0	3530	18.0841359773371
B_HA	878	3654	A	42	0	3586	19.2576687116564
B_HA	879	3619	G	77	0	3537	16.5128640090472
B_HA	880	3646	G	50	0	3594	19.0648302726767
B_HA	881	3631	T	64	0	3535	17.2992927864215
B_HA	882	3622	A	73	0	3588	18.7686733556299
B_HA	883	3643	A	52	0	3595	21.21140472879
B_HA	884	3639	T	55	0	3586	22.4779698828779
B_HA	885	2700	A	992	0	2616	24.5374617737003
B_HA	886	3602	A	90	0	3557	24.3708181051448
B_HA	887	3625	A	67	0	3583	24.3142617917946
B_HA	888	3590	A	101	0	3499	20.5112889396971
B_HA	889	3581	G	110	0	3545	22.2042313117066
B_HA	890	3601	G	90	0	3588	21.005016722408
B_HA	891	3608	A	83	0	3556	19.6976940382452
B_HA	892	3639	T	51	0	3614	20.3135030437189
B_HA	893	3525	C	165	0	3489	22.3857838922327
B_HA	894	3566	C	124	0	3515	19.3940256045519
B_HA	895	3503	T	186	0	3409	17.0944558521561
B_HA	896	3600	T	89	0	3565	19.8549789621318
B_HA	897	3583	G	106	0	3461	18.9823750361167
B_HA	898	3434	C	255	0	3382	19.0144884683619
B_HA	899	3518	C	171	0	3442	19.4122603137711
B_HA	900	3505	C	183	0	3418	17.6582796957285
B_HA	901	3447	T	240	0	3173	17.916482823826
B_HA	902	3482	T	205	0	3427	18.0545666763933
B_HA	903	3248	A	439	0	3164	17.2436788874842
B_HA	904	3627	A	59	0	3543	15.2960767710979
B_HA	905	3631	T	55	0	3216	16.1187810945274
B_HA	906	3645	T	41	0	3609	16.0814630091438
B_HA	907	3431	G	255	0	3377	14.9407758365413
B_HA	908	3478	G	208	0	3434	15.839836924869
B_HA	909	3460	A	226	0	3413	19.3067682390858
B_HA	910	3479	G	206	0	3438	17.4764397905759
B_HA	911	3617	A	68	0	3597	16.3928273561301
B_HA	912	3624	A	60	0	3594	16.955203116305
B_HA	913	3628	G	55	0	3278	15.0045759609518
B_HA	914	3632	C	49	0	3596	14.7043937708565
B_HA	915	3627	A	54	0	3533	14.4565525049533
B_HA	916	3618	G	63	0	3572	14.2390817469205
B_HA	917	3409	A	272	0	3332	15.8478391356543
B_HA	918	3553	T	127	0	3363	17.0029735355337
B_HA	919	3643	T	36	0	3622	16.4398122584208
B_HA	920	3606	G	73	0	3467	15.7202192096914
B_HA	921	3627	C	51	0	3569	16.762398430933
B_HA	922	3619	C	56	0	3586	18.9196876742889
B_HA	923	3620	T	55	0	3596	18.3020022246941
B_HA	924	3566	C	108	0	3529	20.6871635024086
B_HA	925	3610	C	64	0	3578	20.7314141978759
B_HA	926	3607	A	67	0	3575	19.0481118881119
B_HA	927	3618	T	56	0	3559	19.9114919921326
B_HA	928	3591	G	83	0	3429	17.3957421988918
B_HA	929	3383	A	291	0	3289	17.8875038005473
B_HA	930	3603	A	71	0	3582	18.8361250697934
B_HA	931	3638	A	34	0	3619	25.8016026526665
B_HA	932	3653	A	19	0	3635	28.1414030261348
B_HA	933	3651	A	20	0	3619	26.5222437137331
B_HA	934	3644	T	25	0	3567	24.2225960190636
B_HA	935	3630	A	39	0	3394	19.4549204478491
B_HA	936	3607	C	62	0	3554	17.1513787281936
B_HA	937	3589	G	79	0	2547	12.8857479387515
B_HA	938	3613	G	54	0	3522	11.7819420783646
B_HA	939	3627	T	40	0	3600	12.3827777777778
B_HA	940	3622	G	45	0	3538	13.6613906161673
B_HA	941	3652	G	15	0	3584	20.58984375
B_HA	942	3625	A	42	0	3565	21.8589060308555
B_HA	943	3602	T	65	0	3575	21.6878321678322
B_HA	944	3652	T	14	0	3604	21.3798557158713
B_HA	945	3616	A	48	0	3579	23.58256496228
B_HA	946	3632	A	29	0	3607	25.1621846409759
B_HA	947	3630	A	31	0	3467	21.7871358523219
B_HA	948	3625	C	36	0	3574	21.2736429770565
B_HA	949	3230	A	430	0	3205	21.0053042121685
B_HA	950	3527	A	133	0	3510	21.174358974359
B_HA	951	3611	A	48	0	3588	23.3464325529543
B_HA	952	3616	A	43	0	3583	24.7647222997488
B_HA	953	3592	G	67	0	3504	24.1792237442922
B_HA	954	3604	C	54	0	3582	19.5770519262982
B_HA	955	3534	A	122	0	3505	19.5052781740371
B_HA	956	3627	A	29	0	3575	18.5697902097902
B_HA	957	3604	G	51	0	3504	16.7928082191781
B_HA	958	3618	C	37	0	3595	18.1613351877608
B_HA	959	3589	C	66	0	3564	18.4079685746352
B_HA	960	3525	T	130	0	3458	18.6231925968768
B_HA	961	3550	T	104	0	3502	22.7101656196459
B_HA	962	3549	A	105	0	3493	22.0180360721443
B_HA	963	3568	C	83	0	3520	22.0920454545455
B_HA	964	3535	T	114	0	3442	21.2460778617083
B_HA	965	3530	A	119	0	3479	21.0094854843346
B_HA	966	3543	C	106	0	3528	21.9506802721088
B_HA	967	3596	A	53	0	3575	21.5474125874126
B_HA	968	3494	C	155	0	3444	36.7215447154472
B_HA	969	3455	A	194	0	3413	26.7729270436566
B_HA	970	2751	G	898	0	2715	18.2449355432781
B_HA	971	3510	G	138	0	3354	16.742397137746
B_HA	972	3564	G	84	0	3479	17.7306697326818
B_HA	973	3509	G	137	0	3472	18.1417050691244
B_HA	974	3442	A	204	0	3382	19.682436428149
B_HA	975	3549	A	96	0	3479	19.1658522563955
B_HA	976	3598	C	46	0	3485	19.4923959827834
B_HA	977	3584	A	60	0	3540	20.0449152542373
B_HA	978	3575	T	69	0	3535	21.5414427157001
B_HA	979	3562	G	82	0	3412	20.2368112543962
B_HA	980	3583	C	60	0	3514	20.4436539556061
B_HA	981	3461	A	181	0	3426	20.1187974314069
B_HA	982	3569	A	72	0	3521	20.1783584209032
B_HA	983	3582	A	59	0	3510	20.0267806267806
B_HA	984	3549	G	91	0	3455	23.3276410998553
B_HA	985	3601	G	39	0	3542	21.3130999435347
B_HA	986	3586	C	54	0	3541	19.7839593335216
B_HA	987	3587	C	53	0	3462	19.3856152512998
B_HA	988	3533	A	106	0	3461	19.6443224501589
B_HA	989	3530	T	109	0	3383	18.8962459355602
B_HA	990	3225	A	413	0	3102	15.7566086395874
B_HA	991	3091	G	547	0	3020	14.844701986755
B_HA	992	3298	G	340	0	3244	13.6877311960543
B_HA	993	3245	A	392	0	3137	13.0012751036022
B_HA	994	3449	A	187	0	3363	15.5753791257806
B_HA	995	3467	A	169	0	3392	16.1252948113208
B_HA	996	3462	T	173	0	3145	15.9443561208267
B_HA	997	3586	T	46	0	3566	17.0723499719574
B_HA	998	3547	G	85	0	3284	16.0368453105968
B_HA	999	3432	C	200	0	3395	16.8312223858616
B_HA	1000	3525	C	107	0	3455	17.8170767004342
B_HA	1001	3554	C	78	0	3446	17.4683691236216
B_HA	1002	3554	A	78	0	3526	20.5884855360182
B_HA	1003	3567	A	62	0	3501	21.1919451585261
B_HA	1004	3577	T	50	0	3518	21.3123934053439
B_HA	1005	3589	A	38	0	3537	23
B_HA	1006	3542	T	83	0	3510	24.5988603988604
B_HA	1007	3321	G	304	0	3016	19.3554376657825
B_HA	1008	3589	G	36	0	3507	17.1343028229256
B_HA	1009	3590	G	35	0	3526	15.0479296653432
B_HA	1010	3591	T	34	0	3553	15.3892485223755
B_HA	1011	3539	G	86	0	3492	17.8012600229095
B_HA	1012	3414	A	210	0	3359	18.8091693956535
B_HA	1013	3499	A	123	0	3438	19.4485165794066
B_HA	1014	3519	A	102	0	3475	24.681726618705
B_HA	1015	3550	A	71	0	3420	24.8330409356725
B_HA	1016	3574	C	45	0	3535	22.2401697312588
B_HA	1017	3580	A	38	0	3531	21.041914471821
B_HA	1018	3323	C	295	0	3274	21.0760537568723
B_HA	1019	3522	C	96	0	3460	20.6442196531792
B_HA	1020	3520	C	98	0	3452	19.1439745075319
B_HA	1021	3441	T	175	0	2973	16.7722838883283
B_HA	1022	3544	T	71	0	3463	15.9485994802195
B_HA	1023	3519	G	96	0	3454	15.1146496815287
B_HA	1024	3512	A	102	0	3476	15.8607594936709
B_HA	1025	3519	A	92	0	3463	18.4510539994225
B_HA	1026	3530	G	81	0	3467	19.6109027978079
B_HA	1027	3547	C	64	0	3503	19.1687125321153
B_HA	1028	3545	T	66	0	3500	19.5154285714286
B_HA	1029	3544	G	67	0	3433	18.8709583454704
B_HA	1030	3547	G	59	0	3481	18.5578856650388
B_HA	1031	3467	C	139	0	3380	18.9065088757396
B_HA	1032	3526	C	79	0	3412	18.3777842907386
B_HA	1033	3526	A	78	0	3503	19.2269483300029
B_HA	1034	3524	A	80	0	3474	20.2985031663788
B_HA	1035	3559	T	45	0	3522	21.0871663827371
B_HA	1036	3555	G	48	0	3525	22.389219858156
B_HA	1037	3579	G	24	0	3524	20.9009648127128
B_HA	1038	3544	A	58	0	3416	21.3495316159251
B_HA	1039	3476	A	126	0	3379	21.1790470553418
B_HA	1040	3414	C	187	0	3338	19.9496704613541
B_HA	1041	3537	C	64	0	3415	19.3098096632504
B_HA	1042	3477	A	124	0	3432	19.8548951048951
B_HA	1043	3544	A	56	0	3505	20.4773181169757
B_HA	1044	3469	A	129	0	3409	21.6972719272514
B_HA	1045	3463	T	133	0	3369	23.4280201840309
B_HA	1046	3567	A	27	0	3476	22.0388377445339
B_HA	1047	3544	T	48	0	3479	26.5633802816901
B_HA	1048	3523	A	66	0	3334	20.5656868626275
B_HA	1049	3551	G	38	0	3449	16.2322412293418
B_HA	1050	3509	A	80	0	3389	17.0221304219534
B_HA	1051	3543	C	45	0	3504	17.1800799086758
B_HA	1052	3536	C	51	0	3495	16.7567954220315
B_HA	1053	3533	T	52	0	3501	18.6486718080548
B_HA	1054	3485	C	100	0	3452	21.6254345307068
B_HA	1055	3500	C	82	0	3451	20.1237322515213
B_HA	1056	3439	T	143	0	3368	18.5852137767221
B_HA	1057	3484	G	98	0	3211	18.2762379321084
B_HA	1058	3539	C	43	0	3496	18.4688215102975
B_HA	1059	3469	A	112	0	3444	17.8928571428571
B_HA	1060	3547	A	34	0	3513	18.3250782806718
B_HA	1061	3559	A	19	0	3530	24.3844192634561
B_HA	1062	3563	A	15	0	3456	27.9241898148148
B_HA	1063	3556	C	22	0	3529	24.5412298101445
B_HA	1064	3537	T	41	0	3506	23.8730747290359
B_HA	1065	3552	G	26	0	3440	23.4779069767442
B_HA	1066	3537	T	41	0	3485	25.1873744619799
B_HA	1067	3547	T	31	0	3505	25.2818830242511
B_HA	1068	3404	A	173	0	3341	25.1819814426818
B_HA	1069	3504	A	73	0	3472	26.7070852534562
B_HA	1070	3478	A	98	0	3409	20.7310061601643
B_HA	1071	3459	G	117	0	3429	22.8722659667542
B_HA	1072	3463	G	112	0	3435	19.5866084425036
B_HA	1073	3076	A	496	0	2985	16.6964824120603
B_HA	1074	3505	A	65	0	3487	19.5569257241182
B_HA	1075	3438	A	131	0	3383	15.8900384274313
B_HA	1076	3420	G	148	0	3392	18.1883844339623
B_HA	1077	3329	A	237	0	3169	17.1975386557274
B_HA	1078	3450	G	116	0	3395	18.6986745213549
B_HA	1079	3519	G	46	0	3476	14.942750287687
B_HA	1080	3458	T	107	0	3399	14.1091497499264
B_HA	1081	3519	T	46	0	3466	20.1439699942297
B_HA	1082	3500	T	65	0	3447	23.640847113432
B_HA	1083	3482	C	82	0	3454	26.8025477707006
B_HA	1084	3524	T	40	0	3473	25.6017852001152
B_HA	1085	3492	T	72	0	3451	25.0675166618371
B_HA	1086	3436	C	126	0	3358	22.4416319237641
B_HA	1087	3425	G	135	0	2811	14.3564567769477
B_HA	1088	3489	G	69	0	3393	13.3047450633658
B_HA	1089	3223	A	335	0	2953	13.9593633592956
B_HA	1090	3487	G	71	0	3413	14.7796659830062
B_HA	1091	3503	C	54	0	3381	15.603371783496
B_HA	1092	3508	C	49	0	3461	15.8809592603294
B_HA	1093	3488	A	69	0	3438	19.6588132635253
B_HA	1094	3463	T	94	0	3379	22.3533589819473
B_HA	1095	3525	T	32	0	3501	23.8786061125393
B_HA	1096	3509	G	48	0	3406	20.5349383440986
B_HA	1097	3509	C	48	0	3449	21.5775587126703
B_HA	1098	3534	T	23	0	3492	22.0893470790378
B_HA	1099	3526	G	31	0	3469	21.5998846929951
B_HA	1100	3527	G	30	0	3490	22.2492836676218
B_HA	1101	3462	T	95	0	3407	23.6055180510713
B_HA	1102	3530	T	26	0	3501	24.6572407883462
B_HA	1103	3522	T	33	0	3483	25.0367499282228
B_HA	1104	3504	C	51	0	3479	26.5475711411325
B_HA	1105	3476	T	78	0	3407	26.8459054886997
B_HA	1106	3505	T	46	0	3461	25.7526726379659
B_HA	1107	3399	A	151	0	3366	23.8814616755793
B_HA	1108	3411	G	138	0	3379	19.697543651968
B_HA	1109	3346	A	202	0	3295	19.1517450682853
B_HA	1110	3438	A	108	0	3407	19.513354857646
B_HA	1111	3409	G	137	0	3396	17.1557714958775
B_HA	1112	3450	G	96	0	3434	18.1281304601048
B_HA	1113	3492	A	54	0	3469	18.3087345056212
B_HA	1114	3469	G	75	0	3445	20.9837445573295
B_HA	1115	3517	G	27	0	3501	21.8197657812054
B_HA	1116	3516	A	28	0	3505	19.1129814550642
B_HA	1117	3511	T	33	0	3492	22.659793814433
B_HA	1118	3326	G	218	0	3233	22.3216826476956
B_HA	1119	3494	G	50	0	3456	20.7355324074074
B_HA	1120	3491	G	53	0	3465	18.6825396825397
B_HA	1121	3467	A	77	0	3437	20.2924061681699
B_HA	1122	3509	A	34	0	3484	21.7304822043628
B_HA	1123	3472	G	71	0	3402	22.4723691945914
B_HA	1124	3516	G	25	0	3465	20.6906204906205
B_HA	1125	3486	A	55	0	3436	20.3728172293364
B_HA	1126	3513	A	28	0	3467	22.1243149697145
B_HA	1127	3520	T	21	0	3469	23.0726434130873
B_HA	1128	3510	G	30	0	3466	24.3721869590306
B_HA	1129	3477	A	61	0	3428	25.713243873979
B_HA	1130	3505	T	32	0	3427	25.4038517653925
B_HA	1131	3521	T	15	0	3504	25.1783675799087
B_HA	1132	3515	G	21	0	3446	21.8569355774811
B_HA	1133	3500	C	35	0	3462	22.1871750433276
B_HA	1134	3505	A	30	0	3444	20.1724738675958
B_HA	1135	3473	G	62	0	3432	18.9222027972028
B_HA	1136	3510	G	23	0	3482	18.3526708788053
B_HA	1137	3493	T	40	0	3427	18.1365625911876
B_HA	1138	3507	T	26	0	3480	20.3727011494253
B_HA	1139	3441	G	92	0	3357	20.7789693178433
B_HA	1140	3468	G	63	0	3396	20.3589517078916
B_HA	1141	3464	C	67	0	3391	21.1521675022117
B_HA	1142	3443	A	88	0	3354	20.6788908765653
B_HA	1143	3489	C	41	0	3318	19.7350813743219
B_HA	1144	3481	G	49	0	3268	16.7888616891065
B_HA	1145	3504	G	25	0	3483	15.9359747344243
B_HA	1146	3466	A	62	0	3399	16.6993233303913
B_HA	1147	3474	T	54	0	3427	19.432156405019
B_HA	1148	3231	A	296	0	3096	21.8481912144703
B_HA	1149	3239	C	287	0	3208	22.2973815461347
B_HA	1150	3490	A	36	0	3407	21.8561784561198
B_HA	1151	3438	C	88	0	3412	26.8728018757327
B_HA	1152	3428	A	98	0	3391	25.8661161899145
B_HA	1153	3434	T	92	0	3396	21.9166666666667
B_HA	1154	3269	C	257	0	3198	23.7870544090056
B_HA	1155	3477	C	48	0	3454	23.2162709901563
B_HA	1156	3474	C	48	0	3392	20.3189858490566
B_HA	1157	3466	A	55	0	3415	19.7592972181552
B_HA	1158	3478	T	43	0	3447	21.1789962286046
B_HA	1159	3404	G	117	0	3014	18.378898473789
B_HA	1160	3492	G	29	0	3393	16.9599174771589
B_HA	1161	3498	G	22	0	3437	16.618271748618
B_HA	1162	3490	G	30	0	3405	21.4640234948605
B_HA	1163	3304	C	215	0	3243	20.86370644465
B_HA	1164	3286	A	233	0	3244	20.3612823674476
B_HA	1165	3507	C	12	0	3441	19.9212438244696
B_HA	1166	3491	A	27	0	3441	20.7547224643999
B_HA	1167	3498	T	20	0	3479	20.586950273067
B_HA	1168	3477	G	39	0	3413	22.4207442133021
B_HA	1169	3486	G	30	0	3442	22.4491574665892
B_HA	1170	3386	A	130	0	3332	20.7151860744298
B_HA	1171	3435	G	81	0	3381	20.4365572315883
B_HA	1172	3451	T	65	0	3375	19.2921481481481
B_HA	1173	3448	A	68	0	3359	19.3322417386127
B_HA	1174	3431	G	81	0	3315	17.7547511312217
B_HA	1175	3424	C	88	0	3394	18.1470241602829
B_HA	1176	3435	A	77	0	3371	18.1619697419163
B_HA	1177	3446	G	66	0	3385	18.2259970457903
B_HA	1178	3446	T	66	0	3421	19.4498684595148
B_HA	1179	3455	G	56	0	3406	19.6676453317675
B_HA	1180	3444	G	66	0	3386	19.8617838157118
B_HA	1181	3443	C	67	0	3401	20.9961775948251
B_HA	1182	3450	A	60	0	3399	19.459841129744
B_HA	1183	3434	G	75	0	3355	18.4882265275708
B_HA	1184	3464	C	42	0	3363	19.137972048766
B_HA	1185	3464	T	42	0	3385	18.5713441654357
B_HA	1186	3478	G	27	0	3443	19.6932907348243
B_HA	1187	3463	A	42	0	3363	21.3095450490633
B_HA	1188	3391	C	112	0	3370	21.2418397626113
B_HA	1189	3423	C	79	0	3307	18.3238584820079
B_HA	1190	3360	T	142	0	3227	17.7626278277037
B_HA	1191	3379	T	122	0	3267	19.4162840526477
B_HA	1192	3165	A	332	0	3031	18.7650940283735
B_HA	1193	3363	A	133	0	3232	15.2008044554455
B_HA	1194	3226	G	270	0	3033	13.5914935707221
B_HA	1195	3437	A	58	0	3358	15.3379988088148
B_HA	1196	3426	G	68	0	3135	16.2574162679426
B_HA	1197	3427	C	66	0	3372	15.1797153024911
B_HA	1198	3368	A	125	0	3322	16.2263696568332
B_HA	1199	3448	C	45	0	3433	17.0815613166327
B_HA	1200	3437	T	56	0	3406	21.0008807985907
B_HA	1201	3438	C	55	0	3411	22.2450894165934
B_HA	1202	3083	A	410	0	3054	20.7799607072692
B_HA	1203	3403	A	90	0	3340	16.7730538922156
B_HA	1204	3368	G	124	0	3282	14.9597806215722
B_HA	1205	3432	A	59	0	3347	16.9190319689274
B_HA	1206	3415	G	75	0	3368	19.2197149643705
B_HA	1207	3431	G	59	0	3366	18.8954248366013
B_HA	1208	3420	C	68	0	3313	19.123151222457
B_HA	1209	3452	C	35	0	3342	20.4566128067026
B_HA	1210	3429	A	58	0	3365	20.2826151560178
B_HA	1211	3449	T	34	0	3382	20.590479006505
B_HA	1212	3431	A	52	0	3387	21.6631237082964
B_HA	1213	3465	A	18	0	3432	22.9871794871795
B_HA	1214	3461	A	22	0	3303	22.0929458068423
B_HA	1215	3459	C	24	0	3415	21.2948755490483
B_HA	1216	3419	A	64	0	3378	21.151865008881
B_HA	1217	3477	A	6	0	3440	20.5648255813954
B_HA	1218	3475	G	8	0	3447	21.1247461560777
B_HA	1219	3456	A	26	0	3410	23.3551319648094
B_HA	1220	3457	T	25	0	3423	23.0733274905054
B_HA	1221	3439	A	43	0	3386	22.6266981689309
B_HA	1222	3436	A	46	0	3358	22.3263847528291
B_HA	1223	3423	C	59	0	3371	21.3868288341738
B_HA	1224	2569	A	913	0	2489	21.7738047408598
B_HA	1225	3280	A	201	0	3238	21.7093885114268
B_HA	1226	3451	A	30	0	3414	23.2255418863503
B_HA	1227	3455	A	25	0	3435	26.3534206695779
B_HA	1228	3460	A	20	0	3444	28.4921602787456
B_HA	1229	3437	A	38	0	3391	28.7584783249779
B_HA	1230	3427	T	48	0	3401	27.0470449867686
B_HA	1231	3430	C	45	0	3413	26.3278640492236
B_HA	1232	3462	T	13	0	3434	24.3232382061736
B_HA	1233	3450	C	23	0	3428	24.9477829638273
B_HA	1234	3438	A	33	0	3423	20.2792871749927
B_HA	1235	3445	A	26	0	3380	18.8399408284024
B_HA	1236	3425	C	44	0	3404	21.8019976498237
B_HA	1237	3418	T	51	0	3388	22.2957497048406
B_HA	1238	3437	C	31	0	3403	22.4349103732001
B_HA	1239	3283	T	185	0	3240	26.9753086419753
B_HA	1240	3418	T	48	0	3374	27.6621221102549
B_HA	1241	3434	T	31	0	3368	25.0329572446556
B_HA	1242	3380	G	84	0	3263	20.2038001838799
B_HA	1243	3322	A	142	0	3225	18.0675968992248
B_HA	1244	3418	G	46	0	3381	17.0638864241349
B_HA	1245	3380	T	82	0	3347	17.4663878099791
B_HA	1246	3439	G	22	0	3348	17.9913381123059
B_HA	1247	3409	A	52	0	3305	19.7028744326778
B_HA	1248	3419	G	42	0	3397	19.769208124816
B_HA	1249	3432	C	29	0	3406	19.3843217850851
B_HA	1250	3431	T	29	0	3404	19.7147473560517
B_HA	1251	3246	G	214	0	3185	22.0461538461538
B_HA	1252	3372	G	86	0	3335	19.9793103448276
B_HA	1253	3291	A	166	0	3265	18.6514548238897
B_HA	1254	3387	A	68	0	3350	18.0749253731343
B_HA	1255	3405	G	50	0	3292	17.0726002430134
B_HA	1256	3409	T	46	0	3342	17.0733093955715
B_HA	1257	3223	A	232	0	3156	18.2867553865653
B_HA	1258	3346	A	109	0	3319	18.7475143115396
B_HA	1259	3300	A	155	0	3239	17.1163939487496
B_HA	1260	3269	G	184	0	3160	18.8639240506329
B_HA	1261	3282	A	171	0	3235	18.5953632148377
B_HA	1262	3386	A	67	0	3227	18.7384567709947
B_HA	1263	3424	T	28	0	3398	17.6009417304297
B_HA	1264	3423	C	29	0	3383	19.2997339639373
B_HA	1265	3418	T	34	0	3393	20.8582375478927
B_HA	1266	3436	T	16	0	3409	24.9897330595483
B_HA	1267	3423	C	28	0	3355	25.3013412816691
B_HA	1268	3373	A	77	0	3338	21.9035350509287
B_HA	1269	3423	A	24	0	3406	21.6071638285379
B_HA	1270	3439	A	8	0	3394	21.7828520919269
B_HA	1271	3423	G	24	0	3368	24.5127672209026
B_HA	1272	3431	A	15	0	3332	23.2286914765906
B_HA	1273	3415	C	31	0	3345	21.0224215246637
B_HA	1274	3381	T	64	0	3276	19.5793650793651
B_HA	1275	3203	A	241	0	3141	20.168417701369
B_HA	1276	3388	A	56	0	3334	18.0734853029394
B_HA	1277	3354	G	89	0	3060	14.4153594771242
B_HA	1278	3369	C	73	0	3293	14.4901305800182
B_HA	1279	3390	G	51	0	3098	12.6287927695287
B_HA	1280	3418	G	23	0	3275	12.1545038167939
B_HA	1281	3425	T	14	0	3391	13.6593925095842
B_HA	1282	3414	G	25	0	3322	14.7239614689946
B_HA	1283	3374	C	64	0	3324	18.8694344163658
B_HA	1284	3419	C	19	0	3376	21.6409952606635
B_HA	1285	3409	A	29	0	3377	20.6440627776133
B_HA	1286	3421	T	17	0	3400	21.8655882352941
B_HA	1287	3404	G	34	0	3380	22.142899408284
B_HA	1288	3431	G	7	0	3406	21.4550792718732
B_HA	1289	3425	A	11	0	3384	22.7349290780142
B_HA	1290	3426	T	10	0	3412	24.3818874560375
B_HA	1291	3431	G	4	0	3346	20.4052600119546
B_HA	1292	3418	A	17	0	3328	20.2451923076923
B_HA	1293	3423	A	11	0	3382	20.0422826729746
B_HA	1294	3401	C	33	0	3384	20.2695035460993
B_HA	1295	3371	T	62	0	3351	20.3858549686661
B_HA	1296	3279	C	153	0	3259	23.6486652347346
B_HA	1297	3377	C	55	0	3322	20.7871763997592
B_HA	1298	3331	A	99	0	3272	17.5198655256724
B_HA	1299	3379	C	51	0	3337	19.7033263410249
B_HA	1300	3350	A	80	0	3305	20.9803328290469
B_HA	1301	3360	A	69	0	3180	17.9701257861635
B_HA	1302	3361	C	66	0	3252	16.6036285362854
B_HA	1303	3339	G	88	0	3197	12.9149202377229
B_HA	1304	3380	A	47	0	3315	12.5939668174962
B_HA	1305	3403	A	24	0	3382	13.0455351862803
B_HA	1306	3398	A	29	0	3344	19.4264354066986
B_HA	1307	3375	T	52	0	3334	20.0494901019796
B_HA	1308	3374	A	52	0	3244	21.2663378545006
B_HA	1309	3369	C	56	0	3338	20.8010784901138
B_HA	1310	3354	T	69	0	3315	20.2202111613876
B_HA	1311	3369	A	54	0	3328	19.9197716346154
B_HA	1312	3402	G	21	0	3366	20.1485442661913
B_HA	1313	3399	A	23	0	3370	20.4679525222552
B_HA	1314	3411	A	11	0	3372	21.9510676156584
B_HA	1315	3410	C	12	0	3384	21.8593380614657
B_HA	1316	3400	T	22	0	3360	22.7916666666667
B_HA	1317	3390	A	28	0	3359	23.5165227746353
B_HA	1318	3399	G	18	0	3378	23.4387211367673
B_HA	1319	3396	A	20	0	3363	24.1439191198335
B_HA	1320	3392	T	24	0	3374	26.00622406639
B_HA	1321	2874	G	540	0	2840	24.3989436619718
B_HA	1322	2884	A	530	0	2846	25.2923401264933
B_HA	1323	3340	G	73	0	3320	19.6349397590361
B_HA	1324	3345	A	68	0	3320	19.0879518072289
B_HA	1325	3399	A	14	0	3350	17.6889552238806
B_HA	1326	3403	A	10	0	3381	19.1931381248151
B_HA	1327	3386	G	27	0	3330	19.9735735735736
B_HA	1328	3387	T	26	0	3372	20.3428232502966
B_HA	1329	3379	G	33	0	3369	21.2214306915999
B_HA	1330	3396	G	16	0	3380	21.3890532544379
B_HA	1331	3394	A	17	0	3355	24.4745156482861
B_HA	1332	3394	T	17	0	3362	24.4762046400952
B_HA	1333	3404	G	7	0	3368	24.604216152019
B_HA	1334	3400	A	10	0	3340	24.6535928143713
B_HA	1335	3369	C	39	0	3326	22.9849669272399
B_HA	1336	3390	C	16	0	3358	20.7430017867778
B_HA	1337	3385	T	21	0	3340	20.2419161676647
B_HA	1338	3383	C	23	0	3347	21.4935763370182
B_HA	1339	3379	A	27	0	3348	17.991935483871
B_HA	1340	3313	G	90	0	3239	14.843470206854
B_HA	1341	3311	A	90	0	3264	15.2668504901961
B_HA	1342	3348	G	51	0	3208	16.8687655860349
B_HA	1343	3353	C	46	0	3322	16.1556291390728
B_HA	1344	3349	T	50	0	3300	16.0660606060606
B_HA	1345	3328	G	71	0	3222	17.7554314090627
B_HA	1346	3343	A	56	0	3257	20.1298741172858
B_HA	1347	3356	T	43	0	3268	20.4721542227662
B_HA	1348	3301	A	97	0	3174	20.0299306868305
B_HA	1349	3307	C	91	0	3244	19.7832922318126
B_HA	1350	3323	A	72	0	3281	20.4602255409936
B_HA	1351	3347	A	50	0	3286	21.1832014607425
B_HA	1352	3343	T	54	0	3238	21.8971587399629
B_HA	1353	3223	A	174	0	3156	23.0738276299113
B_HA	1354	3374	A	23	0	3333	20.0579057905791
B_HA	1355	3332	G	65	0	3253	17.5923762680603
B_HA	1356	3329	C	68	0	3302	19.0124167171411
B_HA	1357	3359	T	37	0	3291	20.4099058037071
B_HA	1358	3325	C	69	0	3261	21.7690892364305
B_HA	1359	3278	A	116	0	3178	20.2164883574575
B_HA	1360	3373	C	21	0	3223	19.9972075705864
B_HA	1361	3379	A	14	0	3317	20.0057280675309
B_HA	1362	3365	G	28	0	3342	18.0329144225015
B_HA	1363	3368	A	25	0	3326	18.9107035478052
B_HA	1364	3374	T	18	0	3326	22.4801563439567
B_HA	1365	3302	A	88	0	3194	19.7128991859737
B_HA	1366	3364	G	24	0	3290	17.6714285714286
B_HA	1367	3357	A	31	0	3317	17.4109134760326
B_HA	1368	3371	A	14	0	3312	18.717693236715
B_HA	1369	3353	C	30	0	3327	19.3615870153291
B_HA	1370	3343	T	39	0	3292	21.5382746051033
B_HA	1371	3266	C	116	0	3189	21.675760426466
B_HA	1372	3260	G	122	0	1843	12.6207270754205
B_HA	1373	3263	C	119	0	2678	11.4301717699776
B_HA	1374	3344	A	38	0	2825	10.852389380531
B_HA	1375	3309	G	73	0	2768	11.2420520231214
B_HA	1376	3371	T	11	0	3227	13.2035946699721
B_HA	1377	3266	C	116	0	3207	14.0810726535703
B_HA	1378	3345	C	36	0	3297	13.784652714589
B_HA	1379	3321	T	59	0	3280	15.8314024390244
B_HA	1380	3341	G	39	0	3234	18.4758812615955
B_HA	1381	3342	C	38	0	3322	20.6414810355208
B_HA	1382	3296	T	84	0	3274	21.1756261453879
B_HA	1383	3275	T	105	0	3251	21.5681328821901
B_HA	1384	3286	T	93	0	3231	25.023831631074
B_HA	1385	3001	C	378	0	2973	26.3081062899428
B_HA	1386	3334	C	44	0	3298	18.5803517283202
B_HA	1387	3330	A	48	0	3307	15.9927426670699
B_HA	1388	3347	A	30	0	3309	17.6893321245089
B_HA	1389	3339	T	37	0	3292	23.3277642770352
B_HA	1390	3340	G	36	0	3314	21.627942063971
B_HA	1391	3321	A	55	0	3273	21.3538038496792
B_HA	1392	3323	A	52	0	3297	21.3466787989081
B_HA	1393	3257	G	118	0	3192	22.7875939849624
B_HA	1394	3334	G	41	0	3310	19.7483383685801
B_HA	1395	3269	A	105	0	3239	18.8567459092312
B_HA	1396	3301	A	73	0	3266	21.2281077770974
B_HA	1397	3301	T	73	0	3247	21.8204496458269
B_HA	1398	3350	A	24	0	3317	25.1432016882725
B_HA	1399	3354	A	19	0	3313	25.7651675218835
B_HA	1400	3351	T	22	0	3296	25.6735436893204
B_HA	1401	3328	A	43	0	3291	26.058644788818
B_HA	1402	3353	A	17	0	3328	26.0868389423077
B_HA	1403	3351	A	17	0	3177	22.6436890147938
B_HA	1404	3348	C	18	0	3309	21.0386823813841
B_HA	1405	3346	A	19	0	3285	18.2663622526636
B_HA	1406	3330	G	31	0	3287	17.5403103133556
B_HA	1407	3328	T	33	0	3312	19.3025362318841
B_HA	1408	3341	G	17	0	3317	20.162194754296
B_HA	1409	3325	A	33	0	3297	22.7373369730058
B_HA	1410	3316	A	42	0	3285	23.1302891933029
B_HA	1411	3310	G	48	0	3247	22.1974129966123
B_HA	1412	3346	A	11	0	3294	23.3451730418944
B_HA	1413	3346	T	11	0	3321	22.7302017464619
B_HA	1414	3340	G	15	0	3257	20.6585815167332
B_HA	1415	3333	A	20	0	3238	22.0487955528104
B_HA	1416	3339	A	11	0	3265	21.9488514548239
B_HA	1417	3334	C	16	0	3300	21.9175757575758
B_HA	1418	3327	A	23	0	3302	21.9460932768019
B_HA	1419	3233	T	117	0	3217	24.587193036991
B_HA	1420	3247	C	102	0	3232	24.5300123762376
B_HA	1421	3320	T	29	0	3304	25.0006053268765
B_HA	1422	3305	C	44	0	3284	27.9424482338611
B_HA	1423	3252	T	97	0	3203	32.2463315641586
B_HA	1424	3288	T	61	0	3250	25.8738461538462
B_HA	1425	3234	G	114	0	3116	20.9711168164313
B_HA	1426	2948	G	400	0	2886	19.2952182952183
B_HA	1427	2983	C	365	0	2915	18.0054888507719
B_HA	1428	3154	G	192	0	2971	14.9670144732413
B_HA	1429	3219	C	126	0	3187	14.6369626608095
B_HA	1430	3117	T	228	0	2728	15.0542521994135
B_HA	1431	3190	T	155	0	3110	15.2424437299035
B_HA	1432	3115	G	230	0	3070	17.1495114006515
B_HA	1433	2794	A	550	0	2743	18.1195771053591
B_HA	1434	2878	A	464	0	2837	18.9714487134297
B_HA	1435	2860	A	482	0	2803	16.3853014627185
B_HA	1436	2905	G	436	0	2852	18.148667601683
B_HA	1437	3247	A	94	0	3212	18.0311332503113
B_HA	1438	3288	A	53	0	3255	17.631643625192
B_HA	1439	3310	A	31	0	3280	17.8515243902439
B_HA	1440	3316	G	25	0	3289	18.4329583460018
B_HA	1441	3317	C	24	0	3291	19.9292008508052
B_HA	1442	3304	T	35	0	3270	20.2018348623853
B_HA	1443	3249	G	90	0	3229	21.588417466708
B_HA	1444	3171	A	167	0	3149	21.4204509368053
B_HA	1445	3182	A	156	0	3160	21.2636075949367
B_HA	1446	3284	G	53	0	3259	21.1067812212335
B_HA	1447	3163	A	173	0	3111	21.9472838315654
B_HA	1448	3316	A	20	0	3301	22.8106634353226
B_HA	1449	3314	A	20	0	3294	25.247723132969
B_HA	1450	3309	A	23	0	3283	25.773987206823
B_HA	1451	3276	T	54	0	3260	24.1168711656442
B_HA	1452	3269	G	59	0	3181	22.006287331028
B_HA	1453	3208	C	120	0	3129	19.8098434004474
B_HA	1454	3266	T	62	0	3193	18.4741622298779
B_HA	1455	3267	G	61	0	3092	17.0601552393273
B_HA	1456	3284	G	45	0	3086	16.5359688917693
B_HA	1457	3266	G	63	0	3213	15.8372237784002
B_HA	1458	3022	C	305	0	2974	16.100537995965
B_HA	1459	3207	C	120	0	3172	17.7777427490542
B_HA	1460	3284	C	43	0	3227	19.5689494886892
B_HA	1461	3224	C	103	0	3188	20.0608531994981
B_HA	1462	3210	T	117	0	3179	21.8370556778861
B_HA	1463	3264	C	62	0	3248	22.7121305418719
B_HA	1464	3260	T	65	0	3235	23.7975270479134
B_HA	1465	3261	G	60	0	3133	22.9604213214172
B_HA	1466	3290	C	31	0	3237	21.9928946555453
B_HA	1467	3210	T	70	0	3153	21.732318426895
B_HA	1468	3213	G	66	0	3129	21.4378395653563
B_HA	1469	3224	T	55	0	3117	21.3718318896375
B_HA	1470	3127	A	151	0	3067	18.5132050864037
B_HA	1471	3242	G	36	0	3198	16.6629143214509
B_HA	1472	3244	A	34	0	3186	16.8185812931576
B_HA	1473	3169	G	109	0	3128	34.0041560102302
B_HA	1474	3223	A	55	0	3180	41.2512578616352
B_HA	1475	3210	T	68	0	3144	18.8864503816794
B_HA	1476	3114	A	163	0	3027	17.6415592996366
B_HA	1477	2932	G	345	0	2860	18.3975524475524
B_HA	1478	3215	G	61	0	3170	15.9135646687697
B_HA	1479	3220	A	55	0	3185	14.0659340659341
B_HA	1480	3264	A	11	0	3228	16.9724287484511
B_HA	1481	3265	A	10	0	3211	19.0516972905637
B_HA	1482	3260	T	15	0	3242	20.4469463294263
B_HA	1483	3230	G	45	0	3198	22.5609756097561
B_HA	1484	3261	G	14	0	3231	22.4091612503869
B_HA	1485	3223	A	52	0	3179	22.1207927021076
B_HA	1486	3234	T	40	0	3212	22.7151307596513
B_HA	1487	3227	G	47	0	3128	21.2282608695652
B_HA	1488	3221	C	53	0	3193	20.2618227372377
B_HA	1489	3094	T	179	0	3057	21.0667320902846
B_HA	1490	3106	T	167	0	3061	21.3224436458674
B_HA	1491	3217	T	56	0	3163	23.6506481188745
B_HA	1492	3200	G	73	0	3147	20.7047982205275
B_HA	1493	3155	A	118	0	3099	19.0125847047435
B_HA	1494	3217	A	56	0	3106	18.5759819703799
B_HA	1495	3242	A	31	0	3065	21.1823817292007
B_HA	1496	3200	C	72	0	3017	20.6194895591647
B_HA	1497	3243	C	29	0	3141	19.6029926774912
B_HA	1498	3219	A	53	0	3174	19.1893509766856
B_HA	1499	3248	A	23	0	3215	20.9185069984448
B_HA	1500	3241	A	30	0	3128	20.855179028133
B_HA	1501	3242	C	29	0	3217	21.2004973577868
B_HA	1502	3244	A	27	0	3190	20.8918495297806
B_HA	1503	3251	C	20	0	3196	38.096057571965
B_HA	1504	3184	A	87	0	3136	42.6259566326531
B_HA	1505	3254	A	17	0	3201	21.3780068728522
B_HA	1506	3245	G	26	0	3177	17.7450424929178
B_HA	1507	3250	T	21	0	3232	19.4424504950495
B_HA	1508	3224	G	46	0	3137	19.8367867389225
B_HA	1509	3215	C	55	0	3185	20.1403453689168
B_HA	1510	3122	A	148	0	3079	22.775901266645
B_HA	1511	3239	A	31	0	3072	18.7610677083333
B_HA	1512	3090	C	180	0	2914	18.7072752230611
B_HA	1513	3250	C	20	0	3154	16.7412809131262
B_HA	1514	3256	A	14	0	3202	15.7960649594004
B_HA	1515	3237	G	33	0	3209	17.9473356185728
B_HA	1516	3238	A	32	0	3133	20.7685924034472
B_HA	1517	3218	C	52	0	3190	21.4
B_HA	1518	3244	C	26	0	3208	20.9872194513716
B_HA	1519	3238	T	32	0	3187	21.101349231252
B_HA	1520	3238	G	32	0	3167	23.1629302178718
B_HA	1521	3245	T	25	0	3206	23.9173424828447
B_HA	1522	3251	C	19	0	3225	24.0170542635659
B_HA	1523	3258	T	12	0	3230	23.0770897832817
B_HA	1524	3233	C	37	0	3174	21.7262129804663
B_HA	1525	3224	G	46	0	3042	16.3468113083498
B_HA	1526	3244	A	26	0	3109	15.9170151174011
B_HA	1527	3254	C	15	0	3176	16.1164987405542
B_HA	1528	3240	A	29	0	3204	16.8227215980025
B_HA	1529	3218	G	51	0	3185	18.738147566719
B_HA	1530	3229	A	39	0	3162	19.9958886780519
B_HA	1531	3242	A	26	0	3154	22.5149017121116
B_HA	1532	3237	T	31	0	3123	22.0336215177714
B_HA	1533	3248	A	20	0	3119	18.5726194293043
B_HA	1534	3180	G	87	0	2761	15.9949293734154
B_HA	1535	3196	C	71	0	3112	15.1381748071979
B_HA	1536	3207	T	62	0	3162	15.4873497786211
B_HA	1537	3178	G	91	0	2746	16.1114348142753
B_HA	1538	3209	C	59	0	3076	16.2792587776333
B_HA	1539	3202	T	66	0	3146	16.262555626192
B_HA	1540	3172	G	95	0	2378	15.0500420521447
B_HA	1541	3205	G	61	0	2759	14.3276549474447
B_HA	1542	3222	T	44	0	3076	13.9626137841352
B_HA	1543	3231	A	35	0	3140	14.2949044585987
B_HA	1544	3237	C	29	0	3179	16.8653664674426
B_HA	1545	3195	C	71	0	3134	17.432992980217
B_HA	1546	3103	T	163	0	3035	19.2467874794069
B_HA	1547	3171	T	95	0	3101	22.4179297000967
B_HA	1548	3244	T	21	0	3223	23.6310890474713
B_HA	1549	3242	G	23	0	3219	23.3914259086673
B_HA	1550	3237	A	28	0	3188	23.8127352572146
B_HA	1551	3243	T	22	0	3233	24.4828332817816
B_HA	1552	3224	G	41	0	3185	22.8954474097331
B_HA	1553	3158	C	107	0	3110	21.3070739549839
B_HA	1554	3074	A	190	0	2991	17.2537612838516
B_HA	1555	3140	G	124	0	3131	15.8930054295752
B_HA	1556	3167	G	97	0	3138	15.2463352453792
B_HA	1557	3185	A	79	0	3142	13.7702100572884
B_HA	1558	3109	G	155	0	3059	16.852893102321
B_HA	1559	3143	A	119	0	3103	15.0679987109249
B_HA	1560	3156	A	106	0	3107	15.4663662697135
B_HA	1561	2993	T	269	0	2918	17.1333104866347
B_HA	1562	3186	T	75	0	3111	20.7637415621986
B_HA	1563	3212	T	48	0	3152	22.4520939086294
B_HA	1564	3183	T	77	0	3118	20.6808851828095
B_HA	1565	2855	C	405	0	2724	22.6872246696035
B_HA	1566	3147	C	112	0	3116	21.1120025673941
B_HA	1567	3168	C	91	0	3136	16.8603316326531
B_HA	1568	3164	T	95	0	3116	17.9258664955071
B_HA	1569	3145	A	114	0	3100	20.6777419354839
B_HA	1570	2925	C	334	0	2895	21.8407599309154
B_HA	1571	3168	C	90	0	3111	20.6477017036323
B_HA	1572	3202	C	56	0	3122	18.0333119795003
B_HA	1573	3219	A	39	0	3178	18.7419760855884
B_HA	1574	3213	C	44	0	3170	19.5410094637224
B_HA	1575	3184	C	73	0	3143	19.5475660197264
B_HA	1576	3106	T	151	0	3063	20.8468821416912
B_HA	1577	3168	T	89	0	3121	22.8945850688882
B_HA	1578	3229	T	28	0	3200	24.68375
B_HA	1579	3228	G	29	0	3202	23.8869456589631
B_HA	1580	3232	A	25	0	3195	23.6287949921753
B_HA	1581	3236	T	20	0	3217	23.934721790488
B_HA	1582	3241	T	15	0	3217	25.0534659620765
B_HA	1583	3149	C	107	0	3118	24.3537524053881
B_HA	1584	3161	A	95	0	3129	21.7871524448706
B_HA	1585	3211	C	45	0	3175	20.9596850393701
B_HA	1586	3236	T	20	0	3192	20.5667293233083
B_HA	1587	3235	G	21	0	3169	20.0312401388451
B_HA	1588	3215	A	41	0	3150	20.9088888888889
B_HA	1589	3238	A	17	0	3198	21.9258911819887
B_HA	1590	3221	T	33	0	3192	22.952380952381
B_HA	1591	3206	A	48	0	3160	22.9161392405063
B_HA	1592	3186	T	68	0	3110	24.427652733119
B_HA	1593	3197	T	57	0	3159	23.7632162076607
B_HA	1594	3186	A	68	0	3123	22.5308997758565
B_HA	1595	2998	C	256	0	2958	22.0665990534145
B_HA	1596	2983	T	271	0	2951	22.0149101999322
B_HA	1597	2981	G	273	0	2894	21.1499654457498
B_HA	1598	3194	C	59	0	3158	20.6082963901203
B_HA	1599	2955	T	298	0	2912	18.9175824175824
B_HA	1600	2959	G	294	0	2912	18.5989010989011
B_HA	1601	3236	C	17	0	3207	19.3233551605862
B_HA	1602	3236	A	17	0	3224	19.465570719603
B_HA	1603	3236	T	16	0	3215	20.5138413685848
B_HA	1604	3231	C	21	0	3216	25.384328358209
B_HA	1605	3203	T	49	0	3182	25.8331238214959
B_HA	1606	3225	T	27	0	3201	27.3639487660106
B_HA	1607	3233	T	19	0	3192	28.4094611528822
B_HA	1608	3201	A	50	0	3160	28.0231012658228
B_HA	1609	3229	A	22	0	3210	25.8348909657321
B_HA	1610	3227	A	23	0	3170	24.5548895899054
B_HA	1611	3216	T	34	0	3198	24.8774233896185
B_HA	1612	3202	G	48	0	3175	24.6714960629921
B_HA	1613	3209	A	41	0	3143	23.7957365574292
B_HA	1614	3212	C	36	0	3153	19.6495401205201
B_HA	1615	3217	G	31	0	3120	16.5596153846154
B_HA	1616	3224	A	24	0	3122	16.3116591928251
B_HA	1617	3236	T	12	0	3215	16.5642301710731
B_HA	1618	3218	G	30	0	3139	18.7521503663587
B_HA	1619	3237	G	11	0	3195	20.5906103286385
B_HA	1620	3171	A	77	0	3121	22.1675744953541
B_HA	1621	3224	T	24	0	3207	21.7804801995635
B_HA	1622	3241	T	6	0	3222	21.8091247672253
B_HA	1623	3172	G	74	0	3132	21.8952745849298
B_HA	1624	3231	G	14	0	3170	21.5069400630915
B_HA	1625	3228	A	17	0	3177	21.7541706011961
B_HA	1626	3225	C	19	0	3170	21.5637223974763
B_HA	1627	3226	A	17	0	3194	21.762680025047
B_HA	1628	3234	A	9	0	3200	23.5228125
B_HA	1629	3231	T	12	0	3207	23.754911131899
B_HA	1630	3219	C	23	0	3194	25.218221665623
B_HA	1631	3191	A	51	0	3101	23.8642373427926
B_HA	1632	3201	T	41	0	3150	23.8942857142857
B_HA	1633	3214	A	27	0	3113	21.5563764857051
B_HA	1634	3210	C	29	0	3160	20.4518987341772
B_HA	1635	3184	T	53	0	3137	20.498246732547
B_HA	1636	3188	A	48	0	3126	20.6151631477927
B_HA	1637	3205	T	31	0	3162	22.3368121442125
B_HA	1638	3196	A	38	0	3058	19.7377370830608
B_HA	1639	3194	C	39	0	3161	18.44922492882
B_HA	1640	3138	T	94	0	3079	18.6696979538811
B_HA	1641	3144	G	88	0	3034	18.2827949901121
B_HA	1642	3182	C	50	0	3151	19.2634084417645
B_HA	1643	3062	T	170	0	3034	20.2920237310481
B_HA	1644	3134	T	97	0	3099	20.9344949983866
B_HA	1645	3127	T	104	0	3080	23.8896103896104
B_HA	1646	3111	A	120	0	3048	22.4563648293963
B_HA	1647	3127	C	104	0	3109	21.3261498874236
B_HA	1648	3171	T	60	0	3140	21.368152866242
B_HA	1649	3154	A	75	0	3071	21.5812438944969
B_HA	1650	3163	C	65	0	3142	21.0636537237428
B_HA	1651	3164	T	64	0	3138	21.6800509878904
B_HA	1652	3183	C	45	0	3135	21.8239234449761
B_HA	1653	3174	A	54	0	3152	19.7791878172589
B_HA	1654	3162	A	66	0	3045	17.9829228243021
B_HA	1655	3051	C	176	0	3022	19.9073461283918
B_HA	1656	3056	T	171	0	3033	19.9986811737554
B_HA	1657	3066	G	161	0	2951	19.413419179939
B_HA	1658	3192	C	35	0	3156	21.3900506970849
B_HA	1659	3185	T	40	0	3144	19.8854961832061
B_HA	1660	3177	G	48	0	3125	19.60448
B_HA	1661	3175	C	50	0	3148	21.5393900889454
B_HA	1662	3158	C	66	0	3133	20.4826045323971
B_HA	1663	3163	T	61	0	3140	19.6949044585987
B_HA	1664	2213	C	1009	0	2175	20.9328735632184
B_HA	1665	3198	C	22	0	3170	16.7889589905363
B_HA	1666	3199	A	20	0	3167	12.9283233343859
B_HA	1667	3209	G	10	0	3164	14.1118836915297
B_HA	1668	3186	T	33	0	3149	20.3766275007939
B_HA	1669	3209	T	10	0	3193	22.319135609145
B_HA	1670	3204	T	14	0	3183	23.5058121269243
B_HA	1671	3174	G	44	0	3128	23.8788363171356
B_HA	1672	3177	G	41	0	3141	21.7570837312958
B_HA	1673	3181	C	37	0	3158	21.1656111462951
B_HA	1674	3175	T	43	0	3154	21.5951173113507
B_HA	1675	3171	G	47	0	3119	21.8550817569734
B_HA	1676	3175	T	38	0	3113	21.1063283006746
B_HA	1677	3164	A	48	0	3132	21.4626436781609
B_HA	1678	3171	A	41	0	3100	21.3261290322581
B_HA	1679	3180	C	32	0	3158	22.6048131728942
B_HA	1680	3186	A	24	0	3147	22.7222751827137
B_HA	1681	3146	C	64	0	3100	20.8961290322581
B_HA	1682	3153	T	55	0	3125	20.41696
B_HA	1683	3155	G	52	0	3112	20.6715938303342
B_HA	1684	3157	A	50	0	3104	21.6778350515464
B_HA	1685	3201	T	6	0	3188	23.9011919698871
B_HA	1686	3185	G	22	0	3135	20.9716108452951
B_HA	1687	3190	A	17	0	3126	20.8067818298145
B_HA	1688	3181	T	25	0	3164	22.2057522123894
B_HA	1689	3181	A	25	0	3136	20.8089923469388
B_HA	1690	3140	G	66	0	3092	19.2632600258732
B_HA	1691	3192	C	14	0	3124	19.8553137003841
B_HA	1692	3183	T	22	0	3160	20.1170886075949
B_HA	1693	3188	A	16	0	3140	21.2805732484076
B_HA	1694	3186	T	18	0	3172	23.5349936948298
B_HA	1695	3183	C	18	0	3161	24.4254982600443
B_HA	1696	3130	T	71	0	3107	24.7573221757322
B_HA	1697	3163	T	35	0	3137	25.9375199234938
B_HA	1698	3171	T	25	0	3149	26.6598920292156
B_HA	1699	3167	G	27	0	3030	23.1798679867987
B_HA	1700	3175	T	17	0	3138	22.3897386870618
B_HA	1701	3166	T	25	0	3156	22.0291508238276
B_HA	1702	3154	G	27	0	3085	21.915397082658
B_HA	1703	3085	T	49	0	3046	25.0246224556796
B_HA	1704	3125	T	9	0	3106	25.4800386349002
B_HA	1705	3045	T	87	0	3013	25.1374045801527
B_HA	1706	3040	A	92	0	2998	26.4006004002668
B_HA	1707	3127	T	4	0	3108	26.472972972973
B_HA	1708	3123	A	6	0	3074	29.9216005204945
B_HA	1709	3100	T	25	0	3072	30.6461588541667
B_HA	1710	3078	G	47	0	2963	21.573067836652
B_HA	1711	3098	G	26	0	3032	20.8601583113456
B_HA	1712	3100	T	22	0	3065	21.2831973898858
B_HA	1713	3087	C	33	0	3066	21.4657534246575
B_HA	1714	3108	T	11	0	3081	22.5170399221032
B_HA	1715	2967	C	152	0	2946	23.13272233537
B_HA	1716	3084	C	33	0	3045	19.5379310344828
B_HA	1717	3073	A	44	0	3048	18.7683727034121
B_HA	1718	3087	G	30	0	3061	19.1610584776217
B_HA	1719	3095	A	20	0	3028	20.0092470277411
B_HA	1720	3061	G	53	0	3012	37.8442895086321
B_HA	1721	3083	A	31	0	3034	41.7221489782465
B_HA	1722	3103	C	11	0	3058	20.2194244604317
B_HA	1723	3103	A	11	0	3082	20.2086307592472
B_HA	1724	3104	A	8	0	3063	22.1482206986614
B_HA	1725	3100	T	11	0	3088	23.5790155440415
B_HA	1726	3098	G	12	0	3052	23.1769331585845
B_HA	1727	3029	T	81	0	3000	23.0573333333333
B_HA	1728	3078	T	29	0	3062	24.4196603527106
B_HA	1729	3056	T	51	0	3032	22.9558047493404
B_HA	1730	3051	C	56	0	3029	25.0633872565203
B_HA	1731	3043	T	64	0	3024	26.2195767195767
B_HA	1732	3080	T	24	0	3061	25.4266579549167
B_HA	1733	3031	G	67	0	2821	21.1814959234314
B_HA	1734	3033	C	61	0	2993	19.8566655529569
B_HA	1735	3039	T	54	0	2999	19.6912304101367
B_HA	1736	2976	C	116	0	2932	20.0047748976808
B_HA	1737	3057	C	34	0	3030	21.5059405940594
B_HA	1738	3054	A	35	0	3037	21.1116233124794
B_HA	1739	3012	T	75	0	2972	22.6228129205922
B_HA	1740	3083	T	2	0	3075	25.8113821138211
B_HA	1741	3078	T	2	0	3070	26.1846905537459
B_HA	1742	3057	G	2	0	3012	25.5650730411687
B_HA	1743	3053	T	2	0	3033	25.8285525881965
B_HA	1744	3045	C	3	0	3032	24.0349604221636
B_HA	1745	3033	T	4	0	3024	23.0747354497354
B_HA	1746	2998	A	0	0	2991	23.5376128385155
B_HA	1747	2934	T	0	0	2931	24.6543841692255
B_HA	1748	2904	A	0	0	2904	25.9593663911846
B_HA	1749	2752	A	0	0	2752	23.0763081395349
