Reference_Name	Position	Coverage Depth	Consensus	Deletions	Ambiguous	Consensus_Count	Consensus_Average_Quality
B_NA	1	6182	A	0	0	6182	30.3282109349725
B_NA	2	6219	T	0	0	6219	27.7181218845474
B_NA	3	6272	G	0	0	6266	22.5507500797957
B_NA	4	6290	A	0	0	6275	22.3985657370518
B_NA	5	6401	A	1	0	6284	21.8104710375557
B_NA	6	6422	C	2	0	6384	21.8289473684211
B_NA	7	6427	A	23	0	6402	21.5870040612309
B_NA	8	6447	A	11	0	6387	23.9162361045874
B_NA	9	6436	T	31	0	6417	24.2410783855384
B_NA	10	6418	G	50	0	6239	22.5295720468024
B_NA	11	6379	C	98	0	6336	21.5127840909091
B_NA	12	6370	T	114	0	6264	20.7776181353768
B_NA	13	6389	A	98	0	6327	19.9208155523945
B_NA	14	5903	C	587	0	5841	21.5618900873138
B_NA	15	6469	C	30	0	6425	21.0325291828794
B_NA	16	6477	C	22	0	6424	19.4192092154421
B_NA	17	6463	T	38	0	6397	20.8294513052994
B_NA	18	6479	C	24	0	6452	22.46667699938
B_NA	19	6442	A	63	0	6397	21.239487259653
B_NA	20	6462	A	43	0	6333	21.0606347702511
B_NA	21	6462	C	46	0	6416	22.2219451371571
B_NA	22	6440	T	69	0	6391	22.6659364731654
B_NA	23	6442	A	68	0	6334	22.2587622355542
B_NA	24	6470	T	40	0	6395	23.0720875684128
B_NA	25	6424	A	86	0	6256	21.8537404092072
B_NA	26	6434	C	77	0	6318	20.897594175372
B_NA	27	6453	A	62	0	6411	20.8089221650289
B_NA	28	6499	A	16	0	6458	21.655001548467
B_NA	29	6486	A	29	0	6210	22.8874396135266
B_NA	30	6475	C	40	0	6439	23.5958999844696
B_NA	31	6471	G	45	0	5990	22.1632721202003
B_NA	32	6486	T	32	0	6421	21.066033328142
B_NA	33	6475	T	43	0	6434	22.1462542741685
B_NA	34	6414	A	106	0	6347	23.024578541043
B_NA	35	6449	A	71	0	6346	25.8028679483139
B_NA	36	5511	C	1009	0	5397	23.5573466740782
B_NA	37	6227	C	295	0	6154	21.459213519662
B_NA	38	6489	C	33	0	6404	17.3294815740162
B_NA	39	6481	T	42	0	6431	18.1327942777173
B_NA	40	6480	A	43	0	6427	21.0815310409211
B_NA	41	6468	T	55	0	6389	22.5739552355611
B_NA	42	6493	T	30	0	6468	24.9056895485467
B_NA	43	6424	T	99	0	6370	28.0376766091052
B_NA	44	6329	C	194	0	6311	28.6374584059579
B_NA	45	6461	T	62	0	6418	27.4884699283266
B_NA	46	5944	C	579	0	5893	26.0149329713219
B_NA	47	5961	A	563	0	5841	22.3025166923472
B_NA	48	6498	C	28	0	6466	20.1956387256418
B_NA	49	6505	A	38	0	6438	20.3170239204722
B_NA	50	6497	T	47	0	6466	20.7129600989793
B_NA	51	6495	C	58	0	6464	24.9989170792079
B_NA	52	6228	A	326	0	6122	16.5978438418817
B_NA	53	3731	G	2828	0	3637	15.5345064613693
B_NA	54	4936	G	1630	0	4856	16.1995469522241
B_NA	55	6247	G	327	0	6158	17.6610912633972
B_NA	56	6175	G	403	0	6025	18.9312863070539
B_NA	57	5728	G	851	0	5519	17.6089871353506
B_NA	58	5624	A	956	0	5478	19.3026652062797
B_NA	59	6382	G	199	0	6140	15.3758957654723
B_NA	60	6313	T	268	0	6227	14.8537016219688
B_NA	61	6403	A	179	0	6275	16.1950597609562
B_NA	62	6409	T	173	0	6234	19.4974334295797
B_NA	63	6503	T	79	0	6451	23.0948690125562
B_NA	64	6481	A	102	0	6359	22.1687372228338
B_NA	65	6550	T	33	0	6353	22.9765465134582
B_NA	66	6550	T	33	0	6507	24.1209466728139
B_NA	67	6544	A	39	0	6479	23.8377836085816
B_NA	68	6551	T	32	0	6490	25.2425269645609
B_NA	69	6423	C	160	0	6386	24.8283745693705
B_NA	70	6457	A	126	0	6356	22.2297042164884
B_NA	71	6546	C	37	0	6484	21.8235657001851
B_NA	72	6401	T	182	0	6347	21.5969749487947
B_NA	73	6414	A	169	0	6339	22.687016879634
B_NA	74	6555	T	28	0	6510	24.1364055299539
B_NA	75	6555	A	28	0	6463	26.8782299241838
B_NA	76	6446	T	137	0	6392	31.8717146433041
B_NA	77	6425	G	158	0	6302	23.4447794351
B_NA	78	6548	T	36	0	6490	23.6759630200308
B_NA	79	6530	G	54	0	6317	26.1497546303625
B_NA	80	6532	T	52	0	6443	26.2441409281391
B_NA	81	6498	C	86	0	6366	24.2397109644989
B_NA	82	6459	A	125	0	6302	19.5185655347509
B_NA	83	6497	G	87	0	5886	16.6362555215766
B_NA	84	6530	C	54	0	6483	16.1772327626099
B_NA	85	6417	T	167	0	6351	16.8905684144229
B_NA	86	6400	T	184	0	6285	18.8577565632458
B_NA	87	6485	C	99	0	6388	23.8857232310582
B_NA	88	6539	A	45	0	6442	22.8742626513505
B_NA	89	6561	T	23	0	6445	22.9765709852599
B_NA	90	6563	T	21	0	6538	24.6973080452738
B_NA	91	6557	A	27	0	6487	22.5657468783721
B_NA	92	6567	T	17	0	6522	25.9020239190432
B_NA	93	6522	C	62	0	6478	25.7587218277246
B_NA	94	6507	A	77	0	6381	22.9177244945933
B_NA	95	6449	T	135	0	6357	23.0006292276231
B_NA	96	6459	A	125	0	6246	21.4193083573487
B_NA	97	6471	C	113	0	6428	20.9632856253889
B_NA	98	6289	T	295	0	6204	21.5635074145712
B_NA	99	6371	T	213	0	6267	22.0142013722674
B_NA	100	6341	A	243	0	6190	22.3528271405493
B_NA	101	6458	C	126	0	6391	22.1960569550931
B_NA	102	6511	T	73	0	6472	21.4352595797281
B_NA	103	6545	A	39	0	6494	22.1424391746227
B_NA	104	6572	T	12	0	6535	24.0792654934966
B_NA	105	6569	A	15	0	6456	31.9597273853779
B_NA	106	6567	T	17	0	6523	42.3631764525525
B_NA	107	6567	T	17	0	6527	28.1196568101731
B_NA	108	6487	C	97	0	6423	24.0971508640822
B_NA	109	6523	G	61	0	6288	19.6544211195929
B_NA	110	6569	G	15	0	6500	18.7810769230769
B_NA	111	6547	A	37	0	6477	19.2342133703875
B_NA	112	6551	T	33	0	6487	21.5839371049792
B_NA	113	6570	A	13	0	6500	24.4130769230769
B_NA	114	6563	T	20	0	6529	35.6832593046408
B_NA	115	6477	A	106	0	6349	59.2160970231533
B_NA	116	6544	T	39	0	6392	35.7165206508135
B_NA	117	6547	T	36	0	6505	23.367717140661
B_NA	118	6427	G	156	0	6047	20.3358690259633
B_NA	119	6440	C	143	0	6274	19.5962703219637
B_NA	120	6403	T	180	0	6287	19.3516780658502
B_NA	121	6206	A	377	0	6034	19.3374212794166
B_NA	122	6547	A	35	0	6494	20.835694487219
B_NA	123	6564	A	18	0	6527	22.3301669986211
B_NA	124	6567	A	15	0	6508	23.6344499078058
B_NA	125	6565	T	18	0	6520	23.9286809815951
B_NA	126	6530	T	53	0	6490	26.3587057010786
B_NA	127	6427	C	155	0	6358	26.3383139351997
B_NA	128	6555	T	27	0	6481	24.6347785835519
B_NA	129	6325	C	257	0	6271	25.2661457502791
B_NA	130	6341	A	241	0	6134	19.2632865992827
B_NA	131	6507	C	75	0	6204	19.1656995486783
B_NA	132	6436	A	146	0	6358	19.3394149103492
B_NA	133	6533	A	48	0	6472	19.5245673671199
B_NA	134	6531	A	50	0	5747	18.0958761092744
B_NA	135	6524	C	57	0	6439	18.1090231402392
B_NA	136	6032	A	549	0	5903	16.1114687447061
B_NA	137	6219	G	362	0	6097	15.13941282598
B_NA	138	6542	A	39	0	6509	16.1438008910739
B_NA	139	6551	A	30	0	6513	17.8625825272532
B_NA	140	6544	A	37	0	6456	24.8835192069393
B_NA	141	6523	T	58	0	6433	24.379760609358
B_NA	142	6521	A	60	0	6442	25.8044085687675
B_NA	143	6512	A	69	0	6379	23.1493964571249
B_NA	144	6465	C	116	0	6415	22.8771628994544
B_NA	145	6457	T	121	0	6382	22.6339705421498
B_NA	146	6397	G	180	0	6275	21.0121115537849
B_NA	147	6238	C	339	0	6167	22.1066969353008
B_NA	148	6271	A	304	0	6165	20.6840227088402
B_NA	149	6312	C	263	0	6179	20.2401683120246
B_NA	150	6490	C	85	0	6305	20.83013481364
B_NA	151	6467	A	107	0	6401	21.313857209811
B_NA	152	6483	A	91	0	6315	21.8658749010293
B_NA	153	6536	C	38	0	6442	22.3101521266687
B_NA	154	6522	A	52	0	6476	23.5458616429895
B_NA	155	6531	A	43	0	6439	23.7549308898897
B_NA	156	6549	T	24	0	6515	25.6471220260936
B_NA	157	6543	G	30	0	6451	25.4372965431716
B_NA	158	6515	C	58	0	6474	24.1782514674081
B_NA	159	6541	C	31	0	6461	23.5010060362173
B_NA	160	6543	A	29	0	6482	22.2101203332305
B_NA	161	6541	T	30	0	6479	23.8518289859546
B_NA	162	6519	C	51	0	6435	24.1199689199689
B_NA	163	6511	G	59	0	6053	17.0446059805055
B_NA	164	6539	G	31	0	6403	16.0359206621896
B_NA	165	6312	A	257	0	6031	17.8603879953573
B_NA	166	6528	T	41	0	6497	17.9256579959982
B_NA	167	6530	T	39	0	6444	18.9534450651769
B_NA	168	6520	G	49	0	6384	19.0015664160401
B_NA	169	6512	T	57	0	6429	21.5143879296936
B_NA	170	6504	G	65	0	6255	20.2610711430855
B_NA	171	6490	C	77	0	6424	19.8885429638854
B_NA	172	6416	A	151	0	6348	20.2788279773157
B_NA	173	6513	A	54	0	6430	20.6279937791602
B_NA	174	6464	A	103	0	6314	23.413208742477
B_NA	175	6387	C	179	0	6301	21.4959530233296
B_NA	176	6459	G	107	0	6178	18.9075752670767
B_NA	177	6546	C	20	0	6511	18.4848717554907
B_NA	178	6535	A	30	0	6490	19.1342064714946
B_NA	179	6542	T	23	0	6483	20.8116612679315
B_NA	180	6515	C	50	0	6474	26.6970960766141
B_NA	181	6437	A	128	0	6417	23.7597007947639
B_NA	182	6535	A	29	0	6517	23.373024397729
B_NA	183	6546	A	18	0	6497	24.9618285362475
B_NA	184	6544	T	20	0	6514	26.767424009825
B_NA	185	6535	G	29	0	6323	25.2879962043334
B_NA	186	6532	T	32	0	6475	24.5417760617761
B_NA	187	6545	T	19	0	6484	24.9198025909932
B_NA	188	6515	C	49	0	6427	24.3516415123697
B_NA	189	6526	A	38	0	6384	20.2395050125313
B_NA	190	6491	G	73	0	6391	18.6601470818338
B_NA	191	6537	G	27	0	6494	19.1972590083154
B_NA	192	6543	C	21	0	6489	20.0953922021883
B_NA	193	6416	T	148	0	6340	22.1230283911672
B_NA	194	6419	G	145	0	6280	23.5412420382166
B_NA	195	6522	T	41	0	6340	21.8345425867508
B_NA	196	6526	G	36	0	6321	19.2469545957918
B_NA	197	6509	A	53	0	6327	19.4597755650387
B_NA	198	6515	A	47	0	6375	20.2636862745098
B_NA	199	6415	C	147	0	6332	21.2263108022742
B_NA	200	6532	C	29	0	6294	19.9691769939625
B_NA	201	6529	G	32	0	6405	20.6922716627635
B_NA	202	6532	T	29	0	6460	21.6470588235294
B_NA	203	6532	T	29	0	6459	23.4940393249729
B_NA	204	6525	C	36	0	6498	24.1949830717144
B_NA	205	6531	T	30	0	6477	26.9411764705882
B_NA	206	6519	G	42	0	6424	24.879202988792
B_NA	207	6517	C	44	0	6465	24.1837587006961
B_NA	208	6493	A	66	0	6439	24.6895480664699
B_NA	209	6508	A	51	0	6369	21.9985869053227
B_NA	210	6510	C	49	0	6432	22.300684079602
B_NA	211	5881	A	678	0	5818	22.2755242351323
B_NA	212	6476	A	83	0	6442	22.2598571872089
B_NA	213	6390	A	169	0	6361	21.651784310643
B_NA	214	6031	A	528	0	5874	17.7557030983997
B_NA	215	5273	G	1285	0	4956	18.4519774011299
B_NA	216	6142	G	416	0	5877	16.6387612727582
B_NA	217	6487	G	70	0	6325	16.1079841897233
B_NA	218	6465	G	91	0	6299	16.0212732179711
B_NA	219	6442	C	113	0	6309	16.2537644634649
B_NA	220	6429	G	126	0	6216	17.0114221364221
B_NA	221	6320	A	235	0	6111	17.7182130584192
B_NA	222	6456	C	99	0	6221	18.7518083909339
B_NA	223	6450	A	105	0	6176	17.4755505181347
B_NA	224	6404	C	151	0	6347	17.7184496612573
B_NA	225	6363	T	192	0	6308	19.108592263792
B_NA	226	6339	T	216	0	6222	21.3148505303761
B_NA	227	6382	C	173	0	6295	25.6926131850675
B_NA	228	6475	T	80	0	6409	25.0131065688875
B_NA	229	6405	T	150	0	6290	25.6176470588235
B_NA	230	6396	C	159	0	6329	26.0560910096382
B_NA	231	6484	T	71	0	6445	25.3644685802948
B_NA	232	5895	C	660	0	5857	23.9947071879802
B_NA	233	6494	C	61	0	6452	23.7234965902046
B_NA	234	6501	C	54	0	6312	19.5350126742712
B_NA	235	6485	A	70	0	6421	19.0146394642579
B_NA	236	6504	G	51	0	6424	18.5354919053549
B_NA	237	6487	A	68	0	6342	18.1559444970041
B_NA	238	6497	A	58	0	6276	22.1120140216699
B_NA	239	6414	C	141	0	6344	21.6060844892812
B_NA	240	6471	C	83	0	6160	19.525
B_NA	241	6389	G	165	0	6098	16.4524434240735
B_NA	242	6267	G	287	0	6010	16.1342762063228
B_NA	243	5739	A	815	0	5582	14.9781440343963
B_NA	244	6504	G	50	0	6262	14.8893324816353
B_NA	245	6441	T	112	0	6387	14.3076561766087
B_NA	246	6445	G	108	0	6398	15.60378243201
B_NA	247	6518	G	35	0	6476	18.9047251389747
B_NA	248	6494	A	59	0	6410	22.4195007800312
B_NA	249	6504	C	49	0	6380	23.305329153605
B_NA	250	6433	A	120	0	6319	22.0169330590283
B_NA	251	6414	T	139	0	6309	22.5485813916627
B_NA	252	6193	A	360	0	5849	18.4197298683536
B_NA	253	5905	C	648	0	5572	18.3767049533381
B_NA	254	6355	C	198	0	6231	17.1807093564436
B_NA	255	6377	C	174	0	6171	15.8983957219251
B_NA	256	6367	G	183	0	5944	16.7491588156124
B_NA	257	6500	C	50	0	6319	17.7361924355119
B_NA	258	6452	G	97	0	6254	18.0326191237608
B_NA	259	6323	T	226	0	6206	18.7379954882372
B_NA	260	6515	T	33	0	6470	22.5825347758887
B_NA	261	6506	T	42	0	6440	22.4694099378882
B_NA	262	6498	A	50	0	6414	25.2996570003118
B_NA	263	6475	T	73	0	6405	25.32037470726
B_NA	264	6452	C	96	0	6396	23.6660412757974
B_NA	265	6378	T	170	0	6303	24.3691892749484
B_NA	266	6435	T	113	0	6387	24.3568185376546
B_NA	267	6303	G	245	0	6019	20.0740986874896
B_NA	268	5506	C	1041	0	5422	19.8131685724825
B_NA	269	6194	C	353	0	5880	17.5736394557823
B_NA	270	6404	C	142	0	5966	14.7665102246061
B_NA	271	6340	G	206	0	4602	12.8324641460235
B_NA	272	6418	G	127	0	5895	11.812213740458
B_NA	273	6482	G	63	0	6300	11.1338095238095
B_NA	274	6473	C	72	0	6341	11.8697366346002
B_NA	275	6462	T	83	0	6311	16.7418792584376
B_NA	276	6485	C	60	0	6381	21.4767277856135
B_NA	277	6480	A	65	0	6422	17.2897851136718
B_NA	278	6507	A	38	0	6283	16.0124144516951
B_NA	279	6477	C	67	0	6399	19.0936083763088
B_NA	280	6444	C	100	0	6314	18.7119100411783
B_NA	281	6340	T	204	0	6233	18.806834590085
B_NA	282	6402	T	142	0	6274	22.5095632770163
B_NA	283	6404	T	140	0	6242	25.7041012495995
B_NA	284	6380	C	164	0	6254	24.0324592260953
B_NA	285	5005	A	1539	0	4765	18.4724029380902
B_NA	286	6226	A	318	0	6192	18.422319121447
B_NA	287	6267	A	277	0	6226	23.1288146482493
B_NA	288	6311	A	230	0	6255	27.1696243005596
B_NA	289	6397	A	144	0	6348	26.3775992438563
B_NA	290	6368	G	173	0	6321	24.2490112323999
B_NA	291	6458	C	83	0	6391	21.0491315913003
B_NA	292	6442	A	99	0	6321	20.4151241892106
B_NA	293	6442	C	99	0	6374	19.8710385942893
B_NA	294	6437	T	104	0	6349	21.3715545755237
B_NA	295	5074	C	1467	0	4988	21.7325581395349
B_NA	296	6271	C	270	0	6202	15.8313447275073
B_NA	297	6462	T	79	0	6371	11.2348140009418
B_NA	298	6440	A	101	0	6347	15.781156451867
B_NA	299	6515	A	25	0	6427	23.0547689435195
B_NA	300	6503	T	36	0	6359	23.5153325994653
B_NA	301	6504	T	35	0	6444	25.8409373060211
B_NA	302	6457	A	81	0	6264	21.7198275862069
B_NA	303	6493	G	45	0	6356	18.1467904342354
B_NA	304	6143	C	395	0	6042	18.1188348229063
B_NA	305	6501	C	33	0	6460	18.1178018575851
B_NA	306	6491	C	42	0	6454	18.4894638983576
B_NA	307	6483	T	50	0	6408	20.8206928838951
B_NA	308	6483	C	49	0	6419	22.4751518928182
B_NA	309	6392	A	140	0	6209	21.0782734739894
B_NA	310	6460	T	72	0	6326	21.7820107492886
B_NA	311	6445	A	86	0	6255	21.2760991207034
B_NA	312	6473	G	58	0	6383	20.149929500235
B_NA	313	6467	A	64	0	6367	21.4224909690592
B_NA	314	6491	T	39	0	6421	22.6044229870737
B_NA	315	6501	T	29	0	6432	23.9561567164179
B_NA	316	6454	C	76	0	6372	23.4811676082863
B_NA	317	6253	G	277	0	5981	16.8443404113025
B_NA	318	6377	G	153	0	6343	16.35377581586
B_NA	319	6350	A	180	0	6312	17.3390367553866
B_NA	320	6345	G	185	0	6296	19.452668360864
B_NA	321	6333	A	197	0	6256	19.5620204603581
B_NA	322	6399	A	131	0	6321	20.2140484100617
B_NA	323	6402	A	128	0	6211	22.8976010304299
B_NA	324	6350	C	177	0	6158	21.5064956154596
B_NA	325	6367	C	160	0	6134	20.4872839908706
B_NA	326	5536	A	991	0	5392	19.3115727002967
B_NA	327	5968	A	558	0	5855	20.3000853970965
B_NA	328	5897	A	629	0	5743	15.9357478669685
B_NA	329	5719	G	806	0	5642	17.1731655441333
B_NA	330	6079	G	446	0	5997	15.9281307320327
B_NA	331	6321	A	204	0	6280	14.3595541401274
B_NA	332	6386	A	139	0	6349	16.3156402583084
B_NA	333	6370	A	153	0	6233	19.6239371089363
B_NA	334	6439	C	84	0	6401	19.5435088267458
B_NA	335	6415	T	108	0	6331	20.9859421892276
B_NA	336	6478	C	45	0	6399	20.4842944210033
B_NA	337	6446	A	77	0	6362	15.9605469977994
B_NA	338	6424	G	99	0	6090	14.0495894909688
B_NA	339	6367	C	156	0	6318	15.9882874327319
B_NA	340	6319	T	204	0	6211	18.1589116084366
B_NA	341	5575	C	947	0	5530	19.9650994575045
B_NA	342	6348	C	174	0	6259	21.7788784150823
B_NA	343	6449	C	71	0	6310	17.3369255150555
B_NA	344	6421	T	99	0	6119	17.2258538976957
B_NA	345	6465	T	55	0	6404	21.0707370393504
B_NA	346	6468	G	52	0	6382	22.1032591664055
B_NA	347	6452	A	68	0	6351	23.6573767910565
B_NA	348	6470	T	50	0	6405	25.3136612021858
B_NA	349	6427	A	93	0	6352	25.7096977329975
B_NA	350	6470	A	50	0	6356	24.8972624292008
B_NA	351	6453	T	67	0	6328	24.3748419721871
B_NA	352	6128	A	392	0	5979	23.6283659474829
B_NA	353	6414	A	106	0	6293	19.5102494835532
B_NA	354	5651	G	868	0	5354	13.578446021666
B_NA	355	6438	G	80	0	6091	15.7192579215236
B_NA	356	6435	G	83	0	6293	15.1156840934372
B_NA	357	6356	A	161	0	6183	15.826136179848
B_NA	358	6456	A	61	0	6220	18.6667202572347
B_NA	359	6430	C	87	0	6257	19.3378615950136
B_NA	360	6418	C	99	0	6185	18.2276475343573
B_NA	361	5785	T	732	0	5598	19.4258663808503
B_NA	362	6327	T	190	0	6244	20.7559256886611
B_NA	363	6343	T	174	0	6279	25.2271062271062
B_NA	364	6303	T	214	0	6207	23.8854519091348
B_NA	365	6304	G	213	0	5920	21.8451013513514
B_NA	366	6337	T	180	0	6189	19.797867183713
B_NA	367	6388	T	129	0	6300	19.2638095238095
B_NA	368	6329	G	188	0	6073	16.8648114605631
B_NA	369	6128	C	389	0	6059	17.056775045387
B_NA	370	5989	T	528	0	5781	17.1496280920256
B_NA	371	6348	T	167	0	6087	16.6175455889601
B_NA	372	6367	G	148	0	5446	17.4636430407639
B_NA	373	6473	T	41	0	6376	16.5813989962359
B_NA	374	6460	G	53	0	6332	17.6612444725205
B_NA	375	6481	G	32	0	6439	17.5698089765492
B_NA	376	6461	A	49	0	6419	22.357999688425
B_NA	377	6245	C	265	0	6138	23.2103290974259
B_NA	378	6459	C	51	0	6285	21.4443914081146
B_NA	379	6353	A	157	0	6299	21.5688204476901
B_NA	380	6430	A	80	0	6361	22.6313472724414
B_NA	381	6474	A	36	0	6319	24.0458933375534
B_NA	382	6465	T	45	0	6398	24.4785870584558
B_NA	383	6462	G	48	0	6282	22.9032155364534
B_NA	384	6424	A	86	0	6204	22.4779174725983
B_NA	385	6458	A	51	0	6353	22.1092397292618
B_NA	386	6448	T	61	0	6381	22.4328475160633
B_NA	387	6436	G	72	0	6153	21.1886884446611
B_NA	388	6416	C	91	0	6311	20.8702265884963
B_NA	389	6381	A	123	0	6309	20.03899191631
B_NA	390	6451	A	53	0	6397	19.8963576676567
B_NA	391	6444	A	55	0	6170	21.7996758508914
B_NA	392	6452	C	47	0	6394	22.0924304035033
B_NA	393	6450	A	49	0	6293	19.8549181630383
B_NA	394	6449	C	50	0	6403	19.3123535842574
B_NA	395	6135	T	364	0	6068	22.085036255768
B_NA	396	6285	T	214	0	6226	22.5186315451333
B_NA	397	6433	T	66	0	6366	23.865849827207
B_NA	398	6421	G	77	0	6350	21.06
B_NA	399	6439	C	59	0	6386	19.8714375195741
B_NA	400	6296	T	202	0	6230	20.60658105939
B_NA	401	6331	T	167	0	6243	22.1702707031876
B_NA	402	6363	T	135	0	6257	24.1551861914656
B_NA	403	6275	A	223	0	6186	23.6409634658907
B_NA	404	6418	A	80	0	6159	21.9223899983764
B_NA	405	6378	C	120	0	6345	20.8940898345154
B_NA	406	6366	T	131	0	6280	21.9979299363057
B_NA	407	6447	C	49	0	6379	21.95845743847
B_NA	408	6330	A	165	0	6192	20.0841408268734
B_NA	409	6364	T	130	0	6151	20.3526255893351
B_NA	410	6392	T	102	0	6316	21.8361304623179
B_NA	411	6414	A	79	0	6226	20.7365884998394
B_NA	412	6393	T	96	0	6311	21.4298843289495
B_NA	413	6340	G	149	0	5880	18.8687074829932
B_NA	414	6338	C	150	0	6222	18.2380263580842
B_NA	415	6346	A	141	0	6249	17.870859337494
B_NA	416	6381	G	106	0	6159	16.4240948205878
B_NA	417	6231	C	256	0	6143	18.3724564545011
B_NA	418	6293	C	194	0	6108	18.1771447282253
B_NA	419	6356	C	131	0	6139	18.3239941358527
B_NA	420	6332	A	155	0	6265	20.7854748603352
B_NA	421	6346	A	140	0	6128	19.667591383812
B_NA	422	6348	C	138	0	6205	19.9547139403707
B_NA	423	6258	C	228	0	6149	20.2720767604489
B_NA	424	6129	A	356	0	5974	17.0694676933378
B_NA	425	4039	G	2446	0	3757	16.6667553899388
B_NA	426	5674	G	810	0	5544	15.4054834054834
B_NA	427	6261	G	220	0	6025	16.5795850622407
B_NA	428	6421	G	59	0	6347	17.0157554750276
B_NA	429	6381	G	98	0	6342	17.2464522232734
B_NA	430	6364	A	115	0	6330	19.4121642969984
B_NA	431	6297	T	181	0	6217	21.1565063535467
B_NA	432	6305	A	173	0	6134	22.1716661232475
B_NA	433	6331	C	145	0	6201	21.7077890662796
B_NA	434	6422	T	54	0	6374	21.5334170065893
B_NA	435	6427	A	49	0	6381	21.6055477197931
B_NA	436	6441	T	35	0	6385	23.3735317149569
B_NA	437	6392	A	83	0	6354	26.3799181617878
B_NA	438	6445	A	30	0	6327	25.7245139876719
B_NA	439	6440	T	34	0	6394	25.8939630903972
B_NA	440	6382	G	92	0	6311	25.2693709396292
B_NA	441	6436	G	34	0	6398	22.5340731478587
B_NA	442	6413	A	55	0	6354	22.3744098205855
B_NA	443	6421	A	47	0	6357	24.0308321535315
B_NA	444	6413	C	52	0	6337	22.4969228341487
B_NA	445	5433	A	1031	0	5381	23.5866939230626
B_NA	446	5788	A	674	0	5738	18.5907981875218
B_NA	447	5734	G	728	0	5688	14.9681786216596
B_NA	448	6289	A	172	0	6223	15.9228667845091
B_NA	449	6200	G	260	0	6172	18.1903758911212
B_NA	450	6274	G	186	0	6247	17.9903953897871
B_NA	451	6188	A	272	0	6083	16.4057208614171
B_NA	452	6229	G	231	0	6113	18.495010633077
B_NA	453	6309	A	151	0	6170	19.4504051863857
B_NA	454	6359	C	100	0	6239	18.5957685526527
B_NA	455	6034	A	425	0	5909	16.5703164664072
B_NA	456	6306	G	153	0	6213	16.2417511669081
B_NA	457	6358	A	101	0	6315	16.5225653206651
B_NA	458	6395	A	60	0	6357	18.753814692465
B_NA	459	6383	A	72	0	6205	23.6083803384367
B_NA	460	6378	C	77	0	6270	22.2666666666667
B_NA	461	6298	A	157	0	6209	22.5981639555484
B_NA	462	6422	A	33	0	6358	22.0935828877005
B_NA	463	6378	G	77	0	6314	20.6822933164397
B_NA	464	6390	C	64	0	6346	21.6671919319256
B_NA	465	6371	T	83	0	6277	21.8663374223355
B_NA	466	6369	G	85	0	6289	21.3288281125775
B_NA	467	6308	A	145	0	6165	21.3644768856448
B_NA	468	6265	G	188	0	6180	19.5938511326861
B_NA	469	6389	G	64	0	6313	19.2843339141454
B_NA	470	6393	C	59	0	6311	18.5116463318016
B_NA	471	6394	A	58	0	6347	20.7490152828108
B_NA	472	6385	T	67	0	6318	23.267014878126
B_NA	473	6398	C	54	0	6340	25.1383280757098
B_NA	474	6225	T	226	0	6147	21.4353343094192
B_NA	475	6281	A	170	0	6226	21.2579505300353
B_NA	476	6371	A	79	0	6315	23.6321456848773
B_NA	477	6374	T	74	0	6285	25.0505966587112
B_NA	478	6405	T	43	0	6368	28.2309987437186
B_NA	479	6409	T	36	0	6309	27.0973212870502
B_NA	480	6397	C	48	0	6326	26.5483717989251
B_NA	481	6401	A	43	0	6268	18.971123165284
B_NA	482	6386	G	58	0	6092	17.2498358502955
B_NA	483	6402	T	42	0	6316	19.389170360988
B_NA	484	6371	C	73	0	6290	20.6193958664547
B_NA	485	6215	A	229	0	6149	19.8912018214344
B_NA	486	6378	A	66	0	6302	21.2697556331323
B_NA	487	6399	A	44	0	6261	21.5471969333972
B_NA	488	6385	T	58	0	6152	21.8930429128739
B_NA	489	6395	T	48	0	6322	22.6463144574502
B_NA	490	6299	G	143	0	5958	19.0708291372944
B_NA	491	6346	G	95	0	6182	17.5742478162407
B_NA	492	6348	G	92	0	6186	17.8182993857097
B_NA	493	6312	C	128	0	6184	17.9186610608021
B_NA	494	6116	A	323	0	6023	19.0014942719575
B_NA	495	6290	A	148	0	6241	20.4026598301554
B_NA	496	6288	A	150	0	6243	22.9810988306904
B_NA	497	6250	A	186	0	6182	25.2005823358137
B_NA	498	6198	T	238	0	6052	23.8972240581626
B_NA	499	5540	C	892	0	5373	23.9856690861716
B_NA	500	6025	C	407	0	5850	20.1912820512821
B_NA	501	6342	C	88	0	6195	17.9920903954802
B_NA	502	6333	A	95	0	6290	17.8384737678855
B_NA	503	6355	A	72	0	5775	17.0126406926407
B_NA	504	6369	C	58	0	6309	16.9253447456015
B_NA	505	6262	A	165	0	6099	15.0764059681915
B_NA	506	6308	G	119	0	6125	14.4568163265306
B_NA	507	6359	T	65	0	6203	17.1038207319039
B_NA	508	5781	A	643	0	5555	15.8972097209721
B_NA	509	6205	G	219	0	6044	14.5279616148246
B_NA	510	6345	A	78	0	6238	14.2184995190766
B_NA	511	6254	G	169	0	6104	29.4949213630406
B_NA	512	6330	A	93	0	6206	25.2159200773445
B_NA	513	6363	A	59	0	6224	18.7792416452442
B_NA	514	6332	C	90	0	6288	19.6827290076336
B_NA	515	6314	T	108	0	6247	21.7730110453017
B_NA	516	6190	C	232	0	6142	23.0454249430153
B_NA	517	6342	C	80	0	6289	23.4520591508984
B_NA	518	6326	A	95	0	6305	22.6564631245044
B_NA	519	5899	T	521	0	5800	24.0012068965517
B_NA	520	6352	T	67	0	6304	26.6005710659898
B_NA	521	6379	T	38	0	6336	27.6996527777778
B_NA	522	6321	T	95	0	6247	24.3065471426285
B_NA	523	6220	C	196	0	6139	31.6494543085193
B_NA	524	6314	C	102	0	6275	24.3149003984064
B_NA	525	6200	A	215	0	6116	21.1592544146501
B_NA	526	6215	T	198	0	6169	21.6132274274599
B_NA	527	6344	A	69	0	6288	22.1607824427481
B_NA	528	6322	T	90	0	6295	22.8832406671962
B_NA	529	6295	G	117	0	6186	22.5148722922729
B_NA	530	6287	G	125	0	6239	22.7905112998878
B_NA	531	6278	C	134	0	6237	22.8799102132435
B_NA	532	6270	A	142	0	6013	20.6648927324131
B_NA	533	6358	G	54	0	6304	19.6814720812183
B_NA	534	6372	C	40	0	6318	19.4575815131371
B_NA	535	6352	A	60	0	6292	20.0104895104895
B_NA	536	6355	T	56	0	6316	23.3103229892337
B_NA	537	6322	G	86	0	6239	23.5318159961532
B_NA	538	6347	G	59	0	6299	22.7740911255755
B_NA	539	6003	A	403	0	5852	20.3492822966507
B_NA	540	6314	G	92	0	6231	18.8136735676456
B_NA	541	6326	C	78	0	6214	17.8957193434181
B_NA	542	6227	G	174	0	5603	15.8416919507407
B_NA	543	6348	G	53	0	6263	15.0823886316462
B_NA	544	6357	G	44	0	6234	15.2396535129933
B_NA	545	6351	T	50	0	6302	16.1455093621073
B_NA	546	5772	C	629	0	5679	22.2905441098785
B_NA	547	6211	C	187	0	6093	18.7802396192352
B_NA	548	6186	G	211	0	5488	16.1763848396501
B_NA	549	6316	C	81	0	5966	15.4842440496145
B_NA	550	6289	G	108	0	6030	16.177943615257
B_NA	551	6307	T	89	0	6258	16.4479066794503
B_NA	552	6316	G	80	0	6183	19.010350962316
B_NA	553	6252	C	143	0	6176	20.4295660621762
B_NA	554	6311	C	84	0	6198	22.6310100032268
B_NA	555	6302	A	91	0	6177	20.988667638012
B_NA	556	6305	T	87	0	6211	21.9053292545484
B_NA	557	6315	G	76	0	6238	22.9248156460404
B_NA	558	6348	A	43	0	6190	22.6053311793215
B_NA	559	6354	T	35	0	6319	23.5241335654376
B_NA	560	6306	G	81	0	6099	21.2852926709297
B_NA	561	6257	G	128	0	6106	18.2520471667213
B_NA	562	6223	T	162	0	6123	18.6271435570799
B_NA	563	5993	A	391	0	5835	18.516880891174
B_NA	564	6184	A	200	0	5958	17.6121181604565
B_NA	565	6086	G	295	0	5756	16.0258860319666
B_NA	566	6179	G	202	0	6090	17.3159277504105
B_NA	567	6120	A	261	0	5996	16.1499332888592
B_NA	568	6206	A	175	0	6115	18.1913327882257
B_NA	569	6336	T	43	0	6268	19.0930121250798
B_NA	570	6287	G	92	0	6141	18.2794333170493
B_NA	571	6310	G	69	0	6030	18.3041459369818
B_NA	572	6248	A	131	0	6143	19.0993000162787
B_NA	573	6275	C	104	0	6134	19.5262471470492
B_NA	574	6100	A	278	0	6022	20.106941215543
B_NA	575	6127	T	249	0	6051	22.8701041150223
B_NA	576	6339	A	36	0	6256	23.7095588235294
B_NA	577	6342	T	33	0	6298	34.8671006668784
B_NA	578	6302	A	73	0	6234	66.2590632017966
B_NA	579	6295	T	80	0	6237	33.6652236652237
B_NA	580	6231	C	143	0	6162	23.295358649789
B_NA	581	6025	G	347	0	4326	13.868932038835
B_NA	582	6280	G	92	0	5903	12.1031678807386
B_NA	583	5127	A	1245	0	4754	12.9204880100968
B_NA	584	6301	G	71	0	6196	12.8352162685604
B_NA	585	6325	T	47	0	6238	13.2863097146521
B_NA	586	6342	T	30	0	6305	14.2843774781919
B_NA	587	6331	G	41	0	6189	20.7710454031346
B_NA	588	6336	A	36	0	6221	22.4045973316187
B_NA	589	6341	T	30	0	6306	22.9816048208056
B_NA	590	6295	G	76	0	6100	21.0295081967213
B_NA	591	6277	G	94	0	6186	20.1285160038797
B_NA	592	5560	C	811	0	5471	21.6556388228843
B_NA	593	6029	C	340	0	5871	20.5099642309658
B_NA	594	6276	C	92	0	6146	17.9279205987634
B_NA	595	6223	T	145	0	5973	17.7416708521681
B_NA	596	6251	G	112	0	5924	20.3085752869683
B_NA	597	6248	A	115	0	6094	21.2943879225468
B_NA	598	6293	C	70	0	6162	20.1950665368387
B_NA	599	6150	A	212	0	6109	20.471271893927
B_NA	600	6176	A	185	0	6069	20.8838358872961
B_NA	601	6192	T	167	0	6013	20.9517711624813
B_NA	602	6236	A	123	0	6140	21.2203583061889
B_NA	603	6281	A	77	0	6167	19.8208204961894
B_NA	604	6260	T	98	0	6208	20.6528672680412
B_NA	605	6270	G	88	0	6073	21.6209451671332
B_NA	606	6269	C	87	0	6193	21.1227191990958
B_NA	607	6196	A	158	0	6131	20.2407437612135
B_NA	608	6254	T	100	0	6088	20.4269053876478
B_NA	609	6295	T	59	0	6265	22.8703910614525
B_NA	610	6238	G	116	0	5965	19.9513830678961
B_NA	611	6210	C	143	0	6122	20.7569421757596
B_NA	612	6247	T	106	0	6152	21.3899544863459
B_NA	613	6282	C	71	0	6167	21.6278579536241
B_NA	614	5898	A	455	0	5836	22.6432488005483
B_NA	615	6255	A	98	0	6213	22.9647513278609
B_NA	616	6301	A	52	0	6257	20.610995684833
B_NA	617	6274	G	78	0	6174	21.002915451895
B_NA	618	6283	T	69	0	6157	20.4737696930323
B_NA	619	6095	A	257	0	6018	21.0199401794616
B_NA	620	6312	A	39	0	6279	21.8029941073419
B_NA	621	6313	A	36	0	6271	23.6879285600383
B_NA	622	6281	A	68	0	6215	25.679806918745
B_NA	623	6268	T	81	0	6199	26.2739151476045
B_NA	624	6291	A	57	0	6224	24.7524100257069
B_NA	625	6263	T	82	0	6229	24.6758709263124
B_NA	626	5884	G	460	0	5845	24.524379811805
B_NA	627	5564	G	780	0	5514	21.8935437069278
B_NA	628	5524	A	820	0	5477	20.9813766660581
B_NA	629	6197	G	146	0	6158	18.9512828840533
B_NA	630	6230	A	110	0	6196	18.0356681730148
B_NA	631	6241	A	98	0	6188	18.2840982546865
B_NA	632	6258	G	81	0	6135	17.7357783211084
B_NA	633	6258	C	80	0	6195	18.274414850686
B_NA	634	6193	A	145	0	6116	18.7316873773708
B_NA	635	6215	T	123	0	6146	19.7220956719818
B_NA	636	6300	A	37	0	6217	22.5213125301592
B_NA	637	6285	T	50	0	6225	30.3093975903614
B_NA	638	6208	A	125	0	5949	23.8703983862834
B_NA	639	6225	C	106	0	6115	19.3298446443173
B_NA	640	6236	T	88	0	6044	18.957974851092
B_NA	641	6251	G	73	0	6131	18.7223943891698
B_NA	642	5970	A	353	0	5751	20.8537645626848
B_NA	643	6027	C	294	0	5876	21.7474472430225
B_NA	644	6197	A	121	0	5992	20.508344459279
B_NA	645	6225	C	90	0	6099	30.9009673717003
B_NA	646	6170	A	145	0	6067	29.6762815229932
B_NA	647	6205	T	109	0	6126	20.1640548481881
B_NA	648	6237	A	74	0	6007	18.9627101714666
B_NA	649	6180	C	131	0	6106	18.8514575827055
B_NA	650	6292	C	19	0	6191	18.644645453077
B_NA	651	6291	A	20	0	6250	19.19424
B_NA	652	6263	T	46	0	6221	22.5484648770294
B_NA	653	6258	T	51	0	6221	25.4701816428227
B_NA	654	5983	C	325	0	5915	25.8845308537616
B_NA	655	6255	C	53	0	6134	21.4714704923378
B_NA	656	6233	T	75	0	6132	19.1397586431833
B_NA	657	6237	A	71	0	6169	20.378343329551
B_NA	658	6225	T	83	0	6145	22.7845402766477
B_NA	659	6186	G	121	0	5536	18.7662572254335
B_NA	660	6208	C	99	0	6072	18.0920619235837
B_NA	661	6172	A	133	0	6127	17.975354986127
B_NA	662	6216	A	88	0	6176	18.2577720207254
B_NA	663	6226	A	76	0	6005	22.3597002497918
B_NA	664	6231	C	70	0	6146	22.0151317930361
B_NA	665	6265	A	36	0	6239	21.8095848693701
B_NA	666	6274	A	26	0	6084	20.1444773175542
B_NA	667	6274	C	25	0	6214	21.1074991953653
B_NA	668	6274	A	25	0	6241	21.9514500881269
B_NA	669	6273	T	25	0	6245	22.0075260208167
B_NA	670	5950	C	348	0	5912	25.0148849797023
B_NA	671	6224	C	74	0	6165	20.9315490673155
B_NA	672	6170	T	121	0	5965	18.3716680637049
B_NA	673	6126	A	163	0	5936	20.9198113207547
B_NA	674	6243	A	45	0	6192	21.8861434108527
B_NA	675	6209	G	78	0	6121	19.6137885966345
B_NA	676	6230	A	54	0	6132	22.0213633398565
B_NA	677	6219	A	64	0	6131	22.9879301908335
B_NA	678	6206	C	73	0	6161	22.5231293621165
B_NA	679	6197	A	80	0	6123	22.229462681692
B_NA	680	6194	C	83	0	6132	37.2754403131115
B_NA	681	5145	A	1127	0	5058	37.6803084223013
B_NA	682	5729	A	542	0	5594	20.1753664640686
B_NA	683	5750	G	519	0	5661	14.5306482953542
B_NA	684	6014	A	255	0	5943	17.2589601211509
B_NA	685	6221	A	47	0	6182	19.7371400841152
B_NA	686	6238	A	29	0	6165	19.3383617193836
B_NA	687	6209	G	57	0	6082	19.2227885563959
B_NA	688	6190	T	76	0	6137	19.5861169952746
B_NA	689	6168	G	98	0	5912	19.2790933694181
B_NA	690	6152	C	113	0	6055	19.3407101568951
B_NA	691	6153	C	111	0	6059	19.8711008417231
B_NA	692	6119	T	140	0	6025	19.0627385892116
B_NA	693	6170	G	89	0	5915	20.7208791208791
B_NA	694	6138	C	121	0	6057	21.4092785207198
B_NA	695	6061	A	198	0	5979	21.5735072754641
B_NA	696	6154	A	102	0	6062	21.0805014846585
B_NA	697	6161	T	91	0	5926	23.2124535943301
B_NA	698	6204	T	48	0	6161	24.6229508196721
B_NA	699	6167	G	85	0	6060	21.8958745874587
B_NA	700	6178	C	73	0	6062	22.4077862091719
B_NA	701	6195	A	55	0	6164	23.015574302401
B_NA	702	6201	T	49	0	6156	23.0958414554906
B_NA	703	6157	C	92	0	6122	24.2355439398889
B_NA	704	4152	G	2096	0	2558	13.4745895230649
B_NA	705	5384	G	862	0	4784	11.8704013377926
B_NA	706	5682	G	563	0	5411	11.7338754389207
B_NA	707	5899	G	344	0	5748	15.4853862212944
B_NA	708	5971	G	272	0	5879	15.8283721721381
B_NA	709	5918	A	325	0	5867	16.3615135503665
B_NA	710	6094	A	148	0	6045	16.1465674110835
B_NA	711	6116	A	126	0	6043	17.3711732583154
B_NA	712	6076	T	166	0	5838	19.3430969510106
B_NA	713	6094	T	148	0	6035	22.497265948633
B_NA	714	6106	G	135	0	5871	20.5099642309658
B_NA	715	6164	T	76	0	5983	20.2607387598195
B_NA	716	6202	T	36	0	6110	20.8327332242226
B_NA	717	6199	A	35	0	6085	19.7506984387839
B_NA	718	6200	T	34	0	6155	23.6146222583266
B_NA	719	6188	C	46	0	6111	24.1539846179021
B_NA	720	6139	T	94	0	6057	21.534753178141
B_NA	721	6155	A	76	0	6100	21.5301639344262
B_NA	722	6176	A	55	0	6054	23.286257020152
B_NA	723	6174	T	57	0	6114	24.0511939810272
B_NA	724	6155	G	75	0	6075	22.9320164609053
B_NA	725	6165	A	65	0	6022	23.2907671869811
B_NA	726	6178	T	52	0	6100	23.2660655737705
B_NA	727	6167	A	63	0	6101	22.8423209309949
B_NA	728	6167	A	62	0	5999	22.6327721286881
B_NA	729	6149	C	78	0	6089	22.9218262440466
B_NA	730	6153	T	74	0	6067	22.1730674138784
B_NA	731	6171	G	53	0	6100	21.3377049180328
B_NA	732	6150	A	73	0	6053	22.4881876755328
B_NA	733	6182	T	40	0	6143	23.6752401106951
B_NA	734	6110	G	111	0	5937	21.4382684857672
B_NA	735	6137	G	83	0	5936	19.9044811320755
B_NA	736	6113	C	106	0	5992	20.2166221628838
B_NA	737	6092	T	126	0	5962	20.8461925528346
B_NA	738	6163	C	55	0	6077	22.5420437715978
B_NA	739	5926	A	291	0	5898	19.3689386232621
B_NA	740	5883	G	330	0	4645	15.5590958019376
B_NA	741	6131	C	81	0	6097	14.7721830408398
B_NA	742	6009	T	202	0	5951	14.8390186523273
B_NA	743	5916	T	295	0	5832	15.5361796982167
B_NA	744	5952	C	258	0	5843	21.9472873523875
B_NA	745	6030	A	180	0	5912	18.7824763193505
B_NA	746	6095	G	114	0	5924	17.4719783929777
B_NA	747	6159	G	49	0	6084	17.7491781722551
B_NA	748	6122	T	85	0	6085	18.4504519309778
B_NA	749	6137	G	70	0	6063	20.0860959920831
B_NA	750	6096	T	108	0	5999	22.5184197366228
B_NA	751	6143	T	61	0	6087	23.7184162970265
B_NA	752	6132	A	71	0	5932	19.7970330411328
B_NA	753	6147	G	52	0	5987	19.5448471688659
B_NA	754	6156	T	42	0	6127	19.9296556226538
B_NA	755	6127	G	69	0	5961	19.9760107364536
B_NA	756	6096	A	100	0	5953	22.083487317319
B_NA	757	6150	A	46	0	6060	23.990099009901
B_NA	758	6154	T	40	0	6112	23.6897905759162
B_NA	759	6135	G	59	0	5910	22.5142131979695
B_NA	760	6112	C	81	0	6024	22.0368525896414
B_NA	761	6104	A	88	0	5982	20.0957873620863
B_NA	762	6087	G	105	0	6001	19.2634560906516
B_NA	763	6114	A	78	0	6074	21.639117550214
B_NA	764	6104	T	88	0	6042	23.0011585567693
B_NA	765	6148	T	44	0	6127	23.6464827811327
B_NA	766	6126	T	65	0	6081	26.0577207696103
B_NA	767	6102	C	87	0	6068	28.1664469347396
B_NA	768	6063	T	125	0	5973	27.3562698811318
B_NA	769	6117	T	69	0	6049	26.5103322863283
B_NA	770	6016	A	169	0	5928	26.1244939271255
B_NA	771	6141	A	44	0	6075	22.5578600823045
B_NA	772	6084	G	97	0	5948	17.2760591795562
B_NA	773	6097	A	84	0	5992	20.4624499332443
B_NA	774	6125	T	53	0	6018	21.3298438019276
B_NA	775	6123	T	54	0	6005	22.1102414654455
B_NA	776	6051	C	123	0	5869	21.0574203441813
B_NA	777	5668	G	505	0	5433	15.1224001472483
B_NA	778	5943	A	229	0	5880	14.4795918367347
B_NA	779	5941	G	230	0	5875	15.3935319148936
B_NA	780	5991	A	180	0	5909	23.4420375698088
B_NA	781	5766	G	404	0	5592	20.1296494992847
B_NA	782	6096	G	73	0	5960	15.4243288590604
B_NA	783	6052	G	114	0	5809	15.5842657944569
B_NA	784	5829	C	336	0	5537	14.6956835831678
B_NA	785	6110	C	55	0	5687	14.220502901354
B_NA	786	6088	G	77	0	5897	13.0398507715788
B_NA	787	6069	A	95	0	5970	13.9840871021776
B_NA	788	6115	A	49	0	6051	14.941497273178
B_NA	789	6114	T	50	0	6024	18.1689907038513
B_NA	790	6108	A	56	0	6061	23.5002474839135
B_NA	791	6132	A	32	0	6040	24.8791390728477
B_NA	792	6108	T	56	0	6003	24.1735798767283
B_NA	793	5212	A	951	0	5115	24.2099706744868
B_NA	794	5954	A	208	0	5907	23.7912646013205
B_NA	795	5542	A	620	0	5491	24.0659260608268
B_NA	796	5160	A	1001	0	5093	21.3750245434911
B_NA	797	5100	G	1061	0	5011	22.7262023548194
B_NA	798	6043	A	118	0	5992	17.4142189586115
B_NA	799	6064	A	96	0	6030	16.4781094527363
B_NA	800	6055	A	104	0	5919	18.4534549755026
B_NA	801	6109	T	50	0	6062	20.6133289343451
B_NA	802	6124	A	34	0	6030	22.4699834162521
B_NA	803	6077	T	78	0	5996	23.1027351567712
B_NA	804	6104	T	49	0	6069	25.6689734717416
B_NA	805	6087	T	65	0	6047	27.1582602943608
B_NA	806	5514	C	636	0	5447	30.4418946208922
B_NA	807	6059	C	89	0	5982	21.8447007689736
B_NA	808	6067	A	80	0	6045	18.9679073614557
B_NA	809	6095	A	52	0	5914	18.9516401758539
B_NA	810	6116	C	31	0	6043	20.9561476088036
B_NA	811	6094	A	52	0	6016	19.2446808510638
B_NA	812	6079	G	67	0	6060	18.1239273927393
B_NA	813	6103	G	43	0	6088	18.5923127463863
B_NA	814	6063	A	81	0	6034	18.8989061982101
B_NA	815	6075	A	69	0	6057	22.3549612019151
B_NA	816	5808	G	336	0	5656	18.5173267326733
B_NA	817	5914	A	230	0	5843	17.5218209823721
B_NA	818	6098	G	46	0	6011	16.8497754117451
B_NA	819	6058	T	86	0	5981	15.7254639692359
B_NA	820	5832	A	312	0	5738	18.0552457302196
B_NA	821	6096	A	47	0	6063	20.6955302655451
B_NA	822	6107	A	34	0	6062	23.4853183767733
B_NA	823	5973	A	166	0	5898	27.302475415395
B_NA	824	5953	C	184	0	5890	25.2589134125637
B_NA	825	6107	A	28	0	6060	23.8861386138614
B_NA	826	6103	C	28	0	6049	35.227310299223
B_NA	827	6060	A	70	0	5997	57.0315157578789
B_NA	828	6024	C	106	0	5972	26.8079370395177
B_NA	829	6028	T	102	0	5970	21.9172529313233
B_NA	830	6026	G	104	0	5945	20.526661059714
B_NA	831	6045	A	83	0	5990	20.2818030050083
B_NA	832	5933	G	194	0	5868	19.7508520790729
B_NA	833	6042	G	83	0	5984	19.1759692513369
B_NA	834	5994	A	128	0	5937	18.4898096681826
B_NA	835	6048	A	73	0	5998	22.0303434478159
B_NA	836	6065	T	56	0	6036	23.1491053677932
B_NA	837	6038	G	82	0	5946	23.5388496468214
B_NA	838	5344	C	776	0	5273	24.0479802768822
B_NA	839	5356	A	764	0	5297	22.3843685104776
B_NA	840	6033	C	85	0	5940	19.7897306397306
B_NA	841	6029	A	89	0	5934	19.695652173913
B_NA	842	6025	T	92	0	5969	19.060144077735
B_NA	843	5903	G	212	0	5657	19.8545165281952
B_NA	844	5904	C	211	0	5704	17.296809256662
B_NA	845	5978	G	136	0	5425	14.3861751152074
B_NA	846	5995	G	119	0	5759	13.5816982114951
B_NA	847	5650	A	463	0	5478	14.6507849580139
B_NA	848	5825	T	287	0	5643	15.5869218500797
B_NA	849	6081	T	30	0	6037	17.0289879079013
B_NA	850	6067	T	40	0	6034	17.8882996353994
B_NA	851	5990	G	114	0	5666	19.2511471937875
B_NA	852	5873	C	230	0	5728	19.5534217877095
B_NA	853	6029	C	73	0	5818	18.8434169817807
B_NA	854	6020	A	81	0	5913	17.1381701336039
B_NA	855	6021	G	80	0	5828	17.5060054907344
B_NA	856	6044	T	56	0	5994	18.3403403403403
B_NA	857	6015	A	85	0	5968	19.7141420911528
B_NA	858	6055	A	45	0	5948	21.2353732347007
B_NA	859	6061	T	39	0	5978	24.0311140849783
B_NA	860	5958	A	135	0	5859	25.0399385560676
B_NA	861	6069	A	23	0	6030	25.0237147595357
B_NA	862	6076	A	11	0	6036	25.5430748840292
B_NA	863	6064	A	21	0	5899	25.7343617562299
B_NA	864	5989	C	95	0	5916	21.762339418526
B_NA	865	6038	C	46	0	5979	20.49640408095
B_NA	866	5994	A	88	0	5856	18.8294057377049
B_NA	867	6010	T	72	0	5868	19.3859918200409
B_NA	868	6027	A	55	0	5955	19.8567590260285
B_NA	869	6000	G	82	0	5896	19.2937584803256
B_NA	870	6017	A	65	0	5945	19.9508830950378
B_NA	871	6044	A	35	0	5951	21.0536044362292
B_NA	872	5996	T	83	0	5952	20.5347782258065
B_NA	873	5964	G	114	0	5759	21.7549921861434
B_NA	874	6038	T	39	0	5973	22.1910262849489
B_NA	875	5997	G	80	0	5812	21.6319683413627
B_NA	876	6006	C	69	0	5900	20.4603389830508
B_NA	877	6015	C	58	0	5921	21.7486910994764
B_NA	878	5985	T	82	0	5926	20.9232197097536
B_NA	879	5970	G	97	0	5814	22.1303749570003
B_NA	880	6008	T	58	0	5910	22.4446700507614
B_NA	881	5923	A	140	0	5844	19.9390828199863
B_NA	882	5957	G	104	0	5826	18.6620322691383
B_NA	883	5972	A	82	0	5896	18.7583107191316
B_NA	884	5884	G	170	0	5758	29.3523792983675
B_NA	885	5867	A	187	0	5739	37.307544868444
B_NA	886	5909	C	142	0	5823	19.7772625794264
B_NA	887	5916	A	135	0	5862	19.7175025588536
B_NA	888	6009	A	41	0	5581	18.1806127934062
B_NA	889	6005	C	44	0	5902	17.7817688919011
B_NA	890	5998	A	51	0	5828	17.3210363761153
B_NA	891	5956	G	93	0	5760	16.9524305555556
B_NA	892	5999	G	50	0	5858	18.4650051212018
B_NA	893	5977	T	72	0	5849	18.4802530347068
B_NA	894	5818	A	231	0	5695	20.5590869183494
B_NA	895	5829	C	217	0	5710	22.0271453590193
B_NA	896	5945	A	101	0	5841	21.4386235233693
B_NA	897	5942	C	104	0	5819	28.73998968895
B_NA	898	5907	A	136	0	5809	29.9643656395249
B_NA	899	5852	G	191	0	5609	18.3551435193439
B_NA	900	5902	C	141	0	5776	18.3599376731302
B_NA	901	4772	A	1271	0	4695	19.0002129925453
B_NA	902	5595	A	448	0	5541	19.7650243638332
B_NA	903	5954	A	87	0	5900	22.0393220338983
B_NA	904	5946	A	92	0	5844	25.0059890485969
B_NA	905	5925	A	110	0	5813	22.4192327541717
B_NA	906	5836	G	198	0	5658	23.1085189112761
B_NA	907	5965	A	69	0	5803	20.3611924866448
B_NA	908	5932	C	102	0	5811	18.7635518843573
B_NA	909	5932	C	102	0	5831	17.438175270108
B_NA	910	5044	T	990	0	4860	19.2518518518519
B_NA	911	5949	T	85	0	5892	20.9794636795655
B_NA	912	5980	T	52	0	5937	25.0576048509348
B_NA	913	6001	T	30	0	5941	24.8168658475004
B_NA	914	5996	G	34	0	5823	25.2158681092221
B_NA	915	6008	T	22	0	5946	24.0432223343424
B_NA	916	5984	C	45	0	5930	23.9472175379427
B_NA	917	5914	A	115	0	5867	22.0867564342935
B_NA	918	5995	A	34	0	5922	22.3774062816616
B_NA	919	6004	A	25	0	5944	24.3509421265141
B_NA	920	5995	T	34	0	5920	25.9162162162162
B_NA	921	6010	T	19	0	5956	26.4331766286098
B_NA	922	5990	A	37	0	5927	26.6877003543108
B_NA	923	6004	A	22	0	5973	26.3937719738825
B_NA	924	5992	A	32	0	5867	24.1355036645645
B_NA	925	5949	C	73	0	5895	19.8042408821035
B_NA	926	5904	G	117	0	5713	17.2018204095922
B_NA	927	5943	T	78	0	5889	16.6958736627611
B_NA	928	5746	G	274	0	5617	16.8582873419975
B_NA	929	5935	G	79	0	5873	17.271581815086
B_NA	930	5922	A	92	0	5870	18.445996592845
B_NA	931	5812	G	198	0	5732	18.6552686671319
B_NA	932	5916	A	88	0	5828	19.4267330130405
B_NA	933	5965	C	39	0	5852	18.8602187286398
B_NA	934	5941	T	63	0	5891	19.0033950093363
B_NA	935	5955	G	49	0	5899	21.3982030852687
B_NA	936	5937	A	66	0	5853	22.4507090381001
B_NA	937	5957	T	44	0	5900	24.1694915254237
B_NA	938	5897	A	104	0	5756	22.9671646977067
B_NA	939	5888	C	113	0	5810	22.2344234079174
B_NA	940	5925	A	76	0	5829	21.0188711614342
B_NA	941	5859	G	141	0	5729	19.041892127771
B_NA	942	5888	C	112	0	5784	19.3073997233748
B_NA	943	5858	A	142	0	5725	18.5743231441048
B_NA	944	5902	G	98	0	5863	17.7978850417875
B_NA	945	5960	A	40	0	5936	18.8108153638814
B_NA	946	5976	A	22	0	5958	20.4603893924136
B_NA	947	5975	A	22	0	5912	24.8863328822733
B_NA	948	5967	T	30	0	5909	24.9595532238958
B_NA	949	5893	A	103	0	5810	26.4036144578313
B_NA	950	5936	A	59	0	5890	24.9617996604414
B_NA	951	5925	G	69	0	5846	21.4598015737256
B_NA	952	5944	A	48	0	5819	22.3172366385977
B_NA	953	5962	T	28	0	5902	21.5513385293121
B_NA	954	5965	T	22	0	5926	22.220722240972
B_NA	955	5950	G	36	0	5877	23.0712948783393
B_NA	956	5941	A	42	0	5852	23.9427546138072
B_NA	957	5830	T	150	0	5796	24.3773291925466
B_NA	958	5836	G	144	0	5729	23.4601152033514
B_NA	959	5951	T	27	0	5912	23.6561231393775
B_NA	960	5927	G	49	0	5824	29.4431662087912
B_NA	961	5895	T	81	0	5812	30.2783895388851
B_NA	962	5879	A	95	0	5685	20.7732629727353
B_NA	963	5935	C	39	0	5894	20.11231761113
B_NA	964	5935	A	39	0	5848	20.1330369357045
B_NA	965	5936	G	37	0	5857	19.6925046952365
B_NA	966	5927	A	45	0	5868	21.5284594410361
B_NA	967	5922	T	49	0	5858	22.4177193581427
B_NA	968	5883	A	87	0	5503	19.2653098310013
B_NA	969	5827	C	143	0	5765	18.3351257588899
B_NA	970	5723	T	247	0	5588	18.1623120973515
B_NA	971	5829	T	140	0	5727	18.3270473197136
B_NA	972	5332	A	633	0	5163	16.6062366840984
B_NA	973	5795	T	168	0	5139	16.7596808717649
B_NA	974	5931	T	31	0	5854	16.3966518619747
B_NA	975	5922	T	39	0	5843	16.660961834674
B_NA	976	5836	G	124	0	5648	16.9143059490085
B_NA	977	5888	G	70	0	5813	19.2327541716842
B_NA	978	5837	A	121	0	5755	19.4776715899218
B_NA	979	5777	C	178	0	5693	20.3058141577376
B_NA	980	5794	A	156	0	5734	20.9600627833973
B_NA	981	3790	C	2157	0	3689	22.2805638384386
B_NA	982	5516	C	430	0	5392	21.4632789317507
B_NA	983	5845	C	99	0	5724	20.9750174703005
B_NA	984	5862	C	80	0	5658	21.7983386355603
B_NA	985	5877	C	65	0	5605	19.9653880463872
B_NA	986	5888	A	53	0	5782	18.0555171221031
B_NA	987	5890	G	51	0	5838	17.3878040424803
B_NA	988	5881	A	60	0	5760	17.0416666666667
B_NA	989	5719	C	222	0	5589	20.8117731257828
B_NA	990	5911	C	28	0	5787	19.3699671677899
B_NA	991	5853	A	82	0	5804	19.4088559614059
B_NA	992	5904	A	31	0	5869	21.3155563128301
B_NA	993	5901	A	32	0	5834	23.918066506685
B_NA	994	5901	T	32	0	5860	25.7273037542662
B_NA	995	5890	G	42	0	5807	24.4286206302738
B_NA	996	5916	A	16	0	5801	24.2240992932253
B_NA	997	5916	T	15	0	5899	24.2773351415494
B_NA	998	5846	G	83	0	5793	23.5045744864492
B_NA	999	5852	G	76	0	5812	22.081039229181
B_NA	1000	5711	A	215	0	5671	22.2870745900194
B_NA	1001	5832	A	93	0	5720	22.0641608391608
B_NA	1002	5875	G	50	0	5814	21.6030271757826
B_NA	1003	5866	C	58	0	5785	21.2350907519447
B_NA	1004	5850	A	74	0	5764	21.1254337265788
B_NA	1005	5860	T	60	0	5774	20.4161759612054
B_NA	1006	5833	A	86	0	5759	21.3196735544365
B_NA	1007	5855	A	64	0	5727	22.1204819277108
B_NA	1008	5839	C	76	0	5733	22.8639455782313
B_NA	1009	5858	A	55	0	5725	20.9006113537118
B_NA	1010	5810	G	103	0	5726	19.4514495284666
B_NA	1011	5875	G	37	0	5807	18.9238849664198
B_NA	1012	5632	C	279	0	5561	19.5515195108793
B_NA	1013	5846	C	64	0	5757	20.5841584158416
B_NA	1014	5804	C	106	0	5727	20.3603981141959
B_NA	1015	5723	T	187	0	5633	21.8753772412569
B_NA	1016	5770	T	139	0	5651	24.0254822155371
B_NA	1017	5796	G	110	0	5531	23.1021515096728
B_NA	1018	5860	T	46	0	5723	22.5098724445221
B_NA	1019	5868	G	38	0	5752	21.7155771905424
B_NA	1020	5841	A	64	0	5709	20.3928884217902
B_NA	1021	5892	A	13	0	5809	21.0845240144603
B_NA	1022	5874	T	30	0	5817	21.484270242393
B_NA	1023	5865	C	39	0	5832	21.7935528120713
B_NA	1024	5870	T	33	0	5794	23.404901622368
B_NA	1025	5878	G	25	0	5828	23.1422443376802
B_NA	1026	5858	A	45	0	5781	24.2141498010725
B_NA	1027	5887	T	16	0	5852	24.0755297334245
B_NA	1028	5720	G	183	0	5648	23.0959631728045
B_NA	1029	5860	G	42	0	5765	21.7632263660017
B_NA	1030	5874	G	26	0	5840	21.7318493150685
B_NA	1031	5880	G	17	0	5853	23.4124380659491
B_NA	1032	5867	A	27	0	5823	23.8892323544565
B_NA	1033	5871	C	22	0	5776	20.7948407202216
B_NA	1034	5396	G	495	0	5306	15.6502073124764
B_NA	1035	5475	A	416	0	5414	14.2537864794976
B_NA	1036	4397	G	1492	0	4196	14.1065300285987
B_NA	1037	5499	G	388	0	5465	14.967978042086
B_NA	1038	5680	G	207	0	5601	16.9203713622567
B_NA	1039	5541	G	343	0	5261	16.6244060064626
B_NA	1040	5460	A	429	0	5293	16.1734366143964
B_NA	1041	5750	G	137	0	5405	13.4442183163737
B_NA	1042	5611	T	275	0	5561	12.8730444164719
B_NA	1043	5719	G	167	0	5639	14.1363716971094
B_NA	1044	5583	G	300	0	5503	16.6351081228421
B_NA	1045	5571	A	309	0	5520	18.2307971014493
B_NA	1046	5785	G	94	0	5732	18.5158757850663
B_NA	1047	5830	G	45	0	5802	17.7978283350569
B_NA	1048	5810	C	65	0	5730	17.3902268760908
B_NA	1049	5818	A	55	0	5766	20.1116892126257
B_NA	1050	5821	T	51	0	5779	23.3114725731095
B_NA	1051	5804	C	68	0	5780	25.281660899654
B_NA	1052	4706	A	1165	0	4668	22.8348329048843
B_NA	1053	5793	A	75	0	5745	22.6259355961706
B_NA	1054	5723	A	142	0	5519	16.1380684906686
B_NA	1055	5623	G	241	0	5592	16.0384477825465
B_NA	1056	5688	G	175	0	5573	17.3249596267719
B_NA	1057	5729	A	133	0	5669	15.5494796260363
B_NA	1058	5701	G	161	0	5603	17.9778689987507
B_NA	1059	5582	G	278	0	5130	16.792007797271
B_NA	1060	5314	A	546	0	4915	14.3350966429298
B_NA	1061	5617	T	242	0	5451	14.9339570720969
B_NA	1062	5818	T	39	0	5771	15.1864494888234
B_NA	1063	5820	T	36	0	5779	15.785776085828
B_NA	1064	5823	G	32	0	5736	21.8701185495119
B_NA	1065	5841	T	13	0	5781	25.5329527763363
B_NA	1066	5838	T	15	0	5779	25.548710849628
B_NA	1067	5818	C	35	0	5771	26.002425922717
B_NA	1068	5814	A	37	0	5728	25.6831354748603
B_NA	1069	5827	T	24	0	5778	25.4877120110765
B_NA	1070	5757	C	93	0	5698	25.6177606177606
B_NA	1071	5254	A	596	0	5206	21.9514022281982
B_NA	1072	5701	A	148	0	5652	21.1036801132343
B_NA	1073	5677	A	171	0	5518	17.3383472272563
B_NA	1074	5691	G	155	0	5576	19.1522596843615
B_NA	1075	5677	A	167	0	5558	18.2711406980928
B_NA	1076	5716	A	123	0	5588	18.5205798138869
B_NA	1077	5724	T	115	0	5634	19.2287894923678
B_NA	1078	5759	G	75	0	5629	19.412861964825
B_NA	1079	5789	A	45	0	5713	20.3008927008577
B_NA	1080	5809	A	24	0	5770	19.0424610051993
B_NA	1081	5787	A	45	0	5744	21.6323119777159
B_NA	1082	5756	T	76	0	5709	19.875810124365
B_NA	1083	4907	C	923	0	4864	23.6305509868421
B_NA	1084	5622	C	202	0	5460	17.1016483516484
B_NA	1085	5535	A	288	0	5514	14.1425462459195
B_NA	1086	5774	A	48	0	5736	15.725069735007
B_NA	1087	5768	G	54	0	5708	17.5036790469516
B_NA	1088	5693	A	128	0	5623	19.7720078250044
B_NA	1089	5753	T	68	0	5617	19.8784048424426
B_NA	1090	5791	T	29	0	5749	20.6131501130631
B_NA	1091	5538	G	279	0	5502	20.7620865139949
B_NA	1092	5713	G	99	0	5649	20.2223402372101
B_NA	1093	5672	A	139	0	5620	20.6756227758007
B_NA	1094	5726	A	83	0	5654	21.3627520339583
B_NA	1095	5749	G	59	0	5663	19.1426805580081
B_NA	1096	5757	G	51	0	5605	18.2239072256913
B_NA	1097	5756	T	52	0	5694	16.5542676501581
B_NA	1098	5727	G	81	0	5474	17.9240043843624
B_NA	1099	5773	G	32	0	5665	16.5285083848191
B_NA	1100	5751	T	54	0	5636	18.1126685592619
B_NA	1101	5753	A	52	0	5660	18.6745583038869
B_NA	1102	5511	C	293	0	5425	20.1089400921659
B_NA	1103	5508	T	295	0	5447	21.6625665503947
B_NA	1104	5643	C	160	0	5528	21.9435600578871
B_NA	1105	5632	T	167	0	5594	32.3264211655345
B_NA	1106	5594	C	203	0	5446	23.3584282041866
B_NA	1107	5742	G	54	0	5271	15.0629861506356
B_NA	1108	5761	A	34	0	5325	15.0067605633803
B_NA	1109	5783	A	12	0	5585	15.1586392121755
B_NA	1110	5783	C	12	0	5649	15.4190122145512
B_NA	1111	5753	G	42	0	5649	14.9704372455302
B_NA	1112	5630	A	165	0	5539	16.3971836071493
B_NA	1113	5768	T	27	0	5742	16.6043190525949
B_NA	1114	5752	G	43	0	5653	18.2370422784362
B_NA	1115	5761	T	34	0	5709	20.4340514976353
B_NA	1116	5748	C	47	0	5698	22.451912951913
B_NA	1117	5726	T	69	0	5608	20.5222895863053
B_NA	1118	5600	A	194	0	5516	22.1051486584482
B_NA	1119	5770	A	22	0	5733	23.5058433629862
B_NA	1120	5776	A	14	0	5746	24.7554820744866
B_NA	1121	5774	A	14	0	5633	26.6454819811823
B_NA	1122	5756	C	27	0	5735	24.1077593722755
B_NA	1123	5745	T	38	0	5707	22.7364639915893
B_NA	1124	5747	G	34	0	5727	22.2041208311507
B_NA	1125	5561	A	220	0	5526	23.3306188925081
B_NA	1126	5692	A	88	0	5656	23.1757425742574
B_NA	1127	5708	A	70	0	5665	22.2271844660194
B_NA	1128	5662	G	115	0	5628	23.1419687277896
B_NA	1129	5751	G	26	0	5709	21.2485549132948
B_NA	1130	5744	A	33	0	5709	20.6127167630058
B_NA	1131	5750	T	26	0	5718	21.3795033228402
B_NA	1132	5077	G	697	0	4957	21.39741779302
B_NA	1133	5717	G	56	0	5558	20.5248290752069
B_NA	1134	5744	G	27	0	5684	19.5140745953554
B_NA	1135	5757	G	13	0	5731	20.7021462222998
B_NA	1136	5739	A	29	0	5704	21.9801893408135
B_NA	1137	5753	T	15	0	5729	22.1834526095305
B_NA	1138	5657	G	111	0	5604	22.866880799429
B_NA	1139	5759	G	9	0	5708	21.2818850735809
B_NA	1140	5737	A	28	0	5674	20.9354952414522
B_NA	1141	5747	A	17	0	5644	21.8375265768958
B_NA	1142	5745	C	19	0	5708	21.3845480028031
B_NA	1143	5672	T	91	0	5604	22.7869379014989
B_NA	1144	5685	G	78	0	5591	22.6617778572706
B_NA	1145	5644	T	118	0	5520	23.0255434782609
B_NA	1146	5657	A	103	0	5581	22.2297079376456
B_NA	1147	5684	T	76	0	5643	22.3313840155945
B_NA	1148	5655	G	102	0	5325	21.0602816901408
B_NA	1149	5712	T	45	0	5624	20.8890469416785
B_NA	1150	5673	C	83	0	5574	21.400071761751
B_NA	1151	5621	A	135	0	5552	20.2993515850144
B_NA	1152	5664	A	92	0	5579	19.9082272808747
B_NA	1153	5636	G	117	0	5435	18.5098436062557
B_NA	1154	5685	T	68	0	5534	19.0992049150705
B_NA	1155	5709	A	42	0	5622	19.2186054784774
B_NA	1156	5681	T	69	0	5636	19.5894251242016
B_NA	1157	5671	G	78	0	5524	20.3613323678494
B_NA	1158	5702	G	47	0	5587	19.4682298192232
B_NA	1159	5715	T	25	0	5654	19.3753095153873
B_NA	1160	5564	G	175	0	5494	20.5489625045504
B_NA	1161	5709	G	30	0	5663	20.1961857672612
B_NA	1162	5624	A	113	0	5457	19.0179585853033
B_NA	1163	5618	G	119	0	5563	18.3670681287075
B_NA	1164	5605	A	132	0	5430	18.6985267034991
B_NA	1165	5498	C	239	0	5359	17.9749953349505
B_NA	1166	5676	C	61	0	5585	17.9391226499552
B_NA	1167	5708	C	27	0	5612	19.1063791874555
B_NA	1168	5698	A	36	0	5617	20.1532846715328
B_NA	1169	5694	T	39	0	5629	21.1248889678451
B_NA	1170	5657	G	76	0	5540	21.529963898917
B_NA	1171	5702	G	27	0	5634	20.6256656017039
B_NA	1172	5681	G	46	0	5604	20.3197715917202
B_NA	1173	5666	C	60	0	5568	20.375
B_NA	1174	5682	T	41	0	5577	20.6700735162274
B_NA	1175	5693	G	30	0	5597	21.6108629623012
B_NA	1176	5680	A	43	0	5543	21.8047988453906
B_NA	1177	5678	C	45	0	5587	20.9812063719348
B_NA	1178	5667	A	55	0	5570	18.2491921005386
B_NA	1179	5643	G	79	0	5463	17.6117517847337
B_NA	1180	5653	T	69	0	5633	18.1890644416829
B_NA	1181	5659	G	63	0	5602	18.8020349875045
B_NA	1182	5664	A	57	0	5591	21.200500804865
B_NA	1183	5663	T	58	0	5626	24.0222182723071
B_NA	1184	5533	G	187	0	5331	20.882198461827
B_NA	1185	4645	C	1072	0	4522	20.1419725785051
B_NA	1186	5554	C	162	0	5419	19.0743679645691
B_NA	1187	5673	C	43	0	5590	14.3908765652952
B_NA	1188	5648	T	68	0	5564	16.12688713156
B_NA	1189	5625	A	91	0	5443	18.47675914018
B_NA	1190	5662	G	54	0	5581	18.9964164128292
B_NA	1191	4736	T	980	0	4557	20.6697388632873
B_NA	1192	5652	T	64	0	5615	21.0350845948353
B_NA	1193	5693	T	18	0	5670	24.2592592592593
B_NA	1194	5685	T	24	0	5649	29.671092228713
B_NA	1195	5654	T	53	0	5384	26.9881129271917
B_NA	1196	5638	A	68	0	5552	21.0637608069164
B_NA	1197	5528	G	178	0	5030	17.0638170974155
B_NA	1198	5541	T	163	0	5495	16.2509554140127
B_NA	1199	5497	G	207	0	5250	17.3948571428571
B_NA	1200	5533	G	169	0	5420	16.9869003690037
B_NA	1201	5392	A	310	0	5295	17.8723323890463
B_NA	1202	5519	G	180	0	5326	17.4453623732632
B_NA	1203	5556	T	141	0	5464	16.9183748169839
B_NA	1204	5571	A	126	0	5510	18.0834845735027
B_NA	1205	5638	A	59	0	5522	20.0034407823252
B_NA	1206	5641	T	56	0	5576	21.600968436155
B_NA	1207	5636	G	61	0	5557	21.7802771279467
B_NA	1208	5652	A	43	0	5508	22.2481844589688
B_NA	1209	5635	T	59	0	5565	22.7721473495058
B_NA	1210	5680	T	13	0	5645	23.7542958370239
B_NA	1211	5679	T	14	0	5612	23.9429793300071
B_NA	1212	5649	C	43	0	5611	26.7430048119765
B_NA	1213	5646	A	46	0	5609	22.9003387413086
B_NA	1214	5665	A	26	0	5611	21.4371769738015
B_NA	1215	5665	T	26	0	5610	23.8875222816399
B_NA	1216	5653	G	38	0	5597	21.5515454707879
B_NA	1217	5310	A	381	0	5254	21.8060525314046
B_NA	1218	5640	A	48	0	5586	22.1111707841031
B_NA	1219	5653	A	34	0	5605	21.6003568242641
B_NA	1220	5640	G	41	0	5600	23.16
B_NA	1221	5635	A	43	0	5579	23.646531636494
B_NA	1222	5658	A	16	0	5541	23.1653131203754
B_NA	1223	5548	C	125	0	5482	21.7437066763955
B_NA	1224	5640	C	33	0	5540	21.3043321299639
B_NA	1225	5629	T	42	0	5526	20.9201954397394
B_NA	1226	5576	G	95	0	5406	20.9929707732149
B_NA	1227	5641	G	30	0	5487	20.6320393657736
B_NA	1228	5637	T	31	0	5561	19.6076245279626
B_NA	1229	5617	T	51	0	5575	20.2069955156951
B_NA	1230	5543	G	125	0	5206	19.0470610833653
B_NA	1231	5592	G	76	0	5400	18.9609259259259
B_NA	1232	5641	T	27	0	5514	18.9437794704389
B_NA	1233	5640	A	28	0	5593	19.1509029143572
B_NA	1234	5631	T	35	0	5596	21.5405646890636
B_NA	1235	5610	T	56	0	5575	24.8321076233184
B_NA	1236	5514	C	152	0	5458	26.0773176987908
B_NA	1237	5552	C	114	0	5470	21.1795246800731
B_NA	1238	5361	T	301	0	5281	19.3821245976141
B_NA	1239	5548	T	114	0	5434	21.5007361059993
B_NA	1240	5578	T	82	0	5514	23.4927457381211
B_NA	1241	5519	G	141	0	5269	20.3717973049915
B_NA	1242	5591	G	69	0	5398	18.2754723971841
B_NA	1243	5600	C	60	0	5546	18.1658853227551
B_NA	1244	5551	T	108	0	5481	18.762634555738
B_NA	1245	5195	T	463	0	5066	21.2828661666009
B_NA	1246	5147	C	510	0	4931	19.2131413506388
B_NA	1247	5505	G	152	0	5285	12.3854304635762
B_NA	1248	5586	A	71	0	5539	12.1003791298068
B_NA	1249	5614	A	42	0	5567	12.9974851805281
B_NA	1250	5618	A	38	0	5520	20.3217391304348
B_NA	1251	5613	T	42	0	5503	21.0817735780483
B_NA	1252	4893	A	761	0	4810	24.1122661122661
B_NA	1253	5488	A	164	0	5433	24.2996502852936
B_NA	1254	5617	A	29	0	5578	24.4844030118322
B_NA	1255	5587	A	41	0	5540	23.0574007220217
B_NA	1256	5556	G	69	0	5510	25.4669691470054
B_NA	1257	5579	A	45	0	5512	23.603229317852
B_NA	1258	5584	T	38	0	5519	23.1632542127197
B_NA	1259	5006	A	615	0	4931	21.913810586088
B_NA	1260	4903	A	718	0	4860	20.4393004115226
B_NA	1261	4666	G	952	0	4561	15.5967989475992
B_NA	1262	5560	A	58	0	5481	17.1523444626893
B_NA	1263	5597	A	21	0	5562	16.688061848256
B_NA	1264	5563	A	54	0	5429	17.6083993368945
B_NA	1265	5530	T	87	0	5463	18.0862163646348
B_NA	1266	5493	G	124	0	5248	18.9439786585366
B_NA	1267	5483	C	132	0	5320	17.1065789473684
B_NA	1268	5517	G	97	0	5377	15.5125534684768
B_NA	1269	5428	A	186	0	5279	15.4551998484561
B_NA	1270	5587	T	27	0	5533	16.6880534971986
B_NA	1271	5578	G	35	0	5415	17.9573407202216
B_NA	1272	5572	T	41	0	5537	20.5172476070074
B_NA	1273	4574	C	1038	0	4521	22.5518690555187
B_NA	1274	5322	C	290	0	5275	21.5698578199052
B_NA	1275	5523	C	88	0	5422	20.2757285134637
B_NA	1276	5481	C	127	0	5388	19.2247587230883
B_NA	1277	5428	T	180	0	5365	19.8559179869525
B_NA	1278	5435	G	172	0	5320	20.2851503759398
B_NA	1279	5485	T	122	0	5394	21.5730441230997
B_NA	1280	5483	A	125	0	5329	21.5867892662789
B_NA	1281	5525	T	83	0	5358	21.6539753639418
B_NA	1282	5565	T	43	0	5515	21.9408884859474
B_NA	1283	5474	G	132	0	5197	20.7565903405811
B_NA	1284	5567	G	38	0	5547	19.81557598702
B_NA	1285	5580	G	21	0	5555	19.6873087308731
B_NA	1286	5565	A	36	0	5519	20.9117593766987
B_NA	1287	5570	T	31	0	5484	22.7729759299781
B_NA	1288	5429	A	172	0	5340	20.790074906367
B_NA	1289	5513	G	86	0	5424	20.1506268436578
B_NA	1290	5561	A	38	0	5499	20.0585561011093
B_NA	1291	5536	G	62	0	5478	39.276560788609
B_NA	1292	5529	A	69	0	5456	50.9952346041056
B_NA	1293	5555	T	41	0	5524	22.9277697320782
B_NA	1294	5539	G	56	0	5473	23.1306413301663
B_NA	1295	5569	G	24	0	5518	22.2756433490395
B_NA	1296	5538	T	53	0	5440	22.1836397058824
B_NA	1297	5280	A	311	0	5181	22.1818181818182
B_NA	1298	5305	C	285	0	5211	21.1644597965842
B_NA	1299	5543	A	47	0	5503	21.3694348537162
B_NA	1300	5540	T	49	0	5513	21.2555777253764
B_NA	1301	5565	G	24	0	5504	22.0087209302326
B_NA	1302	5581	A	8	0	5513	24.2392526754943
B_NA	1303	5564	T	25	0	5546	25.1440677966102
B_NA	1304	5530	G	57	0	5340	22.2346441947566
B_NA	1305	5555	G	32	0	5469	19.8411044066557
B_NA	1306	5560	T	27	0	5527	19.875882033653
B_NA	1307	5532	G	55	0	5505	20.208174386921
B_NA	1308	5496	G	91	0	5464	21.6057833089312
B_NA	1309	4844	A	741	0	4786	22.1270371918094
B_NA	1310	5427	A	158	0	5384	23.4435364041605
B_NA	1311	5548	A	35	0	5520	22.9338768115942
B_NA	1312	5264	A	318	0	5204	18.3308993082244
B_NA	1313	5167	G	413	0	5099	20.0500098058443
B_NA	1314	5370	A	209	0	5229	20.4274239816408
B_NA	1315	5487	G	91	0	5453	33.0515312671924
B_NA	1316	5439	A	139	0	5083	42.8976982097187
B_NA	1317	5508	C	70	0	5442	18.5959206174201
B_NA	1318	5381	T	197	0	5313	19.1797477884434
B_NA	1319	5471	T	106	0	5421	20.7393469839513
B_NA	1320	5457	G	119	0	5345	23.0241347053321
B_NA	1321	5501	G	75	0	5453	22.0502475701449
B_NA	1322	5510	C	66	0	5447	22.5957407747384
B_NA	1323	5489	A	87	0	5431	21.700055238446
B_NA	1324	5514	C	61	0	5497	21.7102055666727
B_NA	1325	5521	T	52	0	5484	22.4029905178702
B_NA	1326	5348	C	225	0	5306	22.5718055032039
B_NA	1327	5324	A	247	0	5246	19.7243614182234
B_NA	1328	5336	G	233	0	5204	17.6808224442736
B_NA	1329	5513	C	56	0	5472	19.0526315789474
B_NA	1330	5503	A	64	0	5424	18.3045722713864
B_NA	1331	5512	G	55	0	5466	17.7089279180388
B_NA	1332	5480	C	86	0	5449	19.1969168654799
B_NA	1333	5453	A	113	0	5431	19.6265881053213
B_NA	1334	5473	A	93	0	5146	17.7872133696075
B_NA	1335	5525	C	40	0	5463	17.7902251510159
B_NA	1336	5519	A	46	0	5407	17.3206953948585
B_NA	1337	5497	G	66	0	5375	16.2243720930233
B_NA	1338	5483	C	80	0	5416	18.6179837518464
B_NA	1339	5510	C	53	0	5444	18.8633357825129
B_NA	1340	5487	A	75	0	5435	19.8793008279669
B_NA	1341	5232	T	330	0	5169	23.2596246856258
B_NA	1342	5510	T	52	0	5461	25.482146127083
B_NA	1343	5511	T	49	0	5453	24.1958554923895
B_NA	1344	5504	A	56	0	5384	23.5627786032689
B_NA	1345	5490	C	70	0	5458	23.021069989007
B_NA	1346	5490	T	70	0	5415	21.7551246537396
B_NA	1347	5515	G	44	0	5366	22.7273574357063
B_NA	1348	5462	T	97	0	5403	23.5606144734407
B_NA	1349	5525	T	34	0	5482	24.7022984312295
B_NA	1350	5512	T	47	0	5445	24.4255280073462
B_NA	1351	5490	A	69	0	5453	26.0801393728223
B_NA	1352	5539	A	19	0	5455	25.7945004582951
B_NA	1353	5539	T	17	0	5515	25.083771532185
B_NA	1354	5495	G	57	0	5390	24.2328385899814
B_NA	1355	5530	G	21	0	5461	22.4475370811207
B_NA	1356	5527	G	24	0	5443	20.9937534447915
B_NA	1357	5507	C	44	0	5459	20.7103865176772
B_NA	1358	5500	T	50	0	5414	22.1182120428519
B_NA	1359	5513	C	36	0	5445	22.8341597796143
B_NA	1360	5505	A	43	0	5404	16.4170984455959
B_NA	1361	5485	G	62	0	5445	15.5559228650138
B_NA	1362	5537	G	9	0	5505	17.8145322434151
B_NA	1363	5529	A	17	0	5474	19.6664230909755
B_NA	1364	5496	C	45	0	5448	21.9212555066079
B_NA	1365	5478	A	63	0	5256	19.2766362252664
B_NA	1366	5361	G	180	0	5306	18.8392385978138
B_NA	1367	5402	C	139	0	5360	18.9132462686567
B_NA	1368	5460	T	80	0	5413	19.0336227600222
B_NA	1369	5505	G	34	0	5437	21.9084053706088
B_NA	1370	5502	C	36	0	5465	22.7279048490393
B_NA	1371	5445	T	93	0	5393	23.5466345262377
B_NA	1372	5402	G	136	0	5321	23.180605149408
B_NA	1373	5439	T	97	0	5382	23.0163507989595
B_NA	1374	5423	G	110	0	5151	19.5063094544749
B_NA	1375	5511	G	20	0	5471	18.3337598245293
B_NA	1376	5507	G	23	0	5486	18.4660955158585
B_NA	1377	5464	A	66	0	5431	19.5218191861536
B_NA	1378	5471	C	59	0	5436	23.1780721118469
B_NA	1379	5494	A	34	0	5435	22.3834406623735
B_NA	1380	5427	C	86	0	5376	22.0954241071429
B_NA	1381	5473	T	35	0	5439	22.0810810810811
B_NA	1382	5481	G	26	0	5258	21.852795739825
B_NA	1383	5450	T	55	0	5393	22.1496384201743
B_NA	1384	5349	C	156	0	5310	23.2813559322034
B_NA	1385	5332	A	171	0	5196	20.5777521170131
B_NA	1386	5391	C	111	0	5240	21.2225190839695
B_NA	1387	5406	A	95	0	5289	20.2507090187181
B_NA	1388	5332	G	167	0	5214	19.4946298427311
B_NA	1389	5462	G	34	0	5383	18.7111276240015
B_NA	1390	5378	T	117	0	5332	19.3141410352588
B_NA	1391	5387	G	107	0	5251	21.3389830508475
B_NA	1392	5354	T	139	0	5218	23.1734380988885
B_NA	1393	5468	T	24	0	5429	23.4105728495119
B_NA	1394	5465	G	26	0	5426	22.0788794692223
B_NA	1395	5303	A	188	0	5242	22.8861121709271
B_NA	1396	5305	T	181	0	5277	24.5180974038279
B_NA	1397	5475	A	7	0	5443	21.595811133566
B_NA	1398	5453	T	22	0	5422	21.9090741423829
B_NA	1399	5418	G	35	0	5289	20.3062960862167
B_NA	1400	5420	G	11	0	5398	19.902741756206
B_NA	1401	5371	C	53	0	5353	19.9166822342612
B_NA	1402	5357	T	57	0	5318	21.3095148552087
B_NA	1403	5391	C	2	0	5371	24.2394339973934
B_NA	1404	5349	T	2	0	5336	24.4525862068966
B_NA	1405	5272	G	0	0	5201	23.7377427417804
B_NA	1406	5229	T	0	0	5202	23.5128796616686
B_NA	1407	5169	A	0	0	5169	23.7043915650996
B_NA	1408	5092	A	0	0	5092	23.4491358994501
