Reference_Name	Position	Coverage Depth	Consensus	Deletions	Ambiguous	Consensus_Count	Consensus_Average_Quality
A_MP	1	8	N	0	0	8	24.25
A_MP	2	8	N	0	0	8	25.25
A_MP	3	8	N	0	0	8	24.875
A_MP	4	8	N	0	0	8	31.125
A_MP	5	8	N	0	0	8	23.875
A_MP	6	8	N	0	0	7	23
A_MP	7	8	N	0	0	8	22.25
A_MP	8	8	N	0	0	8	23.5
A_MP	9	8	N	0	0	8	25
A_MP	10	8	N	0	0	8	24.875
A_MP	11	8	N	0	0	8	25.125
A_MP	12	8	N	0	0	7	25.2857142857143
A_MP	13	8	N	0	0	8	25.625
A_MP	14	8	N	0	0	8	26.625
A_MP	15	8	N	0	0	8	22.75
A_MP	16	8	N	0	0	8	20.5
A_MP	17	8	N	0	0	8	19.375
A_MP	18	8	N	0	0	8	15.875
A_MP	19	8	N	0	0	8	18.5
A_MP	20	8	N	0	0	8	18.125
A_MP	21	8	N	0	0	8	22.75
A_MP	22	8	N	0	0	8	16.5
A_MP	23	7	N	1	0	7	14.5714285714286
A_MP	24	8	N	0	0	8	16.75
A_MP	25	8	N	0	0	8	18.5
A_MP	26	8	N	0	0	8	19.375
A_MP	27	8	N	0	0	8	15.875
A_MP	28	8	N	0	0	8	15.625
A_MP	29	8	N	0	0	8	17.125
A_MP	30	8	N	0	0	7	16.2857142857143
A_MP	31	8	N	0	0	8	20.25
A_MP	32	8	N	0	0	7	21
A_MP	33	8	N	0	0	8	25.5
A_MP	34	8	N	0	0	8	22.75
A_MP	35	8	N	0	0	8	21.25
A_MP	36	8	N	0	0	6	21.8333333333333
A_MP	37	8	N	0	0	8	27.875
A_MP	38	8	N	0	0	8	29.75
A_MP	39	8	N	0	0	8	16.625
A_MP	40	7	N	1	0	7	17.2857142857143
A_MP	41	7	N	1	0	7	22.5714285714286
A_MP	42	7	N	1	0	7	22.1428571428571
A_MP	43	7	N	1	0	5	17.8
A_MP	44	7	N	1	0	7	17.1428571428571
A_MP	45	7	N	1	0	5	16.6
A_MP	46	8	N	0	0	8	18.5
A_MP	47	8	N	0	0	7	19.8571428571429
A_MP	48	8	N	0	0	7	19.7142857142857
A_MP	49	8	N	0	0	8	21.75
A_MP	50	8	N	0	0	8	22.875
A_MP	51	8	N	0	0	8	18
A_MP	52	8	N	0	0	8	18.875
A_MP	53	7	N	1	0	7	18.7142857142857
A_MP	54	4	N	4	0	4	16.5
A_MP	55	8	N	0	0	8	16.875
A_MP	56	8	N	0	0	8	16.75
A_MP	57	8	N	0	0	8	17.875
A_MP	58	8	N	0	0	8	18.625
A_MP	59	8	N	0	0	8	19.625
A_MP	60	8	N	0	0	8	20.625
A_MP	61	7	N	1	0	7	18.2857142857143
A_MP	62	8	N	0	0	8	17.375
A_MP	63	8	N	0	0	8	21.375
A_MP	64	8	N	0	0	7	19.5714285714286
A_MP	65	8	N	0	0	8	19
A_MP	66	8	N	0	0	8	17.75
A_MP	67	8	N	0	0	8	17.125
A_MP	68	8	N	0	0	8	19.625
A_MP	69	8	N	0	0	8	19.75
A_MP	70	8	N	0	0	8	20
A_MP	71	8	N	0	0	7	22.7142857142857
A_MP	72	8	N	0	0	7	22.1428571428571
A_MP	73	8	N	0	0	7	17.7142857142857
A_MP	74	8	N	0	0	8	18.625
A_MP	75	8	N	0	0	7	18
A_MP	76	8	N	0	0	8	18.125
A_MP	77	8	N	0	0	7	21.2857142857143
A_MP	78	8	N	0	0	7	18.4285714285714
A_MP	79	8	N	0	0	6	18.5
A_MP	80	8	N	0	0	7	19.2857142857143
A_MP	81	8	N	0	0	7	27.8571428571429
A_MP	82	8	N	0	0	8	15.625
A_MP	83	8	N	0	0	8	15
A_MP	84	7	N	1	0	6	19.6666666666667
A_MP	85	8	N	0	0	8	16.375
A_MP	86	8	N	0	0	8	15.5
A_MP	87	8	N	0	0	8	20
A_MP	88	8	N	0	0	7	22.7142857142857
A_MP	89	8	N	0	0	7	22
A_MP	90	8	N	0	0	8	21
A_MP	91	8	N	0	0	8	29.5
A_MP	92	8	N	0	0	8	32.625
A_MP	93	8	N	0	0	8	41.5
A_MP	94	8	N	0	0	8	33
A_MP	95	8	N	0	0	8	24.375
A_MP	96	8	N	0	0	8	25.75
A_MP	97	8	N	0	0	8	25.125
A_MP	98	8	N	0	0	8	24.625
A_MP	99	8	N	0	0	7	20
A_MP	100	8	N	0	0	8	22
A_MP	101	8	N	0	0	8	20
A_MP	102	8	N	0	0	7	15.8571428571429
A_MP	103	8	N	0	0	8	24.5
A_MP	104	8	N	0	0	8	24
A_MP	105	8	N	0	0	7	23
A_MP	106	8	N	0	0	8	24.375
A_MP	107	8	N	0	0	8	25.25
A_MP	108	8	N	0	0	8	24.375
A_MP	109	8	N	0	0	8	21.25
A_MP	110	8	N	0	0	8	39.25
A_MP	111	8	N	0	0	7	21.4285714285714
A_MP	112	8	N	0	0	7	19
A_MP	113	8	N	0	0	8	18.25
A_MP	114	8	N	0	0	8	19.875
A_MP	115	8	N	0	0	8	19.375
A_MP	116	8	N	0	0	7	23.5714285714286
A_MP	117	8	N	0	0	8	21.5
A_MP	118	8	N	0	0	8	18.25
A_MP	119	8	N	0	0	8	17.875
A_MP	120	8	N	0	0	7	16
A_MP	121	8	N	0	0	7	18.2857142857143
A_MP	122	8	N	0	0	7	18
A_MP	123	8	N	0	0	8	17.625
A_MP	124	8	N	0	0	7	20.2857142857143
A_MP	125	8	N	0	0	8	22.375
A_MP	126	8	N	0	0	8	25
A_MP	127	7	N	1	0	6	26.8333333333333
A_MP	128	8	N	0	0	8	22
A_MP	129	8	N	0	0	7	23.8571428571429
A_MP	130	8	N	0	0	7	24
A_MP	131	8	N	0	0	7	24.1428571428571
A_MP	132	8	N	0	0	8	25.875
A_MP	133	8	N	0	0	8	24.125
A_MP	134	8	N	0	0	7	19.4285714285714
A_MP	135	8	N	0	0	8	18.625
A_MP	136	8	N	0	0	8	18.25
A_MP	137	8	N	0	0	8	15.75
A_MP	138	8	N	0	0	8	17.25
A_MP	139	8	N	0	0	8	18.625
A_MP	140	8	N	0	0	7	21.8571428571429
A_MP	141	8	N	0	0	6	23.1666666666667
A_MP	142	7	N	1	0	7	24.5714285714286
A_MP	143	7	N	1	0	7	24.5714285714286
A_MP	144	8	N	0	0	7	24.7142857142857
A_MP	145	8	N	0	0	8	22.5
A_MP	146	8	N	0	0	8	20.125
A_MP	147	8	N	0	0	8	20.375
A_MP	148	8	N	0	0	8	17.5
A_MP	149	8	N	0	0	8	20.375
A_MP	150	8	N	0	0	8	22.25
A_MP	151	8	N	0	0	8	24.5
A_MP	152	8	N	0	0	8	26.5
A_MP	153	8	N	0	0	7	26.1428571428571
A_MP	154	8	N	0	0	7	25
A_MP	155	8	N	0	0	8	24.375
A_MP	156	8	N	0	0	8	24
A_MP	157	8	N	0	0	8	24.75
A_MP	158	8	N	0	0	8	24.75
A_MP	159	8	N	0	0	8	23.5
A_MP	160	8	N	0	0	8	23.375
A_MP	161	8	N	0	0	8	22.375
A_MP	162	8	N	0	0	8	23.25
A_MP	163	8	N	0	0	7	21.2857142857143
A_MP	164	8	N	0	0	8	22.875
A_MP	165	8	N	0	0	8	24.25
A_MP	166	8	N	0	0	8	24.375
A_MP	167	8	N	0	0	8	21.5
A_MP	168	8	N	0	0	8	20.875
A_MP	169	8	N	0	0	8	20.75
A_MP	170	8	N	0	0	7	18.1428571428571
A_MP	171	7	N	1	0	6	15
A_MP	172	8	N	0	0	8	13.5
A_MP	173	8	N	0	0	7	14
A_MP	174	8	N	0	0	7	13
A_MP	175	8	N	0	0	7	15.8571428571429
A_MP	176	8	N	0	0	8	15.5
A_MP	177	8	N	0	0	8	16.75
A_MP	178	8	N	0	0	7	17.4285714285714
A_MP	179	8	N	0	0	8	16.625
A_MP	180	8	N	0	0	7	16.4285714285714
A_MP	181	8	N	0	0	7	16.5714285714286
A_MP	182	8	N	0	0	8	15.25
A_MP	183	8	N	0	0	6	16.3333333333333
A_MP	184	8	N	0	0	8	15.25
A_MP	185	8	N	0	0	8	15.5
A_MP	186	8	N	0	0	8	15.125
A_MP	187	8	N	0	0	8	16.75
A_MP	188	8	N	0	0	8	18.625
A_MP	189	8	N	0	0	7	48.5714285714286
A_MP	190	8	N	0	0	8	29.125
A_MP	191	8	N	0	0	8	23.75
A_MP	192	8	N	0	0	7	26.4285714285714
A_MP	193	7	N	1	0	7	21.1428571428571
A_MP	194	7	N	1	0	7	20.1428571428571
A_MP	195	7	N	1	0	7	19.4285714285714
A_MP	196	8	N	0	0	8	18
A_MP	197	8	N	0	0	8	18
A_MP	198	8	N	0	0	8	19
A_MP	199	8	N	0	0	8	28.875
A_MP	200	8	N	0	0	8	21.125
A_MP	201	8	N	0	0	8	21
A_MP	202	8	N	0	0	8	20.125
A_MP	203	8	N	0	0	8	20.5
A_MP	204	8	N	0	0	8	23.25
A_MP	205	7	N	1	0	7	23.4285714285714
A_MP	206	8	N	0	0	8	23
A_MP	207	7	N	1	0	7	33
A_MP	208	7	N	1	0	7	28.4285714285714
A_MP	209	7	N	1	0	6	34
A_MP	210	8	N	0	0	7	29.8571428571429
A_MP	211	8	N	0	0	8	27.125
A_MP	212	8	N	0	0	8	29.125
A_MP	213	7	N	1	0	7	32.5714285714286
A_MP	214	8	N	0	0	8	29.125
A_MP	215	8	N	0	0	8	27.25
A_MP	216	8	N	0	0	7	20.4285714285714
A_MP	217	8	N	0	0	8	19.25
A_MP	218	8	N	0	0	8	19.625
A_MP	219	8	N	0	0	8	19.625
A_MP	220	8	N	0	0	8	30.625
A_MP	221	7	N	1	0	7	31.4285714285714
A_MP	222	8	N	0	0	7	31.1428571428571
A_MP	223	8	N	0	0	8	27.25
A_MP	224	7	N	1	0	7	17.2857142857143
A_MP	225	8	N	0	0	6	16.3333333333333
A_MP	226	8	N	0	0	8	13.375
A_MP	227	8	N	0	0	8	15.375
A_MP	228	8	N	0	0	8	16.625
A_MP	229	7	N	1	0	7	15.4285714285714
A_MP	230	7	N	1	0	7	15.1428571428571
A_MP	231	8	N	0	0	8	14.125
A_MP	232	7	N	1	0	5	12.8
A_MP	233	7	N	1	0	7	10.8571428571429
A_MP	234	8	N	0	0	8	15.5
A_MP	235	7	N	1	0	7	16.4285714285714
A_MP	236	8	N	0	0	8	18.5
A_MP	237	8	N	0	0	8	22.375
A_MP	238	8	N	0	0	7	21.1428571428571
A_MP	239	8	N	0	0	8	21
A_MP	240	8	N	0	0	8	22.625
A_MP	241	7	N	1	0	7	19.1428571428571
A_MP	242	7	N	1	0	7	18.1428571428571
A_MP	243	7	N	1	0	7	20.7142857142857
A_MP	244	8	N	0	0	8	21.625
A_MP	245	8	N	0	0	8	20.625
A_MP	246	8	N	0	0	8	19.375
A_MP	247	8	N	0	0	6	18
A_MP	248	8	N	0	0	8	16.5
A_MP	249	8	N	0	0	7	14.8571428571429
A_MP	250	8	N	0	0	8	16
A_MP	251	8	N	0	0	8	18.625
A_MP	252	8	N	0	0	7	21
A_MP	253	8	N	0	0	8	20.625
A_MP	254	8	N	0	0	8	18.75
A_MP	255	8	N	0	0	8	19.75
A_MP	256	8	N	0	0	8	19
A_MP	257	8	N	0	0	8	17.875
A_MP	258	8	N	0	0	7	20.1428571428571
A_MP	259	8	N	0	0	8	18.875
A_MP	260	8	N	0	0	8	16.75
A_MP	261	8	N	0	0	7	16.1428571428571
A_MP	262	8	N	0	0	6	14.8333333333333
A_MP	263	8	N	0	0	8	13
A_MP	264	8	N	0	0	7	14.7142857142857
A_MP	265	8	N	0	0	8	17.375
A_MP	266	8	N	0	0	8	18.5
A_MP	267	7	N	1	0	7	20.5714285714286
A_MP	268	7	N	1	0	7	20.1428571428571
A_MP	269	8	N	0	0	8	20.25
A_MP	270	8	N	0	0	7	22.8571428571429
A_MP	271	8	N	0	0	8	23
A_MP	272	8	N	0	0	8	22.25
A_MP	273	8	N	0	0	8	23.875
A_MP	274	8	N	0	0	8	24.875
A_MP	275	8	N	0	0	8	27.375
A_MP	276	8	N	0	0	8	26
A_MP	277	7	N	1	0	7	24.7142857142857
A_MP	278	7	N	1	0	7	23.4285714285714
A_MP	279	7	N	1	0	7	22.7142857142857
A_MP	280	7	N	1	0	7	21.2857142857143
A_MP	281	8	N	0	0	8	22.625
A_MP	282	8	N	0	0	6	23.3333333333333
A_MP	283	8	N	0	0	8	21.25
A_MP	284	8	N	0	0	7	19.2857142857143
A_MP	285	8	N	0	0	8	20.875
A_MP	286	8	N	0	0	8	30.625
A_MP	287	8	N	0	0	8	20.75
A_MP	288	8	N	0	0	8	19.625
A_MP	289	8	N	0	0	8	19.5
A_MP	290	8	N	0	0	8	19.875
A_MP	291	8	N	0	0	8	20.625
A_MP	292	8	N	0	0	8	16.125
A_MP	293	8	N	0	0	7	13.1428571428571
A_MP	294	8	N	0	0	8	15.625
A_MP	295	8	N	0	0	8	17.125
A_MP	296	8	N	0	0	8	15.5
A_MP	297	8	N	0	0	7	15.7142857142857
A_MP	298	8	N	0	0	8	18.75
A_MP	299	8	N	0	0	8	18.125
A_MP	300	8	N	0	0	7	16.4285714285714
A_MP	301	6	N	2	0	6	17.8333333333333
A_MP	302	7	N	1	0	6	15.5
A_MP	303	8	N	0	0	8	15.125
A_MP	304	8	N	0	0	8	14.5
A_MP	305	8	N	0	0	8	17
A_MP	306	8	N	0	0	8	22.375
A_MP	307	8	N	0	0	8	21.375
A_MP	308	8	N	0	0	8	23.375
A_MP	309	8	N	0	0	7	23.7142857142857
A_MP	310	6	N	2	0	6	23.1666666666667
A_MP	311	7	N	1	0	7	22
A_MP	312	7	N	1	0	5	20.8
A_MP	313	7	N	1	0	7	17.8571428571429
A_MP	314	6	N	2	0	6	19.3333333333333
A_MP	315	7	N	1	0	6	21
A_MP	316	7	N	1	0	7	31.7142857142857
A_MP	317	8	N	0	0	8	20.75
A_MP	318	8	N	0	0	7	21.2857142857143
A_MP	319	8	N	0	0	8	20.75
A_MP	320	8	N	0	0	8	21.75
A_MP	321	8	N	0	0	8	25.375
A_MP	322	8	N	0	0	8	25.875
A_MP	323	8	N	0	0	8	22.75
A_MP	324	8	N	0	0	8	21.375
A_MP	325	8	N	0	0	8	20.625
A_MP	326	8	N	0	0	8	20.625
A_MP	327	7	N	1	0	7	24.8571428571429
A_MP	328	8	N	0	0	8	21.125
A_MP	329	8	N	0	0	8	19.625
A_MP	330	8	N	0	0	8	21.25
A_MP	331	8	N	0	0	8	21.375
A_MP	332	8	N	0	0	8	20.75
A_MP	333	8	N	0	0	8	20.625
A_MP	334	8	N	0	0	8	22.5
A_MP	335	8	N	0	0	8	22.25
A_MP	336	8	N	0	0	8	21.5
A_MP	337	6	N	2	0	6	22
A_MP	338	8	N	0	0	8	20.5
A_MP	339	8	N	0	0	8	19.375
A_MP	340	7	N	1	0	7	20.2857142857143
A_MP	341	8	N	0	0	8	20
A_MP	342	8	N	0	0	8	18.5
A_MP	343	8	N	0	0	6	22.1666666666667
A_MP	344	8	N	0	0	8	20.25
A_MP	345	8	N	0	0	6	22.5
A_MP	346	8	N	0	0	7	18.8571428571429
A_MP	347	8	N	0	0	8	18.25
A_MP	348	8	N	0	0	7	17.4285714285714
A_MP	349	8	N	0	0	8	18.625
A_MP	350	8	N	0	0	8	21.625
A_MP	351	8	N	0	0	7	20.5714285714286
A_MP	352	8	N	0	0	8	22
A_MP	353	8	N	0	0	8	17.125
A_MP	354	8	N	0	0	7	22
A_MP	355	8	N	0	0	8	21.25
A_MP	356	8	N	0	0	8	20.625
A_MP	357	8	N	0	0	8	24.875
A_MP	358	8	N	0	0	8	25.125
A_MP	359	8	N	0	0	8	25.75
A_MP	360	8	N	0	0	7	26.8571428571429
A_MP	361	8	N	0	0	7	24.4285714285714
A_MP	362	8	N	0	0	8	23.375
A_MP	363	7	N	1	0	7	26.1428571428571
A_MP	364	8	N	0	0	7	26.8571428571429
A_MP	365	8	N	0	0	7	23.7142857142857
A_MP	366	8	N	0	0	8	22.25
A_MP	367	8	N	0	0	8	21.75
A_MP	368	8	N	0	0	8	20.875
A_MP	369	8	N	0	0	8	19
A_MP	370	8	N	0	0	8	19.125
A_MP	371	8	N	0	0	8	18.75
A_MP	372	8	N	0	0	8	19.5
A_MP	373	8	N	0	0	6	27.5
A_MP	374	8	N	0	0	8	21.625
A_MP	375	6	N	2	0	4	23.75
A_MP	376	7	N	1	0	6	17
A_MP	377	8	N	0	0	8	18.875
A_MP	378	7	N	1	0	7	21.7142857142857
A_MP	379	8	N	0	0	8	20.5
A_MP	380	8	N	0	0	8	18.25
A_MP	381	8	N	0	0	8	18.375
A_MP	382	8	N	0	0	8	15.75
A_MP	383	8	N	0	0	8	17.625
A_MP	384	8	N	0	0	7	17.4285714285714
A_MP	385	8	N	0	0	6	18.8333333333333
A_MP	386	8	N	0	0	8	14.875
A_MP	387	8	N	0	0	7	16.7142857142857
A_MP	388	8	N	0	0	8	14.625
A_MP	389	8	N	0	0	8	14.625
A_MP	390	8	N	0	0	8	16.625
A_MP	391	7	N	1	0	7	18.1428571428571
A_MP	392	8	N	0	0	7	18.5714285714286
A_MP	393	8	N	0	0	7	17.8571428571429
A_MP	394	8	N	0	0	6	20.1666666666667
A_MP	395	8	N	0	0	7	19
A_MP	396	8	N	0	0	8	17.125
A_MP	397	8	N	0	0	8	17.625
A_MP	398	8	N	0	0	8	20.125
A_MP	399	8	N	0	0	7	21.4285714285714
A_MP	400	8	N	0	0	8	20.875
A_MP	401	8	N	0	0	8	20.25
A_MP	402	8	N	0	0	8	19.125
A_MP	403	8	N	0	0	8	18.875
A_MP	404	8	N	0	0	8	20.875
A_MP	405	8	N	0	0	8	18
A_MP	406	8	N	0	0	8	17.375
A_MP	407	8	N	0	0	8	14.5
A_MP	408	8	N	0	0	7	14.7142857142857
A_MP	409	8	N	0	0	7	20.8571428571429
A_MP	410	8	N	0	0	8	24
A_MP	411	8	N	0	0	7	21.7142857142857
A_MP	412	8	N	0	0	8	20.25
A_MP	413	8	N	0	0	8	20.25
A_MP	414	8	N	0	0	6	20.8333333333333
A_MP	415	8	N	0	0	8	23.125
A_MP	416	8	N	0	0	7	24
A_MP	417	8	N	0	0	8	22.625
A_MP	418	8	N	0	0	8	15.875
A_MP	419	8	N	0	0	8	15
A_MP	420	8	N	0	0	7	14.7142857142857
A_MP	421	8	N	0	0	8	13.875
A_MP	422	8	N	0	0	8	14.125
A_MP	423	8	N	0	0	8	15.375
A_MP	424	8	N	0	0	8	16.375
A_MP	425	8	N	0	0	7	18.1428571428571
A_MP	426	8	N	0	0	7	15.8571428571429
A_MP	427	8	N	0	0	8	14.5
A_MP	428	8	N	0	0	7	19.7142857142857
A_MP	429	8	N	0	0	7	18.1428571428571
A_MP	430	8	N	0	0	8	20.5
A_MP	431	8	N	0	0	8	23.875
A_MP	432	7	N	1	0	6	20.6666666666667
A_MP	433	8	N	0	0	7	21.2857142857143
A_MP	434	8	N	0	0	8	18.75
A_MP	435	8	N	0	0	7	19
A_MP	436	8	N	0	0	8	20.125
A_MP	437	8	N	0	0	8	21.875
A_MP	438	7	N	1	0	5	19.2
A_MP	439	8	N	0	0	8	16
A_MP	440	7	N	1	0	6	17.6666666666667
A_MP	441	7	N	1	0	7	15.7142857142857
A_MP	442	8	N	0	0	8	19.875
A_MP	443	8	N	0	0	7	20.7142857142857
A_MP	444	8	N	0	0	7	23.8571428571429
A_MP	445	8	N	0	0	8	21.5
A_MP	446	8	N	0	0	8	18.25
A_MP	447	8	N	0	0	7	17.8571428571429
A_MP	448	8	N	0	0	8	20.125
A_MP	449	8	N	0	0	8	22.5
A_MP	450	8	N	0	0	7	22.2857142857143
A_MP	451	8	N	0	0	8	23
A_MP	452	7	N	1	0	7	19.2857142857143
A_MP	453	8	N	0	0	6	21.8333333333333
A_MP	454	8	N	0	0	8	18.75
A_MP	455	8	N	0	0	8	17.875
A_MP	456	8	N	0	0	7	18.4285714285714
A_MP	457	8	N	0	0	8	20
A_MP	458	8	N	0	0	8	19
A_MP	459	8	N	0	0	8	18.5
A_MP	460	8	N	0	0	8	19
A_MP	461	8	N	0	0	8	17.625
A_MP	462	8	N	0	0	8	17.5
A_MP	463	8	N	0	0	8	19
A_MP	464	7	N	1	0	7	22.1428571428571
A_MP	465	8	N	0	0	8	24.25
A_MP	466	8	N	0	0	8	24.5
A_MP	467	8	N	0	0	8	24.125
A_MP	468	8	N	0	0	8	24.875
A_MP	469	8	N	0	0	8	25.875
A_MP	470	8	N	0	0	8	23.625
A_MP	471	8	N	0	0	7	21.4285714285714
A_MP	472	8	N	0	0	8	19
A_MP	473	8	N	0	0	8	17.75
A_MP	474	8	N	0	0	8	19.5
A_MP	475	8	N	0	0	8	18.25
A_MP	476	8	N	0	0	8	20.75
A_MP	477	8	N	0	0	7	24.2857142857143
A_MP	478	8	N	0	0	7	27.8571428571429
A_MP	479	8	N	0	0	8	20
A_MP	480	8	N	0	0	8	19.625
A_MP	481	8	N	0	0	8	18.25
A_MP	482	8	N	0	0	7	17.8571428571429
A_MP	483	8	N	0	0	7	21.4285714285714
A_MP	484	8	N	0	0	8	21.25
A_MP	485	6	N	2	0	6	18.6666666666667
A_MP	486	8	N	0	0	5	18.6
A_MP	487	8	N	0	0	8	13.625
A_MP	488	8	N	0	0	8	13.25
A_MP	489	8	N	0	0	7	15.1428571428571
A_MP	490	8	N	0	0	8	19
A_MP	491	8	N	0	0	8	19
A_MP	492	8	N	0	0	7	19
A_MP	493	8	N	0	0	8	24.125
A_MP	494	8	N	0	0	8	25.375
A_MP	495	8	N	0	0	8	25.125
A_MP	496	8	N	0	0	8	22.875
A_MP	497	8	N	0	0	8	22.875
A_MP	498	8	N	0	0	8	22.625
A_MP	499	7	N	1	0	7	22.2857142857143
A_MP	500	7	N	1	0	7	22.7142857142857
A_MP	501	8	N	0	0	8	20.25
A_MP	502	8	N	0	0	8	21.125
A_MP	503	7	N	1	0	7	22.1428571428571
A_MP	504	7	N	1	0	6	34
A_MP	505	8	N	0	0	8	20.25
A_MP	506	8	N	0	0	8	21
A_MP	507	8	N	0	0	7	21.2857142857143
A_MP	508	8	N	0	0	8	24
A_MP	509	8	N	0	0	8	25.375
A_MP	510	8	N	0	0	8	25
A_MP	511	8	N	0	0	8	24.25
A_MP	512	8	N	0	0	8	24
A_MP	513	8	N	0	0	8	24
A_MP	514	8	N	0	0	7	21.5714285714286
A_MP	515	8	N	0	0	8	21.25
A_MP	516	8	N	0	0	8	23.5
A_MP	517	8	N	0	0	8	28
A_MP	518	8	N	0	0	8	27.25
A_MP	519	8	N	0	0	7	28.1428571428571
A_MP	520	8	N	0	0	8	25.5
A_MP	521	8	N	0	0	7	22.7142857142857
A_MP	522	8	N	0	0	7	24.1428571428571
A_MP	523	8	N	0	0	7	23.2857142857143
A_MP	524	8	N	0	0	8	24.875
A_MP	525	8	N	0	0	8	24
A_MP	526	8	N	0	0	8	23.625
A_MP	527	8	N	0	0	8	23.625
A_MP	528	8	N	0	0	7	22.7142857142857
A_MP	529	8	N	0	0	8	21.625
A_MP	530	8	N	0	0	8	28.25
A_MP	531	8	N	0	0	8	19.875
A_MP	532	7	N	1	0	7	22
A_MP	533	8	N	0	0	8	19.125
A_MP	534	8	N	0	0	8	17.875
A_MP	535	8	N	0	0	8	18.25
A_MP	536	8	N	0	0	8	21.125
A_MP	537	8	N	0	0	8	21.75
A_MP	538	8	N	0	0	8	18.625
A_MP	539	8	N	0	0	8	18.5
A_MP	540	8	N	0	0	7	19.2857142857143
A_MP	541	8	N	0	0	7	19.5714285714286
A_MP	542	8	N	0	0	8	25.625
A_MP	543	8	N	0	0	7	23.4285714285714
A_MP	544	8	N	0	0	8	24.125
A_MP	545	8	N	0	0	8	21
A_MP	546	8	N	0	0	6	21.5
A_MP	547	8	N	0	0	8	20.875
A_MP	548	8	N	0	0	8	20.875
A_MP	549	8	N	0	0	8	22.125
A_MP	550	8	N	0	0	7	25.7142857142857
A_MP	551	8	N	0	0	8	23.25
A_MP	552	7	N	1	0	6	21.5
A_MP	553	8	N	0	0	8	19.625
A_MP	554	8	N	0	0	8	18.75
A_MP	555	8	N	0	0	6	18.1666666666667
A_MP	556	8	N	0	0	8	18
A_MP	557	7	N	1	0	7	20.2857142857143
A_MP	558	7	N	1	0	6	20
A_MP	559	7	N	1	0	7	21.8571428571429
A_MP	560	8	N	0	0	8	14.625
A_MP	561	7	N	1	0	6	18.8333333333333
A_MP	562	8	N	0	0	8	15.375
A_MP	563	8	N	0	0	8	15.5
A_MP	564	8	N	0	0	7	17.8571428571429
A_MP	565	7	N	1	0	7	29.5714285714286
A_MP	566	7	N	1	0	7	22.4285714285714
A_MP	567	7	N	1	0	7	22.1428571428571
A_MP	568	8	N	0	0	8	20.25
A_MP	569	8	N	0	0	8	20.875
A_MP	570	8	N	0	0	8	22.25
A_MP	571	8	N	0	0	8	21.25
A_MP	572	7	N	1	0	7	19.2857142857143
A_MP	573	8	N	0	0	7	18.2857142857143
A_MP	574	8	N	0	0	8	16.75
A_MP	575	8	N	0	0	8	17.625
A_MP	576	8	N	0	0	8	17.875
A_MP	577	8	N	0	0	8	18.375
A_MP	578	8	N	0	0	8	20.375
A_MP	579	8	N	0	0	8	19.5
A_MP	580	8	N	0	0	8	20.125
A_MP	581	8	N	0	0	8	20.375
A_MP	582	8	N	0	0	7	22.4285714285714
A_MP	583	8	N	0	0	8	22.25
A_MP	584	8	N	0	0	8	21.375
A_MP	585	6	N	2	0	4	20.75
A_MP	586	7	N	1	0	6	14.5
A_MP	587	7	N	1	0	7	12.5714285714286
A_MP	588	6	N	2	0	6	9.83333333333333
A_MP	589	8	N	0	0	8	16.5
A_MP	590	8	N	0	0	8	17
A_MP	591	8	N	0	0	7	19.2857142857143
A_MP	592	8	N	0	0	8	21.625
A_MP	593	8	N	0	0	8	19.125
A_MP	594	8	N	0	0	8	17.125
A_MP	595	8	N	0	0	8	17.875
A_MP	596	8	N	0	0	8	16.875
A_MP	597	8	N	0	0	8	27.375
A_MP	598	8	N	0	0	8	17.875
A_MP	599	8	N	0	0	8	18.375
A_MP	600	8	N	0	0	8	18.625
A_MP	601	8	N	0	0	8	17.5
A_MP	602	8	N	0	0	7	18
A_MP	603	8	N	0	0	8	18.5
A_MP	604	8	N	0	0	8	19.625
A_MP	605	6	N	2	0	6	21.6666666666667
A_MP	606	8	N	0	0	7	23.2857142857143
A_MP	607	8	N	0	0	8	20
A_MP	608	8	N	0	0	8	22.5
A_MP	609	8	N	0	0	8	22.625
A_MP	610	8	N	0	0	8	21.875
A_MP	611	8	N	0	0	8	20.625
A_MP	612	8	N	0	0	8	19.875
A_MP	613	8	N	0	0	7	21.8571428571429
A_MP	614	8	N	0	0	8	18.25
A_MP	615	8	N	0	0	8	19.5
A_MP	616	8	N	0	0	7	23.2857142857143
A_MP	617	8	N	0	0	7	23.2857142857143
A_MP	618	8	N	0	0	7	20.5714285714286
A_MP	619	8	N	0	0	8	19.125
A_MP	620	7	N	1	0	6	23.1666666666667
A_MP	621	7	N	1	0	7	23.7142857142857
A_MP	622	8	N	0	0	7	22.7142857142857
A_MP	623	8	N	0	0	8	23.25
A_MP	624	8	N	0	0	8	21.125
A_MP	625	8	N	0	0	7	23.2857142857143
A_MP	626	8	N	0	0	8	25
A_MP	627	8	N	0	0	7	24.1428571428571
A_MP	628	8	N	0	0	8	22.5
A_MP	629	8	N	0	0	7	23.2857142857143
A_MP	630	8	N	0	0	8	20
A_MP	631	8	N	0	0	8	20.375
A_MP	632	8	N	0	0	7	20.8571428571429
A_MP	633	8	N	0	0	7	21.4285714285714
A_MP	634	8	N	0	0	8	20.5
A_MP	635	8	N	0	0	7	23.2857142857143
A_MP	636	8	N	0	0	7	25.5714285714286
A_MP	637	8	N	0	0	8	24.125
A_MP	638	8	N	0	0	8	21.25
A_MP	639	8	N	0	0	6	23
A_MP	640	8	N	0	0	8	22
A_MP	641	8	N	0	0	8	19.375
A_MP	642	8	N	0	0	7	17.8571428571429
A_MP	643	7	N	1	0	7	22
A_MP	644	7	N	1	0	7	21.5714285714286
A_MP	645	8	N	0	0	8	17.75
A_MP	646	8	N	0	0	8	17.125
A_MP	647	8	N	0	0	8	17.375
A_MP	648	8	N	0	0	8	14.875
A_MP	649	8	N	0	0	8	15.625
A_MP	650	8	N	0	0	8	15.625
A_MP	651	8	N	0	0	8	18.375
A_MP	652	8	N	0	0	6	20.3333333333333
A_MP	653	8	N	0	0	8	20.625
A_MP	654	8	N	0	0	7	22.7142857142857
A_MP	655	8	N	0	0	7	23.1428571428571
A_MP	656	8	N	0	0	7	22.5714285714286
A_MP	657	8	N	0	0	8	19.75
A_MP	658	8	N	0	0	8	19.625
A_MP	659	8	N	0	0	8	18.75
A_MP	660	8	N	0	0	7	22
A_MP	661	8	N	0	0	8	22.5
A_MP	662	8	N	0	0	8	22.375
A_MP	663	8	N	0	0	8	24.375
A_MP	664	8	N	0	0	8	26.75
A_MP	665	8	N	0	0	8	22.25
A_MP	666	8	N	0	0	8	22.25
A_MP	667	7	N	1	0	7	24.2857142857143
A_MP	668	8	N	0	0	8	13.625
A_MP	669	8	N	0	0	8	12
A_MP	670	8	N	0	0	7	15
A_MP	671	8	N	0	0	8	13.75
A_MP	672	7	N	1	0	7	16
A_MP	673	8	N	0	0	8	15.875
A_MP	674	8	N	0	0	7	23.7142857142857
A_MP	675	8	N	0	0	8	20.5
A_MP	676	8	N	0	0	7	19
A_MP	677	8	N	0	0	8	19.625
A_MP	678	8	N	0	0	7	23
A_MP	679	8	N	0	0	7	23.7142857142857
A_MP	680	8	N	0	0	8	25.125
A_MP	681	8	N	0	0	8	24.5
A_MP	682	8	N	0	0	8	23.125
A_MP	683	8	N	0	0	8	22.875
A_MP	684	8	N	0	0	8	22.875
A_MP	685	8	N	0	0	8	22.5
A_MP	686	8	N	0	0	8	20.75
A_MP	687	8	N	0	0	8	20.875
A_MP	688	8	N	0	0	8	17
A_MP	689	8	N	0	0	8	15.375
A_MP	690	8	N	0	0	8	19.375
A_MP	691	8	N	0	0	8	38.5
A_MP	692	8	N	0	0	8	47.75
A_MP	693	8	N	0	0	8	26.875
A_MP	694	8	N	0	0	8	26.75
A_MP	695	8	N	0	0	8	27.625
A_MP	696	8	N	0	0	7	27.1428571428571
A_MP	697	8	N	0	0	8	24.875
A_MP	698	8	N	0	0	8	21.125
A_MP	699	8	N	0	0	8	21.75
A_MP	700	8	N	0	0	8	22.875
A_MP	701	7	N	1	0	7	22.1428571428571
A_MP	702	8	N	0	0	8	24.125
A_MP	703	8	N	0	0	8	25.625
A_MP	704	7	N	1	0	7	30.1428571428571
A_MP	705	8	N	0	0	8	23.625
A_MP	706	8	N	0	0	8	26.375
A_MP	707	8	N	0	0	8	33.375
A_MP	708	8	N	0	0	8	24
A_MP	709	8	N	0	0	8	25.5
A_MP	710	8	N	0	0	8	25.75
A_MP	711	8	N	0	0	6	22.6666666666667
A_MP	712	8	N	0	0	8	21.25
A_MP	713	8	N	0	0	8	14
A_MP	714	8	N	0	0	8	13.625
A_MP	715	8	N	0	0	7	12.4285714285714
A_MP	716	7	N	1	0	7	14.5714285714286
A_MP	717	8	N	0	0	8	16.625
A_MP	718	8	N	0	0	8	19.625
A_MP	719	8	N	0	0	8	20.125
A_MP	720	7	N	1	0	6	18.8333333333333
A_MP	721	8	N	0	0	8	20.75
A_MP	722	7	N	1	0	7	20.2857142857143
A_MP	723	8	N	0	0	8	18.125
A_MP	724	8	N	0	0	8	18
A_MP	725	8	N	0	0	7	16.7142857142857
A_MP	726	8	N	0	0	7	17.8571428571429
A_MP	727	8	N	0	0	8	18.75
A_MP	728	8	N	0	0	8	17.25
A_MP	729	8	N	0	0	8	20
A_MP	730	8	N	0	0	8	20.25
A_MP	731	8	N	0	0	8	22
A_MP	732	7	N	1	0	7	23.1428571428571
A_MP	733	8	N	0	0	8	23.25
A_MP	734	8	N	0	0	7	24
A_MP	735	7	N	1	0	7	22.4285714285714
A_MP	736	8	N	0	0	8	22.25
A_MP	737	8	N	0	0	8	22.125
A_MP	738	7	N	1	0	7	21.4285714285714
A_MP	739	7	N	1	0	7	22.4285714285714
A_MP	740	8	N	0	0	8	25
A_MP	741	8	N	0	0	7	23.1428571428571
A_MP	742	8	N	0	0	8	23.125
A_MP	743	8	N	0	0	7	24.8571428571429
A_MP	744	8	N	0	0	8	25.375
A_MP	745	8	N	0	0	8	25.25
A_MP	746	8	N	0	0	8	20.875
A_MP	747	8	N	0	0	6	22.3333333333333
A_MP	748	8	N	0	0	7	17.7142857142857
A_MP	749	8	N	0	0	8	18
A_MP	750	8	N	0	0	7	20.7142857142857
A_MP	751	8	N	0	0	8	17.625
A_MP	752	8	N	0	0	8	20
A_MP	753	8	N	0	0	8	22.375
A_MP	754	8	N	0	0	8	24.5
A_MP	755	8	N	0	0	8	24.25
A_MP	756	8	N	0	0	7	22.7142857142857
A_MP	757	8	N	0	0	8	24.25
A_MP	758	8	N	0	0	8	22.5
A_MP	759	8	N	0	0	7	19.7142857142857
A_MP	760	7	N	1	0	7	19
A_MP	761	8	N	0	0	7	20.5714285714286
A_MP	762	8	N	0	0	8	20.25
A_MP	763	8	N	0	0	8	22.5
A_MP	764	8	N	0	0	8	22.5
A_MP	765	8	N	0	0	8	23.625
A_MP	766	8	N	0	0	7	22.4285714285714
A_MP	767	8	N	0	0	7	21
A_MP	768	8	N	0	0	8	19.25
A_MP	769	7	N	1	0	6	20
A_MP	770	8	N	0	0	6	19
A_MP	771	8	N	0	0	8	20.125
A_MP	772	8	N	0	0	8	20.25
A_MP	773	8	N	0	0	8	18.75
A_MP	774	8	N	0	0	8	24.25
A_MP	775	8	N	0	0	7	20.7142857142857
A_MP	776	8	N	0	0	8	21
A_MP	777	8	N	0	0	8	20.5
A_MP	778	8	N	0	0	7	19
A_MP	779	8	N	0	0	8	21.125
A_MP	780	8	N	0	0	8	21.125
A_MP	781	7	N	1	0	6	23.3333333333333
A_MP	782	7	N	1	0	7	23.5714285714286
A_MP	783	7	N	1	0	7	25.1428571428571
A_MP	784	8	N	0	0	8	25.625
A_MP	785	6	N	2	0	6	20.6666666666667
A_MP	786	7	N	1	0	4	24.5
A_MP	787	8	N	0	0	8	17.125
A_MP	788	8	N	0	0	8	15.625
A_MP	789	8	N	0	0	8	17
A_MP	790	8	N	0	0	8	20.625
A_MP	791	8	N	0	0	8	22.25
A_MP	792	8	N	0	0	8	25.625
A_MP	793	8	N	0	0	8	25.875
A_MP	794	8	N	0	0	8	24.5
A_MP	795	8	N	0	0	8	23.5
A_MP	796	8	N	0	0	8	23.375
A_MP	797	8	N	0	0	8	24.25
A_MP	798	8	N	0	0	8	19.875
A_MP	799	8	N	0	0	8	19.5
A_MP	800	8	N	0	0	7	18.1428571428571
A_MP	801	8	N	0	0	8	18.375
A_MP	802	8	N	0	0	8	22.875
A_MP	803	8	N	0	0	8	23.875
A_MP	804	8	N	0	0	8	23.25
A_MP	805	8	N	0	0	8	19.625
A_MP	806	7	N	1	0	7	19.5714285714286
A_MP	807	8	N	0	0	8	18.125
A_MP	808	8	N	0	0	8	19.625
A_MP	809	8	N	0	0	8	20.875
A_MP	810	8	N	0	0	8	21.5
A_MP	811	8	N	0	0	8	21.75
A_MP	812	8	N	0	0	8	24
A_MP	813	8	N	0	0	8	23.375
A_MP	814	8	N	0	0	8	22.375
A_MP	815	8	N	0	0	7	20.5714285714286
A_MP	816	8	N	0	0	7	20
A_MP	817	8	N	0	0	8	20.125
A_MP	818	8	N	0	0	8	23.125
A_MP	819	8	N	0	0	8	24.125
A_MP	820	8	N	0	0	8	25.75
A_MP	821	8	N	0	0	8	24.375
A_MP	822	8	N	0	0	8	19
A_MP	823	8	N	0	0	7	20.5714285714286
A_MP	824	8	N	0	0	8	21.625
A_MP	825	4	N	4	0	4	23.5
A_MP	826	6	N	2	0	6	24.8333333333333
A_MP	827	7	N	1	0	7	27
A_MP	828	8	N	0	0	8	33.25
A_MP	829	8	N	0	0	8	29.875
A_MP	830	8	N	0	0	8	27.75
A_MP	831	8	N	0	0	8	32.75
A_MP	832	8	N	0	0	8	26.125
A_MP	833	8	N	0	0	8	21.75
A_MP	834	8	N	0	0	8	22.25
A_MP	835	8	N	0	0	8	20.375
A_MP	836	7	N	1	0	7	21
A_MP	837	7	N	1	0	7	19
A_MP	838	8	N	0	0	8	17.25
A_MP	839	7	N	1	0	6	21.6666666666667
A_MP	840	7	N	1	0	6	22.5
A_MP	841	8	N	0	0	7	19.5714285714286
A_MP	842	8	N	0	0	8	20.5
A_MP	843	8	N	0	0	7	22.5714285714286
A_MP	844	8	N	0	0	8	23.625
A_MP	845	8	N	0	0	8	24.75
A_MP	846	8	N	0	0	8	23.75
A_MP	847	8	N	0	0	8	23.375
A_MP	848	7	N	1	0	7	25.7142857142857
A_MP	849	7	N	1	0	7	21.1428571428571
A_MP	850	8	N	0	0	8	19.625
A_MP	851	8	N	0	0	8	19.25
A_MP	852	8	N	0	0	8	19.875
A_MP	853	8	N	0	0	7	21
A_MP	854	8	N	0	0	8	16.875
A_MP	855	8	N	0	0	8	16.375
A_MP	856	8	N	0	0	8	13.75
A_MP	857	8	N	0	0	7	16.7142857142857
A_MP	858	8	N	0	0	8	15.75
A_MP	859	8	N	0	0	8	15.25
A_MP	860	8	N	0	0	8	12.75
A_MP	861	8	N	0	0	7	12.5714285714286
A_MP	862	7	N	1	0	6	14.8333333333333
A_MP	863	8	N	0	0	8	18.25
A_MP	864	8	N	0	0	8	21.625
A_MP	865	8	N	0	0	7	20.8571428571429
A_MP	866	8	N	0	0	8	22.375
A_MP	867	8	N	0	0	8	22.125
A_MP	868	8	N	0	0	8	21.625
A_MP	869	6	N	2	0	6	17.1666666666667
A_MP	870	6	N	2	0	6	16.5
A_MP	871	7	N	1	0	7	15.5714285714286
A_MP	872	8	N	0	0	8	15.25
A_MP	873	8	N	0	0	8	15.125
A_MP	874	8	N	0	0	7	16.4285714285714
A_MP	875	8	N	0	0	8	17.375
A_MP	876	8	N	0	0	8	18.625
A_MP	877	6	N	2	0	6	21.6666666666667
A_MP	878	8	N	0	0	8	20.75
A_MP	879	8	N	0	0	8	20.625
A_MP	880	8	N	0	0	8	19.5
A_MP	881	8	N	0	0	8	20
A_MP	882	8	N	0	0	8	19.625
A_MP	883	8	N	0	0	7	19.2857142857143
A_MP	884	8	N	0	0	8	17.5
A_MP	885	7	N	1	0	7	20.2857142857143
A_MP	886	8	N	0	0	8	21.125
A_MP	887	8	N	0	0	8	20.125
A_MP	888	8	N	0	0	8	21.75
A_MP	889	8	N	0	0	8	22
A_MP	890	8	N	0	0	8	21.75
A_MP	891	8	N	0	0	8	20.75
A_MP	892	8	N	0	0	7	21.7142857142857
A_MP	893	8	N	0	0	8	33.625
A_MP	894	7	N	1	0	7	26.2857142857143
A_MP	895	7	N	1	0	7	25.1428571428571
A_MP	896	8	N	0	0	7	25.1428571428571
A_MP	897	7	N	1	0	7	22.5714285714286
A_MP	898	8	N	0	0	8	20
A_MP	899	8	N	0	0	7	20.8571428571429
A_MP	900	8	N	0	0	8	20.375
A_MP	901	8	N	0	0	7	20.8571428571429
A_MP	902	8	N	0	0	8	18.5
A_MP	903	8	N	0	0	8	22.25
A_MP	904	8	N	0	0	8	20.25
A_MP	905	8	N	0	0	8	17.125
A_MP	906	7	N	1	0	7	15.7142857142857
A_MP	907	8	N	0	0	8	17.625
A_MP	908	8	N	0	0	8	15.5
A_MP	909	8	N	0	0	8	14.875
A_MP	910	8	N	0	0	8	21.375
A_MP	911	8	N	0	0	8	22.875
A_MP	912	8	N	0	0	8	24
A_MP	913	8	N	0	0	8	23.625
A_MP	914	8	N	0	0	8	24.125
A_MP	915	8	N	0	0	8	25.75
A_MP	916	8	N	0	0	8	24.375
A_MP	917	8	N	0	0	8	25.625
A_MP	918	8	N	0	0	8	23
A_MP	919	8	N	0	0	8	20.625
A_MP	920	8	N	0	0	7	21.2857142857143
A_MP	921	8	N	0	0	8	19.875
A_MP	922	8	N	0	0	7	19.7142857142857
A_MP	923	8	N	0	0	8	19.125
A_MP	924	8	N	0	0	8	19
A_MP	925	7	N	1	0	7	21.4285714285714
A_MP	926	8	N	0	0	8	21
A_MP	927	8	N	0	0	8	20.625
A_MP	928	8	N	0	0	8	20.5
A_MP	929	8	N	0	0	8	21.25
A_MP	930	8	N	0	0	8	16.375
A_MP	931	8	N	0	0	8	16
A_MP	932	7	N	1	0	7	16.4285714285714
A_MP	933	7	N	1	0	7	19.2857142857143
A_MP	934	7	N	1	0	7	20.1428571428571
A_MP	935	7	N	1	0	7	20.1428571428571
A_MP	936	7	N	1	0	6	23
A_MP	937	8	N	0	0	8	22.75
A_MP	938	8	N	0	0	8	23.875
A_MP	939	8	N	0	0	8	23.375
A_MP	940	8	N	0	0	8	24
A_MP	941	8	N	0	0	8	22.375
A_MP	942	8	N	0	0	8	20.75
A_MP	943	8	N	0	0	8	20.625
A_MP	944	8	N	0	0	8	19.625
A_MP	945	8	N	0	0	6	19.8333333333333
A_MP	946	8	N	0	0	8	19.875
A_MP	947	8	N	0	0	8	20
A_MP	948	8	N	0	0	8	21.5
A_MP	949	8	N	0	0	8	20.5
A_MP	950	7	N	0	0	7	21.2857142857143
A_MP	951	7	N	0	0	7	20.8571428571429
A_MP	952	7	N	0	0	7	18.8571428571429
A_MP	953	7	N	0	0	6	15.5
A_MP	954	7	N	0	0	7	12.5714285714286
A_MP	955	7	N	0	0	7	13.1428571428571
A_MP	956	7	N	0	0	7	15.7142857142857
A_MP	957	7	N	0	0	7	16.2857142857143
A_MP	958	6	N	1	0	6	19.6666666666667
A_MP	959	7	N	0	0	7	23.5714285714286
A_MP	960	7	N	0	0	7	24
A_MP	961	7	N	0	0	7	23.2857142857143
A_MP	962	7	N	0	0	7	24.5714285714286
A_MP	963	7	N	0	0	7	23
A_MP	964	7	N	0	0	7	22.1428571428571
A_MP	965	7	N	0	0	7	21.1428571428571
A_MP	966	7	N	0	0	7	21.4285714285714
A_MP	967	7	N	0	0	7	23.5714285714286
A_MP	968	7	N	0	0	7	23.5714285714286
A_MP	969	7	N	0	0	7	22.7142857142857
A_MP	970	7	N	0	0	7	24.5714285714286
A_MP	971	7	N	0	0	7	21.8571428571429
A_MP	972	7	N	0	0	7	21
A_MP	973	7	N	0	0	7	23
A_MP	974	7	N	0	0	7	21.5714285714286
A_MP	975	7	N	0	0	7	21.4285714285714
A_MP	976	7	N	0	0	7	18.2857142857143
A_MP	977	7	N	0	0	7	16.7142857142857
A_MP	978	7	N	0	0	7	15.8571428571429
A_MP	979	7	N	0	0	7	15.4285714285714
A_MP	980	7	N	0	0	7	13.4285714285714
A_MP	981	7	N	0	0	7	13.7142857142857
A_MP	982	7	N	0	0	7	15.7142857142857
